'540',6700,100100,4,'',0,4500,4,'',0,8500,4,'',0,8700,4,'',0,8500,4,'',0,4500,4,'',0,8500,4,'',0,8500,4,'',0,8500,4,'',0,4500,4,'',0,8600,4,'',0,8200,4,'',0
'540',6701,84500,,'',0,8500,,'',0,8500,,'',0,8500,,'',0,4500,,'',0,8500,,'',0,8500,,'',0,8500,,'',0,4500,,'',0,8500,,'',0,8500,,'',0,8500,,'',0
'545',6700,74500,4,'',0,8700,4,'',0,8500,4,'',0,8800,4,'',0,4700,4,'',0,9200,4,'',0,9000,4,'',0,9000,4,'',0,9300,4,'',0,9000,4,'',0,4600,4,'',0,9000,4,'',0,9000,4,'',0,8700,4,'',0,8200,4,'',0
'545',6701,71500,,'',0,8500,,'',0,4500,,'',0,8500,,'',0,9000,,'',0,9000,,'',0,9000,,'',0,5000,,'',0,9000,,'',0,9000,,'',0,9000,,'',0,9000,,'',0,9000,,'',0,4500,,'',0,8500,,'',0
'546',6700,95900,4,'',0,9000,4,'',0,9000,4,'',0,9300,4,'',0,9100,4,'',0,8900,4,'',0,9100,4,'',0,4900,4,'',0,9000,4,'',0,8700,4,'',0,8800,4,'',0
'546',6701,84500,,'',0,8500,,'',0,9000,,'',0,9000,,'',0,9000,,'',0,5000,,'',0,9000,,'',0,9000,,'',0,9000,,'',0,9000,,'',0,9000,,'',0
'548',6700,74500,4,'',0,8700,4,'',0,8500,4,'',0,8800,4,'',0,4700,4,'',0,9200,4,'',0,9000,4,'',0,9000,4,'',0,9300,4,'',0,9000,4,'',0,4600,4,'',0,9000,4,'',0,9000,4,'',0,8700,4,'',0,8200,4,'',0
'548',6701,71500,,'',0,8500,,'',0,4500,,'',0,8500,,'',0,9000,,'',0,9000,,'',0,9000,,'',0,5000,,'',0,9000,,'',0,9000,,'',0,9000,,'',0,9000,,'',0,9000,,'',0,4500,,'',0,8500,,'',0
'549',6700,74500,4,'',0,8700,4,'',0,8500,4,'',0,8800,4,'',0,4700,4,'',0,9200,4,'',0,9000,4,'',0,9000,4,'',0,9300,4,'',0,9000,4,'',0,4600,4,'',0,9000,4,'',0,9000,4,'',0,8700,4,'',0,8200,4,'',0
'549',6701,71500,,'',0,8500,,'',0,4500,,'',0,8500,,'',0,9000,,'',0,9000,,'',0,9000,,'',0,5000,,'',0,9000,,'',0,9000,,'',0,9000,,'',0,9000,,'',0,9000,,'',0,4500,,'',0,8500,,'',0
'550',6700,95900,4,'',0,9000,4,'',0,9000,4,'',0,9300,4,'',0,9100,4,'',0,8900,4,'',0,9100,4,'',0,4900,4,'',0,9000,4,'',0,8700,4,'',0,8800,4,'',0
'550',6701,84500,,'',0,8500,,'',0,9000,,'',0,9000,,'',0,9000,,'',0,5000,,'',0,9000,,'',0,9000,,'',0,9000,,'',0,9000,,'',0,9000,,'',0
'551',6700,74500,4,'',0,8700,4,'',0,8500,4,'',0,8800,4,'',0,4700,4,'',0,9200,4,'',0,9000,4,'',0,9000,4,'',0,9300,4,'',0,9000,4,'',0,4600,4,'',0,9000,4,'',0,9000,4,'',0,8700,4,'',0,8200,4,'',0
'551',6701,71500,,'',0,8500,,'',0,4500,,'',0,8500,,'',0,9000,,'',0,9000,,'',0,9000,,'',0,5000,,'',0,9000,,'',0,9000,,'',0,9000,,'',0,9000,,'',0,9000,,'',0,4500,,'',0,8500,,'',0
'552',6700,74500,4,'',0,8700,4,'',0,8500,4,'',0,8800,4,'',0,4700,4,'',0,9200,4,'',0,9000,4,'',0,9000,4,'',0,9300,4,'',0,9000,4,'',0,4600,4,'',0,9000,4,'',0,9000,4,'',0,8700,4,'',0,8200,4,'',0
'552',6701,71500,,'',0,8500,,'',0,4500,,'',0,8500,,'',0,9000,,'',0,9000,,'',0,9000,,'',0,5000,,'',0,9000,,'',0,9000,,'',0,9000,,'',0,9000,,'',0,9000,,'',0,4500,,'',0,8500,,'',0
'540',7000,81800,4,'',0,3100,4,'',0,7000,4,'',0,3000,4,'',0,7000,4,'',0,3000,4,'',0,6400,4,'',0,2400,4,'',0,6400,4,'',0,2400,4,'',0,2400,4,'',0,6400,4,'',0,2400,4,'',0,6400,4,'',0,2400,4,'',0,2400,4,'',0,6400,4,'',0,2400,4,'',0,6400,4,'',0,2300,4,'',0,2500,4,'',0,7000,4,'',0,3000,4,'',0,7000,4,'',0,3000,4,'',0,7000,4,'',0,3000,4,'',0,8000,4,'',0,8000,4,'',0,4000,4,'',0,8000,4,'',0,7700,4,'',0,9900,4,'',0
'540',7001,72000,,'',0,8000,,'',0,3000,,'',0,7000,,'',0,3000,,'',0,7000,,'',0,3000,,'',0,7000,,'',0,2400,,'',0,2400,,'',0,6400,,'',0,2400,,'',0,6400,,'',0,2400,,'',0,2400,,'',0,6400,,'',0,2400,,'',0,6400,,'',0,2400,,'',0,2400,,'',0,6400,,'',0,2300,,'',0,6500,,'',0,3000,,'',0,7000,,'',0,3000,,'',0,7000,,'',0,3000,,'',0,7000,,'',0,4000,,'',0,8000,,'',0,8000,,'',0,4000,,'',0,8000,,'',0
'541',7000,63600,4,'',0,2000,4,'',0,5700,4,'',0,1500,4,'',0,1500,4,'',0,1600,4,'',0,5700,4,'',0,1600,4,'',0,1500,4,'',0,5800,4,'',0,1900,4,'',0,2100,4,'',0,5900,4,'',0,2000,4,'',0,2100,4,'',0,6000,4,'',0,2000,4,'',0,2000,4,'',0,6000,4,'',0,2100,4,'',0,2100,4,'',0,6000,4,'',0,2000,4,'',0,2100,4,'',0,6100,4,'',0,1700,4,'',0,1600,4,'',0,5800,4,'',0,1800,4,'',0,1500,4,'',0,1500,4,'',0,5600,4,'',0,1400,4,'',0,1500,4,'',0,1500,4,'',0,5500,4,'',0,1500,4,'',0,1400,4,'',0,1500,4,'',0,5500,4,'',0,1500,4,'',0,1300,4,'',0,1500,4,'',0,5500,4,'',0,1500,4,'',0,1500,4,'',0,1500,4,'',0,5500,4,'',0,1900,4,'',0,2000,4,'',0,2000,4,'',0,6000,4,'',0,3000,4,'',0,7000,4,'',0,3000,4,'',0,7000,4,'',0,3000,4,'',0,8000,4,'',0
'541',7001,60000,,'',0,1500,,'',0,1500,,'',0,1500,,'',0,5600,,'',0,1500,,'',0,1400,,'',0,1400,,'',0,1300,,'',0,5500,,'',0,1700,,'',0,1700,,'',0,5500,,'',0,1800,,'',0,1900,,'',0,2000,,'',0,5900,,'',0,2000,,'',0,2100,,'',0,6000,,'',0,2000,,'',0,2000,,'',0,6100,,'',0,2100,,'',0,6100,,'',0,2000,,'',0,2100,,'',0,6000,,'',0,2100,,'',0,1900,,'',0,5900,,'',0,1600,,'',0,1800,,'',0,1500,,'',0,5500,,'',0,1600,,'',0,1400,,'',0,1500,,'',0,5500,,'',0,1500,,'',0,1500,,'',0,1600,,'',0,5700,,'',0,1800,,'',0,1800,,'',0,5600,,'',0,2000,,'',0,2200,,'',0,6400,,'',0,2400,,'',0,7000,,'',0,3000,,'',0,7000,,'',0,3000,,'',0,7000,,'',0,3000,,'',0,7000,,'',0
'542',7000,63600,4,'',0,2000,4,'',0,5700,4,'',0,1500,4,'',0,1500,4,'',0,1600,4,'',0,5700,4,'',0,1600,4,'',0,1500,4,'',0,5800,4,'',0,1900,4,'',0,2100,4,'',0,5900,4,'',0,2000,4,'',0,2100,4,'',0,6000,4,'',0,2000,4,'',0,2000,4,'',0,6000,4,'',0,2100,4,'',0,2100,4,'',0,6000,4,'',0,2000,4,'',0,2100,4,'',0,6100,4,'',0,1700,4,'',0,1600,4,'',0,5800,4,'',0,1800,4,'',0,1500,4,'',0,1500,4,'',0,5600,4,'',0,1400,4,'',0,1500,4,'',0,1500,4,'',0,5500,4,'',0,1500,4,'',0,1400,4,'',0,1500,4,'',0,5500,4,'',0,1500,4,'',0,1300,4,'',0,1500,4,'',0,5500,4,'',0,1500,4,'',0,1500,4,'',0,1500,4,'',0,5500,4,'',0,1900,4,'',0,2000,4,'',0,2000,4,'',0,6000,4,'',0,3000,4,'',0,7000,4,'',0,3000,4,'',0,7000,4,'',0,3000,4,'',0,8000,4,'',0
'542',7001,60000,,'',0,1500,,'',0,1500,,'',0,1500,,'',0,5600,,'',0,1500,,'',0,1400,,'',0,1400,,'',0,1300,,'',0,5500,,'',0,1700,,'',0,1700,,'',0,5500,,'',0,1800,,'',0,1900,,'',0,2000,,'',0,5900,,'',0,2000,,'',0,2100,,'',0,6000,,'',0,2000,,'',0,2000,,'',0,6100,,'',0,2100,,'',0,6100,,'',0,2000,,'',0,2100,,'',0,6000,,'',0,2100,,'',0,1900,,'',0,5900,,'',0,1600,,'',0,1800,,'',0,1500,,'',0,5500,,'',0,1600,,'',0,1400,,'',0,1500,,'',0,5500,,'',0,1500,,'',0,1500,,'',0,1600,,'',0,5700,,'',0,1800,,'',0,1800,,'',0,5600,,'',0,2000,,'',0,2200,,'',0,6400,,'',0,2400,,'',0,7000,,'',0,3000,,'',0,7000,,'',0,3000,,'',0,7000,,'',0,3000,,'',0,7000,,'',0
'543',7000,63600,4,'',0,2000,4,'',0,5700,4,'',0,1500,4,'',0,1500,4,'',0,1600,4,'',0,5700,4,'',0,1600,4,'',0,1500,4,'',0,5800,4,'',0,1900,4,'',0,2100,4,'',0,5900,4,'',0,2000,4,'',0,2100,4,'',0,6000,4,'',0,2000,4,'',0,2000,4,'',0,6000,4,'',0,2100,4,'',0,2100,4,'',0,6000,4,'',0,2000,4,'',0,2100,4,'',0,6100,4,'',0,1700,4,'',0,1600,4,'',0,5800,4,'',0,1800,4,'',0,1500,4,'',0,1500,4,'',0,5600,4,'',0,1400,4,'',0,1500,4,'',0,1500,4,'',0,5500,4,'',0,1500,4,'',0,1400,4,'',0,1500,4,'',0,5500,4,'',0,1500,4,'',0,1300,4,'',0,1500,4,'',0,5500,4,'',0,1500,4,'',0,1500,4,'',0,1500,4,'',0,5500,4,'',0,1900,4,'',0,2000,4,'',0,2000,4,'',0,6000,4,'',0,3000,4,'',0,7000,4,'',0,3000,4,'',0,7000,4,'',0,3000,4,'',0,8000,4,'',0
'543',7001,60000,,'',0,1500,,'',0,1500,,'',0,1500,,'',0,5600,,'',0,1500,,'',0,1400,,'',0,1400,,'',0,1300,,'',0,5500,,'',0,1700,,'',0,1700,,'',0,5500,,'',0,1800,,'',0,1900,,'',0,2000,,'',0,5900,,'',0,2000,,'',0,2100,,'',0,6000,,'',0,2000,,'',0,2000,,'',0,6100,,'',0,2100,,'',0,6100,,'',0,2000,,'',0,2100,,'',0,6000,,'',0,2100,,'',0,1900,,'',0,5900,,'',0,1600,,'',0,1800,,'',0,1500,,'',0,5500,,'',0,1600,,'',0,1400,,'',0,1500,,'',0,5500,,'',0,1500,,'',0,1500,,'',0,1600,,'',0,5700,,'',0,1800,,'',0,1800,,'',0,5600,,'',0,2000,,'',0,2200,,'',0,6400,,'',0,2400,,'',0,7000,,'',0,3000,,'',0,7000,,'',0,3000,,'',0,7000,,'',0,3000,,'',0,7000,,'',0
'544',7000,63600,4,'',0,2000,4,'',0,5700,4,'',0,1500,4,'',0,1500,4,'',0,1600,4,'',0,5700,4,'',0,1600,4,'',0,1500,4,'',0,5800,4,'',0,1900,4,'',0,2100,4,'',0,5900,4,'',0,2000,4,'',0,2100,4,'',0,6000,4,'',0,2000,4,'',0,2000,4,'',0,6000,4,'',0,2100,4,'',0,2100,4,'',0,6000,4,'',0,2000,4,'',0,2100,4,'',0,6100,4,'',0,1700,4,'',0,1600,4,'',0,5800,4,'',0,1800,4,'',0,1500,4,'',0,1500,4,'',0,5600,4,'',0,1400,4,'',0,1500,4,'',0,1500,4,'',0,5500,4,'',0,1500,4,'',0,1400,4,'',0,1500,4,'',0,5500,4,'',0,1500,4,'',0,1300,4,'',0,1500,4,'',0,5500,4,'',0,1500,4,'',0,1500,4,'',0,1500,4,'',0,5500,4,'',0,1900,4,'',0,2000,4,'',0,2000,4,'',0,6000,4,'',0,3000,4,'',0,7000,4,'',0,3000,4,'',0,7000,4,'',0,3000,4,'',0,8000,4,'',0
'544',7001,60000,,'',0,1500,,'',0,1500,,'',0,1500,,'',0,5600,,'',0,1500,,'',0,1400,,'',0,1400,,'',0,1300,,'',0,5500,,'',0,1700,,'',0,1700,,'',0,5500,,'',0,1800,,'',0,1900,,'',0,2000,,'',0,5900,,'',0,2000,,'',0,2100,,'',0,6000,,'',0,2000,,'',0,2000,,'',0,6100,,'',0,2100,,'',0,6100,,'',0,2000,,'',0,2100,,'',0,6000,,'',0,2100,,'',0,1900,,'',0,5900,,'',0,1600,,'',0,1800,,'',0,1500,,'',0,5500,,'',0,1600,,'',0,1400,,'',0,1500,,'',0,5500,,'',0,1500,,'',0,1500,,'',0,1600,,'',0,5700,,'',0,1800,,'',0,1800,,'',0,5600,,'',0,2000,,'',0,2200,,'',0,6400,,'',0,2400,,'',0,7000,,'',0,3000,,'',0,7000,,'',0,3000,,'',0,7000,,'',0,3000,,'',0,7000,,'',0
'545',7000,72500,4,'',0,3000,4,'',0,7000,4,'',0,3000,4,'',0,7000,4,'',0,2900,4,'',0,5900,4,'',0,2000,4,'',0,2000,4,'',0,5900,4,'',0,2000,4,'',0,2100,4,'',0,6000,4,'',0,2000,4,'',0,2000,4,'',0,6000,4,'',0,2000,4,'',0,2200,4,'',0,6000,4,'',0,2000,4,'',0,2100,4,'',0,6200,4,'',0,2000,4,'',0,2000,4,'',0,6000,4,'',0,2000,4,'',0,2000,4,'',0,6100,4,'',0,2000,4,'',0,2000,4,'',0,6000,4,'',0,2000,4,'',0,2000,4,'',0,6000,4,'',0,3000,4,'',0,7000,4,'',0,3000,4,'',0,7000,4,'',0,3000,4,'',0,7000,4,'',0,3000,4,'',0,7000,4,'',0,2900,4,'',0,8200,4,'',0
'545',7001,70500,,'',0,3000,,'',0,7000,,'',0,3000,,'',0,7000,,'',0,2000,,'',0,2000,,'',0,6100,,'',0,2000,,'',0,2000,,'',0,6000,,'',0,2000,,'',0,2000,,'',0,6000,,'',0,2000,,'',0,2000,,'',0,6000,,'',0,2000,,'',0,2000,,'',0,6200,,'',0,2000,,'',0,2000,,'',0,6100,,'',0,2200,,'',0,2000,,'',0,6000,,'',0,2000,,'',0,2000,,'',0,5900,,'',0,2000,,'',0,2000,,'',0,6000,,'',0,2000,,'',0,2000,,'',0,6000,,'',0,2000,,'',0,7000,,'',0,3000,,'',0,7000,,'',0,3000,,'',0,7000,,'',0,3000,,'',0,7000,,'',0,3000,,'',0,7000,,'',0
'546',7000,81800,4,'',0,3100,4,'',0,7000,4,'',0,3000,4,'',0,7000,4,'',0,3000,4,'',0,6400,4,'',0,2400,4,'',0,6400,4,'',0,2400,4,'',0,2400,4,'',0,6400,4,'',0,2400,4,'',0,6400,4,'',0,2400,4,'',0,2400,4,'',0,6400,4,'',0,2400,4,'',0,6400,4,'',0,2300,4,'',0,2500,4,'',0,7000,4,'',0,3000,4,'',0,7000,4,'',0,3000,4,'',0,7000,4,'',0,3000,4,'',0,8000,4,'',0,8000,4,'',0,4000,4,'',0,8000,4,'',0,7700,4,'',0,9900,4,'',0
'546',7001,72000,,'',0,8000,,'',0,3000,,'',0,7000,,'',0,3000,,'',0,7000,,'',0,3000,,'',0,7000,,'',0,2400,,'',0,2400,,'',0,6400,,'',0,2400,,'',0,6400,,'',0,2400,,'',0,2400,,'',0,6400,,'',0,2400,,'',0,6400,,'',0,2400,,'',0,2400,,'',0,6400,,'',0,2300,,'',0,6500,,'',0,3000,,'',0,7000,,'',0,3000,,'',0,7000,,'',0,3000,,'',0,7000,,'',0,4000,,'',0,8000,,'',0,8000,,'',0,4000,,'',0,8000,,'',0
'547',7000,63600,4,'',0,2000,4,'',0,5700,4,'',0,1500,4,'',0,1500,4,'',0,1600,4,'',0,5700,4,'',0,1600,4,'',0,1500,4,'',0,5800,4,'',0,1900,4,'',0,2100,4,'',0,5900,4,'',0,2000,4,'',0,2100,4,'',0,6000,4,'',0,2000,4,'',0,2000,4,'',0,6000,4,'',0,2100,4,'',0,2100,4,'',0,6000,4,'',0,2000,4,'',0,2100,4,'',0,6100,4,'',0,1700,4,'',0,1600,4,'',0,5800,4,'',0,1800,4,'',0,1500,4,'',0,1500,4,'',0,5600,4,'',0,1400,4,'',0,1500,4,'',0,1500,4,'',0,5500,4,'',0,1500,4,'',0,1400,4,'',0,1500,4,'',0,5500,4,'',0,1500,4,'',0,1300,4,'',0,1500,4,'',0,5500,4,'',0,1500,4,'',0,1500,4,'',0,1500,4,'',0,5500,4,'',0,1900,4,'',0,2000,4,'',0,2000,4,'',0,6000,4,'',0,3000,4,'',0,7000,4,'',0,3000,4,'',0,7000,4,'',0,3000,4,'',0,8000,4,'',0
'547',7001,60000,,'',0,1500,,'',0,1500,,'',0,1500,,'',0,5600,,'',0,1500,,'',0,1400,,'',0,1400,,'',0,1300,,'',0,5500,,'',0,1700,,'',0,1700,,'',0,5500,,'',0,1800,,'',0,1900,,'',0,2000,,'',0,5900,,'',0,2000,,'',0,2100,,'',0,6000,,'',0,2000,,'',0,2000,,'',0,6100,,'',0,2100,,'',0,6100,,'',0,2000,,'',0,2100,,'',0,6000,,'',0,2100,,'',0,1900,,'',0,5900,,'',0,1600,,'',0,1800,,'',0,1500,,'',0,5500,,'',0,1600,,'',0,1400,,'',0,1500,,'',0,5500,,'',0,1500,,'',0,1500,,'',0,1600,,'',0,5700,,'',0,1800,,'',0,1800,,'',0,5600,,'',0,2000,,'',0,2200,,'',0,6400,,'',0,2400,,'',0,7000,,'',0,3000,,'',0,7000,,'',0,3000,,'',0,7000,,'',0,3000,,'',0,7000,,'',0
'548',7000,72500,4,'',0,3000,4,'',0,7000,4,'',0,3000,4,'',0,7000,4,'',0,2900,4,'',0,5900,4,'',0,2000,4,'',0,2000,4,'',0,5900,4,'',0,2000,4,'',0,2100,4,'',0,6000,4,'',0,2000,4,'',0,2000,4,'',0,6000,4,'',0,2000,4,'',0,2200,4,'',0,6000,4,'',0,2000,4,'',0,2100,4,'',0,6200,4,'',0,2000,4,'',0,2000,4,'',0,6000,4,'',0,2000,4,'',0,2000,4,'',0,6100,4,'',0,2000,4,'',0,2000,4,'',0,6000,4,'',0,2000,4,'',0,2000,4,'',0,6000,4,'',0,3000,4,'',0,7000,4,'',0,3000,4,'',0,7000,4,'',0,3000,4,'',0,7000,4,'',0,3000,4,'',0,7000,4,'',0,2900,4,'',0,8200,4,'',0
'548',7001,70500,,'',0,3000,,'',0,7000,,'',0,3000,,'',0,7000,,'',0,2000,,'',0,2000,,'',0,6100,,'',0,2000,,'',0,2000,,'',0,6000,,'',0,2000,,'',0,2000,,'',0,6000,,'',0,2000,,'',0,2000,,'',0,6000,,'',0,2000,,'',0,2000,,'',0,6200,,'',0,2000,,'',0,2000,,'',0,6100,,'',0,2200,,'',0,2000,,'',0,6000,,'',0,2000,,'',0,2000,,'',0,5900,,'',0,2000,,'',0,2000,,'',0,6000,,'',0,2000,,'',0,2000,,'',0,6000,,'',0,2000,,'',0,7000,,'',0,3000,,'',0,7000,,'',0,3000,,'',0,7000,,'',0,3000,,'',0,7000,,'',0,3000,,'',0,7000,,'',0
'549',7000,72500,4,'',0,3000,4,'',0,7000,4,'',0,3000,4,'',0,7000,4,'',0,2900,4,'',0,5900,4,'',0,2000,4,'',0,2000,4,'',0,5900,4,'',0,2000,4,'',0,2100,4,'',0,6000,4,'',0,2000,4,'',0,2000,4,'',0,6000,4,'',0,2000,4,'',0,2200,4,'',0,6000,4,'',0,2000,4,'',0,2100,4,'',0,6200,4,'',0,2000,4,'',0,2000,4,'',0,6000,4,'',0,2000,4,'',0,2000,4,'',0,6100,4,'',0,2000,4,'',0,2000,4,'',0,6000,4,'',0,2000,4,'',0,2000,4,'',0,6000,4,'',0,3000,4,'',0,7000,4,'',0,3000,4,'',0,7000,4,'',0,3000,4,'',0,7000,4,'',0,3000,4,'',0,7000,4,'',0,2900,4,'',0,8200,4,'',0
'549',7001,70500,,'',0,3000,,'',0,7000,,'',0,3000,,'',0,7000,,'',0,2000,,'',0,2000,,'',0,6100,,'',0,2000,,'',0,2000,,'',0,6000,,'',0,2000,,'',0,2000,,'',0,6000,,'',0,2000,,'',0,2000,,'',0,6000,,'',0,2000,,'',0,2000,,'',0,6200,,'',0,2000,,'',0,2000,,'',0,6100,,'',0,2200,,'',0,2000,,'',0,6000,,'',0,2000,,'',0,2000,,'',0,5900,,'',0,2000,,'',0,2000,,'',0,6000,,'',0,2000,,'',0,2000,,'',0,6000,,'',0,2000,,'',0,7000,,'',0,3000,,'',0,7000,,'',0,3000,,'',0,7000,,'',0,3000,,'',0,7000,,'',0,3000,,'',0,7000,,'',0
'550',7000,81800,4,'',0,3100,4,'',0,7000,4,'',0,3000,4,'',0,7000,4,'',0,3000,4,'',0,6400,4,'',0,2400,4,'',0,6400,4,'',0,2400,4,'',0,2400,4,'',0,6400,4,'',0,2400,4,'',0,6400,4,'',0,2400,4,'',0,2400,4,'',0,6400,4,'',0,2400,4,'',0,6400,4,'',0,2300,4,'',0,2500,4,'',0,7000,4,'',0,3000,4,'',0,7000,4,'',0,3000,4,'',0,7000,4,'',0,3000,4,'',0,8000,4,'',0,8000,4,'',0,4000,4,'',0,8000,4,'',0,7700,4,'',0,9900,4,'',0
'550',7001,72000,,'',0,8000,,'',0,3000,,'',0,7000,,'',0,3000,,'',0,7000,,'',0,3000,,'',0,7000,,'',0,2400,,'',0,2400,,'',0,6400,,'',0,2400,,'',0,6400,,'',0,2400,,'',0,2400,,'',0,6400,,'',0,2400,,'',0,6400,,'',0,2400,,'',0,2400,,'',0,6400,,'',0,2300,,'',0,6500,,'',0,3000,,'',0,7000,,'',0,3000,,'',0,7000,,'',0,3000,,'',0,7000,,'',0,4000,,'',0,8000,,'',0,8000,,'',0,4000,,'',0,8000,,'',0
'551',7000,72500,4,'',0,3000,4,'',0,7000,4,'',0,3000,4,'',0,7000,4,'',0,2900,4,'',0,5900,4,'',0,2000,4,'',0,2000,4,'',0,5900,4,'',0,2000,4,'',0,2100,4,'',0,6000,4,'',0,2000,4,'',0,2000,4,'',0,6000,4,'',0,2000,4,'',0,2200,4,'',0,6000,4,'',0,2000,4,'',0,2100,4,'',0,6200,4,'',0,2000,4,'',0,2000,4,'',0,6000,4,'',0,2000,4,'',0,2000,4,'',0,6100,4,'',0,2000,4,'',0,2000,4,'',0,6000,4,'',0,2000,4,'',0,2000,4,'',0,6000,4,'',0,3000,4,'',0,7000,4,'',0,3000,4,'',0,7000,4,'',0,3000,4,'',0,7000,4,'',0,3000,4,'',0,7000,4,'',0,2900,4,'',0,8200,4,'',0
'551',7001,70500,,'',0,3000,,'',0,7000,,'',0,3000,,'',0,7000,,'',0,2000,,'',0,2000,,'',0,6100,,'',0,2000,,'',0,2000,,'',0,6000,,'',0,2000,,'',0,2000,,'',0,6000,,'',0,2000,,'',0,2000,,'',0,6000,,'',0,2000,,'',0,2000,,'',0,6200,,'',0,2000,,'',0,2000,,'',0,6100,,'',0,2200,,'',0,2000,,'',0,6000,,'',0,2000,,'',0,2000,,'',0,5900,,'',0,2000,,'',0,2000,,'',0,6000,,'',0,2000,,'',0,2000,,'',0,6000,,'',0,2000,,'',0,7000,,'',0,3000,,'',0,7000,,'',0,3000,,'',0,7000,,'',0,3000,,'',0,7000,,'',0,3000,,'',0,7000,,'',0
'552',7000,72500,4,'',0,3000,4,'',0,7000,4,'',0,3000,4,'',0,7000,4,'',0,2900,4,'',0,5900,4,'',0,2000,4,'',0,2000,4,'',0,5900,4,'',0,2000,4,'',0,2100,4,'',0,6000,4,'',0,2000,4,'',0,2000,4,'',0,6000,4,'',0,2000,4,'',0,2200,4,'',0,6000,4,'',0,2000,4,'',0,2100,4,'',0,6200,4,'',0,2000,4,'',0,2000,4,'',0,6000,4,'',0,2000,4,'',0,2000,4,'',0,6100,4,'',0,2000,4,'',0,2000,4,'',0,6000,4,'',0,2000,4,'',0,2000,4,'',0,6000,4,'',0,3000,4,'',0,7000,4,'',0,3000,4,'',0,7000,4,'',0,3000,4,'',0,7000,4,'',0,3000,4,'',0,7000,4,'',0,2900,4,'',0,8200,4,'',0
'552',7001,70500,,'',0,3000,,'',0,7000,,'',0,3000,,'',0,7000,,'',0,2000,,'',0,2000,,'',0,6100,,'',0,2000,,'',0,2000,,'',0,6000,,'',0,2000,,'',0,2000,,'',0,6000,,'',0,2000,,'',0,2000,,'',0,6000,,'',0,2000,,'',0,2000,,'',0,6200,,'',0,2000,,'',0,2000,,'',0,6100,,'',0,2200,,'',0,2000,,'',0,6000,,'',0,2000,,'',0,2000,,'',0,5900,,'',0,2000,,'',0,2000,,'',0,6000,,'',0,2000,,'',0,2000,,'',0,6000,,'',0,2000,,'',0,7000,,'',0,3000,,'',0,7000,,'',0,3000,,'',0,7000,,'',0,3000,,'',0,7000,,'',0,3000,,'',0,7000,,'',0
