'535',9200,172400,4,'',0,3000,4,'',0,6300,4,'',0
'535',9201,61800,,'',0,2600,,'',0,6100,,'',0
'536',9200,172400,4,'',0,3000,4,'',0,6300,4,'',0
'536',9201,61800,,'',0,2600,,'',0,6100,,'',0
'534',9501,71100,,'',0,10000,,'',0,4600,,'',0,8300,,'',0,8500,,'',0,8500,,'',0,4500,,'',0,8500,,'',0,8500,,'',0,8500,,'',0,4500,,'',0,8500,,'',0,8500,,'',0,8700,,'',0,4500,,'',0,9200,,'',0,10200,,'',0,10000,,'',0,10000,,'',0,10000,,'',0,10000,,'',0
'535',9501,54300,,'',0,7000,,'',0,1600,,'',0,1700,,'',0,7000,,'',0,3000,,'',0,7000,,'',0,3000,,'',0,7000,,'',0,3100,,'',0,8500,,'',0,8600,,'',0,8500,,'',0,4600,,'',0,8500,,'',0,8100,,'',0,3300,,'',0,7200,,'',0,3900,,'',0,7500,,'',0,7200,,'',0,3000,,'',0,7300,,'',0,3000,,'',0,7200,,'',0,4100,,'',0,10000,,'',0,9900,,'',0,10000,,'',0,10000,,'',0
'536',9501,54300,,'',0,7000,,'',0,1600,,'',0,1700,,'',0,7000,,'',0,3000,,'',0,7000,,'',0,3000,,'',0,7000,,'',0,3100,,'',0,8500,,'',0,8600,,'',0,8500,,'',0,4600,,'',0,8500,,'',0,8100,,'',0,3300,,'',0,7200,,'',0,3900,,'',0,7500,,'',0,7200,,'',0,3000,,'',0,7300,,'',0,3000,,'',0,7200,,'',0,4100,,'',0,10000,,'',0,9900,,'',0,10000,,'',0,10000,,'',0
'537',9501,71100,,'',0,10000,,'',0,4600,,'',0,8300,,'',0,8500,,'',0,8500,,'',0,4500,,'',0,8500,,'',0,8500,,'',0,8500,,'',0,4500,,'',0,8500,,'',0,8500,,'',0,8700,,'',0,4500,,'',0,9200,,'',0,10200,,'',0,10000,,'',0,10000,,'',0,10000,,'',0,10000,,'',0
'538',9501,73300,,'',0,10900,,'',0,10000,,'',0,9800,,'',0,10000,,'',0,10000,,'',0,10000,,'',0,10000,,'',0,10000,,'',0,10000,,'',0,10000,,'',0,10200,,'',0,10500,,'',0,10000,,'',0,10000,,'',0,10000,,'',0
'539',9501,73300,,'',0,10900,,'',0,10000,,'',0,9800,,'',0,10000,,'',0,10000,,'',0,10000,,'',0,10000,,'',0,10000,,'',0,10000,,'',0,10000,,'',0,10200,,'',0,10500,,'',0,10000,,'',0,10000,,'',0,10000,,'',0
'534',9700,72500,,'',0,10600,4,'',0,9400,,'',0,10800,4,'',0,9200,,'',0,10800,4,'',0,9200,,'',0,11000,4,'',0,9000,,'',0,11200,4,'',0,8800,,'',0,10900,4,'',0,9600,,'',0,10900,4,'',0
'535',9700,54500,,'',0,10300,4,'',0,8700,,'',0,11200,4,'',0,5300,,'',0,11000,4,'',0,9000,,'',0,10900,4,'',0,9100,,'',0,11000,4,'',0,9000,,'',0,11400,4,'',0,8800,,'',0,11100,4,'',0,200,4,'',0,10000,,'',0,10800,4,'',0,1700,,'',0,10600,4,'',0
'536',9700,54500,,'',0,10300,4,'',0,8700,,'',0,11200,4,'',0,5300,,'',0,11000,4,'',0,9000,,'',0,10900,4,'',0,9100,,'',0,11000,4,'',0,9000,,'',0,11400,4,'',0,8800,,'',0,11100,4,'',0,200,4,'',0,10000,,'',0,10800,4,'',0,1700,,'',0,10600,4,'',0
'537',9700,72500,,'',0,10600,4,'',0,9400,,'',0,10800,4,'',0,9200,,'',0,10800,4,'',0,9200,,'',0,11000,4,'',0,9000,,'',0,11200,4,'',0,8800,,'',0,10900,4,'',0,9600,,'',0,10900,4,'',0
'538',9700,72500,,'',0,10600,4,'',0,9400,,'',0,10800,4,'',0,9200,,'',0,10800,4,'',0,9200,,'',0,11000,4,'',0,9000,,'',0,11200,4,'',0,8800,,'',0,10900,4,'',0,9600,,'',0,10900,4,'',0
'539',9700,72500,,'',0,10600,4,'',0,9400,,'',0,10800,4,'',0,9200,,'',0,10800,4,'',0,9200,,'',0,11000,4,'',0,9000,,'',0,11200,4,'',0,8800,,'',0,10900,4,'',0,9600,,'',0,10900,4,'',0
'535',9801,60500,,'',0,1500,,'',0,10700,4,'',0,27300,,'',0,10900,4,'',0,9100,,'',0,10900,4,'',0,9100,,'',0,11200,4,'',0,8800,,'',0,11400,4,'',0,8600,,'',0,10900,4,'',0
'536',9801,60500,,'',0,1500,,'',0,10700,4,'',0,27300,,'',0,10900,4,'',0,9100,,'',0,10900,4,'',0,9100,,'',0,11200,4,'',0,8800,,'',0,11400,4,'',0,8600,,'',0,10900,4,'',0
'534',10001,72500,4,'',0,10500,4,'',0,10000,4,'',0,10000,4,'',0,10000,4,'',0,10000,4,'',0,10100,4,'',0,10000,4,'',0,10000,4,'',0,10000,4,'',0,10000,4,'',0,9900,4,'',0,10100,4,'',0,9900,4,'',0,10500,4,'',0,10000,4,'',0
'535',10001,63800,4,'',0,10000,4,'',0,10000,4,'',0,10000,4,'',0,10000,4,'',0,10000,4,'',0,9900,4,'',0,10000,4,'',0,10000,4,'',0,10000,4,'',0,10000,4,'',0,10000,4,'',0,9900,4,'',0,9800,4,'',0,10000,4,'',0,11300,4,'',0,10000,4,'',0
'536',10001,63800,4,'',0,10000,4,'',0,10000,4,'',0,10000,4,'',0,10000,4,'',0,10000,4,'',0,9900,4,'',0,10000,4,'',0,10000,4,'',0,10000,4,'',0,10000,4,'',0,10000,4,'',0,9900,4,'',0,9800,4,'',0,10000,4,'',0,11300,4,'',0,10000,4,'',0
'537',10001,72500,4,'',0,10500,4,'',0,10000,4,'',0,10000,4,'',0,10000,4,'',0,10000,4,'',0,10100,4,'',0,10000,4,'',0,10000,4,'',0,10000,4,'',0,10000,4,'',0,9900,4,'',0,10100,4,'',0,9900,4,'',0,10500,4,'',0,10000,4,'',0
'538',10001,74500,4,'',0,20000,4,'',0,20000,4,'',0,20000,4,'',0,20000,4,'',0,20000,4,'',0,20000,4,'',0,26100,4,'',0
'539',10001,74500,4,'',0,20000,4,'',0,20000,4,'',0,20000,4,'',0,20000,4,'',0,20000,4,'',0,20000,4,'',0,26100,4,'',0
'534',10201,74500,,'',0,7000,4,'',0,13000,,'',0,7200,4,'',0,12800,,'',0,7300,4,'',0,12700,,'',0,7400,4,'',0,12600,,'',0,7400,4,'',0,12600,,'',0,7100,4,'',0,12900,,'',0,7100,4,'',0,12900,,'',0,7100,4,'',0
'535',10201,70000,,'',0,3100,4,'',0,6900,,'',0,3400,4,'',0,8600,,'',0,3200,4,'',0,16800,,'',0,3200,4,'',0,16800,,'',0,3300,4,'',0,16700,,'',0,3500,4,'',0,6700,,'',0,3500,4,'',0,6500,,'',0,3300,4,'',0,8000,,'',0,7100,4,'',0,12900,,'',0,7100,4,'',0
'536',10201,70000,,'',0,3100,4,'',0,6900,,'',0,3400,4,'',0,8600,,'',0,3200,4,'',0,16800,,'',0,3200,4,'',0,16800,,'',0,3300,4,'',0,16700,,'',0,3500,4,'',0,6700,,'',0,3500,4,'',0,6500,,'',0,3300,4,'',0,8000,,'',0,7100,4,'',0,12900,,'',0,7100,4,'',0
'537',10201,74500,,'',0,7000,4,'',0,13000,,'',0,7200,4,'',0,12800,,'',0,7300,4,'',0,12700,,'',0,7400,4,'',0,12600,,'',0,7400,4,'',0,12600,,'',0,7100,4,'',0,12900,,'',0,7100,4,'',0,12900,,'',0,7100,4,'',0
'538',10201,74500,,'',0,7000,4,'',0,13000,,'',0,7200,4,'',0,12800,,'',0,7300,4,'',0,12700,,'',0,7400,4,'',0,12600,,'',0,7400,4,'',0,12600,,'',0,7100,4,'',0,12900,,'',0,7100,4,'',0
'539',10201,74500,,'',0,7000,4,'',0,13000,,'',0,7200,4,'',0,12800,,'',0,7300,4,'',0,12700,,'',0,7400,4,'',0,12600,,'',0,7400,4,'',0,12600,,'',0,7100,4,'',0,12900,,'',0,7100,4,'',0
'534',10300,64500,,'',0,6900,4,'',0,13100,,'',0,7000,4,'',0,13000,,'',0,7200,4,'',0,12800,,'',0,7300,4,'',0,12700,,'',0,7300,4,'',0,12700,,'',0,7200,4,'',0,12800,,'',0,7100,4,'',0,13400,,'',0,7100,4,'',0
'535',10300,64000,,'',0,7100,4,'',0,900,,'',0,3100,4,'',0,8900,,'',0,7300,4,'',0,10700,,'',0,3200,4,'',0,16800,,'',0,3300,4,'',0,16700,,'',0,3500,4,'',0,9700,,'',0,7700,4,'',0,2300,,'',0,7500,4,'',0,2500,,'',0,7300,4,'',0,11000,,'',0,7100,4,'',0,14900,,'',0,7100,4,'',0
'536',10300,64000,,'',0,7100,4,'',0,900,,'',0,3100,4,'',0,8900,,'',0,7300,4,'',0,10700,,'',0,3200,4,'',0,16800,,'',0,3300,4,'',0,16700,,'',0,3500,4,'',0,9700,,'',0,7700,4,'',0,2300,,'',0,7500,4,'',0,2500,,'',0,7300,4,'',0,11000,,'',0,7100,4,'',0,14900,,'',0,7100,4,'',0
'537',10300,64500,,'',0,6900,4,'',0,13100,,'',0,7000,4,'',0,13000,,'',0,7200,4,'',0,12800,,'',0,7300,4,'',0,12700,,'',0,7300,4,'',0,12700,,'',0,7200,4,'',0,12800,,'',0,7100,4,'',0,13400,,'',0,7100,4,'',0
'538',10300,84500,,'',0,7000,4,'',0,13000,,'',0,7200,4,'',0,12800,,'',0,7300,4,'',0,12700,,'',0,7300,4,'',0,12700,,'',0,7100,4,'',0,12900,,'',0,7100,4,'',0,18900,,'',0,3000,4,'',0
'539',10300,84500,,'',0,7000,4,'',0,13000,,'',0,7200,4,'',0,12800,,'',0,7300,4,'',0,12700,,'',0,7300,4,'',0,12700,,'',0,7100,4,'',0,12900,,'',0,7100,4,'',0,18900,,'',0,3000,4,'',0
