'525',9101,70400,,'',0,2800,,'',0,2700,,'',0
'526',9101,70400,,'',0,2800,,'',0,2700,,'',0
'527',9101,70400,,'',0,2800,,'',0,2700,,'',0
'528',9101,70400,,'',0,2800,,'',0,2700,,'',0
'531',9101,70400,,'',0,2800,,'',0,2700,,'',0
'525',9201,70100,,'',0,2900,,'',0,2700,,'',0
'526',9201,70100,,'',0,2900,,'',0,2700,,'',0
'527',9201,70100,,'',0,2900,,'',0,2700,,'',0
'528',9201,70100,,'',0,2900,,'',0,2700,,'',0
'531',9201,70100,,'',0,2900,,'',0,2700,,'',0
'525',9601,73800,,'',0
'526',9601,73800,,'',0
'527',9601,73800,,'',0
'528',9601,73800,,'',0
'531',9601,73800,,'',0
'525',10401,60200,,'',0,2700,,'',0,1900,,'',0,5700,,'',0,1600,,'',0,2500,,'',0,5900,,'',0,1400,,'',0,1600,,'',0,1500,,'',0
'526',10401,60200,,'',0,2700,,'',0,1900,,'',0,5700,,'',0,1600,,'',0,2500,,'',0,5900,,'',0,1400,,'',0,1600,,'',0,1500,,'',0
'527',10401,60200,,'',0,2700,,'',0,1900,,'',0,5700,,'',0,1600,,'',0,2500,,'',0,5900,,'',0,1400,,'',0,1600,,'',0,1500,,'',0
'528',10401,60200,,'',0,2700,,'',0,1900,,'',0,5700,,'',0,1600,,'',0,2500,,'',0,5900,,'',0,1400,,'',0,1600,,'',0,1500,,'',0
'531',10401,60200,,'',0,2700,,'',0,1900,,'',0,5700,,'',0,1600,,'',0,2500,,'',0,5900,,'',0,1400,,'',0,1600,,'',0,1500,,'',0
'525',10701,73200,,'',0,2700,,'',0
'526',10701,73200,,'',0,2700,,'',0
'527',10701,73200,,'',0,2700,,'',0
'528',10701,73200,,'',0,2700,,'',0
'531',10701,73200,,'',0,2700,,'',0
'524',343401,61700,0,'Blink',0,3000,0,'Blink',0,6200,0,'Blink',0,1600,0,'Blink',0,1400,0,'Blink',0,1500,0,'Blink',0,5500,0,'Blink',0,1500,0,'Blink',0,1500,0,'Blink',0,1500,0,'Blink',0,5400,0,'Blink',0,1500,0,'Blink',0,1400,0,'Blink',0,1400,0,'Blink',0,5400,0,'Blink',0,1500,0,'Blink',0,1400,0,'Blink',0,1400,0,'Blink',0,5400,0,'Blink',0,1400,0,'Blink',0,1400,0,'Blink',0,1400,0,'Blink',0,1400,0,'Blink',0,5400,0,'Blink',0,1200,0,'Blink',0,1200,0,'Blink',0,1200,0,'Blink',0,5200,0,'Blink',0,1200,0,'Blink',0,1200,0,'Blink',0,1200,0,'Blink',0,1200,0,'Blink',0,5200,0,'Blink',0,1200,0,'Blink',0,1200,0,'Blink',0,1200,0,'Blink',0,1200,0,'Blink',0,5200,0,'Blink',0,1200,0,'Blink',0,1200,0,'Blink',0,1200,0,'Blink',0,1200,0,'Blink',0,5200,0,'Blink',0,1200,0,'Blink',0,1200,0,'Blink',0,1200,0,'Blink',0,1200,0,'Blink',0,5200,0,'Blink',0,1200,0,'Blink',0,1200,0,'Blink',0,1200,0,'Blink',0,1200,0,'Blink',0,5200,0,'Blink',0,1500,0,'Blink',0,1500,0,'Blink',0,1600,0,'Blink',0,5600,0,'Blink',0,1600,0,'Blink',0,1600,0,'Blink',0,1500,0,'Blink',0,5500,0,'Blink',0,1500,0,'Blink',0,1500,0,'Blink',0,1500,0,'Blink',0,5500,0,'Blink',0,1500,0,'Blink',0,2000,0,'Blink',0,2000,0,'Blink',0,6000,0,'Blink',0,2100,0,'Blink',0,7000,0,'Blink',0,3000,0,'Blink',0,7000,0,'Blink',0,3000,0,'Blink',0
'525',343401,52000,0,'Blink',0,2000,0,'Blink',0,1700,0,'Blink',0,5700,0,'Blink',0,1300,0,'Blink',0,1000,0,'Blink',0,900,0,'Blink',0,900,0,'Blink',0,4800,0,'Blink',0,700,0,'Blink',0,800,0,'Blink',0,800,0,'Blink',0,900,0,'Blink',0,900,0,'Blink',0,900,0,'Blink',0,4800,0,'Blink',0,800,0,'Blink',0,800,0,'Blink',0,800,0,'Blink',0,800,0,'Blink',0,700,0,'Blink',0,800,0,'Blink',0,900,0,'Blink',0,4900,0,'Blink',0,900,0,'Blink',0,900,0,'Blink',0,1000,0,'Blink',0,1000,0,'Blink',0,1000,0,'Blink',0,5200,0,'Blink',0,1200,0,'Blink',0,1200,0,'Blink',0,1200,0,'Blink',0,1200,0,'Blink',0,5200,0,'Blink',0,1200,0,'Blink',0,1200,0,'Blink',0,1200,0,'Blink',0,1200,0,'Blink',0,5200,0,'Blink',0,1200,0,'Blink',0,1200,0,'Blink',0,1200,0,'Blink',0,1200,0,'Blink',0,5200,0,'Blink',0,1200,0,'Blink',0,1200,0,'Blink',0,1200,0,'Blink',0,1100,0,'Blink',0,5100,0,'Blink',0,1000,0,'Blink',0,1000,0,'Blink',0,1000,0,'Blink',0,1000,0,'Blink',0,1100,0,'Blink',0,5000,0,'Blink',0,1000,0,'Blink',0,900,0,'Blink',0,900,0,'Blink',0,900,0,'Blink',0,900,0,'Blink',0,4900,0,'Blink',0,800,0,'Blink',0,900,0,'Blink',0,900,0,'Blink',0,800,0,'Blink',0,900,0,'Blink',0,900,0,'Blink',0,5000,0,'Blink',0,1100,0,'Blink',0,1200,0,'Blink',0,1100,0,'Blink',0,1200,0,'Blink',0,5200,0,'Blink',0,1200,0,'Blink',0,1300,0,'Blink',0,1300,0,'Blink',0,1200,0,'Blink',0,5300,0,'Blink',0,1500,0,'Blink',0,1500,0,'Blink',0,1500,0,'Blink',0,5500,0,'Blink',0,1500,0,'Blink',0,1600,0,'Blink',0,1500,0,'Blink',0,5500,0,'Blink',0,1500,0,'Blink',0,2000,0,'Blink',0,2000,0,'Blink',0,6000,0,'Blink',0,2100,0,'Blink',0,7000,0,'Blink',0,3000,0,'Blink',0,7000,0,'Blink',0,3000,0,'Blink',0
'526',343401,52000,0,'Blink',0,2000,0,'Blink',0,1700,0,'Blink',0,5700,0,'Blink',0,1300,0,'Blink',0,1000,0,'Blink',0,900,0,'Blink',0,900,0,'Blink',0,4800,0,'Blink',0,700,0,'Blink',0,800,0,'Blink',0,800,0,'Blink',0,900,0,'Blink',0,900,0,'Blink',0,900,0,'Blink',0,4800,0,'Blink',0,800,0,'Blink',0,800,0,'Blink',0,800,0,'Blink',0,800,0,'Blink',0,700,0,'Blink',0,800,0,'Blink',0,900,0,'Blink',0,4900,0,'Blink',0,900,0,'Blink',0,900,0,'Blink',0,1000,0,'Blink',0,1000,0,'Blink',0,1000,0,'Blink',0,5200,0,'Blink',0,1200,0,'Blink',0,1200,0,'Blink',0,1200,0,'Blink',0,1200,0,'Blink',0,5200,0,'Blink',0,1200,0,'Blink',0,1200,0,'Blink',0,1200,0,'Blink',0,1200,0,'Blink',0,5200,0,'Blink',0,1200,0,'Blink',0,1200,0,'Blink',0,1200,0,'Blink',0,1200,0,'Blink',0,5200,0,'Blink',0,1200,0,'Blink',0,1200,0,'Blink',0,1200,0,'Blink',0,1100,0,'Blink',0,5100,0,'Blink',0,1000,0,'Blink',0,1000,0,'Blink',0,1000,0,'Blink',0,1000,0,'Blink',0,1100,0,'Blink',0,5000,0,'Blink',0,1000,0,'Blink',0,900,0,'Blink',0,900,0,'Blink',0,900,0,'Blink',0,900,0,'Blink',0,4900,0,'Blink',0,800,0,'Blink',0,900,0,'Blink',0,900,0,'Blink',0,800,0,'Blink',0,900,0,'Blink',0,900,0,'Blink',0,5000,0,'Blink',0,1100,0,'Blink',0,1200,0,'Blink',0,1100,0,'Blink',0,1200,0,'Blink',0,5200,0,'Blink',0,1200,0,'Blink',0,1300,0,'Blink',0,1300,0,'Blink',0,1200,0,'Blink',0,5300,0,'Blink',0,1500,0,'Blink',0,1500,0,'Blink',0,1500,0,'Blink',0,5500,0,'Blink',0,1500,0,'Blink',0,1600,0,'Blink',0,1500,0,'Blink',0,5500,0,'Blink',0,1500,0,'Blink',0,2000,0,'Blink',0,2000,0,'Blink',0,6000,0,'Blink',0,2100,0,'Blink',0,7000,0,'Blink',0,3000,0,'Blink',0,7000,0,'Blink',0,3000,0,'Blink',0
'527',343401,52000,0,'Blink',0,2000,0,'Blink',0,1700,0,'Blink',0,5700,0,'Blink',0,1300,0,'Blink',0,1000,0,'Blink',0,900,0,'Blink',0,900,0,'Blink',0,4800,0,'Blink',0,700,0,'Blink',0,800,0,'Blink',0,800,0,'Blink',0,900,0,'Blink',0,900,0,'Blink',0,900,0,'Blink',0,4800,0,'Blink',0,800,0,'Blink',0,800,0,'Blink',0,800,0,'Blink',0,800,0,'Blink',0,700,0,'Blink',0,800,0,'Blink',0,900,0,'Blink',0,4900,0,'Blink',0,900,0,'Blink',0,900,0,'Blink',0,1000,0,'Blink',0,1000,0,'Blink',0,1000,0,'Blink',0,5200,0,'Blink',0,1200,0,'Blink',0,1200,0,'Blink',0,1200,0,'Blink',0,1200,0,'Blink',0,5200,0,'Blink',0,1200,0,'Blink',0,1200,0,'Blink',0,1200,0,'Blink',0,1200,0,'Blink',0,5200,0,'Blink',0,1200,0,'Blink',0,1200,0,'Blink',0,1200,0,'Blink',0,1200,0,'Blink',0,5200,0,'Blink',0,1200,0,'Blink',0,1200,0,'Blink',0,1200,0,'Blink',0,1100,0,'Blink',0,5100,0,'Blink',0,1000,0,'Blink',0,1000,0,'Blink',0,1000,0,'Blink',0,1000,0,'Blink',0,1100,0,'Blink',0,5000,0,'Blink',0,1000,0,'Blink',0,900,0,'Blink',0,900,0,'Blink',0,900,0,'Blink',0,900,0,'Blink',0,4900,0,'Blink',0,800,0,'Blink',0,900,0,'Blink',0,900,0,'Blink',0,800,0,'Blink',0,900,0,'Blink',0,900,0,'Blink',0,5000,0,'Blink',0,1100,0,'Blink',0,1200,0,'Blink',0,1100,0,'Blink',0,1200,0,'Blink',0,5200,0,'Blink',0,1200,0,'Blink',0,1300,0,'Blink',0,1300,0,'Blink',0,1200,0,'Blink',0,5300,0,'Blink',0,1500,0,'Blink',0,1500,0,'Blink',0,1500,0,'Blink',0,5500,0,'Blink',0,1500,0,'Blink',0,1600,0,'Blink',0,1500,0,'Blink',0,5500,0,'Blink',0,1500,0,'Blink',0,2000,0,'Blink',0,2000,0,'Blink',0,6000,0,'Blink',0,2100,0,'Blink',0,7000,0,'Blink',0,3000,0,'Blink',0,7000,0,'Blink',0,3000,0,'Blink',0
'528',343401,52000,0,'Blink',0,2000,0,'Blink',0,1700,0,'Blink',0,5700,0,'Blink',0,1300,0,'Blink',0,1000,0,'Blink',0,900,0,'Blink',0,900,0,'Blink',0,4800,0,'Blink',0,700,0,'Blink',0,800,0,'Blink',0,800,0,'Blink',0,900,0,'Blink',0,900,0,'Blink',0,900,0,'Blink',0,4800,0,'Blink',0,800,0,'Blink',0,800,0,'Blink',0,800,0,'Blink',0,800,0,'Blink',0,700,0,'Blink',0,800,0,'Blink',0,900,0,'Blink',0,4900,0,'Blink',0,900,0,'Blink',0,900,0,'Blink',0,1000,0,'Blink',0,1000,0,'Blink',0,1000,0,'Blink',0,5200,0,'Blink',0,1200,0,'Blink',0,1200,0,'Blink',0,1200,0,'Blink',0,1200,0,'Blink',0,5200,0,'Blink',0,1200,0,'Blink',0,1200,0,'Blink',0,1200,0,'Blink',0,1200,0,'Blink',0,5200,0,'Blink',0,1200,0,'Blink',0,1200,0,'Blink',0,1200,0,'Blink',0,1200,0,'Blink',0,5200,0,'Blink',0,1200,0,'Blink',0,1200,0,'Blink',0,1200,0,'Blink',0,1100,0,'Blink',0,5100,0,'Blink',0,1000,0,'Blink',0,1000,0,'Blink',0,1000,0,'Blink',0,1000,0,'Blink',0,1100,0,'Blink',0,5000,0,'Blink',0,1000,0,'Blink',0,900,0,'Blink',0,900,0,'Blink',0,900,0,'Blink',0,900,0,'Blink',0,4900,0,'Blink',0,800,0,'Blink',0,900,0,'Blink',0,900,0,'Blink',0,800,0,'Blink',0,900,0,'Blink',0,900,0,'Blink',0,5000,0,'Blink',0,1100,0,'Blink',0,1200,0,'Blink',0,1100,0,'Blink',0,1200,0,'Blink',0,5200,0,'Blink',0,1200,0,'Blink',0,1300,0,'Blink',0,1300,0,'Blink',0,1200,0,'Blink',0,5300,0,'Blink',0,1500,0,'Blink',0,1500,0,'Blink',0,1500,0,'Blink',0,5500,0,'Blink',0,1500,0,'Blink',0,1600,0,'Blink',0,1500,0,'Blink',0,5500,0,'Blink',0,1500,0,'Blink',0,2000,0,'Blink',0,2000,0,'Blink',0,6000,0,'Blink',0,2100,0,'Blink',0,7000,0,'Blink',0,3000,0,'Blink',0,7000,0,'Blink',0,3000,0,'Blink',0,7000,0,'Blink',0,3000,0,'Blink',0
'529',343401,61700,0,'Blink',0,3000,0,'Blink',0,6200,0,'Blink',0,1600,0,'Blink',0,1400,0,'Blink',0,1500,0,'Blink',0,5500,0,'Blink',0,1500,0,'Blink',0,1500,0,'Blink',0,1500,0,'Blink',0,5400,0,'Blink',0,1500,0,'Blink',0,1400,0,'Blink',0,1400,0,'Blink',0,5400,0,'Blink',0,1500,0,'Blink',0,1400,0,'Blink',0,1400,0,'Blink',0,5400,0,'Blink',0,1400,0,'Blink',0,1400,0,'Blink',0,1400,0,'Blink',0,1400,0,'Blink',0,5400,0,'Blink',0,1200,0,'Blink',0,1200,0,'Blink',0,1200,0,'Blink',0,5200,0,'Blink',0,1200,0,'Blink',0,1200,0,'Blink',0,1200,0,'Blink',0,1200,0,'Blink',0,5200,0,'Blink',0,1200,0,'Blink',0,1200,0,'Blink',0,1200,0,'Blink',0,1200,0,'Blink',0,5200,0,'Blink',0,1200,0,'Blink',0,1200,0,'Blink',0,1200,0,'Blink',0,1200,0,'Blink',0,5200,0,'Blink',0,1200,0,'Blink',0,1200,0,'Blink',0,1200,0,'Blink',0,1200,0,'Blink',0,5200,0,'Blink',0,1200,0,'Blink',0,1200,0,'Blink',0,1200,0,'Blink',0,1200,0,'Blink',0,5200,0,'Blink',0,1500,0,'Blink',0,1500,0,'Blink',0,1600,0,'Blink',0,5600,0,'Blink',0,1600,0,'Blink',0,1600,0,'Blink',0,1500,0,'Blink',0,5500,0,'Blink',0,1500,0,'Blink',0,1500,0,'Blink',0,1500,0,'Blink',0,5500,0,'Blink',0,1500,0,'Blink',0,2000,0,'Blink',0,2000,0,'Blink',0,6000,0,'Blink',0,2100,0,'Blink',0,7000,0,'Blink',0,3000,0,'Blink',0,7000,0,'Blink',0,3000,0,'Blink',0,7000,0,'Blink',0,3000,0,'Blink',0
'530',343401,62200,0,'Blink',0,3000,0,'Blink',0,6700,0,'Blink',0,1900,0,'Blink',0,1900,0,'Blink',0,6000,0,'Blink',0,1500,0,'Blink',0,1500,0,'Blink',0,5500,0,'Blink',0,1500,0,'Blink',0,1500,0,'Blink',0,1500,0,'Blink',0,5500,0,'Blink',0,1500,0,'Blink',0,1500,0,'Blink',0,1500,0,'Blink',0,5500,0,'Blink',0,1500,0,'Blink',0,1500,0,'Blink',0,1400,0,'Blink',0,5500,0,'Blink',0,1400,0,'Blink',0,1500,0,'Blink',0,1500,0,'Blink',0,5500,0,'Blink',0,1500,0,'Blink',0,1500,0,'Blink',0,1500,0,'Blink',0,1400,0,'Blink',0,5600,0,'Blink',0,1500,0,'Blink',0,1500,0,'Blink',0,5500,0,'Blink',0,1500,0,'Blink',0,1500,0,'Blink',0,1500,0,'Blink',0,5500,0,'Blink',0,1500,0,'Blink',0,1500,0,'Blink',0,1500,0,'Blink',0,5500,0,'Blink',0,1600,0,'Blink',0,1500,0,'Blink',0,1600,0,'Blink',0,5500,0,'Blink',0,1500,0,'Blink',0,1500,0,'Blink',0,1500,0,'Blink',0,5600,0,'Blink',0,1500,0,'Blink',0,1500,0,'Blink',0,1500,0,'Blink',0,5500,0,'Blink',0,1500,0,'Blink',0,1600,0,'Blink',0,1500,0,'Blink',0,5500,0,'Blink',0,1500,0,'Blink',0,2000,0,'Blink',0,2000,0,'Blink',0,6000,0,'Blink',0,2100,0,'Blink',0,7000,0,'Blink',0,2900,0,'Blink',0,7000,0,'Blink',0
'531',343401,52000,0,'Blink',0,2000,0,'Blink',0,1700,0,'Blink',0,5700,0,'Blink',0,1300,0,'Blink',0,1000,0,'Blink',0,900,0,'Blink',0,900,0,'Blink',0,4800,0,'Blink',0,700,0,'Blink',0,800,0,'Blink',0,800,0,'Blink',0,900,0,'Blink',0,900,0,'Blink',0,900,0,'Blink',0,4800,0,'Blink',0,800,0,'Blink',0,800,0,'Blink',0,800,0,'Blink',0,800,0,'Blink',0,700,0,'Blink',0,800,0,'Blink',0,900,0,'Blink',0,4900,0,'Blink',0,900,0,'Blink',0,900,0,'Blink',0,1000,0,'Blink',0,1000,0,'Blink',0,1000,0,'Blink',0,5200,0,'Blink',0,1200,0,'Blink',0,1200,0,'Blink',0,1200,0,'Blink',0,1200,0,'Blink',0,5200,0,'Blink',0,1200,0,'Blink',0,1200,0,'Blink',0,1200,0,'Blink',0,1200,0,'Blink',0,5200,0,'Blink',0,1200,0,'Blink',0,1200,0,'Blink',0,1200,0,'Blink',0,1200,0,'Blink',0,5200,0,'Blink',0,1200,0,'Blink',0,1200,0,'Blink',0,1200,0,'Blink',0,1100,0,'Blink',0,5100,0,'Blink',0,1000,0,'Blink',0,1000,0,'Blink',0,1000,0,'Blink',0,1000,0,'Blink',0,1100,0,'Blink',0,5000,0,'Blink',0,1000,0,'Blink',0,900,0,'Blink',0,900,0,'Blink',0,900,0,'Blink',0,900,0,'Blink',0,4900,0,'Blink',0,800,0,'Blink',0,900,0,'Blink',0,900,0,'Blink',0,800,0,'Blink',0,900,0,'Blink',0,900,0,'Blink',0,5000,0,'Blink',0,1100,0,'Blink',0,1200,0,'Blink',0,1100,0,'Blink',0,1200,0,'Blink',0,5200,0,'Blink',0,1200,0,'Blink',0,1300,0,'Blink',0,1300,0,'Blink',0,1200,0,'Blink',0,5300,0,'Blink',0,1500,0,'Blink',0,1500,0,'Blink',0,1500,0,'Blink',0,5500,0,'Blink',0,1500,0,'Blink',0,1600,0,'Blink',0,1500,0,'Blink',0,5500,0,'Blink',0,1500,0,'Blink',0,2000,0,'Blink',0,2000,0,'Blink',0,6000,0,'Blink',0,2100,0,'Blink',0,7000,0,'Blink',0,3000,0,'Blink',0,7000,0,'Blink',0,3000,0,'Blink',0
'532',343401,62200,0,'Blink',0,3000,0,'Blink',0,6700,0,'Blink',0,1900,0,'Blink',0,1900,0,'Blink',0,6000,0,'Blink',0,1500,0,'Blink',0,1500,0,'Blink',0,5500,0,'Blink',0,1500,0,'Blink',0,1500,0,'Blink',0,1500,0,'Blink',0,5500,0,'Blink',0,1500,0,'Blink',0,1500,0,'Blink',0,1500,0,'Blink',0,5500,0,'Blink',0,1500,0,'Blink',0,1500,0,'Blink',0,1400,0,'Blink',0,5500,0,'Blink',0,1400,0,'Blink',0,1500,0,'Blink',0,1500,0,'Blink',0,5500,0,'Blink',0,1500,0,'Blink',0,1500,0,'Blink',0,1500,0,'Blink',0,1400,0,'Blink',0,5600,0,'Blink',0,1500,0,'Blink',0,1500,0,'Blink',0,5500,0,'Blink',0,1500,0,'Blink',0,1500,0,'Blink',0,1500,0,'Blink',0,5500,0,'Blink',0,1500,0,'Blink',0,1500,0,'Blink',0,1500,0,'Blink',0,5500,0,'Blink',0,1600,0,'Blink',0,1500,0,'Blink',0,1600,0,'Blink',0,5500,0,'Blink',0,1500,0,'Blink',0,1500,0,'Blink',0,1500,0,'Blink',0,5600,0,'Blink',0,1500,0,'Blink',0,1500,0,'Blink',0,1500,0,'Blink',0,5500,0,'Blink',0,1500,0,'Blink',0,1600,0,'Blink',0,1500,0,'Blink',0,5500,0,'Blink',0,1500,0,'Blink',0,2000,0,'Blink',0,2000,0,'Blink',0,6000,0,'Blink',0,2100,0,'Blink',0,7000,0,'Blink',0,2900,0,'Blink',0,7000,0,'Blink',0
'533',343401,62200,0,'Blink',0,3000,0,'Blink',0,6700,0,'Blink',0,1900,0,'Blink',0,1900,0,'Blink',0,6000,0,'Blink',0,1500,0,'Blink',0,1500,0,'Blink',0,5500,0,'Blink',0,1500,0,'Blink',0,1500,0,'Blink',0,1500,0,'Blink',0,5500,0,'Blink',0,1500,0,'Blink',0,1500,0,'Blink',0,1500,0,'Blink',0,5500,0,'Blink',0,1500,0,'Blink',0,1500,0,'Blink',0,1400,0,'Blink',0,5500,0,'Blink',0,1400,0,'Blink',0,1500,0,'Blink',0,1500,0,'Blink',0,5500,0,'Blink',0,1500,0,'Blink',0,1500,0,'Blink',0,1500,0,'Blink',0,1400,0,'Blink',0,5600,0,'Blink',0,1500,0,'Blink',0,1500,0,'Blink',0,5500,0,'Blink',0,1500,0,'Blink',0,1500,0,'Blink',0,1500,0,'Blink',0,5500,0,'Blink',0,1500,0,'Blink',0,1500,0,'Blink',0,1500,0,'Blink',0,5500,0,'Blink',0,1600,0,'Blink',0,1500,0,'Blink',0,1600,0,'Blink',0,5500,0,'Blink',0,1500,0,'Blink',0,1500,0,'Blink',0,1500,0,'Blink',0,5600,0,'Blink',0,1500,0,'Blink',0,1500,0,'Blink',0,1500,0,'Blink',0,5500,0,'Blink',0,1500,0,'Blink',0,1600,0,'Blink',0,1500,0,'Blink',0,5500,0,'Blink',0,1500,0,'Blink',0,2000,0,'Blink',0,2000,0,'Blink',0,6000,0,'Blink',0,2100,0,'Blink',0,7000,0,'Blink',0,2900,0,'Blink',0,7000,0,'Blink',0,3000,0,'Blink',0,7100,0,'Blink',0,3000,0,'Blink',0
