'525',7601,82700,4,'',0
'526',7601,82700,4,'',0
'527',7601,82700,4,'',0
'528',7601,82700,4,'',0
'531',7601,82700,4,'',0
'524',8101,71700,4,'',0,2000,4,'',0,2000,4,'',0,6000,4,'',0,2000,4,'',0,2000,4,'',0,6000,4,'',0,2000,4,'',0,1900,4,'',0,5700,4,'',0,1800,4,'',0,1700,4,'',0,5800,4,'',0,1700,4,'',0,1800,4,'',0,1700,4,'',0,5800,4,'',0,1800,4,'',0,1700,4,'',0,5700,4,'',0,1800,4,'',0,1700,4,'',0,5700,4,'',0,1700,4,'',0,1700,4,'',0,1700,4,'',0,5700,4,'',0,1700,4,'',0,1600,4,'',0,1700,4,'',0,5700,4,'',0,1700,4,'',0,1600,4,'',0,5700,4,'',0,1700,4,'',0,1700,4,'',0,1600,4,'',0,5700,4,'',0,1600,4,'',0,1700,4,'',0,5900,4,'',0,2000,4,'',0,1900,4,'',0,6000,4,'',0,2000,4,'',0,2000,4,'',0,6000,4,'',0,1900,4,'',0,2000,4,'',0,5900,4,'',0,3000,4,'',0,7000,4,'',0,2800,4,'',0,3000,4,'',0,6900,4,'',0,3000,4,'',0
'525',8101,62400,4,'',0,3000,4,'',0,6400,4,'',0,1800,4,'',0,1600,4,'',0,5600,4,'',0,1500,4,'',0,800,4,'',0,800,4,'',0,1600,4,'',0,5500,4,'',0,1400,4,'',0,1500,4,'',0,1400,4,'',0,5500,4,'',0,1500,4,'',0,1500,4,'',0,1500,4,'',0,5500,4,'',0,1500,4,'',0,1600,4,'',0,1600,4,'',0,5500,4,'',0,1500,4,'',0,1400,4,'',0,1600,4,'',0,5400,4,'',0,1500,4,'',0,1500,4,'',0,1500,4,'',0,5500,4,'',0,1600,4,'',0,1600,4,'',0,1600,4,'',0,5700,4,'',0,1500,4,'',0,1000,4,'',0,500,4,'',0,5600,4,'',0,1600,4,'',0,1600,4,'',0,1600,4,'',0,5500,4,'',0,1500,4,'',0,1500,4,'',0,1500,4,'',0,5500,4,'',0,1500,4,'',0,1600,4,'',0,1800,4,'',0,5600,4,'',0,1800,4,'',0,2000,4,'',0,5900,4,'',0,1800,4,'',0,2000,4,'',0,6000,4,'',0,1900,4,'',0,2000,4,'',0,6200,4,'',0,3000,4,'',0,6800,4,'',0,2800,4,'',0,7000,4,'',0,2800,4,'',0,2800,4,'',0
'526',8101,62400,4,'',0,3000,4,'',0,6400,4,'',0,1800,4,'',0,1600,4,'',0,5600,4,'',0,1500,4,'',0,800,4,'',0,800,4,'',0,1600,4,'',0,5500,4,'',0,1400,4,'',0,1500,4,'',0,1400,4,'',0,5500,4,'',0,1500,4,'',0,1500,4,'',0,1500,4,'',0,5500,4,'',0,1500,4,'',0,1600,4,'',0,1600,4,'',0,5500,4,'',0,1500,4,'',0,1400,4,'',0,1600,4,'',0,5400,4,'',0,1500,4,'',0,1500,4,'',0,1500,4,'',0,5500,4,'',0,1600,4,'',0,1600,4,'',0,1600,4,'',0,5700,4,'',0,1500,4,'',0,1000,4,'',0,500,4,'',0,5600,4,'',0,1600,4,'',0,1600,4,'',0,1600,4,'',0,5500,4,'',0,1500,4,'',0,1500,4,'',0,1500,4,'',0,5500,4,'',0,1500,4,'',0,1600,4,'',0,1800,4,'',0,5600,4,'',0,1800,4,'',0,2000,4,'',0,5900,4,'',0,1800,4,'',0,2000,4,'',0,6000,4,'',0,1900,4,'',0,2000,4,'',0,6200,4,'',0,3000,4,'',0,6800,4,'',0,2800,4,'',0,7000,4,'',0,2800,4,'',0,2800,4,'',0
'527',8101,62400,4,'',0,3000,4,'',0,6400,4,'',0,1800,4,'',0,1600,4,'',0,5600,4,'',0,1500,4,'',0,800,4,'',0,800,4,'',0,1600,4,'',0,5500,4,'',0,1400,4,'',0,1500,4,'',0,1400,4,'',0,5500,4,'',0,1500,4,'',0,1500,4,'',0,1500,4,'',0,5500,4,'',0,1500,4,'',0,1600,4,'',0,1600,4,'',0,5500,4,'',0,1500,4,'',0,1400,4,'',0,1600,4,'',0,5400,4,'',0,1500,4,'',0,1500,4,'',0,1500,4,'',0,5500,4,'',0,1600,4,'',0,1600,4,'',0,1600,4,'',0,5700,4,'',0,1500,4,'',0,1000,4,'',0,500,4,'',0,5600,4,'',0,1600,4,'',0,1600,4,'',0,1600,4,'',0,5500,4,'',0,1500,4,'',0,1500,4,'',0,1500,4,'',0,5500,4,'',0,1500,4,'',0,1600,4,'',0,1800,4,'',0,5600,4,'',0,1800,4,'',0,2000,4,'',0,5900,4,'',0,1800,4,'',0,2000,4,'',0,6000,4,'',0,1900,4,'',0,2000,4,'',0,6200,4,'',0,3000,4,'',0,6800,4,'',0,2800,4,'',0,7000,4,'',0,2800,4,'',0,2800,4,'',0
'528',8101,62400,4,'',0,3000,4,'',0,6400,4,'',0,1800,4,'',0,1600,4,'',0,5600,4,'',0,1500,4,'',0,800,4,'',0,800,4,'',0,1600,4,'',0,5500,4,'',0,1400,4,'',0,1500,4,'',0,1400,4,'',0,5500,4,'',0,1500,4,'',0,1500,4,'',0,1500,4,'',0,5500,4,'',0,1500,4,'',0,1600,4,'',0,1600,4,'',0,5500,4,'',0,1500,4,'',0,1400,4,'',0,1600,4,'',0,5400,4,'',0,1500,4,'',0,1500,4,'',0,1500,4,'',0,5500,4,'',0,1600,4,'',0,500,4,'',0,1100,4,'',0,1600,4,'',0,5700,4,'',0,1500,4,'',0,1500,4,'',0,5600,4,'',0,1600,4,'',0,1600,4,'',0,1600,4,'',0,5500,4,'',0,1500,4,'',0,1500,4,'',0,1500,4,'',0,5500,4,'',0,1500,4,'',0,1600,4,'',0,1800,4,'',0,5600,4,'',0,1800,4,'',0,2000,4,'',0,5900,4,'',0,1800,4,'',0,2000,4,'',0,6000,4,'',0,1900,4,'',0,2000,4,'',0,6200,4,'',0,3000,4,'',0,6800,4,'',0,2800,4,'',0,7000,4,'',0,2800,4,'',0,2800,4,'',0
'529',8101,71700,4,'',0,2000,4,'',0,2000,4,'',0,6000,4,'',0,2000,4,'',0,2000,4,'',0,6000,4,'',0,2000,4,'',0,1900,4,'',0,5700,4,'',0,1800,4,'',0,1700,4,'',0,5800,4,'',0,1700,4,'',0,1800,4,'',0,1700,4,'',0,5800,4,'',0,1800,4,'',0,1700,4,'',0,5700,4,'',0,1800,4,'',0,1700,4,'',0,5700,4,'',0,1700,4,'',0,1700,4,'',0,1700,4,'',0,5700,4,'',0,1700,4,'',0,1600,4,'',0,1700,4,'',0,5700,4,'',0,1700,4,'',0,1600,4,'',0,5700,4,'',0,1700,4,'',0,1700,4,'',0,1600,4,'',0,5700,4,'',0,1600,4,'',0,1700,4,'',0,5900,4,'',0,2000,4,'',0,1900,4,'',0,6000,4,'',0,2000,4,'',0,2000,4,'',0,6000,4,'',0,1900,4,'',0,2000,4,'',0,5900,4,'',0,3000,4,'',0,7000,4,'',0,2800,4,'',0,3000,4,'',0,6900,4,'',0,3000,4,'',0
'530',8101,73000,4,'',0,2000,4,'',0,6000,4,'',0,2000,4,'',0,2000,4,'',0,6100,4,'',0,2100,4,'',0,2100,4,'',0,6100,4,'',0,2100,4,'',0,2000,4,'',0,6000,4,'',0,2100,4,'',0,2000,4,'',0,6000,4,'',0,2100,4,'',0,2000,4,'',0,6100,4,'',0,2000,4,'',0,2000,4,'',0,6000,4,'',0,2000,4,'',0,2000,4,'',0,6000,4,'',0,2000,4,'',0,2000,4,'',0,5900,4,'',0,2000,4,'',0,2000,4,'',0,6000,4,'',0,1900,4,'',0,2000,4,'',0,6000,4,'',0,2000,4,'',0,1700,4,'',0,6000,4,'',0,1900,4,'',0,2000,4,'',0,6000,4,'',0,2000,4,'',0,2000,4,'',0,6500,4,'',0,2400,4,'',0,6800,4,'',0,3000,4,'',0,6900,4,'',0,3000,4,'',0
'531',8101,62400,4,'',0,3000,4,'',0,6400,4,'',0,1800,4,'',0,1600,4,'',0,5600,4,'',0,1500,4,'',0,800,4,'',0,800,4,'',0,1600,4,'',0,5500,4,'',0,1400,4,'',0,1500,4,'',0,1400,4,'',0,5500,4,'',0,1500,4,'',0,1500,4,'',0,1500,4,'',0,5500,4,'',0,1500,4,'',0,1600,4,'',0,1600,4,'',0,5500,4,'',0,1500,4,'',0,1400,4,'',0,1600,4,'',0,5400,4,'',0,1500,4,'',0,1500,4,'',0,1500,4,'',0,5500,4,'',0,1600,4,'',0,1600,4,'',0,1600,4,'',0,5700,4,'',0,1500,4,'',0,1000,4,'',0,500,4,'',0,5600,4,'',0,1600,4,'',0,1600,4,'',0,1600,4,'',0,5500,4,'',0,1500,4,'',0,1500,4,'',0,1500,4,'',0,5500,4,'',0,1500,4,'',0,1600,4,'',0,1800,4,'',0,5600,4,'',0,1800,4,'',0,2000,4,'',0,5900,4,'',0,1800,4,'',0,2000,4,'',0,6000,4,'',0,1900,4,'',0,2000,4,'',0,6200,4,'',0,3000,4,'',0,6800,4,'',0,2800,4,'',0,7000,4,'',0,2800,4,'',0,2800,4,'',0
'532',8101,73000,4,'',0,2000,4,'',0,6000,4,'',0,2000,4,'',0,2000,4,'',0,6100,4,'',0,2100,4,'',0,2100,4,'',0,6100,4,'',0,2100,4,'',0,2000,4,'',0,6000,4,'',0,2100,4,'',0,2000,4,'',0,6000,4,'',0,2100,4,'',0,2000,4,'',0,6100,4,'',0,2000,4,'',0,2000,4,'',0,6000,4,'',0,2000,4,'',0,2000,4,'',0,6000,4,'',0,2000,4,'',0,2000,4,'',0,5900,4,'',0,2000,4,'',0,2000,4,'',0,6000,4,'',0,1900,4,'',0,2000,4,'',0,6000,4,'',0,2000,4,'',0,1700,4,'',0,6000,4,'',0,1900,4,'',0,2000,4,'',0,6000,4,'',0,2000,4,'',0,2000,4,'',0,6500,4,'',0,2400,4,'',0,6800,4,'',0,3000,4,'',0,6900,4,'',0,3000,4,'',0
'533',8101,73000,4,'',0,2000,4,'',0,6000,4,'',0,2000,4,'',0,2000,4,'',0,6100,4,'',0,2100,4,'',0,2100,4,'',0,6100,4,'',0,2100,4,'',0,2000,4,'',0,6000,4,'',0,2100,4,'',0,2000,4,'',0,6000,4,'',0,2100,4,'',0,2000,4,'',0,6100,4,'',0,2000,4,'',0,2000,4,'',0,6000,4,'',0,2000,4,'',0,2000,4,'',0,6000,4,'',0,2000,4,'',0,2000,4,'',0,5900,4,'',0,2000,4,'',0,2000,4,'',0,6000,4,'',0,1900,4,'',0,2000,4,'',0,6000,4,'',0,2000,4,'',0,1700,4,'',0,6000,4,'',0,1900,4,'',0,2000,4,'',0,6000,4,'',0,2000,4,'',0,2000,4,'',0,6500,4,'',0,2400,4,'',0,6800,4,'',0,3000,4,'',0,6900,4,'',0,3000,4,'',0
