'575',6500,75700,4,'',0,15200,4,'',0,10300,4,'',0,10000,4,'',0,9100,4,'',0,10000,4,'',0,10400,4,'',0,10500,4,'',0,10400,4,'',0,10400,4,'',0,9900,4,'',0,10300,4,'',0,9500,4,'',0,9400,4,'',0,10900,4,'',0,10000,4,'',0
'576',6500,62500,4,'',0,3100,4,'',0,7400,4,'',0,1900,4,'',0,6500,4,'',0,1800,4,'',0,1900,4,'',0,5200,4,'',0,1600,4,'',0,1500,4,'',0,2200,4,'',0,5800,4,'',0,2600,4,'',0,6300,4,'',0,2600,4,'',0,2300,4,'',0,6700,4,'',0,2200,4,'',0,6700,4,'',0,2100,4,'',0,2600,4,'',0,6100,4,'',0,2600,4,'',0,5800,4,'',0,2200,4,'',0,1300,4,'',0,1900,4,'',0,5300,4,'',0,1900,4,'',0,1000,4,'',0,1600,4,'',0,4800,4,'',0,1600,4,'',0,800,4,'',0,1500,4,'',0,900,4,'',0,5700,4,'',0,1300,4,'',0,2100,4,'',0,2000,4,'',0,6600,4,'',0,2700,4,'',0,7200,4,'',0,9300,4,'',0,9400,4,'',0,11000,4,'',0,9800,4,'',0
'577',6500,62500,4,'',0,3100,4,'',0,7400,4,'',0,1900,4,'',0,6500,4,'',0,1800,4,'',0,1900,4,'',0,5200,4,'',0,1600,4,'',0,1500,4,'',0,2200,4,'',0,5800,4,'',0,2600,4,'',0,6300,4,'',0,2600,4,'',0,2300,4,'',0,6700,4,'',0,2200,4,'',0,6700,4,'',0,2100,4,'',0,2600,4,'',0,6100,4,'',0,2600,4,'',0,5800,4,'',0,2200,4,'',0,1300,4,'',0,1900,4,'',0,5300,4,'',0,1900,4,'',0,1000,4,'',0,1600,4,'',0,4800,4,'',0,1600,4,'',0,800,4,'',0,1500,4,'',0,900,4,'',0,5700,4,'',0,1300,4,'',0,2100,4,'',0,2000,4,'',0,6600,4,'',0,2700,4,'',0,7200,4,'',0,9300,4,'',0,9400,4,'',0,11000,4,'',0,9800,4,'',0
'578',6500,62500,4,'',0,3100,4,'',0,7400,4,'',0,1900,4,'',0,6500,4,'',0,1800,4,'',0,1900,4,'',0,5200,4,'',0,1600,4,'',0,1500,4,'',0,2200,4,'',0,5800,4,'',0,2600,4,'',0,6300,4,'',0,2600,4,'',0,2300,4,'',0,6700,4,'',0,2200,4,'',0,6700,4,'',0,2100,4,'',0,2600,4,'',0,6100,4,'',0,2600,4,'',0,5800,4,'',0,2200,4,'',0,1300,4,'',0,1900,4,'',0,5300,4,'',0,1900,4,'',0,1000,4,'',0,1600,4,'',0,4800,4,'',0,1600,4,'',0,800,4,'',0,1500,4,'',0,900,4,'',0,5700,4,'',0,1300,4,'',0,2100,4,'',0,2000,4,'',0,6600,4,'',0,2700,4,'',0,7200,4,'',0,9300,4,'',0,9400,4,'',0,11000,4,'',0,9800,4,'',0
'579',6500,62500,4,'',0,3100,4,'',0,7400,4,'',0,1900,4,'',0,6500,4,'',0,1800,4,'',0,1900,4,'',0,5200,4,'',0,1600,4,'',0,1500,4,'',0,2200,4,'',0,5800,4,'',0,2600,4,'',0,6300,4,'',0,2600,4,'',0,2300,4,'',0,6700,4,'',0,2200,4,'',0,6700,4,'',0,2100,4,'',0,2600,4,'',0,6100,4,'',0,2600,4,'',0,5800,4,'',0,2200,4,'',0,1300,4,'',0,1900,4,'',0,5300,4,'',0,1900,4,'',0,1000,4,'',0,1600,4,'',0,4800,4,'',0,1600,4,'',0,800,4,'',0,1500,4,'',0,900,4,'',0,5700,4,'',0,1300,4,'',0,2100,4,'',0,2000,4,'',0,6600,4,'',0,2700,4,'',0,7200,4,'',0,9300,4,'',0,9400,4,'',0,11000,4,'',0,9800,4,'',0
'580',6500,70400,4,'',0,10100,4,'',0,11300,4,'',0,9900,4,'',0,9000,4,'',0,10300,4,'',0,4700,4,'',0,8800,4,'',0,8800,4,'',0,8200,4,'',0,4000,4,'',0,8000,4,'',0,8000,4,'',0,9800,4,'',0,11300,4,'',0,9800,4,'',0,9400,4,'',0,9400,4,'',0,10900,4,'',0,9800,4,'',0
'581',6500,75700,4,'',0,15200,4,'',0,10300,4,'',0,10000,4,'',0,9100,4,'',0,10000,4,'',0,10400,4,'',0,10500,4,'',0,10400,4,'',0,10400,4,'',0,9900,4,'',0,10300,4,'',0,9500,4,'',0,9400,4,'',0,10900,4,'',0,10000,4,'',0
'576',8700,71100,4,'',0,11200,4,'',0,1200,4,'',0,1200,4,'',0,1000,4,'',0,4500,4,'',0,9900,4,'',0,10500,4,'',0,10500,4,'',0,10400,4,'',0,10500,4,'',0,10500,4,'',0,500,4,'',0,2000,4,'',0,8300,4,'',0,10500,4,'',0
'577',8700,71100,4,'',0,11200,4,'',0,1200,4,'',0,1200,4,'',0,1000,4,'',0,4500,4,'',0,9900,4,'',0,10500,4,'',0,10500,4,'',0,10400,4,'',0,10500,4,'',0,10500,4,'',0,500,4,'',0,2000,4,'',0,8300,4,'',0,10500,4,'',0
'578',8700,71100,4,'',0,11200,4,'',0,1200,4,'',0,1200,4,'',0,1000,4,'',0,4500,4,'',0,9900,4,'',0,10500,4,'',0,10500,4,'',0,10400,4,'',0,10500,4,'',0,10500,4,'',0,500,4,'',0,2000,4,'',0,8300,4,'',0,10500,4,'',0
'579',8700,71100,4,'',0,11200,4,'',0,1200,4,'',0,1200,4,'',0,1000,4,'',0,4500,4,'',0,9900,4,'',0,10500,4,'',0,10500,4,'',0,10400,4,'',0,10500,4,'',0,10500,4,'',0,500,4,'',0,2000,4,'',0,8300,4,'',0,10500,4,'',0
'575',8800,75500,4,'',0,10000,4,'',0,10000,4,'',0,10000,4,'',0,10000,4,'',0,10000,4,'',0,10000,4,'',0,10000,4,'',0,10000,4,'',0,10000,4,'',0,10000,4,'',0,10200,4,'',0,9900,4,'',0
'576',8800,215200,4,'',0
'577',8800,215200,4,'',0
'578',8800,215200,4,'',0
'579',8800,215200,4,'',0
'580',8800,75500,4,'',0,10000,4,'',0,10000,4,'',0,10000,4,'',0,10000,4,'',0,10000,4,'',0,10000,4,'',0,10000,4,'',0,10000,4,'',0,10000,4,'',0,10000,4,'',0,10000,4,'',0,10000,4,'',0
'581',8800,75500,4,'',0,10000,4,'',0,10000,4,'',0,10000,4,'',0,10000,4,'',0,10000,4,'',0,10000,4,'',0,10000,4,'',0,10000,4,'',0,10000,4,'',0,10000,4,'',0,10200,4,'',0,9900,4,'',0
'575',11101,65500,4,'',0,14700,4,'',0
'580',11101,65800,4,'',0
'581',11101,65500,4,'',0,14700,4,'',0
