'524',9900,71000,4,'',0,10300,4,'',0,10000,4,'',0,10000,4,'',0,10000,4,'',0,10000,4,'',0,10100,4,'',0,10000,4,'',0,10000,4,'',0,10000,4,'',0,10000,4,'',0,10000,4,'',0,10100,4,'',0,9900,4,'',0,10500,4,'',0,10000,4,'',0
'524',9901,82600,,'',0,10000,,'',0,10100,,'',0,10000,,'',0,10100,,'',0,9600,,'',0,10000,,'',0,10000,,'',0,10000,,'',0,10000,,'',0,10000,,'',0,9800,,'',0,10000,,'',0
'525',9900,62300,4,'',0,10000,4,'',0,9800,4,'',0,10000,4,'',0,10000,4,'',0,10000,4,'',0,9900,4,'',0,10000,4,'',0,10000,4,'',0,10000,4,'',0,10000,4,'',0,10000,4,'',0,10000,4,'',0,9800,4,'',0,10000,4,'',0,11300,4,'',0,10000,4,'',0
'525',9901,54400,,'',0,8900,,'',0,10000,,'',0,10000,,'',0,10000,,'',0,10000,,'',0,10000,,'',0,10000,,'',0,10000,,'',0,10000,,'',0,10000,,'',0,10000,,'',0,10000,,'',0,9800,,'',0,9800,,'',0
'526',9900,62300,4,'',0,10000,4,'',0,9800,4,'',0,10000,4,'',0,10000,4,'',0,10000,4,'',0,9900,4,'',0,10000,4,'',0,10000,4,'',0,10000,4,'',0,10000,4,'',0,10000,4,'',0,10000,4,'',0,9800,4,'',0,10000,4,'',0,11300,4,'',0,10000,4,'',0
'526',9901,54400,,'',0,8900,,'',0,10000,,'',0,10000,,'',0,10000,,'',0,10000,,'',0,10000,,'',0,10000,,'',0,10000,,'',0,10000,,'',0,10000,,'',0,10000,,'',0,10000,,'',0,9800,,'',0,9800,,'',0
'527',9900,62300,4,'',0,10000,4,'',0,9800,4,'',0,10000,4,'',0,10000,4,'',0,10000,4,'',0,9900,4,'',0,10000,4,'',0,10000,4,'',0,10000,4,'',0,10000,4,'',0,10000,4,'',0,10000,4,'',0,9800,4,'',0,10000,4,'',0,11300,4,'',0,10000,4,'',0
'527',9901,54400,,'',0,8900,,'',0,10000,,'',0,10000,,'',0,10000,,'',0,10000,,'',0,10000,,'',0,10000,,'',0,10000,,'',0,10000,,'',0,10000,,'',0,10000,,'',0,10000,,'',0,9800,,'',0,9800,,'',0
'528',9900,62300,4,'',0,10000,4,'',0,9800,4,'',0,10000,4,'',0,10000,4,'',0,10000,4,'',0,9900,4,'',0,10000,4,'',0,10000,4,'',0,10000,4,'',0,10000,4,'',0,10000,4,'',0,10000,4,'',0,9800,4,'',0,10000,4,'',0,11300,4,'',0,10000,4,'',0
'528',9901,54400,,'',0,8900,,'',0,10000,,'',0,10000,,'',0,10000,,'',0,10000,,'',0,10000,,'',0,10000,,'',0,10000,,'',0,10000,,'',0,10000,,'',0,10000,,'',0,10000,,'',0,9800,,'',0,9800,,'',0
'529',9900,71000,4,'',0,10300,4,'',0,10000,4,'',0,10000,4,'',0,10000,4,'',0,10000,4,'',0,10100,4,'',0,10000,4,'',0,10000,4,'',0,10000,4,'',0,10000,4,'',0,10000,4,'',0,10100,4,'',0,9900,4,'',0,10500,4,'',0,10000,4,'',0
'529',9901,82600,,'',0,10000,,'',0,10100,,'',0,10000,,'',0,10100,,'',0,9600,,'',0,10000,,'',0,10000,,'',0,10000,,'',0,10000,,'',0,10000,,'',0,9800,,'',0,10000,,'',0
'530',9900,73200,4,'',0,19800,4,'',0,20000,4,'',0,20000,4,'',0,20000,4,'',0,20200,4,'',0,20000,4,'',0,22100,4,'',0
'530',9901,83700,,'',0,20000,,'',0,20000,,'',0,20000,,'',0,20000,,'',0,20000,,'',0,20000,,'',0
'531',9900,62300,4,'',0,10000,4,'',0,9800,4,'',0,10000,4,'',0,10000,4,'',0,10000,4,'',0,9900,4,'',0,10000,4,'',0,10000,4,'',0,10000,4,'',0,10000,4,'',0,10000,4,'',0,10000,4,'',0,9800,4,'',0,10000,4,'',0,11300,4,'',0,10000,4,'',0
'531',9901,54400,,'',0,8900,,'',0,10000,,'',0,10000,,'',0,10000,,'',0,10000,,'',0,10000,,'',0,10000,,'',0,10000,,'',0,10000,,'',0,10000,,'',0,10000,,'',0,10000,,'',0,9800,,'',0,9800,,'',0
'532',9900,73200,4,'',0,19800,4,'',0,20000,4,'',0,20000,4,'',0,20000,4,'',0,20200,4,'',0,20000,4,'',0,22100,4,'',0
'532',9901,83700,,'',0,20000,,'',0,20000,,'',0,20000,,'',0,20000,,'',0,20000,,'',0,20000,,'',0
'533',9900,73200,4,'',0,19800,4,'',0,20000,4,'',0,20000,4,'',0,20000,4,'',0,20200,4,'',0,20000,4,'',0,22100,4,'',0
'533',9901,83700,,'',0,20000,,'',0,20000,,'',0,20000,,'',0,20000,,'',0,20000,,'',0,20000,,'',0
'524',10000,82600,4,'',0,10000,4,'',0,10100,4,'',0,10000,4,'',0,10100,4,'',0,9600,4,'',0,10000,4,'',0,10000,4,'',0,10000,4,'',0,10000,4,'',0,10000,4,'',0,9800,4,'',0,10000,4,'',0
'524',10001,71000,,'',0,10300,,'',0,10000,,'',0,10000,,'',0,10000,,'',0,10000,,'',0,10100,,'',0,10000,,'',0,10000,,'',0,10000,,'',0,10000,,'',0,10000,,'',0,10100,,'',0,9900,,'',0,10500,,'',0,10000,,'',0
'525',10000,63300,4,'',0,10000,4,'',0,10000,4,'',0,10000,4,'',0,10000,4,'',0,10000,4,'',0,10000,4,'',0,10000,4,'',0,10000,4,'',0,10000,4,'',0,10000,4,'',0,10000,4,'',0,9800,4,'',0,9800,4,'',0
'525',10001,62300,,'',0,10000,,'',0,9800,,'',0,10000,,'',0,10000,,'',0,10000,,'',0,9900,,'',0,10000,,'',0,10000,,'',0,10000,,'',0,10000,,'',0,10000,,'',0,10000,,'',0,9800,,'',0,10000,,'',0,11300,,'',0,10000,,'',0
'526',10000,63300,4,'',0,10000,4,'',0,10000,4,'',0,10000,4,'',0,10000,4,'',0,10000,4,'',0,10000,4,'',0,10000,4,'',0,10000,4,'',0,10000,4,'',0,10000,4,'',0,10000,4,'',0,9800,4,'',0,9800,4,'',0
'526',10001,62300,,'',0,10000,,'',0,9800,,'',0,10000,,'',0,10000,,'',0,10000,,'',0,9900,,'',0,10000,,'',0,10000,,'',0,10000,,'',0,10000,,'',0,10000,,'',0,10000,,'',0,9800,,'',0,10000,,'',0,11300,,'',0,10000,,'',0
'527',10000,63300,4,'',0,10000,4,'',0,10000,4,'',0,10000,4,'',0,10000,4,'',0,10000,4,'',0,10000,4,'',0,10000,4,'',0,10000,4,'',0,10000,4,'',0,10000,4,'',0,10000,4,'',0,9800,4,'',0,9800,4,'',0
'527',10001,62300,,'',0,10000,,'',0,9800,,'',0,10000,,'',0,10000,,'',0,10000,,'',0,9900,,'',0,10000,,'',0,10000,,'',0,10000,,'',0,10000,,'',0,10000,,'',0,10000,,'',0,9800,,'',0,10000,,'',0,11300,,'',0,10000,,'',0
'528',10000,63300,4,'',0,10000,4,'',0,10000,4,'',0,10000,4,'',0,10000,4,'',0,10000,4,'',0,10000,4,'',0,10000,4,'',0,10000,4,'',0,10000,4,'',0,10000,4,'',0,10000,4,'',0,9800,4,'',0,9800,4,'',0
'528',10001,62300,,'',0,10000,,'',0,9800,,'',0,10000,,'',0,10000,,'',0,10000,,'',0,9900,,'',0,10000,,'',0,10000,,'',0,10000,,'',0,10000,,'',0,10000,,'',0,10000,,'',0,9800,,'',0,10000,,'',0,11300,,'',0,10000,,'',0
'529',10000,82600,4,'',0,10000,4,'',0,10100,4,'',0,10000,4,'',0,10100,4,'',0,9600,4,'',0,10000,4,'',0,10000,4,'',0,10000,4,'',0,10000,4,'',0,10000,4,'',0,9800,4,'',0,10000,4,'',0
'529',10001,71000,,'',0,10300,,'',0,10000,,'',0,10000,,'',0,10000,,'',0,10000,,'',0,10100,,'',0,10000,,'',0,10000,,'',0,10000,,'',0,10000,,'',0,10000,,'',0,10100,,'',0,9900,,'',0,10500,,'',0,10000,,'',0
'530',10000,83700,4,'',0,20000,4,'',0,20000,4,'',0,20000,4,'',0,20000,4,'',0,20000,4,'',0,20000,4,'',0
'530',10001,73200,,'',0,19800,,'',0,20000,,'',0,20000,,'',0,20000,,'',0,20200,,'',0,20000,,'',0,22100,,'',0
'531',10000,63300,4,'',0,10000,4,'',0,10000,4,'',0,10000,4,'',0,10000,4,'',0,10000,4,'',0,10000,4,'',0,10000,4,'',0,10000,4,'',0,10000,4,'',0,10000,4,'',0,10000,4,'',0,9800,4,'',0,9800,4,'',0
'531',10001,62300,,'',0,10000,,'',0,9800,,'',0,10000,,'',0,10000,,'',0,10000,,'',0,9900,,'',0,10000,,'',0,10000,,'',0,10000,,'',0,10000,,'',0,10000,,'',0,10000,,'',0,9800,,'',0,10000,,'',0,11300,,'',0,10000,,'',0
'532',10000,83700,4,'',0,20000,4,'',0,20000,4,'',0,20000,4,'',0,20000,4,'',0,20000,4,'',0,20000,4,'',0
'532',10001,73200,,'',0,19800,,'',0,20000,,'',0,20000,,'',0,20000,,'',0,20200,,'',0,20000,,'',0,22100,,'',0
'533',10000,83700,4,'',0,20000,4,'',0,20000,4,'',0,20000,4,'',0,20000,4,'',0,20000,4,'',0,20000,4,'',0
'533',10001,73200,,'',0,19800,,'',0,20000,,'',0,20000,,'',0,20000,,'',0,20200,,'',0,20000,,'',0,22100,,'',0
