'541',9100,163700,,'',0,7100,,'',0,3000,,'',0
'542',9100,163700,,'',0,7100,,'',0,3000,,'',0
'543',9100,163700,,'',0,7100,,'',0,3000,,'',0
'544',9100,163700,,'',0,7100,,'',0,3000,,'',0
'547',9100,163700,,'',0,7100,,'',0,3000,,'',0
'541',9200,163700,,'',0,7000,,'',0,3000,,'',0
'542',9200,163700,,'',0,7000,,'',0,3000,,'',0
'543',9200,163700,,'',0,7000,,'',0,3000,,'',0
'544',9200,163700,,'',0,7000,,'',0,3000,,'',0
'547',9200,163700,,'',0,7000,,'',0,3000,,'',0
'541',9400,75600,,'',0,6900,,'',0,70300,,'',0,1400,,'',0,5900,,'',0,3100,,'',0,6900,,'',0,2800,,'',0,2800,,'',0
'542',9400,75600,,'',0,6900,,'',0,70300,,'',0,1400,,'',0,5900,,'',0,3100,,'',0,6900,,'',0,2800,,'',0,2800,,'',0
'543',9400,75600,,'',0,6900,,'',0,70300,,'',0,1400,,'',0,5900,,'',0,3100,,'',0,6900,,'',0,2800,,'',0,2800,,'',0
'544',9400,75600,,'',0,6900,,'',0,70300,,'',0,1400,,'',0,5900,,'',0,3100,,'',0,6900,,'',0,2800,,'',0,2800,,'',0
'547',9400,75600,,'',0,6900,,'',0,70300,,'',0,1400,,'',0,5900,,'',0,3100,,'',0,6900,,'',0,2800,,'',0,2800,,'',0
'541',10400,153300,,'',0,2400,,'',0,6300,,'',0,1600,,'',0,2200,,'',0,5600,,'',0,1600,,'',0,1800,,'',0,6600,,'',0
'542',10400,153300,,'',0,2400,,'',0,6300,,'',0,1600,,'',0,2200,,'',0,5600,,'',0,1600,,'',0,1800,,'',0,6600,,'',0
'543',10400,153300,,'',0,2400,,'',0,6300,,'',0,1600,,'',0,2200,,'',0,5600,,'',0,1600,,'',0,1800,,'',0,6600,,'',0
'544',10400,153300,,'',0,2400,,'',0,6300,,'',0,1600,,'',0,2200,,'',0,5600,,'',0,1600,,'',0,1800,,'',0,6600,,'',0
'547',10400,153300,,'',0,2400,,'',0,6300,,'',0,1600,,'',0,2200,,'',0,5600,,'',0,1600,,'',0,1800,,'',0,6600,,'',0
'541',10700,164800,,'',0,7100,,'',0
'542',10700,164800,,'',0,7100,,'',0
'543',10700,164800,,'',0,7100,,'',0
'544',10700,164800,,'',0,7100,,'',0
'547',10700,164800,,'',0,7100,,'',0
'540',343400,70400,0,'Blink',0,3000,0,'Blink',0,2100,0,'Blink',0,5900,0,'Blink',0,2000,0,'Blink',0,1500,0,'Blink',0,5500,0,'Blink',0,1500,0,'Blink',0,1500,0,'Blink',0,1600,0,'Blink',0,5500,0,'Blink',0,1600,0,'Blink',0,1500,0,'Blink',0,1500,0,'Blink',0,5500,0,'Blink',0,1500,0,'Blink',0,1600,0,'Blink',0,1500,0,'Blink',0,5500,0,'Blink',0,1500,0,'Blink',0,1500,0,'Blink',0,1500,0,'Blink',0,5500,0,'Blink',0,1500,0,'Blink',0,1500,0,'Blink',0,1500,0,'Blink',0,5500,0,'Blink',0,1600,0,'Blink',0,1500,0,'Blink',0,1500,0,'Blink',0,5500,0,'Blink',0,1500,0,'Blink',0,1500,0,'Blink',0,1500,0,'Blink',0,5500,0,'Blink',0,1500,0,'Blink',0,1500,0,'Blink',0,1500,0,'Blink',0,5500,0,'Blink',0,1500,0,'Blink',0,1500,0,'Blink',0,1500,0,'Blink',0,5500,0,'Blink',0,1500,0,'Blink',0,1500,0,'Blink',0,1400,0,'Blink',0,5500,0,'Blink',0,1500,0,'Blink',0,1400,0,'Blink',0,1500,0,'Blink',0,5500,0,'Blink',0,1500,0,'Blink',0,1500,0,'Blink',0,1500,0,'Blink',0,5500,0,'Blink',0,1500,0,'Blink',0,1500,0,'Blink',0,1400,0,'Blink',0,5500,0,'Blink',0,2000,0,'Blink',0,1900,0,'Blink',0,6000,0,'Blink',0,2000,0,'Blink',0,2700,0,'Blink',0,7000,0,'Blink',0
'541',343400,52900,0,'Blink',0,2200,0,'Blink',0,5700,0,'Blink',0,1400,0,'Blink',0,1400,0,'Blink',0,1300,0,'Blink',0,5200,0,'Blink',0,1200,0,'Blink',0,1200,0,'Blink',0,1300,0,'Blink',0,1200,0,'Blink',0,5200,0,'Blink',0,1300,0,'Blink',0,1200,0,'Blink',0,1200,0,'Blink',0,1200,0,'Blink',0,5100,0,'Blink',0,1200,0,'Blink',0,1200,0,'Blink',0,1200,0,'Blink',0,1200,0,'Blink',0,5200,0,'Blink',0,1200,0,'Blink',0,1200,0,'Blink',0,1300,0,'Blink',0,1200,0,'Blink',0,5200,0,'Blink',0,1200,0,'Blink',0,1200,0,'Blink',0,1200,0,'Blink',0,1200,0,'Blink',0,5200,0,'Blink',0,1200,0,'Blink',0,1200,0,'Blink',0,1200,0,'Blink',0,1200,0,'Blink',0,5200,0,'Blink',0,1000,0,'Blink',0,1000,0,'Blink',0,1000,0,'Blink',0,1000,0,'Blink',0,1000,0,'Blink',0,5000,0,'Blink',0,1000,0,'Blink',0,900,0,'Blink',0,900,0,'Blink',0,1000,0,'Blink',0,1000,0,'Blink',0,4900,0,'Blink',0,900,0,'Blink',0,1000,0,'Blink',0,900,0,'Blink',0,800,0,'Blink',0,900,0,'Blink',0,800,0,'Blink',0,4800,0,'Blink',0,800,0,'Blink',0,800,0,'Blink',0,800,0,'Blink',0,800,0,'Blink',0,700,0,'Blink',0,800,0,'Blink',0,700,0,'Blink',0,4800,0,'Blink',0,800,0,'Blink',0,700,0,'Blink',0,800,0,'Blink',0,800,0,'Blink',0,900,0,'Blink',0,900,0,'Blink',0,4900,0,'Blink',0,1000,0,'Blink',0,1000,0,'Blink',0,1000,0,'Blink',0,1100,0,'Blink',0,1100,0,'Blink',0,5100,0,'Blink',0,1200,0,'Blink',0,1200,0,'Blink',0,1200,0,'Blink',0,1300,0,'Blink',0,5500,0,'Blink',0,1500,0,'Blink',0,1400,0,'Blink',0,1500,0,'Blink',0,5500,0,'Blink',0,1500,0,'Blink',0,1500,0,'Blink',0,1500,0,'Blink',0,5400,0,'Blink',0,1900,0,'Blink',0,2000,0,'Blink',0,6000,0,'Blink',0,1900,0,'Blink',0,2800,0,'Blink',0,7000,0,'Blink',0,3000,0,'Blink',0
'542',343400,52900,0,'Blink',0,2200,0,'Blink',0,5700,0,'Blink',0,1400,0,'Blink',0,1400,0,'Blink',0,1300,0,'Blink',0,5200,0,'Blink',0,1200,0,'Blink',0,1200,0,'Blink',0,1300,0,'Blink',0,1200,0,'Blink',0,5200,0,'Blink',0,1300,0,'Blink',0,1200,0,'Blink',0,1200,0,'Blink',0,1200,0,'Blink',0,5100,0,'Blink',0,1200,0,'Blink',0,1200,0,'Blink',0,1200,0,'Blink',0,1200,0,'Blink',0,5200,0,'Blink',0,1200,0,'Blink',0,1200,0,'Blink',0,1300,0,'Blink',0,1200,0,'Blink',0,5200,0,'Blink',0,1200,0,'Blink',0,1200,0,'Blink',0,1200,0,'Blink',0,1200,0,'Blink',0,5200,0,'Blink',0,1200,0,'Blink',0,1200,0,'Blink',0,1200,0,'Blink',0,1200,0,'Blink',0,5200,0,'Blink',0,1000,0,'Blink',0,1000,0,'Blink',0,1000,0,'Blink',0,1000,0,'Blink',0,1000,0,'Blink',0,5000,0,'Blink',0,1000,0,'Blink',0,900,0,'Blink',0,900,0,'Blink',0,1000,0,'Blink',0,1000,0,'Blink',0,4900,0,'Blink',0,900,0,'Blink',0,1000,0,'Blink',0,900,0,'Blink',0,800,0,'Blink',0,900,0,'Blink',0,800,0,'Blink',0,4800,0,'Blink',0,800,0,'Blink',0,800,0,'Blink',0,800,0,'Blink',0,800,0,'Blink',0,700,0,'Blink',0,800,0,'Blink',0,700,0,'Blink',0,4800,0,'Blink',0,800,0,'Blink',0,700,0,'Blink',0,800,0,'Blink',0,800,0,'Blink',0,900,0,'Blink',0,900,0,'Blink',0,4900,0,'Blink',0,1000,0,'Blink',0,1000,0,'Blink',0,1000,0,'Blink',0,1100,0,'Blink',0,1100,0,'Blink',0,5100,0,'Blink',0,1200,0,'Blink',0,1200,0,'Blink',0,1200,0,'Blink',0,1300,0,'Blink',0,5500,0,'Blink',0,1500,0,'Blink',0,1400,0,'Blink',0,1500,0,'Blink',0,5500,0,'Blink',0,1500,0,'Blink',0,1500,0,'Blink',0,1500,0,'Blink',0,5400,0,'Blink',0,1900,0,'Blink',0,2000,0,'Blink',0,6000,0,'Blink',0,1900,0,'Blink',0,2800,0,'Blink',0,7000,0,'Blink',0,3000,0,'Blink',0
'543',343400,52900,0,'Blink',0,2200,0,'Blink',0,5700,0,'Blink',0,1400,0,'Blink',0,1400,0,'Blink',0,1300,0,'Blink',0,5200,0,'Blink',0,1200,0,'Blink',0,1200,0,'Blink',0,1300,0,'Blink',0,1200,0,'Blink',0,5200,0,'Blink',0,1300,0,'Blink',0,1200,0,'Blink',0,1200,0,'Blink',0,1200,0,'Blink',0,5100,0,'Blink',0,1200,0,'Blink',0,1200,0,'Blink',0,1200,0,'Blink',0,1200,0,'Blink',0,5200,0,'Blink',0,1200,0,'Blink',0,1200,0,'Blink',0,1300,0,'Blink',0,1200,0,'Blink',0,5200,0,'Blink',0,1200,0,'Blink',0,1200,0,'Blink',0,1200,0,'Blink',0,1200,0,'Blink',0,5200,0,'Blink',0,1200,0,'Blink',0,1200,0,'Blink',0,1200,0,'Blink',0,1200,0,'Blink',0,5200,0,'Blink',0,1000,0,'Blink',0,1000,0,'Blink',0,1000,0,'Blink',0,1000,0,'Blink',0,1000,0,'Blink',0,5000,0,'Blink',0,1000,0,'Blink',0,900,0,'Blink',0,900,0,'Blink',0,1000,0,'Blink',0,1000,0,'Blink',0,4900,0,'Blink',0,900,0,'Blink',0,1000,0,'Blink',0,900,0,'Blink',0,800,0,'Blink',0,900,0,'Blink',0,800,0,'Blink',0,4800,0,'Blink',0,800,0,'Blink',0,800,0,'Blink',0,800,0,'Blink',0,800,0,'Blink',0,700,0,'Blink',0,800,0,'Blink',0,700,0,'Blink',0,4800,0,'Blink',0,800,0,'Blink',0,700,0,'Blink',0,800,0,'Blink',0,800,0,'Blink',0,900,0,'Blink',0,900,0,'Blink',0,4900,0,'Blink',0,1000,0,'Blink',0,1000,0,'Blink',0,1000,0,'Blink',0,1100,0,'Blink',0,1100,0,'Blink',0,5100,0,'Blink',0,1200,0,'Blink',0,1200,0,'Blink',0,1200,0,'Blink',0,1300,0,'Blink',0,5500,0,'Blink',0,1500,0,'Blink',0,1400,0,'Blink',0,1500,0,'Blink',0,5500,0,'Blink',0,1500,0,'Blink',0,1500,0,'Blink',0,1500,0,'Blink',0,5400,0,'Blink',0,1900,0,'Blink',0,2000,0,'Blink',0,6000,0,'Blink',0,1900,0,'Blink',0,2800,0,'Blink',0,7000,0,'Blink',0,3000,0,'Blink',0
'544',343400,52900,0,'Blink',0,2200,0,'Blink',0,5700,0,'Blink',0,1400,0,'Blink',0,1400,0,'Blink',0,1300,0,'Blink',0,5200,0,'Blink',0,1200,0,'Blink',0,1200,0,'Blink',0,1300,0,'Blink',0,1200,0,'Blink',0,5200,0,'Blink',0,1300,0,'Blink',0,1200,0,'Blink',0,1200,0,'Blink',0,1200,0,'Blink',0,5100,0,'Blink',0,1200,0,'Blink',0,1200,0,'Blink',0,1200,0,'Blink',0,1200,0,'Blink',0,5200,0,'Blink',0,1200,0,'Blink',0,1200,0,'Blink',0,1300,0,'Blink',0,1200,0,'Blink',0,5200,0,'Blink',0,1200,0,'Blink',0,1200,0,'Blink',0,1200,0,'Blink',0,1200,0,'Blink',0,5200,0,'Blink',0,1200,0,'Blink',0,1200,0,'Blink',0,1200,0,'Blink',0,1200,0,'Blink',0,5200,0,'Blink',0,1000,0,'Blink',0,1000,0,'Blink',0,1000,0,'Blink',0,1000,0,'Blink',0,1000,0,'Blink',0,5000,0,'Blink',0,1000,0,'Blink',0,900,0,'Blink',0,900,0,'Blink',0,1000,0,'Blink',0,1000,0,'Blink',0,4900,0,'Blink',0,900,0,'Blink',0,1000,0,'Blink',0,900,0,'Blink',0,800,0,'Blink',0,900,0,'Blink',0,800,0,'Blink',0,4800,0,'Blink',0,800,0,'Blink',0,800,0,'Blink',0,800,0,'Blink',0,800,0,'Blink',0,700,0,'Blink',0,800,0,'Blink',0,700,0,'Blink',0,4800,0,'Blink',0,800,0,'Blink',0,700,0,'Blink',0,800,0,'Blink',0,800,0,'Blink',0,900,0,'Blink',0,900,0,'Blink',0,4900,0,'Blink',0,1000,0,'Blink',0,1000,0,'Blink',0,1000,0,'Blink',0,1100,0,'Blink',0,1100,0,'Blink',0,5100,0,'Blink',0,1200,0,'Blink',0,1200,0,'Blink',0,1200,0,'Blink',0,1300,0,'Blink',0,5500,0,'Blink',0,1500,0,'Blink',0,1400,0,'Blink',0,1500,0,'Blink',0,5500,0,'Blink',0,1500,0,'Blink',0,1500,0,'Blink',0,1500,0,'Blink',0,5400,0,'Blink',0,1900,0,'Blink',0,2000,0,'Blink',0,6000,0,'Blink',0,1900,0,'Blink',0,2800,0,'Blink',0,7000,0,'Blink',0,3000,0,'Blink',0,6800,0,'Blink',0,3000,0,'Blink',0,7000,0,'Blink',0,2800,0,'Blink',0
'545',343400,62300,0,'Blink',0,3500,0,'Blink',0,6000,0,'Blink',0,1800,0,'Blink',0,2000,0,'Blink',0,5500,0,'Blink',0,1500,0,'Blink',0,1500,0,'Blink',0,1500,0,'Blink',0,5500,0,'Blink',0,1500,0,'Blink',0,1500,0,'Blink',0,1500,0,'Blink',0,5500,0,'Blink',0,1600,0,'Blink',0,1500,0,'Blink',0,1400,0,'Blink',0,5500,0,'Blink',0,1400,0,'Blink',0,1400,0,'Blink',0,1400,0,'Blink',0,5600,0,'Blink',0,1400,0,'Blink',0,1400,0,'Blink',0,1400,0,'Blink',0,5400,0,'Blink',0,1200,0,'Blink',0,1200,0,'Blink',0,1200,0,'Blink',0,1200,0,'Blink',0,5200,0,'Blink',0,1200,0,'Blink',0,1200,0,'Blink',0,1200,0,'Blink',0,1200,0,'Blink',0,5200,0,'Blink',0,1200,0,'Blink',0,1200,0,'Blink',0,1200,0,'Blink',0,1200,0,'Blink',0,5200,0,'Blink',0,1200,0,'Blink',0,1200,0,'Blink',0,1200,0,'Blink',0,1200,0,'Blink',0,5200,0,'Blink',0,1200,0,'Blink',0,1200,0,'Blink',0,1200,0,'Blink',0,1200,0,'Blink',0,5200,0,'Blink',0,1200,0,'Blink',0,1200,0,'Blink',0,1200,0,'Blink',0,1300,0,'Blink',0,5400,0,'Blink',0,1500,0,'Blink',0,1400,0,'Blink',0,1500,0,'Blink',0,5500,0,'Blink',0,1500,0,'Blink',0,1500,0,'Blink',0,1500,0,'Blink',0,5500,0,'Blink',0,1500,0,'Blink',0,1500,0,'Blink',0,1400,0,'Blink',0,5500,0,'Blink',0,1900,0,'Blink',0,2000,0,'Blink',0,6000,0,'Blink',0,2000,0,'Blink',0,2700,0,'Blink',0,7000,0,'Blink',0,3000,0,'Blink',0,6800,0,'Blink',0,3000,0,'Blink',0,7000,0,'Blink',0,2800,0,'Blink',0
'546',343400,70400,0,'Blink',0,3000,0,'Blink',0,2100,0,'Blink',0,5900,0,'Blink',0,2000,0,'Blink',0,1500,0,'Blink',0,5500,0,'Blink',0,1500,0,'Blink',0,1500,0,'Blink',0,1600,0,'Blink',0,5500,0,'Blink',0,1600,0,'Blink',0,1500,0,'Blink',0,1500,0,'Blink',0,5500,0,'Blink',0,1500,0,'Blink',0,1600,0,'Blink',0,1500,0,'Blink',0,5500,0,'Blink',0,1500,0,'Blink',0,1500,0,'Blink',0,1500,0,'Blink',0,5500,0,'Blink',0,1500,0,'Blink',0,1500,0,'Blink',0,1500,0,'Blink',0,5500,0,'Blink',0,1600,0,'Blink',0,1500,0,'Blink',0,1500,0,'Blink',0,5500,0,'Blink',0,1500,0,'Blink',0,1500,0,'Blink',0,1500,0,'Blink',0,5500,0,'Blink',0,1500,0,'Blink',0,1500,0,'Blink',0,1500,0,'Blink',0,5500,0,'Blink',0,1500,0,'Blink',0,1500,0,'Blink',0,1500,0,'Blink',0,5500,0,'Blink',0,1500,0,'Blink',0,1500,0,'Blink',0,1400,0,'Blink',0,5500,0,'Blink',0,1500,0,'Blink',0,1400,0,'Blink',0,1500,0,'Blink',0,5500,0,'Blink',0,1500,0,'Blink',0,1500,0,'Blink',0,1500,0,'Blink',0,5500,0,'Blink',0,1500,0,'Blink',0,1500,0,'Blink',0,1400,0,'Blink',0,5500,0,'Blink',0,2000,0,'Blink',0,1900,0,'Blink',0,6000,0,'Blink',0,2000,0,'Blink',0,2800,0,'Blink',0,7000,0,'Blink',0
'547',343400,52900,0,'Blink',0,2200,0,'Blink',0,5700,0,'Blink',0,1400,0,'Blink',0,1400,0,'Blink',0,1300,0,'Blink',0,5200,0,'Blink',0,1200,0,'Blink',0,1200,0,'Blink',0,1300,0,'Blink',0,1200,0,'Blink',0,5200,0,'Blink',0,1300,0,'Blink',0,1200,0,'Blink',0,1200,0,'Blink',0,1200,0,'Blink',0,5100,0,'Blink',0,1200,0,'Blink',0,1200,0,'Blink',0,1200,0,'Blink',0,1200,0,'Blink',0,5200,0,'Blink',0,1200,0,'Blink',0,1200,0,'Blink',0,1300,0,'Blink',0,1200,0,'Blink',0,5200,0,'Blink',0,1200,0,'Blink',0,1200,0,'Blink',0,1200,0,'Blink',0,1200,0,'Blink',0,5200,0,'Blink',0,1200,0,'Blink',0,1200,0,'Blink',0,1200,0,'Blink',0,1200,0,'Blink',0,5200,0,'Blink',0,1000,0,'Blink',0,1000,0,'Blink',0,1000,0,'Blink',0,1000,0,'Blink',0,1000,0,'Blink',0,5000,0,'Blink',0,1000,0,'Blink',0,900,0,'Blink',0,900,0,'Blink',0,1000,0,'Blink',0,1000,0,'Blink',0,4900,0,'Blink',0,900,0,'Blink',0,1000,0,'Blink',0,900,0,'Blink',0,800,0,'Blink',0,900,0,'Blink',0,800,0,'Blink',0,4800,0,'Blink',0,800,0,'Blink',0,800,0,'Blink',0,800,0,'Blink',0,800,0,'Blink',0,700,0,'Blink',0,800,0,'Blink',0,700,0,'Blink',0,4800,0,'Blink',0,800,0,'Blink',0,700,0,'Blink',0,800,0,'Blink',0,800,0,'Blink',0,900,0,'Blink',0,900,0,'Blink',0,4900,0,'Blink',0,1000,0,'Blink',0,1000,0,'Blink',0,1000,0,'Blink',0,1100,0,'Blink',0,1100,0,'Blink',0,5100,0,'Blink',0,1200,0,'Blink',0,1200,0,'Blink',0,1200,0,'Blink',0,1300,0,'Blink',0,5500,0,'Blink',0,1500,0,'Blink',0,1400,0,'Blink',0,1500,0,'Blink',0,5500,0,'Blink',0,1500,0,'Blink',0,1500,0,'Blink',0,1500,0,'Blink',0,5400,0,'Blink',0,1900,0,'Blink',0,2000,0,'Blink',0,6000,0,'Blink',0,1900,0,'Blink',0,2800,0,'Blink',0,7000,0,'Blink',0,3000,0,'Blink',0
'548',343400,62300,0,'Blink',0,3500,0,'Blink',0,6000,0,'Blink',0,1800,0,'Blink',0,2000,0,'Blink',0,5500,0,'Blink',0,1500,0,'Blink',0,1500,0,'Blink',0,1500,0,'Blink',0,5500,0,'Blink',0,1500,0,'Blink',0,1500,0,'Blink',0,1500,0,'Blink',0,5500,0,'Blink',0,1600,0,'Blink',0,1500,0,'Blink',0,1400,0,'Blink',0,5500,0,'Blink',0,1400,0,'Blink',0,1400,0,'Blink',0,1400,0,'Blink',0,5600,0,'Blink',0,1400,0,'Blink',0,1400,0,'Blink',0,1400,0,'Blink',0,5400,0,'Blink',0,1200,0,'Blink',0,1200,0,'Blink',0,1200,0,'Blink',0,1200,0,'Blink',0,5200,0,'Blink',0,1200,0,'Blink',0,1200,0,'Blink',0,1200,0,'Blink',0,1200,0,'Blink',0,5200,0,'Blink',0,1200,0,'Blink',0,1200,0,'Blink',0,1200,0,'Blink',0,1200,0,'Blink',0,5200,0,'Blink',0,1200,0,'Blink',0,1200,0,'Blink',0,1200,0,'Blink',0,1200,0,'Blink',0,5200,0,'Blink',0,1200,0,'Blink',0,1200,0,'Blink',0,1200,0,'Blink',0,1200,0,'Blink',0,5200,0,'Blink',0,1200,0,'Blink',0,1200,0,'Blink',0,1200,0,'Blink',0,1300,0,'Blink',0,5400,0,'Blink',0,1500,0,'Blink',0,1400,0,'Blink',0,1500,0,'Blink',0,5500,0,'Blink',0,1500,0,'Blink',0,1500,0,'Blink',0,1500,0,'Blink',0,5500,0,'Blink',0,1500,0,'Blink',0,1500,0,'Blink',0,1400,0,'Blink',0,5500,0,'Blink',0,1900,0,'Blink',0,2000,0,'Blink',0,6000,0,'Blink',0,2000,0,'Blink',0,2700,0,'Blink',0,7000,0,'Blink',0,3000,0,'Blink',0,6800,0,'Blink',0,3000,0,'Blink',0,7000,0,'Blink',0,2800,0,'Blink',0
'549',343400,62300,0,'Blink',0,3500,0,'Blink',0,6000,0,'Blink',0,1800,0,'Blink',0,2000,0,'Blink',0,5500,0,'Blink',0,1500,0,'Blink',0,1500,0,'Blink',0,1500,0,'Blink',0,5500,0,'Blink',0,1500,0,'Blink',0,1500,0,'Blink',0,1500,0,'Blink',0,5500,0,'Blink',0,1600,0,'Blink',0,1500,0,'Blink',0,1400,0,'Blink',0,5500,0,'Blink',0,1400,0,'Blink',0,1400,0,'Blink',0,1400,0,'Blink',0,5600,0,'Blink',0,1400,0,'Blink',0,1400,0,'Blink',0,1400,0,'Blink',0,5400,0,'Blink',0,1200,0,'Blink',0,1200,0,'Blink',0,1200,0,'Blink',0,1200,0,'Blink',0,5200,0,'Blink',0,1200,0,'Blink',0,1200,0,'Blink',0,1200,0,'Blink',0,1200,0,'Blink',0,5200,0,'Blink',0,1200,0,'Blink',0,1200,0,'Blink',0,1200,0,'Blink',0,1200,0,'Blink',0,5200,0,'Blink',0,1200,0,'Blink',0,1200,0,'Blink',0,1200,0,'Blink',0,1200,0,'Blink',0,5200,0,'Blink',0,1200,0,'Blink',0,1200,0,'Blink',0,1200,0,'Blink',0,1200,0,'Blink',0,5200,0,'Blink',0,1200,0,'Blink',0,1200,0,'Blink',0,1200,0,'Blink',0,1300,0,'Blink',0,5400,0,'Blink',0,1500,0,'Blink',0,1400,0,'Blink',0,1500,0,'Blink',0,5500,0,'Blink',0,1500,0,'Blink',0,1500,0,'Blink',0,1500,0,'Blink',0,5500,0,'Blink',0,1500,0,'Blink',0,1500,0,'Blink',0,1400,0,'Blink',0,5500,0,'Blink',0,1900,0,'Blink',0,2000,0,'Blink',0,6000,0,'Blink',0,2000,0,'Blink',0,2700,0,'Blink',0,7000,0,'Blink',0,3000,0,'Blink',0
'550',343400,70400,0,'Blink',0,3000,0,'Blink',0,2100,0,'Blink',0,5900,0,'Blink',0,2000,0,'Blink',0,1500,0,'Blink',0,5500,0,'Blink',0,1500,0,'Blink',0,1500,0,'Blink',0,1600,0,'Blink',0,5500,0,'Blink',0,1600,0,'Blink',0,1500,0,'Blink',0,1500,0,'Blink',0,5500,0,'Blink',0,1500,0,'Blink',0,1600,0,'Blink',0,1500,0,'Blink',0,5500,0,'Blink',0,1500,0,'Blink',0,1500,0,'Blink',0,1500,0,'Blink',0,5500,0,'Blink',0,1500,0,'Blink',0,1500,0,'Blink',0,1500,0,'Blink',0,5500,0,'Blink',0,1600,0,'Blink',0,1500,0,'Blink',0,1500,0,'Blink',0,5500,0,'Blink',0,1500,0,'Blink',0,1500,0,'Blink',0,1500,0,'Blink',0,5500,0,'Blink',0,1500,0,'Blink',0,1500,0,'Blink',0,1500,0,'Blink',0,5500,0,'Blink',0,1500,0,'Blink',0,1500,0,'Blink',0,1500,0,'Blink',0,5500,0,'Blink',0,1500,0,'Blink',0,1500,0,'Blink',0,1400,0,'Blink',0,5500,0,'Blink',0,1500,0,'Blink',0,1400,0,'Blink',0,1500,0,'Blink',0,5500,0,'Blink',0,1500,0,'Blink',0,1500,0,'Blink',0,1500,0,'Blink',0,5500,0,'Blink',0,1500,0,'Blink',0,1500,0,'Blink',0,1400,0,'Blink',0,5500,0,'Blink',0,2000,0,'Blink',0,1900,0,'Blink',0,6000,0,'Blink',0,2000,0,'Blink',0,2800,0,'Blink',0,7000,0,'Blink',0
'551',343400,62300,0,'Blink',0,3500,0,'Blink',0,6000,0,'Blink',0,1800,0,'Blink',0,2000,0,'Blink',0,5500,0,'Blink',0,1500,0,'Blink',0,1500,0,'Blink',0,1500,0,'Blink',0,5500,0,'Blink',0,1500,0,'Blink',0,1500,0,'Blink',0,1500,0,'Blink',0,5500,0,'Blink',0,1600,0,'Blink',0,1500,0,'Blink',0,1400,0,'Blink',0,5500,0,'Blink',0,1400,0,'Blink',0,1400,0,'Blink',0,1400,0,'Blink',0,5600,0,'Blink',0,1400,0,'Blink',0,1400,0,'Blink',0,1400,0,'Blink',0,5400,0,'Blink',0,1200,0,'Blink',0,1200,0,'Blink',0,1200,0,'Blink',0,1200,0,'Blink',0,5200,0,'Blink',0,1200,0,'Blink',0,1200,0,'Blink',0,1200,0,'Blink',0,1200,0,'Blink',0,5200,0,'Blink',0,1200,0,'Blink',0,1200,0,'Blink',0,1200,0,'Blink',0,1200,0,'Blink',0,5200,0,'Blink',0,1200,0,'Blink',0,1200,0,'Blink',0,1200,0,'Blink',0,1200,0,'Blink',0,5200,0,'Blink',0,1200,0,'Blink',0,1200,0,'Blink',0,1200,0,'Blink',0,1200,0,'Blink',0,5200,0,'Blink',0,1200,0,'Blink',0,1200,0,'Blink',0,1200,0,'Blink',0,1300,0,'Blink',0,5400,0,'Blink',0,1500,0,'Blink',0,1400,0,'Blink',0,1500,0,'Blink',0,5500,0,'Blink',0,1500,0,'Blink',0,1500,0,'Blink',0,1500,0,'Blink',0,5500,0,'Blink',0,1500,0,'Blink',0,1500,0,'Blink',0,1400,0,'Blink',0,5500,0,'Blink',0,1900,0,'Blink',0,2000,0,'Blink',0,6000,0,'Blink',0,2000,0,'Blink',0,2700,0,'Blink',0,7000,0,'Blink',0,3000,0,'Blink',0,6800,0,'Blink',0,3000,0,'Blink',0,7000,0,'Blink',0,2800,0,'Blink',0
'552',343400,62300,0,'Blink',0,3500,0,'Blink',0,6000,0,'Blink',0,1800,0,'Blink',0,2000,0,'Blink',0,5500,0,'Blink',0,1500,0,'Blink',0,1500,0,'Blink',0,1500,0,'Blink',0,5500,0,'Blink',0,1500,0,'Blink',0,1500,0,'Blink',0,1500,0,'Blink',0,5500,0,'Blink',0,1600,0,'Blink',0,1500,0,'Blink',0,1400,0,'Blink',0,5500,0,'Blink',0,1400,0,'Blink',0,1400,0,'Blink',0,1400,0,'Blink',0,5600,0,'Blink',0,1400,0,'Blink',0,1400,0,'Blink',0,1400,0,'Blink',0,5400,0,'Blink',0,1200,0,'Blink',0,1200,0,'Blink',0,1200,0,'Blink',0,1200,0,'Blink',0,5200,0,'Blink',0,1200,0,'Blink',0,1200,0,'Blink',0,1200,0,'Blink',0,1200,0,'Blink',0,5200,0,'Blink',0,1200,0,'Blink',0,1200,0,'Blink',0,1200,0,'Blink',0,1200,0,'Blink',0,5200,0,'Blink',0,1200,0,'Blink',0,1200,0,'Blink',0,1200,0,'Blink',0,1200,0,'Blink',0,5200,0,'Blink',0,1200,0,'Blink',0,1200,0,'Blink',0,1200,0,'Blink',0,1200,0,'Blink',0,5200,0,'Blink',0,1200,0,'Blink',0,1200,0,'Blink',0,1200,0,'Blink',0,1300,0,'Blink',0,5400,0,'Blink',0,1500,0,'Blink',0,1400,0,'Blink',0,1500,0,'Blink',0,5500,0,'Blink',0,1500,0,'Blink',0,1500,0,'Blink',0,1500,0,'Blink',0,5500,0,'Blink',0,1500,0,'Blink',0,1500,0,'Blink',0,1400,0,'Blink',0,5500,0,'Blink',0,1900,0,'Blink',0,2000,0,'Blink',0,6000,0,'Blink',0,2000,0,'Blink',0,2700,0,'Blink',0,7000,0,'Blink',0,3000,0,'Blink',0
