'504',257100,70700,,'',0,12200,,'',0,9500,,'',0,7800,,'',0,5400,,'',0,7400,,'',0,7500,,'',0,3700,,'',0,7600,,'',0,3600,,'',0,7700,,'',0,7600,,'',0,3800,,'',0,7600,,'',0,3600,,'',0,8200,,'',0,8200,,'',0,8000,,'',0,4000,,'',0
'504',257101,70300,4,'',0,10600,4,'',0,12500,4,'',0,9800,4,'',0,8100,4,'',0,3800,4,'',0,7600,4,'',0,7600,4,'',0,3700,4,'',0,7700,4,'',0,3600,4,'',0,7800,4,'',0,7600,4,'',0,3600,4,'',0,7600,4,'',0,9200,4,'',0,4100,4,'',0,7900,4,'',0
'505',257100,65900,,'',0,6500,,'',0,2600,,'',0,6800,,'',0,3700,,'',0,7600,,'',0,7600,,'',0,3500,,'',0,7600,,'',0,3500,,'',0,7600,,'',0,7400,,'',0,4500,,'',0,7000,,'',0,3000,,'',0,7000,,'',0,3400,,'',0,7200,,'',0,3500,,'',0,8200,,'',0,8200,,'',0,8100,,'',0,4000,,'',0,8000,,'',0
'505',257101,70200,4,'',0,3300,4,'',0,7100,4,'',0,2900,4,'',0,8100,4,'',0,3200,4,'',0,7700,4,'',0,7600,4,'',0,3600,4,'',0,7700,4,'',0,3600,4,'',0,7600,4,'',0,7600,4,'',0,3300,4,'',0,7000,4,'',0,3000,4,'',0,7200,4,'',0,3100,4,'',0,7200,4,'',0,3100,4,'',0,7100,4,'',0,3900,4,'',0,7800,4,'',0,7800,4,'',0
'506',257100,65900,,'',0,6500,,'',0,2600,,'',0,6800,,'',0,3700,,'',0,7600,,'',0,7600,,'',0,3500,,'',0,7600,,'',0,3500,,'',0,7600,,'',0,7400,,'',0,4500,,'',0,7000,,'',0,3000,,'',0,7000,,'',0,3400,,'',0,7200,,'',0,3500,,'',0,8200,,'',0,8200,,'',0,8100,,'',0,4000,,'',0,8000,,'',0
'506',257101,70200,4,'',0,3300,4,'',0,7100,4,'',0,2900,4,'',0,8100,4,'',0,3200,4,'',0,7700,4,'',0,7600,4,'',0,3600,4,'',0,7700,4,'',0,3600,4,'',0,7600,4,'',0,7600,4,'',0,3300,4,'',0,7000,4,'',0,3000,4,'',0,7200,4,'',0,3100,4,'',0,7200,4,'',0,3100,4,'',0,7100,4,'',0,3900,4,'',0,7800,4,'',0,7800,4,'',0
'507',257100,65900,,'',0,6500,,'',0,2600,,'',0,6800,,'',0,3700,,'',0,7600,,'',0,7600,,'',0,3500,,'',0,7600,,'',0,3500,,'',0,7600,,'',0,7400,,'',0,4500,,'',0,7000,,'',0,3000,,'',0,7000,,'',0,3400,,'',0,7200,,'',0,3500,,'',0,8200,,'',0,8200,,'',0,8100,,'',0,4000,,'',0,8000,,'',0
'507',257101,70200,4,'',0,3300,4,'',0,7100,4,'',0,2900,4,'',0,8100,4,'',0,3200,4,'',0,7700,4,'',0,7600,4,'',0,3600,4,'',0,7700,4,'',0,3600,4,'',0,7600,4,'',0,7600,4,'',0,3300,4,'',0,7000,4,'',0,3000,4,'',0,7200,4,'',0,3100,4,'',0,7200,4,'',0,3100,4,'',0,7100,4,'',0,3900,4,'',0,7800,4,'',0,7800,4,'',0
'508',257100,65900,,'',0,6500,,'',0,2600,,'',0,6800,,'',0,3700,,'',0,7600,,'',0,7600,,'',0,3500,,'',0,7600,,'',0,3500,,'',0,7600,,'',0,7400,,'',0,4500,,'',0,7000,,'',0,3000,,'',0,7000,,'',0,3400,,'',0,7200,,'',0,3500,,'',0,8200,,'',0,8200,,'',0,8100,,'',0,4000,,'',0,8000,,'',0
'508',257101,70200,4,'',0,3300,4,'',0,7100,4,'',0,2900,4,'',0,8100,4,'',0,3200,4,'',0,7700,4,'',0,7600,4,'',0,3600,4,'',0,7700,4,'',0,3600,4,'',0,7600,4,'',0,7600,4,'',0,3300,4,'',0,7000,4,'',0,3000,4,'',0,7200,4,'',0,3100,4,'',0,7200,4,'',0,3100,4,'',0,7100,4,'',0,3900,4,'',0,7800,4,'',0,7800,4,'',0
'509',257100,70700,,'',0,12200,,'',0,9500,,'',0,7800,,'',0,5400,,'',0,7400,,'',0,7500,,'',0,3700,,'',0,7600,,'',0,3600,,'',0,7700,,'',0,7600,,'',0,3800,,'',0,7600,,'',0,3600,,'',0,8200,,'',0,8200,,'',0,8000,,'',0,4000,,'',0
'509',257101,70300,4,'',0,10600,4,'',0,12500,4,'',0,9800,4,'',0,8100,4,'',0,3800,4,'',0,7600,4,'',0,7600,4,'',0,3700,4,'',0,7700,4,'',0,3600,4,'',0,7800,4,'',0,7600,4,'',0,3600,4,'',0,7600,4,'',0,9200,4,'',0,4100,4,'',0,7900,4,'',0
'510',257100,70700,,'',0,12200,,'',0,11600,,'',0,9700,,'',0,7600,,'',0,9300,,'',0,3600,,'',0,7600,,'',0,3600,,'',0,7600,,'',0,7600,,'',0,3600,,'',0,7600,,'',0,3500,,'',0,8200,,'',0,8100,,'',0,8200,,'',0
'510',257101,80700,4,'',0,12500,4,'',0,12200,4,'',0,9900,4,'',0,7700,4,'',0,7700,4,'',0,3700,4,'',0,7600,4,'',0,3600,4,'',0,7600,4,'',0,7600,4,'',0,3600,4,'',0,7600,4,'',0,9100,4,'',0,4100,4,'',0
'511',257100,65900,,'',0,6500,,'',0,2600,,'',0,6800,,'',0,3700,,'',0,7600,,'',0,7600,,'',0,3500,,'',0,7600,,'',0,3500,,'',0,7600,,'',0,7400,,'',0,4500,,'',0,7000,,'',0,3000,,'',0,7000,,'',0,3400,,'',0,7200,,'',0,3500,,'',0,8200,,'',0,8200,,'',0,8100,,'',0,4000,,'',0,8000,,'',0
'511',257101,70200,4,'',0,3300,4,'',0,7100,4,'',0,2900,4,'',0,8100,4,'',0,3200,4,'',0,7700,4,'',0,7600,4,'',0,3600,4,'',0,7700,4,'',0,3600,4,'',0,7600,4,'',0,7600,4,'',0,3300,4,'',0,7000,4,'',0,3000,4,'',0,7200,4,'',0,3100,4,'',0,7200,4,'',0,3100,4,'',0,7100,4,'',0,3900,4,'',0,7800,4,'',0,7800,4,'',0
'512',257100,70700,,'',0,12200,,'',0,11600,,'',0,9700,,'',0,7600,,'',0,9300,,'',0,3600,,'',0,7600,,'',0,3600,,'',0,7600,,'',0,7600,,'',0,3600,,'',0,7600,,'',0,3500,,'',0,8200,,'',0,8100,,'',0,8200,,'',0
'512',257101,80700,4,'',0,12500,4,'',0,12200,4,'',0,9900,4,'',0,7700,4,'',0,7700,4,'',0,3700,4,'',0,7600,4,'',0,3600,4,'',0,7600,4,'',0,7600,4,'',0,3600,4,'',0,7600,4,'',0,9100,4,'',0,4100,4,'',0
'513',257100,70700,,'',0,12200,,'',0,11600,,'',0,9700,,'',0,7600,,'',0,9300,,'',0,3600,,'',0,7600,,'',0,3600,,'',0,7600,,'',0,7600,,'',0,3600,,'',0,7600,,'',0,3500,,'',0,8200,,'',0,8100,,'',0,8200,,'',0
'513',257101,80700,4,'',0,12500,4,'',0,12200,4,'',0,9900,4,'',0,7700,4,'',0,7700,4,'',0,3700,4,'',0,7600,4,'',0,3600,4,'',0,7600,4,'',0,7600,4,'',0,3600,4,'',0,7600,4,'',0,9100,4,'',0,4100,4,'',0
