'504',9500,64800,,'',0,10000,,'',0,10000,,'',0,9100,,'',0,8500,,'',0,8500,,'',0,4500,,'',0,8500,,'',0,8500,,'',0,8500,,'',0,4500,,'',0,8500,,'',0,8500,,'',0,8500,,'',0,4500,,'',0,8500,,'',0,9500,,'',0,10100,,'',0,10000,,'',0,10000,,'',0,10000,,'',0
'504',9501,74000,4,'',0,10000,4,'',0,8800,4,'',0,8500,4,'',0,4500,4,'',0,8500,4,'',0,8500,4,'',0,8500,4,'',0,4500,4,'',0,8500,4,'',0,8500,4,'',0,8500,4,'',0,4500,4,'',0,8500,4,'',0,8500,4,'',0,9200,4,'',0,10000,4,'',0,10000,4,'',0,10000,4,'',0,10000,4,'',0,10000,4,'',0
'505',9500,60000,,'',0,3000,,'',0,7000,,'',0,3000,,'',0,7000,,'',0,2200,0,'Langford Exch',0,300,,'',0,8500,,'',0,4500,,'',0,8500,,'',0,8300,,'',0,8500,,'',0,3700,,'',0,7400,,'',0,3400,,'',0,7000,,'',0,7700,,'',0,3000,,'',0,7900,,'',0,3600,,'',0,7200,,'',0,3200,,'',0,7000,,'',0,3600,,'',0,8200,,'',0,10000,,'',0,10000,,'',0,10000,,'',0,10000,,'',0
'505',9501,61200,4,'',0,3000,4,'',0,1600,4,'',0,5700,4,'',0,3000,4,'',0,7000,4,'',0,3000,4,'',0,1300,4,'',0,5900,4,'',0,3000,4,'',0,7300,4,'',0,8500,4,'',0,4600,4,'',0,8500,4,'',0,8600,4,'',0,8500,4,'',0,4400,4,'',0,7000,4,'',0,2500,4,'',0,1300,4,'',0,7300,4,'',0,7500,4,'',0,3000,4,'',0,7000,4,'',0,3300,4,'',0,7000,4,'',0,3000,4,'',0,8100,4,'',0,10000,4,'',0,9900,4,'',0,10000,4,'',0,10000,4,'',0
'506',9500,60000,,'',0,3000,,'',0,7000,,'',0,3000,,'',0,7000,,'',0,2200,0,'Langford Exch',0,300,,'',0,8500,,'',0,4500,,'',0,8500,,'',0,8300,,'',0,8500,,'',0,3700,,'',0,7400,,'',0,3400,,'',0,7000,,'',0,7700,,'',0,3000,,'',0,7900,,'',0,3600,,'',0,7200,,'',0,3200,,'',0,7000,,'',0,3600,,'',0,8200,,'',0,10000,,'',0,10000,,'',0,10000,,'',0,10000,,'',0
'506',9501,61200,4,'',0,3000,4,'',0,1600,4,'',0,5700,4,'',0,3000,4,'',0,7000,4,'',0,3000,4,'',0,1300,4,'',0,5900,4,'',0,3000,4,'',0,7300,4,'',0,8500,4,'',0,4600,4,'',0,8500,4,'',0,8600,4,'',0,8500,4,'',0,4400,4,'',0,7000,4,'',0,2500,4,'',0,1300,4,'',0,7300,4,'',0,7500,4,'',0,3000,4,'',0,7000,4,'',0,3300,4,'',0,7000,4,'',0,3000,4,'',0,8100,4,'',0,10000,4,'',0,9900,4,'',0,10000,4,'',0,10000,4,'',0
'507',9500,60000,,'',0,3000,,'',0,7000,,'',0,3000,,'',0,7000,,'',0,2200,0,'Langford Exch',0,300,,'',0,8500,,'',0,4500,,'',0,8500,,'',0,8300,,'',0,8500,,'',0,3700,,'',0,7400,,'',0,3400,,'',0,7000,,'',0,7700,,'',0,3000,,'',0,7900,,'',0,3600,,'',0,7200,,'',0,3200,,'',0,7000,,'',0,3600,,'',0,8200,,'',0,10000,,'',0,10000,,'',0,10000,,'',0,10000,,'',0
'507',9501,61200,4,'',0,3000,4,'',0,1600,4,'',0,5700,4,'',0,3000,4,'',0,7000,4,'',0,3000,4,'',0,1300,4,'',0,5900,4,'',0,3000,4,'',0,7300,4,'',0,8500,4,'',0,4600,4,'',0,8500,4,'',0,8600,4,'',0,8500,4,'',0,4400,4,'',0,7000,4,'',0,2500,4,'',0,1300,4,'',0,7300,4,'',0,7500,4,'',0,3000,4,'',0,7000,4,'',0,3300,4,'',0,7000,4,'',0,3000,4,'',0,8100,4,'',0,10000,4,'',0,9900,4,'',0,10000,4,'',0,10000,4,'',0
'508',9500,60000,,'',0,3000,,'',0,7000,,'',0,3000,,'',0,7000,,'',0,2200,0,'Langford Exch',0,300,,'',0,8500,,'',0,4500,,'',0,8500,,'',0,8300,,'',0,8500,,'',0,3700,,'',0,7400,,'',0,3400,,'',0,7000,,'',0,7700,,'',0,3000,,'',0,7900,,'',0,3600,,'',0,7200,,'',0,3200,,'',0,7000,,'',0,3600,,'',0,8200,,'',0,10000,,'',0,10000,,'',0,10000,,'',0,10000,,'',0
'508',9501,61200,4,'',0,3000,4,'',0,1600,4,'',0,5700,4,'',0,3000,4,'',0,7000,4,'',0,3000,4,'',0,1300,4,'',0,5900,4,'',0,3000,4,'',0,7300,4,'',0,8500,4,'',0,4600,4,'',0,8500,4,'',0,8600,4,'',0,8500,4,'',0,4300,4,'',0,100,4,'',0,7000,4,'',0,3800,4,'',0,7300,4,'',0,7500,4,'',0,3000,4,'',0,7000,4,'',0,3300,4,'',0,7000,4,'',0,3000,4,'',0,8100,4,'',0,10000,4,'',0,9900,4,'',0,10000,4,'',0,10000,4,'',0
'509',9500,64800,,'',0,10000,,'',0,10000,,'',0,9100,,'',0,8500,,'',0,8500,,'',0,4500,,'',0,8500,,'',0,8500,,'',0,8500,,'',0,4500,,'',0,8500,,'',0,8500,,'',0,8500,,'',0,4500,,'',0,8500,,'',0,9500,,'',0,10100,,'',0,10000,,'',0,10000,,'',0,10000,,'',0
'509',9501,74000,4,'',0,10000,4,'',0,8800,4,'',0,8500,4,'',0,4500,4,'',0,8500,4,'',0,8500,4,'',0,8500,4,'',0,4500,4,'',0,8500,4,'',0,8500,4,'',0,8500,4,'',0,4500,4,'',0,8500,4,'',0,8500,4,'',0,9200,4,'',0,10000,4,'',0,10000,4,'',0,10000,4,'',0,10000,4,'',0,10000,4,'',0
'510',9500,72200,,'',0,10000,,'',0,10000,,'',0,9900,,'',0,10000,,'',0,10000,,'',0,10000,,'',0,10000,,'',0,10000,,'',0,10000,,'',0,10000,,'',0,10000,,'',0,10900,,'',0,10000,,'',0,10000,,'',0,10000,,'',0
'510',9501,80400,4,'',0,10900,4,'',0,10000,4,'',0,10000,4,'',0,10000,4,'',0,10000,4,'',0,10000,4,'',0,10000,4,'',0,10000,4,'',0,10000,4,'',0,10000,4,'',0,10000,4,'',0,10500,4,'',0,10000,4,'',0,10000,4,'',0,10000,4,'',0
'511',9500,60000,,'',0,3000,,'',0,7000,,'',0,3000,,'',0,7000,,'',0,2200,0,'Langford Exch',0,300,,'',0,8500,,'',0,4500,,'',0,8500,,'',0,8300,,'',0,8500,,'',0,3700,,'',0,7400,,'',0,3400,,'',0,7000,,'',0,7700,,'',0,3000,,'',0,7900,,'',0,3600,,'',0,7200,,'',0,3200,,'',0,7000,,'',0,3600,,'',0,8200,,'',0,10000,,'',0,10000,,'',0,10000,,'',0,10000,,'',0
'511',9501,61200,4,'',0,3000,4,'',0,1600,4,'',0,5700,4,'',0,3000,4,'',0,7000,4,'',0,3000,4,'',0,1300,4,'',0,5900,4,'',0,3000,4,'',0,7300,4,'',0,8500,4,'',0,4600,4,'',0,8500,4,'',0,8600,4,'',0,8500,4,'',0,4400,4,'',0,7000,4,'',0,2500,4,'',0,1300,4,'',0,7300,4,'',0,7500,4,'',0,3000,4,'',0,7000,4,'',0,3300,4,'',0,7000,4,'',0,3000,4,'',0,8100,4,'',0,10000,4,'',0,9900,4,'',0,10000,4,'',0,10000,4,'',0
'512',9500,72200,,'',0,10000,,'',0,10000,,'',0,9900,,'',0,10000,,'',0,10000,,'',0,10000,,'',0,10000,,'',0,10000,,'',0,10000,,'',0,10000,,'',0,10000,,'',0,10900,,'',0,10000,,'',0,10000,,'',0,10000,,'',0
'512',9501,80400,4,'',0,10900,4,'',0,10000,4,'',0,10000,4,'',0,10000,4,'',0,10000,4,'',0,10000,4,'',0,10000,4,'',0,10000,4,'',0,10000,4,'',0,10000,4,'',0,10000,4,'',0,10500,4,'',0,10000,4,'',0,10000,4,'',0,10000,4,'',0
'513',9500,72200,,'',0,10000,,'',0,10000,,'',0,9900,,'',0,10000,,'',0,10000,,'',0,10000,,'',0,10000,,'',0,10000,,'',0,10000,,'',0,10000,,'',0,10000,,'',0,10900,,'',0,10000,,'',0,10000,,'',0,10000,,'',0
'513',9501,80400,4,'',0,10900,4,'',0,10000,4,'',0,10000,4,'',0,10000,4,'',0,10000,4,'',0,10000,4,'',0,10000,4,'',0,10000,4,'',0,10000,4,'',0,10000,4,'',0,10000,4,'',0,10500,4,'',0,10000,4,'',0,10000,4,'',0,10000,4,'',0
'505',9801,70500,4,'',0
'506',9801,70500,4,'',0
'507',9801,70500,4,'',0
'508',9801,70500,4,'',0
'511',9801,70500,4,'',0
