'541',8201,71500,0,'X',0,3000,0,'X',0
'542',8201,71500,0,'X',0,3000,0,'X',0
'543',8201,71500,0,'X',0,3000,0,'X',0
'544',8201,71500,0,'X',0,3000,0,'X',0
'547',8201,71500,0,'X',0,3000,0,'X',0
'540',8300,65200,4,'',0,7900,4,'',0,2800,4,'',0,7000,4,'',0,7100,4,'',0,3000,4,'',0,2100,4,'',0,6600,4,'',0,2400,4,'',0,6400,4,'',0,2400,4,'',0,2400,4,'',0,6400,4,'',0,2500,4,'',0,6400,4,'',0,2400,4,'',0,2400,4,'',0,6400,4,'',0,2400,4,'',0,6400,4,'',0,2400,4,'',0,2400,4,'',0,6400,4,'',0,2400,4,'',0,6400,4,'',0,2400,4,'',0,2400,4,'',0,6400,4,'',0,2500,4,'',0,6800,4,'',0,3000,4,'',0,7000,4,'',0,3000,4,'',0,8000,4,'',0,8900,4,'',0,9000,4,'',0,5300,4,'',0
'540',8301,65200,,'',0,7900,,'',0,7000,,'',0,3000,,'',0,6900,,'',0,3000,,'',0,2400,,'',0,6400,,'',0,2500,,'',0,6400,,'',0,2300,,'',0,2400,,'',0,6400,,'',0,2400,,'',0,6500,,'',0,2400,,'',0,2400,,'',0,6400,,'',0,2400,,'',0,6400,,'',0,2400,,'',0,2400,,'',0,6400,,'',0,2400,,'',0,6300,,'',0,2400,,'',0,2500,,'',0,6400,,'',0,2500,,'',0,6800,,'',0,3000,,'',0,7000,,'',0,3000,,'',0,7900,,'',0,9100,,'',0,8800,,'',0,5400,,'',0
'541',8300,60400,4,'',0,2700,4,'',0,2100,4,'',0,5900,4,'',0,1800,4,'',0,1800,4,'',0,6000,4,'',0,2000,4,'',0,2000,4,'',0,6000,4,'',0,2300,4,'',0,2300,4,'',0,6400,4,'',0,2300,4,'',0,6400,4,'',0,2400,4,'',0,2400,4,'',0,6400,4,'',0,2500,4,'',0,6400,4,'',0,2400,4,'',0,2400,4,'',0,6400,4,'',0,2100,4,'',0,1900,4,'',0,6000,4,'',0,1900,4,'',0,1900,4,'',0,5900,4,'',0,1900,4,'',0,2000,4,'',0,6000,4,'',0,1900,4,'',0,1900,4,'',0,5800,4,'',0,1900,4,'',0,2300,4,'',0,6400,4,'',0,2500,4,'',0,7000,4,'',0,3000,4,'',0,7000,4,'',0,3000,4,'',0,7000,4,'',0,3100,4,'',0,7900,4,'',0,8000,4,'',0,4000,4,'',0
'541',8301,60400,,'',0,2700,,'',0,2100,,'',0,5900,,'',0,2000,,'',0,1900,,'',0,5900,,'',0,2100,,'',0,2000,,'',0,6000,,'',0,2000,,'',0,2400,,'',0,6400,,'',0,2400,,'',0,6400,,'',0,2500,,'',0,2400,,'',0,6400,,'',0,2400,,'',0,6400,,'',0,2400,,'',0,2300,,'',0,6500,,'',0,2200,,'',0,5900,,'',0,1900,,'',0,1900,,'',0,1900,,'',0,5900,,'',0,2000,,'',0,1900,,'',0,5900,,'',0,1900,,'',0,1900,,'',0,5900,,'',0,2000,,'',0,2300,,'',0,6200,,'',0,2500,,'',0,7000,,'',0,3000,,'',0,7100,,'',0,3000,,'',0,7000,,'',0,3100,,'',0,7800,,'',0,7900,,'',0,4000,,'',0
'542',8300,60400,4,'',0,2700,4,'',0,2100,4,'',0,5900,4,'',0,1800,4,'',0,1800,4,'',0,6000,4,'',0,2000,4,'',0,2000,4,'',0,6000,4,'',0,2300,4,'',0,2300,4,'',0,6400,4,'',0,2300,4,'',0,6400,4,'',0,2400,4,'',0,2400,4,'',0,6400,4,'',0,2500,4,'',0,6400,4,'',0,2400,4,'',0,2400,4,'',0,6400,4,'',0,2100,4,'',0,1900,4,'',0,6000,4,'',0,1900,4,'',0,1900,4,'',0,5900,4,'',0,1900,4,'',0,2000,4,'',0,6000,4,'',0,1900,4,'',0,1900,4,'',0,5800,4,'',0,1900,4,'',0,2300,4,'',0,6400,4,'',0,2500,4,'',0,7000,4,'',0,3000,4,'',0,7000,4,'',0,3000,4,'',0,7000,4,'',0,3100,4,'',0,7900,4,'',0,8000,4,'',0,4000,4,'',0
'542',8301,60400,,'',0,2700,,'',0,2100,,'',0,5900,,'',0,2000,,'',0,1900,,'',0,5900,,'',0,2100,,'',0,2000,,'',0,6000,,'',0,2000,,'',0,2400,,'',0,6400,,'',0,2400,,'',0,6400,,'',0,2500,,'',0,2400,,'',0,6400,,'',0,2400,,'',0,6400,,'',0,2400,,'',0,2300,,'',0,6500,,'',0,2200,,'',0,5900,,'',0,1900,,'',0,1900,,'',0,1900,,'',0,5900,,'',0,2000,,'',0,1900,,'',0,5900,,'',0,1900,,'',0,1900,,'',0,5900,,'',0,2000,,'',0,2300,,'',0,6200,,'',0,2500,,'',0,7000,,'',0,3000,,'',0,7100,,'',0,3000,,'',0,7000,,'',0,3100,,'',0,7800,,'',0,7900,,'',0,4000,,'',0
'543',8300,60400,4,'',0,2700,4,'',0,2100,4,'',0,5900,4,'',0,1800,4,'',0,1800,4,'',0,6000,4,'',0,2000,4,'',0,2000,4,'',0,6000,4,'',0,2300,4,'',0,2300,4,'',0,6400,4,'',0,2300,4,'',0,6400,4,'',0,2400,4,'',0,2400,4,'',0,6400,4,'',0,2500,4,'',0,6400,4,'',0,2400,4,'',0,2400,4,'',0,6400,4,'',0,2100,4,'',0,1900,4,'',0,6000,4,'',0,1900,4,'',0,1900,4,'',0,5900,4,'',0,1900,4,'',0,2000,4,'',0,6000,4,'',0,1900,4,'',0,1900,4,'',0,5800,4,'',0,1900,4,'',0,2300,4,'',0,6400,4,'',0,2500,4,'',0,7000,4,'',0,3000,4,'',0,7000,4,'',0,3000,4,'',0,7000,4,'',0,3100,4,'',0,7900,4,'',0,8000,4,'',0,4000,4,'',0
'543',8301,60400,,'',0,2700,,'',0,2100,,'',0,5900,,'',0,2000,,'',0,1900,,'',0,5900,,'',0,2100,,'',0,2000,,'',0,6000,,'',0,2000,,'',0,2400,,'',0,6400,,'',0,2400,,'',0,6400,,'',0,2500,,'',0,2400,,'',0,6400,,'',0,2400,,'',0,6400,,'',0,2400,,'',0,2300,,'',0,6500,,'',0,2200,,'',0,5900,,'',0,1900,,'',0,1900,,'',0,1900,,'',0,5900,,'',0,2000,,'',0,1900,,'',0,5900,,'',0,1900,,'',0,1900,,'',0,5900,,'',0,2000,,'',0,2300,,'',0,6200,,'',0,2500,,'',0,7000,,'',0,3000,,'',0,7100,,'',0,3000,,'',0,7000,,'',0,3100,,'',0,7800,,'',0,7900,,'',0,4000,,'',0
'544',8300,60400,4,'',0,2700,4,'',0,2100,4,'',0,5900,4,'',0,1800,4,'',0,1800,4,'',0,6000,4,'',0,2000,4,'',0,2000,4,'',0,6000,4,'',0,2300,4,'',0,2300,4,'',0,6400,4,'',0,2300,4,'',0,6400,4,'',0,2400,4,'',0,2400,4,'',0,6400,4,'',0,2500,4,'',0,6400,4,'',0,2400,4,'',0,2400,4,'',0,6400,4,'',0,2100,4,'',0,1900,4,'',0,6000,4,'',0,1900,4,'',0,1900,4,'',0,5900,4,'',0,1900,4,'',0,2000,4,'',0,6000,4,'',0,1900,4,'',0,1900,4,'',0,5800,4,'',0,1900,4,'',0,2300,4,'',0,6400,4,'',0,2500,4,'',0,7000,4,'',0,3000,4,'',0,7000,4,'',0,3000,4,'',0,7000,4,'',0,3100,4,'',0,7900,4,'',0,8000,4,'',0,4000,4,'',0,8000,4,'',0,8000,4,'',0,4000,4,'',0
'544',8301,60400,,'',0,2700,,'',0,2100,,'',0,5900,,'',0,2000,,'',0,1900,,'',0,5900,,'',0,2100,,'',0,2000,,'',0,6000,,'',0,2000,,'',0,2400,,'',0,6400,,'',0,2400,,'',0,6400,,'',0,2500,,'',0,2400,,'',0,6400,,'',0,2400,,'',0,6400,,'',0,2400,,'',0,2300,,'',0,6500,,'',0,2200,,'',0,5900,,'',0,1900,,'',0,1900,,'',0,1900,,'',0,5900,,'',0,2000,,'',0,1900,,'',0,5900,,'',0,1900,,'',0,1900,,'',0,5900,,'',0,2000,,'',0,2300,,'',0,6200,,'',0,2500,,'',0,7000,,'',0,3000,,'',0,7100,,'',0,3000,,'',0,7000,,'',0,3100,,'',0,7800,,'',0,7900,,'',0,4000,,'',0,8000,,'',0,8000,0,'To Hillside',0,4000,0,'To Hillside',0
'545',8300,64000,4,'',0,7200,4,'',0,2900,4,'',0,6800,4,'',0,2900,4,'',0,6600,4,'',0,2600,4,'',0,2400,4,'',0,6400,4,'',0,2400,4,'',0,6400,4,'',0,2400,4,'',0,2500,4,'',0,6500,4,'',0,2500,4,'',0,6400,4,'',0,2500,4,'',0,2400,4,'',0,6400,4,'',0,2200,4,'',0,6000,4,'',0,2000,4,'',0,2100,4,'',0,6100,4,'',0,2000,4,'',0,2000,4,'',0,6000,4,'',0,2000,4,'',0,2000,4,'',0,6000,4,'',0,2000,4,'',0,2100,4,'',0,6300,4,'',0,2400,4,'',0,7100,4,'',0,2900,4,'',0,6900,4,'',0,2900,4,'',0,7000,4,'',0,3900,4,'',0,7900,4,'',0,8000,4,'',0,4000,4,'',0,8000,4,'',0,8000,4,'',0,4000,4,'',0
'545',8301,64000,,'',0,7400,,'',0,3000,,'',0,6800,,'',0,2800,,'',0,6700,,'',0,2500,,'',0,2500,,'',0,6200,,'',0,2500,,'',0,6500,,'',0,2400,,'',0,2300,,'',0,6400,,'',0,2600,,'',0,6400,,'',0,2500,,'',0,2400,,'',0,6400,,'',0,2200,,'',0,6000,,'',0,2000,,'',0,2000,,'',0,6100,,'',0,2000,,'',0,2000,,'',0,6000,,'',0,2000,,'',0,2100,,'',0,6000,,'',0,2000,,'',0,2100,,'',0,6200,,'',0,2500,,'',0,7100,,'',0,2900,,'',0,7000,,'',0,2900,,'',0,7100,,'',0,3600,,'',0,8000,,'',0,7900,,'',0,4000,,'',0,8000,,'',0,8000,0,'To Hillside',0,4000,0,'To Hillside',0
'546',8300,65200,4,'',0,7900,4,'',0,2800,4,'',0,7000,4,'',0,7100,4,'',0,3000,4,'',0,2100,4,'',0,6600,4,'',0,2400,4,'',0,6400,4,'',0,2400,4,'',0,2400,4,'',0,6400,4,'',0,2500,4,'',0,6400,4,'',0,2400,4,'',0,2400,4,'',0,6400,4,'',0,2400,4,'',0,6400,4,'',0,2400,4,'',0,2400,4,'',0,6400,4,'',0,2400,4,'',0,6400,4,'',0,2400,4,'',0,2400,4,'',0,6400,4,'',0,2500,4,'',0,6800,4,'',0,3000,4,'',0,7000,4,'',0,3000,4,'',0,8000,4,'',0,8900,4,'',0,9000,4,'',0,5300,4,'',0
'546',8301,65200,,'',0,7900,,'',0,7000,,'',0,3000,,'',0,6900,,'',0,3000,,'',0,2400,,'',0,6400,,'',0,2500,,'',0,6400,,'',0,2300,,'',0,2400,,'',0,6400,,'',0,2400,,'',0,6500,,'',0,2400,,'',0,2400,,'',0,6400,,'',0,2400,,'',0,6400,,'',0,2400,,'',0,2400,,'',0,6400,,'',0,2400,,'',0,6300,,'',0,2400,,'',0,2500,,'',0,6400,,'',0,2500,,'',0,6800,,'',0,3000,,'',0,7000,,'',0,3000,,'',0,7900,,'',0,9100,,'',0,8800,,'',0,5400,,'',0
'547',8300,60400,4,'',0,2700,4,'',0,2100,4,'',0,5900,4,'',0,1800,4,'',0,1800,4,'',0,6000,4,'',0,2000,4,'',0,2000,4,'',0,6000,4,'',0,2300,4,'',0,2300,4,'',0,6400,4,'',0,2300,4,'',0,6400,4,'',0,2400,4,'',0,2400,4,'',0,6400,4,'',0,2500,4,'',0,6400,4,'',0,2400,4,'',0,2400,4,'',0,6400,4,'',0,2100,4,'',0,1900,4,'',0,6000,4,'',0,1900,4,'',0,1900,4,'',0,5900,4,'',0,1900,4,'',0,2000,4,'',0,6000,4,'',0,1900,4,'',0,1900,4,'',0,5800,4,'',0,1900,4,'',0,2300,4,'',0,6400,4,'',0,2500,4,'',0,7000,4,'',0,3000,4,'',0,7000,4,'',0,3000,4,'',0,7000,4,'',0,3100,4,'',0,7900,4,'',0,8000,4,'',0,4000,4,'',0
'547',8301,60400,,'',0,2700,,'',0,2100,,'',0,5900,,'',0,2000,,'',0,1900,,'',0,5900,,'',0,2100,,'',0,2000,,'',0,6000,,'',0,2000,,'',0,2400,,'',0,6400,,'',0,2400,,'',0,6400,,'',0,2500,,'',0,2400,,'',0,6400,,'',0,2400,,'',0,6400,,'',0,2400,,'',0,2300,,'',0,6500,,'',0,2200,,'',0,5900,,'',0,1900,,'',0,1900,,'',0,1900,,'',0,5900,,'',0,2000,,'',0,1900,,'',0,5900,,'',0,1900,,'',0,1900,,'',0,5900,,'',0,2000,,'',0,2300,,'',0,6200,,'',0,2500,,'',0,7000,,'',0,3000,,'',0,7100,,'',0,3000,,'',0,7000,,'',0,3100,,'',0,7800,,'',0,7900,,'',0,4000,,'',0
'548',8300,64000,4,'',0,7200,4,'',0,2900,4,'',0,6800,4,'',0,2900,4,'',0,6600,4,'',0,2600,4,'',0,2400,4,'',0,6400,4,'',0,2400,4,'',0,6400,4,'',0,2400,4,'',0,2500,4,'',0,6500,4,'',0,2500,4,'',0,6400,4,'',0,2500,4,'',0,2400,4,'',0,6400,4,'',0,2200,4,'',0,6000,4,'',0,2000,4,'',0,2100,4,'',0,6100,4,'',0,2000,4,'',0,2000,4,'',0,6000,4,'',0,2000,4,'',0,2000,4,'',0,6000,4,'',0,2000,4,'',0,2100,4,'',0,6300,4,'',0,2400,4,'',0,7100,4,'',0,2900,4,'',0,6900,4,'',0,2900,4,'',0,7000,4,'',0,3900,4,'',0,7900,4,'',0,8000,4,'',0,4000,4,'',0,8000,4,'',0,8000,4,'',0,4000,4,'',0
'548',8301,64000,,'',0,7400,,'',0,3000,,'',0,6800,,'',0,2800,,'',0,6700,,'',0,2500,,'',0,2500,,'',0,6200,,'',0,2500,,'',0,6500,,'',0,2400,,'',0,2300,,'',0,6400,,'',0,2600,,'',0,6400,,'',0,2500,,'',0,2400,,'',0,6400,,'',0,2200,,'',0,6000,,'',0,2000,,'',0,2000,,'',0,6100,,'',0,2000,,'',0,2000,,'',0,6000,,'',0,2000,,'',0,2100,,'',0,6000,,'',0,2000,,'',0,2100,,'',0,6200,,'',0,2500,,'',0,7100,,'',0,2900,,'',0,7000,,'',0,2900,,'',0,7100,,'',0,3600,,'',0,8000,,'',0,7900,,'',0,4000,,'',0,8000,,'',0,8000,0,'To Hillside',0,4000,0,'To Hillside',0
'549',8300,64000,4,'',0,7200,4,'',0,2900,4,'',0,6800,4,'',0,2900,4,'',0,6600,4,'',0,2600,4,'',0,2400,4,'',0,6400,4,'',0,2400,4,'',0,6400,4,'',0,2400,4,'',0,2500,4,'',0,6500,4,'',0,2500,4,'',0,6400,4,'',0,2500,4,'',0,2400,4,'',0,6400,4,'',0,2200,4,'',0,6000,4,'',0,2000,4,'',0,2100,4,'',0,6100,4,'',0,2000,4,'',0,2000,4,'',0,6000,4,'',0,2000,4,'',0,2000,4,'',0,6000,4,'',0,2000,4,'',0,2100,4,'',0,6300,4,'',0,2400,4,'',0,7100,4,'',0,2900,4,'',0,6900,4,'',0,2900,4,'',0,7000,4,'',0,3900,4,'',0,7900,4,'',0,8000,4,'',0,4000,4,'',0
'549',8301,64000,,'',0,7400,,'',0,3000,,'',0,6800,,'',0,2800,,'',0,6700,,'',0,2500,,'',0,2500,,'',0,6200,,'',0,2500,,'',0,6500,,'',0,2400,,'',0,2300,,'',0,6400,,'',0,2600,,'',0,6400,,'',0,2500,,'',0,2400,,'',0,6400,,'',0,2200,,'',0,6000,,'',0,2000,,'',0,2000,,'',0,6100,,'',0,2000,,'',0,2000,,'',0,6000,,'',0,2000,,'',0,2100,,'',0,6000,,'',0,2000,,'',0,2100,,'',0,6200,,'',0,2500,,'',0,7100,,'',0,2900,,'',0,7000,,'',0,2900,,'',0,7100,,'',0,3600,,'',0,8000,,'',0,7900,,'',0,4000,,'',0
'550',8300,65200,4,'',0,7900,4,'',0,2800,4,'',0,7000,4,'',0,7100,4,'',0,3000,4,'',0,2100,4,'',0,6600,4,'',0,2400,4,'',0,6400,4,'',0,2400,4,'',0,2400,4,'',0,6400,4,'',0,2500,4,'',0,6400,4,'',0,2400,4,'',0,2400,4,'',0,6400,4,'',0,2400,4,'',0,6400,4,'',0,2400,4,'',0,2400,4,'',0,6400,4,'',0,2400,4,'',0,6400,4,'',0,2400,4,'',0,2400,4,'',0,6400,4,'',0,2500,4,'',0,6800,4,'',0,3000,4,'',0,7000,4,'',0,3000,4,'',0,8000,4,'',0,8900,4,'',0,9000,4,'',0,5300,4,'',0
'550',8301,65200,,'',0,7900,,'',0,7000,,'',0,3000,,'',0,6900,,'',0,3000,,'',0,2400,,'',0,6400,,'',0,2500,,'',0,6400,,'',0,2300,,'',0,2400,,'',0,6400,,'',0,2400,,'',0,6500,,'',0,2400,,'',0,2400,,'',0,6400,,'',0,2400,,'',0,6400,,'',0,2400,,'',0,2400,,'',0,6400,,'',0,2400,,'',0,6300,,'',0,2400,,'',0,2500,,'',0,6400,,'',0,2500,,'',0,6800,,'',0,3000,,'',0,7000,,'',0,3000,,'',0,7900,,'',0,9100,,'',0,8800,,'',0,5400,,'',0
'551',8300,64000,4,'',0,7200,4,'',0,2900,4,'',0,6800,4,'',0,2900,4,'',0,6600,4,'',0,2600,4,'',0,2400,4,'',0,6400,4,'',0,2400,4,'',0,6400,4,'',0,2400,4,'',0,2500,4,'',0,6500,4,'',0,2500,4,'',0,6400,4,'',0,2500,4,'',0,2400,4,'',0,6400,4,'',0,2200,4,'',0,6000,4,'',0,2000,4,'',0,2100,4,'',0,6100,4,'',0,2000,4,'',0,2000,4,'',0,6000,4,'',0,2000,4,'',0,2000,4,'',0,6000,4,'',0,2000,4,'',0,2100,4,'',0,6300,4,'',0,2400,4,'',0,7100,4,'',0,2900,4,'',0,6900,4,'',0,2900,4,'',0,7000,4,'',0,3900,4,'',0,7900,4,'',0,8000,4,'',0,4000,4,'',0,8000,4,'',0,8000,4,'',0,4000,4,'',0
'551',8301,64000,,'',0,7400,,'',0,3000,,'',0,6800,,'',0,2800,,'',0,6700,,'',0,2500,,'',0,2500,,'',0,6200,,'',0,2500,,'',0,6500,,'',0,2400,,'',0,2300,,'',0,6400,,'',0,2600,,'',0,6400,,'',0,2500,,'',0,2400,,'',0,6400,,'',0,2200,,'',0,6000,,'',0,2000,,'',0,2000,,'',0,6100,,'',0,2000,,'',0,2000,,'',0,6000,,'',0,2000,,'',0,2100,,'',0,6000,,'',0,2000,,'',0,2100,,'',0,6200,,'',0,2500,,'',0,7100,,'',0,2900,,'',0,7000,,'',0,2900,,'',0,7100,,'',0,3600,,'',0,8000,,'',0,7900,,'',0,4000,,'',0,8000,,'',0,8000,0,'To Hillside',0,4000,0,'To Hillside',0
'552',8300,64000,4,'',0,7200,4,'',0,2900,4,'',0,6800,4,'',0,2900,4,'',0,6600,4,'',0,2600,4,'',0,2400,4,'',0,6400,4,'',0,2400,4,'',0,6400,4,'',0,2400,4,'',0,2500,4,'',0,6500,4,'',0,2500,4,'',0,6400,4,'',0,2500,4,'',0,2400,4,'',0,6400,4,'',0,2200,4,'',0,6000,4,'',0,2000,4,'',0,2100,4,'',0,6100,4,'',0,2000,4,'',0,2000,4,'',0,6000,4,'',0,2000,4,'',0,2000,4,'',0,6000,4,'',0,2000,4,'',0,2100,4,'',0,6300,4,'',0,2400,4,'',0,7100,4,'',0,2900,4,'',0,6900,4,'',0,2900,4,'',0,7000,4,'',0,3900,4,'',0,7900,4,'',0,8000,4,'',0,4000,4,'',0
'552',8301,64000,,'',0,7400,,'',0,3000,,'',0,6800,,'',0,2800,,'',0,6700,,'',0,2500,,'',0,2500,,'',0,6200,,'',0,2500,,'',0,6500,,'',0,2400,,'',0,2300,,'',0,6400,,'',0,2600,,'',0,6400,,'',0,2500,,'',0,2400,,'',0,6400,,'',0,2200,,'',0,6000,,'',0,2000,,'',0,2000,,'',0,6100,,'',0,2000,,'',0,2000,,'',0,6000,,'',0,2000,,'',0,2100,,'',0,6000,,'',0,2000,,'',0,2100,,'',0,6200,,'',0,2500,,'',0,7100,,'',0,2900,,'',0,7000,,'',0,2900,,'',0,7100,,'',0,3600,,'',0,8000,,'',0,7900,,'',0,4000,,'',0
