'505',8800,71200,,'',0,3200,,'',0,6400,,'',0,3400,,'',0,6900,,'',0,9800,,'',0,9900,,'',0,10100,,'',0,10300,,'',0,9900,,'',0,10200,,'',0,10200,,'',0,3100,,'',0,7200,,'',0,2600,,'',0,6600,,'',0,2700,,'',0,6900,,'',0,2300,,'',0
'506',8800,71200,,'',0,3200,,'',0,6400,,'',0,3400,,'',0,6900,,'',0,9800,,'',0,9900,,'',0,10100,,'',0,10300,,'',0,9900,,'',0,10200,,'',0,10200,,'',0,3100,,'',0,7200,,'',0,2600,,'',0,6600,,'',0,2700,,'',0,6900,,'',0,2300,,'',0
'507',8800,71200,,'',0,3200,,'',0,6400,,'',0,3400,,'',0,6900,,'',0,9800,,'',0,9900,,'',0,10100,,'',0,10300,,'',0,9900,,'',0,10200,,'',0,10200,,'',0,3100,,'',0,7200,,'',0,2600,,'',0,6600,,'',0,2700,,'',0,6900,,'',0,2300,,'',0
'508',8800,71200,,'',0,3200,,'',0,6400,,'',0,3400,,'',0,6900,,'',0,9800,,'',0,9900,,'',0,10100,,'',0,10300,,'',0,9900,,'',0,10200,,'',0,10200,,'',0,3100,,'',0,7200,,'',0,2600,,'',0,6600,,'',0,2700,,'',0,6900,,'',0,2300,,'',0
'511',8800,71200,,'',0,3200,,'',0,6400,,'',0,3400,,'',0,6900,,'',0,9800,,'',0,9900,,'',0,10100,,'',0,10300,,'',0,9900,,'',0,10200,,'',0,10200,,'',0,3100,,'',0,7200,,'',0,2600,,'',0,6600,,'',0,2700,,'',0,6900,,'',0,2300,,'',0
'505',9000,71900,,'',0,10300,,'',0,11500,,'',0,10000,,'',0,40100,,'',0,10700,,'',0,7000,,'',0,3100,,'',0,7000,,'',0,2800,,'',0,10000,,'',0
'506',9000,71900,,'',0,10300,,'',0,11500,,'',0,10000,,'',0,40100,,'',0,10700,,'',0,7000,,'',0,3100,,'',0,7000,,'',0,2800,,'',0,10000,,'',0
'507',9000,71900,,'',0,10300,,'',0,11500,,'',0,10000,,'',0,40100,,'',0,10700,,'',0,7000,,'',0,3100,,'',0,7000,,'',0,2800,,'',0,10000,,'',0
'508',9000,71900,,'',0,10300,,'',0,11500,,'',0,10000,,'',0,40100,,'',0,10700,,'',0,7000,,'',0,3100,,'',0,7000,,'',0,2800,,'',0,10000,,'',0
'511',9000,71900,,'',0,10300,,'',0,11500,,'',0,10000,,'',0,40100,,'',0,10700,,'',0,7000,,'',0,3100,,'',0,7000,,'',0,2800,,'',0,10000,,'',0
'504',9600,74900,,'',0,17000,,'',0,20000,,'',0,20700,,'',0,20000,,'',0,20000,,'',0,20000,,'',0
'505',9600,75800,,'',0,16000,,'',0,11900,,'',0,12000,,'',0,16100,,'',0,12100,,'',0,16200,,'',0,10700,,'',0,12100,,'',0,12000,,'',0
'506',9600,75800,,'',0,16000,,'',0,11900,,'',0,12000,,'',0,16100,,'',0,12100,,'',0,16200,,'',0,10700,,'',0,12100,,'',0,12000,,'',0
'507',9600,75800,,'',0,16000,,'',0,11900,,'',0,12000,,'',0,16100,,'',0,12100,,'',0,16200,,'',0,10700,,'',0,12100,,'',0,12000,,'',0
'508',9600,75800,,'',0,16000,,'',0,11900,,'',0,12000,,'',0,16100,,'',0,12100,,'',0,16200,,'',0,10700,,'',0,12100,,'',0,12000,,'',0
'509',9600,74900,,'',0,17000,,'',0,20000,,'',0,20700,,'',0,20000,,'',0,20000,,'',0,20000,,'',0
'510',9600,92000,,'',0,20000,,'',0,20900,,'',0,20000,,'',0,20000,,'',0,20000,,'',0
'511',9600,75800,,'',0,16000,,'',0,11900,,'',0,12000,,'',0,16100,,'',0,12100,,'',0,16200,,'',0,10700,,'',0,12100,,'',0,12000,,'',0
'512',9600,92000,,'',0,20000,,'',0,20900,,'',0,20000,,'',0,20000,,'',0,20000,,'',0
'513',9600,92000,,'',0,20000,,'',0,20900,,'',0,20000,,'',0,20000,,'',0,20000,,'',0
'504',331800,63500,0,'Blink',0,7500,0,'Blink',0,2100,0,'Blink',0,1800,0,'Blink',0,6000,0,'Blink',0,1600,0,'Blink',0,1500,0,'Blink',0,1500,0,'Blink',0,5500,0,'Blink',0,1500,0,'Blink',0,1500,0,'Blink',0,1600,0,'Blink',0,5500,0,'Blink',0,1500,0,'Blink',0,1700,0,'Blink',0,1500,0,'Blink',0,5400,0,'Blink',0,1500,0,'Blink',0,1400,0,'Blink',0,1400,0,'Blink',0,5400,0,'Blink',0,1600,0,'Blink',0,1400,0,'Blink',0,1400,0,'Blink',0,5400,0,'Blink',0,1400,0,'Blink',0,1200,0,'Blink',0,1300,0,'Blink',0,1200,0,'Blink',0,5200,0,'Blink',0,1200,0,'Blink',0,1200,0,'Blink',0,1200,0,'Blink',0,1200,0,'Blink',0,5200,0,'Blink',0,1200,0,'Blink',0,1200,0,'Blink',0,1200,0,'Blink',0,1200,0,'Blink',0,5200,0,'Blink',0,1200,0,'Blink',0,1200,0,'Blink',0,1200,0,'Blink',0,1100,0,'Blink',0,5200,0,'Blink',0,1200,0,'Blink',0,1200,0,'Blink',0,1200,0,'Blink',0,1200,0,'Blink',0,5200,0,'Blink',0,1200,0,'Blink',0,1200,0,'Blink',0,1200,0,'Blink',0,1200,0,'Blink',0,5300,0,'Blink',0,1400,0,'Blink',0,1500,0,'Blink',0,1300,0,'Blink',0,5400,0,'Blink',0,1500,0,'Blink',0,1500,0,'Blink',0,1500,0,'Blink',0,5500,0,'Blink',0,1500,0,'Blink',0,1500,0,'Blink',0,1500,0,'Blink',0,5400,0,'Blink',0,1500,0,'Blink',0,1800,0,'Blink',0,2000,0,'Blink',0,6000,0,'Blink',0,1900,0,'Blink',0,6700,0,'Blink',0,3000,0,'Blink',0,7000,0,'Blink',0
'505',331800,51900,0,'Blink',0,2200,0,'Blink',0,6300,0,'Blink',0,1700,0,'Blink',0,1500,0,'Blink',0,1400,0,'Blink',0,5300,0,'Blink',0,1200,0,'Blink',0,1200,0,'Blink',0,1300,0,'Blink',0,1400,0,'Blink',0,5200,0,'Blink',0,1200,0,'Blink',0,1300,0,'Blink',0,1200,0,'Blink',0,1200,0,'Blink',0,5200,0,'Blink',0,1100,0,'Blink',0,1200,0,'Blink',0,1100,0,'Blink',0,1200,0,'Blink',0,5200,0,'Blink',0,1200,0,'Blink',0,1200,0,'Blink',0,1300,0,'Blink',0,1300,0,'Blink',0,5200,0,'Blink',0,1200,0,'Blink',0,1200,0,'Blink',0,1200,0,'Blink',0,1200,0,'Blink',0,5300,0,'Blink',0,1200,0,'Blink',0,1200,0,'Blink',0,1200,0,'Blink',0,1200,0,'Blink',0,5200,0,'Blink',0,1200,0,'Blink',0,1000,0,'Blink',0,1000,0,'Blink',0,1100,0,'Blink',0,5000,0,'Blink',0,1000,0,'Blink',0,1000,0,'Blink',0,1000,0,'Blink',0,900,0,'Blink',0,900,0,'Blink',0,1000,0,'Blink',0,5000,0,'Blink',0,1000,0,'Blink',0,1000,0,'Blink',0,1000,0,'Blink',0,1000,0,'Blink',0,800,0,'Blink',0,4900,0,'Blink',0,800,0,'Blink',0,800,0,'Blink',0,800,0,'Blink',0,800,0,'Blink',0,800,0,'Blink',0,800,0,'Blink',0,4700,0,'Blink',0,800,0,'Blink',0,700,0,'Blink',0,700,0,'Blink',0,800,0,'Blink',0,600,0,'Blink',0,800,0,'Blink',0,800,0,'Blink',0,4900,0,'Blink',0,800,0,'Blink',0,800,0,'Blink',0,1000,0,'Blink',0,1000,0,'Blink',0,1000,0,'Blink',0,1000,0,'Blink',0,5100,0,'Blink',0,1100,0,'Blink',0,1200,0,'Blink',0,1200,0,'Blink',0,1200,0,'Blink',0,5300,0,'Blink',0,1400,0,'Blink',0,1500,0,'Blink',0,1300,0,'Blink',0,5500,0,'Blink',0,1500,0,'Blink',0,1500,0,'Blink',0,1500,0,'Blink',0,5500,0,'Blink',0,1400,0,'Blink',0,1800,0,'Blink',0,2000,0,'Blink',0,6000,0,'Blink',0,1900,0,'Blink',0,6700,0,'Blink',0,3000,0,'Blink',0,7000,0,'Blink',0
'506',331800,51900,0,'Blink',0,2200,0,'Blink',0,6300,0,'Blink',0,1700,0,'Blink',0,1500,0,'Blink',0,1400,0,'Blink',0,5300,0,'Blink',0,1200,0,'Blink',0,1200,0,'Blink',0,1300,0,'Blink',0,1400,0,'Blink',0,5200,0,'Blink',0,1200,0,'Blink',0,1300,0,'Blink',0,1200,0,'Blink',0,1200,0,'Blink',0,5200,0,'Blink',0,1100,0,'Blink',0,1200,0,'Blink',0,1100,0,'Blink',0,1200,0,'Blink',0,5200,0,'Blink',0,1200,0,'Blink',0,1200,0,'Blink',0,1300,0,'Blink',0,1300,0,'Blink',0,5200,0,'Blink',0,1200,0,'Blink',0,1200,0,'Blink',0,1200,0,'Blink',0,1200,0,'Blink',0,5300,0,'Blink',0,1200,0,'Blink',0,1200,0,'Blink',0,1200,0,'Blink',0,1200,0,'Blink',0,5200,0,'Blink',0,1200,0,'Blink',0,1000,0,'Blink',0,1000,0,'Blink',0,1100,0,'Blink',0,5000,0,'Blink',0,1000,0,'Blink',0,1000,0,'Blink',0,1000,0,'Blink',0,900,0,'Blink',0,900,0,'Blink',0,1000,0,'Blink',0,5000,0,'Blink',0,1000,0,'Blink',0,1000,0,'Blink',0,1000,0,'Blink',0,1000,0,'Blink',0,800,0,'Blink',0,4900,0,'Blink',0,800,0,'Blink',0,800,0,'Blink',0,800,0,'Blink',0,800,0,'Blink',0,800,0,'Blink',0,800,0,'Blink',0,4700,0,'Blink',0,800,0,'Blink',0,700,0,'Blink',0,700,0,'Blink',0,800,0,'Blink',0,600,0,'Blink',0,800,0,'Blink',0,800,0,'Blink',0,4900,0,'Blink',0,800,0,'Blink',0,800,0,'Blink',0,1000,0,'Blink',0,1000,0,'Blink',0,1000,0,'Blink',0,1000,0,'Blink',0,5100,0,'Blink',0,1100,0,'Blink',0,1200,0,'Blink',0,1200,0,'Blink',0,1200,0,'Blink',0,5300,0,'Blink',0,1400,0,'Blink',0,1500,0,'Blink',0,1300,0,'Blink',0,5500,0,'Blink',0,1500,0,'Blink',0,1500,0,'Blink',0,1500,0,'Blink',0,5500,0,'Blink',0,1400,0,'Blink',0,1800,0,'Blink',0,2000,0,'Blink',0,6000,0,'Blink',0,1900,0,'Blink',0,6700,0,'Blink',0,3000,0,'Blink',0,7000,0,'Blink',0
'507',331800,51900,0,'Blink',0,2200,0,'Blink',0,6300,0,'Blink',0,1700,0,'Blink',0,1500,0,'Blink',0,1400,0,'Blink',0,5300,0,'Blink',0,1200,0,'Blink',0,1200,0,'Blink',0,1300,0,'Blink',0,1400,0,'Blink',0,5200,0,'Blink',0,1200,0,'Blink',0,1300,0,'Blink',0,1200,0,'Blink',0,1200,0,'Blink',0,5200,0,'Blink',0,1100,0,'Blink',0,1200,0,'Blink',0,1100,0,'Blink',0,1200,0,'Blink',0,5200,0,'Blink',0,1200,0,'Blink',0,1200,0,'Blink',0,1300,0,'Blink',0,1300,0,'Blink',0,5200,0,'Blink',0,1200,0,'Blink',0,1200,0,'Blink',0,1200,0,'Blink',0,1200,0,'Blink',0,5300,0,'Blink',0,1200,0,'Blink',0,1200,0,'Blink',0,1200,0,'Blink',0,1200,0,'Blink',0,5200,0,'Blink',0,1200,0,'Blink',0,1000,0,'Blink',0,1000,0,'Blink',0,1100,0,'Blink',0,5000,0,'Blink',0,1000,0,'Blink',0,1000,0,'Blink',0,1000,0,'Blink',0,900,0,'Blink',0,900,0,'Blink',0,1000,0,'Blink',0,5000,0,'Blink',0,1000,0,'Blink',0,1000,0,'Blink',0,1000,0,'Blink',0,1000,0,'Blink',0,800,0,'Blink',0,4900,0,'Blink',0,800,0,'Blink',0,800,0,'Blink',0,800,0,'Blink',0,800,0,'Blink',0,800,0,'Blink',0,800,0,'Blink',0,4700,0,'Blink',0,800,0,'Blink',0,700,0,'Blink',0,700,0,'Blink',0,800,0,'Blink',0,600,0,'Blink',0,800,0,'Blink',0,800,0,'Blink',0,4900,0,'Blink',0,800,0,'Blink',0,800,0,'Blink',0,1000,0,'Blink',0,1000,0,'Blink',0,1000,0,'Blink',0,1000,0,'Blink',0,5100,0,'Blink',0,1100,0,'Blink',0,1200,0,'Blink',0,1200,0,'Blink',0,1200,0,'Blink',0,5300,0,'Blink',0,1400,0,'Blink',0,1500,0,'Blink',0,1300,0,'Blink',0,5500,0,'Blink',0,1500,0,'Blink',0,1500,0,'Blink',0,1500,0,'Blink',0,5500,0,'Blink',0,1400,0,'Blink',0,1800,0,'Blink',0,2000,0,'Blink',0,6000,0,'Blink',0,1900,0,'Blink',0,6700,0,'Blink',0,3000,0,'Blink',0,7000,0,'Blink',0
'508',331800,51900,0,'Blink',0,2200,0,'Blink',0,6300,0,'Blink',0,1700,0,'Blink',0,1500,0,'Blink',0,1400,0,'Blink',0,5300,0,'Blink',0,1200,0,'Blink',0,1200,0,'Blink',0,1300,0,'Blink',0,1400,0,'Blink',0,5200,0,'Blink',0,1200,0,'Blink',0,1300,0,'Blink',0,1200,0,'Blink',0,1200,0,'Blink',0,5200,0,'Blink',0,1100,0,'Blink',0,1200,0,'Blink',0,1100,0,'Blink',0,1200,0,'Blink',0,5200,0,'Blink',0,1200,0,'Blink',0,1200,0,'Blink',0,1300,0,'Blink',0,1300,0,'Blink',0,5200,0,'Blink',0,1200,0,'Blink',0,1200,0,'Blink',0,1200,0,'Blink',0,1200,0,'Blink',0,5300,0,'Blink',0,1200,0,'Blink',0,1200,0,'Blink',0,1200,0,'Blink',0,1200,0,'Blink',0,5200,0,'Blink',0,1200,0,'Blink',0,1000,0,'Blink',0,1000,0,'Blink',0,1100,0,'Blink',0,5000,0,'Blink',0,1000,0,'Blink',0,1000,0,'Blink',0,1000,0,'Blink',0,900,0,'Blink',0,900,0,'Blink',0,1000,0,'Blink',0,5000,0,'Blink',0,1000,0,'Blink',0,1000,0,'Blink',0,1000,0,'Blink',0,1000,0,'Blink',0,800,0,'Blink',0,4900,0,'Blink',0,800,0,'Blink',0,800,0,'Blink',0,800,0,'Blink',0,800,0,'Blink',0,800,0,'Blink',0,800,0,'Blink',0,4700,0,'Blink',0,800,0,'Blink',0,700,0,'Blink',0,700,0,'Blink',0,800,0,'Blink',0,600,0,'Blink',0,800,0,'Blink',0,800,0,'Blink',0,4900,0,'Blink',0,800,0,'Blink',0,800,0,'Blink',0,1000,0,'Blink',0,1000,0,'Blink',0,1000,0,'Blink',0,1000,0,'Blink',0,5100,0,'Blink',0,1100,0,'Blink',0,1200,0,'Blink',0,1200,0,'Blink',0,1200,0,'Blink',0,5300,0,'Blink',0,1400,0,'Blink',0,1500,0,'Blink',0,1300,0,'Blink',0,5500,0,'Blink',0,1500,0,'Blink',0,1500,0,'Blink',0,1500,0,'Blink',0,5500,0,'Blink',0,1400,0,'Blink',0,1800,0,'Blink',0,2000,0,'Blink',0,6000,0,'Blink',0,1900,0,'Blink',0,6700,0,'Blink',0,3000,0,'Blink',0,7000,0,'Blink',0,2800,0,'Blink',0,7000,0,'Blink',0
'509',331800,63500,0,'Blink',0,7500,0,'Blink',0,2100,0,'Blink',0,1800,0,'Blink',0,6000,0,'Blink',0,1600,0,'Blink',0,1500,0,'Blink',0,1500,0,'Blink',0,5500,0,'Blink',0,1500,0,'Blink',0,1500,0,'Blink',0,1600,0,'Blink',0,5500,0,'Blink',0,1500,0,'Blink',0,1700,0,'Blink',0,1500,0,'Blink',0,5400,0,'Blink',0,1500,0,'Blink',0,1400,0,'Blink',0,1400,0,'Blink',0,5400,0,'Blink',0,1600,0,'Blink',0,1400,0,'Blink',0,1400,0,'Blink',0,5400,0,'Blink',0,1400,0,'Blink',0,1200,0,'Blink',0,1300,0,'Blink',0,1200,0,'Blink',0,5200,0,'Blink',0,1200,0,'Blink',0,1200,0,'Blink',0,1200,0,'Blink',0,1200,0,'Blink',0,5200,0,'Blink',0,1200,0,'Blink',0,1200,0,'Blink',0,1200,0,'Blink',0,1200,0,'Blink',0,5200,0,'Blink',0,1200,0,'Blink',0,1200,0,'Blink',0,1200,0,'Blink',0,1100,0,'Blink',0,5200,0,'Blink',0,1200,0,'Blink',0,1200,0,'Blink',0,1200,0,'Blink',0,1200,0,'Blink',0,5200,0,'Blink',0,1200,0,'Blink',0,1200,0,'Blink',0,1200,0,'Blink',0,1200,0,'Blink',0,5300,0,'Blink',0,1400,0,'Blink',0,1500,0,'Blink',0,1300,0,'Blink',0,5400,0,'Blink',0,1500,0,'Blink',0,1500,0,'Blink',0,1500,0,'Blink',0,5500,0,'Blink',0,1500,0,'Blink',0,1500,0,'Blink',0,1500,0,'Blink',0,5400,0,'Blink',0,1500,0,'Blink',0,1800,0,'Blink',0,2000,0,'Blink',0,6000,0,'Blink',0,1900,0,'Blink',0,6700,0,'Blink',0,3000,0,'Blink',0,7000,0,'Blink',0,2800,0,'Blink',0,7000,0,'Blink',0
'510',331800,71700,0,'Blink',0,3000,0,'Blink',0,6100,0,'Blink',0,2000,0,'Blink',0,2000,0,'Blink',0,5500,0,'Blink',0,1500,0,'Blink',0,1500,0,'Blink',0,1500,0,'Blink',0,5600,0,'Blink',0,1600,0,'Blink',0,1600,0,'Blink',0,1500,0,'Blink',0,5600,0,'Blink',0,1500,0,'Blink',0,1500,0,'Blink',0,1600,0,'Blink',0,5500,0,'Blink',0,1500,0,'Blink',0,1500,0,'Blink',0,1500,0,'Blink',0,5500,0,'Blink',0,1500,0,'Blink',0,1500,0,'Blink',0,1500,0,'Blink',0,5500,0,'Blink',0,1500,0,'Blink',0,1600,0,'Blink',0,1500,0,'Blink',0,5500,0,'Blink',0,1500,0,'Blink',0,1500,0,'Blink',0,1500,0,'Blink',0,5500,0,'Blink',0,1500,0,'Blink',0,1500,0,'Blink',0,1500,0,'Blink',0,5500,0,'Blink',0,1500,0,'Blink',0,1500,0,'Blink',0,1500,0,'Blink',0,5500,0,'Blink',0,1500,0,'Blink',0,1500,0,'Blink',0,1500,0,'Blink',0,5300,0,'Blink',0,1500,0,'Blink',0,1500,0,'Blink',0,1400,0,'Blink',0,5500,0,'Blink',0,1500,0,'Blink',0,1500,0,'Blink',0,1500,0,'Blink',0,5500,0,'Blink',0,1400,0,'Blink',0,1500,0,'Blink',0,1500,0,'Blink',0,5400,0,'Blink',0,1500,0,'Blink',0,1900,0,'Blink',0,1900,0,'Blink',0,6000,0,'Blink',0,2000,0,'Blink',0,6700,0,'Blink',0,2900,0,'Blink',0
'511',331800,51900,0,'Blink',0,2200,0,'Blink',0,6300,0,'Blink',0,1700,0,'Blink',0,1500,0,'Blink',0,1400,0,'Blink',0,5300,0,'Blink',0,1200,0,'Blink',0,1200,0,'Blink',0,1300,0,'Blink',0,1400,0,'Blink',0,5200,0,'Blink',0,1200,0,'Blink',0,1300,0,'Blink',0,1200,0,'Blink',0,1200,0,'Blink',0,5200,0,'Blink',0,1100,0,'Blink',0,1200,0,'Blink',0,1100,0,'Blink',0,1200,0,'Blink',0,5200,0,'Blink',0,1200,0,'Blink',0,1200,0,'Blink',0,1300,0,'Blink',0,1300,0,'Blink',0,5200,0,'Blink',0,1200,0,'Blink',0,1200,0,'Blink',0,1200,0,'Blink',0,1200,0,'Blink',0,5300,0,'Blink',0,1200,0,'Blink',0,1200,0,'Blink',0,1200,0,'Blink',0,1200,0,'Blink',0,5200,0,'Blink',0,1200,0,'Blink',0,1000,0,'Blink',0,1000,0,'Blink',0,1100,0,'Blink',0,5000,0,'Blink',0,1000,0,'Blink',0,1000,0,'Blink',0,1000,0,'Blink',0,900,0,'Blink',0,900,0,'Blink',0,1000,0,'Blink',0,5000,0,'Blink',0,1000,0,'Blink',0,1000,0,'Blink',0,1000,0,'Blink',0,1000,0,'Blink',0,800,0,'Blink',0,4900,0,'Blink',0,800,0,'Blink',0,800,0,'Blink',0,800,0,'Blink',0,800,0,'Blink',0,800,0,'Blink',0,800,0,'Blink',0,4700,0,'Blink',0,800,0,'Blink',0,700,0,'Blink',0,700,0,'Blink',0,800,0,'Blink',0,600,0,'Blink',0,800,0,'Blink',0,800,0,'Blink',0,4900,0,'Blink',0,800,0,'Blink',0,800,0,'Blink',0,1000,0,'Blink',0,1000,0,'Blink',0,1000,0,'Blink',0,1000,0,'Blink',0,5100,0,'Blink',0,1100,0,'Blink',0,1200,0,'Blink',0,1200,0,'Blink',0,1200,0,'Blink',0,5300,0,'Blink',0,1400,0,'Blink',0,1500,0,'Blink',0,1300,0,'Blink',0,5500,0,'Blink',0,1500,0,'Blink',0,1500,0,'Blink',0,1500,0,'Blink',0,5500,0,'Blink',0,1400,0,'Blink',0,1800,0,'Blink',0,2000,0,'Blink',0,6000,0,'Blink',0,1900,0,'Blink',0,6700,0,'Blink',0,3000,0,'Blink',0,7000,0,'Blink',0
'512',331800,71700,0,'Blink',0,3000,0,'Blink',0,6100,0,'Blink',0,2000,0,'Blink',0,2000,0,'Blink',0,5500,0,'Blink',0,1500,0,'Blink',0,1500,0,'Blink',0,1500,0,'Blink',0,5600,0,'Blink',0,1600,0,'Blink',0,1600,0,'Blink',0,1500,0,'Blink',0,5600,0,'Blink',0,1500,0,'Blink',0,1500,0,'Blink',0,1600,0,'Blink',0,5500,0,'Blink',0,1500,0,'Blink',0,1500,0,'Blink',0,1500,0,'Blink',0,5500,0,'Blink',0,1500,0,'Blink',0,1500,0,'Blink',0,1500,0,'Blink',0,5500,0,'Blink',0,1500,0,'Blink',0,1600,0,'Blink',0,1500,0,'Blink',0,5500,0,'Blink',0,1500,0,'Blink',0,1500,0,'Blink',0,1500,0,'Blink',0,5500,0,'Blink',0,1500,0,'Blink',0,1500,0,'Blink',0,1500,0,'Blink',0,5500,0,'Blink',0,1500,0,'Blink',0,1500,0,'Blink',0,1500,0,'Blink',0,5500,0,'Blink',0,1500,0,'Blink',0,1500,0,'Blink',0,1500,0,'Blink',0,5300,0,'Blink',0,1500,0,'Blink',0,1500,0,'Blink',0,1400,0,'Blink',0,5500,0,'Blink',0,1500,0,'Blink',0,1500,0,'Blink',0,1500,0,'Blink',0,5500,0,'Blink',0,1400,0,'Blink',0,1500,0,'Blink',0,1500,0,'Blink',0,5400,0,'Blink',0,1500,0,'Blink',0,1900,0,'Blink',0,1900,0,'Blink',0,6000,0,'Blink',0,2000,0,'Blink',0,6700,0,'Blink',0,2900,0,'Blink',0
'513',331800,71700,0,'Blink',0,3000,0,'Blink',0,6100,0,'Blink',0,2000,0,'Blink',0,2000,0,'Blink',0,5500,0,'Blink',0,1500,0,'Blink',0,1500,0,'Blink',0,1500,0,'Blink',0,5600,0,'Blink',0,1600,0,'Blink',0,1600,0,'Blink',0,1500,0,'Blink',0,5600,0,'Blink',0,1500,0,'Blink',0,1500,0,'Blink',0,1600,0,'Blink',0,5500,0,'Blink',0,1500,0,'Blink',0,1500,0,'Blink',0,1500,0,'Blink',0,5500,0,'Blink',0,1500,0,'Blink',0,1500,0,'Blink',0,1500,0,'Blink',0,5500,0,'Blink',0,1500,0,'Blink',0,1600,0,'Blink',0,1500,0,'Blink',0,5500,0,'Blink',0,1500,0,'Blink',0,1500,0,'Blink',0,1500,0,'Blink',0,5500,0,'Blink',0,1500,0,'Blink',0,1500,0,'Blink',0,1500,0,'Blink',0,5500,0,'Blink',0,1500,0,'Blink',0,1500,0,'Blink',0,1500,0,'Blink',0,5500,0,'Blink',0,1500,0,'Blink',0,1500,0,'Blink',0,1500,0,'Blink',0,5300,0,'Blink',0,1500,0,'Blink',0,1500,0,'Blink',0,1400,0,'Blink',0,5500,0,'Blink',0,1500,0,'Blink',0,1500,0,'Blink',0,1500,0,'Blink',0,5500,0,'Blink',0,1400,0,'Blink',0,1500,0,'Blink',0,1500,0,'Blink',0,5400,0,'Blink',0,1500,0,'Blink',0,1900,0,'Blink',0,1900,0,'Blink',0,6000,0,'Blink',0,2000,0,'Blink',0,6700,0,'Blink',0,2900,0,'Blink',0,7000,0,'Blink',0,2900,0,'Blink',0,7000,0,'Blink',0
