'592',9101,70200,,'',0,2800,,'',0,2600,,'',0
'593',9101,70200,,'',0,2800,,'',0,2600,,'',0
'594',9101,70200,,'',0,2800,,'',0,2600,,'',0
'595',9101,70200,,'',0,2800,,'',0,2600,,'',0
'596',9101,70200,,'',0,2800,,'',0,2600,,'',0
'592',9201,65900,,'',0,6900,,'',0,2700,,'',0
'593',9201,65900,,'',0,6900,,'',0,2700,,'',0
'594',9201,65900,,'',0,6900,,'',0,2700,,'',0
'595',9201,65900,,'',0,6900,,'',0,2700,,'',0
'596',9201,65900,,'',0,6900,,'',0,2700,,'',0
'592',9601,73200,,'',0
'593',9601,73200,,'',0
'594',9601,73200,,'',0
'595',9601,73200,,'',0
'596',9601,73200,,'',0
'592',10401,60100,,'',0,2600,,'',0,1900,,'',0,5700,,'',0,1600,,'',0,2500,,'',0,5900,,'',0,1400,,'',0,1600,,'',0,1500,,'',0
'593',10401,60100,,'',0,2600,,'',0,1900,,'',0,5700,,'',0,1600,,'',0,2500,,'',0,5900,,'',0,1400,,'',0,1600,,'',0,1500,,'',0
'594',10401,60100,,'',0,2600,,'',0,1900,,'',0,5700,,'',0,1600,,'',0,2500,,'',0,5900,,'',0,1400,,'',0,1600,,'',0,1500,,'',0
'595',10401,60100,,'',0,2600,,'',0,1900,,'',0,5700,,'',0,1600,,'',0,2500,,'',0,5900,,'',0,1400,,'',0,1600,,'',0,1500,,'',0
'596',10401,60100,,'',0,2600,,'',0,1900,,'',0,5700,,'',0,1600,,'',0,2500,,'',0,5900,,'',0,1400,,'',0,1600,,'',0,1500,,'',0
'592',10701,73000,,'',0,2600,,'',0
'593',10701,73000,,'',0,2600,,'',0
'594',10701,73000,,'',0,2600,,'',0
'595',10701,73000,,'',0,2600,,'',0
'596',10701,73000,,'',0,2600,,'',0
'592',343401,51400,0,'Blink',0,2500,0,'Blink',0,1700,0,'Blink',0,5600,0,'Blink',0,1300,0,'Blink',0,1000,0,'Blink',0,900,0,'Blink',0,900,0,'Blink',0,4800,0,'Blink',0,700,0,'Blink',0,800,0,'Blink',0,800,0,'Blink',0,900,0,'Blink',0,900,0,'Blink',0,900,0,'Blink',0,800,0,'Blink',0,4800,0,'Blink',0,800,0,'Blink',0,800,0,'Blink',0,800,0,'Blink',0,700,0,'Blink',0,800,0,'Blink',0,900,0,'Blink',0,4900,0,'Blink',0,900,0,'Blink',0,900,0,'Blink',0,1000,0,'Blink',0,1000,0,'Blink',0,1000,0,'Blink',0,5200,0,'Blink',0,1200,0,'Blink',0,1200,0,'Blink',0,1200,0,'Blink',0,1200,0,'Blink',0,5200,0,'Blink',0,1200,0,'Blink',0,1200,0,'Blink',0,1200,0,'Blink',0,1200,0,'Blink',0,5200,0,'Blink',0,1200,0,'Blink',0,1200,0,'Blink',0,1200,0,'Blink',0,1200,0,'Blink',0,5200,0,'Blink',0,1200,0,'Blink',0,1200,0,'Blink',0,1200,0,'Blink',0,1100,0,'Blink',0,5100,0,'Blink',0,1000,0,'Blink',0,1000,0,'Blink',0,1000,0,'Blink',0,1000,0,'Blink',0,1100,0,'Blink',0,5000,0,'Blink',0,1000,0,'Blink',0,900,0,'Blink',0,900,0,'Blink',0,900,0,'Blink',0,900,0,'Blink',0,900,0,'Blink',0,4800,0,'Blink',0,900,0,'Blink',0,900,0,'Blink',0,800,0,'Blink',0,900,0,'Blink',0,900,0,'Blink',0,5000,0,'Blink',0,1100,0,'Blink',0,1200,0,'Blink',0,1100,0,'Blink',0,1200,0,'Blink',0,1200,0,'Blink',0,5200,0,'Blink',0,1300,0,'Blink',0,1300,0,'Blink',0,1200,0,'Blink',0,5300,0,'Blink',0,1500,0,'Blink',0,1500,0,'Blink',0,1500,0,'Blink',0,5500,0,'Blink',0,1500,0,'Blink',0,1600,0,'Blink',0,1500,0,'Blink',0,5500,0,'Blink',0,1500,0,'Blink',0,2000,0,'Blink',0,2000,0,'Blink',0,6000,0,'Blink',0,2100,0,'Blink',0,7100,0,'Blink',0,3000,0,'Blink',0,7000,0,'Blink',0,3000,0,'Blink',0
'593',343401,51400,0,'Blink',0,2500,0,'Blink',0,1700,0,'Blink',0,5600,0,'Blink',0,1300,0,'Blink',0,1000,0,'Blink',0,900,0,'Blink',0,900,0,'Blink',0,4800,0,'Blink',0,700,0,'Blink',0,800,0,'Blink',0,800,0,'Blink',0,900,0,'Blink',0,900,0,'Blink',0,900,0,'Blink',0,800,0,'Blink',0,4800,0,'Blink',0,800,0,'Blink',0,800,0,'Blink',0,800,0,'Blink',0,700,0,'Blink',0,800,0,'Blink',0,900,0,'Blink',0,4900,0,'Blink',0,900,0,'Blink',0,900,0,'Blink',0,1000,0,'Blink',0,1000,0,'Blink',0,1000,0,'Blink',0,5200,0,'Blink',0,1200,0,'Blink',0,1200,0,'Blink',0,1200,0,'Blink',0,1200,0,'Blink',0,5200,0,'Blink',0,1200,0,'Blink',0,1200,0,'Blink',0,1200,0,'Blink',0,1200,0,'Blink',0,5200,0,'Blink',0,1200,0,'Blink',0,1200,0,'Blink',0,1200,0,'Blink',0,1200,0,'Blink',0,5200,0,'Blink',0,1200,0,'Blink',0,1200,0,'Blink',0,1200,0,'Blink',0,1100,0,'Blink',0,5100,0,'Blink',0,1000,0,'Blink',0,1000,0,'Blink',0,1000,0,'Blink',0,1000,0,'Blink',0,1100,0,'Blink',0,5000,0,'Blink',0,1000,0,'Blink',0,900,0,'Blink',0,900,0,'Blink',0,900,0,'Blink',0,900,0,'Blink',0,900,0,'Blink',0,4800,0,'Blink',0,900,0,'Blink',0,900,0,'Blink',0,800,0,'Blink',0,900,0,'Blink',0,900,0,'Blink',0,5000,0,'Blink',0,1100,0,'Blink',0,1200,0,'Blink',0,1100,0,'Blink',0,1200,0,'Blink',0,1200,0,'Blink',0,5200,0,'Blink',0,1300,0,'Blink',0,1300,0,'Blink',0,1200,0,'Blink',0,5300,0,'Blink',0,1500,0,'Blink',0,1500,0,'Blink',0,1500,0,'Blink',0,5500,0,'Blink',0,1500,0,'Blink',0,1600,0,'Blink',0,1500,0,'Blink',0,5500,0,'Blink',0,1500,0,'Blink',0,2000,0,'Blink',0,2000,0,'Blink',0,6000,0,'Blink',0,2100,0,'Blink',0,7100,0,'Blink',0,3000,0,'Blink',0,7000,0,'Blink',0,3000,0,'Blink',0
'594',343401,51400,0,'Blink',0,2500,0,'Blink',0,1700,0,'Blink',0,5600,0,'Blink',0,1300,0,'Blink',0,1000,0,'Blink',0,900,0,'Blink',0,900,0,'Blink',0,4800,0,'Blink',0,700,0,'Blink',0,800,0,'Blink',0,800,0,'Blink',0,900,0,'Blink',0,900,0,'Blink',0,900,0,'Blink',0,800,0,'Blink',0,4800,0,'Blink',0,800,0,'Blink',0,800,0,'Blink',0,800,0,'Blink',0,700,0,'Blink',0,800,0,'Blink',0,900,0,'Blink',0,4900,0,'Blink',0,900,0,'Blink',0,900,0,'Blink',0,1000,0,'Blink',0,1000,0,'Blink',0,1000,0,'Blink',0,5200,0,'Blink',0,1200,0,'Blink',0,1200,0,'Blink',0,1200,0,'Blink',0,1200,0,'Blink',0,5200,0,'Blink',0,1200,0,'Blink',0,1200,0,'Blink',0,1200,0,'Blink',0,1200,0,'Blink',0,5200,0,'Blink',0,1200,0,'Blink',0,1200,0,'Blink',0,1200,0,'Blink',0,1200,0,'Blink',0,5200,0,'Blink',0,1200,0,'Blink',0,1200,0,'Blink',0,1200,0,'Blink',0,1100,0,'Blink',0,5100,0,'Blink',0,1000,0,'Blink',0,1000,0,'Blink',0,1000,0,'Blink',0,1000,0,'Blink',0,1100,0,'Blink',0,5000,0,'Blink',0,1000,0,'Blink',0,900,0,'Blink',0,900,0,'Blink',0,900,0,'Blink',0,900,0,'Blink',0,900,0,'Blink',0,4800,0,'Blink',0,900,0,'Blink',0,900,0,'Blink',0,800,0,'Blink',0,900,0,'Blink',0,900,0,'Blink',0,5000,0,'Blink',0,1100,0,'Blink',0,1200,0,'Blink',0,1100,0,'Blink',0,1200,0,'Blink',0,1200,0,'Blink',0,5200,0,'Blink',0,1300,0,'Blink',0,1300,0,'Blink',0,1200,0,'Blink',0,5300,0,'Blink',0,1500,0,'Blink',0,1500,0,'Blink',0,1500,0,'Blink',0,5500,0,'Blink',0,1500,0,'Blink',0,1600,0,'Blink',0,1500,0,'Blink',0,5500,0,'Blink',0,1500,0,'Blink',0,2000,0,'Blink',0,2000,0,'Blink',0,6000,0,'Blink',0,2100,0,'Blink',0,7100,0,'Blink',0,3000,0,'Blink',0,7000,0,'Blink',0,3000,0,'Blink',0
'595',343401,51400,0,'Blink',0,2500,0,'Blink',0,1700,0,'Blink',0,5600,0,'Blink',0,1300,0,'Blink',0,1000,0,'Blink',0,900,0,'Blink',0,900,0,'Blink',0,4800,0,'Blink',0,700,0,'Blink',0,800,0,'Blink',0,800,0,'Blink',0,900,0,'Blink',0,900,0,'Blink',0,900,0,'Blink',0,800,0,'Blink',0,4800,0,'Blink',0,800,0,'Blink',0,800,0,'Blink',0,800,0,'Blink',0,700,0,'Blink',0,800,0,'Blink',0,900,0,'Blink',0,4900,0,'Blink',0,900,0,'Blink',0,900,0,'Blink',0,1000,0,'Blink',0,1000,0,'Blink',0,1000,0,'Blink',0,5200,0,'Blink',0,1200,0,'Blink',0,1200,0,'Blink',0,1200,0,'Blink',0,1200,0,'Blink',0,5200,0,'Blink',0,1200,0,'Blink',0,1200,0,'Blink',0,1200,0,'Blink',0,1200,0,'Blink',0,5200,0,'Blink',0,1200,0,'Blink',0,1200,0,'Blink',0,1200,0,'Blink',0,1200,0,'Blink',0,5200,0,'Blink',0,1200,0,'Blink',0,1200,0,'Blink',0,1200,0,'Blink',0,1100,0,'Blink',0,5100,0,'Blink',0,1000,0,'Blink',0,1000,0,'Blink',0,1000,0,'Blink',0,1000,0,'Blink',0,1100,0,'Blink',0,5000,0,'Blink',0,1000,0,'Blink',0,900,0,'Blink',0,900,0,'Blink',0,900,0,'Blink',0,900,0,'Blink',0,900,0,'Blink',0,4800,0,'Blink',0,900,0,'Blink',0,900,0,'Blink',0,800,0,'Blink',0,900,0,'Blink',0,900,0,'Blink',0,5000,0,'Blink',0,1100,0,'Blink',0,1200,0,'Blink',0,1100,0,'Blink',0,1200,0,'Blink',0,1200,0,'Blink',0,5200,0,'Blink',0,1300,0,'Blink',0,1300,0,'Blink',0,1200,0,'Blink',0,5300,0,'Blink',0,1500,0,'Blink',0,1500,0,'Blink',0,1500,0,'Blink',0,5500,0,'Blink',0,1500,0,'Blink',0,1600,0,'Blink',0,1500,0,'Blink',0,5500,0,'Blink',0,1500,0,'Blink',0,2000,0,'Blink',0,2000,0,'Blink',0,6000,0,'Blink',0,2100,0,'Blink',0,7100,0,'Blink',0,3000,0,'Blink',0,7000,0,'Blink',0,3000,0,'Blink',0
'596',343401,51400,0,'Blink',0,2500,0,'Blink',0,1700,0,'Blink',0,5600,0,'Blink',0,1300,0,'Blink',0,1000,0,'Blink',0,900,0,'Blink',0,900,0,'Blink',0,4800,0,'Blink',0,700,0,'Blink',0,800,0,'Blink',0,800,0,'Blink',0,900,0,'Blink',0,900,0,'Blink',0,900,0,'Blink',0,800,0,'Blink',0,4800,0,'Blink',0,800,0,'Blink',0,800,0,'Blink',0,800,0,'Blink',0,700,0,'Blink',0,800,0,'Blink',0,900,0,'Blink',0,4900,0,'Blink',0,900,0,'Blink',0,900,0,'Blink',0,1000,0,'Blink',0,1000,0,'Blink',0,1000,0,'Blink',0,5200,0,'Blink',0,1200,0,'Blink',0,1200,0,'Blink',0,1200,0,'Blink',0,1200,0,'Blink',0,5200,0,'Blink',0,1200,0,'Blink',0,1200,0,'Blink',0,1200,0,'Blink',0,1200,0,'Blink',0,5200,0,'Blink',0,1200,0,'Blink',0,1200,0,'Blink',0,1200,0,'Blink',0,1200,0,'Blink',0,5200,0,'Blink',0,1200,0,'Blink',0,1200,0,'Blink',0,1200,0,'Blink',0,1100,0,'Blink',0,5100,0,'Blink',0,1000,0,'Blink',0,1000,0,'Blink',0,1000,0,'Blink',0,1000,0,'Blink',0,1100,0,'Blink',0,5000,0,'Blink',0,1000,0,'Blink',0,900,0,'Blink',0,900,0,'Blink',0,900,0,'Blink',0,900,0,'Blink',0,900,0,'Blink',0,4800,0,'Blink',0,900,0,'Blink',0,900,0,'Blink',0,800,0,'Blink',0,900,0,'Blink',0,900,0,'Blink',0,5000,0,'Blink',0,1100,0,'Blink',0,1200,0,'Blink',0,1100,0,'Blink',0,1200,0,'Blink',0,1200,0,'Blink',0,5200,0,'Blink',0,1300,0,'Blink',0,1300,0,'Blink',0,1200,0,'Blink',0,5300,0,'Blink',0,1500,0,'Blink',0,1500,0,'Blink',0,1500,0,'Blink',0,5500,0,'Blink',0,1500,0,'Blink',0,1600,0,'Blink',0,1500,0,'Blink',0,5500,0,'Blink',0,1500,0,'Blink',0,2000,0,'Blink',0,2000,0,'Blink',0,6000,0,'Blink',0,2100,0,'Blink',0,7100,0,'Blink',0,3000,0,'Blink',0,7000,0,'Blink',0,3000,0,'Blink',0,7000,0,'Blink',0,3000,0,'Blink',0,7000,0,'Blink',0
'597',343401,61500,0,'Blink',0,3000,0,'Blink',0,6200,0,'Blink',0,1600,0,'Blink',0,1400,0,'Blink',0,1500,0,'Blink',0,5500,0,'Blink',0,1500,0,'Blink',0,1500,0,'Blink',0,1500,0,'Blink',0,5400,0,'Blink',0,1500,0,'Blink',0,1400,0,'Blink',0,1400,0,'Blink',0,5400,0,'Blink',0,1500,0,'Blink',0,1400,0,'Blink',0,1400,0,'Blink',0,5400,0,'Blink',0,1400,0,'Blink',0,1400,0,'Blink',0,1400,0,'Blink',0,1400,0,'Blink',0,5400,0,'Blink',0,1200,0,'Blink',0,1200,0,'Blink',0,1200,0,'Blink',0,1200,0,'Blink',0,5200,0,'Blink',0,1200,0,'Blink',0,1200,0,'Blink',0,1200,0,'Blink',0,1200,0,'Blink',0,5200,0,'Blink',0,1200,0,'Blink',0,1200,0,'Blink',0,1200,0,'Blink',0,1200,0,'Blink',0,5200,0,'Blink',0,1200,0,'Blink',0,1200,0,'Blink',0,1200,0,'Blink',0,1200,0,'Blink',0,5200,0,'Blink',0,1200,0,'Blink',0,1200,0,'Blink',0,1200,0,'Blink',0,1200,0,'Blink',0,5200,0,'Blink',0,1200,0,'Blink',0,1200,0,'Blink',0,1200,0,'Blink',0,1200,0,'Blink',0,5500,0,'Blink',0,1500,0,'Blink',0,1600,0,'Blink',0,5600,0,'Blink',0,1600,0,'Blink',0,1600,0,'Blink',0,1500,0,'Blink',0,5500,0,'Blink',0,1500,0,'Blink',0,1500,0,'Blink',0,1500,0,'Blink',0,5500,0,'Blink',0,1500,0,'Blink',0,2000,0,'Blink',0,2000,0,'Blink',0,6000,0,'Blink',0,2100,0,'Blink',0,7100,0,'Blink',0,3000,0,'Blink',0,7000,0,'Blink',0,3000,0,'Blink',0,7000,0,'Blink',0,3000,0,'Blink',0,7000,0,'Blink',0
'598',343401,62000,0,'Blink',0,3000,0,'Blink',0,6700,0,'Blink',0,1900,0,'Blink',0,1900,0,'Blink',0,6000,0,'Blink',0,1500,0,'Blink',0,1500,0,'Blink',0,5500,0,'Blink',0,1500,0,'Blink',0,1500,0,'Blink',0,1500,0,'Blink',0,5500,0,'Blink',0,1500,0,'Blink',0,1500,0,'Blink',0,1500,0,'Blink',0,5500,0,'Blink',0,1500,0,'Blink',0,1500,0,'Blink',0,1400,0,'Blink',0,1500,0,'Blink',0,5400,0,'Blink',0,1500,0,'Blink',0,1500,0,'Blink',0,1500,0,'Blink',0,5500,0,'Blink',0,1500,0,'Blink',0,1500,0,'Blink',0,1500,0,'Blink',0,5500,0,'Blink',0,1500,0,'Blink',0,1500,0,'Blink',0,1500,0,'Blink',0,5500,0,'Blink',0,1500,0,'Blink',0,1500,0,'Blink',0,1500,0,'Blink',0,5500,0,'Blink',0,1500,0,'Blink',0,1500,0,'Blink',0,1500,0,'Blink',0,5600,0,'Blink',0,1500,0,'Blink',0,1600,0,'Blink',0,5500,0,'Blink',0,1500,0,'Blink',0,1500,0,'Blink',0,1500,0,'Blink',0,5600,0,'Blink',0,1500,0,'Blink',0,1500,0,'Blink',0,1500,0,'Blink',0,5500,0,'Blink',0,1500,0,'Blink',0,1600,0,'Blink',0,1500,0,'Blink',0,5500,0,'Blink',0,1500,0,'Blink',0,2000,0,'Blink',0,2000,0,'Blink',0,6000,0,'Blink',0,2100,0,'Blink',0,7100,0,'Blink',0,3000,0,'Blink',0,7000,0,'Blink',0
'599',343401,61500,0,'Blink',0,3000,0,'Blink',0,6200,0,'Blink',0,1600,0,'Blink',0,1400,0,'Blink',0,1500,0,'Blink',0,5500,0,'Blink',0,1500,0,'Blink',0,1500,0,'Blink',0,1500,0,'Blink',0,5400,0,'Blink',0,1500,0,'Blink',0,1400,0,'Blink',0,1400,0,'Blink',0,5400,0,'Blink',0,1500,0,'Blink',0,1400,0,'Blink',0,1400,0,'Blink',0,5400,0,'Blink',0,1400,0,'Blink',0,1400,0,'Blink',0,1400,0,'Blink',0,1400,0,'Blink',0,5400,0,'Blink',0,1200,0,'Blink',0,1200,0,'Blink',0,1200,0,'Blink',0,1200,0,'Blink',0,5200,0,'Blink',0,1200,0,'Blink',0,1200,0,'Blink',0,1200,0,'Blink',0,1200,0,'Blink',0,5200,0,'Blink',0,1200,0,'Blink',0,1200,0,'Blink',0,1200,0,'Blink',0,1200,0,'Blink',0,5200,0,'Blink',0,1200,0,'Blink',0,1200,0,'Blink',0,1200,0,'Blink',0,1200,0,'Blink',0,5200,0,'Blink',0,1200,0,'Blink',0,1200,0,'Blink',0,1200,0,'Blink',0,1200,0,'Blink',0,5200,0,'Blink',0,1200,0,'Blink',0,1200,0,'Blink',0,1200,0,'Blink',0,1200,0,'Blink',0,5500,0,'Blink',0,1500,0,'Blink',0,1600,0,'Blink',0,5600,0,'Blink',0,1600,0,'Blink',0,1600,0,'Blink',0,1500,0,'Blink',0,5500,0,'Blink',0,1500,0,'Blink',0,1500,0,'Blink',0,1500,0,'Blink',0,5500,0,'Blink',0,1500,0,'Blink',0,2000,0,'Blink',0,2000,0,'Blink',0,6000,0,'Blink',0,2100,0,'Blink',0,7100,0,'Blink',0,3000,0,'Blink',0,7000,0,'Blink',0,3000,0,'Blink',0
'600',343401,62000,0,'Blink',0,3000,0,'Blink',0,6700,0,'Blink',0,1900,0,'Blink',0,1900,0,'Blink',0,6000,0,'Blink',0,1500,0,'Blink',0,1500,0,'Blink',0,5500,0,'Blink',0,1500,0,'Blink',0,1500,0,'Blink',0,1500,0,'Blink',0,5500,0,'Blink',0,1500,0,'Blink',0,1500,0,'Blink',0,1500,0,'Blink',0,5500,0,'Blink',0,1500,0,'Blink',0,1500,0,'Blink',0,1400,0,'Blink',0,1500,0,'Blink',0,5400,0,'Blink',0,1500,0,'Blink',0,1500,0,'Blink',0,1500,0,'Blink',0,5500,0,'Blink',0,1500,0,'Blink',0,1500,0,'Blink',0,1500,0,'Blink',0,5500,0,'Blink',0,1500,0,'Blink',0,1500,0,'Blink',0,1500,0,'Blink',0,5500,0,'Blink',0,1500,0,'Blink',0,1500,0,'Blink',0,1500,0,'Blink',0,5500,0,'Blink',0,1500,0,'Blink',0,1500,0,'Blink',0,1500,0,'Blink',0,5600,0,'Blink',0,1500,0,'Blink',0,1600,0,'Blink',0,5500,0,'Blink',0,1500,0,'Blink',0,1500,0,'Blink',0,1500,0,'Blink',0,5600,0,'Blink',0,1500,0,'Blink',0,1500,0,'Blink',0,1500,0,'Blink',0,5500,0,'Blink',0,1500,0,'Blink',0,1600,0,'Blink',0,1500,0,'Blink',0,5500,0,'Blink',0,1500,0,'Blink',0,2000,0,'Blink',0,2000,0,'Blink',0,6000,0,'Blink',0,2100,0,'Blink',0,7100,0,'Blink',0,3000,0,'Blink',0,7000,0,'Blink',0
'601',343401,61500,0,'Blink',0,3000,0,'Blink',0,6200,0,'Blink',0,1600,0,'Blink',0,1400,0,'Blink',0,1500,0,'Blink',0,5500,0,'Blink',0,1500,0,'Blink',0,1500,0,'Blink',0,1500,0,'Blink',0,5400,0,'Blink',0,1500,0,'Blink',0,1400,0,'Blink',0,1400,0,'Blink',0,5400,0,'Blink',0,1500,0,'Blink',0,1400,0,'Blink',0,1400,0,'Blink',0,5400,0,'Blink',0,1400,0,'Blink',0,1400,0,'Blink',0,1400,0,'Blink',0,1400,0,'Blink',0,5400,0,'Blink',0,1200,0,'Blink',0,1200,0,'Blink',0,1200,0,'Blink',0,1200,0,'Blink',0,5200,0,'Blink',0,1200,0,'Blink',0,1200,0,'Blink',0,1200,0,'Blink',0,1200,0,'Blink',0,5200,0,'Blink',0,1200,0,'Blink',0,1200,0,'Blink',0,1200,0,'Blink',0,1200,0,'Blink',0,5200,0,'Blink',0,1200,0,'Blink',0,1200,0,'Blink',0,1200,0,'Blink',0,1200,0,'Blink',0,5200,0,'Blink',0,1200,0,'Blink',0,1200,0,'Blink',0,1200,0,'Blink',0,1200,0,'Blink',0,5200,0,'Blink',0,1200,0,'Blink',0,1200,0,'Blink',0,1200,0,'Blink',0,1200,0,'Blink',0,5500,0,'Blink',0,1500,0,'Blink',0,1600,0,'Blink',0,5600,0,'Blink',0,1600,0,'Blink',0,1600,0,'Blink',0,1500,0,'Blink',0,5500,0,'Blink',0,1500,0,'Blink',0,1500,0,'Blink',0,1500,0,'Blink',0,5500,0,'Blink',0,1500,0,'Blink',0,2000,0,'Blink',0,2000,0,'Blink',0,6000,0,'Blink',0,2100,0,'Blink',0,7100,0,'Blink',0,3000,0,'Blink',0,7000,0,'Blink',0,3000,0,'Blink',0
