'592',7100,65800,4,'',0,7800,4,'',0,8300,4,'',0,3200,4,'',0,7000,4,'',0,2900,4,'',0,7000,4,'',0,3000,4,'',0,7000,4,'',0,3000,4,'',0,7000,4,'',0,3000,4,'',0,7100,4,'',0,3000,4,'',0,7000,4,'',0,2500,4,'',0,6200,4,'',0,1000,4,'',0,2900,4,'',0,7000,4,'',0,2000,4,'',0,2000,4,'',0,6000,4,'',0,2800,4,'',0,7600,4,'',0,3000,4,'',0,7000,4,'',0
'592',7101,62900,,'',0,2900,,'',0,7800,,'',0,1100,,'',0,5800,,'',0,1400,,'',0,2000,,'',0,1200,,'',0,5000,,'',0,1100,,'',0,900,,'',0,1400,,'',0,1500,,'',0,7000,,'',0,3000,,'',0,7000,,'',0,3000,,'',0,7000,,'',0,3000,,'',0,7100,,'',0,3000,,'',0,7000,,'',0,2500,,'',0,7200,,'',0,9900,,'',0,4000,,'',0,8800,,'',0,7600,,'',0,10000,,'',0
'593',7100,65800,4,'',0,7800,4,'',0,8300,4,'',0,3200,4,'',0,7000,4,'',0,2900,4,'',0,7000,4,'',0,3000,4,'',0,7000,4,'',0,3000,4,'',0,7000,4,'',0,3000,4,'',0,7100,4,'',0,3000,4,'',0,7000,4,'',0,2500,4,'',0,6200,4,'',0,1000,4,'',0,2900,4,'',0,7000,4,'',0,2000,4,'',0,2000,4,'',0,6000,4,'',0,2800,4,'',0,7600,4,'',0,3000,4,'',0,7000,4,'',0
'593',7101,62900,,'',0,2900,,'',0,7800,,'',0,1100,,'',0,5800,,'',0,1400,,'',0,2000,,'',0,1200,,'',0,5000,,'',0,1100,,'',0,900,,'',0,1400,,'',0,1500,,'',0,7000,,'',0,3000,,'',0,7000,,'',0,3000,,'',0,7000,,'',0,3000,,'',0,7100,,'',0,3000,,'',0,7000,,'',0,2500,,'',0,7200,,'',0,9900,,'',0,4000,,'',0,8800,,'',0,7600,,'',0,10000,,'',0
'594',7100,65800,4,'',0,7800,4,'',0,8300,4,'',0,3200,4,'',0,7000,4,'',0,2900,4,'',0,7000,4,'',0,3000,4,'',0,7000,4,'',0,3000,4,'',0,7000,4,'',0,3000,4,'',0,7100,4,'',0,3000,4,'',0,7000,4,'',0,2500,4,'',0,6200,4,'',0,1000,4,'',0,2900,4,'',0,7000,4,'',0,2000,4,'',0,2000,4,'',0,6000,4,'',0,2800,4,'',0,7600,4,'',0,3000,4,'',0,7000,4,'',0
'594',7101,62900,,'',0,2900,,'',0,7800,,'',0,1100,,'',0,5800,,'',0,1400,,'',0,2000,,'',0,1200,,'',0,5000,,'',0,1100,,'',0,900,,'',0,1400,,'',0,1500,,'',0,7000,,'',0,3000,,'',0,7000,,'',0,3000,,'',0,7000,,'',0,3000,,'',0,7100,,'',0,3000,,'',0,7000,,'',0,2500,,'',0,7200,,'',0,9900,,'',0,4000,,'',0,8800,,'',0,7600,,'',0,10000,,'',0
'595',7100,65800,4,'',0,7800,4,'',0,8300,4,'',0,3200,4,'',0,7000,4,'',0,2900,4,'',0,7000,4,'',0,3000,4,'',0,7000,4,'',0,3000,4,'',0,7000,4,'',0,3000,4,'',0,7100,4,'',0,3000,4,'',0,7000,4,'',0,2500,4,'',0,6200,4,'',0,1000,4,'',0,2900,4,'',0,7000,4,'',0,2000,4,'',0,2000,4,'',0,6000,4,'',0,2800,4,'',0,7600,4,'',0,3000,4,'',0,7000,4,'',0
'595',7101,62900,,'',0,2900,,'',0,7800,,'',0,1100,,'',0,5800,,'',0,1400,,'',0,2000,,'',0,1200,,'',0,5000,,'',0,1100,,'',0,900,,'',0,1400,,'',0,1500,,'',0,7000,,'',0,3000,,'',0,7000,,'',0,3000,,'',0,7000,,'',0,3000,,'',0,7100,,'',0,3000,,'',0,7000,,'',0,2500,,'',0,7200,,'',0,9900,,'',0,4000,,'',0,8800,,'',0,7600,,'',0,10000,,'',0
'596',7100,65800,4,'',0,7800,4,'',0,8300,4,'',0,3200,4,'',0,7000,4,'',0,2900,4,'',0,7000,4,'',0,3000,4,'',0,7000,4,'',0,3000,4,'',0,7000,4,'',0,3000,4,'',0,7100,4,'',0,3000,4,'',0,7000,4,'',0,2500,4,'',0,6200,4,'',0,1000,4,'',0,2900,4,'',0,7000,4,'',0,2000,4,'',0,2000,4,'',0,6000,4,'',0,2800,4,'',0,7600,4,'',0,3000,4,'',0,7000,4,'',0
'596',7101,62900,,'',0,2900,,'',0,7800,,'',0,1100,,'',0,5800,,'',0,1400,,'',0,2000,,'',0,1200,,'',0,5000,,'',0,1100,,'',0,900,,'',0,1400,,'',0,1500,,'',0,7000,,'',0,3000,,'',0,7000,,'',0,3000,,'',0,7000,,'',0,3000,,'',0,7100,,'',0,3000,,'',0,7000,,'',0,2500,,'',0,7200,,'',0,9900,,'',0,4000,,'',0,8800,,'',0,7600,,'',0,10000,,'',0
'597',7100,91800,4,'',0,10100,4,'',0,10100,4,'',0,10000,4,'',0,10000,4,'',0,10000,4,'',0,10000,4,'',0,10000,4,'',0,10000,4,'',0,10200,4,'',0,9900,4,'',0
'597',7101,91800,,'',0,10100,,'',0,10100,,'',0,10000,,'',0,10000,,'',0,10000,,'',0,10000,,'',0,10000,,'',0,10000,,'',0,10200,,'',0,9900,,'',0
'598',7100,91800,4,'',0,10100,4,'',0,10100,4,'',0,10100,4,'',0,10000,4,'',0,9900,4,'',0,10000,4,'',0,10000,4,'',0,10000,4,'',0,10200,4,'',0,9900,4,'',0
'598',7101,91800,,'',0,10100,,'',0,10100,,'',0,10100,,'',0,10000,,'',0,9900,,'',0,10000,,'',0,10000,,'',0,10000,,'',0,10200,,'',0,9900,,'',0
'599',7100,91800,4,'',0,10100,4,'',0,10100,4,'',0,10000,4,'',0,10000,4,'',0,10000,4,'',0,10000,4,'',0,10000,4,'',0,10000,4,'',0,10200,4,'',0,9900,4,'',0
'599',7101,91800,,'',0,10100,,'',0,10100,,'',0,10000,,'',0,10000,,'',0,10000,,'',0,10000,,'',0,10000,,'',0,10000,,'',0,10200,,'',0,9900,,'',0
'600',7100,91800,4,'',0,10100,4,'',0,10100,4,'',0,10100,4,'',0,10000,4,'',0,9900,4,'',0,10000,4,'',0,10000,4,'',0,10000,4,'',0,10200,4,'',0,9900,4,'',0
'600',7101,91800,,'',0,10100,,'',0,10100,,'',0,10100,,'',0,10000,,'',0,9900,,'',0,10000,,'',0,10000,,'',0,10000,,'',0,10200,,'',0,9900,,'',0
'601',7100,91800,4,'',0,10100,4,'',0,10100,4,'',0,10000,4,'',0,10000,4,'',0,10000,4,'',0,10000,4,'',0,10000,4,'',0,10000,4,'',0,10200,4,'',0,9900,4,'',0
'601',7101,91800,,'',0,10100,,'',0,10100,,'',0,10000,,'',0,10000,,'',0,10000,,'',0,10000,,'',0,10000,,'',0,10000,,'',0,10200,,'',0,9900,,'',0
'592',7900,60300,,'',0,3400,,'',0,8500,,'',0,3000,,'',0,8900,,'',0,9600,,'',0,9200,,'',0,9300,,'',0,9200,,'',0,9000,,'',0,10000,,'',0,4800,,'',0,9400,,'',0,8200,,'',0,7300,,'',0,4100,,'',0,8300,,'',0,8300,,'',0,9600,,'',0,11600,,'',0,11900,,'',0,12000,,'',0
'592',7901,70100,4,'',0,3800,4,'',0,7900,4,'',0,2800,4,'',0,7700,4,'',0,8900,4,'',0,9300,4,'',0,5300,4,'',0,9300,4,'',0,9600,4,'',0,9200,4,'',0,8700,4,'',0,8500,4,'',0,3500,4,'',0,7600,4,'',0,3600,4,'',0,8800,4,'',0,10400,4,'',0,15900,4,'',0,10600,4,'',0,12100,4,'',0
'593',7900,60300,,'',0,3400,,'',0,8500,,'',0,3000,,'',0,8900,,'',0,9600,,'',0,9200,,'',0,9300,,'',0,9200,,'',0,9000,,'',0,10000,,'',0,4800,,'',0,9400,,'',0,8200,,'',0,7300,,'',0,4100,,'',0,8300,,'',0,8300,,'',0,9600,,'',0,11600,,'',0,11900,,'',0,12000,,'',0
'593',7901,70100,4,'',0,3800,4,'',0,7900,4,'',0,2800,4,'',0,7700,4,'',0,8900,4,'',0,9300,4,'',0,5300,4,'',0,9300,4,'',0,9600,4,'',0,9200,4,'',0,8700,4,'',0,8500,4,'',0,3500,4,'',0,7600,4,'',0,3600,4,'',0,8800,4,'',0,10400,4,'',0,15900,4,'',0,10600,4,'',0,12100,4,'',0
'594',7900,60300,,'',0,3400,,'',0,8500,,'',0,3000,,'',0,8900,,'',0,9600,,'',0,9200,,'',0,9300,,'',0,9200,,'',0,9000,,'',0,10000,,'',0,4800,,'',0,9400,,'',0,8200,,'',0,7300,,'',0,4100,,'',0,8300,,'',0,8300,,'',0,9600,,'',0,11600,,'',0,11900,,'',0,12000,,'',0
'594',7901,70100,4,'',0,3800,4,'',0,7900,4,'',0,2800,4,'',0,7700,4,'',0,8900,4,'',0,9300,4,'',0,5300,4,'',0,9300,4,'',0,9600,4,'',0,9200,4,'',0,8700,4,'',0,8500,4,'',0,3500,4,'',0,7600,4,'',0,3600,4,'',0,8800,4,'',0,10400,4,'',0,15900,4,'',0,10600,4,'',0,12100,4,'',0
'595',7900,60300,,'',0,3400,,'',0,8500,,'',0,3000,,'',0,8900,,'',0,9600,,'',0,9200,,'',0,9300,,'',0,9200,,'',0,9000,,'',0,10000,,'',0,4800,,'',0,9400,,'',0,8200,,'',0,7300,,'',0,4100,,'',0,8300,,'',0,8300,,'',0,9600,,'',0,11600,,'',0,11900,,'',0,12000,,'',0
'595',7901,70100,4,'',0,3800,4,'',0,7900,4,'',0,2800,4,'',0,7700,4,'',0,8900,4,'',0,9300,4,'',0,5300,4,'',0,9300,4,'',0,9600,4,'',0,9200,4,'',0,8700,4,'',0,8500,4,'',0,3500,4,'',0,7600,4,'',0,3600,4,'',0,8800,4,'',0,10400,4,'',0,15900,4,'',0,10600,4,'',0,12100,4,'',0
'596',7900,60300,,'',0,3400,,'',0,8500,,'',0,3000,,'',0,8900,,'',0,9600,,'',0,9200,,'',0,9300,,'',0,9200,,'',0,9000,,'',0,10000,,'',0,4800,,'',0,9400,,'',0,8200,,'',0,7300,,'',0,4100,,'',0,8300,,'',0,8300,,'',0,9600,,'',0,11600,,'',0,11900,,'',0,12000,,'',0
'596',7901,70100,4,'',0,3800,4,'',0,7900,4,'',0,2800,4,'',0,7700,4,'',0,8900,4,'',0,9300,4,'',0,5300,4,'',0,9300,4,'',0,9600,4,'',0,9200,4,'',0,8700,4,'',0,8500,4,'',0,3500,4,'',0,7600,4,'',0,3600,4,'',0,8800,4,'',0,10400,4,'',0,15900,4,'',0,10600,4,'',0,12100,4,'',0
'597',7900,71000,,'',0,9700,,'',0,9700,,'',0,10000,,'',0,9900,,'',0,5300,,'',0,9400,,'',0,9300,,'',0,9500,,'',0,9400,,'',0,9400,,'',0,9600,,'',0,11200,,'',0,12300,,'',0,16000,,'',0,12200,,'',0,16100,,'',0
'597',7901,75100,4,'',0,9900,4,'',0,10000,4,'',0,9200,4,'',0,8900,4,'',0,10100,4,'',0,9400,4,'',0,9400,4,'',0,9400,4,'',0,9400,4,'',0,9700,4,'',0,11200,4,'',0,12200,4,'',0,11900,4,'',0,15700,4,'',0,12200,4,'',0
'598',7900,74600,,'',0,16000,,'',0,11400,,'',0,11900,,'',0,16300,,'',0,12600,,'',0,12100,,'',0,16100,,'',0,12500,,'',0,16600,,'',0,12000,,'',0,12000,,'',0
'598',7901,74300,4,'',0,11100,4,'',0,15300,4,'',0,12100,4,'',0,11700,4,'',0,16600,4,'',0,12700,4,'',0,12100,4,'',0,15600,4,'',0,11900,4,'',0,12000,4,'',0,16000,4,'',0,11900,4,'',0
'599',7900,71000,,'',0,9700,,'',0,9700,,'',0,10000,,'',0,9900,,'',0,5300,,'',0,9400,,'',0,9300,,'',0,9500,,'',0,9400,,'',0,9400,,'',0,9600,,'',0,11200,,'',0,12300,,'',0,16000,,'',0,12200,,'',0,16100,,'',0
'599',7901,75100,4,'',0,9900,4,'',0,10000,4,'',0,9200,4,'',0,8900,4,'',0,10100,4,'',0,9400,4,'',0,9400,4,'',0,9400,4,'',0,9400,4,'',0,9700,4,'',0,11200,4,'',0,12200,4,'',0,11900,4,'',0,15700,4,'',0,12200,4,'',0
'600',7900,74600,,'',0,16000,,'',0,11400,,'',0,11900,,'',0,16300,,'',0,12600,,'',0,12100,,'',0,16100,,'',0,12500,,'',0,16600,,'',0,12000,,'',0,12000,,'',0
'600',7901,74300,4,'',0,11100,4,'',0,15300,4,'',0,12100,4,'',0,11700,4,'',0,16600,4,'',0,12700,4,'',0,12100,4,'',0,15600,4,'',0,11900,4,'',0,12000,4,'',0,16000,4,'',0,11900,4,'',0
'601',7900,71000,,'',0,9700,,'',0,9700,,'',0,10000,,'',0,9900,,'',0,5300,,'',0,9400,,'',0,9300,,'',0,9500,,'',0,9400,,'',0,9400,,'',0,9600,,'',0,11200,,'',0,12300,,'',0,16000,,'',0,12200,,'',0,16100,,'',0
'601',7901,75100,4,'',0,9900,4,'',0,10000,4,'',0,9200,4,'',0,8900,4,'',0,10100,4,'',0,9400,4,'',0,9400,4,'',0,9400,4,'',0,9400,4,'',0,9700,4,'',0,11200,4,'',0,12200,4,'',0,11900,4,'',0,15700,4,'',0,12200,4,'',0
