'535',11700,83700,,'',0,20000,,'',0,20000,,'',0,20000,,'',0,20000,,'',0,20000,,'',0
'535',11701,83200,,'',0,20000,,'',0,20000,,'',0,20000,,'',0,20000,,'',0
'536',11700,83700,,'',0,20000,,'',0,20000,,'',0,20000,,'',0,20000,,'',0,20000,,'',0
'536',11701,83200,,'',0,20000,,'',0,20000,,'',0,20000,,'',0,20000,,'',0
'534',11800,80700,,'',0,10000,,'',0,10000,,'',0,10000,,'',0,10000,,'',0,10000,,'',0,10000,,'',0,10000,,'',0,10000,,'',0,10000,,'',0,9900,,'',0,10000,,'',0,10000,,'',0,10000,,'',0
'534',11801,80100,4,'',0,10000,4,'',0,10000,4,'',0,10000,4,'',0,10000,4,'',0,10000,4,'',0,10000,4,'',0,10000,4,'',0,9900,4,'',0,10000,4,'',0,10000,4,'',0,10000,4,'',0,10000,4,'',0,10000,4,'',0
'535',11800,63700,,'',0,8500,,'',0,8500,,'',0,10000,,'',0,3000,,'',0,7000,,'',0,10000,,'',0,3000,,'',0,7000,,'',0,10000,,'',0,3000,,'',0,7000,,'',0,10000,,'',0,3000,,'',0,7000,,'',0,10000,,'',0,3000,,'',0,7000,,'',0,10000,,'',0,3000,,'',0,7000,,'',0,10000,,'',0
'535',11801,63100,4,'',0,7000,4,'',0,3000,4,'',0,7000,4,'',0,10100,4,'',0,3000,4,'',0,7000,4,'',0,10000,4,'',0,3000,4,'',0,7000,4,'',0,10000,4,'',0,3000,4,'',0,7000,4,'',0,10000,4,'',0,3000,4,'',0,7000,4,'',0,9900,4,'',0,3000,4,'',0,7000,4,'',0,4000,4,'',0,9000,4,'',0,10000,4,'',0
'536',11800,63700,,'',0,8500,,'',0,8500,,'',0,10000,,'',0,3000,,'',0,7000,,'',0,10000,,'',0,3000,,'',0,7000,,'',0,10000,,'',0,3000,,'',0,7000,,'',0,10000,,'',0,3000,,'',0,7000,,'',0,10000,,'',0,3000,,'',0,7000,,'',0,10000,,'',0,3000,,'',0,7000,,'',0,10000,,'',0
'536',11801,63100,4,'',0,7000,4,'',0,3000,4,'',0,7000,4,'',0,10100,4,'',0,3000,4,'',0,7000,4,'',0,10000,4,'',0,3000,4,'',0,7000,4,'',0,10000,4,'',0,3000,4,'',0,7000,4,'',0,10000,4,'',0,3000,4,'',0,7000,4,'',0,9900,4,'',0,3000,4,'',0,7000,4,'',0,4000,4,'',0,9000,4,'',0,10000,4,'',0
'537',11800,80700,,'',0,10000,,'',0,10000,,'',0,10000,,'',0,10000,,'',0,10000,,'',0,10000,,'',0,10000,,'',0,10000,,'',0,10000,,'',0,9900,,'',0,10000,,'',0,10000,,'',0,10000,,'',0
'537',11801,80100,4,'',0,10000,4,'',0,10000,4,'',0,10000,4,'',0,10000,4,'',0,10000,4,'',0,10000,4,'',0,10000,4,'',0,9900,4,'',0,10000,4,'',0,10000,4,'',0,10000,4,'',0,10000,4,'',0,10000,4,'',0
'538',11800,84000,,'',0,10000,,'',0,10000,,'',0,9700,,'',0,10000,,'',0,10000,,'',0,10000,,'',0,10000,,'',0,10000,,'',0,10000,,'',0,10000,,'',0,10000,,'',0,10000,,'',0
'538',11801,93200,4,'',0,10000,4,'',0,9800,4,'',0,10000,4,'',0,10000,4,'',0,10000,4,'',0,10000,4,'',0,10000,4,'',0,10000,4,'',0,10000,4,'',0,10000,4,'',0,10000,4,'',0
'539',11800,84000,,'',0,10000,,'',0,10000,,'',0,9700,,'',0,10000,,'',0,10000,,'',0,10000,,'',0,10000,,'',0,10000,,'',0,10000,,'',0,10000,,'',0,10000,,'',0,10000,,'',0
'539',11801,93200,4,'',0,10000,4,'',0,9800,4,'',0,10000,4,'',0,10000,4,'',0,10000,4,'',0,10000,4,'',0,10000,4,'',0,10000,4,'',0,10000,4,'',0,10000,4,'',0,10000,4,'',0
