'540',8201,65300,4,'',0,9000,4,'',0,7500,4,'',0,3000,4,'',0,7000,4,'',0,3000,4,'',0,6800,4,'',0,2400,4,'',0,6600,4,'',0,2400,4,'',0,2500,4,'',0,6400,4,'',0,2400,4,'',0,6400,4,'',0,2500,4,'',0,2400,4,'',0,6400,4,'',0,2400,4,'',0,6400,4,'',0,2400,4,'',0,2400,4,'',0,6400,4,'',0,2400,4,'',0,6400,4,'',0,2300,4,'',0,2400,4,'',0,6400,4,'',0,2300,4,'',0,6200,4,'',0,2700,4,'',0,6900,4,'',0,2900,4,'',0,3000,4,'',0,7500,4,'',0,8400,4,'',0,8900,4,'',0,4700,4,'',0
'541',8201,61400,4,'',0,3500,4,'',0,6500,4,'',0,2000,4,'',0,1400,4,'',0,600,4,'',0,6000,4,'',0,700,4,'',0,1400,4,'',0,2000,4,'',0,6000,4,'',0,2000,4,'',0,2000,4,'',0,6200,4,'',0,2400,4,'',0,6500,4,'',0,2400,4,'',0,2500,4,'',0,6400,4,'',0,2400,4,'',0,6400,4,'',0,2400,4,'',0,2400,4,'',0,6500,4,'',0,2400,4,'',0,6400,4,'',0,2100,4,'',0,1900,4,'',0,1000,4,'',0,4900,4,'',0,1800,4,'',0,1900,4,'',0,5900,4,'',0,1800,4,'',0,1900,4,'',0,1900,4,'',0,5900,4,'',0,1900,4,'',0,1900,4,'',0,6100,4,'',0,2300,4,'',0,6100,4,'',0,2700,4,'',0,3000,4,'',0,7000,4,'',0,2900,4,'',0,7000,4,'',0,3000,4,'',0,7400,4,'',0,8000,4,'',0,3800,4,'',0
'542',8201,61400,4,'',0,3500,4,'',0,6500,4,'',0,2000,4,'',0,1400,4,'',0,600,4,'',0,6000,4,'',0,700,4,'',0,1400,4,'',0,2000,4,'',0,6000,4,'',0,2000,4,'',0,2000,4,'',0,6200,4,'',0,2400,4,'',0,6500,4,'',0,2400,4,'',0,2500,4,'',0,6400,4,'',0,2400,4,'',0,6400,4,'',0,2400,4,'',0,2400,4,'',0,6500,4,'',0,2400,4,'',0,6400,4,'',0,2100,4,'',0,1900,4,'',0,1000,4,'',0,4900,4,'',0,1800,4,'',0,1900,4,'',0,5900,4,'',0,1800,4,'',0,1900,4,'',0,1900,4,'',0,5900,4,'',0,1900,4,'',0,1900,4,'',0,6100,4,'',0,2300,4,'',0,6100,4,'',0,2700,4,'',0,3000,4,'',0,7000,4,'',0,2900,4,'',0,7000,4,'',0,3000,4,'',0,7400,4,'',0,8000,4,'',0,3800,4,'',0
'543',8201,61400,4,'',0,3500,4,'',0,6500,4,'',0,2000,4,'',0,1400,4,'',0,600,4,'',0,6000,4,'',0,700,4,'',0,1400,4,'',0,2000,4,'',0,6000,4,'',0,2000,4,'',0,2000,4,'',0,6200,4,'',0,2400,4,'',0,6500,4,'',0,2400,4,'',0,2500,4,'',0,6400,4,'',0,2400,4,'',0,6400,4,'',0,2400,4,'',0,2400,4,'',0,6500,4,'',0,2400,4,'',0,6400,4,'',0,2100,4,'',0,1900,4,'',0,1000,4,'',0,4900,4,'',0,1800,4,'',0,1900,4,'',0,5900,4,'',0,1800,4,'',0,1900,4,'',0,1900,4,'',0,5900,4,'',0,1900,4,'',0,1900,4,'',0,6100,4,'',0,2300,4,'',0,6100,4,'',0,2700,4,'',0,3000,4,'',0,7000,4,'',0,2900,4,'',0,7000,4,'',0,3000,4,'',0,7400,4,'',0,8000,4,'',0,3800,4,'',0
'544',8201,61400,4,'',0,3500,4,'',0,6500,4,'',0,2000,4,'',0,1400,4,'',0,600,4,'',0,6000,4,'',0,700,4,'',0,1400,4,'',0,2000,4,'',0,6000,4,'',0,2000,4,'',0,2000,4,'',0,6200,4,'',0,2400,4,'',0,6500,4,'',0,2400,4,'',0,2500,4,'',0,6400,4,'',0,2400,4,'',0,6400,4,'',0,2400,4,'',0,2400,4,'',0,6500,4,'',0,1700,4,'',0,700,4,'',0,6400,4,'',0,2100,4,'',0,1900,4,'',0,5900,4,'',0,1800,4,'',0,1900,4,'',0,5900,4,'',0,1800,4,'',0,1900,4,'',0,1900,4,'',0,5900,4,'',0,1900,4,'',0,1900,4,'',0,6100,4,'',0,2300,4,'',0,6100,4,'',0,2700,4,'',0,3000,4,'',0,7000,4,'',0,2900,4,'',0,7000,4,'',0,3000,4,'',0,7400,4,'',0,8000,4,'',0,3800,4,'',0,7900,4,'',0,8000,4,'',0
'545',8201,65000,4,'',0,8000,4,'',0,7000,4,'',0,3000,4,'',0,2900,4,'',0,6900,4,'',0,2700,4,'',0,6600,4,'',0,2400,4,'',0,6500,4,'',0,2500,4,'',0,2400,4,'',0,6400,4,'',0,2400,4,'',0,6500,4,'',0,2400,4,'',0,6400,4,'',0,2500,4,'',0,2400,4,'',0,6300,4,'',0,2100,4,'',0,2000,4,'',0,6000,4,'',0,2000,4,'',0,2100,4,'',0,6000,4,'',0,1900,4,'',0,2000,4,'',0,6000,4,'',0,2000,4,'',0,1900,4,'',0,5900,4,'',0,2200,4,'',0,2300,4,'',0,6800,4,'',0,2900,4,'',0,6800,4,'',0,3000,4,'',0,6900,4,'',0,3400,4,'',0,7700,4,'',0,8000,4,'',0,3800,4,'',0,7900,4,'',0,8000,4,'',0
'546',8201,65300,4,'',0,9000,4,'',0,7500,4,'',0,3000,4,'',0,7000,4,'',0,3000,4,'',0,6800,4,'',0,2400,4,'',0,6600,4,'',0,2400,4,'',0,2500,4,'',0,6400,4,'',0,2400,4,'',0,6400,4,'',0,2500,4,'',0,2400,4,'',0,6400,4,'',0,2400,4,'',0,6400,4,'',0,2400,4,'',0,2400,4,'',0,6400,4,'',0,2400,4,'',0,6400,4,'',0,2300,4,'',0,2400,4,'',0,6400,4,'',0,2300,4,'',0,6200,4,'',0,2700,4,'',0,6900,4,'',0,2900,4,'',0,3000,4,'',0,7500,4,'',0,8400,4,'',0,8900,4,'',0,4700,4,'',0
'547',8201,61400,4,'',0,3500,4,'',0,6500,4,'',0,2000,4,'',0,1400,4,'',0,600,4,'',0,6000,4,'',0,700,4,'',0,1400,4,'',0,2000,4,'',0,6000,4,'',0,2000,4,'',0,2000,4,'',0,6200,4,'',0,2400,4,'',0,6500,4,'',0,2400,4,'',0,2500,4,'',0,6400,4,'',0,2400,4,'',0,6400,4,'',0,2400,4,'',0,2400,4,'',0,6500,4,'',0,2400,4,'',0,6400,4,'',0,2100,4,'',0,1900,4,'',0,1000,4,'',0,4900,4,'',0,1800,4,'',0,1900,4,'',0,5900,4,'',0,1800,4,'',0,1900,4,'',0,1900,4,'',0,5900,4,'',0,1900,4,'',0,1900,4,'',0,6100,4,'',0,2300,4,'',0,6100,4,'',0,2700,4,'',0,3000,4,'',0,7000,4,'',0,2900,4,'',0,7000,4,'',0,3000,4,'',0,7400,4,'',0,8000,4,'',0,3800,4,'',0
'548',8201,65000,4,'',0,8000,4,'',0,7000,4,'',0,3000,4,'',0,2900,4,'',0,6900,4,'',0,2700,4,'',0,6600,4,'',0,2400,4,'',0,6500,4,'',0,2500,4,'',0,2400,4,'',0,6400,4,'',0,2400,4,'',0,6500,4,'',0,2400,4,'',0,6400,4,'',0,2500,4,'',0,2400,4,'',0,6300,4,'',0,2100,4,'',0,2000,4,'',0,6000,4,'',0,2000,4,'',0,2100,4,'',0,6000,4,'',0,1900,4,'',0,2000,4,'',0,6000,4,'',0,2000,4,'',0,1900,4,'',0,5900,4,'',0,2200,4,'',0,2300,4,'',0,6800,4,'',0,2900,4,'',0,6800,4,'',0,3000,4,'',0,6900,4,'',0,3400,4,'',0,7700,4,'',0,8000,4,'',0,3800,4,'',0,7900,4,'',0,8000,4,'',0
'549',8201,65000,4,'',0,8000,4,'',0,7000,4,'',0,3000,4,'',0,2900,4,'',0,6900,4,'',0,2700,4,'',0,6600,4,'',0,2400,4,'',0,6500,4,'',0,2500,4,'',0,2400,4,'',0,6400,4,'',0,2400,4,'',0,6500,4,'',0,2400,4,'',0,6400,4,'',0,2500,4,'',0,2400,4,'',0,6300,4,'',0,2100,4,'',0,2000,4,'',0,6000,4,'',0,2000,4,'',0,2100,4,'',0,6000,4,'',0,1900,4,'',0,2000,4,'',0,6000,4,'',0,2000,4,'',0,1900,4,'',0,5900,4,'',0,2200,4,'',0,2300,4,'',0,6800,4,'',0,2900,4,'',0,6800,4,'',0,3000,4,'',0,6900,4,'',0,3400,4,'',0,7700,4,'',0,8000,4,'',0,3800,4,'',0
'550',8201,65300,4,'',0,9000,4,'',0,7500,4,'',0,3000,4,'',0,7000,4,'',0,3000,4,'',0,6800,4,'',0,2400,4,'',0,6600,4,'',0,2400,4,'',0,2500,4,'',0,6400,4,'',0,2400,4,'',0,6400,4,'',0,2500,4,'',0,2400,4,'',0,6400,4,'',0,2400,4,'',0,6400,4,'',0,2400,4,'',0,2400,4,'',0,6400,4,'',0,2400,4,'',0,6400,4,'',0,2300,4,'',0,2400,4,'',0,6400,4,'',0,2300,4,'',0,6200,4,'',0,2700,4,'',0,6900,4,'',0,2900,4,'',0,3000,4,'',0,7500,4,'',0,8400,4,'',0,8900,4,'',0,4700,4,'',0
'551',8201,65000,4,'',0,8000,4,'',0,7000,4,'',0,3000,4,'',0,2900,4,'',0,6900,4,'',0,2700,4,'',0,6600,4,'',0,2400,4,'',0,6500,4,'',0,2500,4,'',0,2400,4,'',0,6400,4,'',0,2400,4,'',0,6500,4,'',0,2400,4,'',0,6400,4,'',0,2500,4,'',0,2400,4,'',0,6300,4,'',0,2100,4,'',0,2000,4,'',0,6000,4,'',0,2000,4,'',0,2100,4,'',0,6000,4,'',0,1900,4,'',0,2000,4,'',0,6000,4,'',0,2000,4,'',0,1900,4,'',0,5900,4,'',0,2200,4,'',0,2300,4,'',0,6800,4,'',0,2900,4,'',0,6800,4,'',0,3000,4,'',0,6900,4,'',0,3400,4,'',0,7700,4,'',0,8000,4,'',0,3800,4,'',0,7900,4,'',0,8000,4,'',0
'552',8201,65000,4,'',0,8000,4,'',0,7000,4,'',0,3000,4,'',0,2900,4,'',0,6900,4,'',0,2700,4,'',0,6600,4,'',0,2400,4,'',0,6500,4,'',0,2500,4,'',0,2400,4,'',0,6400,4,'',0,2400,4,'',0,6500,4,'',0,2400,4,'',0,6400,4,'',0,2500,4,'',0,2400,4,'',0,6300,4,'',0,2100,4,'',0,2000,4,'',0,6000,4,'',0,2000,4,'',0,2100,4,'',0,6000,4,'',0,1900,4,'',0,2000,4,'',0,6000,4,'',0,2000,4,'',0,1900,4,'',0,5900,4,'',0,2200,4,'',0,2300,4,'',0,6800,4,'',0,2900,4,'',0,6800,4,'',0,3000,4,'',0,6900,4,'',0,3400,4,'',0,7700,4,'',0,8000,4,'',0,3800,4,'',0
'540',8301,72300,4,'',0,8000,4,'',0,3000,4,'',0,7000,4,'',0,3000,4,'',0,7100,4,'',0,2400,4,'',0,2400,4,'',0,6600,4,'',0,2500,4,'',0,6400,4,'',0,2400,4,'',0,2400,4,'',0,6400,4,'',0,2500,4,'',0,6400,4,'',0,2400,4,'',0,2400,4,'',0,6400,4,'',0,2400,4,'',0,6400,4,'',0,2400,4,'',0,2400,4,'',0,6400,4,'',0,2300,4,'',0,6400,4,'',0,2400,4,'',0,2200,4,'',0,6400,4,'',0,2800,4,'',0,7000,4,'',0,2900,4,'',0,7000,4,'',0,3900,4,'',0,9000,4,'',0,8700,4,'',0,9400,4,'',0
'541',8301,63400,4,'',0,6700,4,'',0,2300,4,'',0,2000,4,'',0,6100,4,'',0,2000,4,'',0,2000,4,'',0,6000,4,'',0,2000,4,'',0,2000,4,'',0,6000,4,'',0,2400,4,'',0,2400,4,'',0,6500,4,'',0,2400,4,'',0,6500,4,'',0,2400,4,'',0,2400,4,'',0,6400,4,'',0,2400,4,'',0,6500,4,'',0,2300,4,'',0,2500,4,'',0,6300,4,'',0,1900,4,'',0,1900,4,'',0,5900,4,'',0,1800,4,'',0,1900,4,'',0,5800,4,'',0,1900,4,'',0,1900,4,'',0,5900,4,'',0,1900,4,'',0,1900,4,'',0,6000,4,'',0,2200,4,'',0,2200,4,'',0,6400,4,'',0,2900,4,'',0,6900,4,'',0,3000,4,'',0,7000,4,'',0,3000,4,'',0,6900,4,'',0,4000,4,'',0,7800,4,'',0,8000,4,'',0
'542',8301,63400,4,'',0,6700,4,'',0,2300,4,'',0,2000,4,'',0,6100,4,'',0,2000,4,'',0,2000,4,'',0,6000,4,'',0,2000,4,'',0,2000,4,'',0,6000,4,'',0,2400,4,'',0,2400,4,'',0,6500,4,'',0,2400,4,'',0,6500,4,'',0,2400,4,'',0,2400,4,'',0,6400,4,'',0,2400,4,'',0,6500,4,'',0,2300,4,'',0,2500,4,'',0,6300,4,'',0,1900,4,'',0,1900,4,'',0,5900,4,'',0,1800,4,'',0,1900,4,'',0,5800,4,'',0,1900,4,'',0,1900,4,'',0,5900,4,'',0,1900,4,'',0,1900,4,'',0,6000,4,'',0,2200,4,'',0,2200,4,'',0,6400,4,'',0,2900,4,'',0,6900,4,'',0,3000,4,'',0,7000,4,'',0,3000,4,'',0,6900,4,'',0,4000,4,'',0,7800,4,'',0,8000,4,'',0
'543',8301,63400,4,'',0,6700,4,'',0,2300,4,'',0,2000,4,'',0,6100,4,'',0,2000,4,'',0,2000,4,'',0,6000,4,'',0,2000,4,'',0,2000,4,'',0,6000,4,'',0,2400,4,'',0,2400,4,'',0,6500,4,'',0,2400,4,'',0,6500,4,'',0,2400,4,'',0,2400,4,'',0,6400,4,'',0,2400,4,'',0,6500,4,'',0,2300,4,'',0,2500,4,'',0,6300,4,'',0,1900,4,'',0,1900,4,'',0,5900,4,'',0,1800,4,'',0,1900,4,'',0,5800,4,'',0,1900,4,'',0,1900,4,'',0,5900,4,'',0,1900,4,'',0,1900,4,'',0,6000,4,'',0,2200,4,'',0,2200,4,'',0,6400,4,'',0,2900,4,'',0,6900,4,'',0,3000,4,'',0,7000,4,'',0,3000,4,'',0,6900,4,'',0,4000,4,'',0,7800,4,'',0,8000,4,'',0
'544',8301,63400,4,'',0,6700,4,'',0,2300,4,'',0,2000,4,'',0,6100,4,'',0,2000,4,'',0,2000,4,'',0,6000,4,'',0,2000,4,'',0,2000,4,'',0,6000,4,'',0,2400,4,'',0,2400,4,'',0,6500,4,'',0,2400,4,'',0,6500,4,'',0,2400,4,'',0,2400,4,'',0,6400,4,'',0,2400,4,'',0,6500,4,'',0,2300,4,'',0,2500,4,'',0,6300,4,'',0,1900,4,'',0,1900,4,'',0,5900,4,'',0,1800,4,'',0,1900,4,'',0,5800,4,'',0,1900,4,'',0,1900,4,'',0,5900,4,'',0,1900,4,'',0,1900,4,'',0,6000,4,'',0,2200,4,'',0,2200,4,'',0,6400,4,'',0,2900,4,'',0,6900,4,'',0,3000,4,'',0,7000,4,'',0,3000,4,'',0,6900,4,'',0,4000,4,'',0,7800,4,'',0,8000,4,'',0,3900,4,'',0
'545',8301,71000,4,'',0,3500,4,'',0,7000,4,'',0,3000,4,'',0,6900,4,'',0,2800,4,'',0,6500,4,'',0,2600,4,'',0,2400,4,'',0,6500,4,'',0,2500,4,'',0,6400,4,'',0,2300,4,'',0,2400,4,'',0,6600,4,'',0,2400,4,'',0,6500,4,'',0,2400,4,'',0,6400,4,'',0,2200,4,'',0,2000,4,'',0,6000,4,'',0,2000,4,'',0,2100,4,'',0,6000,4,'',0,1900,4,'',0,2000,4,'',0,6000,4,'',0,2000,4,'',0,1900,4,'',0,6000,4,'',0,2000,4,'',0,2200,4,'',0,6400,4,'',0,3000,4,'',0,6800,4,'',0,3000,4,'',0,6900,4,'',0,3100,4,'',0,7500,4,'',0,4000,4,'',0,7800,4,'',0,8000,4,'',0,3900,4,'',0
'546',8301,72300,4,'',0,8000,4,'',0,3000,4,'',0,7000,4,'',0,3000,4,'',0,7100,4,'',0,2400,4,'',0,2400,4,'',0,6600,4,'',0,2500,4,'',0,6400,4,'',0,2400,4,'',0,2400,4,'',0,6400,4,'',0,2500,4,'',0,6400,4,'',0,2400,4,'',0,2400,4,'',0,6400,4,'',0,2400,4,'',0,6400,4,'',0,2400,4,'',0,2400,4,'',0,6400,4,'',0,2300,4,'',0,6400,4,'',0,2400,4,'',0,2200,4,'',0,6400,4,'',0,2800,4,'',0,7000,4,'',0,2900,4,'',0,7000,4,'',0,3900,4,'',0,9000,4,'',0,8700,4,'',0,9400,4,'',0
'547',8301,63400,4,'',0,6700,4,'',0,2300,4,'',0,2000,4,'',0,6100,4,'',0,2000,4,'',0,2000,4,'',0,6000,4,'',0,2000,4,'',0,2000,4,'',0,6000,4,'',0,2400,4,'',0,2400,4,'',0,6500,4,'',0,2400,4,'',0,6500,4,'',0,2400,4,'',0,2400,4,'',0,6400,4,'',0,2400,4,'',0,6500,4,'',0,2300,4,'',0,2500,4,'',0,6300,4,'',0,1900,4,'',0,1900,4,'',0,5900,4,'',0,1800,4,'',0,1900,4,'',0,5800,4,'',0,1900,4,'',0,1900,4,'',0,5900,4,'',0,1900,4,'',0,1900,4,'',0,6000,4,'',0,2200,4,'',0,2200,4,'',0,6400,4,'',0,2900,4,'',0,6900,4,'',0,3000,4,'',0,7000,4,'',0,3000,4,'',0,6900,4,'',0,4000,4,'',0,7800,4,'',0,8000,4,'',0
'548',8301,71000,4,'',0,3500,4,'',0,7000,4,'',0,3000,4,'',0,6900,4,'',0,2800,4,'',0,6500,4,'',0,2600,4,'',0,2400,4,'',0,6500,4,'',0,2500,4,'',0,6400,4,'',0,2300,4,'',0,2400,4,'',0,6600,4,'',0,2400,4,'',0,6500,4,'',0,2400,4,'',0,6400,4,'',0,2200,4,'',0,2000,4,'',0,6000,4,'',0,2000,4,'',0,2100,4,'',0,6000,4,'',0,1900,4,'',0,2000,4,'',0,6000,4,'',0,2000,4,'',0,1900,4,'',0,6000,4,'',0,2000,4,'',0,2200,4,'',0,6400,4,'',0,3000,4,'',0,6800,4,'',0,3000,4,'',0,6900,4,'',0,3100,4,'',0,7500,4,'',0,4000,4,'',0,7800,4,'',0,8000,4,'',0,3900,4,'',0
'549',8301,71000,4,'',0,3500,4,'',0,7000,4,'',0,3000,4,'',0,6900,4,'',0,2800,4,'',0,6500,4,'',0,2600,4,'',0,2400,4,'',0,6500,4,'',0,2500,4,'',0,6400,4,'',0,2300,4,'',0,2400,4,'',0,6600,4,'',0,2400,4,'',0,6500,4,'',0,2400,4,'',0,6400,4,'',0,2200,4,'',0,2000,4,'',0,6000,4,'',0,2000,4,'',0,2100,4,'',0,6000,4,'',0,1900,4,'',0,2000,4,'',0,6000,4,'',0,2000,4,'',0,1900,4,'',0,6000,4,'',0,2000,4,'',0,2200,4,'',0,6400,4,'',0,3000,4,'',0,6800,4,'',0,3000,4,'',0,6900,4,'',0,3100,4,'',0,7500,4,'',0,4000,4,'',0,7800,4,'',0,8000,4,'',0
'550',8301,72300,4,'',0,8000,4,'',0,3000,4,'',0,7000,4,'',0,3000,4,'',0,7100,4,'',0,2400,4,'',0,2400,4,'',0,6600,4,'',0,2500,4,'',0,6400,4,'',0,2400,4,'',0,2400,4,'',0,6400,4,'',0,2500,4,'',0,6400,4,'',0,2400,4,'',0,2400,4,'',0,6400,4,'',0,2400,4,'',0,6400,4,'',0,2400,4,'',0,2400,4,'',0,6400,4,'',0,2300,4,'',0,6400,4,'',0,2400,4,'',0,2200,4,'',0,6400,4,'',0,2800,4,'',0,7000,4,'',0,2900,4,'',0,7000,4,'',0,3900,4,'',0,9000,4,'',0,8700,4,'',0,9400,4,'',0
'551',8301,71000,4,'',0,3500,4,'',0,7000,4,'',0,3000,4,'',0,6900,4,'',0,2800,4,'',0,6500,4,'',0,2600,4,'',0,2400,4,'',0,6500,4,'',0,2500,4,'',0,6400,4,'',0,2300,4,'',0,2400,4,'',0,6600,4,'',0,2400,4,'',0,6500,4,'',0,2400,4,'',0,6400,4,'',0,2200,4,'',0,2000,4,'',0,6000,4,'',0,2000,4,'',0,2100,4,'',0,6000,4,'',0,1900,4,'',0,2000,4,'',0,6000,4,'',0,2000,4,'',0,1900,4,'',0,6000,4,'',0,2000,4,'',0,2200,4,'',0,6400,4,'',0,3000,4,'',0,6800,4,'',0,3000,4,'',0,6900,4,'',0,3100,4,'',0,7500,4,'',0,4000,4,'',0,7800,4,'',0,8000,4,'',0,3900,4,'',0
'552',8301,71000,4,'',0,3500,4,'',0,7000,4,'',0,3000,4,'',0,6900,4,'',0,2800,4,'',0,6500,4,'',0,2600,4,'',0,2400,4,'',0,6500,4,'',0,2500,4,'',0,6400,4,'',0,2300,4,'',0,2400,4,'',0,6600,4,'',0,2400,4,'',0,6500,4,'',0,2400,4,'',0,6400,4,'',0,2200,4,'',0,2000,4,'',0,6000,4,'',0,2000,4,'',0,2100,4,'',0,6000,4,'',0,1900,4,'',0,2000,4,'',0,6000,4,'',0,2000,4,'',0,1900,4,'',0,6000,4,'',0,2000,4,'',0,2200,4,'',0,6400,4,'',0,3000,4,'',0,6800,4,'',0,3000,4,'',0,6900,4,'',0,3100,4,'',0,7500,4,'',0,4000,4,'',0,7800,4,'',0,8000,4,'',0
