'2097',8200,65100,4,'',0,7800,4,'',0,7100,4,'',0,3200,4,'',0,6900,4,'',0,2700,4,'',0,2700,4,'',0,6700,4,'',0,2600,4,'',0,6600,4,'',0,2500,4,'',0,6500,4,'',0,2600,4,'',0,2600,4,'',0,6500,4,'',0,2400,4,'',0,6700,4,'',0,2600,4,'',0,6600,4,'',0,2300,4,'',0,2000,4,'',0,5900,4,'',0,2000,4,'',0,2000,4,'',0,6100,4,'',0,1900,4,'',0,2000,4,'',0,6000,4,'',0,2000,4,'',0,1900,4,'',0,5800,4,'',0,2000,4,'',0,1900,4,'',0,6300,4,'',0,3000,4,'',0,7000,4,'',0,2900,4,'',0,7000,4,'',0,3000,4,'',0,7000,4,'',0,2800,4,'',0,6800,4,'',0,2900,4,'',0,3000,4,'',0
'2181',8200,72000,4,'',0,8000,4,'',0,3100,4,'',0,7000,4,'',0,3100,4,'',0,7300,4,'',0,2500,4,'',0,2600,4,'',0,6800,4,'',0,2700,4,'',0,6700,4,'',0,2400,4,'',0,6400,4,'',0,2500,4,'',0,2600,4,'',0,6500,4,'',0,2600,4,'',0,6500,4,'',0,2500,4,'',0,6400,4,'',0,2500,4,'',0,2500,4,'',0,6400,4,'',0,2400,4,'',0,6300,4,'',0,2300,4,'',0,2600,4,'',0,6600,4,'',0,3000,4,'',0,7000,4,'',0,3000,4,'',0,7200,4,'',0,3900,4,'',0,8000,4,'',0,7800,4,'',0,4000,4,'',0
'2252',8200,65100,4,'',0,7800,4,'',0,7100,4,'',0,3200,4,'',0,6900,4,'',0,2700,4,'',0,2700,4,'',0,6700,4,'',0,2600,4,'',0,6600,4,'',0,2500,4,'',0,6500,4,'',0,2600,4,'',0,2600,4,'',0,6500,4,'',0,2400,4,'',0,6700,4,'',0,2600,4,'',0,6600,4,'',0,2300,4,'',0,2000,4,'',0,5900,4,'',0,2000,4,'',0,2000,4,'',0,6100,4,'',0,1900,4,'',0,2000,4,'',0,6000,4,'',0,2000,4,'',0,1900,4,'',0,5800,4,'',0,2000,4,'',0,1900,4,'',0,6300,4,'',0,3000,4,'',0,7000,4,'',0,2900,4,'',0,7000,4,'',0,3000,4,'',0,7000,4,'',0,2800,4,'',0,6800,4,'',0,2900,4,'',0,3000,4,'',0,7000,4,'',0,3000,4,'',0,7000,4,'',0
'2254',8200,72000,4,'',0,8000,4,'',0,3100,4,'',0,7000,4,'',0,3100,4,'',0,7300,4,'',0,2500,4,'',0,2600,4,'',0,6800,4,'',0,2700,4,'',0,6700,4,'',0,2400,4,'',0,6400,4,'',0,2500,4,'',0,2600,4,'',0,6500,4,'',0,2600,4,'',0,6500,4,'',0,2500,4,'',0,6400,4,'',0,2500,4,'',0,2500,4,'',0,6400,4,'',0,2400,4,'',0,6300,4,'',0,2300,4,'',0,2600,4,'',0,6600,4,'',0,3000,4,'',0,7000,4,'',0,3000,4,'',0,7200,4,'',0,3900,4,'',0,8000,4,'',0,7800,4,'',0,4000,4,'',0
'2276',8200,65100,4,'',0,7800,4,'',0,7100,4,'',0,3200,4,'',0,6900,4,'',0,2700,4,'',0,2700,4,'',0,6700,4,'',0,2600,4,'',0,6600,4,'',0,2500,4,'',0,6500,4,'',0,2600,4,'',0,2600,4,'',0,6500,4,'',0,2400,4,'',0,6700,4,'',0,2600,4,'',0,6600,4,'',0,2300,4,'',0,2000,4,'',0,5900,4,'',0,2000,4,'',0,2000,4,'',0,6100,4,'',0,1900,4,'',0,2000,4,'',0,6000,4,'',0,2000,4,'',0,1900,4,'',0,5800,4,'',0,2000,4,'',0,1900,4,'',0,6300,4,'',0,3000,4,'',0,7000,4,'',0,2900,4,'',0,7000,4,'',0,3000,4,'',0,7000,4,'',0,2800,4,'',0,6800,4,'',0,2900,4,'',0,3000,4,'',0
'2298',8200,54700,4,'',0,9000,4,'',0,7200,4,'',0,2000,4,'',0,2000,4,'',0,300,4,'',0,5700,4,'',0,1300,4,'',0,800,4,'',0,2000,4,'',0,6000,4,'',0,2300,4,'',0,2400,4,'',0,6500,4,'',0,2500,4,'',0,6500,4,'',0,2600,4,'',0,6700,4,'',0,2600,4,'',0,2500,4,'',0,6500,4,'',0,2600,4,'',0,6500,4,'',0,2500,4,'',0,200,4,'',0,2000,4,'',0,6200,4,'',0,2100,4,'',0,5900,4,'',0,1900,4,'',0,1800,4,'',0,1800,4,'',0,6000,4,'',0,2000,4,'',0,1800,4,'',0,5800,4,'',0,3500,4,'',0,5900,4,'',0,1400,4,'',0,500,4,'',0,1500,4,'',0,6500,4,'',0,2500,4,'',0,500,4,'',0,7000,4,'',0,2900,4,'',0,1000,4,'',0,6000,4,'',0,2900,4,'',0,6900,4,'',0,3300,4,'',0,7700,4,'',0,3700,4,'',0,8000,4,'',0,8000,4,'',0
'2474',8200,54700,4,'',0,9000,4,'',0,7200,4,'',0,2000,4,'',0,2000,4,'',0,300,4,'',0,5700,4,'',0,1300,4,'',0,800,4,'',0,2000,4,'',0,6000,4,'',0,2300,4,'',0,2400,4,'',0,6500,4,'',0,2500,4,'',0,6500,4,'',0,2600,4,'',0,6700,4,'',0,2600,4,'',0,2500,4,'',0,6500,4,'',0,2600,4,'',0,6500,4,'',0,2500,4,'',0,2200,4,'',0,6200,4,'',0,2100,4,'',0,5900,4,'',0,200,4,'',0,1700,4,'',0,1800,4,'',0,1800,4,'',0,6000,4,'',0,2000,4,'',0,1800,4,'',0,5800,4,'',0,3500,4,'',0,5900,4,'',0,1900,4,'',0,1500,4,'',0,6500,4,'',0,3000,4,'',0,7000,4,'',0,2900,4,'',0,7000,4,'',0,2900,4,'',0,6900,4,'',0,3300,4,'',0,7700,4,'',0,3700,4,'',0
'2476',8200,54700,4,'',0,9000,4,'',0,7200,4,'',0,2000,4,'',0,2000,4,'',0,300,4,'',0,5700,4,'',0,1300,4,'',0,800,4,'',0,2000,4,'',0,6000,4,'',0,2300,4,'',0,2400,4,'',0,6500,4,'',0,2500,4,'',0,6500,4,'',0,2600,4,'',0,6700,4,'',0,2600,4,'',0,2500,4,'',0,6500,4,'',0,2600,4,'',0,6500,4,'',0,2500,4,'',0,2200,4,'',0,6200,4,'',0,2100,4,'',0,5900,4,'',0,200,4,'',0,1700,4,'',0,1800,4,'',0,1800,4,'',0,6000,4,'',0,2000,4,'',0,1800,4,'',0,5800,4,'',0,3500,4,'',0,5900,4,'',0,1900,4,'',0,1500,4,'',0,6500,4,'',0,3000,4,'',0,7000,4,'',0,2900,4,'',0,7000,4,'',0,2900,4,'',0,6900,4,'',0,3300,4,'',0,7700,4,'',0,3700,4,'',0
'2477',8200,54700,4,'',0,9000,4,'',0,7200,4,'',0,2000,4,'',0,2000,4,'',0,300,4,'',0,5700,4,'',0,1300,4,'',0,800,4,'',0,2000,4,'',0,6000,4,'',0,2300,4,'',0,2400,4,'',0,6500,4,'',0,2500,4,'',0,6500,4,'',0,2600,4,'',0,6700,4,'',0,2600,4,'',0,2500,4,'',0,6500,4,'',0,2600,4,'',0,6500,4,'',0,2500,4,'',0,2200,4,'',0,6200,4,'',0,2100,4,'',0,5900,4,'',0,200,4,'',0,1700,4,'',0,1800,4,'',0,1800,4,'',0,6000,4,'',0,2000,4,'',0,1800,4,'',0,5800,4,'',0,3500,4,'',0,5900,4,'',0,1900,4,'',0,1500,4,'',0,6500,4,'',0,3000,4,'',0,7000,4,'',0,2900,4,'',0,7000,4,'',0,2900,4,'',0,6900,4,'',0,3300,4,'',0,7700,4,'',0,3700,4,'',0
'2478',8200,54700,4,'',0,9000,4,'',0,7200,4,'',0,2000,4,'',0,2000,4,'',0,300,4,'',0,5700,4,'',0,1300,4,'',0,800,4,'',0,2000,4,'',0,6000,4,'',0,2300,4,'',0,2400,4,'',0,6500,4,'',0,2500,4,'',0,6500,4,'',0,2600,4,'',0,6700,4,'',0,2600,4,'',0,2500,4,'',0,6500,4,'',0,2600,4,'',0,6500,4,'',0,2500,4,'',0,2200,4,'',0,6200,4,'',0,2100,4,'',0,5900,4,'',0,200,4,'',0,1700,4,'',0,1800,4,'',0,1800,4,'',0,6000,4,'',0,2000,4,'',0,1800,4,'',0,5800,4,'',0,3500,4,'',0,5900,4,'',0,1900,4,'',0,1500,4,'',0,6500,4,'',0,3000,4,'',0,7000,4,'',0,2900,4,'',0,7000,4,'',0,2900,4,'',0,6900,4,'',0,3300,4,'',0,7700,4,'',0,3700,4,'',0
'2097',8300,71100,4,'',0,3400,4,'',0,7000,4,'',0,3100,4,'',0,6800,4,'',0,2600,4,'',0,6800,4,'',0,2700,4,'',0,6600,4,'',0,2500,4,'',0,2500,4,'',0,6600,4,'',0,2600,4,'',0,6500,4,'',0,2400,4,'',0,2600,4,'',0,6700,4,'',0,2600,4,'',0,6500,4,'',0,2100,4,'',0,1900,4,'',0,6000,4,'',0,2000,4,'',0,2000,4,'',0,6100,4,'',0,1900,4,'',0,2000,4,'',0,6000,4,'',0,1900,4,'',0,1800,4,'',0,5900,4,'',0,2000,4,'',0,2000,4,'',0,6800,4,'',0,3000,4,'',0,6900,4,'',0,3000,4,'',0,7000,4,'',0,3000,4,'',0,6900,4,'',0,2800,4,'',0,6900,4,'',0,2800,4,'',0,7100,4,'',0
'2181',8300,65000,4,'',0,9500,4,'',0,7100,4,'',0,3000,4,'',0,7000,4,'',0,3200,4,'',0,7000,4,'',0,2500,4,'',0,6700,4,'',0,2700,4,'',0,6700,4,'',0,2600,4,'',0,2400,4,'',0,6400,4,'',0,2600,4,'',0,6500,4,'',0,2600,4,'',0,6500,4,'',0,2500,4,'',0,2500,4,'',0,6400,4,'',0,2500,4,'',0,6500,4,'',0,2400,4,'',0,2300,4,'',0,6300,4,'',0,2500,4,'',0,6600,4,'',0,2800,4,'',0,6800,4,'',0,3200,4,'',0,7000,4,'',0,3600,4,'',0,8000,4,'',0,4000,4,'',0,7800,4,'',0,8300,4,'',0
'2252',8300,71100,4,'',0,3400,4,'',0,7000,4,'',0,3100,4,'',0,6800,4,'',0,2600,4,'',0,6800,4,'',0,2700,4,'',0,6600,4,'',0,2500,4,'',0,2500,4,'',0,6600,4,'',0,2600,4,'',0,6500,4,'',0,2400,4,'',0,2600,4,'',0,6700,4,'',0,2600,4,'',0,6500,4,'',0,2100,4,'',0,1900,4,'',0,6000,4,'',0,2000,4,'',0,2000,4,'',0,6100,4,'',0,1900,4,'',0,2000,4,'',0,6000,4,'',0,1900,4,'',0,1800,4,'',0,5900,4,'',0,2000,4,'',0,2000,4,'',0,6800,4,'',0,3000,4,'',0,6900,4,'',0,3000,4,'',0,7000,4,'',0,3000,4,'',0,6900,4,'',0,2800,4,'',0,6900,4,'',0,2800,4,'',0,7100,4,'',0,3000,4,'',0,7000,4,'',0
'2254',8300,65000,4,'',0,9500,4,'',0,7100,4,'',0,3000,4,'',0,7000,4,'',0,3200,4,'',0,7000,4,'',0,2500,4,'',0,6700,4,'',0,2700,4,'',0,6700,4,'',0,2600,4,'',0,2400,4,'',0,6400,4,'',0,2600,4,'',0,6500,4,'',0,2600,4,'',0,6500,4,'',0,2500,4,'',0,2500,4,'',0,6400,4,'',0,2500,4,'',0,6500,4,'',0,2400,4,'',0,2300,4,'',0,6300,4,'',0,2500,4,'',0,6600,4,'',0,2800,4,'',0,6800,4,'',0,3200,4,'',0,7000,4,'',0,3600,4,'',0,8000,4,'',0,4000,4,'',0,7800,4,'',0,8300,4,'',0
'2276',8300,71100,4,'',0,3400,4,'',0,7000,4,'',0,3100,4,'',0,6800,4,'',0,2600,4,'',0,6800,4,'',0,2700,4,'',0,6600,4,'',0,2500,4,'',0,2500,4,'',0,6600,4,'',0,2600,4,'',0,6500,4,'',0,2400,4,'',0,2600,4,'',0,6700,4,'',0,2600,4,'',0,6500,4,'',0,2100,4,'',0,1900,4,'',0,6000,4,'',0,2000,4,'',0,2000,4,'',0,6100,4,'',0,1900,4,'',0,2000,4,'',0,6000,4,'',0,1900,4,'',0,1800,4,'',0,5900,4,'',0,2000,4,'',0,2000,4,'',0,6800,4,'',0,3000,4,'',0,6900,4,'',0,3000,4,'',0,7000,4,'',0,3000,4,'',0,6900,4,'',0,2800,4,'',0,6900,4,'',0,2800,4,'',0,7100,4,'',0
'2298',8300,61700,4,'',0,3700,4,'',0,6500,4,'',0,2000,4,'',0,2000,4,'',0,6100,4,'',0,2000,4,'',0,6000,4,'',0,2100,4,'',0,2400,4,'',0,6400,4,'',0,2500,4,'',0,2500,4,'',0,6500,4,'',0,2800,4,'',0,6600,4,'',0,2500,4,'',0,6500,4,'',0,2600,4,'',0,2500,4,'',0,6500,4,'',0,2400,4,'',0,6300,4,'',0,2100,4,'',0,1900,4,'',0,5900,4,'',0,1800,4,'',0,1900,4,'',0,5900,4,'',0,1900,4,'',0,1900,4,'',0,5900,4,'',0,1900,4,'',0,1500,4,'',0,1900,4,'',0,5900,4,'',0,3600,4,'',0,6900,4,'',0,3000,4,'',0,7000,4,'',0,2900,4,'',0,7000,4,'',0,2400,4,'',0,500,4,'',0,6900,4,'',0,3200,4,'',0,400,4,'',0,7800,4,'',0,7800,4,'',0,4000,4,'',0
'2474',8300,61700,4,'',0,3700,4,'',0,6500,4,'',0,2000,4,'',0,2000,4,'',0,6100,4,'',0,2000,4,'',0,6000,4,'',0,2100,4,'',0,2400,4,'',0,6400,4,'',0,2500,4,'',0,2500,4,'',0,6500,4,'',0,2800,4,'',0,6600,4,'',0,2500,4,'',0,6500,4,'',0,2600,4,'',0,2500,4,'',0,6500,4,'',0,2400,4,'',0,6300,4,'',0,2100,4,'',0,1900,4,'',0,5900,4,'',0,1800,4,'',0,1900,4,'',0,5900,4,'',0,1900,4,'',0,1900,4,'',0,5900,4,'',0,1900,4,'',0,1500,4,'',0,1900,4,'',0,5900,4,'',0,3600,4,'',0,6900,4,'',0,3000,4,'',0,7000,4,'',0,2900,4,'',0,7000,4,'',0,2900,4,'',0,6900,4,'',0,3600,4,'',0,7800,4,'',0,7800,4,'',0
'2476',8300,61700,4,'',0,3700,4,'',0,6500,4,'',0,2000,4,'',0,2000,4,'',0,6100,4,'',0,2000,4,'',0,6000,4,'',0,2100,4,'',0,2400,4,'',0,6400,4,'',0,2500,4,'',0,2500,4,'',0,6500,4,'',0,2800,4,'',0,6600,4,'',0,2500,4,'',0,6500,4,'',0,2600,4,'',0,2500,4,'',0,6500,4,'',0,2400,4,'',0,6300,4,'',0,2100,4,'',0,1900,4,'',0,5900,4,'',0,1800,4,'',0,1900,4,'',0,5900,4,'',0,1900,4,'',0,1900,4,'',0,5900,4,'',0,1900,4,'',0,1500,4,'',0,1900,4,'',0,5900,4,'',0,3600,4,'',0,6900,4,'',0,3000,4,'',0,7000,4,'',0,2900,4,'',0,7000,4,'',0,2900,4,'',0,6900,4,'',0,3600,4,'',0,7800,4,'',0,7800,4,'',0
'2477',8300,61700,4,'',0,3700,4,'',0,6500,4,'',0,2000,4,'',0,2000,4,'',0,6100,4,'',0,2000,4,'',0,6000,4,'',0,2100,4,'',0,2400,4,'',0,6400,4,'',0,2500,4,'',0,2500,4,'',0,6500,4,'',0,2800,4,'',0,6600,4,'',0,2500,4,'',0,6500,4,'',0,2600,4,'',0,2500,4,'',0,6500,4,'',0,2400,4,'',0,6300,4,'',0,2100,4,'',0,1900,4,'',0,5900,4,'',0,1800,4,'',0,1900,4,'',0,5900,4,'',0,1900,4,'',0,1900,4,'',0,5900,4,'',0,1900,4,'',0,1500,4,'',0,1900,4,'',0,5900,4,'',0,3600,4,'',0,6900,4,'',0,3000,4,'',0,7000,4,'',0,2900,4,'',0,7000,4,'',0,2900,4,'',0,6900,4,'',0,3600,4,'',0,7800,4,'',0,7800,4,'',0
'2478',8300,61700,4,'',0,3700,4,'',0,6500,4,'',0,2000,4,'',0,2000,4,'',0,6100,4,'',0,2000,4,'',0,6000,4,'',0,2100,4,'',0,2400,4,'',0,6400,4,'',0,2500,4,'',0,2500,4,'',0,6500,4,'',0,2800,4,'',0,6600,4,'',0,2500,4,'',0,6500,4,'',0,2600,4,'',0,2500,4,'',0,6500,4,'',0,2400,4,'',0,6300,4,'',0,2100,4,'',0,1900,4,'',0,5900,4,'',0,1800,4,'',0,1900,4,'',0,5900,4,'',0,1900,4,'',0,1900,4,'',0,5900,4,'',0,1900,4,'',0,1500,4,'',0,1900,4,'',0,5900,4,'',0,3600,4,'',0,6900,4,'',0,3000,4,'',0,7000,4,'',0,2900,4,'',0,7000,4,'',0,2900,4,'',0,6900,4,'',0,3600,4,'',0,7800,4,'',0,7800,4,'',0
