'592',9200,172400,4,'',0,3000,4,'',0,6300,4,'',0
'592',9201,61800,,'',0,2600,,'',0,6100,,'',0
'593',9200,172400,4,'',0,3000,4,'',0,6300,4,'',0
'593',9201,61800,,'',0,2600,,'',0,6100,,'',0
'594',9200,172400,4,'',0,3000,4,'',0,6300,4,'',0
'594',9201,61800,,'',0,2600,,'',0,6100,,'',0
'595',9200,172400,4,'',0,3000,4,'',0,6300,4,'',0
'595',9201,61800,,'',0,2600,,'',0,6100,,'',0
'596',9200,172400,4,'',0,3000,4,'',0,6300,4,'',0
'596',9201,61800,,'',0,2600,,'',0,6100,,'',0
'592',9700,63600,4,'',0,9500,4,'',0,17600,4,'',0,13300,4,'',0,20500,4,'',0,20700,4,'',0,10400,4,'',0,17900,4,'',0,18000,4,'',0,23000,4,'',0
'592',9701,53000,,'',0,18500,,'',0,14000,,'',0,20000,,'',0,24500,,'',0,11700,,'',0,10300,,'',0,13500,,'',0,20000,,'',0,20000,,'',0
'593',9700,63600,4,'',0,9500,4,'',0,17600,4,'',0,13300,4,'',0,20500,4,'',0,20700,4,'',0,10400,4,'',0,17900,4,'',0,18000,4,'',0,23000,4,'',0
'593',9701,53000,,'',0,18500,,'',0,14000,,'',0,20000,,'',0,24500,,'',0,11700,,'',0,10300,,'',0,13500,,'',0,20000,,'',0,20000,,'',0
'594',9700,63600,4,'',0,9500,4,'',0,17600,4,'',0,13300,4,'',0,20500,4,'',0,20700,4,'',0,10400,4,'',0,17900,4,'',0,18000,4,'',0,23000,4,'',0
'594',9701,53000,,'',0,18500,,'',0,14000,,'',0,20000,,'',0,24500,,'',0,11700,,'',0,10300,,'',0,13500,,'',0,20000,,'',0,20000,,'',0
'595',9700,63600,4,'',0,9500,4,'',0,17600,4,'',0,13300,4,'',0,20500,4,'',0,20700,4,'',0,10400,4,'',0,17900,4,'',0,18000,4,'',0,23000,4,'',0
'595',9701,53000,,'',0,18500,,'',0,14000,,'',0,20000,,'',0,24500,,'',0,11700,,'',0,10300,,'',0,13500,,'',0,20000,,'',0,20000,,'',0
'596',9700,63600,4,'',0,9500,4,'',0,17600,4,'',0,13300,4,'',0,20500,4,'',0,20700,4,'',0,10400,4,'',0,17900,4,'',0,18000,4,'',0,23000,4,'',0
'596',9701,53000,,'',0,18500,,'',0,14000,,'',0,20000,,'',0,24500,,'',0,11700,,'',0,10300,,'',0,13500,,'',0,20000,,'',0,20000,,'',0
'597',9700,73400,4,'',0,20500,4,'',0,20700,4,'',0,21000,4,'',0,25000,4,'',0,20700,4,'',0,20000,4,'',0
'597',9701,72500,,'',0,20000,,'',0,21000,,'',0,21000,,'',0,21000,,'',0,24500,,'',0,22500,,'',0
'598',9700,73400,4,'',0,20500,4,'',0,20700,4,'',0,21000,4,'',0,25000,4,'',0,20700,4,'',0,20000,4,'',0
'598',9701,72500,,'',0,20000,,'',0,21000,,'',0,21000,,'',0,21000,,'',0,24500,,'',0,22500,,'',0
'599',9700,73400,4,'',0,20500,4,'',0,20700,4,'',0,21000,4,'',0,25000,4,'',0,20700,4,'',0,20000,4,'',0
'599',9701,72500,,'',0,20000,,'',0,21000,,'',0,21000,,'',0,21000,,'',0,24500,,'',0,22500,,'',0
'600',9700,73400,4,'',0,20500,4,'',0,20700,4,'',0,21000,4,'',0,25000,4,'',0,20700,4,'',0,20000,4,'',0
'600',9701,72500,,'',0,20000,,'',0,21000,,'',0,21000,,'',0,21000,,'',0,24500,,'',0,22500,,'',0
'601',9700,73400,4,'',0,20500,4,'',0,20700,4,'',0,21000,4,'',0,25000,4,'',0,20700,4,'',0,20000,4,'',0
'601',9701,72500,,'',0,20000,,'',0,21000,,'',0,21000,,'',0,21000,,'',0,24500,,'',0,22500,,'',0
'592',9800,64500,4,'',0,18600,4,'',0,18100,4,'',0,19800,4,'',0,20600,4,'',0,11800,4,'',0,10600,4,'',0,17300,4,'',0,19800,4,'',0,19900,4,'',0
'592',9801,61000,,'',0,13500,,'',0,17500,,'',0,20500,,'',0,20500,,'',0,10500,,'',0,18000,,'',0,14000,,'',0,27000,,'',0
'593',9800,64500,4,'',0,18600,4,'',0,18100,4,'',0,19800,4,'',0,20600,4,'',0,11800,4,'',0,10600,4,'',0,17300,4,'',0,19800,4,'',0,19900,4,'',0
'593',9801,61000,,'',0,13500,,'',0,17500,,'',0,20500,,'',0,20500,,'',0,10500,,'',0,18000,,'',0,14000,,'',0,27000,,'',0
'594',9800,64500,4,'',0,18600,4,'',0,18100,4,'',0,19800,4,'',0,20600,4,'',0,11800,4,'',0,10600,4,'',0,17300,4,'',0,19800,4,'',0,19900,4,'',0
'594',9801,61000,,'',0,13500,,'',0,17500,,'',0,20500,,'',0,20500,,'',0,10500,,'',0,18000,,'',0,14000,,'',0,27000,,'',0
'595',9800,64500,4,'',0,18600,4,'',0,18100,4,'',0,19800,4,'',0,20600,4,'',0,11800,4,'',0,10600,4,'',0,17300,4,'',0,19800,4,'',0,19900,4,'',0
'595',9801,61000,,'',0,13500,,'',0,17500,,'',0,20500,,'',0,20500,,'',0,10500,,'',0,18000,,'',0,14000,,'',0,27000,,'',0
'596',9800,64500,4,'',0,18600,4,'',0,18100,4,'',0,19800,4,'',0,20600,4,'',0,11800,4,'',0,10600,4,'',0,17300,4,'',0,19800,4,'',0,19900,4,'',0
'596',9801,61000,,'',0,13500,,'',0,17500,,'',0,20500,,'',0,20500,,'',0,10500,,'',0,18000,,'',0,14000,,'',0,27000,,'',0
'597',9800,83400,4,'',0,20100,4,'',0,21100,4,'',0,21000,4,'',0,25000,4,'',0,20400,4,'',0,22500,4,'',0
'597',9801,82500,,'',0,20500,,'',0,21000,,'',0,21000,,'',0,25000,,'',0,20000,,'',0
'598',9800,83400,4,'',0,20100,4,'',0,21100,4,'',0,21000,4,'',0,25000,4,'',0,20400,4,'',0,22500,4,'',0
'598',9801,82500,,'',0,20500,,'',0,21000,,'',0,21000,,'',0,25000,,'',0,20000,,'',0
'599',9800,83400,4,'',0,20100,4,'',0,21100,4,'',0,21000,4,'',0,25000,4,'',0,20400,4,'',0,22500,4,'',0
'599',9801,82500,,'',0,20500,,'',0,21000,,'',0,21000,,'',0,25000,,'',0,20000,,'',0
'600',9800,83400,4,'',0,20100,4,'',0,21100,4,'',0,21000,4,'',0,25000,4,'',0,20400,4,'',0,22500,4,'',0
'600',9801,82500,,'',0,20500,,'',0,21000,,'',0,21000,,'',0,25000,,'',0,20000,,'',0
'601',9800,83400,4,'',0,20100,4,'',0,21100,4,'',0,21000,4,'',0,25000,4,'',0,20400,4,'',0,22500,4,'',0
'601',9801,82500,,'',0,20500,,'',0,21000,,'',0,21000,,'',0,25000,,'',0,20000,,'',0
'592',10200,65800,4,'',0,10100,4,'',0,8400,4,'',0,9700,4,'',0,10100,4,'',0,10300,4,'',0,10500,4,'',0,10600,4,'',0,14600,4,'',0,10400,4,'',0,4600,4,'',0,7900,4,'',0,8100,4,'',0,4400,4,'',0,9000,4,'',0,10200,4,'',0,10900,4,'',0
'592',10201,65000,,'',0,7000,,'',0,9500,,'',0,8500,,'',0,10500,,'',0,10500,,'',0,10200,,'',0,10300,,'',0,9500,,'',0,9500,,'',0,10500,,'',0,9200,,'',0,3800,,'',0,8500,,'',0,11000,,'',0,11000,,'',0,10000,,'',0
'593',10200,65800,4,'',0,10100,4,'',0,8400,4,'',0,9700,4,'',0,10100,4,'',0,10300,4,'',0,10500,4,'',0,10600,4,'',0,14600,4,'',0,10400,4,'',0,4600,4,'',0,7900,4,'',0,8100,4,'',0,4400,4,'',0,9000,4,'',0,10200,4,'',0,10900,4,'',0
'593',10201,65000,,'',0,7000,,'',0,9500,,'',0,8500,,'',0,10500,,'',0,10500,,'',0,10200,,'',0,10300,,'',0,9500,,'',0,9500,,'',0,10500,,'',0,9200,,'',0,3800,,'',0,8500,,'',0,11000,,'',0,11000,,'',0,10000,,'',0
'594',10200,65800,4,'',0,10100,4,'',0,8400,4,'',0,9700,4,'',0,10100,4,'',0,10300,4,'',0,10500,4,'',0,10600,4,'',0,14600,4,'',0,10400,4,'',0,4600,4,'',0,7900,4,'',0,8100,4,'',0,4400,4,'',0,9000,4,'',0,10200,4,'',0,10900,4,'',0
'594',10201,65000,,'',0,7000,,'',0,9500,,'',0,8500,,'',0,10500,,'',0,10500,,'',0,10200,,'',0,10300,,'',0,9500,,'',0,9500,,'',0,10500,,'',0,9200,,'',0,3800,,'',0,8500,,'',0,11000,,'',0,11000,,'',0,10000,,'',0
'595',10200,65800,4,'',0,10100,4,'',0,8400,4,'',0,9700,4,'',0,10100,4,'',0,10300,4,'',0,10500,4,'',0,10600,4,'',0,14600,4,'',0,10400,4,'',0,4600,4,'',0,7900,4,'',0,8100,4,'',0,4400,4,'',0,9000,4,'',0,10200,4,'',0,10900,4,'',0
'595',10201,65000,,'',0,7000,,'',0,9500,,'',0,8500,,'',0,10500,,'',0,10500,,'',0,10200,,'',0,10300,,'',0,9500,,'',0,9500,,'',0,10500,,'',0,9200,,'',0,3800,,'',0,8500,,'',0,11000,,'',0,11000,,'',0,10000,,'',0
'596',10200,65800,4,'',0,10100,4,'',0,8400,4,'',0,9700,4,'',0,10100,4,'',0,10300,4,'',0,10500,4,'',0,10600,4,'',0,14600,4,'',0,10400,4,'',0,4600,4,'',0,7900,4,'',0,8100,4,'',0,4400,4,'',0,9000,4,'',0,10200,4,'',0,10900,4,'',0
'596',10201,65000,,'',0,7000,,'',0,9500,,'',0,8500,,'',0,10500,,'',0,10500,,'',0,10200,,'',0,10300,,'',0,9500,,'',0,9500,,'',0,10500,,'',0,9200,,'',0,3800,,'',0,8500,,'',0,11000,,'',0,11000,,'',0,10000,,'',0
'597',10200,80600,4,'',0,10200,4,'',0,9700,4,'',0,10600,4,'',0,10600,4,'',0,10700,4,'',0,10500,4,'',0,10400,4,'',0,10500,4,'',0,10400,4,'',0,10200,4,'',0,10100,4,'',0,10300,4,'',0,11000,4,'',0
'597',10201,65000,,'',0,10000,,'',0,10000,,'',0,10000,,'',0,10500,,'',0,14500,,'',0,10500,,'',0,10500,,'',0,10500,,'',0,10500,,'',0,10500,,'',0,10000,,'',0,11000,,'',0,11000,,'',0
'598',10200,80600,4,'',0,10200,4,'',0,9700,4,'',0,10600,4,'',0,10600,4,'',0,10600,4,'',0,10500,4,'',0,10500,4,'',0,10500,4,'',0,10400,4,'',0,10200,4,'',0,10100,4,'',0,10300,4,'',0
'598',10201,75000,,'',0,10000,,'',0,10000,,'',0,10500,,'',0,14500,,'',0,10500,,'',0,10500,,'',0,10500,,'',0,10500,,'',0,10500,,'',0,10000,,'',0,11000,,'',0,11000,,'',0
'599',10200,80600,4,'',0,10200,4,'',0,9700,4,'',0,10600,4,'',0,10600,4,'',0,10700,4,'',0,10500,4,'',0,10400,4,'',0,10500,4,'',0,10400,4,'',0,10200,4,'',0,10100,4,'',0,10300,4,'',0,11000,4,'',0
'599',10201,65000,,'',0,10000,,'',0,10000,,'',0,10000,,'',0,10500,,'',0,14500,,'',0,10500,,'',0,10500,,'',0,10500,,'',0,10500,,'',0,10500,,'',0,10000,,'',0,11000,,'',0,11000,,'',0
'600',10200,80600,4,'',0,10200,4,'',0,9700,4,'',0,10600,4,'',0,10600,4,'',0,10600,4,'',0,10500,4,'',0,10500,4,'',0,10500,4,'',0,10400,4,'',0,10200,4,'',0,10100,4,'',0,10300,4,'',0
'600',10201,75000,,'',0,10000,,'',0,10000,,'',0,10500,,'',0,14500,,'',0,10500,,'',0,10500,,'',0,10500,,'',0,10500,,'',0,10500,,'',0,10000,,'',0,11000,,'',0,11000,,'',0
'601',10200,80600,4,'',0,10200,4,'',0,9700,4,'',0,10600,4,'',0,10600,4,'',0,10700,4,'',0,10500,4,'',0,10400,4,'',0,10500,4,'',0,10400,4,'',0,10200,4,'',0,10100,4,'',0,10300,4,'',0,11000,4,'',0
'601',10201,65000,,'',0,10000,,'',0,10000,,'',0,10000,,'',0,10500,,'',0,14500,,'',0,10500,,'',0,10500,,'',0,10500,,'',0,10500,,'',0,10500,,'',0,10000,,'',0,11000,,'',0,11000,,'',0
'592',10300,70700,4,'',0,3000,4,'',0,7300,4,'',0,9800,4,'',0,4300,4,'',0,10400,4,'',0,14600,4,'',0,10300,4,'',0,10300,4,'',0,9800,4,'',0,10000,4,'',0,10100,4,'',0,4700,4,'',0,7600,4,'',0,8500,4,'',0,10900,4,'',0,10900,4,'',0,10000,4,'',0
'592',10301,71000,,'',0,4000,,'',0,6500,,'',0,3000,,'',0,10500,,'',0,10100,,'',0,10400,,'',0,14500,,'',0,10500,,'',0,10100,,'',0,4600,,'',0,8300,,'',0,8500,,'',0,8500,,'',0,5100,,'',0,14400,,'',0,11000,,'',0,11000,,'',0
'593',10300,70700,4,'',0,3000,4,'',0,7300,4,'',0,9800,4,'',0,4300,4,'',0,10400,4,'',0,14600,4,'',0,10300,4,'',0,10300,4,'',0,9800,4,'',0,10000,4,'',0,10100,4,'',0,4700,4,'',0,7600,4,'',0,8500,4,'',0,10900,4,'',0,10900,4,'',0,10000,4,'',0
'593',10301,71000,,'',0,4000,,'',0,6500,,'',0,3000,,'',0,10500,,'',0,10100,,'',0,10400,,'',0,14500,,'',0,10500,,'',0,10100,,'',0,4600,,'',0,8300,,'',0,8500,,'',0,8500,,'',0,5100,,'',0,14400,,'',0,11000,,'',0,11000,,'',0
'594',10300,70700,4,'',0,3000,4,'',0,7300,4,'',0,9800,4,'',0,4300,4,'',0,10400,4,'',0,14600,4,'',0,10300,4,'',0,10300,4,'',0,9800,4,'',0,10000,4,'',0,10100,4,'',0,4700,4,'',0,7600,4,'',0,8500,4,'',0,10900,4,'',0,10900,4,'',0,10000,4,'',0
'594',10301,71000,,'',0,4000,,'',0,6500,,'',0,3000,,'',0,10500,,'',0,10100,,'',0,10400,,'',0,14500,,'',0,10500,,'',0,10100,,'',0,4600,,'',0,8300,,'',0,8500,,'',0,8500,,'',0,5100,,'',0,14400,,'',0,11000,,'',0,11000,,'',0
'595',10300,70700,4,'',0,3000,4,'',0,7300,4,'',0,9800,4,'',0,4300,4,'',0,10400,4,'',0,14600,4,'',0,10300,4,'',0,10300,4,'',0,9800,4,'',0,10000,4,'',0,10100,4,'',0,4700,4,'',0,7600,4,'',0,8500,4,'',0,10900,4,'',0,10900,4,'',0,10000,4,'',0
'595',10301,71000,,'',0,4000,,'',0,6500,,'',0,3000,,'',0,10500,,'',0,10100,,'',0,10400,,'',0,14500,,'',0,10500,,'',0,10100,,'',0,4600,,'',0,8300,,'',0,8500,,'',0,8500,,'',0,5100,,'',0,14400,,'',0,11000,,'',0,11000,,'',0
'596',10300,70700,4,'',0,3000,4,'',0,7300,4,'',0,9800,4,'',0,4300,4,'',0,10400,4,'',0,14600,4,'',0,10300,4,'',0,10300,4,'',0,9800,4,'',0,10000,4,'',0,10100,4,'',0,4700,4,'',0,7600,4,'',0,8500,4,'',0,10900,4,'',0,10900,4,'',0,10000,4,'',0
'596',10301,71000,,'',0,4000,,'',0,6500,,'',0,3000,,'',0,10500,,'',0,10100,,'',0,10400,,'',0,14500,,'',0,10500,,'',0,10100,,'',0,4600,,'',0,8300,,'',0,8500,,'',0,8500,,'',0,5100,,'',0,14400,,'',0,11000,,'',0,11000,,'',0
'597',10300,73300,4,'',0,10100,4,'',0,10300,4,'',0,10300,4,'',0,10500,4,'',0,10600,4,'',0,10500,4,'',0,14500,4,'',0,10500,4,'',0,10500,4,'',0,10100,4,'',0,10000,4,'',0,10900,4,'',0,10900,4,'',0
'597',10301,72000,,'',0,10000,,'',0,9500,,'',0,10500,,'',0,10500,,'',0,10500,,'',0,10500,,'',0,10500,,'',0,10500,,'',0,10500,,'',0,10300,,'',0,10200,,'',0,14500,,'',0,11000,,'',0
'598',10300,83400,4,'',0,10300,4,'',0,10300,4,'',0,10500,4,'',0,10600,4,'',0,10500,4,'',0,14500,4,'',0,10500,4,'',0,10500,4,'',0,10100,4,'',0,10000,4,'',0,10900,4,'',0,10900,4,'',0
'598',10301,82000,,'',0,9500,,'',0,10500,,'',0,10500,,'',0,10500,,'',0,10500,,'',0,10500,,'',0,10500,,'',0,10500,,'',0,10300,,'',0,10200,,'',0,14500,,'',0,11000,,'',0
'599',10300,73300,4,'',0,10100,4,'',0,10300,4,'',0,10300,4,'',0,10500,4,'',0,10600,4,'',0,10500,4,'',0,14500,4,'',0,10500,4,'',0,10500,4,'',0,10100,4,'',0,10000,4,'',0,10900,4,'',0,10900,4,'',0
'599',10301,72000,,'',0,10000,,'',0,9500,,'',0,10500,,'',0,10500,,'',0,10500,,'',0,10500,,'',0,10500,,'',0,10500,,'',0,10500,,'',0,10300,,'',0,10200,,'',0,14500,,'',0,11000,,'',0
'600',10300,83400,4,'',0,10300,4,'',0,10300,4,'',0,10500,4,'',0,10600,4,'',0,10500,4,'',0,14500,4,'',0,10500,4,'',0,10500,4,'',0,10100,4,'',0,10000,4,'',0,10900,4,'',0,10900,4,'',0
'600',10301,82000,,'',0,9500,,'',0,10500,,'',0,10500,,'',0,10500,,'',0,10500,,'',0,10500,,'',0,10500,,'',0,10500,,'',0,10300,,'',0,10200,,'',0,14500,,'',0,11000,,'',0
'601',10300,73300,4,'',0,10100,4,'',0,10300,4,'',0,10300,4,'',0,10500,4,'',0,10600,4,'',0,10500,4,'',0,14500,4,'',0,10500,4,'',0,10500,4,'',0,10100,4,'',0,10000,4,'',0,10900,4,'',0,10900,4,'',0
'601',10301,72000,,'',0,10000,,'',0,9500,,'',0,10500,,'',0,10500,,'',0,10500,,'',0,10500,,'',0,10500,,'',0,10500,,'',0,10500,,'',0,10300,,'',0,10200,,'',0,14500,,'',0,11000,,'',0
