'2087',3901,70400,,'',0,3100,,'',0,7200,,'',0,3500,,'',0,7200,,'',0,9800,,'',0,10000,,'',0,10200,,'',0,10200,,'',0,10000,,'',0,10600,,'',0,11000,,'',0,6800,,'',0,2900,,'',0,2300,,'',0,6800,,'',0,3900,,'',0,8000,,'',0,9400,,'',0,9900,,'',0
'2089',3901,70400,,'',0,3100,,'',0,7200,,'',0,3500,,'',0,7200,,'',0,9800,,'',0,10000,,'',0,10200,,'',0,10200,,'',0,10000,,'',0,10600,,'',0,11000,,'',0,6800,,'',0,2900,,'',0,2300,,'',0,6800,,'',0,3900,,'',0,8000,,'',0,9400,,'',0,9900,,'',0
'2087',4601,71800,,'',0,10300,,'',0,1600,,'',0,9800,,'',0,9800,,'',0,40200,,'',0,11100,,'',0,6700,,'',0,3600,,'',0,7500,,'',0,9500,,'',0,3400,,'',0
'2089',4601,71800,,'',0,10300,,'',0,1600,,'',0,9800,,'',0,9800,,'',0,40200,,'',0,11100,,'',0,6700,,'',0,3600,,'',0,7500,,'',0,9500,,'',0,3400,,'',0
'1781',5200,63700,,'',0,7500,,'',0,3400,,'',0,7600,,'',0,8100,,'',0,3600,,'',0,7500,,'',0,3500,,'',0,7200,,'',0,3100,,'',0,7100,,'',0,3100,,'',0,7300,,'',0,7500,,'',0,3600,,'',0,7000,,'',0,3000,,'',0,7500,,'',0,3400,,'',0,6900,,'',0,3500,,'',0,6900,,'',0,3100,,'',0,7000,,'',0,3200,,'',0,7000,,'',0,3000,,'',0,9800,,'',0,9400,,'',0,10000,,'',0
'2087',5200,50100,,'',0,4100,,'',0,7600,,'',0,2700,,'',0,5800,,'',0,2700,,'',0,7000,,'',0,2600,,'',0,2200,,'',0,6600,,'',0,3500,,'',0,7000,,'',0,3000,,'',0,7000,,'',0,3500,,'',0,7000,,'',0,3100,,'',0,7000,,'',0,8000,,'',0,3300,,'',0,7000,,'',0,2900,,'',0,7100,,'',0,3900,,'',0,6500,,'',0,2400,,'',0,6600,,'',0,2500,,'',0,2900,,'',0,6700,,'',0,3000,,'',0,7000,,'',0,3000,,'',0,9700,,'',0,9500,,'',0,9900,,'',0
'2089',5200,50100,,'',0,4100,,'',0,7600,,'',0,2700,,'',0,5800,,'',0,2700,,'',0,7000,,'',0,2600,,'',0,2200,,'',0,6600,,'',0,3500,,'',0,7000,,'',0,3000,,'',0,7000,,'',0,3500,,'',0,7000,,'',0,3100,,'',0,7000,,'',0,8000,,'',0,3300,,'',0,7000,,'',0,2900,,'',0,7100,,'',0,3900,,'',0,6500,,'',0,2400,,'',0,6600,,'',0,2500,,'',0,2900,,'',0,6700,,'',0,3000,,'',0,7000,,'',0,3000,,'',0,9700,,'',0,9500,,'',0,9900,,'',0
'2294',5200,71200,,'',0,3500,,'',0,7400,,'',0,8200,,'',0,3600,,'',0,7500,,'',0,3500,,'',0,7200,,'',0,3100,,'',0,7100,,'',0,3100,,'',0,7300,,'',0,7500,,'',0,3600,,'',0,7000,,'',0,3000,,'',0,7500,,'',0,3400,,'',0,6900,,'',0,3500,,'',0,6900,,'',0,3300,,'',0,10000,,'',0,10000,,'',0,9800,,'',0,9400,,'',0
'2771',5200,71200,,'',0,3500,,'',0,7400,,'',0,8200,,'',0,3600,,'',0,7500,,'',0,3500,,'',0,7200,,'',0,3100,,'',0,7100,,'',0,3100,,'',0,7300,,'',0,7500,,'',0,3600,,'',0,7000,,'',0,3000,,'',0,7500,,'',0,3400,,'',0,6900,,'',0,3500,,'',0,6900,,'',0,3300,,'',0,10000,,'',0,10000,,'',0,9800,,'',0,9400,,'',0
'1781',9501,63400,0,'Blink',0,7500,0,'Blink',0,2100,0,'Blink',0,1800,0,'Blink',0,6000,0,'Blink',0,1600,0,'Blink',0,1500,0,'Blink',0,1500,0,'Blink',0,5500,0,'Blink',0,1500,0,'Blink',0,1500,0,'Blink',0,1600,0,'Blink',0,5500,0,'Blink',0,1500,0,'Blink',0,1600,0,'Blink',0,1500,0,'Blink',0,5400,0,'Blink',0,1500,0,'Blink',0,1400,0,'Blink',0,1500,0,'Blink',0,5400,0,'Blink',0,1600,0,'Blink',0,1400,0,'Blink',0,1400,0,'Blink',0,5400,0,'Blink',0,1400,0,'Blink',0,1200,0,'Blink',0,1300,0,'Blink',0,1200,0,'Blink',0,5200,0,'Blink',0,1200,0,'Blink',0,1200,0,'Blink',0,1200,0,'Blink',0,1200,0,'Blink',0,5200,0,'Blink',0,1200,0,'Blink',0,1200,0,'Blink',0,1200,0,'Blink',0,1200,0,'Blink',0,5100,0,'Blink',0,1200,0,'Blink',0,1200,0,'Blink',0,1200,0,'Blink',0,1100,0,'Blink',0,5200,0,'Blink',0,1200,0,'Blink',0,1200,0,'Blink',0,1200,0,'Blink',0,1200,0,'Blink',0,5200,0,'Blink',0,1200,0,'Blink',0,1200,0,'Blink',0,1200,0,'Blink',0,1200,0,'Blink',0,5300,0,'Blink',0,1400,0,'Blink',0,1500,0,'Blink',0,1400,0,'Blink',0,5400,0,'Blink',0,1500,0,'Blink',0,1500,0,'Blink',0,1500,0,'Blink',0,5500,0,'Blink',0,1500,0,'Blink',0,1500,0,'Blink',0,1500,0,'Blink',0,5400,0,'Blink',0,1500,0,'Blink',0,1800,0,'Blink',0,2000,0,'Blink',0,6000,0,'Blink',0,1900,0,'Blink',0,6700,0,'Blink',0,3000,0,'Blink',0,7000,0,'Blink',0,2800,0,'Blink',0,7000,0,'Blink',0,3000,0,'Blink',0,2800,0,'Blink',0
'2087',9501,51800,0,'Blink',0,2200,0,'Blink',0,6300,0,'Blink',0,1700,0,'Blink',0,1500,0,'Blink',0,1400,0,'Blink',0,5300,0,'Blink',0,1200,0,'Blink',0,1200,0,'Blink',0,1300,0,'Blink',0,1300,0,'Blink',0,5200,0,'Blink',0,1300,0,'Blink',0,1300,0,'Blink',0,1200,0,'Blink',0,1200,0,'Blink',0,5100,0,'Blink',0,1100,0,'Blink',0,1200,0,'Blink',0,1200,0,'Blink',0,1200,0,'Blink',0,5200,0,'Blink',0,1200,0,'Blink',0,1200,0,'Blink',0,1200,0,'Blink',0,1300,0,'Blink',0,5200,0,'Blink',0,1200,0,'Blink',0,1200,0,'Blink',0,1200,0,'Blink',0,1300,0,'Blink',0,5300,0,'Blink',0,1200,0,'Blink',0,1200,0,'Blink',0,1200,0,'Blink',0,1200,0,'Blink',0,5200,0,'Blink',0,1200,0,'Blink',0,1000,0,'Blink',0,1000,0,'Blink',0,1000,0,'Blink',0,1000,0,'Blink',0,5000,0,'Blink',0,1000,0,'Blink',0,1000,0,'Blink',0,900,0,'Blink',0,1000,0,'Blink',0,1000,0,'Blink',0,5000,0,'Blink',0,900,0,'Blink',0,1000,0,'Blink',0,1000,0,'Blink',0,1000,0,'Blink',0,800,0,'Blink',0,4900,0,'Blink',0,800,0,'Blink',0,800,0,'Blink',0,800,0,'Blink',0,800,0,'Blink',0,800,0,'Blink',0,800,0,'Blink',0,700,0,'Blink',0,4800,0,'Blink',0,700,0,'Blink',0,700,0,'Blink',0,800,0,'Blink',0,700,0,'Blink',0,800,0,'Blink',0,800,0,'Blink',0,4800,0,'Blink',0,800,0,'Blink',0,900,0,'Blink',0,1000,0,'Blink',0,1000,0,'Blink',0,1000,0,'Blink',0,1000,0,'Blink',0,5100,0,'Blink',0,1000,0,'Blink',0,1200,0,'Blink',0,1200,0,'Blink',0,1200,0,'Blink',0,5300,0,'Blink',0,1500,0,'Blink',0,1500,0,'Blink',0,1300,0,'Blink',0,5500,0,'Blink',0,1500,0,'Blink',0,1500,0,'Blink',0,1500,0,'Blink',0,5500,0,'Blink',0,1400,0,'Blink',0,1800,0,'Blink',0,2000,0,'Blink',0,6000,0,'Blink',0,1900,0,'Blink',0,6700,0,'Blink',0,3000,0,'Blink',0,7000,0,'Blink',0
'2089',9501,51800,0,'Blink',0,2200,0,'Blink',0,6300,0,'Blink',0,1700,0,'Blink',0,1500,0,'Blink',0,1400,0,'Blink',0,5300,0,'Blink',0,1200,0,'Blink',0,1200,0,'Blink',0,1300,0,'Blink',0,1300,0,'Blink',0,5200,0,'Blink',0,1300,0,'Blink',0,1300,0,'Blink',0,1200,0,'Blink',0,1200,0,'Blink',0,5100,0,'Blink',0,1100,0,'Blink',0,1200,0,'Blink',0,1200,0,'Blink',0,1200,0,'Blink',0,5200,0,'Blink',0,1200,0,'Blink',0,1200,0,'Blink',0,1200,0,'Blink',0,1300,0,'Blink',0,5200,0,'Blink',0,1200,0,'Blink',0,1200,0,'Blink',0,1200,0,'Blink',0,1300,0,'Blink',0,5300,0,'Blink',0,1200,0,'Blink',0,1200,0,'Blink',0,1200,0,'Blink',0,1200,0,'Blink',0,5200,0,'Blink',0,1200,0,'Blink',0,1000,0,'Blink',0,1000,0,'Blink',0,1000,0,'Blink',0,1000,0,'Blink',0,5000,0,'Blink',0,1000,0,'Blink',0,1000,0,'Blink',0,900,0,'Blink',0,1000,0,'Blink',0,1000,0,'Blink',0,5000,0,'Blink',0,900,0,'Blink',0,1000,0,'Blink',0,1000,0,'Blink',0,1000,0,'Blink',0,800,0,'Blink',0,4900,0,'Blink',0,800,0,'Blink',0,800,0,'Blink',0,800,0,'Blink',0,800,0,'Blink',0,800,0,'Blink',0,800,0,'Blink',0,700,0,'Blink',0,4800,0,'Blink',0,700,0,'Blink',0,700,0,'Blink',0,800,0,'Blink',0,700,0,'Blink',0,800,0,'Blink',0,800,0,'Blink',0,4800,0,'Blink',0,800,0,'Blink',0,900,0,'Blink',0,1000,0,'Blink',0,1000,0,'Blink',0,1000,0,'Blink',0,1000,0,'Blink',0,5100,0,'Blink',0,1000,0,'Blink',0,1200,0,'Blink',0,1200,0,'Blink',0,1200,0,'Blink',0,5300,0,'Blink',0,1500,0,'Blink',0,1500,0,'Blink',0,1300,0,'Blink',0,5500,0,'Blink',0,1500,0,'Blink',0,1500,0,'Blink',0,1500,0,'Blink',0,5500,0,'Blink',0,1400,0,'Blink',0,1800,0,'Blink',0,2000,0,'Blink',0,6000,0,'Blink',0,1900,0,'Blink',0,6700,0,'Blink',0,3000,0,'Blink',0,7000,0,'Blink',0,2800,0,'Blink',0,7000,0,'Blink',0,3000,0,'Blink',0,2800,0,'Blink',0
'2294',9501,71600,0,'Blink',0,3000,0,'Blink',0,6100,0,'Blink',0,2000,0,'Blink',0,2000,0,'Blink',0,5500,0,'Blink',0,1500,0,'Blink',0,1500,0,'Blink',0,1500,0,'Blink',0,5600,0,'Blink',0,1600,0,'Blink',0,1600,0,'Blink',0,1500,0,'Blink',0,5500,0,'Blink',0,1500,0,'Blink',0,1500,0,'Blink',0,1600,0,'Blink',0,5500,0,'Blink',0,1500,0,'Blink',0,1500,0,'Blink',0,1500,0,'Blink',0,5500,0,'Blink',0,1500,0,'Blink',0,1600,0,'Blink',0,1500,0,'Blink',0,5500,0,'Blink',0,1500,0,'Blink',0,1600,0,'Blink',0,1500,0,'Blink',0,5500,0,'Blink',0,1500,0,'Blink',0,1500,0,'Blink',0,1500,0,'Blink',0,5400,0,'Blink',0,1500,0,'Blink',0,1500,0,'Blink',0,1500,0,'Blink',0,5500,0,'Blink',0,1500,0,'Blink',0,1500,0,'Blink',0,1500,0,'Blink',0,5500,0,'Blink',0,1500,0,'Blink',0,1500,0,'Blink',0,1500,0,'Blink',0,5400,0,'Blink',0,1500,0,'Blink',0,1500,0,'Blink',0,1400,0,'Blink',0,5500,0,'Blink',0,1500,0,'Blink',0,1500,0,'Blink',0,1500,0,'Blink',0,5500,0,'Blink',0,1400,0,'Blink',0,1500,0,'Blink',0,1500,0,'Blink',0,5400,0,'Blink',0,1500,0,'Blink',0,1900,0,'Blink',0,1900,0,'Blink',0,6000,0,'Blink',0,2000,0,'Blink',0,6700,0,'Blink',0,3000,0,'Blink',0
'2771',9501,71600,0,'Blink',0,3000,0,'Blink',0,6100,0,'Blink',0,2000,0,'Blink',0,2000,0,'Blink',0,5500,0,'Blink',0,1500,0,'Blink',0,1500,0,'Blink',0,1500,0,'Blink',0,5600,0,'Blink',0,1600,0,'Blink',0,1600,0,'Blink',0,1500,0,'Blink',0,5500,0,'Blink',0,1500,0,'Blink',0,1500,0,'Blink',0,1600,0,'Blink',0,5500,0,'Blink',0,1500,0,'Blink',0,1500,0,'Blink',0,1500,0,'Blink',0,5500,0,'Blink',0,1500,0,'Blink',0,1600,0,'Blink',0,1500,0,'Blink',0,5500,0,'Blink',0,1500,0,'Blink',0,1600,0,'Blink',0,1500,0,'Blink',0,5500,0,'Blink',0,1500,0,'Blink',0,1500,0,'Blink',0,1500,0,'Blink',0,5400,0,'Blink',0,1500,0,'Blink',0,1500,0,'Blink',0,1500,0,'Blink',0,5500,0,'Blink',0,1500,0,'Blink',0,1500,0,'Blink',0,1500,0,'Blink',0,5500,0,'Blink',0,1500,0,'Blink',0,1500,0,'Blink',0,1500,0,'Blink',0,5400,0,'Blink',0,1500,0,'Blink',0,1500,0,'Blink',0,1400,0,'Blink',0,5500,0,'Blink',0,1500,0,'Blink',0,1500,0,'Blink',0,1500,0,'Blink',0,5500,0,'Blink',0,1400,0,'Blink',0,1500,0,'Blink',0,1500,0,'Blink',0,5400,0,'Blink',0,1500,0,'Blink',0,1900,0,'Blink',0,1900,0,'Blink',0,6000,0,'Blink',0,2000,0,'Blink',0,6700,0,'Blink',0,3000,0,'Blink',0
