'1933',9101,163700,,'',0,7100,,'',0,3000,,'',0
'2517',9101,163700,,'',0,7100,,'',0,3000,,'',0
'2532',9101,163700,,'',0,7100,,'',0,3000,,'',0
'2533',9101,163700,,'',0,7100,,'',0,3000,,'',0
'2534',9101,163700,,'',0,7100,,'',0,3000,,'',0
'1933',9201,163700,,'',0,7000,,'',0,3000,,'',0
'2517',9201,163700,,'',0,7000,,'',0,3000,,'',0
'2532',9201,163700,,'',0,7000,,'',0,3000,,'',0
'2533',9201,163700,,'',0,7000,,'',0,3000,,'',0
'2534',9201,163700,,'',0,7000,,'',0,3000,,'',0
'1933',9401,75600,,'',0,6900,,'',0,70300,,'',0,1400,,'',0,5900,,'',0,3100,,'',0,6900,,'',0,2800,,'',0,2800,,'',0
'2517',9401,75600,,'',0,6900,,'',0,70300,,'',0,1400,,'',0,5900,,'',0,3100,,'',0,6900,,'',0,2800,,'',0,2800,,'',0
'2532',9401,75600,,'',0,6900,,'',0,70300,,'',0,1400,,'',0,5900,,'',0,3100,,'',0,6900,,'',0,2800,,'',0,2800,,'',0
'2533',9401,75600,,'',0,6900,,'',0,70300,,'',0,1400,,'',0,5900,,'',0,3100,,'',0,6900,,'',0,2800,,'',0,2800,,'',0
'2534',9401,75600,,'',0,6900,,'',0,70300,,'',0,1400,,'',0,5900,,'',0,3100,,'',0,6900,,'',0,2800,,'',0,2800,,'',0
'1933',10401,153300,,'',0,2400,,'',0,6300,,'',0,1600,,'',0,2200,,'',0,5600,,'',0,1600,,'',0,1800,,'',0,6600,,'',0
'2517',10401,153300,,'',0,2400,,'',0,6300,,'',0,1600,,'',0,2200,,'',0,5600,,'',0,1600,,'',0,1800,,'',0,6600,,'',0
'2532',10401,153300,,'',0,2400,,'',0,6300,,'',0,1600,,'',0,2200,,'',0,5600,,'',0,1600,,'',0,1800,,'',0,6600,,'',0
'2533',10401,153300,,'',0,2400,,'',0,6300,,'',0,1600,,'',0,2200,,'',0,5600,,'',0,1600,,'',0,1800,,'',0,6600,,'',0
'2534',10401,153300,,'',0,2400,,'',0,6300,,'',0,1600,,'',0,2200,,'',0,5600,,'',0,1600,,'',0,1800,,'',0,6600,,'',0
'1933',10701,164800,,'',0,7100,,'',0
'2517',10701,164800,,'',0,7100,,'',0
'2532',10701,164800,,'',0,7100,,'',0
'2533',10701,164800,,'',0,7100,,'',0
'2534',10701,164800,,'',0,7100,,'',0
'1691',343401,70400,0,'Blink',0,3000,0,'Blink',0,2100,0,'Blink',0,5900,0,'Blink',0,2000,0,'Blink',0,1500,0,'Blink',0,5500,0,'Blink',0,1500,0,'Blink',0,1500,0,'Blink',0,1600,0,'Blink',0,5500,0,'Blink',0,1600,0,'Blink',0,1500,0,'Blink',0,1500,0,'Blink',0,5500,0,'Blink',0,1500,0,'Blink',0,1600,0,'Blink',0,1500,0,'Blink',0,5500,0,'Blink',0,1500,0,'Blink',0,1500,0,'Blink',0,1500,0,'Blink',0,5500,0,'Blink',0,1500,0,'Blink',0,1500,0,'Blink',0,1500,0,'Blink',0,5500,0,'Blink',0,1600,0,'Blink',0,1500,0,'Blink',0,1500,0,'Blink',0,5500,0,'Blink',0,1500,0,'Blink',0,1500,0,'Blink',0,1500,0,'Blink',0,5500,0,'Blink',0,1500,0,'Blink',0,1500,0,'Blink',0,1500,0,'Blink',0,5500,0,'Blink',0,1500,0,'Blink',0,1500,0,'Blink',0,1500,0,'Blink',0,5500,0,'Blink',0,1500,0,'Blink',0,1500,0,'Blink',0,1400,0,'Blink',0,5500,0,'Blink',0,1500,0,'Blink',0,1400,0,'Blink',0,1500,0,'Blink',0,5500,0,'Blink',0,1500,0,'Blink',0,1500,0,'Blink',0,1500,0,'Blink',0,5500,0,'Blink',0,1500,0,'Blink',0,1500,0,'Blink',0,1400,0,'Blink',0,5500,0,'Blink',0,2000,0,'Blink',0,1900,0,'Blink',0,6000,0,'Blink',0,2000,0,'Blink',0,2800,0,'Blink',0,7000,0,'Blink',0
'1933',343401,52900,0,'Blink',0,2200,0,'Blink',0,5700,0,'Blink',0,1400,0,'Blink',0,1400,0,'Blink',0,1300,0,'Blink',0,5200,0,'Blink',0,1200,0,'Blink',0,1200,0,'Blink',0,1300,0,'Blink',0,1200,0,'Blink',0,5200,0,'Blink',0,1300,0,'Blink',0,1200,0,'Blink',0,1200,0,'Blink',0,1200,0,'Blink',0,5100,0,'Blink',0,1200,0,'Blink',0,1200,0,'Blink',0,1200,0,'Blink',0,1200,0,'Blink',0,5200,0,'Blink',0,1200,0,'Blink',0,1200,0,'Blink',0,1300,0,'Blink',0,1200,0,'Blink',0,5200,0,'Blink',0,1200,0,'Blink',0,1200,0,'Blink',0,1200,0,'Blink',0,1200,0,'Blink',0,5200,0,'Blink',0,1200,0,'Blink',0,1200,0,'Blink',0,1200,0,'Blink',0,1200,0,'Blink',0,5200,0,'Blink',0,1000,0,'Blink',0,1000,0,'Blink',0,1000,0,'Blink',0,1000,0,'Blink',0,1000,0,'Blink',0,5000,0,'Blink',0,1000,0,'Blink',0,900,0,'Blink',0,900,0,'Blink',0,1000,0,'Blink',0,1000,0,'Blink',0,4900,0,'Blink',0,900,0,'Blink',0,1000,0,'Blink',0,900,0,'Blink',0,800,0,'Blink',0,900,0,'Blink',0,800,0,'Blink',0,4800,0,'Blink',0,800,0,'Blink',0,800,0,'Blink',0,800,0,'Blink',0,800,0,'Blink',0,700,0,'Blink',0,800,0,'Blink',0,700,0,'Blink',0,4800,0,'Blink',0,800,0,'Blink',0,700,0,'Blink',0,800,0,'Blink',0,800,0,'Blink',0,900,0,'Blink',0,900,0,'Blink',0,4900,0,'Blink',0,1000,0,'Blink',0,1000,0,'Blink',0,1000,0,'Blink',0,1100,0,'Blink',0,1100,0,'Blink',0,5100,0,'Blink',0,1200,0,'Blink',0,1200,0,'Blink',0,1200,0,'Blink',0,1300,0,'Blink',0,5500,0,'Blink',0,1500,0,'Blink',0,1400,0,'Blink',0,1500,0,'Blink',0,5500,0,'Blink',0,1500,0,'Blink',0,1500,0,'Blink',0,1500,0,'Blink',0,5400,0,'Blink',0,1900,0,'Blink',0,2000,0,'Blink',0,6000,0,'Blink',0,1900,0,'Blink',0,2800,0,'Blink',0,7000,0,'Blink',0,3000,0,'Blink',0,6800,0,'Blink',0,3000,0,'Blink',0,7000,0,'Blink',0,2800,0,'Blink',0
'1934',343401,62300,0,'Blink',0,3500,0,'Blink',0,6000,0,'Blink',0,1800,0,'Blink',0,2000,0,'Blink',0,5500,0,'Blink',0,1500,0,'Blink',0,1500,0,'Blink',0,1500,0,'Blink',0,5500,0,'Blink',0,1500,0,'Blink',0,1500,0,'Blink',0,1500,0,'Blink',0,5500,0,'Blink',0,1600,0,'Blink',0,1500,0,'Blink',0,1400,0,'Blink',0,5500,0,'Blink',0,1400,0,'Blink',0,1400,0,'Blink',0,1400,0,'Blink',0,5600,0,'Blink',0,1400,0,'Blink',0,1400,0,'Blink',0,1400,0,'Blink',0,5400,0,'Blink',0,1200,0,'Blink',0,1200,0,'Blink',0,1200,0,'Blink',0,1200,0,'Blink',0,5200,0,'Blink',0,1200,0,'Blink',0,1200,0,'Blink',0,1200,0,'Blink',0,1200,0,'Blink',0,5200,0,'Blink',0,1200,0,'Blink',0,1200,0,'Blink',0,1200,0,'Blink',0,1200,0,'Blink',0,5200,0,'Blink',0,1200,0,'Blink',0,1200,0,'Blink',0,1200,0,'Blink',0,1200,0,'Blink',0,5200,0,'Blink',0,1200,0,'Blink',0,1200,0,'Blink',0,1200,0,'Blink',0,1200,0,'Blink',0,5200,0,'Blink',0,1200,0,'Blink',0,1200,0,'Blink',0,1200,0,'Blink',0,1300,0,'Blink',0,5400,0,'Blink',0,1500,0,'Blink',0,1400,0,'Blink',0,1500,0,'Blink',0,5500,0,'Blink',0,1500,0,'Blink',0,1500,0,'Blink',0,1500,0,'Blink',0,5500,0,'Blink',0,1500,0,'Blink',0,1500,0,'Blink',0,1400,0,'Blink',0,5500,0,'Blink',0,1900,0,'Blink',0,2000,0,'Blink',0,6000,0,'Blink',0,2000,0,'Blink',0,2700,0,'Blink',0,7000,0,'Blink',0,3000,0,'Blink',0,6800,0,'Blink',0,3000,0,'Blink',0,7000,0,'Blink',0,2800,0,'Blink',0
'2097',343401,62300,0,'Blink',0,3500,0,'Blink',0,6000,0,'Blink',0,1800,0,'Blink',0,2000,0,'Blink',0,5500,0,'Blink',0,1500,0,'Blink',0,1500,0,'Blink',0,1500,0,'Blink',0,5500,0,'Blink',0,1500,0,'Blink',0,1500,0,'Blink',0,1500,0,'Blink',0,5500,0,'Blink',0,1600,0,'Blink',0,1500,0,'Blink',0,1400,0,'Blink',0,5500,0,'Blink',0,1400,0,'Blink',0,1400,0,'Blink',0,1400,0,'Blink',0,5600,0,'Blink',0,1400,0,'Blink',0,1400,0,'Blink',0,1400,0,'Blink',0,5400,0,'Blink',0,1200,0,'Blink',0,1200,0,'Blink',0,1200,0,'Blink',0,1200,0,'Blink',0,5200,0,'Blink',0,1200,0,'Blink',0,1200,0,'Blink',0,1200,0,'Blink',0,1200,0,'Blink',0,5200,0,'Blink',0,1200,0,'Blink',0,1200,0,'Blink',0,1200,0,'Blink',0,1200,0,'Blink',0,5200,0,'Blink',0,1200,0,'Blink',0,1200,0,'Blink',0,1200,0,'Blink',0,1200,0,'Blink',0,5200,0,'Blink',0,1200,0,'Blink',0,1200,0,'Blink',0,1200,0,'Blink',0,1200,0,'Blink',0,5200,0,'Blink',0,1200,0,'Blink',0,1200,0,'Blink',0,1200,0,'Blink',0,1300,0,'Blink',0,5400,0,'Blink',0,1500,0,'Blink',0,1400,0,'Blink',0,1500,0,'Blink',0,5500,0,'Blink',0,1500,0,'Blink',0,1500,0,'Blink',0,1500,0,'Blink',0,5500,0,'Blink',0,1500,0,'Blink',0,1500,0,'Blink',0,1400,0,'Blink',0,5500,0,'Blink',0,1900,0,'Blink',0,2000,0,'Blink',0,6000,0,'Blink',0,2000,0,'Blink',0,2700,0,'Blink',0,7000,0,'Blink',0,3000,0,'Blink',0
'2181',343401,70400,0,'Blink',0,3000,0,'Blink',0,2100,0,'Blink',0,5900,0,'Blink',0,2000,0,'Blink',0,1500,0,'Blink',0,5500,0,'Blink',0,1500,0,'Blink',0,1500,0,'Blink',0,1600,0,'Blink',0,5500,0,'Blink',0,1600,0,'Blink',0,1500,0,'Blink',0,1500,0,'Blink',0,5500,0,'Blink',0,1500,0,'Blink',0,1600,0,'Blink',0,1500,0,'Blink',0,5500,0,'Blink',0,1500,0,'Blink',0,1500,0,'Blink',0,1500,0,'Blink',0,5500,0,'Blink',0,1500,0,'Blink',0,1500,0,'Blink',0,1500,0,'Blink',0,5500,0,'Blink',0,1600,0,'Blink',0,1500,0,'Blink',0,1500,0,'Blink',0,5500,0,'Blink',0,1500,0,'Blink',0,1500,0,'Blink',0,1500,0,'Blink',0,5500,0,'Blink',0,1500,0,'Blink',0,1500,0,'Blink',0,1500,0,'Blink',0,5500,0,'Blink',0,1500,0,'Blink',0,1500,0,'Blink',0,1500,0,'Blink',0,5500,0,'Blink',0,1500,0,'Blink',0,1500,0,'Blink',0,1400,0,'Blink',0,5500,0,'Blink',0,1500,0,'Blink',0,1400,0,'Blink',0,1500,0,'Blink',0,5500,0,'Blink',0,1500,0,'Blink',0,1500,0,'Blink',0,1500,0,'Blink',0,5500,0,'Blink',0,1500,0,'Blink',0,1500,0,'Blink',0,1400,0,'Blink',0,5500,0,'Blink',0,2000,0,'Blink',0,1900,0,'Blink',0,6000,0,'Blink',0,2000,0,'Blink',0,2800,0,'Blink',0,7000,0,'Blink',0
'2276',343401,62300,0,'Blink',0,3500,0,'Blink',0,6000,0,'Blink',0,1800,0,'Blink',0,2000,0,'Blink',0,5500,0,'Blink',0,1500,0,'Blink',0,1500,0,'Blink',0,1500,0,'Blink',0,5500,0,'Blink',0,1500,0,'Blink',0,1500,0,'Blink',0,1500,0,'Blink',0,5500,0,'Blink',0,1600,0,'Blink',0,1500,0,'Blink',0,1400,0,'Blink',0,5500,0,'Blink',0,1400,0,'Blink',0,1400,0,'Blink',0,1400,0,'Blink',0,5600,0,'Blink',0,1400,0,'Blink',0,1400,0,'Blink',0,1400,0,'Blink',0,5400,0,'Blink',0,1200,0,'Blink',0,1200,0,'Blink',0,1200,0,'Blink',0,1200,0,'Blink',0,5200,0,'Blink',0,1200,0,'Blink',0,1200,0,'Blink',0,1200,0,'Blink',0,1200,0,'Blink',0,5200,0,'Blink',0,1200,0,'Blink',0,1200,0,'Blink',0,1200,0,'Blink',0,1200,0,'Blink',0,5200,0,'Blink',0,1200,0,'Blink',0,1200,0,'Blink',0,1200,0,'Blink',0,1200,0,'Blink',0,5200,0,'Blink',0,1200,0,'Blink',0,1200,0,'Blink',0,1200,0,'Blink',0,1200,0,'Blink',0,5200,0,'Blink',0,1200,0,'Blink',0,1200,0,'Blink',0,1200,0,'Blink',0,1300,0,'Blink',0,5400,0,'Blink',0,1500,0,'Blink',0,1400,0,'Blink',0,1500,0,'Blink',0,5500,0,'Blink',0,1500,0,'Blink',0,1500,0,'Blink',0,1500,0,'Blink',0,5500,0,'Blink',0,1500,0,'Blink',0,1500,0,'Blink',0,1400,0,'Blink',0,5500,0,'Blink',0,1900,0,'Blink',0,2000,0,'Blink',0,6000,0,'Blink',0,2000,0,'Blink',0,2700,0,'Blink',0,7000,0,'Blink',0,3000,0,'Blink',0
'2517',343401,52900,0,'Blink',0,2200,0,'Blink',0,5700,0,'Blink',0,1400,0,'Blink',0,1400,0,'Blink',0,1300,0,'Blink',0,5200,0,'Blink',0,1200,0,'Blink',0,1200,0,'Blink',0,1300,0,'Blink',0,1200,0,'Blink',0,5200,0,'Blink',0,1300,0,'Blink',0,1200,0,'Blink',0,1200,0,'Blink',0,1200,0,'Blink',0,5100,0,'Blink',0,1200,0,'Blink',0,1200,0,'Blink',0,1200,0,'Blink',0,1200,0,'Blink',0,5200,0,'Blink',0,1200,0,'Blink',0,1200,0,'Blink',0,1300,0,'Blink',0,1200,0,'Blink',0,5200,0,'Blink',0,1200,0,'Blink',0,1200,0,'Blink',0,1200,0,'Blink',0,1200,0,'Blink',0,5200,0,'Blink',0,1200,0,'Blink',0,1200,0,'Blink',0,1200,0,'Blink',0,1200,0,'Blink',0,5200,0,'Blink',0,1000,0,'Blink',0,1000,0,'Blink',0,1000,0,'Blink',0,1000,0,'Blink',0,1000,0,'Blink',0,5000,0,'Blink',0,1000,0,'Blink',0,900,0,'Blink',0,900,0,'Blink',0,1000,0,'Blink',0,1000,0,'Blink',0,4900,0,'Blink',0,900,0,'Blink',0,1000,0,'Blink',0,900,0,'Blink',0,800,0,'Blink',0,900,0,'Blink',0,800,0,'Blink',0,4800,0,'Blink',0,800,0,'Blink',0,800,0,'Blink',0,800,0,'Blink',0,800,0,'Blink',0,700,0,'Blink',0,800,0,'Blink',0,700,0,'Blink',0,4800,0,'Blink',0,800,0,'Blink',0,700,0,'Blink',0,800,0,'Blink',0,800,0,'Blink',0,900,0,'Blink',0,900,0,'Blink',0,4900,0,'Blink',0,1000,0,'Blink',0,1000,0,'Blink',0,1000,0,'Blink',0,1100,0,'Blink',0,1100,0,'Blink',0,5100,0,'Blink',0,1200,0,'Blink',0,1200,0,'Blink',0,1200,0,'Blink',0,1300,0,'Blink',0,5500,0,'Blink',0,1500,0,'Blink',0,1400,0,'Blink',0,1500,0,'Blink',0,5500,0,'Blink',0,1500,0,'Blink',0,1500,0,'Blink',0,1500,0,'Blink',0,5400,0,'Blink',0,1900,0,'Blink',0,2000,0,'Blink',0,6000,0,'Blink',0,1900,0,'Blink',0,2800,0,'Blink',0,7000,0,'Blink',0,3000,0,'Blink',0
'2532',343401,52900,0,'Blink',0,2200,0,'Blink',0,5700,0,'Blink',0,1400,0,'Blink',0,1400,0,'Blink',0,1300,0,'Blink',0,5200,0,'Blink',0,1200,0,'Blink',0,1200,0,'Blink',0,1300,0,'Blink',0,1200,0,'Blink',0,5200,0,'Blink',0,1300,0,'Blink',0,1200,0,'Blink',0,1200,0,'Blink',0,1200,0,'Blink',0,5100,0,'Blink',0,1200,0,'Blink',0,1200,0,'Blink',0,1200,0,'Blink',0,1200,0,'Blink',0,5200,0,'Blink',0,1200,0,'Blink',0,1200,0,'Blink',0,1300,0,'Blink',0,1200,0,'Blink',0,5200,0,'Blink',0,1200,0,'Blink',0,1200,0,'Blink',0,1200,0,'Blink',0,1200,0,'Blink',0,5200,0,'Blink',0,1200,0,'Blink',0,1200,0,'Blink',0,1200,0,'Blink',0,1200,0,'Blink',0,5200,0,'Blink',0,1000,0,'Blink',0,1000,0,'Blink',0,1000,0,'Blink',0,1000,0,'Blink',0,1000,0,'Blink',0,5000,0,'Blink',0,1000,0,'Blink',0,900,0,'Blink',0,900,0,'Blink',0,1000,0,'Blink',0,1000,0,'Blink',0,4900,0,'Blink',0,900,0,'Blink',0,1000,0,'Blink',0,900,0,'Blink',0,800,0,'Blink',0,900,0,'Blink',0,800,0,'Blink',0,4800,0,'Blink',0,800,0,'Blink',0,800,0,'Blink',0,800,0,'Blink',0,800,0,'Blink',0,700,0,'Blink',0,800,0,'Blink',0,700,0,'Blink',0,4800,0,'Blink',0,800,0,'Blink',0,700,0,'Blink',0,800,0,'Blink',0,800,0,'Blink',0,900,0,'Blink',0,900,0,'Blink',0,4900,0,'Blink',0,1000,0,'Blink',0,1000,0,'Blink',0,1000,0,'Blink',0,1100,0,'Blink',0,1100,0,'Blink',0,5100,0,'Blink',0,1200,0,'Blink',0,1200,0,'Blink',0,1200,0,'Blink',0,1300,0,'Blink',0,5500,0,'Blink',0,1500,0,'Blink',0,1400,0,'Blink',0,1500,0,'Blink',0,5500,0,'Blink',0,1500,0,'Blink',0,1500,0,'Blink',0,1500,0,'Blink',0,5400,0,'Blink',0,1900,0,'Blink',0,2000,0,'Blink',0,6000,0,'Blink',0,1900,0,'Blink',0,2800,0,'Blink',0,7000,0,'Blink',0,3000,0,'Blink',0
'2533',343401,52900,0,'Blink',0,2200,0,'Blink',0,5700,0,'Blink',0,1400,0,'Blink',0,1400,0,'Blink',0,1300,0,'Blink',0,5200,0,'Blink',0,1200,0,'Blink',0,1200,0,'Blink',0,1300,0,'Blink',0,1200,0,'Blink',0,5200,0,'Blink',0,1300,0,'Blink',0,1200,0,'Blink',0,1200,0,'Blink',0,1200,0,'Blink',0,5100,0,'Blink',0,1200,0,'Blink',0,1200,0,'Blink',0,1200,0,'Blink',0,1200,0,'Blink',0,5200,0,'Blink',0,1200,0,'Blink',0,1200,0,'Blink',0,1300,0,'Blink',0,1200,0,'Blink',0,5200,0,'Blink',0,1200,0,'Blink',0,1200,0,'Blink',0,1200,0,'Blink',0,1200,0,'Blink',0,5200,0,'Blink',0,1200,0,'Blink',0,1200,0,'Blink',0,1200,0,'Blink',0,1200,0,'Blink',0,5200,0,'Blink',0,1000,0,'Blink',0,1000,0,'Blink',0,1000,0,'Blink',0,1000,0,'Blink',0,1000,0,'Blink',0,5000,0,'Blink',0,1000,0,'Blink',0,900,0,'Blink',0,900,0,'Blink',0,1000,0,'Blink',0,1000,0,'Blink',0,4900,0,'Blink',0,900,0,'Blink',0,1000,0,'Blink',0,900,0,'Blink',0,800,0,'Blink',0,900,0,'Blink',0,800,0,'Blink',0,4800,0,'Blink',0,800,0,'Blink',0,800,0,'Blink',0,800,0,'Blink',0,800,0,'Blink',0,700,0,'Blink',0,800,0,'Blink',0,700,0,'Blink',0,4800,0,'Blink',0,800,0,'Blink',0,700,0,'Blink',0,800,0,'Blink',0,800,0,'Blink',0,900,0,'Blink',0,900,0,'Blink',0,4900,0,'Blink',0,1000,0,'Blink',0,1000,0,'Blink',0,1000,0,'Blink',0,1100,0,'Blink',0,1100,0,'Blink',0,5100,0,'Blink',0,1200,0,'Blink',0,1200,0,'Blink',0,1200,0,'Blink',0,1300,0,'Blink',0,5500,0,'Blink',0,1500,0,'Blink',0,1400,0,'Blink',0,1500,0,'Blink',0,5500,0,'Blink',0,1500,0,'Blink',0,1500,0,'Blink',0,1500,0,'Blink',0,5400,0,'Blink',0,1900,0,'Blink',0,2000,0,'Blink',0,6000,0,'Blink',0,1900,0,'Blink',0,2800,0,'Blink',0,7000,0,'Blink',0,3000,0,'Blink',0
'2534',343401,52900,0,'Blink',0,2200,0,'Blink',0,5700,0,'Blink',0,1400,0,'Blink',0,1400,0,'Blink',0,1300,0,'Blink',0,5200,0,'Blink',0,1200,0,'Blink',0,1200,0,'Blink',0,1300,0,'Blink',0,1200,0,'Blink',0,5200,0,'Blink',0,1300,0,'Blink',0,1200,0,'Blink',0,1200,0,'Blink',0,1200,0,'Blink',0,5100,0,'Blink',0,1200,0,'Blink',0,1200,0,'Blink',0,1200,0,'Blink',0,1200,0,'Blink',0,5200,0,'Blink',0,1200,0,'Blink',0,1200,0,'Blink',0,1300,0,'Blink',0,1200,0,'Blink',0,5200,0,'Blink',0,1200,0,'Blink',0,1200,0,'Blink',0,1200,0,'Blink',0,1200,0,'Blink',0,5200,0,'Blink',0,1200,0,'Blink',0,1200,0,'Blink',0,1200,0,'Blink',0,1200,0,'Blink',0,5200,0,'Blink',0,1000,0,'Blink',0,1000,0,'Blink',0,1000,0,'Blink',0,1000,0,'Blink',0,1000,0,'Blink',0,5000,0,'Blink',0,1000,0,'Blink',0,900,0,'Blink',0,900,0,'Blink',0,1000,0,'Blink',0,1000,0,'Blink',0,4900,0,'Blink',0,900,0,'Blink',0,1000,0,'Blink',0,900,0,'Blink',0,800,0,'Blink',0,900,0,'Blink',0,800,0,'Blink',0,4800,0,'Blink',0,800,0,'Blink',0,800,0,'Blink',0,800,0,'Blink',0,800,0,'Blink',0,700,0,'Blink',0,800,0,'Blink',0,700,0,'Blink',0,4800,0,'Blink',0,800,0,'Blink',0,700,0,'Blink',0,800,0,'Blink',0,800,0,'Blink',0,900,0,'Blink',0,900,0,'Blink',0,4900,0,'Blink',0,1000,0,'Blink',0,1000,0,'Blink',0,1000,0,'Blink',0,1100,0,'Blink',0,1100,0,'Blink',0,5100,0,'Blink',0,1200,0,'Blink',0,1200,0,'Blink',0,1200,0,'Blink',0,1300,0,'Blink',0,5500,0,'Blink',0,1500,0,'Blink',0,1400,0,'Blink',0,1500,0,'Blink',0,5500,0,'Blink',0,1500,0,'Blink',0,1500,0,'Blink',0,1500,0,'Blink',0,5400,0,'Blink',0,1900,0,'Blink',0,2000,0,'Blink',0,6000,0,'Blink',0,1900,0,'Blink',0,2800,0,'Blink',0,7000,0,'Blink',0,3000,0,'Blink',0
