'2347',9100,70400,,'',0,2800,,'',0,2700,,'',0
'2349',9100,70400,,'',0,2800,,'',0,2700,,'',0
'2565',9100,70400,,'',0,2800,,'',0,2700,,'',0
'2566',9100,70400,,'',0,2800,,'',0,2700,,'',0
'2568',9100,70400,,'',0,2800,,'',0,2700,,'',0
'2347',9200,70100,,'',0,2900,,'',0,2700,,'',0
'2349',9200,70100,,'',0,2900,,'',0,2700,,'',0
'2565',9200,70100,,'',0,2900,,'',0,2700,,'',0
'2566',9200,70100,,'',0,2900,,'',0,2700,,'',0
'2568',9200,70100,,'',0,2900,,'',0,2700,,'',0
'2347',9600,73400,,'',0
'2349',9600,73400,,'',0
'2565',9600,73400,,'',0
'2566',9600,73400,,'',0
'2568',9600,73400,,'',0
'2347',10400,60200,,'',0,2700,,'',0,1900,,'',0,5700,,'',0,1600,,'',0,2500,,'',0,5900,,'',0,1400,,'',0,1600,,'',0,1500,,'',0
'2349',10400,60200,,'',0,2700,,'',0,1900,,'',0,5700,,'',0,1600,,'',0,2500,,'',0,5900,,'',0,1400,,'',0,1600,,'',0,1500,,'',0
'2565',10400,60200,,'',0,2700,,'',0,1900,,'',0,5700,,'',0,1600,,'',0,2500,,'',0,5900,,'',0,1400,,'',0,1600,,'',0,1500,,'',0
'2566',10400,60200,,'',0,2700,,'',0,1900,,'',0,5700,,'',0,1600,,'',0,2500,,'',0,5900,,'',0,1400,,'',0,1600,,'',0,1500,,'',0
'2568',10400,60200,,'',0,2700,,'',0,1900,,'',0,5700,,'',0,1600,,'',0,2500,,'',0,5900,,'',0,1400,,'',0,1600,,'',0,1500,,'',0
'2347',10700,73200,,'',0,2700,,'',0
'2349',10700,73200,,'',0,2700,,'',0
'2565',10700,73200,,'',0,2700,,'',0
'2566',10700,73200,,'',0,2700,,'',0
'2568',10700,73200,,'',0,2700,,'',0
'2097',343400,61700,0,'Blink',0,3000,0,'Blink',0,6200,0,'Blink',0,1600,0,'Blink',0,1400,0,'Blink',0,1500,0,'Blink',0,5500,0,'Blink',0,1500,0,'Blink',0,1500,0,'Blink',0,1500,0,'Blink',0,5400,0,'Blink',0,1500,0,'Blink',0,1400,0,'Blink',0,1400,0,'Blink',0,5400,0,'Blink',0,1500,0,'Blink',0,1400,0,'Blink',0,1400,0,'Blink',0,5400,0,'Blink',0,1400,0,'Blink',0,1400,0,'Blink',0,1400,0,'Blink',0,1400,0,'Blink',0,5400,0,'Blink',0,1200,0,'Blink',0,1200,0,'Blink',0,1200,0,'Blink',0,5200,0,'Blink',0,1200,0,'Blink',0,1200,0,'Blink',0,1200,0,'Blink',0,1200,0,'Blink',0,5200,0,'Blink',0,1200,0,'Blink',0,1200,0,'Blink',0,1200,0,'Blink',0,1200,0,'Blink',0,5200,0,'Blink',0,1200,0,'Blink',0,1200,0,'Blink',0,1200,0,'Blink',0,1200,0,'Blink',0,5200,0,'Blink',0,1200,0,'Blink',0,1200,0,'Blink',0,1200,0,'Blink',0,1200,0,'Blink',0,5200,0,'Blink',0,1200,0,'Blink',0,1200,0,'Blink',0,1200,0,'Blink',0,1200,0,'Blink',0,5200,0,'Blink',0,1500,0,'Blink',0,1500,0,'Blink',0,1600,0,'Blink',0,5600,0,'Blink',0,1600,0,'Blink',0,1600,0,'Blink',0,1500,0,'Blink',0,5500,0,'Blink',0,1500,0,'Blink',0,1500,0,'Blink',0,1500,0,'Blink',0,5500,0,'Blink',0,1500,0,'Blink',0,2000,0,'Blink',0,2000,0,'Blink',0,6000,0,'Blink',0,2100,0,'Blink',0,7000,0,'Blink',0,3000,0,'Blink',0,7000,0,'Blink',0,3000,0,'Blink',0
'2181',343400,62200,0,'Blink',0,3000,0,'Blink',0,6700,0,'Blink',0,1900,0,'Blink',0,1900,0,'Blink',0,6000,0,'Blink',0,1500,0,'Blink',0,1500,0,'Blink',0,5500,0,'Blink',0,1500,0,'Blink',0,1500,0,'Blink',0,1500,0,'Blink',0,5500,0,'Blink',0,1500,0,'Blink',0,1500,0,'Blink',0,1500,0,'Blink',0,5500,0,'Blink',0,1500,0,'Blink',0,1500,0,'Blink',0,1400,0,'Blink',0,5500,0,'Blink',0,1400,0,'Blink',0,1500,0,'Blink',0,1500,0,'Blink',0,5500,0,'Blink',0,1500,0,'Blink',0,1500,0,'Blink',0,1500,0,'Blink',0,5500,0,'Blink',0,1500,0,'Blink',0,1500,0,'Blink',0,1500,0,'Blink',0,5500,0,'Blink',0,1500,0,'Blink',0,1500,0,'Blink',0,1500,0,'Blink',0,5500,0,'Blink',0,1500,0,'Blink',0,1500,0,'Blink',0,1500,0,'Blink',0,5500,0,'Blink',0,1600,0,'Blink',0,1500,0,'Blink',0,1600,0,'Blink',0,5500,0,'Blink',0,1500,0,'Blink',0,1500,0,'Blink',0,1500,0,'Blink',0,5600,0,'Blink',0,1500,0,'Blink',0,1500,0,'Blink',0,1500,0,'Blink',0,5500,0,'Blink',0,1500,0,'Blink',0,1600,0,'Blink',0,1500,0,'Blink',0,5500,0,'Blink',0,1500,0,'Blink',0,2000,0,'Blink',0,2000,0,'Blink',0,6000,0,'Blink',0,2100,0,'Blink',0,7000,0,'Blink',0,3000,0,'Blink',0,7000,0,'Blink',0
'2347',343400,51500,0,'Blink',0,2500,0,'Blink',0,1700,0,'Blink',0,5700,0,'Blink',0,1300,0,'Blink',0,1000,0,'Blink',0,900,0,'Blink',0,900,0,'Blink',0,4800,0,'Blink',0,700,0,'Blink',0,800,0,'Blink',0,800,0,'Blink',0,900,0,'Blink',0,900,0,'Blink',0,900,0,'Blink',0,4800,0,'Blink',0,800,0,'Blink',0,800,0,'Blink',0,800,0,'Blink',0,800,0,'Blink',0,700,0,'Blink',0,800,0,'Blink',0,900,0,'Blink',0,4900,0,'Blink',0,900,0,'Blink',0,900,0,'Blink',0,1000,0,'Blink',0,1000,0,'Blink',0,1000,0,'Blink',0,5200,0,'Blink',0,1200,0,'Blink',0,1200,0,'Blink',0,1200,0,'Blink',0,1200,0,'Blink',0,5200,0,'Blink',0,1200,0,'Blink',0,1200,0,'Blink',0,1200,0,'Blink',0,1200,0,'Blink',0,5200,0,'Blink',0,1200,0,'Blink',0,1200,0,'Blink',0,1200,0,'Blink',0,1200,0,'Blink',0,5200,0,'Blink',0,1200,0,'Blink',0,1200,0,'Blink',0,1200,0,'Blink',0,1100,0,'Blink',0,5100,0,'Blink',0,1000,0,'Blink',0,1000,0,'Blink',0,1000,0,'Blink',0,1000,0,'Blink',0,1100,0,'Blink',0,5000,0,'Blink',0,1000,0,'Blink',0,900,0,'Blink',0,900,0,'Blink',0,900,0,'Blink',0,900,0,'Blink',0,4900,0,'Blink',0,800,0,'Blink',0,900,0,'Blink',0,900,0,'Blink',0,800,0,'Blink',0,900,0,'Blink',0,900,0,'Blink',0,5000,0,'Blink',0,1100,0,'Blink',0,1200,0,'Blink',0,1100,0,'Blink',0,1200,0,'Blink',0,5200,0,'Blink',0,1200,0,'Blink',0,1300,0,'Blink',0,1300,0,'Blink',0,1200,0,'Blink',0,5300,0,'Blink',0,1500,0,'Blink',0,1500,0,'Blink',0,1500,0,'Blink',0,5500,0,'Blink',0,1500,0,'Blink',0,1600,0,'Blink',0,1500,0,'Blink',0,5500,0,'Blink',0,1500,0,'Blink',0,2000,0,'Blink',0,2000,0,'Blink',0,6000,0,'Blink',0,2100,0,'Blink',0,7000,0,'Blink',0,3000,0,'Blink',0,7000,0,'Blink',0,3000,0,'Blink',0
'2349',343400,51500,0,'Blink',0,2500,0,'Blink',0,1700,0,'Blink',0,5700,0,'Blink',0,1300,0,'Blink',0,1000,0,'Blink',0,900,0,'Blink',0,900,0,'Blink',0,4800,0,'Blink',0,700,0,'Blink',0,800,0,'Blink',0,800,0,'Blink',0,900,0,'Blink',0,900,0,'Blink',0,900,0,'Blink',0,4800,0,'Blink',0,800,0,'Blink',0,800,0,'Blink',0,800,0,'Blink',0,800,0,'Blink',0,700,0,'Blink',0,800,0,'Blink',0,900,0,'Blink',0,4900,0,'Blink',0,900,0,'Blink',0,900,0,'Blink',0,1000,0,'Blink',0,1000,0,'Blink',0,1000,0,'Blink',0,5200,0,'Blink',0,1200,0,'Blink',0,1200,0,'Blink',0,1200,0,'Blink',0,1200,0,'Blink',0,5200,0,'Blink',0,1200,0,'Blink',0,1200,0,'Blink',0,1200,0,'Blink',0,1200,0,'Blink',0,5200,0,'Blink',0,1200,0,'Blink',0,1200,0,'Blink',0,1200,0,'Blink',0,1200,0,'Blink',0,5200,0,'Blink',0,1200,0,'Blink',0,1200,0,'Blink',0,1200,0,'Blink',0,1100,0,'Blink',0,5100,0,'Blink',0,1000,0,'Blink',0,1000,0,'Blink',0,1000,0,'Blink',0,1000,0,'Blink',0,1100,0,'Blink',0,5000,0,'Blink',0,1000,0,'Blink',0,900,0,'Blink',0,900,0,'Blink',0,900,0,'Blink',0,900,0,'Blink',0,4900,0,'Blink',0,800,0,'Blink',0,900,0,'Blink',0,900,0,'Blink',0,800,0,'Blink',0,900,0,'Blink',0,900,0,'Blink',0,5000,0,'Blink',0,1100,0,'Blink',0,1200,0,'Blink',0,1100,0,'Blink',0,1200,0,'Blink',0,5200,0,'Blink',0,1200,0,'Blink',0,1300,0,'Blink',0,1300,0,'Blink',0,1200,0,'Blink',0,5300,0,'Blink',0,1500,0,'Blink',0,1500,0,'Blink',0,1500,0,'Blink',0,5500,0,'Blink',0,1500,0,'Blink',0,1600,0,'Blink',0,1500,0,'Blink',0,5500,0,'Blink',0,1500,0,'Blink',0,2000,0,'Blink',0,2000,0,'Blink',0,6000,0,'Blink',0,2100,0,'Blink',0,7000,0,'Blink',0,3000,0,'Blink',0,7000,0,'Blink',0,3000,0,'Blink',0,7000,0,'Blink',0,3000,0,'Blink',0,7000,0,'Blink',0
'2350',343400,61700,0,'Blink',0,3000,0,'Blink',0,6200,0,'Blink',0,1600,0,'Blink',0,1400,0,'Blink',0,1500,0,'Blink',0,5500,0,'Blink',0,1500,0,'Blink',0,1500,0,'Blink',0,1500,0,'Blink',0,5400,0,'Blink',0,1500,0,'Blink',0,1400,0,'Blink',0,1400,0,'Blink',0,5400,0,'Blink',0,1500,0,'Blink',0,1400,0,'Blink',0,1400,0,'Blink',0,5400,0,'Blink',0,1400,0,'Blink',0,1400,0,'Blink',0,1400,0,'Blink',0,1400,0,'Blink',0,5400,0,'Blink',0,1200,0,'Blink',0,1200,0,'Blink',0,1200,0,'Blink',0,5200,0,'Blink',0,1200,0,'Blink',0,1200,0,'Blink',0,1200,0,'Blink',0,1200,0,'Blink',0,5200,0,'Blink',0,1200,0,'Blink',0,1200,0,'Blink',0,1200,0,'Blink',0,1200,0,'Blink',0,5200,0,'Blink',0,1200,0,'Blink',0,1200,0,'Blink',0,1200,0,'Blink',0,1200,0,'Blink',0,5200,0,'Blink',0,1200,0,'Blink',0,1200,0,'Blink',0,1200,0,'Blink',0,1200,0,'Blink',0,5200,0,'Blink',0,1200,0,'Blink',0,1200,0,'Blink',0,1200,0,'Blink',0,1200,0,'Blink',0,5200,0,'Blink',0,1500,0,'Blink',0,1500,0,'Blink',0,1600,0,'Blink',0,5600,0,'Blink',0,1600,0,'Blink',0,1600,0,'Blink',0,1500,0,'Blink',0,5500,0,'Blink',0,1500,0,'Blink',0,1500,0,'Blink',0,1500,0,'Blink',0,5500,0,'Blink',0,1500,0,'Blink',0,2000,0,'Blink',0,2000,0,'Blink',0,6000,0,'Blink',0,2100,0,'Blink',0,7000,0,'Blink',0,3000,0,'Blink',0,7000,0,'Blink',0,3000,0,'Blink',0,7000,0,'Blink',0,3000,0,'Blink',0,7000,0,'Blink',0
'2565',343400,51500,0,'Blink',0,2500,0,'Blink',0,1700,0,'Blink',0,5700,0,'Blink',0,1300,0,'Blink',0,1000,0,'Blink',0,900,0,'Blink',0,900,0,'Blink',0,4800,0,'Blink',0,700,0,'Blink',0,800,0,'Blink',0,800,0,'Blink',0,900,0,'Blink',0,900,0,'Blink',0,900,0,'Blink',0,4800,0,'Blink',0,800,0,'Blink',0,800,0,'Blink',0,800,0,'Blink',0,800,0,'Blink',0,700,0,'Blink',0,800,0,'Blink',0,900,0,'Blink',0,4900,0,'Blink',0,900,0,'Blink',0,900,0,'Blink',0,1000,0,'Blink',0,1000,0,'Blink',0,1000,0,'Blink',0,5200,0,'Blink',0,1200,0,'Blink',0,1200,0,'Blink',0,1200,0,'Blink',0,1200,0,'Blink',0,5200,0,'Blink',0,1200,0,'Blink',0,1200,0,'Blink',0,1200,0,'Blink',0,1200,0,'Blink',0,5200,0,'Blink',0,1200,0,'Blink',0,1200,0,'Blink',0,1200,0,'Blink',0,1200,0,'Blink',0,5200,0,'Blink',0,1200,0,'Blink',0,1200,0,'Blink',0,1200,0,'Blink',0,1100,0,'Blink',0,5100,0,'Blink',0,1000,0,'Blink',0,1000,0,'Blink',0,1000,0,'Blink',0,1000,0,'Blink',0,1100,0,'Blink',0,5000,0,'Blink',0,1000,0,'Blink',0,900,0,'Blink',0,900,0,'Blink',0,900,0,'Blink',0,900,0,'Blink',0,4900,0,'Blink',0,800,0,'Blink',0,900,0,'Blink',0,900,0,'Blink',0,800,0,'Blink',0,900,0,'Blink',0,900,0,'Blink',0,5000,0,'Blink',0,1100,0,'Blink',0,1200,0,'Blink',0,1100,0,'Blink',0,1200,0,'Blink',0,5200,0,'Blink',0,1200,0,'Blink',0,1300,0,'Blink',0,1300,0,'Blink',0,1200,0,'Blink',0,5300,0,'Blink',0,1500,0,'Blink',0,1500,0,'Blink',0,1500,0,'Blink',0,5500,0,'Blink',0,1500,0,'Blink',0,1600,0,'Blink',0,1500,0,'Blink',0,5500,0,'Blink',0,1500,0,'Blink',0,2000,0,'Blink',0,2000,0,'Blink',0,6000,0,'Blink',0,2100,0,'Blink',0,7000,0,'Blink',0,3000,0,'Blink',0,7000,0,'Blink',0,3000,0,'Blink',0
'2566',343400,51500,0,'Blink',0,2500,0,'Blink',0,1700,0,'Blink',0,5700,0,'Blink',0,1300,0,'Blink',0,1000,0,'Blink',0,900,0,'Blink',0,900,0,'Blink',0,4800,0,'Blink',0,700,0,'Blink',0,800,0,'Blink',0,800,0,'Blink',0,900,0,'Blink',0,900,0,'Blink',0,900,0,'Blink',0,4800,0,'Blink',0,800,0,'Blink',0,800,0,'Blink',0,800,0,'Blink',0,800,0,'Blink',0,700,0,'Blink',0,800,0,'Blink',0,900,0,'Blink',0,4900,0,'Blink',0,900,0,'Blink',0,900,0,'Blink',0,1000,0,'Blink',0,1000,0,'Blink',0,1000,0,'Blink',0,5200,0,'Blink',0,1200,0,'Blink',0,1200,0,'Blink',0,1200,0,'Blink',0,1200,0,'Blink',0,5200,0,'Blink',0,1200,0,'Blink',0,1200,0,'Blink',0,1200,0,'Blink',0,1200,0,'Blink',0,5200,0,'Blink',0,1200,0,'Blink',0,1200,0,'Blink',0,1200,0,'Blink',0,1200,0,'Blink',0,5200,0,'Blink',0,1200,0,'Blink',0,1200,0,'Blink',0,1200,0,'Blink',0,1100,0,'Blink',0,5100,0,'Blink',0,1000,0,'Blink',0,1000,0,'Blink',0,1000,0,'Blink',0,1000,0,'Blink',0,1100,0,'Blink',0,5000,0,'Blink',0,1000,0,'Blink',0,900,0,'Blink',0,900,0,'Blink',0,900,0,'Blink',0,900,0,'Blink',0,4900,0,'Blink',0,800,0,'Blink',0,900,0,'Blink',0,900,0,'Blink',0,800,0,'Blink',0,900,0,'Blink',0,900,0,'Blink',0,5000,0,'Blink',0,1100,0,'Blink',0,1200,0,'Blink',0,1100,0,'Blink',0,1200,0,'Blink',0,5200,0,'Blink',0,1200,0,'Blink',0,1300,0,'Blink',0,1300,0,'Blink',0,1200,0,'Blink',0,5300,0,'Blink',0,1500,0,'Blink',0,1500,0,'Blink',0,1500,0,'Blink',0,5500,0,'Blink',0,1500,0,'Blink',0,1600,0,'Blink',0,1500,0,'Blink',0,5500,0,'Blink',0,1500,0,'Blink',0,2000,0,'Blink',0,2000,0,'Blink',0,6000,0,'Blink',0,2100,0,'Blink',0,7000,0,'Blink',0,3000,0,'Blink',0,7000,0,'Blink',0,3000,0,'Blink',0
'2567',343400,62200,0,'Blink',0,3000,0,'Blink',0,6700,0,'Blink',0,1900,0,'Blink',0,1900,0,'Blink',0,6000,0,'Blink',0,1500,0,'Blink',0,1500,0,'Blink',0,5500,0,'Blink',0,1500,0,'Blink',0,1500,0,'Blink',0,1500,0,'Blink',0,5500,0,'Blink',0,1500,0,'Blink',0,1500,0,'Blink',0,1500,0,'Blink',0,5500,0,'Blink',0,1500,0,'Blink',0,1500,0,'Blink',0,1400,0,'Blink',0,5500,0,'Blink',0,1400,0,'Blink',0,1500,0,'Blink',0,1500,0,'Blink',0,5500,0,'Blink',0,1500,0,'Blink',0,1500,0,'Blink',0,1500,0,'Blink',0,5500,0,'Blink',0,1500,0,'Blink',0,1500,0,'Blink',0,1500,0,'Blink',0,5500,0,'Blink',0,1500,0,'Blink',0,1500,0,'Blink',0,1500,0,'Blink',0,5500,0,'Blink',0,1500,0,'Blink',0,1500,0,'Blink',0,1500,0,'Blink',0,5500,0,'Blink',0,1600,0,'Blink',0,1500,0,'Blink',0,1600,0,'Blink',0,5500,0,'Blink',0,1500,0,'Blink',0,1500,0,'Blink',0,1500,0,'Blink',0,5600,0,'Blink',0,1500,0,'Blink',0,1500,0,'Blink',0,1500,0,'Blink',0,5500,0,'Blink',0,1500,0,'Blink',0,1600,0,'Blink',0,1500,0,'Blink',0,5500,0,'Blink',0,1500,0,'Blink',0,2000,0,'Blink',0,2000,0,'Blink',0,6000,0,'Blink',0,2100,0,'Blink',0,7000,0,'Blink',0,3000,0,'Blink',0,7000,0,'Blink',0
'2568',343400,51500,0,'Blink',0,2500,0,'Blink',0,1700,0,'Blink',0,5700,0,'Blink',0,1300,0,'Blink',0,1000,0,'Blink',0,900,0,'Blink',0,900,0,'Blink',0,4800,0,'Blink',0,700,0,'Blink',0,800,0,'Blink',0,800,0,'Blink',0,900,0,'Blink',0,900,0,'Blink',0,900,0,'Blink',0,4800,0,'Blink',0,800,0,'Blink',0,800,0,'Blink',0,800,0,'Blink',0,800,0,'Blink',0,700,0,'Blink',0,800,0,'Blink',0,900,0,'Blink',0,4900,0,'Blink',0,900,0,'Blink',0,900,0,'Blink',0,1000,0,'Blink',0,1000,0,'Blink',0,1000,0,'Blink',0,5200,0,'Blink',0,1200,0,'Blink',0,1200,0,'Blink',0,1200,0,'Blink',0,1200,0,'Blink',0,5200,0,'Blink',0,1200,0,'Blink',0,1200,0,'Blink',0,1200,0,'Blink',0,1200,0,'Blink',0,5200,0,'Blink',0,1200,0,'Blink',0,1200,0,'Blink',0,1200,0,'Blink',0,1200,0,'Blink',0,5200,0,'Blink',0,1200,0,'Blink',0,1200,0,'Blink',0,1200,0,'Blink',0,1100,0,'Blink',0,5100,0,'Blink',0,1000,0,'Blink',0,1000,0,'Blink',0,1000,0,'Blink',0,1000,0,'Blink',0,1100,0,'Blink',0,5000,0,'Blink',0,1000,0,'Blink',0,900,0,'Blink',0,900,0,'Blink',0,900,0,'Blink',0,900,0,'Blink',0,4900,0,'Blink',0,800,0,'Blink',0,900,0,'Blink',0,900,0,'Blink',0,800,0,'Blink',0,900,0,'Blink',0,900,0,'Blink',0,5000,0,'Blink',0,1100,0,'Blink',0,1200,0,'Blink',0,1100,0,'Blink',0,1200,0,'Blink',0,5200,0,'Blink',0,1200,0,'Blink',0,1300,0,'Blink',0,1300,0,'Blink',0,1200,0,'Blink',0,5300,0,'Blink',0,1500,0,'Blink',0,1500,0,'Blink',0,1500,0,'Blink',0,5500,0,'Blink',0,1500,0,'Blink',0,1600,0,'Blink',0,1500,0,'Blink',0,5500,0,'Blink',0,1500,0,'Blink',0,2000,0,'Blink',0,2000,0,'Blink',0,6000,0,'Blink',0,2100,0,'Blink',0,7000,0,'Blink',0,3000,0,'Blink',0,7000,0,'Blink',0,3000,0,'Blink',0
