'592',10000,55700,4,'',0,8500,4,'',0,8700,4,'',0,8800,4,'',0,8300,4,'',0,4400,4,'',0,8500,4,'',0,8500,4,'',0,4500,4,'',0,8600,4,'',0,8500,4,'',0,8600,4,'',0,9600,4,'',0,3500,4,'',0,8400,4,'',0,8600,4,'',0,8400,4,'',0,4700,4,'',0,7000,4,'',0,9000,4,'',0,10400,4,'',0,11000,4,'',0
'592',10001,55700,,'',0,8500,,'',0,8700,,'',0,8400,,'',0,400,,'',0,8300,,'',0,4400,,'',0,8500,,'',0,8500,,'',0,4500,,'',0,8600,,'',0,8500,,'',0,8600,,'',0,9600,,'',0,3500,,'',0,8400,,'',0,8600,,'',0,8400,,'',0,4700,,'',0,7000,,'',0,9000,,'',0,10400,,'',0,11000,,'',0
'593',10000,55700,4,'',0,8500,4,'',0,8700,4,'',0,8800,4,'',0,8300,4,'',0,4400,4,'',0,8500,4,'',0,8500,4,'',0,4500,4,'',0,8600,4,'',0,8500,4,'',0,8600,4,'',0,9600,4,'',0,3500,4,'',0,8400,4,'',0,8600,4,'',0,8400,4,'',0,4700,4,'',0,7000,4,'',0,9000,4,'',0,10400,4,'',0,11000,4,'',0
'593',10001,55700,,'',0,8500,,'',0,8700,,'',0,8400,,'',0,400,,'',0,8300,,'',0,4400,,'',0,8500,,'',0,8500,,'',0,4500,,'',0,8600,,'',0,8500,,'',0,8600,,'',0,9600,,'',0,3500,,'',0,8400,,'',0,8600,,'',0,8400,,'',0,4700,,'',0,7000,,'',0,9000,,'',0,10400,,'',0,11000,,'',0
'594',10000,55700,4,'',0,8500,4,'',0,8700,4,'',0,8800,4,'',0,8300,4,'',0,4400,4,'',0,8500,4,'',0,8500,4,'',0,4500,4,'',0,8600,4,'',0,8500,4,'',0,8600,4,'',0,9600,4,'',0,3500,4,'',0,8400,4,'',0,8600,4,'',0,8400,4,'',0,4700,4,'',0,7000,4,'',0,9000,4,'',0,10400,4,'',0,11000,4,'',0
'594',10001,55700,,'',0,8500,,'',0,8700,,'',0,8400,,'',0,400,,'',0,8300,,'',0,4400,,'',0,8500,,'',0,8500,,'',0,4500,,'',0,8600,,'',0,8500,,'',0,8600,,'',0,9600,,'',0,3500,,'',0,8400,,'',0,8600,,'',0,8400,,'',0,4700,,'',0,7000,,'',0,9000,,'',0,10400,,'',0,11000,,'',0
'595',10000,55700,4,'',0,8500,4,'',0,8700,4,'',0,8800,4,'',0,8300,4,'',0,4400,4,'',0,8500,4,'',0,8500,4,'',0,4500,4,'',0,8600,4,'',0,8500,4,'',0,8600,4,'',0,9600,4,'',0,3500,4,'',0,8400,4,'',0,8600,4,'',0,8400,4,'',0,4700,4,'',0,7000,4,'',0,9000,4,'',0,10400,4,'',0,11000,4,'',0
'595',10001,55700,,'',0,8500,,'',0,8700,,'',0,8400,,'',0,400,,'',0,8300,,'',0,4400,,'',0,8500,,'',0,8500,,'',0,4500,,'',0,8600,,'',0,8500,,'',0,8600,,'',0,9600,,'',0,3500,,'',0,8400,,'',0,8600,,'',0,8400,,'',0,4700,,'',0,7000,,'',0,9000,,'',0,10400,,'',0,11000,,'',0
'596',10000,55700,4,'',0,8500,4,'',0,8700,4,'',0,8800,4,'',0,8300,4,'',0,4400,4,'',0,8500,4,'',0,8500,4,'',0,4500,4,'',0,8600,4,'',0,8500,4,'',0,8600,4,'',0,9600,4,'',0,3500,4,'',0,8400,4,'',0,8600,4,'',0,8400,4,'',0,4700,4,'',0,7000,4,'',0,9000,4,'',0,10400,4,'',0,11000,4,'',0
'596',10001,55700,,'',0,8500,,'',0,8700,,'',0,8400,,'',0,400,,'',0,8300,,'',0,4400,,'',0,8500,,'',0,8500,,'',0,4500,,'',0,8600,,'',0,8500,,'',0,8600,,'',0,9600,,'',0,3500,,'',0,8400,,'',0,8600,,'',0,8400,,'',0,4700,,'',0,7000,,'',0,9000,,'',0,10400,,'',0,11000,,'',0
'597',10000,72700,4,'',0,10200,4,'',0,10500,4,'',0,10100,4,'',0,10500,4,'',0,10500,4,'',0,10500,4,'',0,10500,4,'',0,14500,4,'',0,10500,4,'',0,9500,4,'',0,11200,4,'',0,10000,4,'',0,10000,4,'',0,11000,4,'',0
'597',10001,62700,,'',0,10000,,'',0,10200,,'',0,10500,,'',0,10100,,'',0,10500,,'',0,10500,,'',0,10500,,'',0,10500,,'',0,14500,,'',0,10500,,'',0,9500,,'',0,11200,,'',0,10000,,'',0,10000,,'',0,11000,,'',0
'598',10000,72700,4,'',0,10200,4,'',0,10500,4,'',0,10100,4,'',0,10500,4,'',0,10500,4,'',0,10500,4,'',0,10500,4,'',0,14500,4,'',0,10500,4,'',0,9500,4,'',0,11200,4,'',0,10000,4,'',0,10000,4,'',0,4500,4,'',0
'598',10001,72700,,'',0,10200,,'',0,10500,,'',0,10100,,'',0,10500,,'',0,10500,,'',0,10500,,'',0,10500,,'',0,14500,,'',0,10500,,'',0,9500,,'',0,11200,,'',0,10000,,'',0,10000,,'',0,4500,,'',0
'599',10000,72700,4,'',0,10200,4,'',0,10500,4,'',0,10100,4,'',0,10500,4,'',0,10500,4,'',0,10500,4,'',0,10500,4,'',0,14500,4,'',0,10500,4,'',0,9500,4,'',0,11200,4,'',0,10000,4,'',0,10000,4,'',0,11000,4,'',0
'599',10001,62700,,'',0,10000,,'',0,10200,,'',0,10500,,'',0,10100,,'',0,10500,,'',0,10500,,'',0,10500,,'',0,10500,,'',0,14500,,'',0,10500,,'',0,9500,,'',0,11200,,'',0,10000,,'',0,10000,,'',0,11000,,'',0
'600',10000,72700,4,'',0,10200,4,'',0,10500,4,'',0,10100,4,'',0,10500,4,'',0,10500,4,'',0,10500,4,'',0,10500,4,'',0,14500,4,'',0,10500,4,'',0,9500,4,'',0,11200,4,'',0,10000,4,'',0,10000,4,'',0,4500,4,'',0
'600',10001,72700,,'',0,10200,,'',0,10500,,'',0,10100,,'',0,10500,,'',0,10500,,'',0,10500,,'',0,10500,,'',0,14500,,'',0,10500,,'',0,9500,,'',0,11200,,'',0,10000,,'',0,10000,,'',0,4500,,'',0
'601',10000,72700,4,'',0,10200,4,'',0,10500,4,'',0,10100,4,'',0,10500,4,'',0,10500,4,'',0,10500,4,'',0,10500,4,'',0,14500,4,'',0,10500,4,'',0,9500,4,'',0,11200,4,'',0,10000,4,'',0,10000,4,'',0,11000,4,'',0
'601',10001,62700,,'',0,10000,,'',0,10200,,'',0,10500,,'',0,10100,,'',0,10500,,'',0,10500,,'',0,10500,,'',0,10500,,'',0,14500,,'',0,10500,,'',0,9500,,'',0,11200,,'',0,10000,,'',0,10000,,'',0,11000,,'',0
