'2729',100,72700,4,'',0,7600,4,'',0,73100,4,'',0,9300,4,'',0,8000,4,'',0
'2729',101,64500,,'',0,8200,,'',0,9000,,'',0,72900,,'',0,8100,,'',0
'2734',100,72700,4,'',0,7600,4,'',0,73100,4,'',0,9300,4,'',0,8000,4,'',0
'2734',101,64500,,'',0,8200,,'',0,9000,,'',0,72900,,'',0,8100,,'',0
'2763',100,70300,4,'',0,4800,4,'',0,77900,4,'',0,8400,4,'',0,9200,4,'',0
'2763',101,62300,,'',0,8800,,'',0,9200,,'',0,72900,,'',0,9000,,'',0
'2768',100,70300,4,'',0,4800,4,'',0,77900,4,'',0,8400,4,'',0,9200,4,'',0
'2768',101,62300,,'',0,8800,,'',0,9200,,'',0,72900,,'',0,9000,,'',0
'2275',200,73000,4,'',0,12000,4,'',0,16300,4,'',0,12000,4,'',0,7800,4,'',0,3700,4,'',0,7600,4,'',0,7600,4,'',0,3600,4,'',0,7600,4,'',0,3600,4,'',0,7600,4,'',0,7600,4,'',0,3600,4,'',0,9200,4,'',0,8200,4,'',0,4000,4,'',0,7800,4,'',0,7900,4,'',0,3900,4,'',0,8000,4,'',0,8000,4,'',0,3800,4,'',0
'2275',201,63200,,'',0,11600,,'',0,15800,,'',0,11700,,'',0,3600,,'',0,9300,,'',0,7600,,'',0,7600,,'',0,3600,,'',0,7600,,'',0,3600,,'',0,7600,,'',0,7600,,'',0,3600,,'',0,7600,,'',0,4200,,'',0,8300,,'',0,8000,,'',0,8000,,'',0,4000,,'',0,8000,,'',0,8100,,'',0,4200,,'',0,8000,,'',0
'2729',200,62300,4,'',0,2000,4,'',0,7600,4,'',0,2900,4,'',0,7000,4,'',0,2700,4,'',0,8300,4,'',0,7600,4,'',0,3700,4,'',0,7600,4,'',0,3700,4,'',0,7600,4,'',0,7700,4,'',0,3600,4,'',0,7600,4,'',0,3000,4,'',0,7000,4,'',0,3000,4,'',0,7100,4,'',0,3200,4,'',0,7200,4,'',0,3000,4,'',0,7600,4,'',0,8000,4,'',0,3600,4,'',0,7900,4,'',0,8000,4,'',0,4000,4,'',0,8000,4,'',0,8000,4,'',0,3900,4,'',0,7900,4,'',0
'2729',201,60000,,'',0,3000,,'',0,1500,,'',0,6500,,'',0,2500,,'',0,6700,,'',0,3200,,'',0,7700,,'',0,3500,,'',0,7600,,'',0,3600,,'',0,7500,,'',0,7600,,'',0,3600,,'',0,8600,,'',0,7000,,'',0,2900,,'',0,7000,,'',0,3300,,'',0,7300,,'',0,3200,,'',0,8100,,'',0,8200,,'',0,4100,,'',0,8000,,'',0,8100,,'',0,4000,,'',0,8000,,'',0,8000,,'',0,4100,,'',0,8100,,'',0,8000,,'',0
'2734',200,62300,4,'',0,2000,4,'',0,7600,4,'',0,2900,4,'',0,7000,4,'',0,2700,4,'',0,8300,4,'',0,7600,4,'',0,3700,4,'',0,7600,4,'',0,3700,4,'',0,7600,4,'',0,7700,4,'',0,3600,4,'',0,7600,4,'',0,3000,4,'',0,7000,4,'',0,3000,4,'',0,7100,4,'',0,3200,4,'',0,7200,4,'',0,3000,4,'',0,7600,4,'',0,8000,4,'',0,3600,4,'',0,7900,4,'',0,8000,4,'',0,4000,4,'',0,8000,4,'',0,8000,4,'',0,3900,4,'',0,7900,4,'',0
'2734',201,60000,,'',0,3000,,'',0,1500,,'',0,6500,,'',0,2500,,'',0,6700,,'',0,3200,,'',0,7700,,'',0,3500,,'',0,7600,,'',0,3600,,'',0,7500,,'',0,7600,,'',0,3600,,'',0,8600,,'',0,7000,,'',0,2900,,'',0,7000,,'',0,3300,,'',0,7300,,'',0,3200,,'',0,8100,,'',0,8200,,'',0,4100,,'',0,8000,,'',0,8100,,'',0,4000,,'',0,8000,,'',0,8000,,'',0,4100,,'',0,8100,,'',0,8000,,'',0
'2735',200,62500,4,'',0,10600,4,'',0,12100,4,'',0,15800,4,'',0,4000,4,'',0,8000,4,'',0,7600,4,'',0,3600,4,'',0,7700,4,'',0,3800,4,'',0,7600,4,'',0,7700,4,'',0,3700,4,'',0,7600,4,'',0,7700,4,'',0,3500,4,'',0,9500,4,'',0,8000,4,'',0,4000,4,'',0,7800,4,'',0,7900,4,'',0,3900,4,'',0,8000,4,'',0,8000,4,'',0,3800,4,'',0,7900,4,'',0
'2735',201,63200,,'',0,11500,,'',0,15500,,'',0,3900,,'',0,9500,,'',0,7600,,'',0,3500,,'',0,7500,,'',0,3700,,'',0,7500,,'',0,7800,,'',0,3600,,'',0,7600,,'',0,7800,,'',0,3600,,'',0,7800,,'',0,4300,,'',0,8100,,'',0,8000,,'',0,8100,,'',0,4000,,'',0,8000,,'',0,8100,,'',0,4200,,'',0,8000,,'',0,8100,,'',0
'2763',200,61800,4,'',0,2300,4,'',0,7200,4,'',0,2000,4,'',0,7200,4,'',0,3300,4,'',0,8300,4,'',0,3700,4,'',0,7700,4,'',0,7700,4,'',0,4000,4,'',0,8000,4,'',0,7700,4,'',0,4100,4,'',0,8100,4,'',0,8100,4,'',0,3600,4,'',0,7600,4,'',0,7600,4,'',0,3400,4,'',0,8900,4,'',0,8700,4,'',0,3900,4,'',0,8300,4,'',0,7900,4,'',0,4200,4,'',0,7900,4,'',0,7900,4,'',0,3800,4,'',0,8000,4,'',0
'2763',201,55200,,'',0,7400,,'',0,2900,,'',0,6800,,'',0,2700,,'',0,6900,,'',0,3900,,'',0,7600,,'',0,7600,,'',0,4000,,'',0,7500,,'',0,8000,,'',0,4000,,'',0,7900,,'',0,9500,,'',0,3500,,'',0,7500,,'',0,7900,,'',0,3500,,'',0,7500,,'',0,3700,,'',0,8300,,'',0,8300,,'',0,8400,,'',0,4200,,'',0,8100,,'',0,8000,,'',0,4300,,'',0,8000,,'',0,7200,,'',0
'2768',200,61800,4,'',0,2300,4,'',0,7200,4,'',0,2000,4,'',0,7200,4,'',0,3300,4,'',0,8300,4,'',0,3700,4,'',0,7700,4,'',0,7700,4,'',0,4000,4,'',0,8000,4,'',0,7700,4,'',0,4100,4,'',0,8100,4,'',0,8100,4,'',0,3600,4,'',0,7600,4,'',0,7600,4,'',0,3400,4,'',0,8900,4,'',0,8700,4,'',0,3900,4,'',0,8300,4,'',0,7900,4,'',0,4200,4,'',0,7900,4,'',0,7900,4,'',0,3800,4,'',0,8000,4,'',0
'2768',201,55200,,'',0,7400,,'',0,2900,,'',0,6800,,'',0,2700,,'',0,6900,,'',0,3900,,'',0,7600,,'',0,7600,,'',0,4000,,'',0,7500,,'',0,8000,,'',0,4000,,'',0,7900,,'',0,9500,,'',0,3500,,'',0,7500,,'',0,7900,,'',0,3500,,'',0,7500,,'',0,3700,,'',0,8300,,'',0,8300,,'',0,8400,,'',0,4200,,'',0,8100,,'',0,8000,,'',0,4300,,'',0,8000,,'',0,7200,,'',0
'2769',200,62400,4,'',0,11100,4,'',0,12400,4,'',0,8100,4,'',0,8800,4,'',0,8000,4,'',0,4000,4,'',0,8100,4,'',0,8000,4,'',0,4100,4,'',0,8100,4,'',0,8100,4,'',0,4000,4,'',0,7900,4,'',0,7900,4,'',0,3900,4,'',0,7400,4,'',0,8000,4,'',0,3400,4,'',0,9400,4,'',0,8000,4,'',0,4500,4,'',0,8000,4,'',0,8000,4,'',0,3700,4,'',0,7800,4,'',0
'2769',201,63400,,'',0,11800,,'',0,16100,,'',0,3900,,'',0,9600,,'',0,7800,,'',0,8000,,'',0,3800,,'',0,7800,,'',0,8100,,'',0,4000,,'',0,8200,,'',0,8100,,'',0,3600,,'',0,8100,,'',0,8100,,'',0,3800,,'',0,7600,,'',0,4000,,'',0,8500,,'',0,8100,,'',0,8100,,'',0,4400,,'',0,8100,,'',0,7600,,'',0
'2770',200,72000,4,'',0,12200,4,'',0,16300,4,'',0,10100,4,'',0,4100,4,'',0,8100,4,'',0,8000,4,'',0,4000,4,'',0,8200,4,'',0,8000,4,'',0,4000,4,'',0,8000,4,'',0,7900,4,'',0,3900,4,'',0,7300,4,'',0,7900,4,'',0,5400,4,'',0,8000,4,'',0,8000,4,'',0,3800,4,'',0,8000,4,'',0,7900,4,'',0,3900,4,'',0
'2770',201,61900,,'',0,11900,,'',0,11700,,'',0,17500,,'',0,10000,,'',0,7900,,'',0,3900,,'',0,7900,,'',0,8100,,'',0,4000,,'',0,8000,,'',0,8100,,'',0,3600,,'',0,8100,,'',0,8100,,'',0,3700,,'',0,8200,,'',0,8000,,'',0,4100,,'',0,8000,,'',0,8100,,'',0,4200,,'',0,8200,,'',0
'2771',200,72000,4,'',0,12200,4,'',0,16300,4,'',0,10100,4,'',0,4100,4,'',0,8100,4,'',0,8000,4,'',0,4000,4,'',0,8200,4,'',0,8000,4,'',0,4000,4,'',0,8000,4,'',0,7900,4,'',0,3900,4,'',0,7300,4,'',0,7900,4,'',0,5400,4,'',0,8000,4,'',0,8000,4,'',0,3800,4,'',0,8000,4,'',0,7900,4,'',0,3900,4,'',0
'2771',201,61900,,'',0,11900,,'',0,11700,,'',0,17500,,'',0,10000,,'',0,7900,,'',0,3900,,'',0,7900,,'',0,8100,,'',0,4000,,'',0,8000,,'',0,8100,,'',0,3600,,'',0,8100,,'',0,8100,,'',0,3700,,'',0,8200,,'',0,8000,,'',0,4100,,'',0,8000,,'',0,8100,,'',0,4200,,'',0,8200,,'',0
