'1781',2700,62400,4,'',0,7800,4,'',0,3000,4,'',0,7100,4,'',0,2700,4,'',0,2700,4,'',0,6500,4,'',0,2700,4,'',0,6600,4,'',0,2600,4,'',0,6400,4,'',0,2500,4,'',0,2600,4,'',0,6500,4,'',0,2500,4,'',0,6400,4,'',0,2700,4,'',0,6600,4,'',0,2600,4,'',0,2300,4,'',0,6000,4,'',0,2000,4,'',0,2000,4,'',0,6000,4,'',0,2100,4,'',0,2000,4,'',0,6000,4,'',0,2000,4,'',0,2000,4,'',0,6000,4,'',0,1800,4,'',0,2000,4,'',0,6000,4,'',0,2300,4,'',0,7000,4,'',0,3000,4,'',0,6900,4,'',0,3000,4,'',0,7100,4,'',0,3200,4,'',0,7000,4,'',0,3000,4,'',0,6900,4,'',0,3100,4,'',0,7000,4,'',0,3000,4,'',0,7000,4,'',0,3000,4,'',0,6900,4,'',0
'1781',2701,62400,,'',0,7800,,'',0,3000,,'',0,7100,,'',0,2700,,'',0,2700,,'',0,6500,,'',0,2700,,'',0,6600,,'',0,2600,,'',0,6400,,'',0,2500,,'',0,2600,,'',0,6500,,'',0,2500,,'',0,6400,,'',0,2700,,'',0,6600,,'',0,2600,,'',0,2300,,'',0,6000,,'',0,2000,,'',0,2000,,'',0,6000,,'',0,2100,,'',0,2000,,'',0,6000,,'',0,2000,,'',0,2000,,'',0,6000,,'',0,1800,,'',0,2000,,'',0,6000,,'',0,2300,,'',0,7000,,'',0,3000,,'',0,6900,,'',0,3000,,'',0,7100,,'',0,3200,,'',0,7000,,'',0,3000,,'',0,6900,,'',0,3100,,'',0,7000,,'',0,3000,,'',0,7000,,'',0,3000,0,'Hillside',0,6900,0,'Hillside',0
'2087',2700,52200,4,'',0,8400,4,'',0,3400,4,'',0,1800,4,'',0,5800,4,'',0,1900,4,'',0,2000,4,'',0,5900,4,'',0,2100,4,'',0,6500,4,'',0,2400,4,'',0,2500,4,'',0,6500,4,'',0,2500,4,'',0,6500,4,'',0,2600,4,'',0,2600,4,'',0,6500,4,'',0,2500,4,'',0,6600,4,'',0,2500,4,'',0,6500,4,'',0,2200,4,'',0,2000,4,'',0,6000,4,'',0,1900,4,'',0,200,4,'',0,1700,4,'',0,6000,4,'',0,1900,4,'',0,2000,4,'',0,6100,4,'',0,1800,4,'',0,1900,4,'',0,1900,4,'',0,5700,4,'',0,1900,4,'',0,1900,4,'',0,5600,4,'',0,9500,4,'',0,3000,4,'',0,9900,4,'',0,7000,4,'',0,10600,4,'',0,3900,4,'',0,7800,4,'',0
'2087',2701,52200,,'',0,8400,,'',0,3400,,'',0,1800,,'',0,5800,,'',0,1900,,'',0,2000,,'',0,5900,,'',0,2100,,'',0,6500,,'',0,2400,,'',0,2500,,'',0,6500,,'',0,2500,,'',0,6500,,'',0,2600,,'',0,2600,,'',0,6500,,'',0,2500,,'',0,6600,,'',0,2500,,'',0,6500,,'',0,2200,,'',0,2000,,'',0,6000,,'',0,1900,,'',0,200,,'',0,1700,,'',0,6000,,'',0,1900,,'',0,2000,,'',0,6100,,'',0,1800,,'',0,1900,,'',0,1900,0,'McKenzie',0,5700,,'',0,1900,,'',0,1900,,'',0,5600,,'',0,9500,,'',0,3000,,'',0,9900,,'',0,7000,,'',0,10600,,'',0,3900,,'',0,7800,,'',0
'2089',2700,52200,4,'',0,8400,4,'',0,3400,4,'',0,1800,4,'',0,5800,4,'',0,1900,4,'',0,2000,4,'',0,5900,4,'',0,2100,4,'',0,6500,4,'',0,2400,4,'',0,2500,4,'',0,6500,4,'',0,2500,4,'',0,6500,4,'',0,2600,4,'',0,2600,4,'',0,6500,4,'',0,2500,4,'',0,6600,4,'',0,2500,4,'',0,6500,4,'',0,200,4,'',0,2000,4,'',0,2000,4,'',0,6000,4,'',0,1900,4,'',0,1900,4,'',0,6000,4,'',0,1900,4,'',0,2000,4,'',0,6100,4,'',0,1800,4,'',0,1900,4,'',0,1900,4,'',0,5700,4,'',0,1900,4,'',0,1900,4,'',0,5600,4,'',0,2500,4,'',0,7000,4,'',0,3000,4,'',0,6900,4,'',0,3000,4,'',0,7000,4,'',0,3000,4,'',0,7600,4,'',0,3900,4,'',0,7800,4,'',0,8000,4,'',0,4000,4,'',0,8000,4,'',0,7900,4,'',0
'2089',2701,52200,,'',0,8400,,'',0,3400,,'',0,1800,,'',0,5800,,'',0,1900,,'',0,2000,,'',0,5900,,'',0,2100,,'',0,6500,,'',0,2400,,'',0,2500,,'',0,6500,,'',0,2500,,'',0,6500,,'',0,2600,,'',0,2600,,'',0,6500,,'',0,2500,,'',0,6600,,'',0,2500,,'',0,6500,,'',0,200,,'',0,2000,,'',0,2000,,'',0,6000,,'',0,1900,,'',0,1900,,'',0,6000,,'',0,1900,,'',0,2000,,'',0,6100,,'',0,1800,,'',0,1900,,'',0,1900,0,'McKenzie',0,5700,,'',0,1900,,'',0,1900,,'',0,5600,,'',0,2500,,'',0,7000,,'',0,3000,,'',0,6900,,'',0,3000,,'',0,7000,,'',0,3000,,'',0,7600,,'',0,3900,,'',0,7800,,'',0,8000,,'',0,4000,,'',0,8000,0,'Hillside',0,7900,0,'Hillside',0
'2294',2700,65200,4,'',0,8000,4,'',0,7000,4,'',0,3000,4,'',0,7000,4,'',0,3200,4,'',0,2400,4,'',0,6600,4,'',0,2700,4,'',0,6700,4,'',0,2700,4,'',0,6400,4,'',0,2400,4,'',0,2500,4,'',0,6600,4,'',0,2500,4,'',0,6600,4,'',0,2500,4,'',0,6500,4,'',0,2500,4,'',0,2500,4,'',0,6500,4,'',0,2400,4,'',0,6500,4,'',0,2400,4,'',0,2400,4,'',0,6600,4,'',0,2600,4,'',0,7000,4,'',0,3000,4,'',0,7000,4,'',0,3200,4,'',0,7900,4,'',0,8000,4,'',0,4000,4,'',0,8300,4,'',0,9300,4,'',0
'2294',2701,65200,,'',0,8000,,'',0,7000,,'',0,3000,,'',0,7000,,'',0,3200,,'',0,2400,,'',0,6600,,'',0,2700,,'',0,6700,,'',0,2700,,'',0,6400,,'',0,2400,,'',0,2500,,'',0,6600,,'',0,2500,,'',0,6600,,'',0,2500,,'',0,6500,,'',0,2500,,'',0,2500,,'',0,6500,,'',0,2400,,'',0,6500,,'',0,2400,,'',0,2400,,'',0,6600,,'',0,2600,,'',0,7000,,'',0,3000,,'',0,7000,,'',0,3200,,'',0,7900,,'',0,8000,,'',0,4000,,'',0,8300,,'',0,9300,0,'Hillside',0
'2765',2700,193400,4,'',0,16900,4,'',0,13000,4,'',0
'2765',2701,193400,,'',0,16900,,'',0,13000,,'',0
'2766',2700,193400,4,'',0,16900,4,'',0,13000,4,'',0
'2766',2701,193400,,'',0,16900,,'',0,13000,,'',0
'2087',2800,164200,,'',0,7600,,'',0,9300,,'',0
'2089',2800,164200,,'',0,7600,,'',0,9300,,'',0
