'2097',7100,93100,4,'',0,10200,4,'',0,10100,4,'',0,10000,4,'',0,10000,4,'',0,10000,4,'',0,10000,4,'',0,10000,4,'',0,10000,4,'',0,10100,4,'',0,9900,4,'',0
'2097',7101,90500,,'',0,10000,,'',0,10000,,'',0,10000,,'',0,10000,,'',0,10000,,'',0,10000,,'',0,10000,,'',0,10000,,'',0,10200,,'',0,10000,,'',0
'2181',7100,93100,4,'',0,10200,4,'',0,10100,4,'',0,10100,4,'',0,10000,4,'',0,9900,4,'',0,10000,4,'',0,10000,4,'',0,10000,4,'',0,10100,4,'',0,9900,4,'',0
'2181',7101,90500,,'',0,10000,,'',0,10000,,'',0,10100,,'',0,10000,,'',0,9900,,'',0,10000,,'',0,10000,,'',0,10000,,'',0,10200,,'',0,10000,,'',0
'2276',7100,93100,4,'',0,10200,4,'',0,10100,4,'',0,10000,4,'',0,10000,4,'',0,10000,4,'',0,10000,4,'',0,10000,4,'',0,10000,4,'',0,10100,4,'',0,9900,4,'',0
'2276',7101,90500,,'',0,10000,,'',0,10000,,'',0,10000,,'',0,10000,,'',0,10000,,'',0,10000,,'',0,10000,,'',0,10000,,'',0,10200,,'',0,10000,,'',0
'2506',7100,93100,4,'',0,10200,4,'',0,10100,4,'',0,10000,4,'',0,10000,4,'',0,10000,4,'',0,10000,4,'',0,10000,4,'',0,10000,4,'',0,10100,4,'',0,9900,4,'',0
'2506',7101,90500,,'',0,10000,,'',0,10000,,'',0,10000,,'',0,10000,,'',0,10000,,'',0,10000,,'',0,10000,,'',0,10000,,'',0,10200,,'',0,10000,,'',0
'2507',7100,93100,4,'',0,10200,4,'',0,10100,4,'',0,10100,4,'',0,10000,4,'',0,9900,4,'',0,10000,4,'',0,10000,4,'',0,10000,4,'',0,10100,4,'',0,9900,4,'',0
'2507',7101,90500,,'',0,10000,,'',0,10000,,'',0,10100,,'',0,10000,,'',0,9900,,'',0,10000,,'',0,10000,,'',0,10000,,'',0,10200,,'',0,10000,,'',0
'2509',7100,64100,4,'',0,7100,4,'',0,3800,4,'',0,5100,4,'',0,1900,4,'',0,1400,4,'',0,2000,4,'',0,5200,4,'',0,1000,4,'',0,1100,4,'',0,900,4,'',0,1400,4,'',0,5400,4,'',0,3000,4,'',0,7000,4,'',0,3000,4,'',0,7000,4,'',0,3000,4,'',0,7000,4,'',0,3100,4,'',0,7100,4,'',0,3000,4,'',0,6500,4,'',0,3200,4,'',0,9800,4,'',0,8000,4,'',0,4800,4,'',0,7400,4,'',0,10000,4,'',0
'2509',7101,64500,,'',0,7800,,'',0,8200,,'',0,3000,,'',0,7000,,'',0,3000,,'',0,7000,,'',0,3000,,'',0,7000,,'',0,3000,,'',0,7000,,'',0,3000,,'',0,7000,,'',0,3000,,'',0,7000,,'',0,2500,,'',0,2000,,'',0,5000,,'',0,3000,,'',0,7000,,'',0,2000,,'',0,2000,,'',0,6000,,'',0,2800,,'',0,7900,,'',0,3000,,'',0,7000,,'',0
'2511',7100,64100,4,'',0,7100,4,'',0,3800,4,'',0,5100,4,'',0,1900,4,'',0,1400,4,'',0,2000,4,'',0,5200,4,'',0,1000,4,'',0,1100,4,'',0,900,4,'',0,1400,4,'',0,5400,4,'',0,3000,4,'',0,7000,4,'',0,3000,4,'',0,7000,4,'',0,3000,4,'',0,7000,4,'',0,3100,4,'',0,7100,4,'',0,3000,4,'',0,6500,4,'',0,3200,4,'',0,9800,4,'',0,8000,4,'',0,4800,4,'',0,7400,4,'',0,10000,4,'',0
'2511',7101,64500,,'',0,7800,,'',0,8200,,'',0,3000,,'',0,7000,,'',0,3000,,'',0,7000,,'',0,3000,,'',0,7000,,'',0,3000,,'',0,7000,,'',0,3000,,'',0,7000,,'',0,3000,,'',0,7000,,'',0,2500,,'',0,2000,,'',0,5000,,'',0,3000,,'',0,7000,,'',0,2000,,'',0,2000,,'',0,6000,,'',0,2800,,'',0,7900,,'',0,3000,,'',0,7000,,'',0
'2512',7100,64100,4,'',0,7100,4,'',0,3800,4,'',0,5100,4,'',0,1900,4,'',0,1400,4,'',0,2000,4,'',0,5200,4,'',0,1000,4,'',0,1100,4,'',0,900,4,'',0,1400,4,'',0,5400,4,'',0,3000,4,'',0,7000,4,'',0,3000,4,'',0,7000,4,'',0,3000,4,'',0,7000,4,'',0,3100,4,'',0,7100,4,'',0,3000,4,'',0,6500,4,'',0,3200,4,'',0,9800,4,'',0,8000,4,'',0,4800,4,'',0,7400,4,'',0,10000,4,'',0
'2512',7101,64500,,'',0,7800,,'',0,8200,,'',0,3000,,'',0,7000,,'',0,3000,,'',0,7000,,'',0,3000,,'',0,7000,,'',0,3000,,'',0,7000,,'',0,3000,,'',0,7000,,'',0,3000,,'',0,7000,,'',0,2500,,'',0,2000,,'',0,5000,,'',0,3000,,'',0,7000,,'',0,2000,,'',0,2000,,'',0,6000,,'',0,2800,,'',0,7900,,'',0,3000,,'',0,7000,,'',0
'2513',7100,64100,4,'',0,7100,4,'',0,3800,4,'',0,5100,4,'',0,1900,4,'',0,1400,4,'',0,2000,4,'',0,5200,4,'',0,1000,4,'',0,1100,4,'',0,900,4,'',0,1400,4,'',0,5400,4,'',0,3000,4,'',0,7000,4,'',0,3000,4,'',0,7000,4,'',0,3000,4,'',0,7000,4,'',0,3100,4,'',0,7100,4,'',0,3000,4,'',0,6500,4,'',0,3200,4,'',0,9800,4,'',0,8000,4,'',0,4800,4,'',0,7400,4,'',0,10000,4,'',0
'2513',7101,64500,,'',0,7800,,'',0,8200,,'',0,3000,,'',0,7000,,'',0,3000,,'',0,7000,,'',0,3000,,'',0,7000,,'',0,3000,,'',0,7000,,'',0,3000,,'',0,7000,,'',0,3000,,'',0,7000,,'',0,2500,,'',0,2000,,'',0,5000,,'',0,3000,,'',0,7000,,'',0,2000,,'',0,2000,,'',0,6000,,'',0,2800,,'',0,7900,,'',0,3000,,'',0,7000,,'',0
'2514',7100,64100,4,'',0,7100,4,'',0,3800,4,'',0,5100,4,'',0,1900,4,'',0,1400,4,'',0,2000,4,'',0,5200,4,'',0,1000,4,'',0,1100,4,'',0,900,4,'',0,1400,4,'',0,5400,4,'',0,3000,4,'',0,7000,4,'',0,3000,4,'',0,7000,4,'',0,3000,4,'',0,7000,4,'',0,3100,4,'',0,7100,4,'',0,3000,4,'',0,6500,4,'',0,3200,4,'',0,9800,4,'',0,8000,4,'',0,4800,4,'',0,7400,4,'',0,10000,4,'',0
'2514',7101,64500,,'',0,7800,,'',0,8200,,'',0,3000,,'',0,7000,,'',0,3000,,'',0,7000,,'',0,3000,,'',0,7000,,'',0,3000,,'',0,7000,,'',0,3000,,'',0,7000,,'',0,3000,,'',0,7000,,'',0,2500,,'',0,2000,,'',0,5000,,'',0,3000,,'',0,7000,,'',0,2000,,'',0,2000,,'',0,6000,,'',0,2800,,'',0,7900,,'',0,3000,,'',0,7000,,'',0
'2509',7200,92000,,'',0,22500,,'',0,45700,,'',0
'2509',7201,93200,4,'',0,22500,4,'',0,45700,4,'',0
'2511',7200,92000,,'',0,22500,,'',0,45700,,'',0
'2511',7201,93200,4,'',0,22500,4,'',0,45700,4,'',0
'2512',7200,92000,,'',0,22500,,'',0,45700,,'',0
'2512',7201,93200,4,'',0,22500,4,'',0,45700,4,'',0
'2513',7200,92000,,'',0,22500,,'',0,45700,,'',0
'2513',7201,93200,4,'',0,22500,4,'',0,45700,4,'',0
'2514',7200,92000,,'',0,22500,,'',0,45700,,'',0
'2514',7201,93200,4,'',0,22500,4,'',0,45700,4,'',0
