'2097',8000,73200,4,'',0,8800,4,'',0,10000,4,'',0,9700,4,'',0,9100,4,'',0,9500,4,'',0,5600,4,'',0,9500,4,'',0,9400,4,'',0,9400,4,'',0,9500,4,'',0,9900,4,'',0,12100,4,'',0,16300,4,'',0,11800,4,'',0,11600,4,'',0
'2097',8001,73600,,'',0,9500,,'',0,10000,,'',0,9700,,'',0,9600,,'',0,9400,,'',0,9300,,'',0,9500,,'',0,9400,,'',0,5400,,'',0,9600,,'',0,9800,,'',0,16200,,'',0,12300,,'',0,12500,,'',0,16400,,'',0
'2181',8000,81400,4,'',0,11500,4,'',0,11800,4,'',0,15900,4,'',0,12300,4,'',0,12200,4,'',0,16500,4,'',0,12100,4,'',0,11600,4,'',0,15700,4,'',0,12200,4,'',0,11800,4,'',0
'2181',8001,82300,,'',0,11600,,'',0,12000,,'',0,15800,,'',0,12300,,'',0,16200,,'',0,12500,,'',0,12100,,'',0,16400,,'',0,12600,,'',0,16200,,'',0,12000,,'',0
'2252',8000,73200,4,'',0,8800,4,'',0,10000,4,'',0,9700,4,'',0,9100,4,'',0,9500,4,'',0,5600,4,'',0,9500,4,'',0,9400,4,'',0,9400,4,'',0,9500,4,'',0,9900,4,'',0,12100,4,'',0,16300,4,'',0,11800,4,'',0,11600,4,'',0
'2252',8001,73600,,'',0,9500,,'',0,10000,,'',0,9700,,'',0,9600,,'',0,9400,,'',0,9300,,'',0,9500,,'',0,9400,,'',0,5400,,'',0,9600,,'',0,9800,,'',0,16200,,'',0,12300,,'',0,12500,,'',0,16400,,'',0
'2254',8000,81400,4,'',0,11500,4,'',0,11800,4,'',0,15900,4,'',0,12300,4,'',0,12200,4,'',0,16500,4,'',0,12100,4,'',0,11600,4,'',0,15700,4,'',0,12200,4,'',0,11800,4,'',0
'2254',8001,82300,,'',0,11600,,'',0,12000,,'',0,15800,,'',0,12300,,'',0,16200,,'',0,12500,,'',0,12100,,'',0,16400,,'',0,12600,,'',0,16200,,'',0,12000,,'',0
'2276',8000,73200,4,'',0,8800,4,'',0,10000,4,'',0,9700,4,'',0,9100,4,'',0,9500,4,'',0,5600,4,'',0,9500,4,'',0,9400,4,'',0,9400,4,'',0,9500,4,'',0,9900,4,'',0,12100,4,'',0,16300,4,'',0,11800,4,'',0,11600,4,'',0
'2276',8001,73600,,'',0,9500,,'',0,10000,,'',0,9700,,'',0,9600,,'',0,9400,,'',0,9300,,'',0,9500,,'',0,9400,,'',0,5400,,'',0,9600,,'',0,9800,,'',0,16200,,'',0,12300,,'',0,12500,,'',0,16400,,'',0
'2298',8000,64400,4,'',0,7700,4,'',0,3600,4,'',0,7500,4,'',0,6900,4,'',0,4800,4,'',0,9100,4,'',0,9200,4,'',0,9200,4,'',0,9600,4,'',0,9400,4,'',0,9000,4,'',0,5000,4,'',0,7300,4,'',0,7700,4,'',0,3500,4,'',0,8600,4,'',0,9300,4,'',0,10900,4,'',0,11400,4,'',0,11200,4,'',0
'2298',8001,61700,,'',0,4100,,'',0,7400,0,'Shoreline Sch',0,7900,,'',0,9600,,'',0,9300,,'',0,5300,,'',0,9200,,'',0,9200,,'',0,9800,,'',0,9000,,'',0,9100,,'',0,9100,,'',0,3300,,'',0,7800,,'',0,8400,,'',0,3900,,'',0,8800,,'',0,10800,,'',0,12200,,'',0,16200,,'',0
'2474',8000,64400,4,'',0,7700,4,'',0,3600,4,'',0,7500,4,'',0,6900,4,'',0,4800,4,'',0,9100,4,'',0,9200,4,'',0,9200,4,'',0,9600,4,'',0,9400,4,'',0,9000,4,'',0,5000,4,'',0,7300,4,'',0,7700,4,'',0,3500,4,'',0,8600,4,'',0,9300,4,'',0,10900,4,'',0,11400,4,'',0,11200,4,'',0
'2474',8001,61700,,'',0,4100,,'',0,7400,0,'Shoreline Sch',0,7900,,'',0,9600,,'',0,9300,,'',0,5300,,'',0,9200,,'',0,9200,,'',0,9800,,'',0,9000,,'',0,9100,,'',0,9100,,'',0,3300,,'',0,7800,,'',0,8400,,'',0,3900,,'',0,8800,,'',0,10800,,'',0,12200,,'',0,16200,,'',0
'2476',8000,64400,4,'',0,7700,4,'',0,3600,4,'',0,7500,4,'',0,6900,4,'',0,4800,4,'',0,9100,4,'',0,9200,4,'',0,9200,4,'',0,9600,4,'',0,9400,4,'',0,9000,4,'',0,5000,4,'',0,7300,4,'',0,7700,4,'',0,3500,4,'',0,8600,4,'',0,9300,4,'',0,10900,4,'',0,11400,4,'',0,11200,4,'',0
'2476',8001,61700,,'',0,4100,,'',0,7400,0,'Shoreline Sch',0,7900,,'',0,9600,,'',0,9300,,'',0,5300,,'',0,9200,,'',0,9200,,'',0,9800,,'',0,9000,,'',0,9100,,'',0,9100,,'',0,3300,,'',0,7800,,'',0,8400,,'',0,3900,,'',0,8800,,'',0,10800,,'',0,12200,,'',0,16200,,'',0
'2477',8000,64400,4,'',0,7700,4,'',0,3600,4,'',0,7500,4,'',0,6900,4,'',0,4800,4,'',0,9100,4,'',0,9200,4,'',0,9200,4,'',0,9600,4,'',0,9400,4,'',0,9000,4,'',0,5000,4,'',0,7300,4,'',0,7700,4,'',0,3500,4,'',0,8600,4,'',0,9300,4,'',0,10900,4,'',0,11400,4,'',0,11200,4,'',0
'2477',8001,61700,,'',0,4100,,'',0,7400,0,'Shoreline Sch',0,7900,,'',0,9600,,'',0,9300,,'',0,5300,,'',0,9200,,'',0,9200,,'',0,9800,,'',0,9000,,'',0,9100,,'',0,9100,,'',0,3300,,'',0,7800,,'',0,8400,,'',0,3900,,'',0,8800,,'',0,10800,,'',0,12200,,'',0,16200,,'',0
'2478',8000,64400,4,'',0,7700,4,'',0,3600,4,'',0,7500,4,'',0,6900,4,'',0,4800,4,'',0,9100,4,'',0,9200,4,'',0,9200,4,'',0,9600,4,'',0,9400,4,'',0,9000,4,'',0,5000,4,'',0,7300,4,'',0,7700,4,'',0,3500,4,'',0,8600,4,'',0,9300,4,'',0,10900,4,'',0,11400,4,'',0,11200,4,'',0
'2478',8001,61700,,'',0,4100,,'',0,7400,0,'Shoreline Sch',0,7900,,'',0,9600,,'',0,9300,,'',0,5300,,'',0,9200,,'',0,9200,,'',0,9800,,'',0,9000,,'',0,9100,,'',0,9100,,'',0,3300,,'',0,7800,,'',0,8400,,'',0,3900,,'',0,8800,,'',0,10800,,'',0,12200,,'',0,16200,,'',0
