'2097',11800,80100,4,'',0,10000,4,'',0,10000,4,'',0,10000,4,'',0,10000,4,'',0,10000,4,'',0,10000,4,'',0,10000,4,'',0,9900,4,'',0,10000,4,'',0,10000,4,'',0,10000,4,'',0,10000,4,'',0,10000,4,'',0
'2097',11801,80700,,'',0,10000,,'',0,10000,,'',0,10000,,'',0,10000,,'',0,10000,,'',0,10000,,'',0,10000,,'',0,10000,,'',0,10000,,'',0,9900,,'',0,10000,,'',0,10000,,'',0,10000,,'',0
'2181',11800,93200,4,'',0,10000,4,'',0,9800,4,'',0,10000,4,'',0,10000,4,'',0,10000,4,'',0,10000,4,'',0,10000,4,'',0,10000,4,'',0,10000,4,'',0,10000,4,'',0,10000,4,'',0
'2181',11801,84000,,'',0,10000,,'',0,10000,,'',0,9700,,'',0,10000,,'',0,10000,,'',0,10000,,'',0,10000,,'',0,10000,,'',0,10000,,'',0,10000,,'',0,10000,,'',0,10000,,'',0
'2273',11800,63100,4,'',0,7000,4,'',0,3000,4,'',0,7000,4,'',0,10100,4,'',0,3000,4,'',0,7000,4,'',0,10000,4,'',0,3000,4,'',0,7000,4,'',0,10000,4,'',0,3000,4,'',0,7000,4,'',0,10000,4,'',0,3000,4,'',0,7000,4,'',0,9900,4,'',0,3000,4,'',0,7000,4,'',0,4000,4,'',0,9000,4,'',0,10000,4,'',0
'2273',11801,63700,,'',0,8500,,'',0,8500,,'',0,10000,,'',0,3000,,'',0,7000,,'',0,10000,,'',0,3000,,'',0,7000,,'',0,10000,,'',0,3000,,'',0,7000,,'',0,10000,,'',0,3000,,'',0,7000,,'',0,10000,,'',0,3000,,'',0,7000,,'',0,10000,,'',0,3000,,'',0,7000,,'',0,10000,,'',0
'2275',11800,93200,4,'',0,10000,4,'',0,9800,4,'',0,10000,4,'',0,10000,4,'',0,10000,4,'',0,10000,4,'',0,10000,4,'',0,10000,4,'',0,10000,4,'',0,10000,4,'',0,10000,4,'',0
'2275',11801,84000,,'',0,10000,,'',0,10000,,'',0,9700,,'',0,10000,,'',0,10000,,'',0,10000,,'',0,10000,,'',0,10000,,'',0,10000,,'',0,10000,,'',0,10000,,'',0,10000,,'',0
'2276',11800,80100,4,'',0,10000,4,'',0,10000,4,'',0,10000,4,'',0,10000,4,'',0,10000,4,'',0,10000,4,'',0,10000,4,'',0,9900,4,'',0,10000,4,'',0,10000,4,'',0,10000,4,'',0,10000,4,'',0,10000,4,'',0
'2276',11801,80700,,'',0,10000,,'',0,10000,,'',0,10000,,'',0,10000,,'',0,10000,,'',0,10000,,'',0,10000,,'',0,10000,,'',0,10000,,'',0,9900,,'',0,10000,,'',0,10000,,'',0,10000,,'',0
'2390',11800,63100,4,'',0,7000,4,'',0,3000,4,'',0,7000,4,'',0,10100,4,'',0,3000,4,'',0,7000,4,'',0,10000,4,'',0,3000,4,'',0,7000,4,'',0,10000,4,'',0,3000,4,'',0,7000,4,'',0,10000,4,'',0,3000,4,'',0,7000,4,'',0,9900,4,'',0,3000,4,'',0,7000,4,'',0,4000,4,'',0,9000,4,'',0,10000,4,'',0
'2390',11801,63700,,'',0,8500,,'',0,8500,,'',0,10000,,'',0,3000,,'',0,7000,,'',0,10000,,'',0,3000,,'',0,7000,,'',0,10000,,'',0,3000,,'',0,7000,,'',0,10000,,'',0,3000,,'',0,7000,,'',0,10000,,'',0,3000,,'',0,7000,,'',0,10000,,'',0,3000,,'',0,7000,,'',0,10000,,'',0
'2453',11800,80100,4,'',0,10000,4,'',0,10000,4,'',0,10000,4,'',0,10000,4,'',0,10000,4,'',0,10000,4,'',0,10000,4,'',0,9900,4,'',0,10000,4,'',0,10000,4,'',0,10000,4,'',0,10000,4,'',0,10000,4,'',0
'2453',11801,80700,,'',0,10000,,'',0,10000,,'',0,10000,,'',0,10000,,'',0,10000,,'',0,10000,,'',0,10000,,'',0,10000,,'',0,10000,,'',0,9900,,'',0,10000,,'',0,10000,,'',0,10000,,'',0
'2457',11800,63100,4,'',0,7000,4,'',0,3000,4,'',0,7000,4,'',0,10100,4,'',0,3000,4,'',0,7000,4,'',0,10000,4,'',0,3000,4,'',0,7000,4,'',0,10000,4,'',0,3000,4,'',0,7000,4,'',0,10000,4,'',0,3000,4,'',0,7000,4,'',0,9900,4,'',0,3000,4,'',0,7000,4,'',0,4000,4,'',0,9000,4,'',0,10000,4,'',0
'2457',11801,63700,,'',0,8500,,'',0,8500,,'',0,10000,,'',0,3000,,'',0,7000,,'',0,10000,,'',0,3000,,'',0,7000,,'',0,10000,,'',0,3000,,'',0,7000,,'',0,10000,,'',0,3000,,'',0,7000,,'',0,10000,,'',0,3000,,'',0,7000,,'',0,10000,,'',0,3000,,'',0,7000,,'',0,10000,,'',0
'2459',11800,63100,4,'',0,7000,4,'',0,3000,4,'',0,7000,4,'',0,10100,4,'',0,3000,4,'',0,7000,4,'',0,10000,4,'',0,3000,4,'',0,7000,4,'',0,10000,4,'',0,3000,4,'',0,7000,4,'',0,10000,4,'',0,3000,4,'',0,7000,4,'',0,9900,4,'',0,3000,4,'',0,7000,4,'',0,4000,4,'',0,9000,4,'',0,10000,4,'',0
'2459',11801,63700,,'',0,8500,,'',0,8500,,'',0,10000,,'',0,3000,,'',0,7000,,'',0,10000,,'',0,3000,,'',0,7000,,'',0,10000,,'',0,3000,,'',0,7000,,'',0,10000,,'',0,3000,,'',0,7000,,'',0,10000,,'',0,3000,,'',0,7000,,'',0,10000,,'',0,3000,,'',0,7000,,'',0,10000,,'',0
'2467',11800,70100,4,'',0
'2467',11801,72200,,'',0
'2468',11800,63100,4,'',0,10000,4,'',0,7000,4,'',0,10100,4,'',0,3000,4,'',0,7000,4,'',0,10000,4,'',0,3000,4,'',0,7000,4,'',0,10000,4,'',0,3000,4,'',0,7000,4,'',0,10000,4,'',0,3000,4,'',0,7000,4,'',0,9900,4,'',0,3000,4,'',0,7000,4,'',0,4000,4,'',0,9000,4,'',0,10000,4,'',0
'2468',11801,63700,,'',0,17000,,'',0,10000,,'',0,3000,,'',0,7000,,'',0,10000,,'',0,3000,,'',0,7000,,'',0,10000,,'',0,3000,,'',0,7000,,'',0,10000,,'',0,3000,,'',0,7000,,'',0,10000,,'',0,3000,,'',0,7000,,'',0,10000,,'',0,3000,,'',0,7000,,'',0,10000,,'',0
