'2275',1200,93100,4,'',0,10200,4,'',0,10100,4,'',0,10100,4,'',0,10000,4,'',0,9900,4,'',0,10000,4,'',0,10000,4,'',0,10000,4,'',0,10100,4,'',0,9900,4,'',0
'2275',1201,90500,,'',0,10000,,'',0,10000,,'',0,10100,,'',0,10000,,'',0,9900,,'',0,10000,,'',0,10000,,'',0,10000,,'',0,10200,,'',0,10000,,'',0
'2729',1200,64100,4,'',0,7100,4,'',0,3800,4,'',0,5100,4,'',0,1900,4,'',0,1400,4,'',0,2000,4,'',0,5200,4,'',0,1000,4,'',0,1100,4,'',0,900,4,'',0,1400,4,'',0,5400,4,'',0,3000,4,'',0,7000,4,'',0,3000,4,'',0,7000,4,'',0,3000,4,'',0,7000,4,'',0,3100,4,'',0,7100,4,'',0,3000,4,'',0,6500,4,'',0,3200,4,'',0,9800,4,'',0,8000,4,'',0,4800,4,'',0,7400,4,'',0,10000,4,'',0
'2729',1201,64500,,'',0,7800,,'',0,8200,,'',0,3000,,'',0,7000,,'',0,3000,,'',0,7000,,'',0,3000,,'',0,7000,,'',0,3000,,'',0,7000,,'',0,3000,,'',0,7000,,'',0,3000,,'',0,7000,,'',0,2500,,'',0,2000,,'',0,5000,,'',0,3000,,'',0,7000,,'',0,2000,,'',0,2000,,'',0,6000,,'',0,2800,,'',0,7900,,'',0,3000,,'',0,7000,,'',0
'2734',1200,64100,4,'',0,7100,4,'',0,3800,4,'',0,5100,4,'',0,1900,4,'',0,1400,4,'',0,2000,4,'',0,5200,4,'',0,1000,4,'',0,1100,4,'',0,900,4,'',0,1400,4,'',0,5400,4,'',0,3000,4,'',0,7000,4,'',0,3000,4,'',0,7000,4,'',0,3000,4,'',0,7000,4,'',0,3100,4,'',0,7100,4,'',0,3000,4,'',0,6500,4,'',0,3200,4,'',0,9800,4,'',0,8000,4,'',0,4800,4,'',0,7400,4,'',0,10000,4,'',0
'2734',1201,64500,,'',0,7800,,'',0,8200,,'',0,3000,,'',0,7000,,'',0,3000,,'',0,7000,,'',0,3000,,'',0,7000,,'',0,3000,,'',0,7000,,'',0,3000,,'',0,7000,,'',0,3000,,'',0,7000,,'',0,2500,,'',0,2000,,'',0,5000,,'',0,3000,,'',0,7000,,'',0,2000,,'',0,2000,,'',0,6000,,'',0,2800,,'',0,7900,,'',0,3000,,'',0,7000,,'',0
'2735',1200,93100,4,'',0,10200,4,'',0,10100,4,'',0,10000,4,'',0,10000,4,'',0,10000,4,'',0,10000,4,'',0,10000,4,'',0,10000,4,'',0,10100,4,'',0,9900,4,'',0
'2735',1201,90500,,'',0,10000,,'',0,10000,,'',0,10000,,'',0,10000,,'',0,10000,,'',0,10000,,'',0,10000,,'',0,10000,,'',0,10200,,'',0,10000,,'',0
'2763',1200,64100,4,'',0,7100,4,'',0,3800,4,'',0,6600,4,'',0,1800,4,'',0,7200,4,'',0,3000,4,'',0,8300,4,'',0,8500,4,'',0,4500,4,'',0,8500,4,'',0,8500,4,'',0,8700,4,'',0,4500,4,'',0,8200,4,'',0,9800,4,'',0,8000,4,'',0,4800,4,'',0,7400,4,'',0,10000,4,'',0
'2763',1201,64500,,'',0,7800,,'',0,8200,,'',0,3000,,'',0,7000,,'',0,4500,,'',0,8500,,'',0,8500,,'',0,8500,,'',0,4500,,'',0,8500,,'',0,8500,,'',0,8000,,'',0,10000,,'',0,4000,,'',0,8800,,'',0,7900,,'',0,10000,,'',0
'2768',1200,64100,4,'',0,7100,4,'',0,3800,4,'',0,6600,4,'',0,1800,4,'',0,7200,4,'',0,3000,4,'',0,8300,4,'',0,8500,4,'',0,4500,4,'',0,8500,4,'',0,8500,4,'',0,8700,4,'',0,4500,4,'',0,8200,4,'',0,9800,4,'',0,8000,4,'',0,4800,4,'',0,7400,4,'',0,10000,4,'',0
'2768',1201,64500,,'',0,7800,,'',0,8200,,'',0,3000,,'',0,7000,,'',0,4500,,'',0,8500,,'',0,8500,,'',0,8500,,'',0,4500,,'',0,8500,,'',0,8500,,'',0,8000,,'',0,10000,,'',0,4000,,'',0,8800,,'',0,7900,,'',0,10000,,'',0
'2769',1200,93100,4,'',0,10200,4,'',0,10100,4,'',0,10000,4,'',0,10000,4,'',0,10000,4,'',0,10000,4,'',0,10000,4,'',0,10000,4,'',0,10100,4,'',0,9900,4,'',0
'2769',1201,90500,,'',0,10000,,'',0,10000,,'',0,10000,,'',0,10000,,'',0,10000,,'',0,10000,,'',0,10000,,'',0,10000,,'',0,10200,,'',0,10000,,'',0
'2770',1200,93100,4,'',0,10200,4,'',0,10100,4,'',0,10100,4,'',0,10000,4,'',0,9900,4,'',0,10000,4,'',0,10000,4,'',0,10000,4,'',0,10100,4,'',0,9900,4,'',0
'2770',1201,90500,,'',0,10000,,'',0,10000,,'',0,10100,,'',0,10000,,'',0,9900,,'',0,10000,,'',0,10000,,'',0,10000,,'',0,10200,,'',0,10000,,'',0
'2771',1200,93100,4,'',0,10200,4,'',0,10100,4,'',0,10100,4,'',0,10000,4,'',0,9900,4,'',0,10000,4,'',0,10000,4,'',0,10000,4,'',0,10100,4,'',0,9900,4,'',0
'2771',1201,90500,,'',0,10000,,'',0,10000,,'',0,10100,,'',0,10000,,'',0,9900,,'',0,10000,,'',0,10000,,'',0,10000,,'',0,10200,,'',0,10000,,'',0
'2729',1300,92000,,'',0,22500,,'',0,45700,,'',0
'2729',1301,93200,4,'',0,22500,4,'',0,45700,4,'',0
'2734',1300,92000,,'',0,22500,,'',0,45700,,'',0
'2734',1301,93200,4,'',0,22500,4,'',0,45700,4,'',0
'2763',1300,92000,,'',0,23800,,'',0,44400,,'',0
'2763',1301,93200,4,'',0,27800,4,'',0,40400,4,'',0
'2768',1300,92000,,'',0,23800,,'',0,44400,,'',0
'2768',1301,93200,4,'',0,27800,4,'',0,40400,4,'',0
