101,22,1,0
101,23,2,0
101,24,3,0
101,25,4,0
101,26,5,0
101,27,6,0
101,28,7,0
101,29,8,0
101,30,9,0
101,31,10,0
101,32,11,0
101,33,12,0
101,34,13,0
101,35,14,0
101,36,15,0
101,37,16,0
101,38,17,0
101,39,18,0
101,40,19,0
101,41,20,0
101,42,21,0
101,43,22,0
101,44,23,0
101,45,24,0
101,46,25,0
101,47,26,0
101,48,27,0
101,1,28,1
102,1,1,0
102,2,2,0
102,3,3,0
102,4,4,0
102,5,5,0
102,6,6,0
102,7,7,0
102,8,8,0
102,9,9,0
102,10,10,0
102,11,11,0
102,12,12,0
102,13,13,0
102,14,14,0
102,15,15,0
102,16,16,0
102,17,17,0
102,18,18,0
102,19,19,0
102,20,20,0
102,21,21,0
102,22,22,1
201,49,1,0
201,50,2,0
201,51,3,0
201,52,4,0
201,53,5,0
201,54,6,0
201,55,7,0
201,56,8,0
201,57,9,0
201,58,10,0
201,59,11,0
201,60,12,0
201,61,13,0
201,62,14,0
201,63,15,0
201,64,16,0
201,65,17,0
201,20,18,0
201,21,19,0
201,22,20,0
201,66,21,0
201,67,22,0
201,68,23,0
201,69,24,0
201,70,25,0
201,71,26,0
201,72,27,0
201,73,28,0
201,74,29,0
201,75,30,0
201,76,31,0
201,77,32,0
201,78,33,0
201,79,34,0
201,80,35,0
201,81,36,0
201,82,37,0
201,83,38,0
201,84,39,0
201,96,40,0
201,97,41,0
201,98,42,0
201,42,43,0
201,43,44,0
201,44,45,0
201,45,46,0
201,46,47,0
201,47,48,0
201,48,49,0
201,1,50,0
201,85,51,0
201,86,52,0
201,87,53,0
201,88,54,0
201,89,55,0
201,90,56,0
201,91,57,0
201,92,58,0
201,93,59,0
201,94,60,0
201,95,61,1
202,95,1,0
202,129,2,0
202,130,3,0
202,131,4,0
202,132,5,0
202,133,6,0
202,134,7,0
202,135,8,0
202,1,9,0
202,2,10,0
202,3,11,0
202,4,12,0
202,36,13,0
202,37,14,0
202,38,15,0
202,39,16,0
202,40,17,0
202,41,18,0
202,99,19,0
202,100,20,0
202,101,21,0
202,102,22,0
202,103,23,0
202,104,24,0
202,105,25,0
202,106,26,0
202,107,27,0
202,108,28,0
202,109,29,0
202,110,30,0
202,111,31,0
202,112,32,0
202,114,33,0
202,115,34,0
202,116,35,0
202,117,36,0
202,118,37,0
202,119,38,0
202,120,39,0
202,121,40,0
202,122,41,0
202,123,42,0
202,124,43,0
202,125,44,0
202,126,45,0
202,127,46,0
202,128,47,0
202,49,48,1
300,170,1,0
300,171,2,0
300,172,3,0
300,173,4,0
300,174,5,0
300,175,6,0
300,176,7,0
300,177,8,0
300,178,9,0
300,179,10,0
300,180,11,0
300,201,12,0
300,202,13,0
300,181,14,0
300,182,15,0
300,183,16,0
300,184,17,0
300,185,18,0
300,186,19,0
300,187,20,0
300,203,21,0
300,204,22,0
300,205,23,0
300,206,24,0
300,207,25,0
300,208,26,0
300,209,27,0
300,188,28,0
300,189,29,0
300,190,30,0
300,191,31,0
300,192,32,0
300,193,33,0
300,194,34,0
300,195,35,0
300,196,36,0
300,197,37,0
300,198,38,0
300,199,39,0
300,200,40,0
300,115,41,0
300,116,42,0
300,117,43,0
300,118,44,0
300,119,45,1
301,136,1,0
301,56,2,0
301,57,3,0
301,58,4,0
301,59,5,0
301,60,6,0
301,61,7,0
301,62,8,0
301,63,9,0
301,64,10,0
301,65,11,0
301,20,12,0
301,137,13,0
301,138,14,0
301,139,15,0
301,140,16,0
301,141,17,0
301,142,18,0
301,143,19,0
301,144,20,0
301,145,21,0
301,146,22,0
301,147,23,0
301,148,24,0
301,149,25,0
301,150,26,0
301,151,27,0
301,152,28,0
301,153,29,0
301,154,30,0
301,155,31,0
301,156,32,0
301,157,33,0
301,158,34,0
301,201,35,0
301,202,36,0
301,159,37,0
301,160,38,0
301,161,39,0
301,162,40,0
301,163,41,0
301,164,42,0
301,165,43,0
301,166,44,0
301,167,45,0
301,168,46,0
301,169,47,0
301,170,48,1
401,210,1,0
401,21,2,0
401,211,3,0
401,212,4,0
401,213,5,0
401,214,6,0
401,215,7,0
401,216,8,0
401,217,9,0
401,218,10,0
401,219,11,0
401,220,12,0
401,221,13,0
401,222,14,0
401,223,15,0
401,224,16,0
401,225,17,0
401,226,18,0
401,227,19,0
401,228,20,0
401,229,21,0
401,230,22,0
401,231,23,0
401,232,24,0
401,233,25,0
401,234,26,0
401,235,27,0
401,236,28,0
401,237,29,1
402,238,1,0
402,239,2,0
402,240,3,0
402,241,4,0
402,242,5,0
402,243,6,0
402,244,7,0
402,245,8,0
402,246,9,0
402,247,10,0
402,248,11,0
402,249,12,0
402,250,13,0
402,251,14,0
402,252,15,0
402,253,16,0
402,254,17,0
402,255,18,0
402,256,19,0
402,257,20,0
402,258,21,0
402,259,22,0
402,260,23,0
402,261,24,0
402,262,25,0
402,210,26,1
503,261,1,0
503,137,2,0
503,138,3,0
503,292,4,0
503,293,5,0
503,294,6,0
503,295,7,0
503,296,8,0
503,297,9,0
503,298,10,0
503,299,11,0
503,300,12,0
503,301,13,0
503,302,14,0
503,303,15,0
503,304,16,0
503,305,17,0
503,306,18,0
503,307,19,0
503,308,20,0
503,309,21,0
503,310,22,0
503,311,23,0
503,312,24,0
503,313,25,0
503,314,26,0
503,315,27,0
503,316,28,0
503,317,29,0
503,318,30,0
503,324,31,0
503,325,32,0
503,326,33,0
503,327,34,0
503,328,35,0
503,329,36,0
503,330,37,0
503,331,38,0
503,346,39,0
503,347,40,0
503,348,41,0
503,349,42,0
503,350,43,0
503,332,44,0
503,333,45,0
503,319,46,0
503,320,47,0
503,321,48,0
503,322,49,0
503,323,50,0
503,263,51,1
504,334,1,0
504,335,2,0
504,351,3,0
504,352,4,0
504,353,5,0
504,354,6,0
504,355,7,0
504,336,8,0
504,337,9,0
504,338,10,0
504,339,11,0
504,340,12,0
504,341,13,0
504,342,14,0
504,343,15,0
504,344,16,0
504,345,17,0
504,263,18,0
504,264,19,0
504,265,20,0
504,266,21,0
504,267,22,0
504,268,23,0
504,269,24,0
504,270,25,0
504,271,26,0
504,272,27,0
504,273,28,0
504,274,29,0
504,275,30,0
504,276,31,0
504,277,32,0
504,278,33,0
504,279,34,0
504,280,35,0
504,281,36,0
504,282,37,0
504,283,38,0
504,284,39,0
504,285,40,0
504,286,41,0
504,287,42,0
504,288,43,0
504,289,44,0
504,290,45,0
504,291,46,0
504,200,47,0
504,261,48,1
600,356,1,0
600,239,2,0
600,240,3,0
600,241,4,0
600,242,5,0
600,243,6,0
600,244,7,0
600,245,8,0
600,357,9,0
600,358,10,0
600,359,11,0
600,360,12,0
600,361,13,0
600,362,14,0
600,172,15,0
600,173,16,0
600,174,17,0
600,175,18,0
600,176,19,0
600,177,20,0
600,178,21,0
600,179,22,0
600,363,23,0
600,364,24,0
600,185,25,0
600,186,26,0
600,365,27,0
600,366,28,0
600,367,29,0
600,368,30,0
600,369,31,0
600,187,32,0
600,188,33,0
600,189,34,0
600,190,35,0
600,191,36,0
600,192,37,0
600,193,38,0
600,370,39,0
600,371,40,0
600,372,41,0
600,210,42,0
600,21,43,0
600,373,44,1
601,261,1,0
601,262,2,0
601,374,3,0
601,375,4,0
601,376,5,0
601,377,6,0
601,378,7,0
601,379,8,0
601,380,9,0
601,381,10,0
601,382,11,0
601,144,12,0
601,145,13,0
601,146,14,0
601,147,15,0
601,148,16,0
601,149,17,0
601,150,18,0
601,151,19,0
601,152,20,0
601,153,21,0
601,154,22,0
601,383,23,0
601,384,24,0
601,160,25,0
601,161,26,0
601,162,27,0
601,163,28,0
601,164,29,0
601,165,30,0
601,385,31,0
601,386,32,0
601,387,33,0
601,388,34,0
601,389,35,0
601,390,36,0
601,229,37,0
601,230,38,0
601,231,39,0
601,232,40,0
601,233,41,0
601,234,42,0
601,235,43,0
601,236,44,0
601,391,45,1
701,422,1,0
701,423,2,0
701,424,3,0
701,425,4,0
701,426,5,0
701,427,6,0
701,428,7,0
701,429,8,0
701,430,9,0
701,431,10,0
701,432,11,0
701,433,12,0
701,434,13,0
701,435,14,0
701,436,15,0
701,437,16,0
701,438,17,0
701,439,18,0
701,440,19,0
701,227,20,0
701,441,21,0
701,442,22,0
701,443,23,0
701,444,24,0
701,445,25,0
701,446,26,0
701,447,27,0
701,448,28,0
701,449,29,0
701,78,30,0
701,79,31,0
701,80,32,0
701,81,33,0
701,82,34,0
701,83,35,0
701,84,36,0
701,96,37,0
701,97,38,0
701,98,39,0
701,450,40,0
701,392,41,1
702,392,1,0
702,99,2,0
702,100,3,0
702,101,4,0
702,102,5,0
702,103,6,0
702,104,7,0
702,105,8,0
702,106,9,0
702,107,10,0
702,393,11,0
702,394,12,0
702,395,13,0
702,169,14,0
702,396,15,0
702,397,16,0
702,398,17,0
702,399,18,0
702,400,19,0
702,401,20,0
702,246,21,0
702,247,22,0
702,402,23,0
702,403,24,0
702,404,25,0
702,405,26,0
702,406,27,0
702,407,28,0
702,408,29,0
702,409,30,0
702,410,31,0
702,411,32,0
702,412,33,0
702,413,34,0
702,414,35,0
702,415,36,0
702,416,37,0
702,417,38,0
702,418,39,0
702,419,40,0
702,420,41,0
702,421,42,0
702,422,43,1
800,119,1,0
800,120,2,0
800,121,3,0
800,122,4,0
800,123,5,0
800,124,6,0
800,465,7,0
800,466,8,0
800,467,9,0
800,468,10,0
800,469,11,0
800,470,12,0
800,471,13,0
800,472,14,0
800,473,15,0
800,474,16,0
800,475,17,0
800,476,18,0
800,477,19,0
800,478,20,0
800,479,21,0
800,480,22,0
800,481,23,0
800,482,24,0
800,170,25,1
801,170,1,0
801,167,2,0
801,168,3,0
801,169,4,0
801,451,5,0
801,452,6,0
801,453,7,0
801,454,8,0
801,455,9,0
801,456,10,0
801,457,11,0
801,458,12,0
801,459,13,0
801,460,14,0
801,461,15,0
801,462,16,0
801,463,17,0
801,464,18,0
801,136,19,1
901,422,1,0
901,423,2,0
901,424,3,0
901,425,4,0
901,483,5,0
901,484,6,0
901,485,7,0
901,486,8,0
901,487,9,0
901,488,10,0
901,489,11,0
901,490,12,0
901,491,13,0
901,492,14,0
901,493,15,0
901,494,16,0
901,495,17,0
901,496,18,0
901,497,19,0
901,427,20,0
901,428,21,0
901,429,22,0
901,430,23,0
901,431,24,0
901,432,25,0
901,498,26,0
901,499,27,0
901,500,28,0
901,258,29,0
901,259,30,0
901,260,31,0
901,261,32,0
901,137,33,0
901,138,34,0
901,139,35,0
901,501,36,0
901,502,37,0
901,503,38,0
901,504,39,0
901,505,40,0
901,393,41,0
901,394,42,0
901,506,43,0
901,171,44,0
901,507,45,0
901,508,46,0
901,509,47,0
901,510,48,0
901,511,49,0
901,512,50,0
901,513,51,0
901,514,52,0
901,515,53,0
901,516,54,0
901,517,55,0
901,518,56,0
901,519,57,0
901,520,58,0
901,521,59,0
901,522,60,0
901,523,61,0
901,524,62,0
901,525,63,0
901,526,64,0
901,527,65,0
901,528,66,0
901,529,67,0
901,530,68,0
901,531,69,0
901,532,70,0
901,533,71,0
901,534,72,0
901,391,73,1
902,535,1,0
902,536,2,0
902,537,3,0
902,538,4,0
902,539,5,0
902,540,6,0
902,541,7,0
902,542,8,0
902,543,9,0
902,544,10,0
902,545,11,0
902,546,12,0
902,547,13,0
902,548,14,0
902,549,15,0
902,550,16,0
902,551,17,0
902,552,18,0
902,553,19,0
902,554,20,0
902,555,21,0
902,556,22,0
902,557,23,0
902,558,24,0
902,559,25,0
902,560,26,0
902,561,27,0
902,562,28,0
902,563,29,0
902,564,30,0
902,565,31,0
902,566,32,0
902,166,33,0
902,167,34,0
902,168,35,0
902,567,36,0
902,568,37,0
902,569,38,0
902,570,39,0
902,571,40,0
902,572,41,0
902,198,42,0
902,199,43,0
902,200,44,0
902,373,45,0
902,212,46,0
902,213,47,0
902,214,48,0
902,573,49,0
902,574,50,0
902,575,51,0
902,413,52,0
902,414,53,0
902,415,54,0
902,416,55,0
902,417,56,0
902,418,57,0
902,419,58,0
902,420,59,0
902,576,60,0
902,577,61,0
902,578,62,0
902,579,63,0
902,580,64,0
902,581,65,0
902,582,66,0
902,583,67,0
902,584,68,0
902,585,69,0
902,586,70,0
902,587,71,0
902,588,72,0
902,589,73,0
902,590,74,0
902,422,75,1
1001,591,1,0
1001,592,2,0
1001,593,3,0
1001,594,4,0
1001,595,5,0
1001,596,6,0
1001,597,7,0
1001,598,8,0
1001,599,9,0
1001,600,10,0
1001,601,11,0
1001,602,12,0
1001,603,13,0
1001,604,14,0
1001,605,15,0
1001,606,16,0
1001,607,17,0
1001,534,18,0
1001,608,19,1
1002,608,1,0
1002,536,2,0
1002,609,3,0
1002,610,4,0
1002,611,5,0
1002,612,6,0
1002,613,7,0
1002,614,8,0
1002,615,9,0
1002,616,10,0
1002,617,11,0
1002,618,12,0
1002,619,13,0
1002,620,14,0
1002,621,15,0
1002,622,16,0
1002,623,17,0
1002,624,18,0
1002,625,19,0
1002,626,20,0
1002,591,21,1
1101,608,1,0
1101,631,2,0
1101,523,3,0
1101,524,4,0
1101,525,5,0
1101,526,6,0
1101,527,7,0
1101,632,8,0
1101,633,9,0
1101,634,10,0
1101,627,11,1
1102,627,1,0
1102,543,2,0
1102,544,3,0
1102,545,4,0
1102,546,5,0
1102,628,6,0
1102,629,7,0
1102,630,8,0
1102,608,9,1
1201,635,1,0
1201,636,2,0
1201,637,3,0
1201,638,4,0
1201,639,5,0
1201,640,6,0
1201,641,7,0
1201,642,8,0
1201,643,9,0
1201,644,10,0
1201,645,11,0
1201,646,12,0
1201,647,13,0
1201,648,14,0
1201,649,15,0
1201,650,16,0
1201,651,17,0
1201,652,18,0
1201,653,19,0
1201,654,20,0
1201,655,21,0
1201,656,22,0
1201,657,23,0
1201,658,24,0
1201,659,25,0
1201,660,26,0
1201,462,27,0
1201,463,28,0
1201,661,29,0
1201,137,30,0
1201,138,31,0
1201,139,32,0
1201,501,33,0
1201,502,34,0
1201,503,35,0
1201,504,36,0
1201,505,37,0
1201,393,38,0
1201,394,39,0
1201,395,40,0
1201,169,41,0
1201,396,42,0
1201,397,43,0
1201,398,44,0
1201,399,45,0
1201,400,46,0
1201,401,47,0
1201,662,48,0
1201,663,49,0
1201,664,50,0
1201,665,51,0
1201,666,52,0
1201,667,53,0
1201,668,54,0
1201,669,55,0
1201,670,56,0
1201,671,57,0
1201,235,58,0
1201,236,59,0
1201,237,60,1
1202,672,1,0
1202,239,2,0
1202,240,3,0
1202,673,4,0
1202,674,5,0
1202,675,6,0
1202,676,7,0
1202,677,8,0
1202,678,9,0
1202,679,10,0
1202,680,11,0
1202,681,12,0
1202,682,13,0
1202,441,14,0
1202,442,15,0
1202,443,16,0
1202,444,17,0
1202,445,18,0
1202,446,19,0
1202,447,20,0
1202,448,21,0
1202,567,22,0
1202,568,23,0
1202,569,24,0
1202,570,25,0
1202,571,26,0
1202,572,27,0
1202,198,28,0
1202,199,29,0
1202,200,30,0
1202,683,31,0
1202,468,32,0
1202,469,33,0
1202,470,34,0
1202,684,35,0
1202,685,36,0
1202,686,37,0
1202,687,38,0
1202,688,39,0
1202,689,40,0
1202,690,41,0
1202,691,42,0
1202,692,43,0
1202,693,44,0
1202,694,45,0
1202,695,46,0
1202,696,47,0
1202,697,48,0
1202,698,49,0
1202,699,50,0
1202,700,51,0
1202,701,52,0
1202,702,53,0
1202,703,54,0
1202,704,55,0
1202,705,56,0
1202,706,57,0
1202,707,58,0
1202,708,59,0
1202,635,60,1
1301,709,1,0
1301,710,2,0
1301,711,3,0
1301,712,4,0
1301,713,5,0
1301,714,6,0
1301,715,7,0
1301,716,8,0
1301,717,9,0
1301,718,10,0
1301,719,11,0
1301,720,12,0
1301,721,13,0
1301,460,14,0
1301,461,15,0
1301,462,16,0
1301,463,17,0
1301,661,18,0
1301,137,19,0
1301,139,20,0
1301,501,21,0
1301,503,22,0
1301,393,23,0
1301,506,24,0
1301,385,25,0
1301,389,26,0
1301,229,27,0
1301,232,28,0
1301,235,29,0
1301,236,30,0
1301,237,31,1
1302,722,1,0
1302,240,2,0
1302,243,3,0
1302,245,4,0
1302,359,5,0
1302,166,6,0
1302,168,7,0
1302,569,8,0
1302,571,9,0
1302,198,10,0
1302,200,11,0
1302,683,12,0
1302,468,13,0
1302,469,14,0
1302,470,15,0
1302,471,16,0
1302,472,17,0
1302,723,18,0
1302,724,19,0
1302,725,20,0
1302,726,21,0
1302,727,22,0
1302,728,23,0
1302,729,24,0
1302,730,25,0
1302,731,26,0
1302,732,27,0
1302,733,28,0
1302,734,29,0
1302,709,30,1
1400,210,1,0
1400,21,2,0
1400,373,3,0
1400,212,4,0
1400,213,5,0
1400,214,6,0
1400,215,7,0
1400,757,8,0
1400,758,9,0
1400,759,10,0
1400,760,11,0
1400,761,12,0
1400,762,13,0
1400,763,14,0
1400,764,15,0
1400,765,16,0
1400,766,17,0
1400,789,18,0
1400,790,19,0
1400,791,20,0
1400,792,21,0
1400,793,22,0
1400,794,23,0
1400,795,24,0
1400,796,25,0
1400,797,26,0
1400,798,27,0
1400,799,28,0
1400,800,29,0
1400,801,30,0
1400,802,31,0
1400,803,32,0
1400,804,33,0
1400,805,34,0
1400,806,35,0
1400,767,36,0
1400,768,37,0
1400,769,38,0
1400,770,39,0
1400,771,40,0
1400,772,41,0
1400,773,42,0
1400,774,43,0
1400,775,44,0
1400,776,45,0
1400,777,46,0
1400,778,47,0
1400,779,48,0
1400,780,49,0
1400,781,50,0
1400,782,51,0
1400,783,52,0
1400,735,53,0
1400,784,54,0
1400,785,55,0
1400,786,56,1
1401,786,1,0
1401,787,2,0
1401,788,3,0
1401,783,4,0
1401,735,5,0
1401,736,6,0
1401,737,7,0
1401,738,8,0
1401,739,9,0
1401,740,10,0
1401,741,11,0
1401,742,12,0
1401,743,13,0
1401,744,14,0
1401,745,15,0
1401,746,16,0
1401,423,17,0
1401,747,18,0
1401,748,19,0
1401,749,20,0
1401,750,21,0
1401,751,22,0
1401,752,23,0
1401,753,24,0
1401,754,25,0
1401,755,26,0
1401,756,27,0
1401,258,28,0
1401,259,29,0
1401,260,30,0
1401,261,31,1
1503,807,1,0
1503,808,2,0
1503,809,3,0
1503,810,4,0
1503,811,5,0
1503,812,6,0
1503,813,7,0
1503,814,8,0
1503,815,9,0
1503,816,10,0
1503,817,11,0
1503,818,12,0
1503,819,13,0
1503,820,14,0
1503,821,15,0
1503,822,16,0
1503,571,17,0
1503,572,18,0
1503,198,19,0
1503,199,20,0
1503,200,21,0
1503,373,22,0
1503,212,23,0
1503,213,24,0
1503,214,25,0
1503,215,26,0
1503,757,27,0
1503,758,28,0
1503,759,29,0
1503,760,30,0
1503,761,31,0
1503,762,32,0
1503,763,33,0
1503,764,34,0
1503,765,35,0
1503,766,36,0
1503,789,37,0
1503,790,38,0
1503,791,39,0
1503,792,40,0
1503,793,41,0
1503,794,42,0
1503,795,43,0
1503,796,44,0
1503,797,45,0
1503,856,46,0
1503,857,47,0
1503,858,48,0
1503,859,49,0
1503,860,50,0
1503,861,51,0
1503,862,52,0
1503,863,53,0
1503,864,54,0
1503,865,55,0
1503,866,56,0
1503,867,57,0
1503,868,58,0
1503,823,59,0
1503,707,60,0
1503,708,61,0
1503,635,62,0
1503,869,63,0
1503,870,64,0
1503,871,65,0
1503,872,66,0
1503,873,67,0
1503,824,68,0
1503,825,69,0
1503,826,70,0
1503,827,71,0
1503,828,72,0
1503,829,73,1
1504,635,1,0
1504,869,2,0
1504,870,3,0
1504,871,4,0
1504,872,5,0
1504,873,6,0
1504,824,7,0
1504,825,8,0
1504,826,9,0
1504,827,10,0
1504,828,11,0
1504,829,12,0
1504,708,13,0
1504,636,14,0
1504,637,15,0
1504,830,16,0
1504,798,17,0
1504,799,18,0
1504,800,19,0
1504,801,20,0
1504,802,21,0
1504,803,22,0
1504,804,23,0
1504,805,24,0
1504,806,25,0
1504,831,26,0
1504,832,27,0
1504,833,28,0
1504,834,29,0
1504,835,30,0
1504,874,31,0
1504,875,32,0
1504,836,33,0
1504,837,34,0
1504,838,35,0
1504,839,36,0
1504,840,37,0
1504,746,38,0
1504,423,39,0
1504,747,40,0
1504,748,41,0
1504,749,42,0
1504,750,43,0
1504,751,44,0
1504,752,45,0
1504,753,46,0
1504,754,47,0
1504,755,48,0
1504,756,49,0
1504,258,50,0
1504,259,51,0
1504,260,52,0
1504,261,53,0
1504,137,54,0
1504,138,55,0
1504,139,56,0
1504,501,57,0
1504,502,58,0
1504,841,59,0
1504,842,60,0
1504,843,61,0
1504,844,62,0
1504,845,63,0
1504,846,64,0
1504,847,65,0
1504,848,66,0
1504,849,67,0
1504,850,68,0
1504,851,69,0
1504,852,70,0
1504,853,71,0
1504,854,72,0
1504,855,73,0
1504,402,74,0
1504,403,75,0
1504,807,76,1
1601,911,1,0
1601,916,2,0
1601,917,3,0
1601,918,4,0
1601,912,5,0
1601,913,6,0
1601,914,7,0
1601,915,8,0
1601,919,9,0
1601,920,10,0
1601,921,11,0
1601,922,12,0
1601,923,13,0
1601,924,14,0
1601,925,15,0
1601,926,16,0
1601,927,17,0
1601,928,18,0
1601,929,19,0
1601,930,20,0
1601,931,21,0
1601,932,22,0
1601,933,23,0
1601,660,24,0
1601,462,25,0
1601,934,26,0
1601,935,27,0
1601,22,28,0
1601,66,29,0
1601,67,30,0
1601,68,31,0
1601,936,32,0
1601,937,33,0
1601,938,34,0
1601,939,35,0
1601,940,36,0
1601,941,37,0
1601,942,38,0
1601,943,39,0
1601,944,40,0
1601,945,41,0
1601,946,42,0
1601,947,43,0
1601,948,44,0
1601,949,45,0
1601,950,46,0
1601,951,47,0
1601,952,48,0
1601,953,49,0
1601,954,50,0
1601,625,51,0
1601,626,52,0
1601,591,53,1
1602,591,1,0
1602,876,2,0
1602,877,3,0
1602,878,4,0
1602,879,5,0
1602,880,6,0
1602,881,7,0
1602,882,8,0
1602,883,9,0
1602,884,10,0
1602,885,11,0
1602,886,12,0
1602,887,13,0
1602,888,14,0
1602,889,15,0
1602,890,16,0
1602,891,17,0
1602,892,18,0
1602,893,19,0
1602,198,20,0
1602,199,21,0
1602,200,22,0
1602,683,23,0
1602,468,24,0
1602,469,25,0
1602,470,26,0
1602,894,27,0
1602,895,28,0
1602,896,29,0
1602,897,30,0
1602,898,31,0
1602,899,32,0
1602,900,33,0
1602,901,34,0
1602,902,35,0
1602,903,36,0
1602,904,37,0
1602,905,38,0
1602,906,39,0
1602,912,40,0
1602,913,41,0
1602,914,42,0
1602,915,43,0
1602,907,44,0
1602,908,45,0
1602,909,46,0
1602,910,47,0
1602,911,48,1
1701,911,1,0
1701,916,2,0
1701,917,3,0
1701,918,4,0
1701,919,5,0
1701,920,6,0
1701,989,7,0
1701,990,8,0
1701,991,9,0
1701,992,10,0
1701,993,11,0
1701,994,12,0
1701,995,13,0
1701,996,14,0
1701,997,15,0
1701,998,16,0
1701,999,17,0
1701,1000,18,0
1701,1001,19,0
1701,1002,20,0
1701,1003,21,0
1701,1004,22,0
1701,1005,23,0
1701,1006,24,0
1701,1007,25,0
1701,720,26,0
1701,721,27,0
1701,460,28,0
1701,461,29,0
1701,462,30,0
1701,934,31,0
1701,935,32,0
1701,22,33,0
1701,66,34,0
1701,67,35,0
1701,68,36,0
1701,936,37,0
1701,937,38,0
1701,938,39,0
1701,939,40,0
1701,940,41,0
1701,941,42,0
1701,942,43,0
1701,943,44,0
1701,1008,45,0
1701,1009,46,0
1701,1010,47,0
1701,1011,48,0
1701,1012,49,0
1701,1013,50,0
1701,1014,51,0
1701,1015,52,0
1701,1016,53,0
1701,1017,54,0
1701,1018,55,0
1701,1019,56,0
1701,1020,57,0
1701,955,58,1
1702,955,1,0
1702,956,2,0
1702,310,3,0
1702,311,4,0
1702,957,5,0
1702,958,6,0
1702,959,7,0
1702,960,8,0
1702,961,9,0
1702,962,10,0
1702,963,11,0
1702,964,12,0
1702,965,13,0
1702,966,14,0
1702,967,15,0
1702,968,16,0
1702,969,17,0
1702,970,18,0
1702,887,19,0
1702,888,20,0
1702,889,21,0
1702,890,22,0
1702,891,23,0
1702,892,24,0
1702,893,25,0
1702,198,26,0
1702,199,27,0
1702,200,28,0
1702,683,29,0
1702,468,30,0
1702,469,31,0
1702,470,32,0
1702,471,33,0
1702,472,34,0
1702,723,35,0
1702,724,36,0
1702,725,37,0
1702,971,38,0
1702,972,39,0
1702,973,40,0
1702,974,41,0
1702,975,42,0
1702,976,43,0
1702,977,44,0
1702,978,45,0
1702,979,46,0
1702,980,47,0
1702,981,48,0
1702,982,49,0
1702,983,50,0
1702,984,51,0
1702,985,52,0
1702,986,53,0
1702,987,54,0
1702,988,55,0
1702,906,56,0
1702,907,57,0
1702,908,58,0
1702,909,59,0
1702,910,60,0
1702,911,61,1
1801,709,1,0
1801,710,2,0
1801,711,3,0
1801,712,4,0
1801,713,5,0
1801,714,6,0
1801,715,7,0
1801,1049,8,0
1801,900,9,0
1801,901,10,0
1801,1050,11,0
1801,1051,12,0
1801,1052,13,0
1801,1053,14,0
1801,421,15,0
1801,1054,16,0
1801,747,17,0
1801,748,18,0
1801,749,19,0
1801,1055,20,0
1801,1056,21,0
1801,1057,22,0
1801,1058,23,0
1801,1059,24,0
1801,1060,25,0
1801,1061,26,0
1801,1062,27,0
1801,1063,28,0
1801,1064,29,0
1801,1065,30,0
1801,957,31,0
1801,958,32,0
1801,1066,33,0
1801,1067,34,0
1801,1068,35,0
1801,1069,36,0
1801,1070,37,0
1801,1071,38,0
1801,625,39,0
1801,1072,40,0
1801,1073,41,0
1801,1074,42,0
1801,1075,43,0
1801,1076,44,0
1801,1077,45,1
1802,1021,1,0
1802,1022,2,0
1802,1023,3,0
1802,1024,4,0
1802,1025,5,0
1802,1026,6,0
1802,1027,7,0
1802,1028,8,0
1802,1029,9,0
1802,1030,10,0
1802,1031,11,0
1802,1019,12,0
1802,1020,13,0
1802,1032,14,0
1802,1033,15,0
1802,1034,16,0
1802,1035,17,0
1802,1036,18,0
1802,1037,19,0
1802,1038,20,0
1802,1039,21,0
1802,1040,22,0
1802,1041,23,0
1802,1042,24,0
1802,1043,25,0
1802,762,26,0
1802,763,27,0
1802,764,28,0
1802,424,29,0
1802,425,30,0
1802,426,31,0
1802,1044,32,0
1802,1045,33,0
1802,1046,34,0
1802,1047,35,0
1802,925,36,0
1802,926,37,0
1802,927,38,0
1802,1048,39,0
1802,729,40,0
1802,730,41,0
1802,731,42,0
1802,732,43,0
1802,733,44,0
1802,734,45,0
1802,709,46,1
1903,374,1,0
1903,20,2,0
1903,21,3,0
1903,22,4,0
1903,66,5,0
1903,67,6,0
1903,68,7,0
1903,69,8,0
1903,70,9,0
1903,71,10,0
1903,72,11,0
1903,1098,12,0
1903,1099,13,0
1903,1100,14,0
1903,1101,15,0
1903,853,16,0
1903,854,17,0
1903,855,18,0
1903,402,19,0
1903,1102,20,0
1903,1103,21,0
1903,1104,22,0
1903,1105,23,0
1903,1106,24,0
1903,1107,25,0
1903,1108,26,0
1903,1109,27,0
1903,1110,28,0
1903,1111,29,0
1903,1112,30,0
1903,1113,31,0
1903,1114,32,0
1903,1115,33,0
1903,1116,34,0
1903,1117,35,0
1903,1118,36,0
1903,1119,37,0
1903,1120,38,0
1903,1121,39,0
1903,1122,40,0
1903,1123,41,0
1903,1124,42,0
1903,1125,43,0
1903,1126,44,0
1903,1127,45,0
1903,1128,46,0
1903,1129,47,0
1903,1130,48,0
1903,1078,49,1
1904,1078,1,0
1904,1079,2,0
1904,615,3,0
1904,616,4,0
1904,1080,5,0
1904,1081,6,0
1904,1082,7,0
1904,1083,8,0
1904,1084,9,0
1904,1111,10,0
1904,1131,11,0
1904,1132,12,0
1904,1133,13,0
1904,1134,14,0
1904,1135,15,0
1904,1136,16,0
1904,600,17,0
1904,1137,18,0
1904,1138,19,0
1904,1139,20,0
1904,1140,21,0
1904,1141,22,0
1904,1142,23,0
1904,1143,24,0
1904,1144,25,0
1904,1145,26,0
1904,1146,27,0
1904,1147,28,0
1904,1148,29,0
1904,1149,30,0
1904,1150,31,0
1904,1151,32,0
1904,1152,33,0
1904,1153,34,0
1904,1154,35,0
1904,1155,36,0
1904,1156,37,0
1904,1157,38,0
1904,1085,39,0
1904,626,40,0
1904,1086,41,0
1904,1087,42,0
1904,1088,43,0
1904,1089,44,0
1904,1090,45,0
1904,1091,46,0
1904,1092,47,0
1904,808,48,0
1904,809,49,0
1904,810,50,0
1904,811,51,0
1904,1093,52,0
1904,1094,53,0
1904,1095,54,0
1904,1096,55,0
1904,110,56,0
1904,111,57,0
1904,112,58,0
1904,114,59,0
1904,115,60,0
1904,262,61,0
1904,1097,62,1
2003,374,1,0
2003,20,2,0
2003,21,3,0
2003,22,4,0
2003,66,5,0
2003,67,6,0
2003,68,7,0
2003,69,8,0
2003,70,9,0
2003,71,10,0
2003,72,11,0
2003,1098,12,0
2003,1099,13,0
2003,1100,14,0
2003,1101,15,0
2003,853,16,0
2003,854,17,0
2003,855,18,0
2003,402,19,0
2003,1102,20,0
2003,1103,21,0
2003,1104,22,0
2003,1105,23,0
2003,1106,24,0
2003,1107,25,0
2003,1108,26,0
2003,1109,27,0
2003,1110,28,0
2003,1111,29,0
2003,1131,30,0
2003,1132,31,0
2003,1158,32,0
2003,1159,33,0
2003,1160,34,0
2003,597,35,0
2003,1161,36,0
2003,1162,37,0
2003,1163,38,0
2003,1164,39,0
2003,1165,40,0
2003,1166,41,0
2003,1078,42,0
2003,1079,43,0
2003,615,44,0
2003,616,45,0
2003,1080,46,0
2003,1081,47,0
2003,1082,48,0
2003,1133,49,0
2003,1134,50,0
2003,1135,51,0
2003,1136,52,0
2003,600,53,0
2003,1137,54,0
2003,1138,55,0
2003,1139,56,1
2004,1139,1,0
2004,1167,2,0
2004,1168,3,0
2004,1169,4,0
2004,1170,5,0
2004,1171,6,0
2004,1172,7,0
2004,619,8,0
2004,1173,9,0
2004,1174,10,0
2004,1175,11,0
2004,1176,12,0
2004,1083,13,0
2004,1084,14,0
2004,1085,15,0
2004,626,16,0
2004,1086,17,0
2004,1087,18,0
2004,1088,19,0
2004,1089,20,0
2004,1090,21,0
2004,1091,22,0
2004,1092,23,0
2004,808,24,0
2004,809,25,0
2004,810,26,0
2004,811,27,0
2004,1093,28,0
2004,1094,29,0
2004,1095,30,0
2004,1096,31,0
2004,110,32,0
2004,111,33,0
2004,112,34,0
2004,114,35,0
2004,115,36,0
2004,262,37,0
2004,1097,38,1
2103,466,1,0
2103,20,2,0
2103,21,3,0
2103,211,4,0
2103,212,5,0
2103,213,6,0
2103,214,7,0
2103,215,8,0
2103,1202,9,0
2103,1203,10,0
2103,1204,11,0
2103,1205,12,0
2103,1206,13,0
2103,1207,14,0
2103,1208,15,0
2103,1209,16,0
2103,1210,17,0
2103,1211,18,0
2103,1212,19,0
2103,1213,20,0
2103,1214,21,0
2103,1215,22,0
2103,1216,23,0
2103,1217,24,0
2103,1218,25,0
2103,1219,26,0
2103,1220,27,0
2103,1221,28,0
2103,1222,29,0
2103,1223,30,0
2103,1224,31,0
2103,1225,32,0
2103,1226,33,0
2103,323,34,0
2103,263,35,0
2103,1227,36,1
2104,263,1,0
2104,322,2,0
2104,1177,3,0
2104,1178,4,0
2104,1179,5,0
2104,1180,6,0
2104,1181,7,0
2104,1182,8,0
2104,1183,9,0
2104,1184,10,0
2104,1185,11,0
2104,1186,12,0
2104,1187,13,0
2104,1188,14,0
2104,1189,15,0
2104,1190,16,0
2104,1191,17,0
2104,1192,18,0
2104,1193,19,0
2104,1194,20,0
2104,1195,21,0
2104,1196,22,0
2104,1197,23,0
2104,1198,24,0
2104,1199,25,0
2104,756,26,0
2104,258,27,0
2104,259,28,0
2104,260,29,0
2104,115,30,0
2104,116,31,0
2104,1200,32,0
2104,1201,33,0
2104,466,34,1
2203,466,1,0
2203,20,2,0
2203,21,3,0
2203,211,4,0
2203,212,5,0
2203,213,6,0
2203,214,7,0
2203,215,8,0
2203,1202,9,0
2203,1203,10,0
2203,1204,11,0
2203,1205,12,0
2203,1206,13,0
2203,1207,14,0
2203,1208,15,0
2203,1209,16,0
2203,1210,17,0
2203,1228,18,0
2203,1229,19,0
2203,1230,20,0
2203,1231,21,0
2203,1232,22,0
2203,1233,23,0
2203,1234,24,0
2203,1235,25,0
2203,1236,26,0
2203,1237,27,0
2203,319,28,0
2203,320,29,0
2203,321,30,0
2203,322,31,0
2203,323,32,0
2203,263,33,0
2203,1227,34,1
2204,263,1,0
2204,264,2,0
2204,265,3,0
2204,266,4,0
2204,1238,5,0
2204,1239,6,0
2204,1240,7,0
2204,1241,8,0
2204,1242,9,0
2204,1243,10,0
2204,1244,11,0
2204,1245,12,0
2204,1246,13,0
2204,1192,14,0
2204,1193,15,0
2204,1194,16,0
2204,1195,17,0
2204,1196,18,0
2204,1197,19,0
2204,1198,20,0
2204,1199,21,0
2204,756,22,0
2204,258,23,0
2204,259,24,0
2204,260,25,0
2204,115,26,0
2204,116,27,0
2204,1200,28,0
2204,1201,29,0
2204,466,30,1
2303,1280,1,0
2303,65,2,0
2303,20,3,0
2303,21,4,0
2303,211,5,0
2303,212,6,0
2303,213,7,0
2303,214,8,0
2303,215,9,0
2303,1202,10,0
2303,1203,11,0
2303,1204,12,0
2303,1205,13,0
2303,1206,14,0
2303,1281,15,0
2303,319,16,0
2303,320,17,0
2303,321,18,0
2303,322,19,0
2303,323,20,0
2303,334,21,0
2303,335,22,0
2303,336,23,0
2303,337,24,0
2303,338,25,0
2303,1247,26,0
2303,1248,27,0
2303,1249,28,0
2303,1250,29,0
2303,1251,30,0
2303,1252,31,0
2303,1253,32,0
2303,1254,33,0
2303,1255,34,0
2303,1256,35,0
2303,1257,36,0
2303,1258,37,0
2303,1259,38,0
2303,1260,39,0
2303,1261,40,0
2303,1262,41,0
2303,1263,42,0
2303,1264,43,1
2304,1264,1,0
2304,1265,2,0
2304,1266,3,0
2304,1267,4,0
2304,1268,5,0
2304,1269,6,0
2304,1270,7,0
2304,1271,8,0
2304,1272,9,0
2304,1273,10,0
2304,1274,11,0
2304,1275,12,0
2304,1276,13,0
2304,1277,14,0
2304,1278,15,0
2304,1279,16,0
2304,330,17,0
2304,331,18,0
2304,332,19,0
2304,263,20,0
2304,264,21,0
2304,265,22,0
2304,266,23,0
2304,1238,24,0
2304,1239,25,0
2304,1240,26,0
2304,1196,27,0
2304,1197,28,0
2304,1198,29,0
2304,1199,30,0
2304,756,31,0
2304,258,32,0
2304,259,33,0
2304,260,34,0
2304,115,35,0
2304,116,36,0
2304,1200,37,0
2304,1201,38,1
2400,1282,1,0
2400,322,2,0
2400,1283,3,0
2400,1284,4,0
2400,1285,5,0
2400,1286,6,0
2400,1287,7,0
2400,1288,8,0
2400,1289,9,0
2400,1290,10,0
2400,1291,11,0
2400,1292,12,0
2400,1293,13,0
2400,1294,14,1
2501,1328,1,0
2501,1334,2,0
2501,1335,3,0
2501,1336,4,0
2501,1337,5,0
2501,1338,6,0
2501,1339,7,0
2501,1340,8,0
2501,1341,9,0
2501,1342,10,0
2501,1343,11,0
2501,1344,12,0
2501,1345,13,0
2501,1346,14,0
2501,1347,15,0
2501,1348,16,0
2501,1349,17,0
2501,1350,18,0
2501,1351,19,0
2501,1352,20,0
2501,1353,21,0
2501,827,22,0
2501,828,23,0
2501,829,24,0
2501,636,25,0
2501,637,26,0
2501,798,27,0
2501,1354,28,0
2501,860,29,0
2501,774,30,0
2501,775,31,0
2501,776,32,0
2501,777,33,0
2501,735,34,0
2501,778,35,0
2501,784,36,0
2501,785,37,0
2501,1355,38,0
2501,1356,39,0
2501,323,40,0
2501,334,41,0
2501,335,42,0
2501,336,43,0
2501,337,44,0
2501,338,45,0
2501,1247,46,0
2501,1248,47,0
2501,1249,48,0
2501,1329,49,0
2501,1330,50,0
2501,1331,51,0
2501,1332,52,0
2501,1333,53,0
2501,1173,54,0
2501,1174,55,0
2501,1175,56,0
2501,1176,57,0
2501,1083,58,0
2501,1084,59,0
2501,1072,60,0
2501,1073,61,0
2501,1074,62,0
2501,1075,63,0
2501,1076,64,0
2501,1295,65,1
2502,1295,1,0
2502,1022,2,0
2502,1023,3,0
2502,1024,4,0
2502,1025,5,0
2502,1111,6,0
2502,1131,7,0
2502,1132,8,0
2502,1158,9,0
2502,1159,10,0
2502,1160,11,0
2502,1296,12,0
2502,1297,13,0
2502,1298,14,0
2502,1299,15,0
2502,1300,16,0
2502,1301,17,0
2502,1276,18,0
2502,1277,19,0
2502,1278,20,0
2502,1279,21,0
2502,330,22,0
2502,331,23,0
2502,332,24,0
2502,263,25,0
2502,1302,26,0
2502,1303,27,0
2502,1304,28,0
2502,1305,29,0
2502,787,30,0
2502,788,31,0
2502,783,32,0
2502,735,33,0
2502,736,34,0
2502,737,35,0
2502,738,36,0
2502,739,37,0
2502,831,38,0
2502,1306,39,0
2502,1307,40,0
2502,823,41,0
2502,707,42,0
2502,869,43,0
2502,870,44,0
2502,1308,45,0
2502,1309,46,0
2502,1310,47,0
2502,1311,48,0
2502,1312,49,0
2502,1313,50,0
2502,1314,51,0
2502,1315,52,0
2502,1316,53,0
2502,1317,54,0
2502,1318,55,0
2502,1319,56,0
2502,1320,57,0
2502,1321,58,0
2502,1322,59,0
2502,1323,60,0
2502,1324,61,0
2502,1325,62,0
2502,1326,63,0
2502,1327,64,0
2502,1328,65,1
2600,1357,1,0
2600,1358,2,0
2600,1359,3,0
2600,1360,4,0
2600,1361,5,0
2600,1362,6,0
2600,1349,7,0
2600,1350,8,1
2701,1328,1,0
2701,1334,2,0
2701,1335,3,0
2701,1336,4,0
2701,1337,5,0
2701,1338,6,0
2701,1339,7,0
2701,1340,8,0
2701,1341,9,0
2701,1363,10,0
2701,1364,11,0
2701,1365,12,0
2701,1366,13,0
2701,1367,14,0
2701,1368,15,0
2701,1351,16,0
2701,1352,17,0
2701,1353,18,0
2701,1369,19,0
2701,1370,20,0
2701,1371,21,0
2701,642,22,0
2701,643,23,0
2701,644,24,0
2701,1372,25,0
2701,916,26,0
2701,917,27,0
2701,918,28,0
2701,919,29,0
2701,920,30,0
2701,989,31,0
2701,990,32,0
2701,732,33,0
2701,733,34,0
2701,734,35,0
2701,709,36,1
2702,709,1,0
2702,710,2,0
2702,711,3,0
2702,712,4,0
2702,987,5,0
2702,988,6,0
2702,906,7,0
2702,907,8,0
2702,908,9,0
2702,909,10,0
2702,910,11,0
2702,699,12,0
2702,700,13,0
2702,701,14,0
2702,1373,15,0
2702,1374,16,0
2702,1375,17,0
2702,1376,18,0
2702,1308,19,0
2702,1309,20,0
2702,1310,21,0
2702,1377,22,0
2702,1378,23,0
2702,1379,24,0
2702,1380,25,0
2702,1381,26,0
2702,1382,27,0
2702,1320,28,0
2702,1321,29,0
2702,1322,30,0
2702,1323,31,0
2702,1324,32,0
2702,1325,33,0
2702,1326,34,0
2702,1327,35,0
2702,1328,36,1
2801,1383,1,0
2801,1384,2,0
2801,1385,3,0
2801,1386,4,0
2801,1387,5,0
2801,1388,6,0
2801,1389,7,0
2801,1390,8,0
2801,1391,9,0
2801,1392,10,0
2801,1393,11,0
2801,1394,12,0
2801,1395,13,0
2801,1396,14,0
2801,1397,15,0
2801,1398,16,0
2801,1399,17,0
2801,1400,18,0
2801,1401,19,0
2801,1402,20,0
2801,1403,21,0
2801,1404,22,0
2801,1405,23,0
2801,1406,24,0
2801,1407,25,0
2801,1408,26,0
2801,1409,27,0
2801,1410,28,0
2801,1411,29,0
2801,1412,30,0
2801,1413,31,0
2801,1414,32,0
2801,1415,33,0
2801,1416,34,0
2801,1417,35,0
2801,1418,36,0
2801,1419,37,0
2801,1420,38,0
2801,1421,39,0
2801,1422,40,0
2801,1423,41,0
2801,1424,42,0
2801,1425,43,0
2801,1197,44,0
2801,1198,45,0
2801,1199,46,0
2801,756,47,0
2801,258,48,0
2801,259,49,0
2801,260,50,0
2801,115,51,0
2801,116,52,0
2801,1200,53,0
2801,1201,54,0
2801,466,55,1
2802,1426,1,0
2802,65,2,0
2802,20,3,0
2802,21,4,0
2802,211,5,0
2802,212,6,0
2802,213,7,0
2802,214,8,0
2802,215,9,0
2802,1202,10,0
2802,1203,11,0
2802,1204,12,0
2802,1205,13,0
2802,1427,14,0
2802,1428,15,0
2802,1429,16,0
2802,1430,17,0
2802,1431,18,0
2802,1409,19,0
2802,1410,20,0
2802,1411,21,0
2802,1412,22,0
2802,1413,23,0
2802,1414,24,0
2802,1415,25,0
2802,1416,26,0
2802,1417,27,0
2802,1418,28,0
2802,1432,29,0
2802,1433,30,0
2802,1434,31,0
2802,1435,32,0
2802,1436,33,0
2802,1437,34,0
2802,1438,35,0
2802,1439,36,0
2802,1440,37,0
2802,1441,38,0
2802,1442,39,0
2802,1389,40,0
2802,1390,41,0
2802,1391,42,0
2802,1392,43,0
2802,1393,44,0
2802,1394,45,0
2802,1395,46,0
2802,1396,47,0
2802,1397,48,0
2802,1443,49,0
2802,1444,50,0
2802,1445,51,0
2802,1446,52,0
2802,1447,53,1
2901,1448,1,0
2901,1324,2,0
2901,1449,3,0
2901,1450,4,0
2901,1451,5,0
2901,1452,6,0
2901,1453,7,0
2901,1454,8,0
2901,1455,9,0
2901,1456,10,0
2901,1457,11,0
2901,1458,12,0
2901,1459,13,0
2901,1460,14,0
2901,1461,15,0
2901,1462,16,0
2901,1463,17,0
2901,1464,18,0
2901,1465,19,0
2901,1466,20,0
2901,1467,21,0
2901,1468,22,0
2901,1469,23,0
2901,1470,24,0
2901,1471,25,0
2901,1472,26,0
2901,1473,27,0
2901,1474,28,0
2901,1475,29,0
2901,1476,30,0
2901,1477,31,0
2901,1478,32,0
2901,1479,33,0
2901,1480,34,0
2901,1481,35,0
2901,1482,36,0
2901,1347,37,0
2901,1348,38,0
2901,1349,39,0
2901,1350,40,0
2901,1351,41,0
2901,1352,42,0
2901,1353,43,0
2901,1422,44,0
2901,1423,45,0
2901,1424,46,0
2901,1425,47,0
2901,1197,48,0
2901,1198,49,0
2901,1199,50,0
2901,756,51,0
2901,258,52,0
2901,259,53,0
2901,260,54,0
2901,115,55,0
2901,116,56,0
2901,1200,57,0
2901,1201,58,0
2901,466,59,1
2902,1426,1,0
2902,65,2,0
2902,20,3,0
2902,21,4,0
2902,211,5,0
2902,212,6,0
2902,213,7,0
2902,214,8,0
2902,215,9,0
2902,1202,10,0
2902,1203,11,0
2902,1204,12,0
2902,1205,13,0
2902,1427,14,0
2902,1428,15,0
2902,1429,16,0
2902,1308,17,0
2902,1309,18,0
2902,1310,19,0
2902,1311,20,0
2902,1312,21,0
2902,1313,22,0
2902,1314,23,0
2902,1483,24,0
2902,1484,25,0
2902,1485,26,0
2902,1486,27,0
2902,1487,28,0
2902,1488,29,0
2902,1489,30,0
2902,1490,31,0
2902,1491,32,0
2902,1492,33,0
2902,1493,34,0
2902,1494,35,0
2902,1495,36,0
2902,1496,37,0
2902,1497,38,0
2902,1498,39,0
2902,1499,40,0
2902,1500,41,0
2902,1501,42,0
2902,1502,43,0
2902,1503,44,0
2902,1504,45,0
2902,1505,46,0
2902,1506,47,0
2902,1507,48,0
2902,1508,49,0
2902,1509,50,0
2902,1510,51,0
2902,1511,52,0
2902,1512,53,0
2902,1513,54,0
2902,1514,55,0
2902,1515,56,0
2902,1516,57,0
2902,1517,58,0
2902,1448,59,1
3001,1520,1,0
3001,1337,2,0
3001,1338,3,0
3001,1339,4,0
3001,1340,5,0
3001,1341,6,0
3001,1363,7,0
3001,1364,8,0
3001,1365,9,0
3001,1366,10,0
3001,1367,11,0
3001,1368,12,0
3001,1351,13,0
3001,1352,14,0
3001,1353,15,0
3001,1422,16,0
3001,1423,17,0
3001,1424,18,0
3001,1425,19,0
3001,1197,20,0
3001,1198,21,0
3001,1199,22,0
3001,756,23,0
3001,258,24,0
3001,259,25,0
3001,260,26,0
3001,115,27,0
3001,116,28,0
3001,1200,29,0
3001,1201,30,1
3002,1518,1,0
3002,65,2,0
3002,20,3,0
3002,21,4,0
3002,211,5,0
3002,212,6,0
3002,213,7,0
3002,214,8,0
3002,215,9,0
3002,1202,10,0
3002,1203,11,0
3002,1204,12,0
3002,1205,13,0
3002,1427,14,0
3002,1428,15,0
3002,1429,16,0
3002,1308,17,0
3002,1309,18,0
3002,1310,19,0
3002,1377,20,0
3002,1378,21,0
3002,1379,22,0
3002,1380,23,0
3002,1381,24,0
3002,1382,25,0
3002,1320,26,0
3002,1321,27,0
3002,1322,28,0
3002,1323,29,0
3002,1324,30,0
3002,1516,31,0
3002,1517,32,0
3002,1520,33,0
3002,1519,34,1
3101,1536,1,0
3101,1546,2,0
3101,1547,3,0
3101,1548,4,0
3101,1549,5,0
3101,1550,6,0
3101,1551,7,0
3101,1419,8,0
3101,1420,9,0
3101,1421,10,0
3101,1552,11,0
3101,1553,12,0
3101,1320,13,0
3101,1448,14,0
3101,1324,15,0
3101,1516,16,0
3101,1554,17,0
3101,1555,18,0
3101,1556,19,0
3101,1465,20,0
3101,1466,21,0
3101,1467,22,0
3101,1468,23,0
3101,1469,24,0
3101,1470,25,0
3101,1471,26,0
3101,1472,27,0
3101,1473,28,0
3101,1474,29,0
3101,1475,30,0
3101,1537,31,0
3101,1538,32,0
3101,1539,33,0
3101,1540,34,0
3101,1541,35,0
3101,1542,36,0
3101,1543,37,0
3101,1544,38,0
3101,1545,39,0
3101,1476,40,0
3101,1477,41,0
3101,1478,42,0
3101,1479,43,0
3101,1480,44,0
3101,1481,45,0
3101,1482,46,0
3101,1347,47,0
3101,1348,48,0
3101,1522,49,0
3101,1349,50,0
3101,1350,51,0
3101,1521,52,1
3102,1521,1,0
3102,1310,2,0
3102,1311,3,0
3102,1522,4,0
3102,1312,5,0
3102,1313,6,0
3102,1314,7,0
3102,1483,8,0
3102,1484,9,0
3102,1485,10,0
3102,1486,11,0
3102,1487,12,0
3102,1488,13,0
3102,1537,14,0
3102,1538,15,0
3102,1539,16,0
3102,1540,17,0
3102,1541,18,0
3102,1542,19,0
3102,1543,20,0
3102,1544,21,0
3102,1545,22,0
3102,1489,23,0
3102,1490,24,0
3102,1491,25,0
3102,1492,26,0
3102,1493,27,0
3102,1494,28,0
3102,1495,29,0
3102,1496,30,0
3102,1497,31,0
3102,1498,32,0
3102,1499,33,0
3102,1523,34,0
3102,1524,35,0
3102,1525,36,0
3102,1526,37,0
3102,1517,38,0
3102,1519,39,0
3102,1337,40,0
3102,1338,41,0
3102,1339,42,0
3102,1340,43,0
3102,1341,44,0
3102,1527,45,0
3102,1528,46,0
3102,1430,47,0
3102,1431,48,0
3102,1529,49,0
3102,1530,50,0
3102,1531,51,0
3102,1532,52,0
3102,1533,53,0
3102,1534,54,0
3102,1535,55,0
3102,1536,56,1
3200,1519,1,0
3200,1579,2,0
3200,1580,3,0
3200,1581,4,0
3200,1582,5,0
3200,1602,6,0
3200,1603,7,0
3200,1604,8,0
3200,1605,9,0
3200,1606,10,0
3200,1607,11,0
3200,1608,12,0
3200,1609,13,0
3200,1610,14,0
3200,1583,15,0
3200,1584,16,0
3200,1585,17,0
3200,1339,18,0
3200,1340,19,0
3200,1586,20,0
3200,1587,21,0
3200,1588,22,0
3200,1589,23,0
3200,1590,24,0
3200,1591,25,0
3200,1592,26,0
3200,1593,27,0
3200,1594,28,0
3200,1595,29,0
3200,1596,30,0
3200,1597,31,0
3200,1598,32,0
3200,1599,33,0
3200,1600,34,0
3200,1601,35,0
3200,1309,36,0
3200,1557,37,1
3201,1557,1,0
3201,1351,2,0
3201,1352,3,0
3201,1558,4,0
3201,1559,5,0
3201,1560,6,0
3201,1561,7,0
3201,1562,8,0
3201,1563,9,0
3201,1564,10,0
3201,1565,11,0
3201,1566,12,0
3201,1567,13,0
3201,1568,14,0
3201,1569,15,0
3201,1570,16,0
3201,1571,17,0
3201,1572,18,0
3201,1573,19,0
3201,1321,20,0
3201,1574,21,0
3201,1575,22,0
3201,1602,23,0
3201,1603,24,0
3201,1604,25,0
3201,1605,26,0
3201,1606,27,0
3201,1607,28,0
3201,1608,29,0
3201,1609,30,0
3201,1610,31,0
3201,1576,32,0
3201,1577,33,0
3201,1578,34,0
3201,1324,35,0
3201,1516,36,0
3201,1517,37,0
3201,1519,38,1
3300,1448,1,0
3300,1324,2,0
3300,1449,3,0
3300,1611,4,0
3300,1612,5,0
3300,1613,6,0
3300,1614,7,0
3300,1615,8,0
3300,1616,9,0
3300,1617,10,0
3300,1618,11,0
3300,1619,12,0
3300,1620,13,0
3300,1621,14,0
3300,1622,15,0
3300,1623,16,0
3300,1624,17,0
3300,1456,18,0
3300,1457,19,0
3300,1458,20,0
3300,1459,21,0
3300,1460,22,0
3300,1461,23,0
3300,1462,24,0
3300,1463,25,0
3300,1464,26,0
3300,1625,27,0
3300,1626,28,0
3300,1627,29,0
3300,1628,30,0
3300,1629,31,0
3300,1630,32,0
3300,1631,33,0
3300,1632,34,0
3300,1633,35,0
3300,1634,36,0
3300,1635,37,0
3300,1636,38,0
3300,1637,39,0
3300,1638,40,0
3300,1639,41,0
3300,1640,42,0
3300,1641,43,0
3300,1642,44,0
3300,1643,45,0
3300,1644,46,0
3300,1645,47,0
3300,1646,48,0
3300,1647,49,0
3300,1648,50,0
3300,1649,51,0
3300,1650,52,0
3300,1651,53,0
3300,1652,54,0
3300,1653,55,0
3300,1654,56,0
3300,1655,57,0
3300,1656,58,0
3300,1657,59,0
3300,1658,60,0
3300,1659,61,0
3300,1660,62,0
3300,1661,63,0
3300,1662,64,0
3300,1663,65,0
3300,1664,66,0
3300,1665,67,0
3300,1666,68,0
3300,1667,69,0
3300,1668,70,0
3300,1669,71,0
3300,1670,72,0
3300,1671,73,0
3300,1672,74,0
3300,1673,75,0
3300,1674,76,0
3300,1675,77,0
3300,1506,78,0
3300,1507,79,0
3300,1508,80,0
3300,1676,81,0
3300,1677,82,0
3300,1678,83,0
3300,1679,84,0
3300,1680,85,0
3300,1681,86,0
3300,1682,87,0
3300,1683,88,0
3300,1684,89,0
3300,1685,90,0
3300,1686,91,0
3300,1687,92,0
3300,1688,93,0
3300,1515,94,0
3300,1516,95,0
3300,1517,96,1
3401,1448,1,0
3401,1324,2,0
3401,1449,3,0
3401,1611,4,0
3401,1612,5,0
3401,1613,6,0
3401,1614,7,0
3401,1615,8,0
3401,1616,9,0
3401,1617,10,0
3401,1618,11,0
3401,1619,12,0
3401,1620,13,0
3401,1621,14,0
3401,1622,15,0
3401,1623,16,0
3401,1624,17,0
3401,1456,18,0
3401,1457,19,0
3401,1458,20,0
3401,1459,21,0
3401,1689,22,0
3401,1690,23,0
3401,1691,24,0
3401,1692,25,0
3401,1693,26,0
3401,1694,27,0
3401,1695,28,0
3401,1696,29,0
3401,1697,30,0
3401,1698,31,0
3401,1699,32,0
3401,1700,33,0
3401,1701,34,0
3401,1702,35,0
3401,1703,36,0
3401,1704,37,0
3401,1705,38,0
3401,1706,39,0
3401,1707,40,0
3401,1649,41,0
3401,1650,42,0
3401,1651,43,0
3401,1652,44,0
3401,1653,45,0
3401,1654,46,0
3401,1655,47,0
3401,1708,48,0
3401,1709,49,0
3401,1710,50,0
3401,1711,51,0
3401,1712,52,0
3401,1713,53,0
3401,1714,54,0
3401,1715,55,0
3401,1716,56,0
3401,1717,57,0
3401,1718,58,0
3401,1719,59,0
3401,1720,60,0
3401,1721,61,0
3401,1722,62,0
3401,1723,63,0
3401,1724,64,0
3401,1725,65,0
3401,1726,66,0
3401,1727,67,0
3401,1728,68,0
3401,1729,69,0
3401,1730,70,0
3401,1500,71,0
3401,1501,72,0
3401,1502,73,0
3401,1503,74,0
3401,1504,75,0
3401,1505,76,0
3401,1506,77,0
3401,1507,78,0
3401,1508,79,0
3401,1676,80,0
3401,1677,81,0
3401,1678,82,0
3401,1679,83,0
3401,1680,84,0
3401,1681,85,0
3401,1682,86,0
3401,1683,87,0
3401,1684,88,0
3401,1685,89,0
3401,1686,90,0
3401,1687,91,0
3401,1688,92,0
3401,1515,93,0
3401,1516,94,0
3401,1517,95,1
3503,1519,1,0
3503,1579,2,0
3503,1580,3,0
3503,1581,4,0
3503,1582,5,0
3503,1736,6,0
3503,1737,7,0
3503,1399,8,0
3503,1400,9,0
3503,1401,10,0
3503,1402,11,0
3503,1403,12,0
3503,1404,13,0
3503,1405,14,0
3503,1406,15,0
3503,1407,16,0
3503,1408,17,0
3503,1409,18,0
3503,1410,19,0
3503,1411,20,0
3503,1738,21,0
3503,1731,22,1
3504,1731,1,0
3504,1732,2,0
3504,1733,3,0
3504,1412,4,0
3504,1413,5,0
3504,1414,6,0
3504,1415,7,0
3504,1416,8,0
3504,1417,9,0
3504,1418,10,0
3504,1419,11,0
3504,1420,12,0
3504,1734,13,0
3504,1439,14,0
3504,1440,15,0
3504,1441,16,0
3504,1735,17,0
3504,1610,18,0
3504,1576,19,0
3504,1577,20,0
3504,1578,21,0
3504,1324,22,0
3504,1516,23,0
3504,1517,24,0
3504,1519,25,1
3603,1519,1,0
3603,1337,2,0
3603,1338,3,0
3603,1339,4,0
3603,1340,5,0
3603,1586,6,0
3603,1587,7,0
3603,1588,8,0
3603,1430,9,0
3603,1431,10,0
3603,1409,11,0
3603,1410,12,0
3603,1411,13,0
3603,1738,14,0
3603,1731,15,1
3604,1731,1,0
3604,1732,2,0
3604,1733,3,0
3604,1412,4,0
3604,1413,5,0
3604,1414,6,0
3604,1415,7,0
3604,1416,8,0
3604,1417,9,0
3604,1418,10,0
3604,1419,11,0
3604,1420,12,0
3604,1421,13,0
3604,1571,14,0
3604,1572,15,0
3604,1573,16,0
3604,1448,17,1
3701,1519,1,0
3701,1324,2,0
3701,1325,3,0
3701,1326,4,0
3701,1327,5,0
3701,1383,6,0
3701,1384,7,0
3701,1385,8,0
3701,1386,9,0
3701,1387,10,0
3701,1388,11,0
3701,1389,12,0
3701,1390,13,0
3701,1391,14,0
3701,1392,15,0
3701,1393,16,0
3701,1394,17,0
3701,1395,18,0
3701,1396,19,0
3701,1397,20,0
3701,1443,21,0
3701,1444,22,0
3701,1445,23,0
3701,1446,24,0
3701,1447,25,0
3701,1334,26,0
3701,1335,27,0
3701,1336,28,0
3701,1516,29,0
3701,1517,30,1
3801,1448,1,0
3801,1324,2,0
3801,1449,3,0
3801,1450,4,0
3801,1451,5,0
3801,1739,6,0
3801,1740,7,0
3801,1741,8,0
3801,1742,9,0
3801,1743,10,0
3801,1744,11,0
3801,1745,12,0
3801,1746,13,0
3801,1747,14,0
3801,1748,15,0
3801,1749,16,0
3801,1750,17,0
3801,1462,18,0
3801,1463,19,0
3801,1464,20,0
3801,1625,21,0
3801,1626,22,0
3801,1751,23,0
3801,1752,24,0
3801,1753,25,0
3801,1495,26,0
3801,1496,27,0
3801,1754,28,0
3801,1755,29,0
3801,1756,30,0
3801,1478,31,0
3801,1479,32,0
3801,1480,33,0
3801,1481,34,0
3801,1315,35,0
3801,1316,36,0
3801,1317,37,0
3801,1525,38,0
3801,1757,39,0
3801,1515,40,0
3801,1516,41,0
3801,1517,42,1
3900,1448,1,0
3900,1324,2,0
3900,1758,3,0
3900,1344,4,0
3900,1345,5,0
3900,1346,6,0
3900,1483,7,0
3900,1484,8,0
3900,1485,9,0
3900,1759,10,0
3900,1760,11,0
3900,1468,12,0
3900,1469,13,0
3900,1761,14,0
3900,1762,15,0
3900,1763,16,0
3900,1764,17,0
3900,1730,18,0
3900,1500,19,0
3900,1501,20,0
3900,1765,21,0
3900,1766,22,0
3900,1767,23,0
3900,1768,24,0
3900,1769,25,0
3900,1770,26,0
3900,1771,27,0
3900,1772,28,0
3900,1773,29,0
3900,1774,30,0
3900,1775,31,0
3900,1776,32,0
3900,1777,33,0
3900,1513,34,0
3900,1514,35,0
3900,1515,36,0
3900,1516,37,0
3900,1517,38,1
4001,1865,1,0
4001,1866,2,0
4001,1867,3,0
4001,1868,4,0
4001,1869,5,0
4001,1870,6,0
4001,1871,7,0
4001,1872,8,0
4001,1873,9,0
4001,1874,10,0
4001,1875,11,0
4001,1876,12,0
4001,1877,13,0
4001,1878,14,0
4001,1879,15,0
4001,1880,16,0
4001,1881,17,0
4001,1778,18,0
4001,1779,19,0
4001,1780,20,0
4001,1781,21,0
4001,1782,22,0
4001,1783,23,0
4001,1784,24,0
4001,1785,25,0
4001,1786,26,0
4001,1787,27,0
4001,1788,28,0
4001,1789,29,0
4001,1790,30,0
4001,1791,31,0
4001,1792,32,0
4001,1793,33,0
4001,1794,34,0
4001,1795,35,0
4001,1796,36,0
4001,1797,37,0
4001,1798,38,0
4001,1799,39,0
4001,1800,40,0
4001,1801,41,0
4001,1802,42,0
4001,1803,43,0
4001,1804,44,0
4001,1805,45,0
4001,1806,46,0
4001,1807,47,0
4001,1677,48,0
4001,1678,49,0
4001,1510,50,0
4001,1511,51,0
4001,1512,52,0
4001,1882,53,0
4001,1883,54,0
4001,1884,55,0
4001,1885,56,0
4001,1482,57,0
4001,1347,58,0
4001,1348,59,0
4001,1349,60,0
4001,1350,61,0
4001,1351,62,0
4001,1352,63,0
4001,1353,64,0
4001,1422,65,0
4001,1423,66,0
4001,1424,67,0
4001,1425,68,0
4001,1197,69,0
4001,1198,70,0
4001,1199,71,0
4001,756,72,0
4001,258,73,0
4001,259,74,0
4001,260,75,0
4001,115,76,0
4001,116,77,0
4001,1200,78,0
4001,1201,79,0
4001,1513,80,0
4001,1514,81,0
4001,1515,82,0
4001,1516,83,0
4001,1517,84,0
4001,1520,85,0
4001,1579,86,1
4002,1426,1,0
4002,65,2,0
4002,20,3,0
4002,21,4,0
4002,211,5,0
4002,212,6,0
4002,213,7,0
4002,214,8,0
4002,215,9,0
4002,1202,10,0
4002,1203,11,0
4002,1204,12,0
4002,1205,13,0
4002,1427,14,0
4002,1428,15,0
4002,1429,16,0
4002,1308,17,0
4002,1309,18,0
4002,1310,19,0
4002,1311,20,0
4002,1312,21,0
4002,1313,22,0
4002,1314,23,0
4002,1483,24,0
4002,1862,25,0
4002,1863,26,0
4002,1864,27,0
4002,1520,28,0
4002,1324,29,0
4002,1449,30,0
4002,1450,31,0
4002,1451,32,0
4002,1452,33,0
4002,1453,34,0
4002,1454,35,0
4002,1808,36,0
4002,1621,37,0
4002,1622,38,0
4002,1809,39,0
4002,1810,40,0
4002,1811,41,0
4002,1812,42,0
4002,1813,43,0
4002,1814,44,0
4002,1815,45,0
4002,1816,46,0
4002,1817,47,0
4002,1818,48,0
4002,1819,49,0
4002,1820,50,0
4002,1821,51,0
4002,1822,52,0
4002,1823,53,0
4002,1824,54,0
4002,1825,55,0
4002,1826,56,0
4002,1827,57,0
4002,1828,58,0
4002,1829,59,0
4002,1830,60,0
4002,1831,61,0
4002,1832,62,0
4002,1833,63,0
4002,1834,64,0
4002,1835,65,0
4002,1836,66,0
4002,1837,67,0
4002,1838,68,0
4002,1839,69,0
4002,1840,70,0
4002,1841,71,0
4002,1842,72,0
4002,1843,73,0
4002,1844,74,0
4002,1845,75,0
4002,1846,76,0
4002,1847,77,0
4002,1848,78,0
4002,1849,79,0
4002,1850,80,0
4002,1851,81,0
4002,1852,82,0
4002,1853,83,0
4002,1854,84,0
4002,1855,85,0
4002,1856,86,0
4002,1857,87,0
4002,1858,88,0
4002,1859,89,0
4002,1860,90,0
4002,1861,91,0
4002,1778,92,0
4002,1865,93,1
4102,1778,1,0
4102,1886,2,0
4102,1887,3,0
4102,1888,4,0
4102,1889,5,0
4102,1890,6,0
4102,1891,7,0
4102,1892,8,0
4102,1893,9,0
4102,1894,10,0
4102,1895,11,0
4102,1896,12,0
4102,1897,13,0
4102,1898,14,0
4102,1899,15,0
4102,1900,16,0
4102,1901,17,0
4102,1902,18,0
4102,1855,19,0
4102,1856,20,0
4102,1857,21,0
4102,1903,22,0
4102,1904,23,0
4102,1905,24,0
4102,1906,25,0
4102,1907,26,0
4102,1858,27,0
4102,1859,28,0
4102,1860,29,0
4102,1861,30,1
4200,1918,1,0
4200,1919,2,0
4200,1920,3,0
4200,1921,4,0
4200,1922,5,0
4200,1923,6,0
4200,1924,7,0
4200,1925,8,0
4200,1926,9,0
4200,1927,10,0
4200,1928,11,0
4200,1929,12,0
4200,1930,13,0
4200,1797,14,0
4200,1798,15,0
4200,1820,16,0
4200,1821,17,0
4200,1822,18,0
4200,1823,19,0
4200,1824,20,0
4200,1825,21,0
4200,1826,22,0
4200,1827,23,0
4200,1828,24,0
4200,1829,25,0
4200,1830,26,0
4200,1831,27,0
4200,1832,28,0
4200,1833,29,0
4200,1834,30,0
4200,1931,31,0
4200,1932,32,0
4200,1933,33,0
4200,1934,34,0
4200,1935,35,0
4200,1835,36,0
4200,1836,37,0
4200,1936,38,0
4200,1937,39,0
4200,1938,40,0
4200,1939,41,0
4200,1940,42,0
4200,1941,43,0
4200,1942,44,0
4200,1943,45,0
4200,1944,46,0
4200,1837,47,0
4200,1838,48,0
4200,1839,49,0
4200,1840,50,0
4200,1841,51,0
4200,1865,52,0
4200,1778,53,0
4200,1799,54,0
4200,1800,55,0
4200,1801,56,0
4200,1802,57,0
4200,1803,58,0
4200,1804,59,0
4200,1805,60,0
4200,1806,61,0
4200,1807,62,0
4200,1677,63,0
4200,1678,64,0
4200,1510,65,0
4200,1511,66,0
4200,1512,67,0
4200,1513,68,0
4200,1514,69,0
4200,1515,70,0
4200,1516,71,0
4200,1517,72,0
4200,1519,73,1
4201,1519,1,0
4201,1324,2,0
4201,1449,3,0
4201,1450,4,0
4201,1451,5,0
4201,1452,6,0
4201,1453,7,0
4201,1454,8,0
4201,1808,9,0
4201,1621,10,0
4201,1622,11,0
4201,1809,12,0
4201,1810,13,0
4201,1811,14,0
4201,1812,15,0
4201,1813,16,0
4201,1814,17,0
4201,1815,18,0
4201,1816,19,0
4201,1817,20,0
4201,1818,21,0
4201,1819,22,0
4201,1778,23,0
4201,1779,24,0
4201,1780,25,0
4201,1781,26,0
4201,1782,27,0
4201,1936,28,0
4201,1937,29,0
4201,1938,30,0
4201,1939,31,0
4201,1940,32,0
4201,1941,33,0
4201,1942,34,0
4201,1943,35,0
4201,1944,36,0
4201,1783,37,0
4201,1784,38,0
4201,1931,39,0
4201,1932,40,0
4201,1933,41,0
4201,1934,42,0
4201,1935,43,0
4201,1785,44,0
4201,1786,45,0
4201,1787,46,0
4201,1788,47,0
4201,1789,48,0
4201,1790,49,0
4201,1791,50,0
4201,1792,51,0
4201,1793,52,0
4201,1794,53,0
4201,1795,54,0
4201,1796,55,0
4201,1797,56,0
4201,1798,57,0
4201,1820,58,0
4201,1821,59,0
4201,1908,60,0
4201,1909,61,0
4201,1910,62,0
4201,1911,63,0
4201,1912,64,0
4201,1913,65,0
4201,1914,66,0
4201,1915,67,0
4201,1916,68,0
4201,1917,69,0
4201,1918,70,1
4301,1865,1,0
4301,1866,2,0
4301,1867,3,0
4301,1868,4,0
4301,1869,5,0
4301,1870,6,0
4301,1871,7,0
4301,1872,8,0
4301,1873,9,0
4301,1874,10,0
4301,1875,11,0
4301,1876,12,0
4301,1877,13,0
4301,1878,14,0
4301,1879,15,0
4301,1880,16,0
4301,1881,17,0
4301,1778,18,0
4301,1779,19,0
4301,1780,20,0
4301,1781,21,0
4301,1782,22,0
4301,1783,23,0
4301,1784,24,0
4301,1785,25,0
4301,1786,26,0
4301,1787,27,0
4301,1788,28,0
4301,1789,29,0
4301,1790,30,0
4301,1791,31,0
4301,1792,32,0
4301,1793,33,0
4301,1794,34,0
4301,1795,35,0
4301,1796,36,0
4301,1797,37,0
4301,1798,38,0
4301,1799,39,0
4301,1800,40,0
4301,1801,41,0
4301,1802,42,0
4301,1803,43,0
4301,1804,44,0
4301,1805,45,0
4301,1949,46,0
4301,1950,47,0
4301,1446,48,0
4301,1447,49,0
4301,1334,50,0
4301,1335,51,0
4301,1336,52,0
4301,1516,53,0
4301,1951,54,0
4301,1952,55,0
4301,1527,56,0
4301,1528,57,0
4301,1953,58,0
4301,1422,59,0
4301,1423,60,0
4301,1424,61,0
4301,1425,62,0
4301,1197,63,0
4301,1198,64,0
4301,1199,65,0
4301,756,66,0
4301,258,67,0
4301,259,68,0
4301,260,69,0
4301,115,70,0
4301,116,71,0
4301,1200,72,0
4301,1201,73,1
4302,1426,1,0
4302,65,2,0
4302,20,3,0
4302,21,4,0
4302,211,5,0
4302,212,6,0
4302,213,7,0
4302,214,8,0
4302,215,9,0
4302,1202,10,0
4302,1203,11,0
4302,1204,12,0
4302,1205,13,0
4302,1427,14,0
4302,1428,15,0
4302,1429,16,0
4302,1552,17,0
4302,1553,18,0
4302,1342,19,0
4302,1945,20,0
4302,1946,21,0
4302,1325,22,0
4302,1326,23,0
4302,1327,24,0
4302,1384,25,0
4302,1385,26,0
4302,1947,27,0
4302,1948,28,0
4302,1810,29,0
4302,1811,30,0
4302,1812,31,0
4302,1813,32,0
4302,1814,33,0
4302,1815,34,0
4302,1816,35,0
4302,1817,36,0
4302,1818,37,0
4302,1819,38,0
4302,1820,39,0
4302,1821,40,0
4302,1822,41,0
4302,1823,42,0
4302,1824,43,0
4302,1825,44,0
4302,1826,45,0
4302,1827,46,0
4302,1828,47,0
4302,1829,48,0
4302,1830,49,0
4302,1831,50,0
4302,1832,51,0
4302,1833,52,0
4302,1834,53,0
4302,1835,54,0
4302,1836,55,0
4302,1837,56,0
4302,1838,57,0
4302,1839,58,0
4302,1840,59,0
4302,1841,60,0
4302,1842,61,0
4302,1843,62,0
4302,1844,63,0
4302,1845,64,0
4302,1846,65,0
4302,1847,66,0
4302,1848,67,0
4302,1849,68,0
4302,1850,69,0
4302,1851,70,0
4302,1852,71,0
4302,1853,72,0
4302,1854,73,0
4302,1855,74,0
4302,1856,75,0
4302,1857,76,0
4302,1858,77,0
4302,1859,78,0
4302,1860,79,0
4302,1861,80,0
4302,1778,81,1
4403,1954,1,0
4403,65,2,0
4403,20,3,0
4403,21,4,0
4403,211,5,0
4403,212,6,0
4403,213,7,0
4403,214,8,0
4403,215,9,0
4403,1202,10,0
4403,1203,11,0
4403,1204,12,0
4403,1205,13,0
4403,1206,14,0
4403,1281,15,0
4403,1955,16,0
4403,1956,17,0
4403,1957,18,0
4403,1262,19,0
4403,1958,20,0
4403,1959,21,0
4403,1960,22,0
4403,1961,23,1
4404,1961,1,0
4404,1962,2,0
4404,1963,3,0
4404,1964,4,0
4404,1965,5,0
4404,1966,6,0
4404,1967,7,0
4404,1968,8,0
4404,1196,9,0
4404,1197,10,0
4404,1198,11,0
4404,1199,12,0
4404,756,13,0
4404,258,14,0
4404,259,15,0
4404,260,16,0
4404,115,17,0
4404,116,18,0
4404,1200,19,0
4404,1201,20,1
4503,1954,1,0
4503,65,2,0
4503,20,3,0
4503,21,4,0
4503,211,5,0
4503,212,6,0
4503,213,7,0
4503,214,8,0
4503,215,9,0
4503,1202,10,0
4503,1203,11,0
4503,1204,12,0
4503,1205,13,0
4503,1206,14,0
4503,1281,15,0
4503,1955,16,0
4503,1956,17,0
4503,1957,18,0
4503,1262,19,0
4503,1958,20,0
4503,1969,21,0
4503,1970,22,0
4503,1971,23,0
4503,1972,24,0
4503,1973,25,0
4503,1974,26,0
4503,1959,27,0
4503,1975,28,0
4503,1976,29,0
4503,1977,30,0
4503,1978,31,0
4503,1979,32,0
4503,1980,33,0
4503,1981,34,0
4503,1982,35,0
4503,1983,36,0
4503,1984,37,0
4503,1985,38,0
4503,1986,39,0
4503,1987,40,0
4503,1988,41,0
4503,1960,42,0
4503,1961,43,1
4504,1989,1,0
4504,1990,2,0
4504,1991,3,0
4504,1992,4,0
4504,1993,5,0
4504,1994,6,0
4504,1995,7,0
4504,1996,8,0
4504,1997,9,0
4504,1998,10,0
4504,1999,11,0
4504,2000,12,0
4504,2001,13,0
4504,1963,14,0
4504,2002,15,0
4504,2003,16,0
4504,2004,17,0
4504,2005,18,0
4504,2006,19,0
4504,2007,20,0
4504,1964,21,0
4504,1965,22,0
4504,1966,23,0
4504,1967,24,0
4504,1968,25,0
4504,1196,26,0
4504,1197,27,0
4504,1198,28,0
4504,1199,29,0
4504,756,30,0
4504,258,31,0
4504,259,32,0
4504,260,33,0
4504,115,34,0
4504,116,35,0
4504,1200,36,0
4504,1201,37,1
4603,1954,1,0
4603,65,2,0
4603,20,3,0
4603,21,4,0
4603,211,5,0
4603,212,6,0
4603,213,7,0
4603,214,8,0
4603,215,9,0
4603,1202,10,0
4603,1203,11,0
4603,1204,12,0
4603,1058,13,0
4603,1059,14,0
4603,2035,15,0
4603,1281,16,0
4603,1955,17,0
4603,1956,18,0
4603,2036,19,0
4603,1283,20,0
4603,1284,21,0
4603,1285,22,0
4603,1957,23,0
4603,1262,24,0
4603,2037,25,0
4603,2038,26,0
4603,2039,27,0
4603,2040,28,0
4603,2041,29,0
4603,2042,30,0
4603,2043,31,0
4603,2044,32,0
4603,2045,33,0
4603,2046,34,0
4603,2047,35,0
4603,2048,36,0
4603,2049,37,0
4603,2050,38,0
4603,2051,39,0
4603,2052,40,0
4603,2053,41,0
4603,2054,42,0
4603,2055,43,0
4603,2056,44,0
4603,2057,45,0
4603,2058,46,0
4603,2059,47,0
4603,1959,48,0
4603,1975,49,0
4603,1976,50,0
4603,1977,51,0
4603,1978,52,0
4603,1979,53,0
4603,1980,54,0
4603,1981,55,0
4603,1982,56,0
4603,1983,57,0
4603,1984,58,0
4603,1985,59,0
4603,1986,60,0
4603,1987,61,0
4603,1988,62,0
4603,1960,63,0
4603,1961,64,1
4604,1961,1,0
4604,1962,2,0
4604,2008,3,0
4604,1989,4,0
4604,1990,5,0
4604,1991,6,0
4604,1992,7,0
4604,1993,8,0
4604,1994,9,0
4604,1995,10,0
4604,1996,11,0
4604,1997,12,0
4604,1998,13,0
4604,1999,14,0
4604,2000,15,0
4604,2001,16,0
4604,1963,17,0
4604,2009,18,0
4604,2010,19,0
4604,2011,20,0
4604,2012,21,0
4604,2013,22,0
4604,2014,23,0
4604,2015,24,0
4604,2016,25,0
4604,2017,26,0
4604,2018,27,0
4604,2019,28,0
4604,2020,29,0
4604,2021,30,0
4604,2022,31,0
4604,2023,32,0
4604,2024,33,0
4604,2025,34,0
4604,2026,35,0
4604,2027,36,0
4604,2028,37,0
4604,2029,38,0
4604,2030,39,0
4604,2031,40,0
4604,2032,41,0
4604,1965,42,0
4604,1291,43,0
4604,1292,44,0
4604,1293,45,0
4604,1294,46,0
4604,2033,47,0
4604,1968,48,0
4604,2034,49,0
4604,1040,50,0
4604,1041,51,0
4604,1197,52,0
4604,1198,53,0
4604,1199,54,0
4604,756,55,0
4604,258,56,0
4604,259,57,0
4604,260,58,0
4604,115,59,0
4604,116,60,0
4604,1200,61,0
4604,1201,62,0
4604,466,63,1
4703,1280,1,0
4703,65,2,0
4703,20,3,0
4703,21,4,0
4703,211,5,0
4703,212,6,0
4703,213,7,0
4703,214,8,0
4703,215,9,0
4703,1202,10,0
4703,1203,11,0
4703,1204,12,0
4703,1058,13,0
4703,1059,14,0
4703,2035,15,0
4703,1281,16,0
4703,1955,17,0
4703,319,18,0
4703,320,19,0
4703,321,20,0
4703,1227,21,0
4703,1957,22,0
4703,1262,23,0
4703,2060,24,0
4703,2061,25,0
4703,2062,26,0
4703,2063,27,0
4703,2064,28,0
4703,2065,29,0
4703,2066,30,0
4703,2067,31,0
4703,2068,32,0
4703,2069,33,0
4703,2070,34,0
4703,2071,35,0
4703,2072,36,0
4703,2073,37,0
4703,2074,38,0
4703,2075,39,0
4703,2132,40,0
4703,2116,41,0
4703,2076,42,0
4703,2077,43,0
4703,2078,44,0
4703,2079,45,0
4703,2080,46,0
4703,2081,47,0
4703,2082,48,0
4703,2083,49,0
4703,2084,50,0
4703,2101,51,0
4703,2102,52,0
4703,2103,53,0
4703,2104,54,0
4703,2105,55,0
4703,2106,56,0
4703,2107,57,0
4703,2108,58,0
4703,2085,59,0
4703,2086,60,0
4703,2087,61,0
4703,2088,62,0
4703,2089,63,0
4703,2090,64,0
4703,2091,65,0
4703,2092,66,0
4703,2093,67,0
4703,2094,68,0
4703,2095,69,0
4703,2096,70,0
4703,2025,71,1
4704,2025,1,0
4704,2026,2,0
4704,2097,3,0
4704,2098,4,0
4704,2099,5,0
4704,2100,6,0
4704,2084,7,0
4704,2101,8,0
4704,2102,9,0
4704,2103,10,0
4704,2104,11,0
4704,2105,12,0
4704,2106,13,0
4704,2107,14,0
4704,2108,15,0
4704,2109,16,0
4704,2110,17,0
4704,2111,18,0
4704,2112,19,0
4704,2113,20,0
4704,2114,21,0
4704,2115,22,0
4704,2116,23,0
4704,2117,24,0
4704,2118,25,0
4704,2119,26,0
4704,2120,27,0
4704,2121,28,0
4704,2122,29,0
4704,2123,30,0
4704,2124,31,0
4704,2125,32,0
4704,2126,33,0
4704,2127,34,0
4704,2128,35,0
4704,2129,36,0
4704,2130,37,0
4704,2131,38,0
4704,1965,39,0
4704,1291,40,0
4704,1292,41,0
4704,1293,42,0
4704,1294,43,0
4704,2033,44,0
4704,1968,45,0
4704,2034,46,0
4704,1040,47,0
4704,1041,48,0
4704,1197,49,0
4704,1198,50,0
4704,1199,51,0
4704,756,52,0
4704,258,53,0
4704,259,54,0
4704,260,55,0
4704,115,56,0
4704,116,57,0
4704,1200,58,0
4704,1201,59,0
4704,263,60,0
4704,333,61,0
4704,466,62,1
4803,2132,1,0
4803,2116,2,0
4803,2076,3,0
4803,2077,4,0
4803,2078,5,0
4803,2079,6,0
4803,2080,7,0
4803,2081,8,0
4803,2082,9,0
4803,2083,10,0
4803,2084,11,0
4803,2085,12,0
4803,2086,13,0
4803,2087,14,0
4803,2088,15,0
4803,2089,16,0
4803,2090,17,0
4803,2091,18,0
4803,2092,19,0
4803,2093,20,0
4803,2094,21,0
4803,2095,22,0
4803,2096,23,0
4803,2133,24,0
4803,2134,25,0
4803,2135,26,0
4803,2136,27,0
4803,2137,28,0
4803,2138,29,0
4803,2139,30,0
4803,2140,31,0
4803,2141,32,0
4803,2142,33,0
4803,2143,34,0
4803,2144,35,0
4803,2145,36,0
4803,2146,37,0
4803,2147,38,0
4803,2148,39,0
4803,2149,40,0
4803,2055,41,0
4803,2056,42,0
4803,2057,43,0
4803,2058,44,0
4803,2059,45,0
4803,1959,46,0
4803,1975,47,0
4803,2150,48,0
4803,2151,49,0
4803,2152,50,0
4803,2153,51,0
4803,2154,52,0
4803,1981,53,0
4803,1982,54,0
4803,1983,55,0
4803,1984,56,0
4803,1985,57,0
4803,1986,58,0
4803,1987,59,0
4803,1988,60,0
4803,1960,61,0
4803,2155,62,0
4803,2001,63,1
4804,2155,1,0
4804,1962,2,0
4804,2008,3,0
4804,1989,4,0
4804,1990,5,0
4804,1991,6,0
4804,1992,7,0
4804,1993,8,0
4804,1994,9,0
4804,2156,10,0
4804,2157,11,0
4804,2158,12,0
4804,2159,13,0
4804,2160,14,0
4804,2161,15,0
4804,2001,16,0
4804,1963,17,0
4804,2009,18,0
4804,2010,19,0
4804,2011,20,0
4804,2012,21,0
4804,2013,22,0
4804,2014,23,0
4804,2162,24,0
4804,2163,25,0
4804,2164,26,0
4804,2165,27,0
4804,2166,28,0
4804,2167,29,0
4804,2168,30,0
4804,2169,31,0
4804,2170,32,0
4804,2171,33,0
4804,2139,34,0
4804,2172,35,0
4804,2173,36,0
4804,2174,37,0
4804,2134,38,0
4804,2175,39,0
4804,2176,40,0
4804,2177,41,0
4804,2178,42,0
4804,2179,43,0
4804,2097,44,0
4804,2098,45,0
4804,2099,46,0
4804,2180,47,0
4804,2181,48,0
4804,2182,49,0
4804,2183,50,0
4804,2184,51,0
4804,2185,52,0
4804,2186,53,0
4804,2187,54,0
4804,2188,55,0
4804,2189,56,0
4804,2073,57,0
4804,2074,58,0
4804,2075,59,0
4804,2076,60,0
4804,2132,61,1
4903,2133,1,0
4903,2134,2,0
4903,2136,3,0
4903,2137,4,0
4903,2138,5,0
4903,2139,6,0
4903,2190,7,0
4903,2191,8,0
4903,2192,9,0
4903,2193,10,0
4903,2140,11,0
4903,2141,12,0
4903,2142,13,0
4903,2143,14,0
4903,2144,15,0
4903,2145,16,0
4903,2146,17,0
4903,2147,18,0
4903,2148,19,0
4903,2149,20,0
4903,1969,21,0
4903,1970,22,0
4903,1971,23,0
4903,1972,24,0
4903,1973,25,0
4903,1974,26,0
4903,2001,27,1
4904,2001,1,0
4904,1963,2,0
4904,2002,3,0
4904,2003,4,0
4904,2004,5,0
4904,2005,6,0
4904,2006,7,0
4904,2007,8,0
4904,2162,9,0
4904,2163,10,0
4904,2164,11,0
4904,2165,12,0
4904,2166,13,0
4904,2167,14,0
4904,2168,15,0
4904,2169,16,0
4904,2170,17,0
4904,2171,18,0
4904,2139,19,0
4904,2190,20,0
4904,2191,21,0
4904,2192,22,0
4904,2193,23,0
4904,2172,24,0
4904,2173,25,0
4904,2174,26,0
4904,2134,27,0
4904,2175,28,0
4904,2176,29,0
4904,2177,30,0
4904,2178,31,0
4904,2179,32,0
4904,2097,33,0
4904,2098,34,0
4904,2099,35,0
4904,2180,36,0
4904,2181,37,0
4904,2182,38,0
4904,2183,39,0
4904,2184,40,0
4904,2101,41,1
5003,1302,1,0
5003,1303,2,0
5003,1304,3,0
5003,1305,4,0
5003,787,5,0
5003,788,6,0
5003,783,7,0
5003,735,8,0
5003,779,9,0
5003,780,10,0
5003,2229,11,0
5003,2230,12,0
5003,2231,13,0
5003,2232,14,0
5003,2233,15,0
5003,2234,16,0
5003,2235,17,0
5003,2236,18,0
5003,2237,19,0
5003,2238,20,0
5003,2239,21,0
5003,2240,22,0
5003,2241,23,0
5003,2242,24,0
5003,2243,25,0
5003,2244,26,0
5003,2245,27,0
5003,2246,28,0
5003,2247,29,0
5003,2248,30,0
5003,2084,31,0
5003,2085,32,0
5003,2249,33,0
5003,2250,34,0
5003,2251,35,0
5003,2252,36,0
5003,2253,37,0
5003,2254,38,0
5003,2255,39,0
5003,2256,40,0
5003,2257,41,0
5003,2258,42,0
5003,2259,43,0
5003,2260,44,0
5003,2261,45,0
5003,2262,46,0
5003,2263,47,0
5003,1974,48,0
5003,2001,49,1
5004,2001,1,0
5004,1963,2,0
5004,2002,3,0
5004,2194,4,0
5004,2195,5,0
5004,2196,6,0
5004,2197,7,0
5004,2198,8,0
5004,2199,9,0
5004,2200,10,0
5004,2201,11,0
5004,2202,12,0
5004,2203,13,0
5004,2204,14,0
5004,2205,15,0
5004,2206,16,0
5004,2207,17,0
5004,2208,18,0
5004,2209,19,0
5004,2210,20,0
5004,2211,21,0
5004,2212,22,0
5004,2184,23,0
5004,2101,24,0
5004,2102,25,0
5004,2103,26,0
5004,2104,27,0
5004,2105,28,0
5004,2106,29,0
5004,2107,30,0
5004,2108,31,0
5004,2082,32,0
5004,2083,33,0
5004,2186,34,0
5004,2187,35,0
5004,2188,36,0
5004,2189,37,0
5004,2213,38,0
5004,2214,39,0
5004,2215,40,0
5004,2216,41,0
5004,2217,42,0
5004,2218,43,0
5004,2219,44,0
5004,2220,45,0
5004,2221,46,0
5004,2222,47,0
5004,2223,48,0
5004,2224,49,0
5004,2225,50,0
5004,2226,51,0
5004,2227,52,0
5004,2228,53,0
5004,781,54,0
5004,782,55,0
5004,783,56,0
5004,735,57,0
5004,784,58,0
5004,785,59,0
5004,1355,60,0
5004,1356,61,0
5004,1302,62,1
5100,2001,1,0
5100,1963,2,0
5100,2002,3,0
5100,2194,4,0
5100,2195,5,0
5100,2196,6,0
5100,2197,7,0
5100,2198,8,0
5100,2199,9,0
5100,2200,10,0
5100,2264,11,0
5100,2265,12,0
5100,2266,13,0
5100,2267,14,0
5100,2268,15,0
5100,2269,16,0
5100,2270,17,0
5100,2271,18,0
5100,2272,19,0
5100,2273,20,0
5100,2274,21,0
5100,2275,22,0
5100,2276,23,0
5100,2277,24,0
5100,2278,25,0
5100,2279,26,0
5100,2280,27,0
5100,2281,28,0
5100,2282,29,0
5100,2283,30,0
5100,2284,31,0
5100,2285,32,0
5100,2286,33,0
5100,2287,34,0
5100,2288,35,0
5100,2289,36,0
5100,2290,37,0
5100,2291,38,0
5100,2292,39,0
5100,2293,40,0
5100,2294,41,0
5100,2295,42,0
5100,2296,43,0
5100,2297,44,0
5100,2298,45,0
5100,2299,46,0
5100,2263,47,0
5100,1974,48,0
5100,1959,49,0
5100,1975,50,0
5100,1999,51,0
5100,2000,52,1
5203,2176,1,0
5203,2045,2,0
5203,2046,3,0
5203,2047,4,0
5203,2048,5,0
5203,2049,6,0
5203,2300,7,0
5203,2301,8,0
5203,2302,9,0
5203,2303,10,0
5203,2304,11,0
5203,2305,12,0
5203,2306,13,0
5203,2307,14,0
5203,2308,15,0
5203,2309,16,0
5203,2052,17,0
5203,2053,18,0
5203,2310,19,0
5203,2311,20,0
5203,2312,21,0
5203,2149,22,0
5203,1969,23,0
5203,1970,24,0
5203,1971,25,0
5203,1972,26,0
5203,1973,27,0
5203,1974,28,0
5203,1959,29,0
5203,1975,30,0
5203,2313,31,0
5203,1999,32,0
5203,2000,33,0
5203,2001,34,1
5204,2001,1,0
5204,1963,2,0
5204,2002,3,0
5204,2003,4,0
5204,2004,5,0
5204,2005,6,0
5204,2006,7,0
5204,2007,8,0
5204,2162,9,0
5204,2310,10,0
5204,2311,11,0
5204,2312,12,0
5204,2016,13,0
5204,2314,14,0
5204,2315,15,0
5204,2316,16,0
5204,2317,17,0
5204,2318,18,0
5204,2319,19,0
5204,2320,20,0
5204,2321,21,0
5204,2322,22,0
5204,2323,23,0
5204,2324,24,0
5204,2020,25,0
5204,2021,26,0
5204,2022,27,0
5204,2023,28,0
5204,2024,29,0
5204,2133,30,1
5303,2311,1,0
5303,2312,2,0
5303,2149,3,0
5303,1969,4,0
5303,1970,5,0
5303,1971,6,0
5303,1972,7,0
5303,1973,8,0
5303,1974,9,0
5303,1959,10,0
5303,1975,11,0
5303,2313,12,0
5303,1999,13,0
5303,2000,14,0
5303,2001,15,1
5304,2001,1,0
5304,1963,2,0
5304,2002,3,0
5304,2003,4,0
5304,2004,5,0
5304,2005,6,0
5304,2006,7,0
5304,2007,8,0
5304,2162,9,0
5304,2310,10,0
5304,2311,11,1
