'487',6500,64400,4,'',0,6500,4,'',0,2500,4,'',0,2200,4,'',0,6500,4,'',0,1300,4,'',0,1800,4,'',0,5300,4,'',0,1700,4,'',0,1200,4,'',0,2200,4,'',0,5800,4,'',0,2500,4,'',0,6200,4,'',0,2800,4,'',0,2100,4,'',0,6700,4,'',0,2200,4,'',0,6700,4,'',0,2100,4,'',0,2600,4,'',0,5900,4,'',0,2200,4,'',0,1800,4,'',0,5700,4,'',0,1700,4,'',0,1800,4,'',0,5600,4,'',0,1800,4,'',0,1500,4,'',0,1300,4,'',0,1100,4,'',0,5300,4,'',0,900,4,'',0,1300,4,'',0,1200,4,'',0,1500,4,'',0,5500,4,'',0,2200,4,'',0,1900,4,'',0,6500,4,'',0,2800,4,'',0,7000,4,'',0,9200,4,'',0,9900,4,'',0,9400,4,'',0,9900,4,'',0
'488',6500,64400,4,'',0,6500,4,'',0,2500,4,'',0,2200,4,'',0,6500,4,'',0,1300,4,'',0,1800,4,'',0,5300,4,'',0,1700,4,'',0,1200,4,'',0,2200,4,'',0,5800,4,'',0,2500,4,'',0,6200,4,'',0,2800,4,'',0,2100,4,'',0,6700,4,'',0,2200,4,'',0,6700,4,'',0,2100,4,'',0,2600,4,'',0,5900,4,'',0,2200,4,'',0,1800,4,'',0,5700,4,'',0,1700,4,'',0,1800,4,'',0,5600,4,'',0,1800,4,'',0,1500,4,'',0,1300,4,'',0,1100,4,'',0,5300,4,'',0,900,4,'',0,1300,4,'',0,1200,4,'',0,1500,4,'',0,5500,4,'',0,2200,4,'',0,1900,4,'',0,6500,4,'',0,2800,4,'',0,7000,4,'',0,9200,4,'',0,9900,4,'',0,9400,4,'',0,9900,4,'',0
'489',6500,64400,4,'',0,6500,4,'',0,2500,4,'',0,2200,4,'',0,6500,4,'',0,1300,4,'',0,1800,4,'',0,5300,4,'',0,1700,4,'',0,1200,4,'',0,2200,4,'',0,5800,4,'',0,2500,4,'',0,6200,4,'',0,2800,4,'',0,2100,4,'',0,6700,4,'',0,2200,4,'',0,6700,4,'',0,2100,4,'',0,2600,4,'',0,5900,4,'',0,2200,4,'',0,1800,4,'',0,5700,4,'',0,1700,4,'',0,1800,4,'',0,5600,4,'',0,1800,4,'',0,1500,4,'',0,1300,4,'',0,1100,4,'',0,5300,4,'',0,900,4,'',0,1300,4,'',0,1200,4,'',0,1500,4,'',0,5500,4,'',0,2200,4,'',0,1900,4,'',0,6500,4,'',0,2800,4,'',0,7000,4,'',0,9200,4,'',0,9900,4,'',0,9400,4,'',0,9900,4,'',0
'490',6500,64400,4,'',0,6500,4,'',0,2500,4,'',0,2200,4,'',0,6500,4,'',0,1300,4,'',0,1800,4,'',0,5300,4,'',0,1700,4,'',0,1200,4,'',0,2200,4,'',0,5800,4,'',0,2500,4,'',0,6200,4,'',0,2800,4,'',0,2100,4,'',0,6700,4,'',0,2200,4,'',0,6700,4,'',0,2100,4,'',0,2600,4,'',0,5900,4,'',0,2200,4,'',0,1800,4,'',0,5700,4,'',0,1700,4,'',0,1800,4,'',0,5600,4,'',0,1800,4,'',0,1500,4,'',0,1300,4,'',0,1100,4,'',0,5300,4,'',0,900,4,'',0,1300,4,'',0,1200,4,'',0,1500,4,'',0,5500,4,'',0,2200,4,'',0,1900,4,'',0,6500,4,'',0,2800,4,'',0,7000,4,'',0,9200,4,'',0,9900,4,'',0,9400,4,'',0,9900,4,'',0
'491',6500,64400,4,'',0,6500,4,'',0,2500,4,'',0,2200,4,'',0,6500,4,'',0,1300,4,'',0,1800,4,'',0,5300,4,'',0,1700,4,'',0,1200,4,'',0,2200,4,'',0,5800,4,'',0,2500,4,'',0,6200,4,'',0,2800,4,'',0,2100,4,'',0,6700,4,'',0,2200,4,'',0,6700,4,'',0,2100,4,'',0,2600,4,'',0,5900,4,'',0,2200,4,'',0,1800,4,'',0,5700,4,'',0,1700,4,'',0,1800,4,'',0,5600,4,'',0,1800,4,'',0,1500,4,'',0,1300,4,'',0,1100,4,'',0,5300,4,'',0,900,4,'',0,1300,4,'',0,1200,4,'',0,1500,4,'',0,5500,4,'',0,2200,4,'',0,1900,4,'',0,6500,4,'',0,2800,4,'',0,7000,4,'',0,9200,4,'',0,9900,4,'',0,9400,4,'',0,9900,4,'',0
'492',6500,70600,4,'',0,12200,4,'',0,9900,4,'',0,10400,4,'',0,10200,4,'',0,8900,4,'',0,8500,4,'',0,4400,4,'',0,8400,4,'',0,8000,4,'',0,4100,4,'',0,8100,4,'',0,9300,4,'',0,10600,4,'',0,10500,4,'',0,9600,4,'',0,10300,4,'',0,9300,4,'',0,10000,4,'',0
'493',6500,74800,4,'',0,10200,4,'',0,10100,4,'',0,10200,4,'',0,9500,4,'',0,10200,4,'',0,10600,4,'',0,14500,4,'',0,10500,4,'',0,10500,4,'',0,9700,4,'',0,9700,4,'',0,9800,4,'',0,10300,4,'',0,10000,4,'',0,10000,4,'',0
'494',6500,70600,4,'',0,12200,4,'',0,9900,4,'',0,10400,4,'',0,10200,4,'',0,8900,4,'',0,8500,4,'',0,4400,4,'',0,8400,4,'',0,8000,4,'',0,4100,4,'',0,8100,4,'',0,9300,4,'',0,10600,4,'',0,10500,4,'',0,9600,4,'',0,10300,4,'',0,9300,4,'',0,10000,4,'',0
'495',6500,74800,4,'',0,10200,4,'',0,10100,4,'',0,10200,4,'',0,9500,4,'',0,10200,4,'',0,10600,4,'',0,14500,4,'',0,10500,4,'',0,10500,4,'',0,9700,4,'',0,9700,4,'',0,9800,4,'',0,10300,4,'',0,10000,4,'',0,10000,4,'',0
'487',11101,230100,4,'',0,10200,4,'',0
'488',11101,230100,4,'',0,10200,4,'',0
'489',11101,230100,4,'',0,10200,4,'',0
'490',11101,230100,4,'',0,10200,4,'',0
'491',11101,230100,4,'',0,10200,4,'',0
'492',11101,70100,4,'',0,159900,4,'',0,5800,4,'',0
'493',11101,70200,4,'',0,10300,4,'',0
'494',11101,70100,4,'',0,159900,4,'',0,5800,4,'',0
'495',11101,70200,4,'',0,10300,4,'',0
