2500,'4487',811,,8792,,,0,110,,8790,,,0,116,,8794,,,0,103,,8788,,,0,101,,8786,,,0,99,,8787,,,0,100,,8789,,,0,100,,8793,,,0,99,,8791,,,0,100,,8795,,,0,102,,8796,,,0,162,,8797,,,0,120,,8798,,,0,127,,8799,,,0
2500,'4743',811,,8807,,,0,110,,8805,,,0,116,,8809,,,0,103,,8803,,,0,101,,8801,,,0,99,,8802,,,0,100,,8804,,,0,100,,8808,,,0,99,,8806,,,0,100,,8810,,,0,102,,8811,,,0,162,,8812,,,0,120,,8813,,,0,127,,8814,,,0
2500,'4744',627,,8826,,,0,77,,8818,,,0,36,,8816,,,0,80,,8817,,,0,28,,8824,,,0,93,,8823,,,0,103,,8821,,,0,101,,8819,,,0,101,,8820,,,0,100,,8827,,,0,101,,8822,,,0,101,,8825,,,0,83,,8829,,,0,81,,8828,,,0,93,,8830,,,0,98,,8831,,,0,99,,8832,,,0,120,,8833,,,0,127,,8834,,,0
2500,'4745',802,,8838,,,0,131,,8836,,,0,170,,8837,,,0,131,,8839,,,0,174,,8840,,,0,130,,8841,,,0,170,,8842,,,0,126,,8843,,,0,169,,8844,,,0,119,,8845,,,0,127,,8846,,,0
2500,'4870',627,,8856,,,0,77,,8849,,,0,36,,8847,,,0,80,,8848,,,0,28,,8855,,,0,93,,8854,,,0,103,,8852,,,0,101,,8850,,,0,101,,8851,,,0,100,,8857,,,0,101,,8853,,,0,184,,8859,,,0,81,,8858,,,0,93,,8860,,,0,98,,8861,,,0,99,,8862,,,0,120,,8863,,,0,127,,8864,,,0
2500,'4872',1548,,8866,,,0
2500,'4873',1548,,8867,,,0
2500,'4875',627,,8878,,,0,77,,8870,,,0,36,,8868,,,0,80,,8869,,,0,28,,8876,,,0,93,,8875,,,0,103,,8873,,,0,101,,8871,,,0,101,,8872,,,0,100,,8879,,,0,101,,8874,,,0,101,,8877,,,0,83,,8881,,,0,81,,8880,,,0,93,,8882,,,0,98,,8883,,,0,99,,8884,,,0,120,,8885,,,0,127,,8886,,,0
2500,'4876',811,,8894,,,0,110,,8892,,,0,116,,8896,,,0,103,,8890,,,0,101,,8888,,,0,99,,8889,,,0,100,,8891,,,0,100,,8895,,,0,99,,8893,,,0,100,,8897,,,0,102,,8898,,,0,162,,8899,,,0,120,,8900,,,0,127,,8901,,,0
2500,'4877',802,,8905,,,0,131,,8903,,,0,170,,8904,,,0,131,,8906,,,0,174,,8907,,,0,130,,8908,,,0,170,,8909,,,0,126,,8910,,,0,169,,8911,,,0,119,,8912,,,0,127,,8913,,,0
