600,'5036',536,,37895,12,,,0,20,,37890,23,,,0,72,,37896,23,,,0,31,,37889,23,,,0,66,,37900,23,,,0,24,,37894,23,,,0,65,,37863,23,,,0,20,,37860,23,,,0,19,,37872,23,,,0,59,,37897,23,,,0,19,,37886,23,,,0,25,,37902,23,,,0,64,,37874,23,,,0,23,,37866,23,,,0,65,,37892,23,,,0,23,,37881,23,,,0,24,,37898,23,,,0,64,,37888,23,,,0,25,,37901,23,,,0,64,,37873,23,,,0,25,,37864,23,,,0,67,,37891,23,,,0,23,,37882,23,,,0,21,,37875,23,,,0,60,,37865,23,,,0,20,,37887,23,,,0,16,,37857,23,,,0,14,,37885,23,,,0,57,,37855,23,,,0,14,,37856,23,,,0,16,,37870,23,,,0,15,,37904,23,,,0,54,,37893,23,,,0,13,,37858,23,,,0,16,,37859,23,,,0,14,,37878,23,,,0,54,,37869,23,,,0,17,,37903,23,,,0,17,,37862,23,,,0,63,,37899,23,,,0,24,,37867,23,,,0,28,,37861,23,,,0,73,,37876,23,,,0,18,,37868,23,,,0,75,,37883,23,,,0,18,,37877,23,,,0,78,,37871,23,,,0,19,,37884,23,,,0,99,,37879,23,,,0,98,,37880,23,,,0
600,'5040',536,,37950,12,,,0,20,,37945,23,,,0,72,,37951,23,,,0,31,,37944,23,,,0,66,,37955,23,,,0,24,,37949,23,,,0,65,,37913,23,,,0,20,,37910,23,,,0,19,,37922,23,,,0,59,,37952,23,,,0,19,,37939,23,,,0,25,,37957,23,,,0,64,,37924,23,,,0,23,,37916,23,,,0,65,,37947,23,,,0,23,,37931,23,,,0,24,,37953,23,,,0,64,,37941,23,,,0,25,,37956,23,,,0,64,,37923,23,,,0,25,,37914,23,,,0,67,,37946,23,,,0,23,,37932,23,,,0,21,,37925,23,,,0,60,,37915,23,,,0,20,,37940,23,,,0,16,,37907,23,,,0,14,,37935,23,,,0,57,,37905,23,,,0,14,,37906,23,,,0,16,,37920,23,,,0,15,,37959,23,,,0,54,,37948,23,,,0,13,,37908,23,,,0,16,,37909,23,,,0,14,,37928,23,,,0,54,,37919,23,,,0,17,,37958,23,,,0,17,,37912,23,,,0,63,,37954,23,,,0,24,,37917,23,,,0,28,,37911,23,,,0,73,,37926,23,,,0,18,,37918,23,,,0,75,,37933,23,,,0,18,,37927,23,,,0,78,,37921,23,,,0,19,,37934,23,,,0,99,,37929,23,,,0,98,,37930,23,,,0,70,,37936,23,,,0,30,,37938,23,,,0,69,,37937,23,,,0,30,,37942,23,,,0,69,,37943,23,,,0
600,'5041',601,,37961,23,,,0,31,,37962,23,,,0,84,,37963,23,,,0,20,,37964,23,,,0,76,,37965,23,,,0,20,,37966,23,,,0,18,,37967,23,,,0,71,,37968,23,,,0,15,,37960,23,,,0,15,,37969,23,,,0,67,,37970,23,,,0,13,,37971,23,,,0,13,,37972,23,,,0,12,,37973,23,,,0,64,,37974,23,,,0,12,,37975,23,,,0,12,,37976,23,,,0,65,,37977,23,,,0,12,,37978,23,,,0,12,,37979,23,,,0,24,,37980,23,,,0,52,,37981,23,,,0,13,,37982,23,,,0,24,,37983,23,,,0,12,,37984,23,,,0,52,,37985,23,,,0,20,,37986,23,,,0,10,,37987,23,,,0,10,,37988,23,,,0,62,,37989,23,,,0,11,,37998,23,,,0,10,,37990,23,,,0,20,,37991,23,,,0,51,,37999,23,,,0,10,,37992,23,,,0,20,,37993,23,,,0,11,,38000,23,,,0,10,,37994,23,,,0,60,,37995,23,,,0,11,,37996,23,,,0,12,,38001,23,,,0,12,,37997,23,,,0,64,,38002,23,,,0,12,,38003,23,,,0,12,,38004,23,,,0,11,,38005,23,,,0,65,,38007,23,,,0,15,,38008,23,,,0,14,,38009,23,,,0,69,,38010,23,,,0,15,,38011,23,,,0,17,,38006,23,,,0,76,,38012,23,,,0,18,,38013,23,,,0,74,,38014,23,,,0,21,,38015,23,,,0,20,,38016,23,,,0,90,,38017,23,,,0,93,,38018,23,,,0,69,,38019,23,,,0,29,,38020,23,,,0,70,,38021,23,,,0,29,,38022,23,,,0,69,,38023,23,,,0
600,'5078',647,,38050,23,,,0,69,,38063,23,,,0,96,,38033,23,,,0,25,,38061,23,,,0,81,,38035,23,,,0,21,,38025,23,,,0,78,,38045,23,,,0,15,,38072,23,,,0,16,,38034,23,,,0,73,,38065,23,,,0,15,,38049,23,,,0,15,,38024,23,,,0,70,,38026,23,,,0,12,,38028,23,,,0,12,,38068,23,,,0,12,,38052,23,,,0,64,,38027,23,,,0,12,,38038,23,,,0,12,,38029,23,,,0,12,,38032,23,,,0,64,,38051,23,,,0,12,,38030,23,,,0,12,,38031,23,,,0,12,,38039,23,,,0,64,,38042,23,,,0,12,,38069,23,,,0,12,,38053,23,,,0,12,,38043,23,,,0,65,,38041,23,,,0,12,,38040,23,,,0,11,,38037,23,,,0,12,,38067,23,,,0,65,,38036,23,,,0,12,,38047,23,,,0,11,,38046,23,,,0,12,,38073,23,,,0,65,,38058,23,,,0,15,,38044,23,,,0,15,,38048,23,,,0,72,,38054,23,,,0,16,,38060,23,,,0,18,,38055,23,,,0,74,,38056,23,,,0,17,,38059,23,,,0,74,,38064,23,,,0,17,,38066,23,,,0,18,,38057,23,,,0,88,,38062,23,,,0,95,,38071,23,,,0,79,,38070,23,,,0
600,'5079',647,,38100,23,,,0,69,,38113,23,,,0,96,,38083,23,,,0,25,,38111,23,,,0,81,,38085,23,,,0,21,,38075,23,,,0,78,,38095,23,,,0,15,,38122,23,,,0,16,,38084,23,,,0,73,,38115,23,,,0,15,,38099,23,,,0,15,,38074,23,,,0,70,,38076,23,,,0,12,,38078,23,,,0,12,,38118,23,,,0,12,,38102,23,,,0,64,,38077,23,,,0,12,,38088,23,,,0,12,,38079,23,,,0,12,,38082,23,,,0,64,,38101,23,,,0,12,,38080,23,,,0,12,,38081,23,,,0,12,,38089,23,,,0,64,,38092,23,,,0,12,,38119,23,,,0,12,,38103,23,,,0,12,,38093,23,,,0,65,,38091,23,,,0,12,,38090,23,,,0,11,,38087,23,,,0,12,,38117,23,,,0,65,,38086,23,,,0,12,,38097,23,,,0,11,,38096,23,,,0,12,,38123,23,,,0,65,,38108,23,,,0,15,,38094,23,,,0,15,,38098,23,,,0,72,,38104,23,,,0,16,,38110,23,,,0,18,,38105,23,,,0,74,,38106,23,,,0,17,,38109,23,,,0,74,,38114,23,,,0,17,,38116,23,,,0,18,,38107,23,,,0,88,,38112,23,,,0,95,,38121,23,,,0,79,,38120,23,,,0
1700,'5036',757,,40938,9,,,0
1700,'5040',757,,40939,9,,,0
2501,'5036',611,,41782,4,,,0,39,,41785,4,,,0,75,,41779,4,0,6 7,0,77,,41778,4,,,0,115,,41788,4,,,0,101,,41784,4,,,0,99,,41781,4,,,0,100,,41780,4,,,0,100,,41783,4,,,0,105,,41787,4,,,0,91,,41786,4,,,0,142,,41789,4,,,0,86,,41790,4,,,0,87,,41791,4,,,0,97,,41792,4,,,0,103,,41793,4,,,0,172,,41794,4,,,0,131,,41795,4,,,0
2501,'5040',611,,41800,4,,,0,39,,41803,4,,,0,75,,41797,4,0,6 7,0,77,,41796,4,,,0,115,,41806,4,,,0,101,,41802,4,,,0,99,,41799,4,,,0,100,,41798,4,,,0,100,,41801,4,,,0,105,,41805,4,,,0,91,,41804,4,,,0,102,,41807,4,,,0,40,,41808,4,,,0,86,,41809,4,,,0,87,,41810,4,,,0,97,,41811,4,,,0,103,,41812,4,,,0,172,,41813,4,,,0,131,,41814,4,,,0
2501,'5041',718,,41818,4,,,0,99,,41815,4,,,0,104,,41817,4,,,0,101,,41816,4,,,0,97,,41824,4,,,0,94,,41821,4,,,0,100,,41820,4,,,0,98,,41819,4,,,0,100,,41822,4,,,0,102,,41823,4,,,0,119,,41825,4,,,0,170,,41826,4,,,0,126,,41827,4,,,0,172,,41828,4,,,0,130,,41829,4,,,0
2501,'5075',1615,,41830,4,,,0
2501,'5076',1615,,41831,4,,,0
2501,'5078',833,,41833,4,,,0,169,,41832,4,,,0,127,,41834,4,,,0,130,,41835,4,,,0,171,,41836,4,,,0,172,,41837,4,,,0,131,,41838,4,,,0,170,,41839,4,,,0,131,,41840,4,,,0,166,,41841,4,,,0,130,,41842,4,,,0
2501,'5079',833,,41844,4,,,0,169,,41843,4,,,0,127,,41845,4,,,0,130,,41846,4,,,0,171,,41847,4,,,0,172,,41848,4,,,0,131,,41849,4,,,0,170,,41850,4,,,0,131,,41851,4,,,0,166,,41852,4,,,0,130,,41853,4,,,0
1000600,'5036',611,,48394,23,,,0,100,,48379,23,,,0,90,,48385,23,,,0,43,,48380,23,,,0,76,,48374,23,,,0,88,,48381,23,,,0,47,,48386,23,,,0,88,,48377,23,,,0,89,,48388,23,,,0,89,,48392,23,,,0,91,,48395,23,,,0,42,,48391,23,,,0,80,,48389,23,,,0,68,,48371,23,,,0,31,,48393,23,,,0,70,,48387,23,,,0,28,,48382,23,,,0,69,,48372,23,,,0,31,,48390,23,,,0,85,,48378,23,,,0,95,,48383,23,,,0,93,,48373,23,,,0,54,,48375,23,,,0,148,,48376,23,,,0,98,,48384,23,,,0
1000600,'5040',611,,48419,23,,,0,100,,48404,23,,,0,90,,48410,23,,,0,43,,48405,23,,,0,76,,48399,23,,,0,88,,48406,23,,,0,47,,48411,23,,,0,88,,48402,23,,,0,89,,48413,23,,,0,89,,48417,23,,,0,91,,48420,23,,,0,42,,48416,23,,,0,80,,48414,23,,,0,68,,48396,23,,,0,31,,48418,23,,,0,70,,48412,23,,,0,28,,48407,23,,,0,69,,48397,23,,,0,31,,48415,23,,,0,85,,48403,23,,,0,95,,48408,23,,,0,93,,48398,23,,,0,54,,48400,23,,,0,148,,48401,23,,,0,98,,48409,23,,,0
1000600,'5041',655,,48421,23,,,0,99,,48422,23,,,0,151,,48423,23,,,0,100,,48424,23,,,0,103,,48425,23,,,0,49,,48426,23,,,0,89,,48427,23,,,0,88,,48428,23,,,0,86,,48429,23,,,0,81,,48430,23,,,0,42,,48431,23,,,0,81,,48432,23,,,0,80,,48434,23,,,0,97,,48433,23,,,0,100,,48435,23,,,0,57,,48436,23,,,0,144,,48437,23,,,0,52,,48438,23,,,0,164,,48439,23,,,0,95,,48440,23,,,0
1000600,'5078',747,,48449,23,,,0,110,,48450,23,,,0,102,,48455,23,,,0,146,,48441,23,,,0,101,,48444,23,,,0,103,,48442,23,,,0,100,,48456,23,,,0,100,,48443,23,,,0,101,,48445,23,,,0,99,,48446,23,,,0,100,,48448,23,,,0,98,,48447,23,,,0,109,,48451,23,,,0,90,,48452,23,,,0,112,,48454,23,,,0,93,,48453,23,,,0
1000600,'5079',747,,48465,23,,,0,110,,48466,23,,,0,102,,48471,23,,,0,146,,48457,23,,,0,101,,48460,23,,,0,103,,48458,23,,,0,100,,48472,23,,,0,100,,48459,23,,,0,101,,48461,23,,,0,99,,48462,23,,,0,100,,48464,23,,,0,98,,48463,23,,,0,109,,48467,23,,,0,90,,48468,23,,,0,112,,48470,23,,,0,93,,48469,23,,,0
2000600,'5036',644,,48679,23,,,0,91,,48675,23,,,0,89,,48682,23,,,0,78,,48674,23,,,0,42,,48683,23,,,0,88,,48684,23,,,0,88,,48687,23,,,0,87,,48673,23,,,0,49,,48677,23,,,0,91,,48680,23,,,0,87,,48669,23,,,0,80,,48670,23,,,0,33,,48686,23,,,0,72,,48676,23,,,0,30,,48672,23,,,0,67,,48671,23,,,0,30,,48685,23,,,0,71,,48681,23,,,0,36,,48678,23,,,0,89,,48688,23,,,0
2000600,'5040',644,,48699,23,,,0,91,,48695,23,,,0,89,,48702,23,,,0,78,,48694,23,,,0,42,,48703,23,,,0,88,,48704,23,,,0,88,,48707,23,,,0,87,,48693,23,,,0,49,,48697,23,,,0,91,,48700,23,,,0,87,,48689,23,,,0,80,,48690,23,,,0,33,,48706,23,,,0,72,,48696,23,,,0,30,,48692,23,,,0,67,,48691,23,,,0,30,,48705,23,,,0,71,,48701,23,,,0,36,,48698,23,,,0,89,,48708,23,,,0
