2101,'5036',555,,41118,15,,,0,68,,41126,15,,,0,22,,41117,15,,,0,55,,41102,15,,,0,16,,41113,19,,,0,14,,41097,19,,,0,16,,41105,19,,,0,58,,41112,19,,,0,16,,41101,19,,,0,17,,41131,19,,,0,15,,41098,19,,,0,59,,41128,19,,,0,30,,41139,19,,,0,70,,41111,19,,,0,27,,41133,19,,,0,70,,41136,19,,,0,30,,41138,19,,,0,71,,41135,19,,,0,30,,41110,19,,,0,70,,41140,19,,,0,29,,41134,19,,,0,70,,41137,19,,,0,31,,41099,19,,,0,61,,41132,19,,,0,18,,41104,19,,,0,18,,41103,15,,,0,20,,41114,19,,,0,59,,41107,19,,,0,17,,41124,19,,,0,20,,41106,19,,,0,57,,41129,19,,,0,15,,41100,15,,,0,19,,41130,19,,,0,60,,41108,19,,,0,18,,41109,19,,,0,31,,41115,15,,,0,70,,41122,15,,,0,32,,41121,15,,,0,70,,41125,15,,,0,30,,41119,15,,,0,70,,41123,15,,,0,32,,41120,15,,,0,69,,41116,15,,,0,30,,41127,15,,,0,146,,41141,15,,,0
2101,'5040',555,,41163,15,,,0,68,,41171,15,,,0,22,,41162,15,,,0,55,,41147,15,,,0,16,,41158,19,,,0,14,,41142,19,,,0,16,,41150,19,,,0,58,,41157,19,,,0,16,,41146,19,,,0,17,,41176,19,,,0,15,,41143,19,,,0,59,,41173,19,,,0,30,,41184,19,,,0,70,,41156,19,,,0,27,,41178,19,,,0,70,,41181,19,,,0,30,,41183,19,,,0,71,,41180,19,,,0,30,,41155,19,,,0,70,,41185,19,,,0,29,,41179,19,,,0,70,,41182,19,,,0,31,,41144,19,,,0,61,,41177,19,,,0,18,,41149,19,,,0,18,,41148,15,,,0,20,,41159,19,,,0,59,,41152,19,,,0,17,,41169,19,,,0,20,,41151,19,,,0,57,,41174,19,,,0,15,,41145,15,,,0,19,,41175,19,,,0,60,,41153,19,,,0,18,,41154,19,,,0,31,,41160,15,,,0,70,,41167,15,,,0,32,,41166,15,,,0,70,,41170,15,,,0,30,,41164,15,,,0,70,,41168,15,,,0,32,,41165,15,,,0,69,,41161,15,,,0,30,,41172,15,,,0,146,,41186,15,,,0
2101,'5041',645,,41217,15,,,0,70,,41199,15,,,0,31,,41208,15,,,0,70,,41191,15,,,0,30,,41218,15,,,0,69,,41200,15,,,0,30,,41209,15,,,0,67,,41187,15,,,0,28,,41189,15,,,0,69,,41210,15,,,0,30,,41194,15,,,0,69,,41202,15,,,0,28,,41188,15,,,0,70,,41190,15,,,0,29,,41211,15,,,0,70,,41195,15,,,0,31,,41203,15,,,0,71,,41192,15,,,0,30,,41193,15,,,0,74,,41212,15,,,0,30,,41196,15,,,0,69,,41205,15,,,0,31,,41198,15,,,0,70,,41197,15,,,0,31,,41213,15,,,0,71,,41201,15,,,0,36,,41204,15,,,0,76,,41206,15,,,0,29,,41215,15,,,0,70,,41207,15,,,0,32,,41216,15,,,0,70,,41214,15,,,0,30,,41219,15,,,0,145,,41220,15,,,0
2101,'5078',653,,41234,15,,,0,80,,41224,15,,,0,80,,41235,15,,,0,36,,41233,15,,,0,65,,41221,15,,,0,27,,41223,15,,,0,70,,41236,15,,,0,29,,41222,15,,,0,70,,41237,15,,,0,29,,41226,15,,,0,70,,41225,15,,,0,30,,41238,15,,,0,68,,41227,15,,,0,29,,41239,15,,,0,70,,41240,15,,,0,30,,41241,15,,,0,71,,41229,15,,,0,32,,41230,15,,,0,73,,41231,15,,,0,29,,41232,15,,,0,71,,41228,15,,,0,30,,41242,15,,,0,72,,41243,15,,,0,35,,41244,15,,,0,105,,41245,15,,,0,101,,41246,15,,,0,103,,41247,15,,,0,100,,41248,15,,,0,143,,41249,15,,,0
2101,'5079',653,,41263,15,,,0,80,,41253,15,,,0,80,,41264,15,,,0,36,,41262,15,,,0,65,,41250,15,,,0,27,,41252,15,,,0,70,,41265,15,,,0,29,,41251,15,,,0,70,,41266,15,,,0,29,,41255,15,,,0,70,,41254,15,,,0,30,,41267,15,,,0,68,,41256,15,,,0,29,,41268,15,,,0,70,,41269,15,,,0,30,,41270,15,,,0,71,,41258,15,,,0,32,,41259,15,,,0,73,,41260,15,,,0,29,,41261,15,,,0,71,,41257,15,,,0,30,,41271,15,,,0,72,,41272,15,,,0,35,,41273,15,,,0,105,,41274,15,,,0,101,,41275,15,,,0,103,,41276,15,,,0,100,,41277,15,,,0,143,,41278,15,,,0
2201,'5036',607,,41433,34,,,0,28,,41423,34,,,0,90,,41417,27,,,0,26,,41422,40,,,0,72,,41434,40,,,0,31,,41424,40,,,0,100,,41418,40,,,0,69,,41421,40,,,0,30,,41435,40,,,0,98,,41438,40,,,0,69,,41416,27,,,0,29,,41425,27,,,0,100,,41426,27,,,0,72,,41439,27,,,0,101,,41427,27,,,0,31,,41436,27,,,0,70,,41428,27,,,0,99,,41419,27,,,0,37,,41429,27,,,0,99,,41430,27,,,0,71,,41420,27,,,0,103,,41437,27,,,0,71,,41432,27,,,0,48,,41431,27,0,5,0
2201,'5040',607,,41457,34,,,0,28,,41447,34,,,0,90,,41441,27,,,0,26,,41446,40,,,0,72,,41458,40,,,0,31,,41448,40,,,0,100,,41442,40,,,0,69,,41445,40,,,0,30,,41459,40,,,0,98,,41462,40,,,0,69,,41440,27,,,0,29,,41449,27,,,0,100,,41450,27,,,0,72,,41463,27,,,0,101,,41451,27,,,0,31,,41460,27,,,0,70,,41452,27,,,0,99,,41443,27,,,0,37,,41453,27,,,0,99,,41454,27,,,0,71,,41444,27,,,0,103,,41461,27,,,0,71,,41456,27,,,0,48,,41455,27,0,5,0
2201,'5041',724,,41474,27,,,0,79,,41485,27,,,0,28,,41470,27,,,0,69,,41464,27,,,0,30,,41473,27,,,0,70,,41486,27,,,0,28,,41469,27,,,0,29,,41468,27,,,0,71,,41471,27,,,0,28,,41466,27,,,0,68,,41490,27,,,0,30,,41467,27,,,0,68,,41472,27,,,0,30,,41465,27,,,0,70,,41478,27,,,0,31,,41489,27,,,0,69,,41480,27,,,0,32,,41476,27,,,0,71,,41479,27,,,0,34,,41481,27,,,0,71,,41477,27,,,0,71,,41475,27,,,0,30,,41483,27,,,0,72,,41482,27,,,0,28,,41488,27,,,0,28,,41484,27,,,0,72,,41491,27,,,0,71,,41487,27,,,0,48,,41492,27,0,5,0
2201,'5078',753,,41501,27,,,0,80,,41502,27,,,0,69,,41494,27,,,0,27,,41495,27,,,0,30,,41504,27,,,0,69,,41503,27,,,0,29,,41493,27,,,0,70,,41497,27,,,0,30,,41498,27,,,0,70,,41496,27,,,0,28,,41500,27,,,0,69,,41499,27,,,0,30,,41506,27,,,0,70,,41507,27,,,0,31,,41505,27,,,0,70,,41509,27,,,0,75,,41508,27,,,0,30,,41511,27,,,0,70,,41510,27,,,0,30,,41512,27,,,0,72,,41513,27,,,0,30,,41514,27,,,0,91,,41515,27,0,5,0,102,,41516,27,0,5,0,110,,41517,27,0,5,0
2201,'5079',753,,41526,27,,,0,80,,41527,27,,,0,69,,41519,27,,,0,27,,41520,27,,,0,30,,41529,27,,,0,69,,41528,27,,,0,29,,41518,27,,,0,70,,41522,27,,,0,30,,41523,27,,,0,70,,41521,27,,,0,28,,41525,27,,,0,69,,41524,27,,,0,30,,41531,27,,,0,70,,41532,27,,,0,31,,41530,27,,,0,70,,41534,27,,,0,75,,41533,27,,,0,30,,41536,27,,,0,70,,41535,27,,,0,30,,41537,27,,,0,72,,41538,27,,,0,30,,41539,27,,,0,91,,41540,27,0,5,0,102,,41541,27,0,5,0,110,,41542,27,0,5,0
2600,'5036',557,,41867,17,,,0,69,,41854,17,,,0,22,,41855,17,,,0,58,,41864,17,,,0,11,,41865,17,,,0,15,,41858,17,,,0,6,,41869,17,,,0,7,,41863,17,,,0,7,,41922,17,,,0,48,,41861,17,,,0,16,,41866,17,,,0,16,,41860,17,,,0,16,,41868,17,,,0,56,,41856,17,,,0,16,,41857,17,,,0,16,,41870,17,,,0,16,,41871,17,,,0,56,,41859,17,,,0,16,,41872,17,,,0,14,,41883,17,,,0,15,,41873,17,,,0,55,,41874,17,,,0,17,,41878,17,,,0,14,,41897,17,,,0,16,,41889,17,,,0,56,,41885,17,,,0,15,,41893,17,,,0,14,,41884,17,,,0,15,,41875,17,,,0,55,,41880,17,,,0,15,,41896,17,,,0,15,,41877,17,,,0,15,,41876,17,,,0,55,,41898,17,,,0,13,,41879,17,,,0,13,,41887,17,,,0,12,,41881,17,,,0,10,,41882,17,,,0,54,,41886,17,,,0,14,,41924,17,,,0,12,,41891,17,,,0,12,,41895,17,,,0,52,,41892,17,,,0,12,,41888,17,,,0,13,,41890,17,,,0,11,,41894,17,,,0,12,,41903,17,,,0,52,,41900,17,,,0,11,,41901,17,,,0,14,,41902,17,,,0,14,,41923,17,,,0,15,,41899,17,,,0,53,,41918,17,,,0,15,,41919,17,,,0,15,,41904,17,,,0,15,,41909,17,,,0,55,,41912,17,,,0,15,,41914,17,,,0,20,,41906,17,,,0,60,,41915,17,,,0,20,,41907,17,,,0,20,,41908,17,,,0,60,,41905,17,,,0,42,,41913,17,,,0,72,,41910,17,,,0,30,,41917,17,,,0,70,,41921,17,,,0,29,,41920,17,,,0,71,,41916,17,,,0,30,,41911,17,,,0
2600,'5040',557,,41940,17,,,0,69,,41927,17,,,0,22,,41928,17,,,0,58,,41937,17,,,0,11,,41938,17,,,0,15,,41931,17,,,0,6,,41942,17,,,0,7,,41936,17,,,0,7,,41997,17,,,0,48,,41934,17,,,0,16,,41939,17,,,0,16,,41933,17,,,0,16,,41941,17,,,0,56,,41929,17,,,0,16,,41930,17,,,0,16,,41943,17,,,0,16,,41944,17,,,0,56,,41932,17,,,0,16,,41945,17,,,0,14,,41956,17,,,0,15,,41946,17,,,0,55,,41947,17,,,0,17,,41951,17,,,0,14,,41970,17,,,0,16,,41962,17,,,0,56,,41958,17,,,0,15,,41966,17,,,0,14,,41957,17,,,0,15,,41948,17,,,0,55,,41953,17,,,0,15,,41969,17,,,0,15,,41950,17,,,0,15,,41949,17,,,0,55,,41971,17,,,0,13,,41952,17,,,0,13,,41960,17,,,0,12,,41954,17,,,0,10,,41955,17,,,0,54,,41959,17,,,0,14,,41999,17,,,0,12,,41964,17,,,0,12,,41968,17,,,0,52,,41965,17,,,0,12,,41961,17,,,0,13,,41963,17,,,0,11,,41967,17,,,0,12,,41976,17,,,0,52,,41973,17,,,0,11,,41974,17,,,0,14,,41975,17,,,0,14,,41998,17,,,0,15,,41972,17,,,0,53,,41993,17,,,0,15,,41994,17,,,0,15,,41977,17,,,0,15,,41982,17,,,0,55,,41985,17,,,0,15,,41988,17,,,0,20,,41979,17,,,0,60,,41989,17,,,0,20,,41980,17,,,0,20,,41981,17,,,0,60,,41978,17,,,0,19,,41992,17,,,0,23,,41986,17,,,0,72,,41983,17,,,0,30,,41991,17,,,0,70,,41996,17,,,0,29,,41995,17,,,0,71,,41990,17,,,0,30,,41984,17,,,0,100,,41987,17,,,0
2600,'5041',641,,42003,17,,,0,71,,42004,17,,,0,30,,42005,17,,,0,58,,42006,17,,,0,17,,42007,17,,,0,18,,42008,17,,,0,17,,42009,17,,,0,57,,42010,17,,,0,17,,42011,17,,,0,17,,42012,17,,,0,57,,42013,17,,,0,17,,42014,17,,,0,17,,42015,17,,,0,18,,42016,17,,,0,58,,42017,17,,,0,17,,42002,17,,,0,18,,42018,17,,,0,59,,42019,17,,,0,17,,42020,17,,,0,17,,42021,17,,,0,17,,42022,17,,,0,57,,42023,17,,,0,17,,42024,17,,,0,17,,42025,17,,,0,58,,42026,17,,,0,16,,42027,17,,,0,16,,42028,17,,,0,17,,42029,17,,,0,57,,42030,17,,,0,17,,42031,17,,,0,17,,42032,17,,,0,57,,42033,17,,,0,16,,42034,17,,,0,15,,42035,17,,,0,15,,42036,17,,,0,56,,42037,17,,,0,16,,42038,17,,,0,16,,42039,17,,,0,16,,42040,17,,,0,57,,42041,17,,,0,17,,42042,17,,,0,20,,42043,17,,,0,59,,42044,17,,,0,20,,42045,17,,,0,20,,42046,17,,,0,60,,42047,17,,,0,20,,42048,17,,,0,20,,42049,17,,,0,59,,42050,17,,,0,20,,42051,17,,,0,25,,42052,17,,,0,70,,42053,17,,,0,30,,42054,17,,,0,71,,42055,17,,,0,29,,42056,17,,,0,70,,42057,17,,,0,31,,42058,17,,,0,101,,42059,17,,,0
2600,'5075',2123,,42060,17,,,0
2600,'5076',2123,,42061,17,,,0
2600,'5078',705,,42078,17,,,0,27,,42086,17,,,0,21,,42068,17,,,0,63,,42062,17,,,0,23,,42080,17,,,0,20,,42087,17,,,0,67,,42069,17,,,0,23,,42063,17,,,0,60,,42081,17,,,0,24,,42072,17,,,0,20,,42064,17,,,0,58,,42070,17,,,0,18,,42066,17,,,0,19,,42079,17,,,0,59,,42067,17,,,0,20,,42084,17,,,0,18,,42065,17,,,0,58,,42082,17,,,0,18,,42074,17,,,0,18,,42077,17,,,0,20,,42075,17,,,0,58,,42085,17,,,0,17,,42071,17,,,0,18,,42083,17,,,0,58,,42073,17,,,0,17,,42076,17,,,0,18,,42092,17,,,0,58,,42096,17,,,0,17,,42089,17,,,0,18,,42098,17,,,0,18,,42091,17,,,0,58,,42094,17,,,0,17,,42090,17,,,0,17,,42099,17,,,0,56,,42088,17,,,0,20,,42097,17,,,0,19,,42093,17,,,0,59,,42095,17,,,0,19,,42103,17,,,0,20,,42101,17,,,0,59,,42105,17,,,0,20,,42102,17,,,0,20,,42104,17,,,0,60,,42106,17,,,0,20,,42100,17,,,0,30,,42108,17,,,0,69,,42107,17,,,0,30,,42109,17,,,0,70,,42110,17,,,0
2600,'5079',705,,42127,17,,,0,27,,42135,17,,,0,21,,42117,17,,,0,63,,42111,17,,,0,23,,42129,17,,,0,20,,42136,17,,,0,67,,42118,17,,,0,23,,42112,17,,,0,60,,42130,17,,,0,24,,42121,17,,,0,20,,42113,17,,,0,58,,42119,17,,,0,18,,42115,17,,,0,19,,42128,17,,,0,59,,42116,17,,,0,20,,42133,17,,,0,18,,42114,17,,,0,58,,42131,17,,,0,18,,42123,17,,,0,18,,42126,17,,,0,20,,42124,17,,,0,58,,42134,17,,,0,17,,42120,17,,,0,18,,42132,17,,,0,58,,42122,17,,,0,17,,42125,17,,,0,18,,42141,17,,,0,58,,42145,17,,,0,17,,42138,17,,,0,18,,42147,17,,,0,18,,42140,17,,,0,58,,42143,17,,,0,17,,42139,17,,,0,17,,42148,17,,,0,56,,42137,17,,,0,20,,42146,17,,,0,19,,42142,17,,,0,59,,42144,17,,,0,19,,42152,17,,,0,20,,42150,17,,,0,59,,42154,17,,,0,20,,42151,17,,,0,20,,42153,17,,,0,60,,42155,17,,,0,20,,42149,17,,,0,30,,42157,17,,,0,69,,42156,17,,,0,30,,42158,17,,,0,70,,42159,17,,,0
1002201,'5036',706,,48588,28,,,0,217,,48587,28,,,0,199,,48583,28,,,0,197,,48585,15,,,0,134,,48582,15,,,0,201,,48589,15,,,0,173,,48586,15,,,0,174,,48584,15,,,0
1002201,'5040',706,,48597,28,,,0,217,,48596,28,,,0,199,,48592,28,,,0,197,,48594,15,,,0,99,,48590,15,0,5,0,35,,48591,15,,,0,201,,48598,15,,,0,173,,48595,15,,,0,174,,48593,15,,,0
1002201,'5075',1519,,48599,15,0,5,0
1002201,'5076',1418,,48600,15,0,5,0
