5300,'5036',635,,45100,25,0,25 40,0,74,,45099,25,,,0,143,,45102,25,0,25 40,0,185,,45101,25,0,25 40,0,170,,45103,25,0,25 40,0,132,,45105,34,0,25 40,0,190,,45107,34,0,25 40,0,105,,45104,34,0,25 40,0,168,,45106,34,0,25 40,0,126,,45108,34,0,25 40,0,130,,45109,34,0,25 40,0
5300,'5040',635,,45111,25,0,25 40,0,74,,45110,25,,,0,143,,45113,25,0,25 40,0,185,,45112,25,0,25 40,0,170,,45114,25,0,25 40,0,132,,45116,34,0,25 40,0,190,,45118,34,0,25 40,0,105,,45115,34,0,25 40,0,168,,45117,34,0,25 40,0,126,,45119,34,0,25 40,0,130,,45120,34,0,25 40,0
5300,'5041',715,,45124,25,0,25 40,0,201,,45125,25,0,25 40,0,211,,45126,25,0,25 40,0,218,,45127,34,0,25 40,0,210,,45123,34,0,25 40,0,249,,45121,34,0,25 40,0,204,,45122,34,0,25 40,0
5300,'5078',715,,45131,25,0,25 40,0,202,,45128,25,0,25 40,0,209,,45129,25,0,25 40,0,217,,45132,34,0,25 40,0,210,,45130,34,0,25 40,0,250,,45134,34,0,25 40,0,205,,45133,34,0,25 40,0
5300,'5079',715,,45138,25,0,25 40,0,202,,45135,25,0,25 40,0,209,,45136,25,0,25 40,0,217,,45139,34,0,25 40,0,210,,45137,34,0,25 40,0,250,,45141,34,0,25 40,0,205,,45140,34,0,25 40,0
5301,'5036',746,,45144,7,,,0,157,,45142,7,,,0,200,,45143,7,,,0,130,,45147,7,,,0,173,,45146,7,,,0,153,,45148,7,,,0,98,,45145,25,,,0,172,,45149,7,,,0,127,,45150,7,,,0,170,,45151,7,,,0
5301,'5040',746,,45154,7,,,0,157,,45152,7,,,0,200,,45153,7,,,0,130,,45157,7,,,0,173,,45156,7,,,0,153,,45158,7,,,0,98,,45155,25,,,0,172,,45159,7,,,0,127,,45160,7,,,0,170,,45161,7,,,0
5301,'5041',741,,45167,7,,,0,200,,45168,7,,,0,212,,45166,7,,,0,258,,45163,7,,,0,210,,45164,7,,,0,210,,45165,7,,,0,202,,45162,7,,,0
5301,'5078',741,,45172,7,,,0,200,,45169,7,,,0,212,,45170,7,,,0,258,,45173,7,,,0,210,,45171,7,,,0,210,,45174,7,,,0,202,,45175,7,,,0
5301,'5079',741,,45179,7,,,0,200,,45176,7,,,0,212,,45177,7,,,0,258,,45180,7,,,0,210,,45178,7,,,0,210,,45181,7,,,0,202,,45182,7,,,0
