2200,'4623',620,,68890,37,,,0,31,,68896,37,,,0,69,,68897,37,,,0,31,,68908,37,,,0,75,,68893,37,,,0,21,,68909,37,,,0,68,,68910,37,,,0,106,,68911,37,,,0,25,,68894,37,,,0,70,,68913,37,,,0,102,,68912,37,0,21 22,0,30,,68914,37,0,21 22,0,70,,68895,37,0,21 22,0,32,,68915,37,0,21 22,0,101,,68916,37,0,21 22,0,69,,68899,37,0,21 22,0,39,,68891,37,0,21 22,0,143,,68898,37,0,21 22,0,53,,68901,37,0,21 22,0,68,,68892,37,,,0,25,,68902,37,,,0,97,,68900,37,,,0,68,,68906,37,,,0,30,,68904,37,,,0,70,,68905,37,,,0
2200,'4833',709,,68936,37,,,0,40,,68922,37,,,0,80,,68926,37,,,0,80,,68939,37,,,0,32,,68923,37,,,0,70,,68917,37,,,0,31,,68924,37,,,0,72,,68938,37,,,0,32,,68921,37,,,0,71,,68920,37,,,0,31,,68925,37,,,0,70,,68918,37,,,0,31,,68943,37,,,0,70,,68919,37,,,0,30,,68932,37,,,0,70,,68928,37,,,0,30,,68931,37,,,0,69,,68942,37,,,0,29,,68933,37,,,0,71,,68927,37,,,0,30,,68935,37,,,0,72,,68934,37,,,0,30,,68930,37,,,0,67,,68929,37,,,0,29,,68944,37,,,0,69,,68945,37,,,0,27,,68941,37,,,0,68,,68937,37,,,0
2200,'5015',709,,68966,37,,,0,40,,68952,37,,,0,80,,68956,37,,,0,80,,68969,37,,,0,32,,68953,37,,,0,70,,68947,37,,,0,31,,68954,37,,,0,72,,68968,37,,,0,32,,68951,37,,,0,71,,68950,37,,,0,31,,68955,37,,,0,70,,68948,37,,,0,31,,68973,37,,,0,70,,68949,37,,,0,30,,68962,37,,,0,70,,68958,37,,,0,30,,68961,37,,,0,69,,68972,37,,,0,29,,68963,37,,,0,71,,68957,37,,,0,30,,68965,37,,,0,72,,68964,37,,,0,30,,68960,37,,,0,67,,68959,37,,,0,29,,68974,37,,,0,69,,68975,37,,,0,27,,68971,37,,,0,68,,68967,37,,,0
2200,'5222',620,,68977,37,,,0,31,,68983,37,,,0,69,,68984,37,,,0,31,,68995,37,,,0,75,,68980,37,,,0,21,,68996,37,,,0,68,,68997,37,,,0,106,,68998,37,,,0,25,,68981,37,,,0,70,,69000,37,,,0,102,,68999,37,0,21 22,0,30,,69001,37,0,21 22,0,70,,68982,37,0,21 22,0,32,,69002,37,0,21 22,0,101,,69003,37,0,21 22,0,69,,68986,37,0,21 22,0,39,,68978,37,0,21 22,0,143,,68985,37,0,21 22,0,53,,68988,37,0,21 22,0,68,,68979,37,,,0,25,,68989,37,,,0,97,,68987,37,,,0,68,,68993,37,,,0,30,,68991,37,,,0,70,,68992,37,,,0
2200,'5365',757,,69007,37,,,0,102,,69008,37,,,0,80,,69009,37,,,0,71,,69004,37,,,0,32,,69005,37,,,0,70,,69006,37,,,0,31,,69011,37,,,0,69,,69012,37,,,0,32,,69010,37,,,0,70,,69013,37,,,0,30,,69014,37,,,0,70,,69022,37,,,0,31,,69021,37,,,0,70,,69015,37,,,0,30,,69016,37,,,0,70,,69017,37,,,0,30,,69018,37,,,0,72,,69019,37,,,0,30,,69020,37,,,0,69,,69023,37,,,0,29,,69024,37,,,0,67,,69025,37,,,0,30,,69026,37,,,0,115,,69027,20,,,0
2200,'5390',757,,69031,37,,,0,102,,69032,37,,,0,80,,69033,37,,,0,71,,69028,37,,,0,32,,69029,37,,,0,70,,69030,37,,,0,31,,69035,37,,,0,69,,69036,37,,,0,32,,69034,37,,,0,70,,69037,37,,,0,30,,69038,37,,,0,70,,69046,37,,,0,31,,69045,37,,,0,70,,69039,37,,,0,30,,69040,37,,,0,70,,69041,37,,,0,30,,69042,37,,,0,72,,69043,37,,,0,30,,69044,37,,,0,69,,69047,37,,,0,29,,69048,37,,,0,67,,69049,37,,,0,30,,69050,37,,,0,115,,69051,20,,,0
1002200,'4623',949,,77481,37,,,0,198,,77480,37,0,21 22,0,272,,77482,37,0,21 22,0,212,,77477,37,0,21 22,0,100,,77478,37,0,21 22,0,190,,77479,37,0,21 22,0
1002200,'5222',949,,77487,37,,,0,198,,77486,37,0,21 22,0,272,,77488,37,0,21 22,0,212,,77483,37,0,21 22,0,100,,77484,37,0,21 22,0,190,,77485,37,0,21 22,0
14002100,'4623',2125,,77717,22,,,0,30,,77718,22,,,0,70,,77719,22,,,0,99,,77720,22,,,0,98,,77721,22,,,0
14002100,'4833',2126,,77722,22,,,0,30,,77723,22,,,0,70,,77724,22,,,0,102,,77725,22,,,0,97,,77726,22,,,0
14002100,'5015',2126,,77727,22,,,0,30,,77728,22,,,0,70,,77729,22,,,0,102,,77730,22,,,0,97,,77731,22,,,0
14002100,'5222',2125,,77732,22,,,0,30,,77733,22,,,0,70,,77734,22,,,0,99,,77735,22,,,0,98,,77736,22,,,0
14002100,'5365',2127,,77737,22,,,0,100,,77738,22,,,0,99,,77739,22,,,0
14002100,'5390',2127,,77740,22,,,0,100,,77741,22,,,0,99,,77742,22,,,0
