200,'4487',557,,20516,,,0,150,,20519,,,0,120,,20517,,,0,80,,39,,,0,45,,20518,,,0,80,,37,,,0,80,,31,,,0,40,,38,,,0,80,,32,,,0,80,,20514,,,0,41,,33,,,0,80,,36,,,0,80,,35,,,0,40,,34,,,0,80,,20515,,,0,79,,48,,,0,35,,47,,,0,80,,41,,,0,75,,42,,,0,20,,40,0,5,0,35,,44,,,0,60,,46,0,5,0,20,,43,,,0,65,,20520,0,5,0,20,,59,,,0,80,,56,,,0,40,,55,,,0,80,,57,,,0,80,,54,,,0,35,,60,0,5,0
200,'4744',550,,107,,,0,77,,99,,,0,19,,94,,,0,70,,108,,,0,30,,102,,,0,71,,93,,,0,31,,106,,,0,71,,103,,,0,15,,91,0,5,0,70,,92,,,0,38,,95,,,0,80,,96,,,0,80,,105,,,0,40,,98,,,0,80,,97,,,0,80,,104,,,0,37,,100,,,0,76,,101,,,0,37,,109,,,0,76,,110,,,0,73,,113,0,5,0,17,,20521,,,0,34,,111,,,0,80,,116,,,0,90,,114,,,0,80,,115,,,0,20,,20522,0,5,0,22,,120,,,0,60,,117,0,5,0,20,,119,,,0,78,,121,,,0,40,,122,,,0,80,,123,,,0,80,,124,,,0,30,,125,0,5,0
200,'4745',652,,148,,,0,160,,147,,,0,120,,146,,,0,100,,127,,,0,80,,145,,,0,40,,133,,,0,80,,131,,,0,80,,126,,,0,40,,128,,,0,80,,139,,,0,80,,134,,,0,40,,129,,,0,80,,132,,,0,80,,130,,,0,35,,140,,,0,80,,136,,,0,75,,135,0,5,0,20,,141,,,0,20,,138,0,5,0,60,,137,,,0,40,,143,,,0,80,,144,,,0,80,,142,,,0,40,,149,,,0,80,,150,,,0
200,'4947',550,,167,,,0,77,,159,,,0,19,,154,,,0,70,,168,,,0,30,,162,,,0,71,,153,,,0,31,,166,,,0,71,,163,,,0,15,,151,0,5,0,70,,152,,,0,38,,155,,,0,80,,156,,,0,80,,165,,,0,40,,158,,,0,80,,157,,,0,80,,164,,,0,37,,160,,,0,76,,161,,,0,37,,169,,,0,76,,170,,,0,73,,173,0,5,0,17,,20523,,,0,34,,171,,,0,80,,176,,,0,90,,174,,,0,80,,175,,,0,20,,20524,0,5,0,22,,180,,,0,60,,177,0,5,0,20,,179,,,0,78,,181,,,0,40,,182,,,0,80,,183,,,0,80,,184,,,0,30,,185,0,5,0
200,'4952',550,,202,,,0,77,,194,,,0,19,,189,,,0,70,,203,,,0,30,,197,,,0,71,,188,,,0,31,,201,,,0,71,,198,,,0,15,,186,0,5,0,70,,187,,,0,38,,190,,,0,80,,191,,,0,80,,200,,,0,40,,193,,,0,80,,192,,,0,80,,199,,,0,37,,195,,,0,76,,196,,,0,37,,204,,,0,76,,205,,,0,73,,208,0,5,0,17,,20525,,,0,34,,206,,,0,80,,211,,,0,90,,209,,,0,80,,210,,,0,20,,20526,0,5,0,22,,215,,,0,60,,212,0,5,0,20,,214,,,0,78,,216,,,0,40,,217,,,0,80,,218,,,0,80,,219,,,0,30,,220,0,5,0,68,,221,0,5,0
200,'4953',557,,20533,,,0,150,,20536,,,0,120,,20534,,,0,80,,230,,,0,45,,20535,,,0,80,,228,,,0,80,,222,,,0,40,,229,,,0,80,,20527,,,0,80,,20531,,,0,41,,224,,,0,80,,227,,,0,80,,226,,,0,40,,20528,,,0,80,,20532,,,0,79,,239,,,0,35,,238,,,0,80,,232,,,0,75,,20529,,,0,20,,231,0,5,0,35,,235,,,0,60,,237,0,5,0,20,,20530,,,0,65,,20539,0,5,0,20,,250,,,0,80,,20537,,,0,40,,246,,,0,80,,20538,,,0,80,,245,,,0,35,,20540,0,5,0
200,'4954',652,,274,,,0,160,,273,,,0,120,,272,,,0,100,,253,,,0,80,,271,,,0,40,,259,,,0,80,,257,,,0,80,,252,,,0,40,,254,,,0,80,,265,,,0,80,,260,,,0,40,,255,,,0,80,,258,,,0,80,,256,,,0,35,,266,,,0,80,,262,,,0,75,,261,0,5,0,20,,267,,,0,20,,264,0,5,0,60,,263,,,0,40,,269,,,0,80,,270,,,0,80,,268,,,0,40,,275,,,0,80,,276,,,0
201,'4487',2505,,20547,4,,0
201,'4744',1527,,346,4,,0
201,'4745',2400,,390,4,,0
201,'4947',1527,,404,4,,0
201,'4952',1527,,437,4,,0
201,'4953',2505,,20563,4,,0
201,'4954',2400,,510,4,,0
500,'4487',632,,1996,,,0,115,,1993,,,0,100,,1997,,,0,80,,1987,,,0,85,,1994,,,0,40,,1988,,,0,80,,20577,,,0,80,,1995,,,0,40,,1986,,,0,81,,1992,,,0,80,,1989,,,0,40,,20575,,,0,80,,1990,,,0,80,,1991,,,0,39,,2000,,,0,75,,2001,,,0,80,,20576,,,0,40,,1998,,,0,90,,20578,,,0
500,'4744',610,,2032,,,0,91,,2025,,,0,30,,2027,,,0,71,,2024,,,0,31,,2026,,,0,70,,2029,,,0,46,,2028,,,0,73,,2037,,,0,80,,2034,,,0,40,,2030,,,0,80,,2031,,,0,80,,2033,,,0,40,,2038,,,0,80,,2035,,,0,35,,2036,,,0,76,,20579,,,0,77,,2039,,,0,34,,2041,,,0,91,,2042,,,0,77,,2043,,,0,45,,20580,,,0,85,,2044,,,0
500,'4745',732,,2059,,,0,120,,2058,,,0,160,,2057,,,0,40,,2052,,,0,80,,2046,,,0,80,,2047,,,0,40,,2060,,,0,80,,2053,,,0,80,,2050,,,0,40,,2048,,,0,80,,2049,,,0,80,,2061,,,0,40,,2054,,,0,75,,2051,,,0,80,,2055,,,0,40,,2056,,,0
500,'4947',610,,2070,,,0,91,,2063,,,0,30,,2065,,,0,71,,2062,,,0,31,,2064,,,0,70,,2067,,,0,46,,2066,,,0,73,,2075,,,0,80,,2072,,,0,40,,2068,,,0,80,,2069,,,0,80,,2071,,,0,40,,2076,,,0,80,,2073,,,0,35,,2074,,,0,76,,20581,,,0,77,,2077,,,0,34,,2079,,,0,91,,2080,,,0,77,,2081,,,0,45,,20582,,,0,85,,2082,,,0
500,'4952',610,,2092,,,0,91,,2085,,,0,30,,2087,,,0,71,,2084,,,0,31,,2086,,,0,70,,2089,,,0,46,,2088,,,0,73,,2097,,,0,80,,2094,,,0,40,,2090,,,0,80,,2091,,,0,80,,2093,,,0,40,,2098,,,0,80,,2095,,,0,35,,2096,,,0,76,,20583,,,0,77,,2099,,,0,34,,2101,,,0,91,,2102,,,0,77,,2103,,,0,45,,20584,,,0,85,,2104,,,0
500,'4953',632,,2116,,,0,115,,2113,,,0,100,,2117,,,0,80,,20585,,,0,85,,2114,,,0,40,,20586,,,0,80,,20591,,,0,80,,2115,,,0,40,,2106,,,0,81,,2112,,,0,80,,20587,,,0,40,,20588,,,0,80,,2110,,,0,80,,2111,,,0,39,,2120,,,0,75,,20589,,,0,80,,20590,,,0,40,,2118,,,0,90,,20592,,,0
500,'4954',732,,2138,,,0,120,,2137,,,0,160,,2136,,,0,40,,2131,,,0,80,,2125,,,0,80,,2126,,,0,40,,2139,,,0,80,,2132,,,0,80,,2129,,,0,40,,2127,,,0,80,,2128,,,0,80,,2140,,,0,40,,2133,,,0,75,,2130,,,0,80,,2134,,,0,40,,2135,,,0
