4901,'4623',645,,72912,25,,,0,108,,72908,25,,,0,101,,72909,25,,,0,172,,72914,25,,,0,202,,72910,25,,,0,125,,72915,25,,,0,185,,72917,25,,,0,105,,72916,25,,,0,92,,72911,25,,,0,107,,72913,25,,,0,192,,72918,25,,,0
4901,'4833',643,,72921,25,,,0,205,,72922,25,,,0,252,,72923,25,,,0,202,,72925,25,,,0,210,,72919,25,,,0,208,,72920,25,,,0,194,,72924,25,,,0
4901,'5015',643,,72930,25,,,0,205,,72931,25,,,0,252,,72932,25,,,0,202,,72927,25,,,0,210,,72928,25,,,0,208,,72929,25,,,0,194,,72926,25,,,0
4901,'5222',645,,72937,25,,,0,108,,72933,25,,,0,101,,72934,25,,,0,172,,72939,25,,,0,202,,72935,25,,,0,125,,72940,25,,,0,185,,72942,25,,,0,105,,72941,25,,,0,92,,72936,25,,,0,107,,72938,25,,,0,192,,72943,25,,,0
4901,'5365',848,,72945,25,,,0,211,,72944,25,,,0,242,,72946,25,,,0,208,,72947,25,,,0,210,,72948,25,,,0,193,,72949,25,,,0
4901,'5390',848,,72951,25,,,0,211,,72950,25,,,0,242,,72952,25,,,0,208,,72953,25,,,0,210,,72954,25,,,0,193,,72955,25,,,0
5301,'4623',801,,73390,23,,,0,116,,73399,23,,,0,199,,73391,23,,,0,130,,73394,23,,,0,173,,73392,23,,,0,193,,73393,23,,,0,100,,73395,42,,,0,129,,73397,23,,,0,167,,73396,23,,,0,130,,73398,23,,,0
5301,'4833',752,,73405,23,,,0,200,,73406,23,,,0,254,,73404,23,,,0,217,,73401,23,,,0,210,,73402,23,,,0,210,,73403,23,,,0,201,,73400,23,,,0
5301,'5015',752,,73412,23,,,0,200,,73413,23,,,0,254,,73411,23,,,0,217,,73408,23,,,0,210,,73409,23,,,0,210,,73410,23,,,0,201,,73407,23,,,0
5301,'5222',801,,73414,23,,,0,116,,73423,23,,,0,199,,73415,23,,,0,130,,73418,23,,,0,173,,73416,23,,,0,193,,73417,23,,,0,100,,73419,42,,,0,129,,73421,23,,,0,167,,73420,23,,,0,130,,73422,23,,,0
5301,'5365',752,,73427,23,,,0,200,,73424,23,,,0,253,,73425,23,,,0,218,,73428,23,,,0,209,,73426,23,,,0,210,,73429,23,,,0,202,,73430,23,,,0
5301,'5390',752,,73434,23,,,0,200,,73431,23,,,0,253,,73432,23,,,0,218,,73435,23,,,0,209,,73433,23,,,0,210,,73436,23,,,0,202,,73437,23,,,0
