200,'5036',550,,36499,10,,,0,80,,36491,10,,,0,20,,36486,10,,,0,71,,36500,10,,,0,31,,36494,10,,,0,70,,36485,10,,,0,31,,36498,10,,,0,71,,36495,10,,,0,15,,36483,10,0,5,0,70,,36484,10,,,0,38,,36487,10,,,0,80,,36488,10,,,0,80,,36497,10,,,0,40,,36490,10,,,0,80,,36489,10,,,0,80,,36496,10,,,0,37,,36492,10,,,0,76,,36493,10,,,0,37,,36501,10,,,0,76,,36502,10,,,0,73,,36505,10,0,5,0,17,,36504,10,,,0,33,,36503,10,,,0,80,,36508,10,,,0,90,,36506,10,,,0,80,,36507,10,,,0,20,,36510,10,0,5,0,22,,36512,10,,,0,60,,36509,10,0,5,0,20,,36511,10,,,0,78,,36513,10,,,0,40,,36514,10,,,0,79,,36515,10,,,0,79,,36516,10,,,0,30,,36517,10,0,5,0
200,'5040',550,,36534,10,,,0,80,,36526,10,,,0,20,,36521,10,,,0,71,,36535,10,,,0,31,,36529,10,,,0,70,,36520,10,,,0,31,,36533,10,,,0,71,,36530,10,,,0,15,,36518,10,0,5,0,70,,36519,10,,,0,38,,36522,10,,,0,80,,36523,10,,,0,80,,36532,10,,,0,40,,36525,10,,,0,80,,36524,10,,,0,80,,36531,10,,,0,37,,36527,10,,,0,76,,36528,10,,,0,37,,36536,10,,,0,76,,36537,10,,,0,73,,36540,10,0,5,0,17,,36539,10,,,0,33,,36538,10,,,0,80,,36543,10,,,0,90,,36541,10,,,0,80,,36542,10,,,0,20,,36545,10,0,5,0,22,,36547,10,,,0,60,,36544,10,0,5,0,20,,36546,10,,,0,78,,36548,10,,,0,40,,36549,10,,,0,79,,36550,10,,,0,79,,36551,10,,,0,30,,36552,10,0,5,0,68,,36553,10,0,5,0
200,'5041',601,,36573,10,,,0,112,,36576,10,,,0,119,,36574,10,,,0,80,,36562,10,,,0,45,,36575,10,,,0,80,,36560,10,,,0,80,,36554,10,,,0,40,,36561,10,,,0,80,,36555,10,,,0,80,,36568,10,,,0,41,,36556,10,,,0,80,,36559,10,,,0,80,,36558,10,,,0,40,,36557,10,,,0,80,,36571,10,,,0,79,,36572,10,,,0,35,,36570,10,,,0,80,,36564,10,,,0,75,,36565,10,,,0,20,,36563,10,0,5,0,75,,36567,10,,,0,20,,36569,10,0,5,0,20,,36566,10,,,0,65,,36581,10,0,5,0,20,,36582,10,,,0,80,,36579,10,,,0,40,,36578,10,,,0,79,,36580,10,,,0,80,,36577,10,,,0,35,,36583,10,0,5,0
200,'5078',656,,36606,10,,,0,160,,36605,10,,,0,121,,36604,10,,,0,100,,36585,10,,,0,80,,36603,10,,,0,40,,36591,10,,,0,80,,36589,10,,,0,80,,36584,10,,,0,40,,36586,10,,,0,80,,36597,10,,,0,80,,36592,10,,,0,40,,36587,10,,,0,80,,36590,10,,,0,80,,36588,10,,,0,35,,36598,10,,,0,80,,36594,10,,,0,75,,36593,10,0,5,0,20,,36599,10,,,0,20,,36596,10,0,5,0,60,,36595,10,,,0,40,,36601,10,,,0,79,,36602,10,,,0,80,,36600,10,,,0,40,,36607,10,,,0,80,,36608,10,,,0
200,'5079',656,,36631,10,,,0,160,,36630,10,,,0,121,,36629,10,,,0,100,,36610,10,,,0,80,,36628,10,,,0,40,,36616,10,,,0,80,,36614,10,,,0,80,,36609,10,,,0,40,,36611,10,,,0,80,,36622,10,,,0,80,,36617,10,,,0,40,,36612,10,,,0,80,,36615,10,,,0,80,,36613,10,,,0,35,,36623,10,,,0,80,,36619,10,,,0,75,,36618,10,0,5,0,20,,36624,10,,,0,20,,36621,10,0,5,0,60,,36620,10,,,0,40,,36626,10,,,0,79,,36627,10,,,0,80,,36625,10,,,0,40,,36632,10,,,0,80,,36633,10,,,0
301,'5036',632,,36943,2,,,0,75,,36942,2,,,0,37,,36944,2,,,0,81,,36941,2,,,0,77,,36934,2,,,0,35,,36933,2,,,0,70,,36932,2,,,0,30,,36935,2,,,0,70,,36930,2,,,0,30,,36931,2,,,0,70,,36937,2,,,0,35,,36929,2,,,0,70,,36928,2,,,0,30,,36936,2,,,0,71,,36927,2,,,0,33,,36926,2,,,0,75,,36938,2,,,0,35,,36925,2,,,0,75,,36924,2,,,0,73,,36940,2,,,0,33,,36923,2,,,0,74,,36922,2,,,0,25,,36939,2,,,0,70,,36921,2,,,0,30,,36920,2,,,0,65,,36918,2,,,0,25,,36919,2,,,0,30,,36917,2,,,0
301,'5040',632,,36972,2,,,0,75,,36971,2,,,0,37,,36973,2,,,0,81,,36970,2,,,0,77,,36963,2,,,0,35,,36962,2,,,0,70,,36961,2,,,0,30,,36964,2,,,0,70,,36959,2,,,0,30,,36960,2,,,0,70,,36966,2,,,0,35,,36958,2,,,0,70,,36957,2,,,0,30,,36965,2,,,0,71,,36956,2,,,0,33,,36955,2,,,0,75,,36967,2,,,0,35,,36954,2,,,0,75,,36953,2,,,0,73,,36969,2,,,0,33,,36952,2,,,0,74,,36951,2,,,0,25,,36968,2,,,0,70,,36950,2,,,0,30,,36949,2,,,0,65,,36947,2,,,0,25,,36948,2,,,0,30,,36946,2,,,0
301,'5041',711,,36996,2,,,0,30,,36982,2,,,0,70,,36975,2,,,0,30,,36988,2,,,0,70,,36983,2,,,0,30,,36999,2,,,0,70,,36987,2,,,0,31,,36976,2,,,0,69,,36998,2,,,0,30,,36990,2,,,0,70,,36978,2,,,0,30,,37000,2,,,0,70,,36989,2,,,0,31,,36977,2,,,0,70,,36984,2,,,0,34,,36981,2,,,0,70,,36979,2,,,0,40,,36980,2,,,0,70,,36985,2,,,0,76,,36991,2,,,0,24,,36986,2,,,0,75,,36993,2,,,0,28,,36992,2,,,0,72,,36994,2,,,0,25,,36995,2,,,0,30,,37001,2,,,0,70,,36997,2,,,0,30,,37002,2,,,0
301,'5078',726,,37016,2,,,0,85,,37004,2,,,0,40,,37017,2,,,0,85,,37010,2,,,0,75,,37015,2,,,0,40,,37003,2,,,0,60,,37011,2,,,0,31,,37006,2,,,0,69,,37005,2,,,0,30,,37012,2,,,0,70,,37009,2,,,0,30,,37008,2,,,0,70,,37007,2,,,0,37,,37013,2,,,0,68,,37014,2,,,0,41,,37020,2,,,0,64,,37018,2,,,0,33,,37019,2,,,0,67,,37024,2,,,0,30,,37022,2,,,0,70,,37021,2,,,0,30,,37023,2,,,0,70,,37025,2,,,0,35,,37026,2,,,0
301,'5079',726,,37040,2,,,0,85,,37028,2,,,0,40,,37041,2,,,0,85,,37034,2,,,0,75,,37039,2,,,0,40,,37027,2,,,0,60,,37035,2,,,0,31,,37030,2,,,0,69,,37029,2,,,0,30,,37036,2,,,0,70,,37033,2,,,0,30,,37032,2,,,0,70,,37031,2,,,0,37,,37037,2,,,0,68,,37038,2,,,0,41,,37044,2,,,0,64,,37042,2,,,0,33,,37043,2,,,0,67,,37048,2,,,0,30,,37046,2,,,0,70,,37045,2,,,0,30,,37047,2,,,0,70,,37049,2,,,0,35,,37050,2,,,0
500,'5036',610,,37668,10,,,0,95,,37661,10,,,0,32,,37663,10,,,0,70,,37660,10,,,0,31,,37662,10,,,0,70,,37665,10,,,0,46,,37664,10,,,0,73,,37673,10,,,0,80,,37670,10,,,0,40,,37666,10,,,0,80,,37667,10,,,0,80,,37669,10,,,0,40,,37674,10,,,0,80,,37671,10,,,0,75,,37672,10,,,0,36,,37676,10,,,0,77,,37675,10,,,0,34,,37677,10,,,0,91,,37678,10,,,0,76,,37679,10,,,0,85,,37681,10,,,0,45,,37680,10,,,0
500,'5040',610,,37690,10,,,0,95,,37683,10,,,0,32,,37685,10,,,0,70,,37682,10,,,0,31,,37684,10,,,0,70,,37687,10,,,0,46,,37686,10,,,0,73,,37695,10,,,0,80,,37692,10,,,0,40,,37688,10,,,0,80,,37689,10,,,0,80,,37691,10,,,0,40,,37696,10,,,0,80,,37693,10,,,0,75,,37694,10,,,0,36,,37698,10,,,0,77,,37697,10,,,0,34,,37699,10,,,0,91,,37700,10,,,0,76,,37701,10,,,0,85,,37703,10,,,0,45,,37702,10,,,0
500,'5041',636,,37715,10,,,0,116,,37711,10,,,0,100,,37714,10,,,0,80,,37705,10,,,0,85,,37712,10,,,0,40,,37706,10,,,0,80,,37721,10,,,0,80,,37713,10,,,0,40,,37704,10,,,0,81,,37710,10,,,0,80,,37707,10,,,0,40,,37717,10,,,0,80,,37708,10,,,0,80,,37709,10,,,0,39,,37718,10,,,0,75,,37719,10,,,0,80,,37720,10,,,0,40,,37716,10,,,0,90,,37722,10,,,0
500,'5078',736,,37736,10,,,0,120,,37735,10,,,0,161,,37734,10,,,0,40,,37729,10,,,0,80,,37723,10,,,0,80,,37724,10,,,0,40,,37737,10,,,0,80,,37730,10,,,0,80,,37727,10,,,0,40,,37725,10,,,0,80,,37726,10,,,0,80,,37738,10,,,0,40,,37731,10,,,0,75,,37728,10,,,0,80,,37732,10,,,0,40,,37733,10,,,0
500,'5079',736,,37752,10,,,0,120,,37751,10,,,0,161,,37750,10,,,0,40,,37745,10,,,0,80,,37739,10,,,0,80,,37740,10,,,0,40,,37753,10,,,0,80,,37746,10,,,0,80,,37743,10,,,0,40,,37741,10,,,0,80,,37742,10,,,0,80,,37754,10,,,0,40,,37747,10,,,0,75,,37744,10,,,0,80,,37748,10,,,0,40,,37749,10,,,0
