301,'4623',607,,63798,9,,,0,37,,63796,19,,,0,76,,63795,19,,,0,38,,63797,19,,,0,82,,63794,19,,,0,76,,63787,19,,,0,35,,63786,19,,,0,71,,63785,19,,,0,30,,63788,19,,,0,70,,63783,19,,,0,31,,63784,19,,,0,71,,63790,19,,,0,35,,63782,19,,,0,70,,63781,19,,,0,30,,63789,19,,,0,72,,63780,19,,,0,73,,63779,19,,,0,35,,63791,19,,,0,74,,63778,19,,,0,35,,63777,19,,,0,73,,63793,19,,,0,31,,63776,19,,,0,74,,63775,19,,,0,24,,63792,19,,,0,70,,63774,19,,,0,30,,63773,19,,,0,65,,63771,19,,,0,24,,63772,19,,,0,70,,63770,19,,,0
301,'4833',723,,63820,19,,,0,30,,63806,19,,,0,71,,63799,19,,,0,30,,63812,19,,,0,71,,63807,19,,,0,30,,63823,19,,,0,71,,63811,19,,,0,31,,63800,19,,,0,69,,63822,19,,,0,30,,63814,19,,,0,72,,63802,19,,,0,30,,63824,19,,,0,70,,63813,19,,,0,31,,63801,19,,,0,70,,63808,19,,,0,74,,63805,19,,,0,33,,63803,19,,,0,78,,63804,19,,,0,28,,63809,19,,,0,76,,63815,19,,,0,24,,63810,19,,,0,74,,63817,19,,,0,28,,63816,19,,,0,71,,63818,19,,,0,25,,63819,19,,,0,70,,63825,19,,,0,30,,63821,19,,,0,69,,63826,19,,,0
301,'5015',723,,63848,19,,,0,30,,63834,19,,,0,71,,63827,19,,,0,30,,63840,19,,,0,71,,63835,19,,,0,30,,63851,19,,,0,71,,63839,19,,,0,31,,63828,19,,,0,69,,63850,19,,,0,30,,63842,19,,,0,72,,63830,19,,,0,30,,63852,19,,,0,70,,63841,19,,,0,31,,63829,19,,,0,70,,63836,19,,,0,74,,63833,19,,,0,33,,63831,19,,,0,78,,63832,19,,,0,28,,63837,19,,,0,76,,63843,19,,,0,24,,63838,19,,,0,74,,63845,19,,,0,28,,63844,19,,,0,71,,63846,19,,,0,25,,63847,19,,,0,70,,63853,19,,,0,30,,63849,19,,,0,69,,63854,19,,,0
301,'5222',607,,63883,9,,,0,37,,63881,19,,,0,76,,63880,19,,,0,38,,63882,19,,,0,82,,63879,19,,,0,76,,63872,19,,,0,35,,63871,19,,,0,71,,63870,19,,,0,30,,63873,19,,,0,70,,63868,19,,,0,31,,63869,19,,,0,71,,63875,19,,,0,35,,63867,19,,,0,70,,63866,19,,,0,30,,63874,19,,,0,72,,63865,19,,,0,73,,63864,19,,,0,35,,63876,19,,,0,74,,63863,19,,,0,35,,63862,19,,,0,73,,63878,19,,,0,31,,63861,19,,,0,74,,63860,19,,,0,24,,63877,19,,,0,70,,63859,19,,,0,30,,63858,19,,,0,65,,63856,19,,,0,24,,63857,19,,,0,70,,63855,19,,,0
301,'5365',738,,63897,19,,,0,86,,63885,19,,,0,80,,63898,19,,,0,46,,63891,19,,,0,76,,63896,19,,,0,80,,63884,19,,,0,20,,63892,19,,,0,31,,63887,19,,,0,69,,63886,19,,,0,30,,63893,19,,,0,71,,63890,19,,,0,30,,63889,19,,,0,70,,63888,19,,,0,77,,63894,19,,,0,28,,63895,19,,,0,81,,63901,19,,,0,23,,63899,19,,,0,73,,63900,19,,,0,27,,63905,19,,,0,70,,63903,19,,,0,29,,63902,19,,,0,70,,63904,19,,,0,30,,63906,19,,,0,74,,63907,19,,,0
301,'5390',738,,63921,19,,,0,86,,63909,19,,,0,80,,63922,19,,,0,46,,63915,19,,,0,76,,63920,19,,,0,80,,63908,19,,,0,20,,63916,19,,,0,31,,63911,19,,,0,69,,63910,19,,,0,30,,63917,19,,,0,71,,63914,19,,,0,30,,63913,19,,,0,70,,63912,19,,,0,77,,63918,19,,,0,28,,63919,19,,,0,81,,63925,19,,,0,23,,63923,19,,,0,73,,63924,19,,,0,27,,63929,19,,,0,70,,63927,19,,,0,29,,63926,19,,,0,70,,63928,19,,,0,30,,63930,19,,,0,74,,63931,19,,,0
14000701,'4623',2141,,77681,7,,,0,71,,77682,7,,,0,31,,77684,7,,,0,67,,77683,7,,,0,37,,77685,7,,,0,67,,77686,7,,,0
14000701,'4833',2141,,77687,7,,,0,72,,77688,7,,,0,30,,77690,7,,,0,69,,77689,7,,,0,36,,77691,7,,,0,67,,77692,7,,,0
14000701,'5015',2141,,77693,7,,,0,72,,77694,7,,,0,30,,77696,7,,,0,69,,77695,7,,,0,36,,77697,7,,,0,67,,77698,7,,,0
14000701,'5222',2141,,77699,7,,,0,71,,77700,7,,,0,31,,77702,7,,,0,67,,77701,7,,,0,37,,77703,7,,,0,67,,77704,7,,,0
14000701,'5365',2040,,77705,7,,,0,70,,77707,7,,,0,40,,77706,7,,,0,62,,77708,7,,,0,100,,77709,7,,,0,103,,77710,7,,,0
14000701,'5390',2040,,77711,7,,,0,70,,77713,7,,,0,40,,77712,7,,,0,62,,77714,7,,,0,100,,77715,7,,,0,103,,77716,7,,,0
