2500,'4487',754,,8792,,,0,149,,8790,,,0,114,,8794,,,0,101,,8788,,,0,100,,8786,,,0,98,,8787,,,0,100,,8789,,,0,99,,8793,,,0,100,,8791,,,0,101,,8795,,,0,102,,8796,,,0,124,,8797,,,0,161,,8798,,,0,128,,8799,,,0,170,,8800,0,5,0
2500,'4743',754,,8807,,,0,149,,8805,,,0,114,,8809,,,0,101,,8803,,,0,100,,8801,,,0,98,,8802,,,0,100,,8804,,,0,99,,8808,,,0,100,,8806,,,0,101,,8810,,,0,102,,8811,,,0,124,,8812,,,0,161,,8813,,,0,128,,8814,,,0,170,,8815,0,5,0
2500,'4744',610,,8826,,,0,35,,8818,,,0,73,,8816,,,0,38,,8817,,,0,68,,8824,,,0,95,,8823,,,0,104,,8821,,,0,100,,8819,,,0,100,,8820,,,0,99,,8827,,,0,100,,8822,,,0,99,,8825,,,0,82,,8829,,,0,41,,8828,,,0,97,,8830,,,0,102,,8831,,,0,100,,8832,,,0,160,,8833,,,0,127,,8834,,,0,171,,8835,0,5,0
2500,'4745',744,,8838,,,0,169,,8836,,,0,129,,8837,,,0,170,,8839,,,0,133,,8840,,,0,169,,8841,,,0,132,,8842,,,0,168,,8843,,,0,130,,8844,,,0,160,,8845,,,0,128,,8846,,,0
2500,'4870',610,,8856,,,0,35,,8849,,,0,73,,8847,,,0,38,,8848,,,0,68,,8855,,,0,95,,8854,,,0,104,,8852,,,0,100,,8850,,,0,100,,8851,,,0,99,,8857,,,0,100,,8853,,,0,181,,8859,,,0,41,,8858,,,0,97,,8860,,,0,102,,8861,,,0,100,,8862,,,0,160,,8863,,,0,127,,8864,,,0,171,,8865,0,5,0
2500,'4872',1521,,8866,,,0
2500,'4873',1521,,8867,,,0
2500,'4875',610,,8878,,,0,35,,8870,,,0,73,,8868,,,0,38,,8869,,,0,68,,8876,,,0,95,,8875,,,0,104,,8873,,,0,100,,8871,,,0,100,,8872,,,0,99,,8879,,,0,100,,8874,,,0,99,,8877,,,0,82,,8881,,,0,41,,8880,,,0,97,,8882,,,0,102,,8883,,,0,100,,8884,,,0,160,,8885,,,0,127,,8886,,,0,171,,8887,0,5,0
2500,'4876',754,,8894,,,0,149,,8892,,,0,114,,8896,,,0,101,,8890,,,0,100,,8888,,,0,98,,8889,,,0,100,,8891,,,0,99,,8895,,,0,100,,8893,,,0,101,,8897,,,0,102,,8898,,,0,124,,8899,,,0,161,,8900,,,0,128,,8901,,,0,170,,8902,0,5,0
2500,'4877',744,,8905,,,0,169,,8903,,,0,129,,8904,,,0,170,,8906,,,0,133,,8907,,,0,169,,8908,,,0,132,,8909,,,0,168,,8910,,,0,130,,8911,,,0,160,,8912,,,0,128,,8913,,,0
