201,'4487',640,,297,,,0,118,,298,,,0,162,,292,,,0,80,,285,,,0,56,,295,,,0,78,,286,,,0,80,,278,,,0,38,,281,,,0,78,,280,,,0,81,,290,,,0,40,,282,,,0,82,,279,,,0,81,,283,,,0,35,,291,,,0,81,,294,,,0,81,,293,,,0,37,,296,,,0,76,,287,,,0,80,,288,,,0,45,,289,,,0,81,,302,,,0,81,,299,,,0,44,,300,,,0,81,,301,,,0,76,,303,,,0
201,'4743',640,,325,,,0,118,,326,,,0,162,,320,,,0,80,,313,,,0,56,,323,,,0,78,,314,,,0,80,,306,,,0,38,,309,,,0,78,,308,,,0,81,,318,,,0,40,,310,,,0,82,,307,,,0,81,,311,,,0,35,,319,,,0,81,,322,,,0,81,,321,,,0,37,,324,,,0,76,,315,,,0,80,,316,,,0,45,,317,,,0,81,,330,,,0,81,,327,,,0,44,,328,,,0,81,,329,,,0,76,,331,,,0
201,'4744',557,,341,,,0,60,,333,,,0,28,,351,,,0,68,,345,,,0,29,,334,,,0,70,,350,,,0,31,,339,,,0,72,,335,,,0,33,,348,,,0,77,,340,,,0,79,,336,,,0,39,,338,,,0,80,,337,,,0,79,,347,,,0,40,,343,,,0,92,,344,,,0,72,,342,,,0,37,,353,,,0,76,,354,,,0,37,,352,,,0,78,,355,,,0,88,,356,,,0,25,,358,,,0,82,,357,,,0,83,,359,,,0,41,,360,,,0,79,,361,,,0,81,,362,,,0,41,,364,,,0,81,,363,,,0,72,,365,,,0
201,'4745',625,,380,,,0,119,,387,,,0,158,,381,,,0,135,,388,,,0,100,,367,,,0,79,,378,,,0,39,,374,,,0,79,,373,,,0,81,,369,,,0,40,,370,,,0,80,,379,,,0,81,,375,,,0,36,,371,,,0,80,,372,,,0,81,,376,,,0,37,,385,,,0,82,,377,,,0,80,,384,,,0,41,,383,,,0,80,,386,,,0,81,,382,,,0,42,,389,,,0,81,,390,,,0
201,'4870',557,,399,,,0,60,,391,,,0,28,,409,,,0,68,,403,,,0,29,,392,,,0,70,,408,,,0,31,,397,,,0,72,,393,,,0,33,,406,,,0,77,,398,,,0,79,,394,,,0,39,,396,,,0,80,,395,,,0,79,,405,,,0,40,,401,,,0,92,,402,,,0,72,,400,,,0,37,,411,,,0,76,,412,,,0,37,,410,,,0,78,,413,,,0,88,,414,,,0,25,,416,,,0,82,,415,,,0,83,,417,,,0,41,,418,,,0,79,,419,,,0,81,,420,,,0,41,,422,,,0,81,,421,,,0,72,,423,,,0
201,'4875',557,,432,,,0,60,,424,,,0,28,,442,,,0,68,,436,,,0,29,,425,,,0,70,,441,,,0,31,,430,,,0,72,,426,,,0,33,,439,,,0,77,,431,,,0,79,,427,,,0,39,,429,,,0,80,,428,,,0,79,,438,,,0,40,,434,,,0,92,,435,,,0,72,,433,,,0,37,,444,,,0,76,,445,,,0,37,,443,,,0,78,,446,,,0,88,,447,,,0,25,,449,,,0,82,,448,,,0,83,,450,,,0,41,,451,,,0,79,,452,,,0,81,,453,,,0,41,,455,,,0,81,,454,,,0,72,,456,,,0
201,'4876',640,,478,,,0,118,,479,,,0,162,,473,,,0,80,,466,,,0,56,,476,,,0,78,,467,,,0,80,,459,,,0,38,,462,,,0,78,,461,,,0,81,,471,,,0,40,,463,,,0,82,,460,,,0,81,,464,,,0,35,,472,,,0,81,,475,,,0,81,,474,,,0,37,,477,,,0,76,,468,,,0,80,,469,,,0,45,,470,,,0,81,,483,,,0,81,,480,,,0,44,,481,,,0,81,,482,,,0,76,,484,,,0
201,'4877',625,,500,,,0,119,,507,,,0,158,,501,,,0,135,,508,,,0,100,,487,,,0,79,,498,,,0,39,,494,,,0,79,,493,,,0,81,,489,,,0,40,,490,,,0,80,,499,,,0,81,,495,,,0,36,,491,,,0,80,,492,,,0,81,,496,,,0,37,,505,,,0,82,,497,,,0,80,,504,,,0,41,,503,,,0,80,,506,,,0,81,,502,,,0,42,,509,,,0,81,,510,,,0
501,'4487',720,,2149,,,0,118,,2151,,,0,102,,2148,,,0,79,,2142,,,0,96,,2150,,,0,39,,2141,,,0,79,,2157,,,0,78,,2146,,,0,38,,2147,,,0,82,,2144,,,0,80,,2145,,,0,41,,2155,,,0,82,,2158,,,0,75,,2154,,,0,42,,2156,,,0,77,,2160,,,0,76,,2159,,,0,41,,2152,,,0,85,,2153,,,0
501,'4743',720,,2169,,,0,118,,2171,,,0,102,,2168,,,0,79,,2162,,,0,96,,2170,,,0,39,,2161,,,0,79,,2177,,,0,78,,2166,,,0,38,,2167,,,0,82,,2164,,,0,80,,2165,,,0,41,,2175,,,0,82,,2178,,,0,75,,2174,,,0,42,,2176,,,0,77,,2180,,,0,76,,2179,,,0,41,,2172,,,0,85,,2173,,,0
501,'4744',631,,2184,,,0,70,,2189,,,0,27,,2181,,,0,30,,2183,,,0,69,,2187,,,0,73,,2182,,,0,30,,2185,,,0,77,,2188,,,0,39,,2186,,,0,78,,2196,,,0,79,,2191,,,0,40,,2192,,,0,79,,2190,,,0,93,,2193,,,0,37,,2195,,,0,72,,2194,,,0,78,,2197,,,0,35,,2201,,,0,76,,2199,,,0,43,,2200,,,0,151,,2198,,,0,44,,2202,,,0,82,,2203,,,0
501,'4745',705,,2217,,,0,118,,2216,,,0,117,,2218,,,0,79,,2210,,,0,98,,2213,,,0,39,,2209,,,0,80,,2205,,,0,78,,2204,,,0,41,,2220,,,0,80,,2212,,,0,80,,2208,,,0,40,,2207,,,0,82,,2206,,,0,75,,2219,,,0,40,,2214,,,0,76,,2211,,,0,84,,2215,,,0
501,'4870',631,,2224,,,0,70,,2229,,,0,27,,2221,,,0,30,,2223,,,0,69,,2227,,,0,73,,2222,,,0,30,,2225,,,0,77,,2228,,,0,39,,2226,,,0,78,,2236,,,0,79,,2231,,,0,40,,2232,,,0,79,,2230,,,0,93,,2233,,,0,37,,2235,,,0,72,,2234,,,0,78,,2237,,,0,35,,2241,,,0,76,,2239,,,0,43,,2240,,,0,151,,2238,,,0,44,,2242,,,0,82,,2243,,,0
501,'4875',631,,2247,,,0,70,,2252,,,0,27,,2244,,,0,30,,2246,,,0,69,,2250,,,0,73,,2245,,,0,30,,2248,,,0,77,,2251,,,0,39,,2249,,,0,78,,2259,,,0,79,,2254,,,0,40,,2255,,,0,79,,2253,,,0,93,,2256,,,0,37,,2258,,,0,72,,2257,,,0,78,,2260,,,0,35,,2264,,,0,76,,2262,,,0,43,,2263,,,0,151,,2261,,,0,44,,2265,,,0,82,,2266,,,0
501,'4876',720,,2275,,,0,118,,2277,,,0,102,,2274,,,0,79,,2268,,,0,96,,2276,,,0,39,,2267,,,0,79,,2283,,,0,78,,2272,,,0,38,,2273,,,0,82,,2270,,,0,80,,2271,,,0,41,,2281,,,0,82,,2284,,,0,75,,2280,,,0,42,,2282,,,0,77,,2286,,,0,76,,2285,,,0,41,,2278,,,0,85,,2279,,,0
501,'4877',705,,2300,,,0,118,,2299,,,0,117,,2301,,,0,79,,2293,,,0,98,,2296,,,0,39,,2292,,,0,80,,2288,,,0,78,,2287,,,0,41,,2303,,,0,80,,2295,,,0,80,,2291,,,0,40,,2290,,,0,82,,2289,,,0,75,,2302,,,0,40,,2297,,,0,76,,2294,,,0,84,,2298,,,0
801,'4487',717,,3898,0,8 9,0,85,,3899,0,8 9,0,45,,3900,0,8 9,0,85,,3901,0,8 9,0,85,,3902,0,8 9,0,91,,3903,0,8 9,0,48,,3904,0,8 9,0,90,,3905,0,8 9,0,92,,3897,0,8 9,0,91,,3906,0,8 9,0,92,,3907,0,8 9,0,90,,3908,0,8 9,0,91,,3909,0,8 9,0,46,,3910,0,8 9,0,84,,3911,0,8 9,0
801,'4743',717,,3913,0,8 9,0,85,,3914,0,8 9,0,45,,3915,0,8 9,0,85,,3916,0,8 9,0,85,,3917,0,8 9,0,91,,3918,0,8 9,0,48,,3919,0,8 9,0,90,,3920,0,8 9,0,92,,3912,0,8 9,0,91,,3921,0,8 9,0,92,,3922,0,8 9,0,90,,3923,0,8 9,0,91,,3924,0,8 9,0,46,,3925,0,8 9,0,84,,3926,0,8 9,0
801,'4744',640,,3928,,,0,75,,3930,,,0,24,,3931,,,0,65,,3932,,,0,35,,3933,,,0,86,,3927,,,0,84,,3934,,,0,31,,3950,,,0,82,,3935,,,0,84,,3936,,,0,39,,3937,,,0,85,,3938,,,0,87,,3939,,,0,26,,3940,0,8 9,0,57,,3941,,,0,32,,3951,,,0,74,,3942,,,0,37,,3943,,,0,85,,3944,,,0,31,,3952,,,0,72,,3945,,,0,74,,3946,,,0,48,,3947,,,0,97,,3948,,,0,85,,3949,,,0
801,'4745',932,,3954,0,8 9,0,85,,3955,0,8 9,0,90,,3956,0,8 9,0,48,,3957,0,8 9,0,90,,3953,0,8 9,0,92,,3958,0,8 9,0,91,,3959,0,8 9,0,92,,3960,0,8 9,0,90,,3961,0,8 9,0,91,,3962,0,8 9,0,47,,3963,0,8 9,0
801,'4870',640,,3965,,,0,75,,3967,,,0,24,,3968,,,0,65,,3969,,,0,35,,3970,,,0,86,,3964,,,0,84,,3971,,,0,31,,3987,,,0,82,,3972,,,0,84,,3973,,,0,39,,3974,,,0,85,,3975,,,0,87,,3976,,,0,26,,3977,0,8 9,0,57,,3978,,,0,32,,3988,,,0,74,,3979,,,0,37,,3980,,,0,85,,3981,,,0,31,,3989,,,0,72,,3982,,,0,74,,3983,,,0,48,,3984,,,0,97,,3985,,,0,85,,3986,,,0
801,'4875',640,,3991,,,0,75,,3993,,,0,24,,3994,,,0,65,,3995,,,0,35,,3996,,,0,86,,3990,,,0,84,,3997,,,0,31,,4013,,,0,82,,3998,,,0,84,,3999,,,0,39,,4000,,,0,85,,4001,,,0,87,,4002,,,0,26,,4003,0,8 9,0,57,,4004,,,0,32,,4014,,,0,74,,4005,,,0,37,,4006,,,0,85,,4007,,,0,31,,4015,,,0,72,,4008,,,0,74,,4009,,,0,48,,4010,,,0,97,,4011,,,0,85,,4012,,,0
801,'4876',717,,4017,0,8 9,0,85,,4018,0,8 9,0,45,,4019,0,8 9,0,85,,4020,0,8 9,0,85,,4021,0,8 9,0,91,,4022,0,8 9,0,48,,4023,0,8 9,0,90,,4024,0,8 9,0,92,,4016,0,8 9,0,91,,4025,0,8 9,0,92,,4026,0,8 9,0,90,,4027,0,8 9,0,91,,4028,0,8 9,0,46,,4029,0,8 9,0,84,,4030,0,8 9,0
801,'4877',932,,4032,0,8 9,0,85,,4033,0,8 9,0,90,,4034,0,8 9,0,48,,4035,0,8 9,0,90,,4031,0,8 9,0,92,,4036,0,8 9,0,91,,4037,0,8 9,0,92,,4038,0,8 9,0,90,,4039,0,8 9,0,91,,4040,0,8 9,0,47,,4041,0,8 9,0
