2201,'4487',713,,8328,,,0,38,,8339,,,0,68,,8324,,,0,29,,8318,,,0,70,,8327,,,0,30,,8340,,,0,67,,8323,,,0,29,,8322,,,0,71,,8325,,,0,28,,8320,,,0,68,,8344,,,0,30,,8321,,,0,67,,8326,,,0,30,,8319,,,0,70,,8332,,,0,32,,8343,,,0,69,,8334,,,0,32,,8330,,,0,71,,8333,,,0,34,,8335,,,0,71,,8331,,,0,31,,8329,,,0,70,,8337,,,0,33,,8336,,,0,68,,8342,,,0,28,,8338,,,0,73,,8345,,,0,31,,8341,,,0,88,,8346,0,5,0
2201,'4743',713,,8357,,,0,38,,8368,,,0,68,,8353,,,0,29,,8347,,,0,70,,8356,,,0,30,,8369,,,0,67,,8352,,,0,29,,8351,,,0,71,,8354,,,0,28,,8349,,,0,68,,8373,,,0,30,,8350,,,0,67,,8355,,,0,30,,8348,,,0,70,,8361,,,0,32,,8372,,,0,69,,8363,,,0,32,,8359,,,0,71,,8362,,,0,34,,8364,,,0,71,,8360,,,0,31,,8358,,,0,70,,8366,,,0,33,,8365,,,0,68,,8371,,,0,28,,8367,,,0,73,,8374,,,0,31,,8370,,,0,88,,8375,0,5,0
2201,'4744',555,,8393,,,0,68,,8383,,,0,88,,8377,,,0,24,,8382,,,0,68,,8394,,,0,33,,8384,,,0,105,,8378,,,0,69,,8381,,,0,30,,8395,,,0,98,,8398,,,0,69,,8376,,,0,29,,8385,,,0,99,,8386,,,0,71,,8399,,,0,98,,8387,,,0,33,,8396,,,0,71,,8388,,,0,100,,8379,,,0,37,,8389,,,0,101,,8390,,,0,71,,8380,,,0,103,,8397,,,0,31,,8392,,,0,89,,8391,0,5,0
2201,'4745',741,,8408,,,0,80,,8409,,,0,29,,8400,,,0,67,,8401,,,0,30,,8411,,,0,69,,8410,,,0,29,,8402,,,0,69,,8404,,,0,30,,8405,,,0,70,,8403,,,0,28,,8407,,,0,69,,8406,,,0,30,,8413,,,0,70,,8414,,,0,31,,8412,,,0,70,,8416,,,0,35,,8415,,,0,70,,8418,,,0,30,,8417,,,0,70,,8419,,,0,33,,8420,,,0,70,,8421,,,0,91,,8422,0,5,0,102,,8423,0,5,0,111,,8424,0,5,0
2201,'4870',555,,8442,,,0,68,,8432,,,0,88,,8426,,,0,24,,8431,,,0,68,,8443,,,0,33,,8433,,,0,105,,8427,,,0,69,,8430,,,0,30,,8444,,,0,98,,8447,,,0,69,,8425,,,0,29,,8434,,,0,99,,8435,,,0,71,,8448,,,0,98,,8436,,,0,33,,8445,,,0,71,,8437,,,0,100,,8428,,,0,37,,8438,,,0,101,,8439,,,0,71,,8429,,,0,103,,8446,,,0,31,,8441,,,0,89,,8440,0,5,0
2201,'4875',555,,8466,,,0,68,,8456,,,0,88,,8450,,,0,24,,8455,,,0,68,,8467,,,0,33,,8457,,,0,105,,8451,,,0,69,,8454,,,0,30,,8468,,,0,98,,8471,,,0,69,,8449,,,0,29,,8458,,,0,99,,8459,,,0,71,,8472,,,0,98,,8460,,,0,33,,8469,,,0,71,,8461,,,0,100,,8452,,,0,37,,8462,,,0,101,,8463,,,0,71,,8453,,,0,103,,8470,,,0,31,,8465,,,0,89,,8464,0,5,0
2201,'4876',713,,8483,,,0,38,,8494,,,0,68,,8479,,,0,29,,8473,,,0,70,,8482,,,0,30,,8495,,,0,67,,8478,,,0,29,,8477,,,0,71,,8480,,,0,28,,8475,,,0,68,,8499,,,0,30,,8476,,,0,67,,8481,,,0,30,,8474,,,0,70,,8487,,,0,32,,8498,,,0,69,,8489,,,0,32,,8485,,,0,71,,8488,,,0,34,,8490,,,0,71,,8486,,,0,31,,8484,,,0,70,,8492,,,0,33,,8491,,,0,68,,8497,,,0,28,,8493,,,0,73,,8500,,,0,31,,8496,,,0,88,,8501,0,5,0
2201,'4877',741,,8510,,,0,80,,8511,,,0,29,,8502,,,0,67,,8503,,,0,30,,8513,,,0,69,,8512,,,0,29,,8504,,,0,69,,8506,,,0,30,,8507,,,0,70,,8505,,,0,28,,8509,,,0,69,,8508,,,0,30,,8515,,,0,70,,8516,,,0,31,,8514,,,0,70,,8518,,,0,35,,8517,,,0,70,,8520,,,0,30,,8519,,,0,70,,8521,,,0,33,,8522,,,0,70,,8523,,,0,91,,8524,0,5,0,102,,8525,0,5,0,111,,8526,0,5,0
14002100,'4487',2130,,20266,,,0,70,,20267,,,0,30,,20268,,,0,102,,20269,,,0,97,,20270,,,0
14002100,'4743',2130,,20271,,,0,70,,20272,,,0,30,,20273,,,0,102,,20274,,,0,97,,20275,,,0
14002100,'4744',2129,,20276,,,0,30,,20277,,,0,70,,20278,,,0,99,,20279,,,0,98,,20280,,,0
14002100,'4745',2131,,20281,,,0,100,,20282,,,0,99,,20283,,,0
14002100,'4870',2129,,20284,,,0,30,,20285,,,0,70,,20286,,,0,99,,20287,,,0,98,,20288,,,0
14002100,'4875',2129,,20289,,,0,30,,20290,,,0,70,,20291,,,0,99,,20292,,,0,98,,20293,,,0
14002100,'4876',2130,,20294,,,0,70,,20295,,,0,30,,20296,,,0,102,,20297,,,0,97,,20298,,,0
14002100,'4877',2131,,20299,,,0,100,,20300,,,0,99,,20301,,,0
