5400,'5036',603,,45183,1,,,0,99,,45187,1,,,0,130,,45186,1,,,0,204,,45184,1,,,0,176,,45185,1,,,0,201,,45189,1,,,0,105,,45188,1,,,0,196,,45190,1,,,0,193,,45191,1,,,0,152,,45192,1,,,0
5400,'5040',603,,45193,1,,,0,99,,45197,1,,,0,130,,45196,1,,,0,204,,45194,1,,,0,176,,45195,1,,,0,201,,45199,1,,,0,105,,45198,1,,,0,196,,45200,1,,,0,193,,45201,1,,,0,152,,45202,1,,,0
5400,'5041',700,,45209,1,,,0,204,,45208,1,,,0,211,,45205,1,,,0,207,,45206,1,,,0,206,,45207,1,,,0,209,,45204,1,,,0,203,,45203,1,,,0
5400,'5078',700,,45210,1,,,0,202,,45212,1,,,0,212,,45213,1,,,0,207,,45214,1,,,0,205,,45211,1,,,0,210,,45215,1,,,0,203,,45216,1,,,0
5400,'5079',700,,45217,1,,,0,202,,45219,1,,,0,212,,45220,1,,,0,207,,45221,1,,,0,205,,45218,1,,,0,210,,45222,1,,,0,203,,45223,1,,,0
5401,'5036',601,,45224,45,4,,0,130,,45227,45,4,,0,174,,45225,45,4,,0,214,,45226,45,4,,0,198,,45228,45,4,,0,133,,45229,45,4,,0,105,,45230,45,4,,0,184,,45231,45,4,,0,190,,45232,45,4,,0,199,,45233,45,4,,0
5401,'5040',601,,45234,45,4,,0,130,,45237,45,4,,0,174,,45235,45,4,,0,214,,45236,45,4,,0,198,,45238,45,4,,0,133,,45239,45,4,,0,105,,45240,45,4,,0,184,,45241,45,4,,0,190,,45242,45,4,,0,199,,45243,45,4,,0
5401,'5041',757,,45250,45,4,,0,201,,45247,45,4,,0,251,,45248,45,4,,0,205,,45249,45,4,,0,211,,45246,45,4,,0,209,,45245,45,4,,0,224,,45244,45,4,,0
5401,'5078',756,,45253,45,4,,0,201,,45254,45,4,,0,252,,45251,45,4,,0,205,,45252,45,4,,0,210,,45255,45,4,,0,210,,45257,45,4,,0,224,,45256,45,4,,0
5401,'5079',756,,45260,45,4,,0,201,,45261,45,4,,0,252,,45258,45,4,,0,205,,45259,45,4,,0,210,,45262,45,4,,0,210,,45264,45,4,,0,224,,45263,45,4,,0
5500,'5036',604,,45265,1,,,0,130,,45267,1,,,0,175,,45266,1,,,0,214,,45268,1,,,0,198,,45269,1,,,0,133,,45270,1,,,0,105,,45271,1,,,0,183,,45272,1,,,0,190,,45273,1,,,0,199,,45274,1,,,0
5500,'5040',604,,45275,1,,,0,130,,45277,1,,,0,175,,45276,1,,,0,214,,45278,1,,,0,198,,45279,1,,,0,133,,45280,1,,,0,105,,45281,1,,,0,183,,45282,1,,,0,190,,45283,1,,,0,199,,45284,1,,,0
5500,'5041',759,,45291,1,,,0,241,,45287,1,,,0,212,,45288,1,,,0,205,,45289,1,,,0,211,,45290,1,,,0,209,,45286,1,,,0,264,,45285,1,,,0
5500,'5078',758,,45292,1,,,0,201,,45295,1,,,0,253,,45294,1,,,0,205,,45293,1,,,0,210,,45297,1,,,0,209,,45298,1,,,0,264,,45296,1,,,0
5500,'5079',758,,45299,1,,,0,201,,45302,1,,,0,253,,45301,1,,,0,205,,45300,1,,,0,210,,45304,1,,,0,209,,45305,1,,,0,264,,45303,1,,,0
5501,'5036',700,,45309,41,4,,0,130,,45308,41,4,,0,204,,45306,41,4,,0,176,,45307,41,4,,0,200,,45311,41,4,,0,105,,45310,41,4,,0,196,,45312,41,4,,0,193,,45313,41,4,,0,152,,45314,41,4,,0
5501,'5040',700,,45318,41,4,,0,130,,45317,41,4,,0,204,,45315,41,4,,0,176,,45316,41,4,,0,200,,45320,41,4,,0,105,,45319,41,4,,0,196,,45321,41,4,,0,193,,45322,41,4,,0,152,,45323,41,4,,0
5501,'5041',902,,45329,41,4,,0,211,,45326,41,4,,0,207,,45327,41,4,,0,206,,45328,41,4,,0,209,,45324,41,4,,0,203,,45325,41,4,,0
5501,'5078',900,,45330,41,4,,0,212,,45332,41,4,,0,207,,45333,41,4,,0,205,,45331,41,4,,0,210,,45335,41,4,,0,203,,45334,41,4,,0
5501,'5079',900,,45336,41,4,,0,212,,45338,41,4,,0,207,,45339,41,4,,0,205,,45337,41,4,,0,210,,45341,41,4,,0,203,,45340,41,4,,0
