1002200,'4744',950,,19869,,,0,196,,19866,0,21 22,0,273,,19867,0,21 22,0,210,,19865,0,21 22,0,98,,19870,0,21 22,0,192,,19868,0,21 22,0
1002200,'4947',950,,19875,,,0,196,,19872,0,21 22,0,273,,19873,0,21 22,0,210,,19871,0,21 22,0,98,,19876,0,21 22,0,192,,19874,0,21 22,0
1002200,'4952',950,,19881,,,0,196,,19878,0,21 22,0,273,,19879,0,21 22,0,210,,19877,0,21 22,0,98,,19882,0,21 22,0,192,,19880,0,21 22,0
14002100,'4487',2127,,20266,,,0,30,,20267,,,0,70,,20268,,,0,102,,20269,,,0,97,,20270,,,0
14002100,'4744',2126,,22575,,,0,30,,20277,,,0,70,,20278,,,0,99,,22576,,,0,98,,20280,,,0
14002100,'4745',2128,,20281,,,0,100,,20282,,,0,99,,20283,,,0
14002100,'4947',2126,,22577,,,0,30,,20285,,,0,70,,20286,,,0,99,,22578,,,0,98,,20288,,,0
14002100,'4952',2126,,22579,,,0,30,,20290,,,0,70,,20291,,,0,99,,22580,,,0,98,,20293,,,0
14002100,'4953',2127,,20294,,,0,30,,20295,,,0,70,,20296,,,0,102,,20297,,,0,97,,20298,,,0
14002100,'4954',2128,,20299,,,0,100,,20300,,,0,99,,20301,,,0
