2100,'5036',628,,40959,11,,,0,29,,40944,11,,,0,58,,40961,11,,,0,15,,40946,11,,,0,16,,40963,11,,,0,13,,40942,11,,,0,57,,40957,11,,,0,16,,40945,11,,,0,20,,40972,11,,,0,58,,40943,11,,,0,18,,40953,11,,,0,25,,40964,11,,,0,66,,40979,11,,,0,30,,40977,11,,,0,70,,40976,11,0,18 19,0,31,,40955,11,,,0,71,,40980,11,,,0,30,,40974,11,,,0,71,,40975,11,,,0,31,,40978,11,,,0,70,,40954,11,,,0,31,,40958,11,,,0,60,,40949,11,,,0,19,,40965,11,,,0,20,,40947,11,,,0,60,,40960,11,,,0,17,,40950,11,0,18 19,0,18,,40962,11,,,0,58,,40948,11,,,0,18,,40952,11,,,0,18,,40956,11,0,17,0,17,,40951,11,0,17,0,56,,40969,11,0,17,0,32,,40966,11,0,17,0,69,,40971,11,0,17,0,30,,40973,11,0,17,0,73,,40967,11,0,17,0,29,,40968,11,0,17,0
2100,'5040',628,,40998,11,,,0,29,,40983,11,,,0,58,,41000,11,,,0,15,,40985,11,,,0,16,,41002,11,,,0,13,,40981,11,,,0,57,,40996,11,,,0,16,,40984,11,,,0,20,,41011,11,,,0,58,,40982,11,,,0,18,,40992,11,,,0,25,,41003,11,,,0,66,,41018,11,,,0,30,,41016,11,,,0,70,,41015,11,0,18 19,0,31,,40994,11,,,0,71,,41019,11,,,0,30,,41013,11,,,0,71,,41014,11,,,0,31,,41017,11,,,0,70,,40993,11,,,0,31,,40997,11,,,0,60,,40988,11,,,0,19,,41004,11,,,0,20,,40986,11,,,0,60,,40999,11,,,0,17,,40989,11,0,18 19,0,18,,41001,11,,,0,58,,40987,11,,,0,18,,40991,11,,,0,18,,40995,11,0,17,0,17,,40990,11,0,17,0,56,,41008,11,0,17,0,32,,41005,11,0,17,0,69,,41010,11,0,17,0,30,,41012,11,0,17,0,73,,41006,11,0,17,0,29,,41007,11,0,17,0
2100,'5041',717,,41039,11,0,17,0,85,,41046,11,0,17,0,40,,41030,11,0,18 19,0,71,,41040,11,0,17,0,39,,41023,11,0,17,0,70,,41041,11,0,17,0,32,,41025,11,0,17,0,71,,41035,11,0,17,0,30,,41020,11,0,17,0,72,,41021,11,0,18 19,0,30,,41042,11,0,17,0,71,,41026,11,0,17,0,30,,41034,11,0,17,0,68,,41022,11,0,18 19,0,32,,41024,11,0,17,0,70,,41043,11,0,17,0,29,,41027,11,0,17,0,70,,41036,11,0,18 19,0,30,,41028,11,0,17,0,70,,41029,11,0,17,0,29,,41045,11,0,17,0,70,,41031,11,0,18 19,0,28,,41037,11,0,17,0,69,,41032,11,0,17,0,28,,41033,11,0,17,0,68,,41044,11,0,17,0,30,,41038,11,0,17,0
2100,'5078',742,,41064,11,0,17,0,75,,41063,11,0,17,0,85,,41051,11,0,18 19,0,37,,41062,11,0,17,0,83,,41065,11,0,17,0,30,,41047,11,0,17,0,70,,41050,11,0,17,0,30,,41053,11,0,17,0,70,,41049,11,0,18 19,0,31,,41052,11,0,17,0,70,,41048,11,0,17,0,30,,41054,11,0,17,0,71,,41055,11,0,18 19,0,30,,41057,11,0,17,0,70,,41058,11,0,17,0,30,,41056,11,0,17,0,70,,41061,11,0,18 19,0,30,,41059,11,0,17,0,70,,41060,11,0,17,0,29,,41066,11,0,17,0,69,,41067,11,0,18 19,0,28,,41069,11,0,17,0,69,,41068,11,0,17,0,30,,41071,11,0,17,0,70,,41070,11,0,17,0
2100,'5079',742,,41089,11,0,17,0,75,,41088,11,0,17,0,85,,41076,11,0,18 19,0,37,,41087,11,0,17,0,83,,41090,11,0,17,0,30,,41072,11,0,17,0,70,,41075,11,0,17,0,30,,41078,11,0,17,0,70,,41074,11,0,18 19,0,31,,41077,11,0,17,0,70,,41073,11,0,17,0,30,,41079,11,0,17,0,71,,41080,11,0,18 19,0,30,,41082,11,0,17,0,70,,41083,11,0,17,0,30,,41081,11,0,17,0,70,,41086,11,0,18 19,0,30,,41084,11,0,17,0,70,,41085,11,0,17,0,29,,41091,11,0,17,0,69,,41092,11,0,18 19,0,28,,41094,11,0,17,0,69,,41093,11,0,17,0,30,,41096,11,0,17,0,70,,41095,11,0,17,0
2200,'5036',613,,41302,26,,,0,30,,41286,26,,,0,68,,41297,26,,,0,31,,41289,26,,,0,68,,41279,9,0,20 7,0,6,,41301,26,,,0,23,,41281,26,,,0,69,,41285,26,,,0,102,,41287,26,,,0,26,,41303,26,,,0,70,,41280,26,,,0,103,,41296,26,0,21 22,0,30,,41288,26,0,21 22,0,70,,41304,26,0,21 22,0,30,,41282,26,0,21 22,0,101,,41299,26,0,21 22,0,69,,41293,26,0,21 22,0,36,,41306,26,0,21 22,0,102,,41294,26,0,21 22,0,97,,41290,26,0,21 22,0,70,,41305,26,,,0,24,,41283,26,,,0,98,,41298,26,,,0,70,,41295,26,,,0,29,,41284,26,,,0,69,,41292,26,,,0
2200,'5040',613,,41331,26,,,0,30,,41315,26,,,0,68,,41326,26,,,0,31,,41318,26,,,0,68,,41308,9,0,20 7,0,6,,41330,26,,,0,23,,41310,26,,,0,69,,41314,26,,,0,102,,41316,26,,,0,26,,41332,26,,,0,70,,41309,26,,,0,103,,41325,26,0,21 22,0,30,,41317,26,0,21 22,0,70,,41333,26,0,21 22,0,30,,41311,26,0,21 22,0,101,,41328,26,0,21 22,0,69,,41322,26,0,21 22,0,36,,41335,26,0,21 22,0,102,,41323,26,0,21 22,0,97,,41319,26,0,21 22,0,70,,41334,26,,,0,24,,41312,26,,,0,98,,41327,26,,,0,70,,41324,26,,,0,29,,41313,26,,,0,69,,41321,26,,,0
2200,'5041',702,,41355,26,,,0,40,,41341,26,,,0,80,,41345,26,,,0,80,,41358,26,,,0,32,,41342,26,,,0,70,,41336,26,,,0,31,,41343,26,,,0,71,,41357,26,,,0,31,,41340,26,,,0,71,,41339,26,,,0,31,,41344,26,,,0,70,,41337,26,,,0,31,,41362,26,,,0,70,,41338,26,,,0,30,,41351,26,,,0,70,,41347,26,,,0,30,,41350,26,,,0,69,,41361,26,,,0,29,,41352,26,,,0,71,,41346,26,,,0,30,,41354,26,,,0,72,,41353,26,,,0,30,,41349,26,,,0,68,,41348,26,,,0,29,,41363,26,,,0,69,,41364,26,,,0,27,,41360,26,,,0,68,,41356,26,,,0
2200,'5078',751,,41371,26,,,0,101,,41372,26,,,0,80,,41373,26,,,0,70,,41368,26,,,0,32,,41369,26,,,0,70,,41370,26,,,0,30,,41375,26,,,0,69,,41376,26,,,0,32,,41374,26,,,0,70,,41377,26,,,0,30,,41378,26,,,0,70,,41386,26,,,0,31,,41385,26,,,0,70,,41379,26,,,0,30,,41380,26,,,0,70,,41381,26,,,0,30,,41382,26,,,0,72,,41383,26,,,0,30,,41384,26,,,0,69,,41387,26,,,0,29,,41388,26,,,0,68,,41389,26,,,0,30,,41390,26,,,0,115,,41391,9,,,0
2200,'5079',751,,41395,26,,,0,101,,41396,26,,,0,80,,41397,26,,,0,70,,41392,26,,,0,32,,41393,26,,,0,70,,41394,26,,,0,30,,41399,26,,,0,69,,41400,26,,,0,32,,41398,26,,,0,70,,41401,26,,,0,30,,41402,26,,,0,70,,41410,26,,,0,31,,41409,26,,,0,70,,41403,26,,,0,30,,41404,26,,,0,70,,41405,26,,,0,30,,41406,26,,,0,72,,41407,26,,,0,30,,41408,26,,,0,69,,41411,26,,,0,29,,41412,26,,,0,68,,41413,26,,,0,30,,41414,26,,,0,115,,41415,9,,,0
1002200,'5036',941,,48574,26,,,0,196,,48571,26,0,21 22,0,272,,48572,26,0,21 22,0,208,,48570,26,0,21 22,0,98,,48575,26,0,21 22,0,195,,48573,26,0,21 22,0
1002200,'5040',941,,48580,26,,,0,196,,48577,26,0,21 22,0,272,,48578,26,0,21 22,0,208,,48576,26,0,21 22,0,98,,48581,26,0,21 22,0,195,,48579,26,0,21 22,0
14002100,'5036',2118,,48807,11,,,0,30,,48805,11,,,0,70,,48808,11,,,0,99,,48806,11,,,0,99,,48809,11,,,0
14002100,'5040',2118,,48812,11,,,0,30,,48810,11,,,0,70,,48813,11,,,0,99,,48811,11,,,0,99,,48814,11,,,0
14002100,'5041',2117,,48815,11,,,0,30,,48816,11,,,0,70,,48817,11,,,0,102,,48818,11,,,0,99,,48819,11,,,0
14002100,'5078',2119,,48820,11,,,0,100,,48821,11,,,0,100,,48822,11,,,0
14002100,'5079',2119,,48823,11,,,0,100,,48824,11,,,0,100,,48825,11,,,0
