5500,'4487',819,,14617,,,0,201,,14613,,,0,213,,14614,,,0,204,,14615,,,0,211,,14616,,,0,209,,14612,,,0,264,,14611,,,0
5500,'4744',624,,14625,,,0,132,,14627,,,0,173,,14626,,,0,214,,14628,,,0,198,,14629,,,0,174,,14630,,,0,106,,14631,,,0,182,,14632,,,0,148,,14633,,,0,198,,14634,,,0
5500,'4745',817,,14635,,,0,202,,14638,,,0,214,,14637,,,0,205,,14636,,,0,210,,14640,,,0,208,,14641,,,0,263,,14639,,,0
5500,'4947',624,,14642,,,0,132,,14644,,,0,173,,14643,,,0,214,,14645,,,0,198,,14646,,,0,174,,14647,,,0,106,,14648,,,0,182,,14649,,,0,148,,14650,,,0,198,,14651,,,0
5500,'4952',624,,14652,,,0,132,,14654,,,0,173,,14653,,,0,214,,14655,,,0,198,,14656,,,0,174,,14657,,,0,106,,14658,,,0,182,,14659,,,0,148,,14660,,,0,198,,14661,,,0
5500,'4953',819,,14668,,,0,201,,14664,,,0,213,,14665,,,0,204,,14666,,,0,211,,14667,,,0,209,,14663,,,0,264,,14662,,,0
5500,'4954',817,,14669,,,0,202,,14672,,,0,214,,14671,,,0,205,,14670,,,0,210,,14674,,,0,208,,14675,,,0,263,,14673,,,0
6100,'4744',542,,15857,,,0,78,,15855,,,0,13,,15858,,,0,20,,15859,,,0,61,,15861,,,0,19,,15865,,,0,18,,15872,,,0,69,,15874,,,0
6100,'4947',542,,15915,,,0,78,,15913,,,0,13,,15916,,,0,20,,15917,,,0,61,,15919,,,0,19,,15923,,,0,18,,15930,,,0,69,,15932,,,0
6100,'4952',542,,15952,,,0,78,,15950,,,0,13,,15953,,,0,20,,15954,,,0,61,,15956,,,0,19,,15960,,,0,18,,15967,,,0,69,,15969,,,0
