2200,'5036',551,,41302,1,,,0,68,,41286,1,,,0,28,,41297,1,,,0,69,,41289,1,,,0,33,,41301,1,,,0,62,,41281,1,,,0,30,,41285,1,,,0,104,,41287,1,,,0,66,,41303,1,,,0,30,,41280,1,,,0,100,,41296,1,0,21 22,0,70,,41288,1,0,21 22,0,30,,41304,1,0,21 22,0,70,,41282,1,0,21 22,0,99,,41299,1,0,21 22,0,29,,41293,1,0,21 22,0,74,,41306,1,0,21 22,0,102,,41294,1,0,21 22,0,101,,41290,1,0,21 22,0,30,,41305,1,,,0,66,,41283,1,,,0,100,,41298,1,,,0,30,,41295,1,,,0,70,,41284,1,,,0,30,,41292,1,,,0,70,,41300,1,0,5,0,30,,41291,1,0,5,0
2200,'5040',551,,41331,1,,,0,68,,41315,1,,,0,28,,41326,1,,,0,69,,41318,1,,,0,33,,41330,1,,,0,62,,41310,1,,,0,30,,41314,1,,,0,104,,41316,1,,,0,66,,41332,1,,,0,30,,41309,1,,,0,100,,41325,1,0,21 22,0,70,,41317,1,0,21 22,0,30,,41333,1,0,21 22,0,70,,41311,1,0,21 22,0,99,,41328,1,0,21 22,0,29,,41322,1,0,21 22,0,74,,41335,1,0,21 22,0,102,,41323,1,0,21 22,0,101,,41319,1,0,21 22,0,30,,41334,1,,,0,66,,41312,1,,,0,100,,41327,1,,,0,30,,41324,1,,,0,70,,41313,1,,,0,30,,41321,1,,,0,70,,41329,1,0,5,0,30,,41320,1,0,5,0
2200,'5041',640,,41355,1,,,0,80,,41341,1,,,0,80,,41345,1,,,0,40,,41358,1,,,0,70,,41342,1,,,0,30,,41336,1,,,0,71,,41343,1,,,0,31,,41357,1,,,0,70,,41340,1,,,0,30,,41339,1,,,0,71,,41344,1,,,0,30,,41337,1,,,0,69,,41362,1,,,0,30,,41338,1,,,0,70,,41351,1,,,0,30,,41347,1,,,0,70,,41350,1,,,0,30,,41361,1,,,0,69,,41352,1,,,0,31,,41346,1,,,0,70,,41354,1,,,0,33,,41353,1,,,0,70,,41349,1,,,0,30,,41348,1,,,0,70,,41363,1,,,0,30,,41364,1,,,0,67,,41360,1,,,0,28,,41356,1,,,0,70,,41359,1,0,5,0,30,,41365,1,0,5,0
2200,'5078',730,,41371,1,,,0,100,,41372,1,,,0,80,,41373,1,,,0,30,,41368,1,,,0,70,,41369,1,,,0,30,,41370,1,,,0,70,,41375,1,,,0,29,,41376,1,,,0,71,,41374,1,,,0,30,,41377,1,,,0,70,,41378,1,,,0,30,,41386,1,,,0,70,,41385,1,,,0,30,,41379,1,,,0,70,,41380,1,,,0,30,,41381,1,,,0,70,,41382,1,,,0,32,,41383,1,,,0,70,,41384,1,,,0,30,,41387,1,,,0,70,,41388,1,,,0,30,,41389,1,,,0,70,,41390,1,,,0
2200,'5079',730,,41395,1,,,0,100,,41396,1,,,0,80,,41397,1,,,0,30,,41392,1,,,0,70,,41393,1,,,0,30,,41394,1,,,0,70,,41399,1,,,0,29,,41400,1,,,0,71,,41398,1,,,0,30,,41401,1,,,0,70,,41402,1,,,0,30,,41410,1,,,0,70,,41409,1,,,0,30,,41403,1,,,0,70,,41404,1,,,0,30,,41405,1,,,0,70,,41406,1,,,0,32,,41407,1,,,0,70,,41408,1,,,0,30,,41411,1,,,0,70,,41412,1,,,0,30,,41413,1,,,0,70,,41414,1,,,0
2201,'5036',635,,41433,67,4,,0,70,,41423,67,4,,0,54,,41417,60,4,,0,68,,41422,73,4,,0,73,,41434,73,4,,0,31,,41424,73,4,,0,97,,41418,73,4,,0,30,,41421,73,4,,0,70,,41435,73,4,,0,100,,41438,73,4,,0,30,,41416,60,4,,0,69,,41425,60,4,,0,100,,41426,60,4,,0,32,,41439,60,4,,0,143,,41427,60,4,,0,31,,41436,60,4,,0,70,,41428,60,4,,0,97,,41419,60,4,,0,34,,41429,60,4,,0,97,,41430,60,4,,0,70,,41420,60,4,,0,100,,41437,60,4,,0,30,,41432,60,4,,0
2201,'5040',635,,41457,67,4,,0,70,,41447,67,4,,0,54,,41441,60,4,,0,68,,41446,73,4,,0,73,,41458,73,4,,0,31,,41448,73,4,,0,97,,41442,73,4,,0,30,,41445,73,4,,0,70,,41459,73,4,,0,100,,41462,73,4,,0,30,,41440,60,4,,0,69,,41449,60,4,,0,100,,41450,60,4,,0,32,,41463,60,4,,0,143,,41451,60,4,,0,31,,41460,60,4,,0,70,,41452,60,4,,0,97,,41443,60,4,,0,34,,41453,60,4,,0,97,,41454,60,4,,0,70,,41444,60,4,,0,100,,41461,60,4,,0,30,,41456,60,4,,0
2201,'5041',750,,41474,60,4,,0,80,,41485,60,4,,0,70,,41470,60,4,,0,29,,41464,60,4,,0,71,,41473,60,4,,0,30,,41486,60,4,,0,70,,41469,60,4,,0,30,,41468,60,4,,0,71,,41471,60,4,,0,29,,41466,60,4,,0,29,,41490,60,4,,0,70,,41467,60,4,,0,30,,41472,60,4,,0,70,,41465,60,4,,0,30,,41478,60,4,,0,70,,41489,60,4,,0,29,,41480,60,4,,0,71,,41476,60,4,,0,71,,41479,60,4,,0,33,,41481,60,4,,0,70,,41477,60,4,,0,31,,41475,60,4,,0,70,,41483,60,4,,0,30,,41482,60,4,,0,67,,41488,60,4,,0,28,,41484,60,4,,0,71,,41491,60,4,,0,30,,41487,60,4,,0
2201,'5078',820,,41501,60,4,,0,80,,41502,60,4,,0,30,,41494,60,4,,0,28,,41495,60,4,,0,71,,41504,60,4,,0,30,,41503,60,4,,0,69,,41493,60,4,,0,31,,41497,60,4,,0,70,,41498,60,4,,0,30,,41496,60,4,,0,69,,41500,60,4,,0,30,,41499,60,4,,0,70,,41506,60,4,,0,30,,41507,60,4,,0,70,,41505,60,4,,0,30,,41509,60,4,,0,73,,41508,60,4,,0,70,,41511,60,4,,0,30,,41510,60,4,,0,70,,41512,60,4,,0,31,,41513,60,4,,0,70,,41514,60,4,,0
2201,'5079',820,,41526,60,4,,0,80,,41527,60,4,,0,30,,41519,60,4,,0,28,,41520,60,4,,0,71,,41529,60,4,,0,30,,41528,60,4,,0,69,,41518,60,4,,0,31,,41522,60,4,,0,70,,41523,60,4,,0,30,,41521,60,4,,0,69,,41525,60,4,,0,30,,41524,60,4,,0,70,,41531,60,4,,0,30,,41532,60,4,,0,70,,41530,60,4,,0,30,,41534,60,4,,0,73,,41533,60,4,,0,70,,41536,60,4,,0,30,,41535,60,4,,0,70,,41537,60,4,,0,31,,41538,60,4,,0,70,,41539,60,4,,0
1002200,'5036',915,,48574,1,,,0,196,,48571,1,0,21 22,0,229,,48572,1,0,21 22,0,205,,48570,1,0,21 22,0,101,,48575,1,0,21 22,0,199,,48573,1,0,21 22,0
1002200,'5040',915,,48580,1,,,0,196,,48577,1,0,21 22,0,229,,48578,1,0,21 22,0,205,,48576,1,0,21 22,0,101,,48581,1,0,21 22,0,199,,48579,1,0,21 22,0
1002201,'5036',738,,48588,61,4,,0,220,,48587,61,4,,0,200,,48583,61,4,,0,199,,48585,48,4,,0,175,,48582,48,4,,0,200,,48589,48,4,,0,169,,48586,48,4,,0,130,,48584,48,4,,0
1002201,'5040',738,,48597,61,4,,0,220,,48596,61,4,,0,200,,48592,61,4,,0,199,,48594,48,4,,0,175,,48591,48,4,,0,200,,48598,48,4,,0,169,,48595,48,4,,0,130,,48593,48,4,,0
