300,'5036',615,,36808,20,,,0,33,,36807,22,,,0,75,,36806,20,,,0,80,,36805,22,,,0,37,,36804,20,,,0,76,,36803,22,,,0,99,,36797,22,,,0,98,,36794,22,,,0,105,,36792,22,,,0,100,,36799,22,,,0,104,,36790,22,,,0,109,,36789,22,,,0,74,,36788,22,,,0,33,,36801,22,,,0,75,,36787,20,,,0,34,,36786,22,,,0,68,,36802,20,,,0,30,,36785,22,,,0,70,,36784,20,,,0,25,,36782,22,,,0,66,,36781,20,,,0,30,,36780,22,,,0,86,,36783,20,0,5,0
300,'5040',615,,36837,20,,,0,33,,36836,22,,,0,75,,36835,20,,,0,80,,36834,22,,,0,37,,36833,20,,,0,76,,36832,22,,,0,99,,36826,22,,,0,98,,36823,22,,,0,105,,36821,22,,,0,100,,36828,22,,,0,104,,36819,22,,,0,109,,36818,22,,,0,74,,36817,22,,,0,33,,36830,22,,,0,75,,36816,20,,,0,34,,36815,22,,,0,68,,36831,20,,,0,30,,36814,22,,,0,70,,36813,20,,,0,25,,36811,22,,,0,66,,36810,20,,,0,30,,36809,22,,,0,86,,36812,20,0,5,0
300,'5041',653,,36861,20,,,0,70,,36845,22,,,0,28,,36839,20,,,0,70,,36853,22,,,0,30,,36846,20,,,0,69,,36863,22,,,0,30,,36852,20,,,0,70,,36838,22,,,0,98,,36851,22,,,0,99,,36864,22,,,0,101,,36841,22,,,0,103,,36840,22,,,0,109,,36843,22,,,0,70,,36849,20,,,0,39,,36844,22,,,0,64,,36850,20,,,0,37,,36856,22,,,0,68,,36857,20,,,0,32,,36855,22,,,0,65,,36858,20,,,0,31,,36859,22,,,0,70,,36865,20,,,0,31,,36862,22,,,0,85,,36866,20,0,5,0
300,'5078',707,,36881,20,,,0,45,,36869,22,,,0,79,,36882,20,,,0,84,,36876,22,,,0,35,,36880,20,,,0,80,,36867,22,,,0,19,,36877,20,,,0,71,,36872,22,,,0,29,,36868,20,,,0,69,,36873,22,,,0,30,,36871,20,,,0,69,,36870,22,,,0,31,,36874,20,,,0,77,,36875,22,,,0,27,,36878,20,,,0,81,,36879,22,,,0,26,,36886,20,,,0,73,,36883,22,,,0,68,,36884,20,,,0,30,,36885,22,,,0,71,,36888,20,,,0,30,,36887,22,,,0,70,,36889,20,,,0,35,,36890,22,,,0,84,,36891,20,0,5,0
300,'5079',707,,36906,20,,,0,45,,36894,22,,,0,79,,36907,20,,,0,84,,36901,22,,,0,35,,36905,20,,,0,80,,36892,22,,,0,19,,36902,20,,,0,71,,36897,22,,,0,29,,36893,20,,,0,69,,36898,22,,,0,30,,36896,20,,,0,69,,36895,22,,,0,31,,36899,20,,,0,77,,36900,22,,,0,27,,36903,20,,,0,81,,36904,22,,,0,26,,36911,20,,,0,73,,36908,22,,,0,68,,36909,20,,,0,30,,36910,22,,,0,71,,36913,20,,,0,30,,36912,22,,,0,70,,36914,20,,,0,35,,36915,22,,,0,84,,36916,20,0,5,0
14000700,'5036',2159,,48747,29,0,5,0,69,,48750,29,0,5,0,72,,48748,29,0,5,0,29,,48749,29,0,5,0,71,,48751,29,0,5,0,29,,48752,29,0,5,0
14000700,'5040',2159,,48753,29,0,5,0,69,,48756,29,0,5,0,72,,48754,29,0,5,0,29,,48755,29,0,5,0,71,,48757,29,0,5,0,29,,48758,29,0,5,0
14000700,'5041',2158,,48759,29,0,5,0,74,,48760,29,0,5,0,69,,48761,29,0,5,0,29,,48762,29,0,5,0,70,,48763,29,0,5,0,31,,48764,29,0,5,0
14000700,'5078',2100,,48765,29,0,5,0,31,,48766,29,0,5,0,70,,48767,29,0,5,0,100,,48768,29,0,5,0,58,,48769,29,0,5,0
14000700,'5079',2100,,48770,29,0,5,0,31,,48771,29,0,5,0,70,,48772,29,0,5,0,100,,48773,29,0,5,0,58,,48774,29,0,5,0
