3000,'4487',646,,11527,,,0,100,,11528,,,0,78,,11529,,,0,78,,11530,,,0,33,,11531,,,0,72,,11532,,,0,33,,11533,,,0,71,,22224,,,0,30,,11535,,,0,70,,11536,,,0,30,,11537,,,0,69,,11538,,,0,32,,11539,,,0,70,,11540,,,0,30,,11541,,,0,70,,11542,,,0,31,,11543,,,0,69,,11544,,,0,30,,11545,,,0,69,,11546,,,0,30,,11547,,,0,69,,11548,,,0,30,,11549,,,0,79,,11550,,,0,40,,11551,,,0,78,,11552,,,0,85,,11553,,,0,100,,11554,,,0,100,,11555,,,0,107,,11556,,,0
3000,'4744',557,,11587,,,0,92,,11588,,,0,72,,11589,,,0,33,,11590,,,0,71,,11591,,,0,32,,11592,,,0,69,,22225,,,0,30,,11594,,,0,71,,11595,,,0,30,,11596,,,0,71,,11597,,,0,30,,11598,,,0,70,,11599,,,0,30,,11600,,,0,71,,11601,,,0,30,,11602,,,0,67,,11603,,,0,32,,11604,,,0,72,,22226,,,0,73,,11606,,,0,37,,11607,,,0,70,,11608,,,0,31,,11609,,,0,70,,11610,,,0,26,,11611,,,0,67,,11612,,,0,28,,11613,,,0,73,,11614,,,0,33,,11615,,,0,85,,11616,,,0,100,,11617,,,0,99,,11618,,,0,108,,11619,,,0
3000,'4745',757,,11620,,,0,101,,11621,,,0,84,,11622,,,0,80,,11623,,,0,81,,11624,,,0,36,,11625,,,0,70,,11626,,,0,30,,11627,,,0,70,,11628,,,0,31,,11629,,,0,70,,11630,,,0,30,,11631,,,0,70,,11632,,,0,30,,11633,,,0,71,,11634,,,0,30,,11635,,,0,69,,11636,,,0,29,,11637,,,0,69,,11638,,,0,30,,11639,,,0,80,,11640,,,0,40,,11641,,,0,79,,11642,,,0,87,,11643,,,0,98,,11644,,,0,98,,22227,,,0
3000,'4947',557,,11646,,,0,92,,11647,,,0,72,,11648,,,0,33,,11649,,,0,71,,11650,,,0,32,,11651,,,0,69,,22228,,,0,30,,11653,,,0,71,,11654,,,0,30,,11655,,,0,71,,11656,,,0,30,,11657,,,0,70,,11658,,,0,30,,11659,,,0,71,,11660,,,0,30,,11661,,,0,67,,11662,,,0,32,,11663,,,0,72,,22229,,,0,73,,11665,,,0,37,,11666,,,0,70,,11667,,,0,31,,11668,,,0,70,,11669,,,0,26,,11670,,,0,67,,11671,,,0,28,,11672,,,0,73,,11673,,,0,33,,11674,,,0,85,,11675,,,0,100,,11676,,,0,99,,11677,,,0,108,,11678,,,0
3000,'4952',557,,11679,,,0,92,,11680,,,0,72,,11681,,,0,33,,11682,,,0,71,,11683,,,0,32,,11684,,,0,69,,22230,,,0,30,,11686,,,0,71,,11687,,,0,30,,11688,,,0,71,,11689,,,0,30,,11690,,,0,70,,11691,,,0,30,,11692,,,0,71,,11693,,,0,30,,11694,,,0,67,,11695,,,0,32,,11696,,,0,72,,22231,,,0,73,,11698,,,0,37,,11699,,,0,70,,11700,,,0,31,,11701,,,0,70,,11702,,,0,26,,11703,,,0,67,,11704,,,0,28,,11705,,,0,73,,11706,,,0,33,,11707,,,0,85,,11708,,,0,100,,11709,,,0,99,,11710,,,0,108,,11711,,,0
3000,'4953',646,,11712,,,0,100,,11713,,,0,78,,11714,,,0,78,,22232,,,0,33,,11716,,,0,72,,11717,,,0,33,,11718,,,0,71,,11719,,,0,30,,22233,,,0,70,,11721,,,0,30,,11722,,,0,69,,11723,,,0,32,,11724,,,0,70,,11725,,,0,30,,11726,,,0,70,,11727,,,0,31,,11728,,,0,69,,11729,,,0,30,,11730,,,0,69,,11731,,,0,30,,11732,,,0,69,,11733,,,0,30,,11734,,,0,79,,11735,,,0,40,,11736,,,0,78,,11737,,,0,85,,11738,,,0,100,,11739,,,0,100,,11740,,,0,107,,11741,,,0
3000,'4954',757,,11742,,,0,101,,11743,,,0,84,,11744,,,0,80,,22234,,,0,81,,11746,,,0,36,,22235,,,0,70,,11748,,,0,30,,11749,,,0,70,,11750,,,0,31,,11751,,,0,70,,11752,,,0,30,,11753,,,0,70,,22236,,,0,30,,11755,,,0,71,,11756,,,0,30,,11757,,,0,69,,11758,,,0,29,,11759,,,0,69,,22237,,,0,30,,22238,,,0,80,,11762,,,0,40,,11763,,,0,79,,11764,,,0,87,,22239,,,0,98,,22240,,,0,98,,11767,,,0
3100,'4487',716,,12009,,,0,88,,12010,,,0,41,,12011,,,0,75,,12012,,,0,31,,12013,,,0,72,,12014,,,0,33,,12015,,,0,70,,22287,,,0,30,,22288,,,0,70,,22289,,,0,30,,22290,,,0,71,,22291,,,0,30,,22292,,,0,70,,22293,,,0,30,,12023,,,0,71,,22294,,,0,29,,22295,,,0,70,,12026,,,0,29,,12027,,,0,70,,12028,,,0,29,,12029,,,0,70,,12030,,,0,34,,22296,,,0,80,,12032,,,0,79,,22297,,,0,39,,12034,,,0,95,,12035,,,0,100,,22298,,,0,154,,12037,,,0,53,,12038,,,0
3100,'4744',628,,12069,,,0,77,,12070,,,0,33,,12071,,,0,71,,12072,,,0,32,,12073,,,0,71,,12074,,,0,29,,12075,,,0,71,,22299,,,0,30,,12077,,,0,70,,12078,,,0,31,,22300,,,0,70,,12080,,,0,30,,12081,,,0,71,,22301,,,0,30,,12083,,,0,68,,12084,,,0,30,,22302,,,0,72,,12086,,,0,33,,12087,,,0,74,,22303,,,0,35,,12089,,,0,69,,12090,,,0,31,,22304,,,0,69,,12092,,,0,25,,12093,,,0,68,,22305,,,0,28,,12095,,,0,77,,12096,,,0,78,,12097,,,0,53,,12098,,,0,98,,12099,,,0,151,,12100,,,0,56,,12101,,,0
3100,'4745',716,,12102,,,0,112,,12103,,,0,94,,12104,,,0,80,,12105,,,0,41,,12106,,,0,81,,12107,,,0,30,,12108,,,0,70,,12109,,,0,30,,12110,,,0,71,,12111,,,0,30,,12112,,,0,70,,22306,,,0,30,,12114,,,0,70,,12115,,,0,31,,12116,,,0,70,,12117,,,0,29,,22307,,,0,69,,12119,,,0,30,,12120,,,0,69,,12121,,,0,35,,12122,,,0,80,,22308,,,0,79,,12124,,,0,40,,22309,,,0,95,,12126,,,0,100,,12127,,,0,151,,12128,,,0
3100,'4947',628,,12129,,,0,77,,12130,,,0,33,,12131,,,0,71,,12132,,,0,32,,12133,,,0,71,,12134,,,0,29,,12135,,,0,71,,22310,,,0,30,,12137,,,0,70,,12138,,,0,31,,22311,,,0,70,,12140,,,0,30,,12141,,,0,71,,22312,,,0,30,,12143,,,0,68,,12144,,,0,30,,22313,,,0,72,,12146,,,0,33,,12147,,,0,74,,22314,,,0,35,,12149,,,0,69,,12150,,,0,31,,22315,,,0,69,,12152,,,0,25,,12153,,,0,68,,22316,,,0,28,,12155,,,0,77,,12156,,,0,78,,12157,,,0,53,,12158,,,0,98,,12159,,,0,207,,12160,,,0
3100,'4949',2403,,12162,,,0
3100,'4950',2403,,12161,,,0
3100,'4952',628,,12163,,,0,77,,12164,,,0,33,,12165,,,0,71,,12166,,,0,32,,12167,,,0,71,,12168,,,0,29,,12169,,,0,71,,22317,,,0,30,,12171,,,0,70,,12172,,,0,31,,22318,,,0,70,,12174,,,0,30,,12175,,,0,71,,22319,,,0,30,,12177,,,0,68,,12178,,,0,30,,22320,,,0,72,,12180,,,0,33,,12181,,,0,74,,22321,,,0,35,,12183,,,0,69,,12184,,,0,31,,22322,,,0,69,,12186,,,0,25,,12187,,,0,68,,22323,,,0,28,,12189,,,0,77,,12190,,,0,78,,12191,,,0,53,,12192,,,0,98,,12193,,,0,151,,12194,,,0,56,,12195,,,0
3100,'4953',716,,12196,,,0,88,,12197,,,0,41,,12198,,,0,75,,12199,,,0,31,,12200,,,0,72,,12201,,,0,33,,12202,,,0,70,,12203,,,0,30,,12204,,,0,70,,22324,,,0,30,,12206,,,0,71,,12207,,,0,30,,12208,,,0,70,,12209,,,0,30,,12210,,,0,71,,12211,,,0,29,,22325,,,0,70,,12213,,,0,29,,12214,,,0,70,,12215,,,0,29,,12216,,,0,70,,12217,,,0,34,,22326,,,0,80,,12219,,,0,79,,22327,,,0,39,,12221,,,0,95,,12222,,,0,100,,22328,,,0,154,,12224,,,0,53,,12225,,,0
3100,'4954',716,,12226,,,0,112,,12227,,,0,94,,12228,,,0,80,,12229,,,0,41,,12230,,,0,81,,12231,,,0,30,,12232,,,0,70,,22329,,,0,30,,12234,,,0,71,,12235,,,0,30,,12236,,,0,70,,12237,,,0,30,,22330,,,0,70,,22331,,,0,31,,12240,,,0,70,,12241,,,0,29,,12242,,,0,69,,22332,,,0,30,,12244,,,0,69,,22333,,,0,35,,22334,,,0,80,,12247,,,0,79,,22335,,,0,40,,12249,,,0,95,,12250,,,0,100,,12251,,,0,151,,12252,,,0
3200,'4744',1705,,12541,,,0
3200,'4947',1705,,12570,,,0
3200,'4952',1705,,12587,,,0
7000,'4487',742,,16353,,,0,16,,16354,,,0,98,,16355,,,0,86,,16356,,,0,14,,16352,,,0,84,,16371,,,0,14,,16357,,,0,85,,16358,,,0,17,,16359,,,0,83,,16378,,,0,15,,16360,,,0,84,,16361,,,0,16,,16362,,,0,82,,16372,,,0,19,,16363,,,0,83,,16364,,,0,16,,16365,,,0,80,,16373,,,0,20,,16366,,,0,84,,16367,,,0,17,,16368,,,0,84,,16375,,,0,19,,16374,,,0,83,,16376,,,0,18,,16369,,,0,142,,16377,,,0,110,,16370,,,0
7000,'4744',600,,16409,,,0,51,,16406,,,0,102,,16410,,,0,102,,16404,,,0,100,,16407,,,0,99,,16418,,,0,99,,16416,,,0,99,,16405,,,0,100,,16412,,,0,100,,16414,,,0,98,,16408,,,0,102,,16411,,,0,105,,16413,,,0,200,,16415,,,0,249,,16417,,,0
7000,'4745',603,,16419,,,0,99,,16438,,,0,44,,16439,,,0,54,,16420,,,0,45,,16440,,,0,13,,16441,,,0,84,,16421,,,0,14,,16422,,,0,85,,16442,,,0,15,,16423,,,0,85,,16424,,,0,15,,16425,,,0,83,,16443,,,0,16,,16426,,,0,84,,16427,,,0,16,,16428,,,0,85,,16444,,,0,15,,16429,,,0,84,,16430,,,0,15,,16431,,,0,84,,16445,,,0,17,,16432,,,0,85,,16433,,,0,17,,16434,,,0,86,,16446,,,0,15,,16435,,,0,142,,16436,,,0,210,,16437,,,0
7000,'4947',600,,16451,,,0,51,,16449,,,0,102,,16452,,,0,102,,16447,,,0,199,,16460,,,0,99,,16458,,,0,99,,16448,,,0,100,,16454,,,0,100,,16456,,,0,98,,16450,,,0,102,,16453,,,0,105,,16455,,,0,200,,16457,,,0,249,,16459,,,0
7000,'4948',955,,16461,,,0
7000,'4951',955,,16462,,,0
7000,'4952',600,,16468,,,0,51,,16465,,,0,102,,16469,,,0,102,,16463,,,0,100,,16466,,,0,99,,16477,,,0,99,,16475,,,0,99,,16464,,,0,80,,16479,,,0,20,,16471,,,0,100,,16473,,,0,78,,16480,,,0,20,,16467,,,0,102,,16470,,,0,88,,16478,,,0,17,,16472,,,0,200,,16474,,,0,249,,16476,,,0
7000,'4953',742,,16482,,,0,16,,16483,,,0,98,,16484,,,0,86,,16485,,,0,14,,16481,,,0,98,,16486,,,0,85,,16487,,,0,17,,16488,,,0,98,,16489,,,0,84,,16490,,,0,16,,16491,,,0,101,,16492,,,0,83,,16493,,,0,16,,16494,,,0,100,,16495,,,0,84,,16496,,,0,17,,16497,,,0,204,,16498,,,0,252,,16499,,,0
7000,'4954',603,,16500,,,0,197,,16501,,,0,142,,16502,,,0,14,,16503,,,0,100,,16504,,,0,85,,16505,,,0,15,,16506,,,0,99,,16507,,,0,84,,16508,,,0,16,,16509,,,0,100,,16510,,,0,84,,16511,,,0,15,,16512,,,0,101,,16513,,,0,85,,16514,,,0,17,,16515,,,0,101,,16516,,,0,142,,16517,,,0,210,,16518,,,0
7100,'4744',1525,,16643,,,0,105,,16644,,,0,106,,16645,,,0
7100,'4947',1525,,16646,,,0,105,,16647,,,0,106,,16648,,,0
7100,'4952',1525,,16649,,,0,105,,16650,,,0,106,,16651,,,0
7200,'4487',550,,16661,,,0,97,,16662,,,0,73,,16663,,,0,27,,16664,,,0,69,,16665,,,0,30,,16666,,,0,70,,16667,,,0,30,,16668,,,0,70,,16669,,,0,27,,16670,,,0,70,,16671,,,0,30,,16672,,,0,69,,16673,,,0,30,,16674,,,0,69,,16675,,,0,29,,16676,,,0,70,,16677,,,0,30,,16678,,,0,70,,16679,,,0,30,,16680,,,0,70,,16681,,,0,30,,16682,,,0,70,,16683,,,0,31,,16684,,,0,70,,16685,,,0,31,,16686,,,0,71,,16687,,,0,32,,16688,,,0,70,,16689,,,0,30,,16690,,,0,99,,16691,,,0,102,,16692,,,0,160,,22387,0,10 11 12,0
7200,'4744',538,,16751,,,0,69,,16745,,,0,36,,16734,,,0,68,,16750,,,0,27,,16757,,,0,71,,16738,,,0,32,,16752,,,0,70,,16746,,,0,30,,16730,,,0,71,,16753,,,0,30,,16742,,,0,68,,16736,,,0,29,,16728,,,0,70,,16729,,,0,29,,16735,,,0,70,,16727,,,0,29,,16758,,,0,70,,16731,,,0,29,,16739,,,0,69,,16733,,,0,30,,16732,,,0,68,,16737,,,0,31,,16740,,,0,72,,16759,,,0,35,,16747,,,0,69,,16741,,,0,30,,16744,,,0,71,,16743,,,0,31,,16749,,,0,73,,16755,,,0,31,,16748,,,0,98,,16754,,,0,102,,16756,,,0,158,,16760,0,10 11 12,0
7200,'4745',648,,16762,,,0,99,,16763,,,0,100,,16764,,,0,98,,16765,,,0,98,,16761,,,0,70,,16766,,,0,29,,16767,,,0,70,,16768,,,0,29,,16769,,,0,70,,16770,,,0,30,,16771,,,0,70,,16772,,,0,30,,16773,,,0,70,,16774,,,0,30,,16775,,,0,70,,16776,,,0,30,,16777,,,0,71,,16778,,,0,31,,16779,,,0,71,,16780,,,0,30,,16781,,,0,70,,16782,,,0,32,,16783,,,0,99,,16784,,,0,101,,16785,,,0,103,,16786,,,0,76,,16787,0,10 11 12,0
7200,'4947',538,,16809,,,0,69,,16803,,,0,104,,16808,,,0,27,,16815,,,0,71,,16796,,,0,32,,16810,,,0,70,,16804,,,0,30,,16791,,,0,71,,16811,,,0,30,,16800,,,0,68,,16795,,,0,29,,16789,,,0,70,,16790,,,0,99,,16788,,,0,29,,16816,,,0,70,,16792,,,0,29,,16797,,,0,69,,16794,,,0,30,,16793,,,0,99,,16798,,,0,72,,16817,,,0,35,,16805,,,0,69,,16799,,,0,30,,16802,,,0,71,,16801,,,0,31,,16807,,,0,73,,16813,,,0,31,,16806,,,0,98,,16812,,,0,102,,16814,,,0,158,,16818,0,10 11 12,0
7200,'4948',643,,16819,,,0,595,,16820,,,0,365,,16821,,,0
7200,'4951',643,,16822,,,0,595,,16823,,,0,365,,16824,,,0
7200,'4952',538,,16849,,,0,69,,16843,,,0,36,,16832,,,0,68,,16848,,,0,27,,16855,,,0,71,,16836,,,0,32,,16850,,,0,70,,16844,,,0,30,,16828,,,0,71,,16851,,,0,30,,16840,,,0,68,,16834,,,0,29,,16826,,,0,70,,16827,,,0,29,,16833,,,0,70,,16825,,,0,29,,16856,,,0,70,,16829,,,0,29,,16837,,,0,69,,16831,,,0,30,,16830,,,0,68,,16835,,,0,31,,16838,,,0,72,,16857,,,0,35,,16845,,,0,69,,16839,,,0,30,,16842,,,0,71,,16841,,,0,31,,16847,,,0,73,,16853,,,0,31,,16846,,,0,98,,16852,,,0,102,,16854,,,0,158,,16858,0,10 11 12,0
7200,'4953',550,,16859,,,0,97,,16860,,,0,73,,16861,,,0,27,,16862,,,0,69,,16863,,,0,30,,16864,,,0,70,,16865,,,0,30,,16866,,,0,70,,16867,,,0,27,,16868,,,0,70,,16869,,,0,30,,16870,,,0,69,,16871,,,0,30,,16872,,,0,69,,16873,,,0,29,,16874,,,0,70,,16875,,,0,30,,16876,,,0,70,,16877,,,0,30,,16878,,,0,70,,16879,,,0,30,,16880,,,0,70,,16881,,,0,31,,16882,,,0,70,,16883,,,0,31,,16884,,,0,71,,16885,,,0,32,,16886,,,0,70,,16887,,,0,30,,16888,,,0,99,,16889,,,0,102,,16890,,,0,160,,16891,0,10 11 12,0
7200,'4954',648,,16893,,,0,99,,16894,,,0,100,,16895,,,0,98,,16896,,,0,98,,16892,,,0,70,,16897,,,0,29,,16898,,,0,70,,16899,,,0,29,,16900,,,0,70,,16901,,,0,30,,16902,,,0,70,,16903,,,0,30,,16904,,,0,70,,16905,,,0,30,,16906,,,0,70,,16907,,,0,30,,16908,,,0,71,,16909,,,0,31,,16910,,,0,71,,16911,,,0,30,,16912,,,0,70,,16913,,,0,32,,16914,,,0,99,,16915,,,0,101,,16916,,,0,103,,16917,,,0,76,,16918,0,10 11 12,0
