5200,'5036',516,,44768,39,,,0,31,,44777,39,,,0,72,,44771,39,,,0,20,,44782,39,,,0,61,,44769,39,,,0,23,,44790,39,,,0,29,,44776,39,,,0,66,,44805,39,,,0,10,,44770,39,,,0,15,,44798,39,,,0,10,,44781,39,,,0,70,,44772,39,,,0,30,,44789,39,,,0,66,,44775,39,,,0,30,,44773,39,,,0,75,,44774,39,,,0,31,,44791,39,,,0,71,,44778,39,,,0,30,,44779,39,,,0,76,,44780,39,,,0,74,,44788,39,,,0,35,,44783,39,,,0,71,,44784,39,,,0,22,,44804,4,,,0,12,,44800,39,,,0,71,,44785,39,,,0,30,,44787,39,,,0,68,,44786,39,,,0,29,,44792,39,,,0,71,,44801,39,,,0,30,,44793,39,,,0,74,,44794,39,,,0,29,,44795,39,,,0,69,,44802,39,,,0,26,,44796,39,,,0,72,,44797,39,,,0,96,,44803,39,,,0,98,,44799,39,,,0,102,,44806,39,,,0
5200,'5040',516,,44807,39,,,0,31,,44816,39,,,0,72,,44810,39,,,0,20,,44821,39,,,0,61,,44808,39,,,0,23,,44829,39,,,0,29,,44815,39,,,0,66,,44844,39,,,0,10,,44809,39,,,0,15,,44837,39,,,0,10,,44820,39,,,0,70,,44811,39,,,0,30,,44828,39,,,0,66,,44814,39,,,0,30,,44812,39,,,0,75,,44813,39,,,0,31,,44830,39,,,0,71,,44817,39,,,0,30,,44818,39,,,0,76,,44819,39,,,0,74,,44827,39,,,0,31,,44843,4,,,0,4,,44822,39,,,0,71,,44823,39,,,0,34,,44839,39,,,0,71,,44824,39,,,0,30,,44826,39,,,0,68,,44825,39,,,0,29,,44831,39,,,0,71,,44840,39,,,0,30,,44832,39,,,0,74,,44833,39,,,0,29,,44834,39,,,0,69,,44841,39,,,0,26,,44835,39,,,0,72,,44836,39,,,0,96,,44842,39,,,0,98,,44838,39,,,0,102,,44845,39,,,0
5200,'5041',650,,44863,39,,,0,70,,44862,39,,,0,81,,44857,39,,,0,35,,44865,39,,,0,71,,44860,39,,,0,33,,44846,39,,,0,70,,44853,39,,,0,30,,44872,39,,,0,72,,44851,39,,,0,35,,44848,39,,,0,73,,44854,39,,,0,32,,44874,39,,,0,75,,44849,39,,,0,73,,44847,39,,,0,36,,44856,39,,,0,66,,44873,39,,,0,34,,44852,39,,,0,72,,44859,39,,,0,35,,44855,39,,,0,68,,44870,39,,,0,30,,44850,39,,,0,69,,44861,39,,,0,22,,44867,39,,,0,25,,44858,39,,,0,64,,44866,39,,,0,24,,44869,39,,,0,68,,44868,39,,,0,28,,44864,39,,,0,70,,44871,39,,,0,100,,44875,39,,,0,93,,44876,39,,,0,108,,44877,39,,,0
5200,'5078',720,,44899,39,,,0,32,,44881,39,,,0,81,,44884,39,,,0,71,,44898,39,,,0,32,,44892,39,,,0,72,,44880,39,,,0,31,,44883,39,,,0,72,,44894,39,,,0,31,,44888,39,,,0,72,,44879,39,,,0,33,,44882,39,,,0,70,,44897,39,,,0,31,,44890,39,,,0,78,,44878,39,,,0,30,,44886,39,,,0,74,,44896,39,,,0,74,,44889,39,,,0,33,,44905,39,,,0,68,,44885,39,,,0,30,,44895,39,,,0,68,,44891,39,,,0,30,,44893,39,,,0,69,,44887,39,,,0,29,,44901,39,,,0,79,,44900,39,,,0,99,,44902,39,,,0,98,,44904,39,,,0,106,,44903,39,,,0
5200,'5079',720,,44927,39,,,0,32,,44909,39,,,0,81,,44912,39,,,0,71,,44926,39,,,0,32,,44920,39,,,0,72,,44908,39,,,0,31,,44911,39,,,0,72,,44922,39,,,0,31,,44916,39,,,0,72,,44907,39,,,0,33,,44910,39,,,0,70,,44925,39,,,0,31,,44918,39,,,0,78,,44906,39,,,0,30,,44914,39,,,0,74,,44924,39,,,0,74,,44917,39,,,0,33,,44933,39,,,0,68,,44913,39,,,0,30,,44923,39,,,0,68,,44919,39,,,0,30,,44921,39,,,0,69,,44915,39,,,0,29,,44929,39,,,0,79,,44928,39,,,0,99,,44930,39,,,0,98,,44932,39,,,0,106,,44931,39,,,0
6000,'5036',641,,45859,3,,,0,73,,45854,3,,,0,31,,45862,3,,,0,106,,45856,3,,,0,101,,45855,3,,,0,101,,45857,3,,,0,97,,45858,3,,,0,103,,45860,3,,,0,102,,45861,3,,,0,149,,45863,3,,,0,30,,45871,4,,,0,73,,45853,3,,,0,41,,45869,3,,,0,82,,45864,3,,,0,82,,45865,3,,,0,41,,45868,3,,,0,103,,45866,3,,,0,144,,45867,3,,,0,114,,45870,3,,,0
6000,'5040',641,,45878,3,,,0,73,,45873,3,,,0,31,,45881,3,,,0,106,,45875,3,,,0,101,,45874,3,,,0,101,,45876,3,,,0,97,,45877,3,,,0,103,,45879,3,,,0,102,,45880,3,,,0,81,,45885,4,,,0,68,,45882,3,,,0,103,,45872,3,,,0,41,,45889,3,,,0,82,,45883,3,,,0,82,,45884,3,,,0,41,,45888,3,,,0,103,,45886,3,,,0,144,,45887,3,,,0,114,,45890,3,,,0
6000,'5041',714,,45903,3,,,0,100,,45904,3,,,0,101,,45902,3,,,0,101,,45901,3,,,0,106,,45900,3,,,0,105,,45899,3,,,0,105,,45898,3,,,0,106,,45897,3,,,0,106,,45895,3,,,0,102,,45896,3,,,0,103,,45891,3,,,0,104,,45892,3,,,0,105,,45893,3,,,0,160,,45894,3,,,0
6000,'5078',815,,45905,3,,,0,101,,45906,3,,,0,101,,45908,3,,,0,106,,45907,3,,,0,105,,45912,3,,,0,105,,45911,3,,,0,105,,45910,3,,,0,105,,45909,3,,,0,102,,45915,3,,,0,103,,45916,3,,,0,104,,45917,3,,,0,105,,45914,3,,,0,160,,45913,3,,,0
6000,'5079',815,,45918,3,,,0,101,,45919,3,,,0,101,,45921,3,,,0,106,,45920,3,,,0,105,,45925,3,,,0,105,,45924,3,,,0,105,,45923,3,,,0,105,,45922,3,,,0,102,,45928,3,,,0,103,,45929,3,,,0,104,,45930,3,,,0,105,,45927,3,,,0,160,,45926,3,,,0
