101,'4744',644,,20,,,0,82,,19,,,0,96,,18,,,0,711,,17,,,0,99,,16,,,0
101,'4870',644,,25,,,0,82,,24,,,0,96,,23,,,0,711,,22,,,0,99,,21,,,0
101,'4875',644,,30,,,0,82,,29,,,0,96,,28,,,0,711,,27,,,0,99,,26,,,0
300,'4487',647,,515,,,0,68,,518,,,0,30,,513,,,0,67,,523,,,0,33,,517,,,0,66,,512,,,0,33,,524,,,0,67,,514,,,0,26,,511,,,0,72,,516,,,0,27,,521,,,0,71,,519,,,0,29,,522,,,0,71,,527,,,0,29,,520,,,0,76,,526,,,0,29,,525,,,0,81,,528,,,0,28,,532,,,0,73,,530,,,0,33,,529,,,0,73,,531,,,0,29,,533,,,0,68,,536,,,0,33,,537,,,0,69,,534,,,0,72,,535,,,0,28,,538,,,0,87,,539,0,5,0
300,'4743',647,,544,,,0,68,,547,,,0,30,,542,,,0,67,,552,,,0,33,,546,,,0,66,,541,,,0,33,,553,,,0,67,,543,,,0,26,,540,,,0,72,,545,,,0,27,,550,,,0,71,,548,,,0,29,,551,,,0,71,,556,,,0,29,,549,,,0,76,,555,,,0,29,,554,,,0,81,,557,,,0,28,,561,,,0,73,,559,,,0,33,,558,,,0,73,,560,,,0,29,,562,,,0,68,,565,,,0,33,,566,,,0,69,,563,,,0,72,,564,,,0,28,,567,,,0,87,,568,0,5,0
300,'4744',608,,597,,,0,31,,596,,,0,76,,595,,,0,38,,594,,,0,79,,593,,,0,74,,592,,,0,29,,585,,,0,70,,586,,,0,28,,584,,,0,69,,583,,,0,30,,589,,,0,75,,581,,,0,30,,582,,,0,70,,588,,,0,30,,580,,,0,74,,579,,,0,33,,587,,,0,76,,578,,,0,34,,577,,,0,73,,590,,,0,78,,576,,,0,31,,575,,,0,71,,591,,,0,29,,574,,,0,72,,573,,,0,23,,571,,,0,28,,570,,,0,68,,569,,,0,88,,572,0,5,0
300,'4745',702,,622,,,0,42,,619,,,0,82,,621,,,0,82,,617,,,0,35,,620,,,0,79,,609,,,0,21,,616,,,0,68,,615,,,0,32,,608,,,0,67,,618,,,0,31,,613,,,0,68,,599,,,0,32,,598,,,0,75,,610,,,0,30,,600,,,0,73,,611,,,0,33,,605,,,0,68,,602,,,0,33,,601,,,0,68,,604,,,0,34,,606,,,0,67,,603,,,0,33,,607,,,0,73,,612,,,0,85,,614,0,5,0
300,'4870',608,,651,,,0,31,,650,,,0,76,,649,,,0,38,,648,,,0,79,,647,,,0,74,,646,,,0,29,,639,,,0,70,,640,,,0,28,,638,,,0,69,,637,,,0,30,,643,,,0,75,,635,,,0,30,,636,,,0,70,,642,,,0,30,,634,,,0,74,,633,,,0,33,,641,,,0,76,,632,,,0,34,,631,,,0,73,,644,,,0,78,,630,,,0,31,,629,,,0,71,,645,,,0,29,,628,,,0,72,,627,,,0,23,,625,,,0,28,,624,,,0,68,,623,,,0,88,,626,0,5,0
300,'4875',608,,680,,,0,31,,679,,,0,76,,678,,,0,38,,677,,,0,79,,676,,,0,74,,675,,,0,29,,668,,,0,70,,669,,,0,28,,667,,,0,69,,666,,,0,30,,672,,,0,75,,664,,,0,30,,665,,,0,70,,671,,,0,30,,663,,,0,74,,662,,,0,33,,670,,,0,76,,661,,,0,34,,660,,,0,73,,673,,,0,78,,659,,,0,31,,658,,,0,71,,674,,,0,29,,657,,,0,72,,656,,,0,23,,654,,,0,28,,653,,,0,68,,652,,,0,88,,655,0,5,0
300,'4876',647,,685,,,0,68,,688,,,0,30,,683,,,0,67,,693,,,0,33,,687,,,0,66,,682,,,0,33,,694,,,0,67,,684,,,0,26,,681,,,0,72,,686,,,0,27,,691,,,0,71,,689,,,0,29,,692,,,0,71,,697,,,0,29,,690,,,0,76,,696,,,0,29,,695,,,0,81,,698,,,0,28,,702,,,0,73,,700,,,0,33,,699,,,0,73,,701,,,0,29,,703,,,0,68,,706,,,0,33,,707,,,0,69,,704,,,0,72,,705,,,0,28,,708,,,0,87,,709,0,5,0
300,'4877',702,,734,,,0,42,,731,,,0,82,,733,,,0,82,,729,,,0,35,,732,,,0,79,,721,,,0,21,,728,,,0,68,,727,,,0,32,,720,,,0,67,,730,,,0,31,,725,,,0,68,,711,,,0,32,,710,,,0,75,,722,,,0,30,,712,,,0,73,,723,,,0,33,,717,,,0,68,,714,,,0,33,,713,,,0,68,,716,,,0,34,,718,,,0,67,,715,,,0,33,,719,,,0,73,,724,,,0,85,,726,0,5,0
700,'4487',654,,3204,,,0,85,,3211,,,0,80,,3194,,,0,29,,3205,,,0,79,,3186,,,0,30,,3206,,,0,70,,3189,,,0,31,,3197,,,0,70,,3183,,,0,31,,3184,,,0,70,,3207,,,0,30,,3190,,,0,70,,3198,,,0,28,,3185,,,0,72,,3187,,,0,30,,3208,,,0,70,,3191,,,0,71,,3199,,,0,30,,3188,,,0,70,,3193,,,0,31,,3209,,,0,70,,3192,,,0,28,,3201,,,0,29,,3196,,,0,68,,3195,,,0,30,,3210,,,0,70,,3200,,,0,28,,3202,,,0,70,,3203,,,0
700,'4743',654,,3233,,,0,85,,3240,,,0,80,,3223,,,0,29,,3234,,,0,79,,3215,,,0,30,,3235,,,0,70,,3218,,,0,31,,3226,,,0,70,,3212,,,0,31,,3213,,,0,70,,3236,,,0,30,,3219,,,0,70,,3227,,,0,28,,3214,,,0,72,,3216,,,0,30,,3237,,,0,70,,3220,,,0,71,,3228,,,0,30,,3217,,,0,70,,3222,,,0,31,,3238,,,0,70,,3221,,,0,28,,3230,,,0,29,,3225,,,0,68,,3224,,,0,30,,3239,,,0,70,,3229,,,0,28,,3231,,,0,70,,3232,,,0
700,'4744',607,,3241,,,0,27,,3253,,,0,17,,3242,,,0,54,,3252,,,0,15,,3250,,,0,14,,3261,,,0,17,,3251,,,0,55,,3262,,,0,20,,3247,,,0,18,,3275,,,0,58,,3248,,,0,21,,3249,,,0,21,,3243,,,0,60,,3265,,,0,20,,3244,,,0,20,,3254,,,0,60,,3266,,,0,20,,3246,,,0,20,,3245,,,0,60,,3255,,,0,20,,3257,,,0,20,,3258,,,0,60,,3264,,,0,17,,3285,,,0,19,,3267,,,0,16,,3256,,,0,55,,3259,,,0,18,,3287,,,0,18,,3263,,,0,57,,3260,,,0,14,,3288,,,0,6,,3273,,,0,18,,3276,,,0,58,,3284,,,0,18,,3274,,,0,18,,3270,,,0,19,,3268,,,0,59,,3286,,,0,18,,3271,,,0,16,,3277,,,0,58,,3272,,,0,16,,3269,,,0,31,,3281,,,0,70,,3278,,,0,33,,3279,,,0,69,,3280,,,0,30,,3282,,,0,70,,3283,,,0
700,'4745',720,,3305,,,0,35,,3307,,,0,84,,3293,,,0,77,,3306,,,0,42,,3308,,,0,70,,3289,,,0,30,,3294,,,0,70,,3296,,,0,29,,3291,,,0,71,,3295,,,0,30,,3292,,,0,70,,3290,,,0,30,,3297,,,0,70,,3298,,,0,30,,3299,,,0,70,,3300,,,0,30,,3302,,,0,70,,3301,,,0,30,,3304,,,0,70,,3303,,,0,30,,3309,,,0,68,,3312,,,0,30,,3311,,,0,70,,3310,,,0,30,,3314,,,0,71,,3313,,,0
700,'4870',607,,3315,,,0,27,,3327,,,0,17,,3316,,,0,54,,3326,,,0,15,,3324,,,0,14,,3335,,,0,17,,3325,,,0,55,,3336,,,0,20,,3321,,,0,18,,3347,,,0,58,,3322,,,0,21,,3323,,,0,21,,3317,,,0,60,,3339,,,0,20,,3318,,,0,20,,3328,,,0,60,,3340,,,0,20,,3320,,,0,20,,3319,,,0,60,,3329,,,0,20,,3331,,,0,20,,3332,,,0,60,,3338,,,0,17,,3357,,,0,19,,3341,,,0,16,,3330,,,0,55,,3333,,,0,18,,3359,,,0,18,,3337,,,0,57,,3334,,,0,14,,3360,,,0,24,,3348,,,0,58,,3356,,,0,18,,3346,,,0,18,,3344,,,0,19,,3342,,,0,59,,3358,,,0,18,,3345,,,0,16,,3349,,,0,74,,3343,,,0,31,,3353,,,0,70,,3350,,,0,33,,3351,,,0,69,,3352,,,0,30,,3354,,,0,70,,3355,,,0
700,'4872',1524,,3362,,,0,282,,3361,,,0
700,'4873',1524,,3364,,,0,282,,3363,,,0
700,'4875',607,,3365,,,0,27,,3377,,,0,17,,3366,,,0,54,,3376,,,0,15,,3374,,,0,14,,3385,,,0,17,,3375,,,0,55,,3386,,,0,20,,3371,,,0,18,,3399,,,0,58,,3372,,,0,21,,3373,,,0,21,,3367,,,0,60,,3389,,,0,20,,3368,,,0,20,,3378,,,0,60,,3390,,,0,20,,3370,,,0,20,,3369,,,0,60,,3379,,,0,20,,3381,,,0,20,,3382,,,0,60,,3388,,,0,17,,3409,,,0,19,,3391,,,0,16,,3380,,,0,55,,3383,,,0,18,,3411,,,0,18,,3387,,,0,57,,3384,,,0,14,,3412,,,0,6,,3397,,,0,18,,3400,,,0,58,,3408,,,0,18,,3398,,,0,18,,3394,,,0,19,,3392,,,0,59,,3410,,,0,18,,3395,,,0,16,,3401,,,0,58,,3396,,,0,16,,3393,,,0,31,,3405,,,0,70,,3402,,,0,33,,3403,,,0,69,,3404,,,0,30,,3406,,,0,70,,3407,,,0
700,'4876',654,,3434,,,0,85,,3441,,,0,80,,3424,,,0,29,,3435,,,0,79,,3416,,,0,30,,3436,,,0,70,,3419,,,0,31,,3427,,,0,70,,3413,,,0,31,,3414,,,0,70,,3437,,,0,30,,3420,,,0,70,,3428,,,0,28,,3415,,,0,72,,3417,,,0,30,,3438,,,0,70,,3421,,,0,71,,3429,,,0,30,,3418,,,0,70,,3423,,,0,31,,3439,,,0,70,,3422,,,0,28,,3431,,,0,29,,3426,,,0,68,,3425,,,0,30,,3440,,,0,70,,3430,,,0,28,,3432,,,0,70,,3433,,,0
700,'4877',720,,3458,,,0,35,,3460,,,0,84,,3446,,,0,77,,3459,,,0,42,,3461,,,0,70,,3442,,,0,30,,3447,,,0,70,,3449,,,0,29,,3444,,,0,71,,3448,,,0,30,,3445,,,0,70,,3443,,,0,30,,3450,,,0,70,,3451,,,0,30,,3452,,,0,70,,3453,,,0,30,,3455,,,0,70,,3454,,,0,30,,3457,,,0,70,,3456,,,0,30,,3462,,,0,68,,3465,,,0,30,,3464,,,0,70,,3463,,,0,30,,3467,,,0,71,,3466,,,0
14000700,'4487',2152,,20172,,,0,74,,20173,,,0,30,,20174,,,0,69,,20175,,,0,30,,20176,,,0,72,,20177,,,0
14000700,'4743',2152,,20178,,,0,74,,20179,,,0,30,,20180,,,0,69,,20181,,,0,30,,20182,,,0,72,,20183,,,0
14000700,'4744',2153,,20184,,,0,70,,20185,,,0,32,,20186,,,0,69,,20187,,,0,31,,20188,,,0,70,,20189,,,0
14000700,'4745',2055,,20190,,,0,71,,20191,,,0,30,,20192,,,0,100,,20193,,,0,99,,20194,,,0
14000700,'4870',2153,,20195,,,0,70,,20196,,,0,32,,20197,,,0,69,,20198,,,0,31,,20199,,,0,70,,20200,,,0
14000700,'4875',2153,,20201,,,0,70,,20202,,,0,32,,20203,,,0,69,,20204,,,0,31,,20205,,,0,70,,20206,,,0
14000700,'4876',2152,,20207,,,0,74,,20208,,,0,30,,20209,,,0,69,,20210,,,0,30,,20211,,,0,72,,20212,,,0
14000700,'4877',2055,,20213,,,0,71,,20214,,,0,30,,20215,,,0,100,,20216,,,0,99,,20217,,,0
