2501,'5036',647,,41782,53,,,0,81,,41785,53,,,0,81,,41779,53,0,6 7,0,39,,41778,53,,,0,110,,41788,53,,,0,101,,41784,53,,,0,100,,41781,53,,,0,100,,41780,53,,,0,100,,41783,53,,,0,151,,41787,53,,,0,94,,41786,53,,,0,137,,41789,53,,,0,83,,41790,53,,,0,83,,41791,53,,,0,93,,41792,53,,,0,103,,41793,53,,,0,130,,41794,53,,,0,169,,41795,53,,,0
2501,'5040',647,,41800,53,,,0,81,,41803,53,,,0,81,,41797,53,0,6 7,0,39,,41796,53,,,0,110,,41806,53,,,0,101,,41802,53,,,0,100,,41799,53,,,0,100,,41798,53,,,0,100,,41801,53,,,0,151,,41805,53,,,0,94,,41804,53,,,0,99,,41807,53,,,0,38,,41808,53,,,0,83,,41809,53,,,0,83,,41810,53,,,0,93,,41811,53,,,0,103,,41812,53,,,0,130,,41813,53,,,0,169,,41814,53,,,0
2501,'5041',751,,41818,53,,,0,100,,41815,53,,,0,106,,41817,53,,,0,143,,41816,53,,,0,59,,41824,53,,,0,95,,41821,53,,,0,100,,41820,53,,,0,99,,41819,53,,,0,100,,41822,53,,,0,101,,41823,53,,,0,158,,41825,53,,,0,127,,41826,53,,,0,165,,41827,53,,,0,129,,41828,53,,,0,170,,41829,53,,,0
2501,'5075',1703,,41830,53,,,0
2501,'5076',1703,,41831,53,,,0
2501,'5078',907,,41833,53,,,0,131,,41832,53,,,0,170,,41834,53,,,0,131,,41835,53,,,0,172,,41836,53,,,0,131,,41837,53,,,0,167,,41838,53,,,0,129,,41839,53,,,0,169,,41840,53,,,0,125,,41841,53,,,0,169,,41842,53,,,0
2501,'5079',907,,41844,53,,,0,131,,41843,53,,,0,170,,41845,53,,,0,131,,41846,53,,,0,172,,41847,53,,,0,131,,41848,53,,,0,167,,41849,53,,,0,129,,41850,53,,,0,169,,41851,53,,,0,125,,41852,53,,,0,169,,41853,53,,,0
4000,'5036',633,,44460,5,,,0,84,,44451,5,,,0,21,,44456,5,,,0,67,,44461,5,,,0,113,,44449,5,,,0,99,,44458,5,,,0,100,,44452,5,,,0,99,,44459,5,,,0,100,,44450,5,,,0,97,,44462,5,,,0,98,,44454,5,,,0,38,,44447,5,,,0,74,,44463,5,,,0,30,,44448,5,,,0,74,,44453,5,,,0,99,,44464,5,,,0,100,,44455,5,,,0,130,,44457,5,,,0,385,,44465,5,,,0
4000,'5040',633,,44479,5,,,0,84,,44470,5,,,0,21,,44475,5,,,0,67,,44480,5,,,0,113,,44468,5,,,0,99,,44477,5,,,0,100,,44471,5,,,0,99,,44478,5,,,0,100,,44469,5,,,0,97,,44481,5,,,0,98,,44473,5,,,0,38,,44466,5,,,0,74,,44482,5,,,0,30,,44467,5,,,0,74,,44472,5,,,0,99,,44483,5,,,0,100,,44474,5,,,0,130,,44476,5,,,0,385,,44484,5,,,0
4000,'5041',713,,44494,5,,,0,130,,44495,5,,,0,100,,44485,5,,,0,100,,44488,5,,,0,100,,44490,5,,,0,100,,44496,5,,,0,100,,44486,5,,,0,100,,44487,5,,,0,100,,44491,5,,,0,100,,44497,5,,,0,100,,44489,5,,,0,100,,44493,5,,,0,100,,44492,5,,,0,95,,44498,5,,,0
4000,'5078',808,,44500,5,,,0,135,,44499,5,,,0,100,,44501,5,,,0,100,,44502,5,,,0,100,,44503,5,,,0,100,,44504,5,,,0,100,,44507,5,,,0,100,,44506,5,,,0,100,,44505,5,,,0,100,,44508,5,,,0,100,,44509,5,,,0,100,,44510,5,,,0
4000,'5079',808,,44512,5,,,0,135,,44511,5,,,0,100,,44513,5,,,0,100,,44514,5,,,0,100,,44515,5,,,0,100,,44516,5,,,0,100,,44519,5,,,0,100,,44518,5,,,0,100,,44517,5,,,0,100,,44520,5,,,0,100,,44521,5,,,0,100,,44522,5,,,0
4601,'5036',657,,44636,5,,,0,147,,44637,5,,,0,127,,44638,5,,,0,93,,44643,5,,,0,380,,44639,5,,,0,118,,44641,5,,,0,32,,44642,5,,,0,78,,44647,5,,,0,88,,44645,5,,,0,28,,44644,5,,,0,89,,44646,5,,,0
4601,'5040',657,,44648,5,,,0,147,,44649,5,,,0,127,,44650,5,,,0,93,,44655,5,,,0,380,,44651,5,,,0,118,,44653,5,,,0,32,,44654,5,,,0,78,,44659,5,,,0,88,,44657,5,,,0,28,,44656,5,,,0,89,,44658,5,,,0
