3801,'4744',700,,12856,,,0,30,,12857,,,0,70,,12860,,,0,29,,12858,,,0,73,,12876,,,0,45,,12859,,,0,90,,12861,,,0,97,,12862,,,0,102,,12863,,,0,103,,12864,,,0,104,,12865,,,0,107,,12866,,,0,90,,12867,,,0,73,,12868,,,0,24,,12869,,,0,64,,12870,,,0,25,,12872,,,0,28,,12873,,,0,76,,12871,,,0,100,,12874,,,0,103,,12875,,,0
3801,'4947',700,,12877,,,0,30,,12878,,,0,70,,12881,,,0,29,,12879,,,0,73,,12897,,,0,45,,12880,,,0,90,,12882,,,0,97,,12883,,,0,102,,12884,,,0,103,,12885,,,0,104,,12886,,,0,107,,12887,,,0,90,,12888,,,0,73,,12889,,,0,24,,12890,,,0,64,,12891,,,0,25,,12893,,,0,28,,12894,,,0,76,,12892,,,0,100,,12895,,,0,103,,12896,,,0
3801,'4952',700,,12898,,,0,30,,12899,,,0,70,,12902,,,0,29,,12900,,,0,73,,12918,,,0,45,,12901,,,0,90,,12903,,,0,97,,12904,,,0,102,,12905,,,0,103,,12906,,,0,104,,12907,,,0,107,,12908,,,0,90,,12909,,,0,73,,12910,,,0,24,,12911,,,0,64,,12912,,,0,25,,12914,,,0,28,,12915,,,0,76,,12913,,,0,100,,12916,,,0,103,,12917,,,0
5400,'4487',726,,14487,,,0,205,,14486,,,0,211,,14483,,,0,207,,14484,,,0,206,,14485,,,0,249,,14482,,,0,203,,14481,,,0
5400,'4744',630,,14495,,,0,101,,14499,,,0,171,,14498,,,0,202,,14496,,,0,136,,14497,,,0,202,,14501,,,0,106,,14500,,,0,193,,14502,,,0,193,,14503,,,0,190,,14504,,,0
5400,'4745',725,,14505,,,0,204,,14507,,,0,212,,14508,,,0,207,,14509,,,0,205,,14506,,,0,250,,14510,,,0,202,,14511,,,0
5400,'4947',630,,14512,,,0,101,,14516,,,0,171,,14515,,,0,202,,14513,,,0,136,,14514,,,0,202,,14518,,,0,106,,14517,,,0,193,,14519,,,0,193,,14520,,,0,190,,14521,,,0
5400,'4952',630,,14522,,,0,101,,14526,,,0,171,,14525,,,0,202,,14523,,,0,136,,14524,,,0,202,,14528,,,0,106,,14527,,,0,193,,14529,,,0,193,,14530,,,0,190,,14531,,,0
5400,'4953',726,,14538,,,0,205,,14537,,,0,211,,14534,,,0,207,,14535,,,0,206,,14536,,,0,249,,14533,,,0,203,,14532,,,0
5400,'4954',725,,14539,,,0,204,,14541,,,0,212,,14542,,,0,207,,14543,,,0,205,,14540,,,0,250,,14544,,,0,202,,14545,,,0
5500,'4487',824,,14617,,,0,202,,14613,,,0,213,,14614,,,0,204,,14615,,,0,211,,14616,,,0,248,,14612,,,0,224,,14611,,,0
5500,'4744',630,,14625,,,0,172,,14627,,,0,133,,14626,,,0,214,,14628,,,0,198,,14629,,,0,175,,14630,,,0,106,,14631,,,0,181,,14632,,,0,147,,14633,,,0,197,,14634,,,0
5500,'4745',822,,14635,,,0,202,,14638,,,0,215,,14637,,,0,205,,14636,,,0,210,,14640,,,0,247,,14641,,,0,222,,14639,,,0
5500,'4947',630,,14642,,,0,172,,14644,,,0,133,,14643,,,0,214,,14645,,,0,198,,14646,,,0,175,,14647,,,0,106,,14648,,,0,181,,14649,,,0,147,,14650,,,0,197,,14651,,,0
5500,'4952',630,,14652,,,0,172,,14654,,,0,133,,14653,,,0,214,,14655,,,0,198,,14656,,,0,175,,14657,,,0,106,,14658,,,0,181,,14659,,,0,147,,14660,,,0,197,,14661,,,0
5500,'4953',824,,14668,,,0,202,,14664,,,0,213,,14665,,,0,204,,14666,,,0,211,,14667,,,0,248,,14663,,,0,224,,14662,,,0
5500,'4954',822,,14669,,,0,202,,14672,,,0,215,,14671,,,0,205,,14670,,,0,210,,14674,,,0,247,,14675,,,0,222,,14673,,,0
