2100,'4623',630,,68513,14,0,50 51 52,0,28,,68507,14,0,50 51 52,0,58,,68510,14,0,50 51 52,0,20,,68505,14,0,50 51 52,0,20,,68509,14,0,50 51 52,0,60,,68521,14,0,50 51 52,0,20,,68504,14,0,50 51 52,0,21,,68512,14,0,50 51 52,0,69,,68506,14,0,50 51 52,0,30,,68511,14,0,50 51 52,0,70,,68517,14,0,50 51 52,0,28,,68518,14,0,50 51 52,0,68,,68515,14,0,18 19,0,31,,68522,14,0,50 51 52,0,70,,68508,14,0,50 51 52,0,31,,68516,14,0,50 51 52,0,70,,68519,14,0,50 51 52,0,32,,68514,14,0,50 51 52,0,71,,68520,14,0,50 51 52,0,31,,68524,14,0,17,0,67,,68528,14,0,50 51 52,0,21,,68526,14,0,50 51 52,0,63,,68530,14,0,50 51 52,0,22,,68525,14,0,18 19,0,20,,68531,14,0,50 51 52,0,60,,68529,14,0,50 51 52,0,19,,68527,14,0,50 51 52,0,20,,68532,14,0,17,0,59,,68535,14,0,17,0,18,,68533,14,0,17,0,24,,68536,14,0,17,0,70,,68534,14,0,17,0,30,,68539,14,0,17,0,69,,68538,14,0,17,0,30,,68537,14,0,17,0
2100,'4833',719,,68559,14,0,17,0,85,,68566,14,0,17,0,40,,68550,14,0,18 19,0,71,,68560,14,0,17,0,39,,68543,14,0,17,0,70,,68561,14,0,17,0,33,,68545,14,0,17,0,71,,68555,14,0,17,0,30,,68540,14,0,17,0,71,,68541,14,0,18 19,0,30,,68562,14,0,17,0,71,,68546,14,0,17,0,70,,68554,14,0,17,0,28,,68542,14,0,18 19,0,72,,68544,14,0,17,0,30,,68563,14,0,17,0,29,,68547,14,0,17,0,70,,68556,14,0,18 19,0,30,,68548,14,0,17,0,70,,68549,14,0,17,0,30,,68565,14,0,17,0,70,,68551,14,0,18 19,0,28,,68557,14,0,17,0,69,,68552,14,0,17,0,28,,68553,14,0,17,0,68,,68564,14,0,17,0,30,,68558,14,0,17,0
2100,'5015',719,,68586,14,0,17,0,85,,68593,14,0,17,0,40,,68577,14,0,18 19,0,71,,68587,14,0,17,0,39,,68570,14,0,17,0,70,,68588,14,0,17,0,33,,68572,14,0,17,0,71,,68582,14,0,17,0,30,,68567,14,0,17,0,71,,68568,14,0,18 19,0,30,,68589,14,0,17,0,71,,68573,14,0,17,0,70,,68581,14,0,17,0,28,,68569,14,0,18 19,0,72,,68571,14,0,17,0,30,,68590,14,0,17,0,29,,68574,14,0,17,0,70,,68583,14,0,18 19,0,30,,68575,14,0,17,0,70,,68576,14,0,17,0,30,,68592,14,0,17,0,70,,68578,14,0,18 19,0,28,,68584,14,0,17,0,69,,68579,14,0,17,0,28,,68580,14,0,17,0,68,,68591,14,0,17,0,30,,68585,14,0,17,0
2100,'5222',630,,68603,14,0,50 51 52,0,28,,68597,14,0,50 51 52,0,58,,68600,14,0,50 51 52,0,20,,68595,14,0,50 51 52,0,20,,68599,14,0,50 51 52,0,60,,68611,14,0,50 51 52,0,20,,68594,14,0,50 51 52,0,21,,68602,14,0,50 51 52,0,69,,68596,14,0,50 51 52,0,30,,68601,14,0,50 51 52,0,70,,68607,14,0,50 51 52,0,28,,68608,14,0,50 51 52,0,68,,68605,14,0,18 19,0,31,,68612,14,0,50 51 52,0,70,,68598,14,0,50 51 52,0,31,,68606,14,0,50 51 52,0,70,,68609,14,0,50 51 52,0,32,,68604,14,0,50 51 52,0,71,,68610,14,0,50 51 52,0,31,,68614,14,0,17,0,67,,68618,14,0,50 51 52,0,21,,68616,14,0,50 51 52,0,63,,68620,14,0,50 51 52,0,22,,68615,14,0,18 19,0,20,,68621,14,0,50 51 52,0,60,,68619,14,0,50 51 52,0,19,,68617,14,0,50 51 52,0,20,,68622,14,0,17,0,59,,68625,14,0,17,0,18,,68623,14,0,17,0,24,,68626,14,0,17,0,70,,68624,14,0,17,0,30,,68629,14,0,17,0,69,,68628,14,0,17,0,30,,68627,14,0,17,0
2100,'5365',744,,68647,14,0,17,0,75,,68646,14,0,17,0,85,,68634,14,0,18 19,0,37,,68645,14,0,17,0,84,,68648,14,0,17,0,30,,68630,14,0,17,0,70,,68633,14,0,17,0,30,,68636,14,0,17,0,70,,68632,14,0,18 19,0,31,,68635,14,0,17,0,70,,68631,14,0,17,0,30,,68637,14,0,17,0,70,,68638,14,0,18 19,0,30,,68640,14,0,17,0,70,,68641,14,0,17,0,30,,68639,14,0,17,0,70,,68644,14,0,18 19,0,30,,68642,14,0,17,0,70,,68643,14,0,17,0,29,,68649,14,0,17,0,70,,68650,14,0,18 19,0,28,,68652,14,0,17,0,69,,68651,14,0,17,0,30,,68654,14,0,17,0,70,,68653,14,0,17,0
2100,'5390',744,,68672,14,0,17,0,75,,68671,14,0,17,0,85,,68659,14,0,18 19,0,37,,68670,14,0,17,0,84,,68673,14,0,17,0,30,,68655,14,0,17,0,70,,68658,14,0,17,0,30,,68661,14,0,17,0,70,,68657,14,0,18 19,0,31,,68660,14,0,17,0,70,,68656,14,0,17,0,30,,68662,14,0,17,0,70,,68663,14,0,18 19,0,30,,68665,14,0,17,0,70,,68666,14,0,17,0,30,,68664,14,0,17,0,70,,68669,14,0,18 19,0,30,,68667,14,0,17,0,70,,68668,14,0,17,0,29,,68674,14,0,17,0,70,,68675,14,0,18 19,0,28,,68677,14,0,17,0,69,,68676,14,0,17,0,30,,68679,14,0,17,0,70,,68678,14,0,17,0
2200,'4623',615,,68890,29,,,0,31,,68896,29,,,0,68,,68897,29,,,0,30,,68908,29,,,0,74,,68893,29,,,0,22,,68909,29,,,0,69,,68910,29,,,0,105,,68911,29,,,0,25,,68894,29,,,0,70,,68913,29,,,0,102,,68912,29,0,21 22,0,30,,68914,29,0,21 22,0,70,,68895,29,0,21 22,0,32,,68915,29,0,21 22,0,100,,68916,29,0,21 22,0,69,,68899,29,0,21 22,0,37,,68891,29,0,21 22,0,104,,68898,29,0,21 22,0,95,,68901,29,0,21 22,0,68,,68892,29,,,0,26,,68902,29,,,0,97,,68900,29,,,0,69,,68906,29,,,0,30,,68904,29,,,0,70,,68905,29,,,0
2200,'4833',704,,68936,29,,,0,40,,68922,29,,,0,80,,68926,29,,,0,80,,68939,29,,,0,32,,68923,29,,,0,70,,68917,29,,,0,31,,68924,29,,,0,72,,68938,29,,,0,31,,68921,29,,,0,70,,68920,29,,,0,31,,68925,29,,,0,70,,68918,29,,,0,31,,68943,29,,,0,70,,68919,29,,,0,30,,68932,29,,,0,70,,68928,29,,,0,30,,68931,29,,,0,69,,68942,29,,,0,29,,68933,29,,,0,71,,68927,29,,,0,30,,68935,29,,,0,73,,68934,29,,,0,30,,68930,29,,,0,68,,68929,29,,,0,29,,68944,29,,,0,69,,68945,29,,,0,27,,68941,29,,,0,68,,68937,29,,,0
2200,'5015',704,,68966,29,,,0,40,,68952,29,,,0,80,,68956,29,,,0,80,,68969,29,,,0,32,,68953,29,,,0,70,,68947,29,,,0,31,,68954,29,,,0,72,,68968,29,,,0,31,,68951,29,,,0,70,,68950,29,,,0,31,,68955,29,,,0,70,,68948,29,,,0,31,,68973,29,,,0,70,,68949,29,,,0,30,,68962,29,,,0,70,,68958,29,,,0,30,,68961,29,,,0,69,,68972,29,,,0,29,,68963,29,,,0,71,,68957,29,,,0,30,,68965,29,,,0,73,,68964,29,,,0,30,,68960,29,,,0,68,,68959,29,,,0,29,,68974,29,,,0,69,,68975,29,,,0,27,,68971,29,,,0,68,,68967,29,,,0
2200,'5222',615,,68977,29,,,0,31,,68983,29,,,0,68,,68984,29,,,0,30,,68995,29,,,0,74,,68980,29,,,0,22,,68996,29,,,0,69,,68997,29,,,0,105,,68998,29,,,0,25,,68981,29,,,0,70,,69000,29,,,0,102,,68999,29,0,21 22,0,30,,69001,29,0,21 22,0,70,,68982,29,0,21 22,0,32,,69002,29,0,21 22,0,100,,69003,29,0,21 22,0,69,,68986,29,0,21 22,0,37,,68978,29,0,21 22,0,104,,68985,29,0,21 22,0,95,,68988,29,0,21 22,0,68,,68979,29,,,0,26,,68989,29,,,0,97,,68987,29,,,0,69,,68993,29,,,0,30,,68991,29,,,0,70,,68992,29,,,0
2200,'5365',753,,69007,29,,,0,101,,69008,29,,,0,80,,69009,29,,,0,71,,69004,29,,,0,32,,69005,29,,,0,70,,69006,29,,,0,30,,69011,29,,,0,69,,69012,29,,,0,32,,69010,29,,,0,70,,69013,29,,,0,30,,69014,29,,,0,70,,69022,29,,,0,30,,69021,29,,,0,70,,69015,29,,,0,30,,69016,29,,,0,70,,69017,29,,,0,30,,69018,29,,,0,72,,69019,29,,,0,30,,69020,29,,,0,70,,69023,29,,,0,29,,69024,29,,,0,68,,69025,29,,,0,30,,69026,29,,,0,115,,69027,12,,,0
2200,'5390',753,,69031,29,,,0,101,,69032,29,,,0,80,,69033,29,,,0,71,,69028,29,,,0,32,,69029,29,,,0,70,,69030,29,,,0,30,,69035,29,,,0,69,,69036,29,,,0,32,,69034,29,,,0,70,,69037,29,,,0,30,,69038,29,,,0,70,,69046,29,,,0,30,,69045,29,,,0,70,,69039,29,,,0,30,,69040,29,,,0,70,,69041,29,,,0,30,,69042,29,,,0,72,,69043,29,,,0,30,,69044,29,,,0,70,,69047,29,,,0,29,,69048,29,,,0,68,,69049,29,,,0,30,,69050,29,,,0,115,,69051,12,,,0
2601,'4623',612,,69986,25,,,0,22,,69984,25,,,0,17,,69992,25,,,0,54,,69983,25,,,0,16,,69978,25,,,0,15,,69977,25,,,0,15,,69980,25,,,0,54,,69971,25,,,0,14,,69973,25,,,0,16,,69970,25,,,0,14,,69988,25,,,0,55,,69972,25,,,0,14,,69961,25,,,0,15,,69965,25,,,0,14,,69960,25,,,0,55,,69974,25,,,0,15,,69969,25,,,0,15,,69958,25,,,0,16,,69991,25,,,0,55,,69951,25,,,0,15,,69950,25,,,0,14,,69955,25,,,0,15,,69949,25,,,0,55,,69981,25,,,0,15,,69967,25,,,0,15,,69948,25,,,0,14,,69994,25,,,0,55,,69947,25,,,0,15,,69945,25,,,0,14,,69952,25,,,0,14,,69946,25,,,0,14,,69979,25,,,0,54,,69968,25,,,0,14,,69944,25,,,0,14,,69937,25,,,0,15,,69990,25,,,0,56,,69940,25,,,0,14,,69936,25,,,0,14,,69957,25,,,0,15,,69935,25,,,0,55,,69982,25,,,0,14,,69962,25,,,0,15,,69934,25,,,0,14,,69933,25,,,0,54,,69989,25,,,0,14,,69942,25,,,0,13,,69932,25,,,0,14,,69953,25,,,0,55,,69931,25,,,0,15,,69976,25,,,0,14,,69963,25,,,0,15,,69930,25,,,0,54,,69987,25,,,0,15,,69939,25,,,0,15,,69928,25,,,0,15,,69954,25,,,0,60,,69929,25,,,0,20,,69966,25,,,0,20,,69993,25,,,0,58,,69943,25,,,0,20,,69959,25,,,0,20,,69927,25,,,0,69,,69985,25,,,0,30,,69941,25,,,0,71,,69975,25,,,0,30,,69964,25,,,0,68,,69938,25,,,0,31,,69956,25,,,0,70,,69926,25,,,0
2601,'4833',637,,69996,25,,,0,70,,69997,25,,,0,26,,69998,25,,,0,17,,69999,25,,,0,57,,70000,25,,,0,17,,70001,25,,,0,18,,70002,25,,,0,59,,70003,25,,,0,17,,70004,25,,,0,17,,70005,25,,,0,17,,70006,25,,,0,57,,70007,25,,,0,17,,70008,25,,,0,17,,70009,25,,,0,57,,70010,25,,,0,19,,70011,25,,,0,17,,70012,25,,,0,18,,69995,25,,,0,57,,70013,25,,,0,17,,70014,25,,,0,17,,70015,25,,,0,57,,70016,25,,,0,17,,70017,25,,,0,16,,70018,25,,,0,17,,70019,25,,,0,57,,70020,25,,,0,17,,70021,25,,,0,17,,70022,25,,,0,57,,70023,25,,,0,16,,70024,25,,,0,16,,70025,25,,,0,16,,70026,25,,,0,55,,70027,25,,,0,17,,70028,25,,,0,17,,70029,25,,,0,17,,70030,25,,,0,56,,70031,25,,,0,17,,70032,25,,,0,18,,70033,25,,,0,60,,70034,25,,,0,20,,70035,25,,,0,19,,70036,25,,,0,60,,70037,25,,,0,20,,70038,25,,,0,20,,70039,25,,,0,58,,70040,25,,,0,20,,70041,25,,,0,19,,70042,25,,,0,60,,70043,25,,,0,20,,70044,25,,,0,20,,70045,25,,,0,60,,70046,25,,,0,20,,70047,25,,,0,21,,70048,25,,,0,70,,70049,25,,,0,30,,70050,25,,,0,69,,70051,25,,,0,30,,70052,25,,,0
2601,'5015',637,,70054,25,,,0,70,,70055,25,,,0,26,,70056,25,,,0,17,,70057,25,,,0,57,,70058,25,,,0,17,,70059,25,,,0,18,,70060,25,,,0,59,,70061,25,,,0,17,,70062,25,,,0,17,,70063,25,,,0,17,,70064,25,,,0,57,,70065,25,,,0,17,,70066,25,,,0,17,,70067,25,,,0,57,,70068,25,,,0,19,,70069,25,,,0,17,,70070,25,,,0,18,,70053,25,,,0,57,,70071,25,,,0,17,,70072,25,,,0,17,,70073,25,,,0,57,,70074,25,,,0,17,,70075,25,,,0,16,,70076,25,,,0,17,,70077,25,,,0,57,,70078,25,,,0,17,,70079,25,,,0,17,,70080,25,,,0,57,,70081,25,,,0,16,,70082,25,,,0,16,,70083,25,,,0,16,,70084,25,,,0,55,,70085,25,,,0,17,,70086,25,,,0,17,,70087,25,,,0,17,,70088,25,,,0,56,,70089,25,,,0,17,,70090,25,,,0,18,,70091,25,,,0,60,,70092,25,,,0,20,,70093,25,,,0,19,,70094,25,,,0,60,,70095,25,,,0,20,,70096,25,,,0,20,,70097,25,,,0,58,,70098,25,,,0,20,,70099,25,,,0,19,,70100,25,,,0,60,,70101,25,,,0,20,,70102,25,,,0,20,,70103,25,,,0,60,,70104,25,,,0,20,,70105,25,,,0,21,,70106,25,,,0,70,,70107,25,,,0,30,,70108,25,,,0,69,,70109,25,,,0,30,,70110,25,,,0,72,,70111,25,,,0
2601,'5222',612,,70171,25,,,0,22,,70169,25,,,0,17,,70177,25,,,0,54,,70168,25,,,0,16,,70163,25,,,0,15,,70162,25,,,0,15,,70165,25,,,0,54,,70156,25,,,0,14,,70158,25,,,0,16,,70155,25,,,0,14,,70173,25,,,0,55,,70157,25,,,0,14,,70146,25,,,0,15,,70150,25,,,0,14,,70145,25,,,0,55,,70159,25,,,0,15,,70154,25,,,0,15,,70143,25,,,0,16,,70176,25,,,0,55,,70136,25,,,0,15,,70135,25,,,0,14,,70140,25,,,0,15,,70134,25,,,0,55,,70166,25,,,0,15,,70152,25,,,0,15,,70133,25,,,0,14,,70179,25,,,0,55,,70132,25,,,0,15,,70130,25,,,0,14,,70137,25,,,0,14,,70131,25,,,0,14,,70164,25,,,0,54,,70153,25,,,0,14,,70129,25,,,0,14,,70122,25,,,0,15,,70175,25,,,0,56,,70125,25,,,0,14,,70121,25,,,0,14,,70142,25,,,0,15,,70120,25,,,0,55,,70167,25,,,0,14,,70147,25,,,0,15,,70119,25,,,0,14,,70118,25,,,0,54,,70174,25,,,0,14,,70127,25,,,0,13,,70117,25,,,0,14,,70138,25,,,0,55,,70116,25,,,0,15,,70161,25,,,0,14,,70148,25,,,0,15,,70115,25,,,0,54,,70172,25,,,0,15,,70124,25,,,0,15,,70113,25,,,0,15,,70139,25,,,0,60,,70114,25,,,0,20,,70151,25,,,0,20,,70178,25,,,0,58,,70128,25,,,0,20,,70144,25,,,0,20,,70112,25,,,0,69,,70170,25,,,0,30,,70126,25,,,0,71,,70160,25,,,0,30,,70149,25,,,0,68,,70123,25,,,0,31,,70141,25,,,0
2601,'5365',657,,70203,25,,,0,62,,70190,25,,,0,23,,70180,25,,,0,62,,70199,25,,,0,20,,70204,25,,,0,26,,70189,25,,,0,62,,70182,25,,,0,20,,70200,25,,,0,23,,70193,25,,,0,58,,70183,25,,,0,18,,70187,25,,,0,18,,70181,25,,,0,58,,70201,25,,,0,18,,70185,25,,,0,19,,70206,25,,,0,58,,70184,25,,,0,18,,70188,25,,,0,18,,70186,25,,,0,18,,70197,25,,,0,59,,70194,25,,,0,18,,70207,25,,,0,18,,70191,25,,,0,58,,70202,25,,,0,18,,70195,25,,,0,18,,70198,25,,,0,58,,70196,25,,,0,18,,70205,25,,,0,17,,70192,25,,,0,18,,70216,25,,,0,58,,70211,25,,,0,18,,70215,25,,,0,17,,70209,25,,,0,57,,70218,25,,,0,17,,70208,25,,,0,20,,70214,25,,,0,60,,70212,25,,,0,20,,70213,25,,,0,20,,70217,25,,,0,60,,70210,25,,,0,19,,70220,25,,,0,19,,70226,25,,,0,60,,70222,25,,,0,20,,70225,25,,,0,20,,70221,25,,,0,60,,70219,25,,,0,20,,70223,25,,,0,22,,70224,25,,,0,70,,70227,25,,,0,29,,70228,25,,,0,70,,70229,25,,,0,30,,70230,25,,,0
2601,'5390',657,,70254,25,,,0,62,,70241,25,,,0,23,,70231,25,,,0,62,,70250,25,,,0,20,,70255,25,,,0,26,,70240,25,,,0,62,,70233,25,,,0,20,,70251,25,,,0,23,,70244,25,,,0,58,,70234,25,,,0,18,,70238,25,,,0,18,,70232,25,,,0,58,,70252,25,,,0,18,,70236,25,,,0,19,,70257,25,,,0,58,,70235,25,,,0,18,,70239,25,,,0,18,,70237,25,,,0,18,,70248,25,,,0,59,,70245,25,,,0,18,,70258,25,,,0,18,,70242,25,,,0,58,,70253,25,,,0,18,,70246,25,,,0,18,,70249,25,,,0,58,,70247,25,,,0,18,,70256,25,,,0,17,,70243,25,,,0,18,,70267,25,,,0,58,,70262,25,,,0,18,,70266,25,,,0,17,,70260,25,,,0,57,,70269,25,,,0,17,,70259,25,,,0,20,,70265,25,,,0,60,,70263,25,,,0,20,,70264,25,,,0,20,,70268,25,,,0,60,,70261,25,,,0,19,,70271,25,,,0,19,,70277,25,,,0,60,,70273,25,,,0,20,,70276,25,,,0,20,,70272,25,,,0,60,,70270,25,,,0,20,,70274,25,,,0,22,,70275,25,,,0,70,,70278,25,,,0,29,,70279,25,,,0,70,,70280,25,,,0,30,,70281,25,,,0
1002200,'4623',944,,77481,29,,,0,197,,77480,29,0,21 22,0,271,,77482,29,0,21 22,0,210,,77477,29,0,21 22,0,100,,77478,29,0,21 22,0,193,,77479,29,0,21 22,0
1002200,'5222',944,,77487,29,,,0,197,,77486,29,0,21 22,0,271,,77488,29,0,21 22,0,210,,77483,29,0,21 22,0,100,,77484,29,0,21 22,0,193,,77485,29,0,21 22,0
14002100,'4623',2120,,77717,14,,,0,30,,77718,14,,,0,70,,77719,14,,,0,100,,77720,14,,,0,98,,77721,14,,,0
14002100,'4833',2120,,77722,14,,,0,30,,77723,14,,,0,70,,77724,14,,,0,102,,77725,14,,,0,98,,77726,14,,,0
14002100,'5015',2120,,77727,14,,,0,30,,77728,14,,,0,70,,77729,14,,,0,102,,77730,14,,,0,98,,77731,14,,,0
14002100,'5222',2120,,77732,14,,,0,30,,77733,14,,,0,70,,77734,14,,,0,100,,77735,14,,,0,98,,77736,14,,,0
14002100,'5365',2122,,77737,14,,,0,100,,77738,14,,,0,99,,77739,14,,,0
14002100,'5390',2122,,77740,14,,,0,100,,77741,14,,,0,99,,77742,14,,,0
