801,'5036',722,,38812,53,,,0,37,,38813,53,,,0,67,,38814,53,,,0,25,,38815,53,,,0,75,,38816,53,,,0,82,,38811,53,,,0,44,,38817,53,,,0,74,,38833,53,,,0,82,,38818,53,,,0,46,,38819,53,,,0,81,,38820,53,,,0,85,,38821,53,,,0,92,,38822,53,,,0,46,,38824,53,,,0,74,,38834,53,,,0,73,,38825,53,,,0,33,,38826,53,,,0,75,,38827,53,,,0,28,,38835,53,,,0,70,,38828,53,,,0,33,,38829,53,,,0,85,,38830,53,,,0,97,,38831,53,,,0,83,,38832,53,,,0
801,'5040',722,,38837,53,,,0,37,,38838,53,,,0,67,,38839,53,,,0,25,,38840,53,,,0,75,,38841,53,,,0,82,,38836,53,,,0,44,,38842,53,,,0,74,,38858,53,,,0,82,,38843,53,,,0,46,,38844,53,,,0,81,,38845,53,,,0,85,,38846,53,,,0,92,,38847,53,,,0,46,,38849,53,,,0,74,,38859,53,,,0,73,,38850,53,,,0,33,,38851,53,,,0,75,,38852,53,,,0,28,,38860,53,,,0,70,,38853,53,,,0,33,,38854,53,,,0,85,,38855,53,,,0,97,,38856,53,,,0,83,,38857,53,,,0
901,'5036',1725,,38904,42,,,0,79,,38902,42,,,0
901,'5040',1725,,38907,42,,,0,79,,38905,42,,,0
2100,'5036',638,,40959,27,,,0,70,,40944,27,,,0,18,,40961,27,,,0,16,,40946,27,,,0,59,,40963,27,,,0,15,,40942,27,,,0,16,,40957,27,,,0,14,,40945,27,,,0,58,,40972,27,,,0,18,,40943,27,,,0,18,,40953,27,,,0,65,,40964,27,,,0,26,,40979,27,,,0,70,,40977,27,,,0,30,,40976,27,0,18 19,0,72,,40955,27,,,0,31,,40980,27,,,0,70,,40974,27,,,0,31,,40975,27,,,0,71,,40978,27,,,0,31,,40954,27,,,0,71,,40958,27,,,0,21,,40949,27,,,0,19,,40965,27,,,0,60,,40947,27,,,0,20,,40960,27,,,0,17,,40950,27,0,18 19,0,58,,40962,27,,,0,17,,40948,27,,,0,17,,40952,27,,,0,21,,40956,27,0,17,0,55,,40951,27,0,17,0,15,,40969,27,0,17,0,72,,40966,27,0,17,0,29,,40971,27,0,17,0,29,,40973,27,0,17,0,73,,40967,27,0,17,0,69,,40968,27,0,17,0
2100,'5040',638,,40998,27,,,0,70,,40983,27,,,0,18,,41000,27,,,0,16,,40985,27,,,0,59,,41002,27,,,0,15,,40981,27,,,0,16,,40996,27,,,0,14,,40984,27,,,0,58,,41011,27,,,0,18,,40982,27,,,0,18,,40992,27,,,0,65,,41003,27,,,0,26,,41018,27,,,0,70,,41016,27,,,0,30,,41015,27,0,18 19,0,72,,40994,27,,,0,31,,41019,27,,,0,70,,41013,27,,,0,31,,41014,27,,,0,71,,41017,27,,,0,31,,40993,27,,,0,71,,40997,27,,,0,21,,40988,27,,,0,19,,41004,27,,,0,60,,40986,27,,,0,20,,40999,27,,,0,17,,40989,27,0,18 19,0,58,,41001,27,,,0,17,,40987,27,,,0,17,,40991,27,,,0,21,,40995,27,0,17,0,55,,40990,27,0,17,0,15,,41008,27,0,17,0,72,,41005,27,0,17,0,29,,41010,27,0,17,0,29,,41012,27,0,17,0,73,,41006,27,0,17,0,69,,41007,27,0,17,0
2100,'5041',726,,41039,27,0,17,0,86,,41046,27,0,17,0,40,,41030,27,0,18 19,0,71,,41040,27,0,17,0,79,,41023,27,0,17,0,31,,41041,27,0,17,0,73,,41025,27,0,17,0,31,,41035,27,0,17,0,70,,41020,27,0,17,0,32,,41021,27,0,18 19,0,70,,41042,27,0,17,0,31,,41026,27,0,17,0,70,,41034,27,0,17,0,28,,41022,27,0,18 19,0,73,,41024,27,0,17,0,30,,41043,27,0,17,0,69,,41027,27,0,17,0,30,,41036,27,0,18 19,0,70,,41028,27,0,17,0,30,,41029,27,0,17,0,69,,41045,27,0,17,0,30,,41031,27,0,18 19,0,67,,41037,27,0,17,0,29,,41032,27,0,17,0,68,,41033,27,0,17,0,28,,41044,27,0,17,0,70,,41038,27,0,17,0
2100,'5078',752,,41064,27,0,17,0,75,,41063,27,0,17,0,85,,41051,27,0,18 19,0,37,,41062,27,0,17,0,85,,41065,27,0,17,0,70,,41047,27,0,17,0,30,,41050,27,0,17,0,70,,41053,27,0,17,0,30,,41049,27,0,18 19,0,71,,41052,27,0,17,0,31,,41048,27,0,17,0,70,,41054,27,0,17,0,31,,41055,27,0,18 19,0,70,,41057,27,0,17,0,30,,41058,27,0,17,0,70,,41056,27,0,17,0,30,,41061,27,0,18 19,0,70,,41059,27,0,17,0,30,,41060,27,0,17,0,69,,41066,27,0,17,0,28,,41067,27,0,18 19,0,68,,41069,27,0,17,0,29,,41068,27,0,17,0,70,,41071,27,0,17,0,30,,41070,27,0,17,0
2100,'5079',752,,41089,27,0,17,0,75,,41088,27,0,17,0,85,,41076,27,0,18 19,0,37,,41087,27,0,17,0,85,,41090,27,0,17,0,70,,41072,27,0,17,0,30,,41075,27,0,17,0,70,,41078,27,0,17,0,30,,41074,27,0,18 19,0,71,,41077,27,0,17,0,31,,41073,27,0,17,0,70,,41079,27,0,17,0,31,,41080,27,0,18 19,0,70,,41082,27,0,17,0,30,,41083,27,0,17,0,70,,41081,27,0,17,0,30,,41086,27,0,18 19,0,70,,41084,27,0,17,0,30,,41085,27,0,17,0,69,,41091,27,0,17,0,28,,41092,27,0,18 19,0,68,,41094,27,0,17,0,29,,41093,27,0,17,0,70,,41096,27,0,17,0,30,,41095,27,0,17,0
3800,'5036',637,,44167,35,,,0,77,,44168,35,,,0,18,,44169,35,,,0,14,,44172,35,,,0,63,,44170,35,,,0,28,,44171,35,,,0,75,,44187,35,,,0,27,,44173,35,,,0,99,,44174,35,,,0,101,,44175,35,,,0,103,,44176,35,,,0,101,,44177,35,,,0,97,,44178,35,,,0,81,,44188,35,,,0,32,,44179,35,,,0,70,,44180,35,,,0,33,,44181,35,,,0,69,,44182,35,,,0,32,,44183,35,,,0,80,,44185,35,,,0,102,,44184,35,,,0,102,,44186,35,,,0
3800,'5040',637,,44189,35,,,0,77,,44190,35,,,0,18,,44191,35,,,0,14,,44194,35,,,0,63,,44192,35,,,0,28,,44193,35,,,0,75,,44209,35,,,0,27,,44195,35,,,0,99,,44196,35,,,0,101,,44197,35,,,0,103,,44198,35,,,0,101,,44199,35,,,0,97,,44200,35,,,0,81,,44210,35,,,0,32,,44201,35,,,0,70,,44202,35,,,0,33,,44203,35,,,0,69,,44204,35,,,0,32,,44205,35,,,0,80,,44207,35,,,0,102,,44206,35,,,0,102,,44208,35,,,0
14002100,'5036',2134,,48807,38,,,0,70,,48805,38,,,0,30,,48808,38,,,0,99,,48806,38,,,0,98,,48809,38,,,0
14002100,'5040',2134,,48812,38,,,0,70,,48810,38,,,0,30,,48813,38,,,0,99,,48811,38,,,0,98,,48814,38,,,0
14002100,'5041',2136,,48815,38,,,0,70,,48816,38,,,0,30,,48817,38,,,0,101,,48818,38,,,0,96,,48819,38,,,0
14002100,'5078',2136,,48820,38,,,0,100,,48821,38,,,0,99,,48822,38,,,0
14002100,'5079',2136,,48823,38,,,0,100,,48824,38,,,0,99,,48825,38,,,0
