701,'4487',709,,3495,,,0,30,,3479,,,0,73,,3488,,,0,31,,3472,,,0,70,,3496,,,0,29,,3480,,,0,73,,3489,,,0,27,,3468,,,0,70,,3470,,,0,29,,3490,,,0,71,,3476,,,0,29,,3483,,,0,68,,3469,,,0,31,,3471,,,0,70,,3491,,,0,30,,3475,,,0,69,,3484,,,0,31,,3473,,,0,70,,3474,,,0,33,,3492,,,0,70,,3477,,,0,29,,3486,,,0,71,,3478,,,0,29,,3481,,,0,69,,3493,,,0,30,,3482,,,0,75,,3487,,,0,36,,3485,,,0,68,,3494,,,0
701,'4744',619,,3526,,,0,30,,3532,,,0,65,,3527,,,0,15,,3547,,,0,17,,3536,,,0,11,,3566,,,0,46,,3552,,,0,10,,3565,,,0,7,,3535,,,0,10,,3567,,,0,8,,3533,,,0,16,,3531,,,0,57,,3538,,,0,14,,3546,,,0,19,,3534,,,0,60,,3537,,,0,20,,20720,,,0,19,,3529,,,0,61,,3530,,,0,20,,3540,,,0,21,,3542,,,0,60,,3528,,,0,20,,3539,,,0,25,,20717,,,0,60,,3544,,,0,20,,3545,,,0,21,,3549,,,0,59,,3543,,,0,22,,3541,,,0,23,,3548,,,0,62,,3570,,,0,20,,20719,,,0,18,,3555,,,0,54,,3553,,,0,24,,3572,,,0,19,,3551,,,0,56,,3573,,,0,20,,3554,,,0,14,,3556,,,0,16,,3571,,,0,58,,20718,,,0,19,,3561,,,0,17,,3563,,,0,70,,3562,,,0,29,,3560,,,0,70,,20721,,,0,29,,3568,,,0,70,,3569,,,0
701,'4745',718,,3586,,,0,40,,3575,,,0,80,,3587,,,0,76,,3588,,,0,25,,3574,,,0,69,,3576,,,0,31,,3589,,,0,69,,3577,,,0,31,,3592,,,0,69,,3578,,,0,31,,3579,,,0,70,,3591,,,0,28,,3590,,,0,70,,3593,,,0,30,,20722,,,0,69,,3581,,,0,31,,3582,,,0,73,,3584,,,0,32,,3583,,,0,69,,3580,,,0,30,,3585,,,0,69,,3595,,,0,32,,3596,,,0,74,,3597,,,0,34,,3599,,,0,69,,3598,,,0
701,'4947',619,,3600,,,0,30,,3606,,,0,65,,3601,,,0,15,,3621,,,0,17,,3610,,,0,11,,3639,,,0,46,,3626,,,0,10,,3638,,,0,7,,3609,,,0,10,,3640,,,0,8,,3607,,,0,16,,3605,,,0,57,,3612,,,0,14,,3620,,,0,19,,3608,,,0,60,,3611,,,0,20,,20726,,,0,19,,3603,,,0,61,,3604,,,0,20,,3614,,,0,21,,3616,,,0,60,,3602,,,0,20,,3613,,,0,25,,20723,,,0,60,,3618,,,0,20,,3619,,,0,21,,3623,,,0,59,,3617,,,0,22,,3615,,,0,23,,3622,,,0,62,,3643,,,0,20,,20725,,,0,18,,3628,,,0,54,,3627,,,0,24,,3645,,,0,19,,3625,,,0,56,,3646,,,0,34,,3629,,,0,16,,3644,,,0,58,,20724,,,0,19,,3634,,,0,17,,3636,,,0,70,,3635,,,0,29,,3633,,,0,70,,20727,,,0,29,,3641,,,0,70,,3642,,,0
701,'4949',1728,,3648,,,0
701,'4950',1728,,3647,,,0
701,'4952',619,,3649,,,0,30,,3655,,,0,65,,3650,,,0,15,,3670,,,0,17,,3659,,,0,11,,3689,,,0,46,,3675,,,0,10,,3688,,,0,7,,3658,,,0,10,,3690,,,0,8,,3656,,,0,16,,3654,,,0,57,,3661,,,0,14,,3669,,,0,19,,3657,,,0,60,,3660,,,0,20,,20731,,,0,19,,3652,,,0,61,,3653,,,0,20,,3663,,,0,21,,3665,,,0,60,,3651,,,0,20,,3662,,,0,25,,20728,,,0,60,,3667,,,0,20,,3668,,,0,21,,3672,,,0,59,,3666,,,0,22,,3664,,,0,23,,3671,,,0,62,,3693,,,0,20,,20730,,,0,18,,3678,,,0,54,,3676,,,0,24,,3695,,,0,19,,3674,,,0,56,,3696,,,0,20,,3677,,,0,14,,3679,,,0,16,,3694,,,0,58,,20729,,,0,19,,3684,,,0,17,,3686,,,0,70,,3685,,,0,29,,3683,,,0,70,,20732,,,0,29,,3691,,,0,70,,3692,,,0
701,'4953',709,,3724,,,0,30,,3708,,,0,73,,3717,,,0,31,,3701,,,0,70,,3725,,,0,29,,3709,,,0,73,,3718,,,0,27,,3697,,,0,70,,3699,,,0,29,,3719,,,0,71,,3705,,,0,29,,3712,,,0,68,,3698,,,0,31,,3700,,,0,70,,3720,,,0,30,,3704,,,0,69,,3713,,,0,31,,3702,,,0,70,,3703,,,0,33,,3721,,,0,70,,3706,,,0,29,,3715,,,0,71,,3707,,,0,29,,3710,,,0,69,,3722,,,0,30,,3711,,,0,75,,3716,,,0,36,,3714,,,0,68,,3723,,,0
701,'4954',718,,3738,,,0,40,,3727,,,0,80,,3739,,,0,76,,3740,,,0,25,,3726,,,0,69,,3728,,,0,31,,3741,,,0,69,,3729,,,0,31,,3744,,,0,69,,3730,,,0,31,,3731,,,0,70,,3743,,,0,28,,3742,,,0,70,,3745,,,0,30,,3746,,,0,69,,3733,,,0,31,,3734,,,0,73,,3736,,,0,32,,3735,,,0,69,,3732,,,0,30,,3737,,,0,69,,3747,,,0,32,,3748,,,0,74,,3749,,,0,34,,3751,,,0,69,,3750,,,0
1500,'4487',640,,6483,,,0,65,,6470,,,0,22,,6468,,,0,19,,6469,,,0,56,,6445,,,0,15,,6481,,,0,15,,6463,,,0,16,,6442,,,0,54,,6467,,,0,15,,6466,,,0,16,,6444,,,0,15,,6482,,,0,55,,6464,,,0,15,,6443,,,0,15,,6465,,,0,15,,6462,,,0,57,,6437,,,0,15,,6441,,,0,15,,6480,,,0,16,,6461,,,0,56,,6440,,,0,16,,6460,,,0,15,,6459,,,0,15,,6439,,,0,55,,6438,,,0,15,,6479,,,0,15,,6458,,,0,15,,6436,,,0,56,,6456,,,0,15,,6457,,,0,15,,6434,,,0,15,,6435,,,0,55,,6478,,,0,15,,6455,,,0,15,,6433,,,0,15,,6454,,,0,55,,6453,,,0,15,,6431,,,0,15,,6432,,,0,15,,6477,,,0,54,,6452,,,0,15,,6427,,,0,15,,6448,,,0,15,,6450,,,0,55,,6429,,,0,15,,6430,,,0,15,,6476,,,0,13,,6449,,,0,54,,6428,,,0,15,,6447,,,0,15,,6451,,,0,15,,6446,,,0,58,,6473,,,0,20,,6474,,,0,20,,6475,,,0,60,,6472,,,0,20,,6471,,,0,20,,6485,,,0,60,,6484,,,0,20,,6486,,,0,23,,6487,,,0,70,,6488,,,0,30,,6489,,,0,69,,6490,,,0,29,,6491,,,0
1500,'4744',541,,20819,,,0,60,,6577,,,0,19,,6571,,,0,16,,6574,,,0,17,,6558,,,0,56,,20821,,,0,16,,6570,,,0,17,,6626,,,0,14,,6573,,,0,53,,6568,,,0,11,,6575,,,0,11,,6559,,,0,11,,6582,,,0,11,,6562,,,0,51,,6629,,,0,11,,6557,,,0,11,,6576,,,0,12,,6578,,,0,10,,6580,,,0,54,,6579,,,0,15,,6581,,,0,15,,6561,,,0,15,,6560,,,0,55,,6563,,,0,15,,6583,,,0,16,,6584,,,0,15,,6585,,,0,55,,6564,,,0,15,,6586,,,0,15,,6587,,,0,15,,6628,,,0,55,,6588,,,0,15,,6565,,,0,15,,6589,,,0,15,,6566,,,0,55,,6590,,,0,15,,6591,,,0,16,,6592,,,0,15,,6608,,,0,56,,6593,,,0,15,,6602,,,0,12,,6594,,,0,15,,6595,,,0,55,,6596,,,0,15,,6597,,,0,15,,6598,,,0,15,,6625,,,0,55,,6627,,,0,15,,6607,,,0,15,,20822,,,0,14,,6601,,,0,55,,6600,,,0,14,,6603,,,0,15,,6604,,,0,16,,6605,,,0,55,,6606,,,0,15,,6613,,,0,14,,6615,,,0,14,,6614,,,0,60,,6609,,,0,20,,6616,,,0,20,,6612,,,0,60,,6617,,,0,20,,6611,,,0,20,,6618,,,0,60,,6619,,,0,20,,6620,,,0,25,,6621,,,0,70,,6610,,,0,29,,6622,,,0,70,,6623,,,0,30,,6624,,,0
1500,'4745',702,,6670,,,0,30,,6669,,,0,68,,6645,,,0,22,,6648,,,0,17,,6686,,,0,16,,6635,,,0,55,,6647,,,0,15,,6634,,,0,15,,6630,,,0,16,,6649,,,0,55,,6639,,,0,15,,6651,,,0,15,,6631,,,0,15,,6636,,,0,55,,6632,,,0,15,,6633,,,0,15,,6654,,,0,16,,6643,,,0,55,,6652,,,0,15,,6640,,,0,15,,6642,,,0,15,,6637,,,0,55,,6638,,,0,15,,6655,,,0,15,,6644,,,0,16,,6656,,,0,55,,6641,,,0,14,,6657,,,0,15,,6658,,,0,15,,6653,,,0,55,,6668,,,0,14,,6664,,,0,15,,20823,,,0,15,,6660,,,0,55,,6665,,,0,15,,20824,,,0,15,,6661,,,0,15,,6663,,,0,55,,6666,,,0,14,,6659,,,0,15,,6646,,,0,15,,6650,,,0,55,,20825,,,0,15,,6673,,,0,15,,6672,,,0,14,,6676,,,0,55,,6681,,,0,20,,6678,,,0,20,,6671,,,0,60,,6677,,,0,19,,6680,,,0,27,,6679,,,0,69,,6675,,,0,29,,6682,,,0,70,,6683,,,0,29,,6685,,,0,70,,6684,,,0
1500,'4947',541,,20826,,,0,60,,6707,,,0,19,,6701,,,0,16,,6704,,,0,17,,6688,,,0,56,,20828,,,0,16,,6700,,,0,17,,6756,,,0,14,,6703,,,0,53,,6698,,,0,11,,6705,,,0,11,,6689,,,0,11,,6712,,,0,11,,6692,,,0,51,,6759,,,0,11,,6687,,,0,11,,6706,,,0,12,,6708,,,0,10,,6710,,,0,54,,6709,,,0,15,,6711,,,0,15,,6691,,,0,15,,6690,,,0,55,,6693,,,0,15,,6713,,,0,16,,6714,,,0,15,,6715,,,0,55,,6694,,,0,15,,6716,,,0,15,,6717,,,0,15,,6758,,,0,55,,6718,,,0,15,,6695,,,0,15,,6719,,,0,15,,6696,,,0,55,,6720,,,0,15,,6721,,,0,16,,6722,,,0,15,,6738,,,0,56,,6723,,,0,15,,6732,,,0,12,,6724,,,0,15,,6725,,,0,55,,6726,,,0,15,,6727,,,0,15,,6728,,,0,15,,6755,,,0,55,,6757,,,0,15,,6737,,,0,15,,20829,,,0,14,,6731,,,0,55,,6730,,,0,14,,6733,,,0,15,,6734,,,0,16,,6735,,,0,55,,6736,,,0,15,,6743,,,0,14,,6745,,,0,14,,6744,,,0,60,,6739,,,0,20,,6746,,,0,20,,6742,,,0,60,,6747,,,0,20,,6741,,,0,20,,6748,,,0,60,,6749,,,0,20,,6750,,,0,25,,6751,,,0,70,,6740,,,0,29,,6752,,,0,70,,6753,,,0,30,,6754,,,0
1500,'4952',541,,20830,,,0,60,,6780,,,0,19,,6774,,,0,16,,6777,,,0,17,,6761,,,0,56,,20832,,,0,16,,6773,,,0,17,,6833,,,0,14,,6776,,,0,53,,6771,,,0,11,,6778,,,0,11,,6762,,,0,11,,6785,,,0,11,,6765,,,0,51,,6836,,,0,11,,6760,,,0,11,,6779,,,0,12,,6781,,,0,10,,6783,,,0,54,,6782,,,0,15,,6784,,,0,15,,6764,,,0,15,,6763,,,0,55,,6766,,,0,15,,6786,,,0,16,,6787,,,0,15,,6788,,,0,55,,6767,,,0,15,,6789,,,0,15,,6790,,,0,15,,6835,,,0,55,,6791,,,0,15,,6768,,,0,15,,6792,,,0,15,,6769,,,0,55,,6793,,,0,15,,6794,,,0,16,,6795,,,0,15,,6811,,,0,56,,6796,,,0,15,,6805,,,0,12,,6797,,,0,15,,6798,,,0,55,,6799,,,0,15,,6800,,,0,15,,6801,,,0,15,,6832,,,0,55,,6834,,,0,15,,6810,,,0,15,,20833,,,0,14,,6804,,,0,55,,6803,,,0,14,,6806,,,0,15,,6807,,,0,16,,6808,,,0,55,,6809,,,0,15,,6816,,,0,14,,6818,,,0,14,,6817,,,0,60,,6812,,,0,20,,6819,,,0,20,,6815,,,0,60,,6820,,,0,20,,6814,,,0,20,,6821,,,0,60,,6822,,,0,20,,6823,,,0,25,,6824,,,0,70,,6813,,,0,29,,6825,,,0,70,,6826,,,0,30,,6827,,,0,70,,6828,,,0,30,,6830,,,0,70,,6829,,,0,30,,6831,,,0
1500,'4953',640,,6893,,,0,65,,6880,,,0,22,,6878,,,0,19,,6879,,,0,56,,6855,,,0,15,,6891,,,0,15,,6873,,,0,16,,6852,,,0,54,,6877,,,0,15,,6876,,,0,16,,6854,,,0,15,,6892,,,0,55,,6874,,,0,15,,6853,,,0,15,,6875,,,0,15,,6872,,,0,57,,6847,,,0,15,,6851,,,0,15,,6890,,,0,16,,6871,,,0,56,,6850,,,0,16,,6870,,,0,15,,6869,,,0,15,,6849,,,0,55,,6848,,,0,15,,6889,,,0,15,,6868,,,0,15,,6846,,,0,56,,6866,,,0,15,,6867,,,0,15,,6844,,,0,15,,6845,,,0,55,,6888,,,0,15,,6865,,,0,15,,6843,,,0,15,,6864,,,0,55,,6863,,,0,15,,6841,,,0,15,,6842,,,0,15,,6887,,,0,54,,6862,,,0,15,,6837,,,0,15,,6858,,,0,15,,6860,,,0,55,,6839,,,0,15,,6840,,,0,15,,6886,,,0,13,,6859,,,0,54,,6838,,,0,15,,6857,,,0,15,,6861,,,0,15,,6856,,,0,58,,6883,,,0,20,,6884,,,0,20,,6885,,,0,60,,6882,,,0,20,,6881,,,0,20,,6895,,,0,60,,6894,,,0,20,,6896,,,0,23,,6897,,,0,70,,6898,,,0,30,,6899,,,0,69,,6900,,,0,29,,6901,,,0,69,,6902,,,0,29,,6903,,,0,70,,6904,,,0,30,,6905,,,0
1500,'4954',702,,6946,,,0,30,,6945,,,0,68,,6921,,,0,22,,6924,,,0,17,,6962,,,0,16,,6911,,,0,55,,6923,,,0,15,,6910,,,0,15,,6906,,,0,16,,6925,,,0,55,,6915,,,0,15,,6927,,,0,15,,6907,,,0,15,,6912,,,0,55,,6908,,,0,15,,6909,,,0,15,,6930,,,0,16,,6919,,,0,55,,6928,,,0,15,,6916,,,0,15,,6918,,,0,15,,6913,,,0,55,,6914,,,0,15,,6931,,,0,15,,6920,,,0,16,,6932,,,0,55,,6917,,,0,14,,6933,,,0,15,,6934,,,0,15,,6929,,,0,55,,6944,,,0,14,,6940,,,0,15,,6938,,,0,15,,6936,,,0,55,,6941,,,0,15,,6943,,,0,15,,6937,,,0,15,,6939,,,0,55,,6942,,,0,14,,6935,,,0,15,,6922,,,0,15,,6926,,,0,55,,6950,,,0,15,,6949,,,0,15,,6948,,,0,14,,6952,,,0,55,,6957,,,0,20,,6954,,,0,20,,6947,,,0,60,,6953,,,0,19,,6956,,,0,27,,6955,,,0,69,,6951,,,0,29,,6958,,,0,70,,6959,,,0,29,,6961,,,0,70,,6960,,,0
14000701,'4487',2152,,20218,,,0,72,,20219,,,0,30,,20221,,,0,69,,20220,,,0,35,,20222,,,0,67,,20223,,,0
14000701,'4744',2151,,20230,,,0,72,,22569,,,0,28,,20232,,,0,70,,20233,,,0,36,,20234,,,0,68,,22570,,,0
14000701,'4745',2051,,20236,,,0,70,,20238,,,0,80,,20237,,,0,22,,20239,,,0,99,,20240,,,0,103,,20241,,,0
14000701,'4947',2151,,20242,,,0,72,,22571,,,0,28,,20244,,,0,70,,20245,,,0,36,,20246,,,0,68,,22572,,,0
14000701,'4952',2151,,20248,,,0,72,,22573,,,0,28,,20250,,,0,70,,20251,,,0,36,,20252,,,0,68,,22574,,,0
14000701,'4953',2152,,20254,,,0,72,,20255,,,0,30,,20257,,,0,69,,20256,,,0,35,,20258,,,0,67,,20259,,,0
14000701,'4954',2051,,20260,,,0,70,,20262,,,0,80,,20261,,,0,22,,20263,,,0,99,,20264,,,0,103,,20265,,,0
