4801,'4744',1722,,13664,,,0,28,,13665,,,0,69,,13666,,,0
4801,'4947',1722,,13667,,,0,28,,13668,,,0,69,,13669,,,0
4801,'4952',1722,,13670,,,0,28,,13671,,,0,69,,13672,,,0
5201,'4487',700,,14085,,,0,31,,14095,,,0,70,,14093,,,0,32,,14076,,,0,70,,14083,,,0,30,,14102,,,0,70,,14079,,,0,31,,14077,,,0,70,,14084,,,0,30,,14103,,,0,71,,14081,,,0,31,,14078,,,0,75,,14087,,,0,30,,14105,,,0,75,,14082,,,0,35,,14092,,,0,75,,14086,,,0,30,,14104,,,0,70,,14080,,,0,30,,14090,,,0,64,,14098,,,0,25,,14089,,,0,64,,14094,,,0,25,,14091,,,0,70,,14088,,,0,28,,14101,,,0,72,,14096,,,0,30,,14100,,,0,70,,14097,,,0,25,,14099,0,30 14,0,30,,14106,,,0,143,,14107,,,0,99,,14108,,,0
5201,'4744',518,,14145,,,0,36,,14142,,,0,78,,14149,,,0,78,,14144,,,0,27,,14155,,,0,69,,14143,,,0,33,,14161,,,0,64,,14150,,,0,34,,14146,,,0,75,,14147,,,0,29,,14159,,,0,70,,14151,,,0,28,,14148,,,0,75,,14152,,,0,34,,14160,,,0,71,,14153,,,0,30,,14154,,,0,70,,14174,,,0,31,,14156,,,0,60,,14180,0,38 3 39,0,8,,14162,,,0,25,,14179,0,30 14,0,3,,14181,0,30 14,0,73,,14158,,,0,36,,14175,,,0,63,,14163,,,0,25,,14164,,,0,62,,14165,,,0,30,,14166,,,0,69,,14176,,,0,30,,14167,,,0,73,,14168,,,0,28,,14170,,,0,68,,14178,,,0,26,,14171,0,30 14,0,75,,14172,,,0,97,,14177,,,0,99,,14173,,,0
5201,'4745',731,,14188,,,0,70,,14204,,,0,30,,14196,,,0,71,,14183,,,0,30,,14191,,,0,71,,14198,,,0,31,,14193,,,0,70,,14184,,,0,30,,14190,,,0,70,,14199,,,0,30,,14195,,,0,75,,14182,,,0,30,,14189,,,0,75,,14202,,,0,35,,14194,,,0,75,,14185,,,0,30,,14187,,,0,70,,14201,,,0,30,,14192,,,0,70,,14197,,,0,29,,14186,,,0,70,,14200,,,0,79,,14203,,,0,100,,14205,,,0,100,,14206,,,0,100,,14207,,,0,99,,14208,,,0
5201,'4947',518,,14212,,,0,36,,14209,,,0,78,,14216,,,0,78,,14211,,,0,27,,14222,,,0,69,,14210,,,0,33,,14228,,,0,64,,14217,,,0,34,,14213,,,0,75,,14214,,,0,29,,14226,,,0,70,,14218,,,0,28,,14215,,,0,75,,14219,,,0,34,,14227,,,0,71,,14220,,,0,30,,14221,,,0,70,,14241,,,0,31,,14223,,,0,60,,14247,0,38 3 39,0,8,,14229,,,0,25,,14246,0,30 14,0,3,,14248,0,30 14,0,73,,14225,,,0,36,,14242,,,0,63,,14230,,,0,25,,14231,,,0,62,,14232,,,0,30,,14233,,,0,69,,14243,,,0,30,,14234,,,0,73,,14235,,,0,28,,14237,,,0,68,,14245,,,0,26,,14238,0,30 14,0,75,,14239,,,0,97,,14244,,,0,99,,14240,,,0
5201,'4952',518,,14252,,,0,36,,14249,,,0,78,,14256,,,0,78,,14251,,,0,27,,14262,,,0,69,,14250,,,0,33,,14268,,,0,64,,14257,,,0,34,,14253,,,0,75,,14254,,,0,29,,14266,,,0,70,,14258,,,0,28,,14255,,,0,75,,14259,,,0,34,,14267,,,0,71,,14260,,,0,30,,14261,,,0,70,,14281,,,0,26,,14286,0,30 14,0,5,,14263,,,0,60,,14287,0,38 3 39,0,8,,14269,,,0,28,,14264,,,0,73,,14265,,,0,36,,14282,,,0,63,,14270,,,0,25,,14271,,,0,62,,14272,,,0,30,,14273,,,0,69,,14283,,,0,30,,14274,,,0,73,,14275,,,0,28,,14277,,,0,68,,14285,,,0,26,,14278,0,30 14,0,75,,14279,,,0,97,,14284,,,0,99,,14280,,,0
5201,'4953',700,,14297,,,0,31,,14307,,,0,70,,14305,,,0,32,,14288,,,0,70,,14295,,,0,30,,14314,,,0,70,,14291,,,0,31,,14289,,,0,70,,14296,,,0,30,,14315,,,0,71,,14293,,,0,31,,14290,,,0,75,,14299,,,0,30,,14317,,,0,75,,14294,,,0,35,,14304,,,0,75,,14298,,,0,30,,14316,,,0,70,,14292,,,0,30,,14302,,,0,64,,14310,,,0,25,,14301,,,0,64,,14306,,,0,25,,14303,,,0,70,,14300,,,0,28,,14313,,,0,72,,14308,,,0,30,,14312,,,0,70,,14309,,,0,25,,14311,0,30 14,0,30,,14318,,,0,143,,14319,,,0,99,,14320,,,0
5201,'4954',731,,14327,,,0,70,,14343,,,0,30,,14335,,,0,71,,14322,,,0,30,,14330,,,0,71,,14337,,,0,31,,14332,,,0,70,,14323,,,0,30,,14329,,,0,70,,14338,,,0,30,,14334,,,0,75,,14321,,,0,30,,14328,,,0,75,,14341,,,0,35,,14333,,,0,75,,14324,,,0,30,,14326,,,0,70,,14340,,,0,30,,14331,,,0,70,,14336,,,0,29,,14325,,,0,70,,14339,,,0,79,,14342,,,0,100,,14344,,,0,100,,14345,,,0,100,,14346,,,0,99,,14347,,,0
5500,'4487',818,,14617,,,0,201,,14613,,,0,213,,14614,,,0,204,,14615,,,0,211,,14616,,,0,209,,14612,,,0,264,,14611,,,0
5500,'4744',623,,14625,,,0,132,,14627,,,0,173,,14626,,,0,214,,14628,,,0,198,,14629,,,0,174,,14630,,,0,106,,14631,,,0,182,,14632,,,0,148,,14633,,,0,198,,14634,,,0
5500,'4745',816,,14635,,,0,202,,14638,,,0,214,,14637,,,0,205,,14636,,,0,210,,14640,,,0,208,,14641,,,0,263,,14639,,,0
5500,'4947',623,,14642,,,0,132,,14644,,,0,173,,14643,,,0,214,,14645,,,0,198,,14646,,,0,174,,14647,,,0,106,,14648,,,0,182,,14649,,,0,148,,14650,,,0,198,,14651,,,0
5500,'4952',623,,14652,,,0,132,,14654,,,0,173,,14653,,,0,214,,14655,,,0,198,,14656,,,0,174,,14657,,,0,106,,14658,,,0,182,,14659,,,0,148,,14660,,,0,198,,14661,,,0
5500,'4953',818,,14668,,,0,201,,14664,,,0,213,,14665,,,0,204,,14666,,,0,211,,14667,,,0,209,,14663,,,0,264,,14662,,,0
5500,'4954',816,,14669,,,0,202,,14672,,,0,214,,14671,,,0,205,,14670,,,0,210,,14674,,,0,208,,14675,,,0,263,,14673,,,0
5901,'4487',656,,15444,,,0,100,,15445,,,0,101,,15446,,,0,101,,15443,,,0,145,,15442,,,0,105,,15441,,,0,105,,15440,,,0,105,,15439,,,0,105,,15438,,,0,102,,15437,,,0,103,,15436,,,0,105,,15435,,,0,105,,15434,,,0,120,,15433,,,0
5901,'4744',655,,15462,,,0,69,,15470,,,0,101,,15463,,,0,105,,15464,,,0,101,,15465,,,0,97,,15466,,,0,103,,15467,,,0,102,,15468,,,0,107,,15469,,,0,99,,15461,,,0,85,,15477,,,0,84,,15471,,,0,42,,15472,,,0,81,,15476,,,0,104,,15473,,,0,105,,15474,,,0,113,,15475,,,0
5901,'4745',756,,15479,,,0,101,,15478,,,0,101,,15480,,,0,145,,15482,,,0,105,,15481,,,0,105,,15485,,,0,105,,15486,,,0,105,,15484,,,0,102,,15483,,,0,103,,15489,,,0,105,,15488,,,0,105,,15490,,,0,120,,15487,,,0
5901,'4947',655,,15492,,,0,69,,15500,,,0,101,,15493,,,0,105,,15494,,,0,101,,15495,,,0,97,,15496,,,0,103,,15497,,,0,102,,15498,,,0,107,,15499,,,0,99,,15491,,,0,85,,15507,,,0,84,,15501,,,0,42,,15502,,,0,81,,15506,,,0,104,,15503,,,0,105,,15504,,,0,113,,15505,,,0
5901,'4952',655,,15509,,,0,69,,15517,,,0,101,,15510,,,0,105,,15511,,,0,101,,15512,,,0,97,,15513,,,0,103,,15514,,,0,102,,15515,,,0,107,,15516,,,0,99,,15508,,,0,85,,15524,,,0,84,,15518,,,0,42,,15519,,,0,81,,15523,,,0,104,,15520,,,0,105,,15521,,,0,113,,15522,,,0
5901,'4953',656,,15536,,,0,100,,15537,,,0,101,,15538,,,0,101,,15535,,,0,145,,15534,,,0,105,,15533,,,0,105,,15532,,,0,105,,15531,,,0,105,,15530,,,0,102,,15529,,,0,103,,15528,,,0,105,,15527,,,0,105,,15526,,,0,120,,15525,,,0
5901,'4954',756,,15540,,,0,101,,15539,,,0,101,,15541,,,0,145,,15543,,,0,105,,15542,,,0,105,,15546,,,0,105,,15547,,,0,105,,15545,,,0,102,,15544,,,0,103,,15550,,,0,105,,15549,,,0,105,,15551,,,0,120,,15548,,,0
6100,'4487',654,,15800,0,30 14,0,99,,15801,0,30 14,0,82,,15799,0,30 14,0,98,,15802,0,30 14,0,95,,15803,0,30 14,0,82,,15804,0,30 14,0,35,,15805,0,30 14,0,88,,15806,0,30 14,0,75,,15807,0,30 14,0,35,,15808,0,30 14,0,76,,15809,0,30 14,0,36,,15810,0,30 14,0,77,,15811,0,30 14,0,77,,15812,0,30 14,0,26,,15813,0,30 14,0,78,,15814,0,30 14,0,41,,15815,0,30 14,0,72,,15816,0,30 14,0,31,,15817,0,30 14,0,71,,15818,0,30 14,0,73,,15819,0,30 14,0,43,,15820,0,30 14,0,81,,15821,0,30 14,0,81,,15822,0,30 14,0,103,,15823,0,30 14,0,32,,15824,0,30 14,0,100,,15825,0,30 14,0,77,,15826,0,30,0
6100,'4744',541,,15857,,,0,77,,15855,,,0,14,,15858,,,0,20,,15859,,,0,60,,15861,,,0,19,,15865,,,0,19,,15872,,,0,69,,15874,,,0,18,,15867,0,30 14,0,80,,15856,0,30 14,0,36,,22363,0,30 14,0,64,,15871,0,30 14,0,36,,15863,0,30 14,0,88,,22364,0,30 14,0,76,,15869,0,30 14,0,35,,15864,0,30 14,0,74,,22365,0,30 14,0,79,,15873,0,30 14,0,30,,15868,0,30 14,0,80,,22366,0,30 14,0,33,,15875,0,30 14,0,67,,15891,0,30 14,0,15,,15876,0,30 14,0,26,,15879,0,30 14,0,79,,15883,0,30 14,0,69,,15878,0,30 14,0,25,,15877,0,30 14,0,28,,15882,0,30 14,0,72,,15884,0,30 14,0,30,,15880,0,30 14,0,70,,15881,0,30 14,0,95,,15885,0,30 14,0,81,,15886,0,30 14,0,104,,15887,0,30 14,0,32,,15888,0,30 14,0,100,,15889,0,30 14,0,74,,15890,0,30 14,0
6100,'4745',657,,15892,0,30 14,0,144,,15893,0,30 14,0,43,,15894,0,30 14,0,96,,15895,0,30 14,0,83,,15896,0,30 14,0,86,,15897,0,30 14,0,97,,15898,0,30 14,0,43,,15899,0,30 14,0,101,,15900,0,30 14,0,93,,15901,0,30 14,0,103,,15902,0,30 14,0,78,,15903,0,30 14,0,102,,15904,0,30 14,0,86,,15905,0,30 14,0,103,,15906,0,30 14,0,86,,15907,0,30 14,0,46,,15908,0,30 14,0,101,,15909,0,30 14,0,92,,15910,0,30 14,0,101,,15911,0,30 14,0,74,,15912,0,30,0
6100,'4947',541,,15915,,,0,77,,15913,,,0,14,,15916,,,0,20,,15917,,,0,60,,15919,,,0,19,,15923,,,0,19,,15930,,,0,69,,15932,,,0,18,,15925,0,30 14,0,80,,15914,0,30 14,0,36,,22367,0,30 14,0,64,,15929,0,30 14,0,36,,15921,0,30 14,0,88,,22368,0,30 14,0,76,,15927,0,30 14,0,35,,15922,0,30 14,0,74,,22369,0,30 14,0,79,,15931,0,30 14,0,30,,15926,0,30 14,0,80,,22370,0,30 14,0,33,,15933,0,30 14,0,67,,15949,0,30 14,0,15,,15934,0,30 14,0,26,,15937,0,30 14,0,79,,15941,0,30 14,0,69,,15936,0,30 14,0,25,,15935,0,30 14,0,28,,15940,0,30 14,0,72,,15942,0,30 14,0,30,,15938,0,30 14,0,70,,15939,0,30 14,0,95,,15943,0,30 14,0,81,,15944,0,30 14,0,104,,15945,0,30 14,0,32,,15946,0,30 14,0,100,,15947,0,30 14,0,74,,15948,0,30 14,0
6100,'4952',541,,15952,,,0,77,,15950,,,0,14,,15953,,,0,20,,15954,,,0,60,,15956,,,0,19,,15960,,,0,19,,15967,,,0,69,,15969,,,0,18,,15962,0,30 14,0,80,,15951,0,30 14,0,36,,22371,0,30 14,0,64,,15966,0,30 14,0,36,,15958,0,30 14,0,88,,22372,0,30 14,0,76,,15964,0,30 14,0,35,,15959,0,30 14,0,74,,22373,0,30 14,0,79,,15968,0,30 14,0,30,,15963,0,30 14,0,68,,15987,0,30 14,0,12,,22374,0,30 14,0,33,,15970,0,30 14,0,82,,15971,0,30 14,0,26,,15974,0,30 14,0,79,,15978,0,30 14,0,69,,15973,0,30 14,0,25,,15972,0,30 14,0,28,,15977,0,30 14,0,72,,15979,0,30 14,0,30,,15975,0,30 14,0,70,,15976,0,30 14,0,95,,15980,0,30 14,0,81,,15981,0,30 14,0,104,,15983,0,30 14,0,32,,15984,0,30 14,0,100,,15985,0,30 14,0,74,,15986,0,30 14,0,100,,15982,0,30,0
6100,'4953',654,,15989,0,30 14,0,99,,15990,0,30 14,0,82,,15988,0,30 14,0,98,,15991,0,30 14,0,95,,15992,0,30 14,0,82,,15993,0,30 14,0,35,,15994,0,30 14,0,88,,15995,0,30 14,0,75,,15996,0,30 14,0,35,,15997,0,30 14,0,76,,15998,0,30 14,0,36,,15999,0,30 14,0,77,,16000,0,30 14,0,77,,16001,0,30 14,0,26,,16002,0,30 14,0,78,,16003,0,30 14,0,41,,16004,0,30 14,0,72,,16005,0,30 14,0,31,,16006,0,30 14,0,71,,16007,0,30 14,0,73,,16008,0,30 14,0,43,,16009,0,30 14,0,81,,16010,0,30 14,0,81,,16011,0,30 14,0,103,,16012,0,30 14,0,32,,16013,0,30 14,0,100,,16014,0,30 14,0,77,,16015,0,30,0,99,,16016,0,30,0
6100,'4954',657,,16017,0,30 14,0,144,,16018,0,30 14,0,43,,16019,0,30 14,0,96,,16020,0,30 14,0,83,,16021,0,30 14,0,86,,16022,0,30 14,0,97,,16023,0,30 14,0,43,,16024,0,30 14,0,101,,16025,0,30 14,0,93,,16026,0,30 14,0,103,,16027,0,30 14,0,78,,16028,0,30 14,0,102,,16029,0,30 14,0,86,,16030,0,30 14,0,103,,16031,0,30 14,0,86,,16032,0,30 14,0,46,,16033,0,30 14,0,101,,16034,0,30 14,0,92,,16035,0,30 14,0,101,,16036,0,30 14,0,74,,16037,0,30,0
6400,'4744',740,,16287,,,0,507,,16289,,,0,580,,16291,,,0
6400,'4947',740,,16294,,,0,507,,16296,,,0,580,,16298,,,0
6400,'4952',740,,16301,,,0,507,,16303,,,0,580,,16305,,,0
