7201,'4623',557,,75253,34,,,0,80,,75243,34,,,0,70,,75254,34,,,0,32,,75245,34,,,0,72,,75230,34,,,0,21,,75231,34,,,0,27,,75252,34,,,0,70,,75258,34,,,0,30,,75236,34,,,0,70,,75251,34,,,0,30,,75244,34,,,0,73,,75227,34,,,0,70,,75255,34,,,0,30,,75242,34,,,0,71,,75234,34,,,0,30,,75228,34,,,0,70,,75229,34,,,0,31,,75235,34,,,0,71,,75233,34,,,0,30,,75259,34,,,0,71,,75232,34,,,0,27,,75237,34,,,0,70,,75241,34,,,0,31,,75239,34,,,0,70,,75240,34,,,0,28,,75238,34,,,0,70,,75260,34,,,0,29,,75247,34,,,0,70,,75248,34,,,0,30,,75246,34,,,0,70,,75249,34,,,0,30,,75250,34,,,0,97,,75257,34,,,0,99,,75256,34,,,0,99,,75261,34,,,0
7201,'4833',624,,75293,34,,,0,103,,75263,34,,,0,99,,75264,34,,,0,33,,75265,34,,,0,71,,75266,34,,,0,70,,75267,34,,,0,31,,75268,34,,,0,69,,75269,34,,,0,31,,75270,34,,,0,70,,75271,34,,,0,30,,75262,34,,,0,70,,75272,34,,,0,30,,75273,34,,,0,71,,75274,34,,,0,34,,75275,34,,,0,71,,75276,34,,,0,29,,75277,34,,,0,71,,75278,34,,,0,29,,75279,34,,,0,66,,75280,34,,,0,28,,75281,34,,,0,70,,75282,34,,,0,29,,75283,34,,,0,30,,75284,34,,,0,69,,75285,34,,,0,30,,75286,34,,,0,71,,75287,34,,,0,29,,75288,34,,,0,70,,75289,34,,,0,101,,75290,34,,,0,98,,75291,34,,,0,99,,75292,34,,,0
7201,'5015',624,,75325,34,,,0,103,,75295,34,,,0,99,,75296,34,,,0,33,,75297,34,,,0,71,,75298,34,,,0,70,,75299,34,,,0,31,,75300,34,,,0,69,,75301,34,,,0,31,,75302,34,,,0,70,,75303,34,,,0,30,,75294,34,,,0,70,,75304,34,,,0,30,,75305,34,,,0,71,,75306,34,,,0,34,,75307,34,,,0,71,,75308,34,,,0,29,,75309,34,,,0,71,,75310,34,,,0,29,,75311,34,,,0,66,,75312,34,,,0,28,,75313,34,,,0,70,,75314,34,,,0,29,,75315,34,,,0,30,,75316,34,,,0,69,,75317,34,,,0,30,,75318,34,,,0,71,,75319,34,,,0,29,,75320,34,,,0,70,,75321,34,,,0,101,,75322,34,,,0,98,,75323,34,,,0,99,,75324,34,,,0
7201,'5222',557,,75352,34,,,0,80,,75342,34,,,0,70,,75353,34,,,0,32,,75344,34,,,0,72,,75329,34,,,0,21,,75330,34,,,0,27,,75351,34,,,0,70,,75357,34,,,0,30,,75335,34,,,0,70,,75350,34,,,0,30,,75343,34,,,0,73,,75326,34,,,0,70,,75354,34,,,0,30,,75341,34,,,0,71,,75333,34,,,0,30,,75327,34,,,0,70,,75328,34,,,0,31,,75334,34,,,0,71,,75332,34,,,0,30,,75358,34,,,0,71,,75331,34,,,0,27,,75336,34,,,0,70,,75340,34,,,0,31,,75338,34,,,0,70,,75339,34,,,0,28,,75337,34,,,0,70,,75359,34,,,0,29,,75346,34,,,0,70,,75347,34,,,0,30,,75345,34,,,0,70,,75348,34,,,0,30,,75349,34,,,0,97,,75356,34,,,0,99,,75355,34,,,0,99,,75360,34,,,0
7201,'5365',726,,75362,34,,,0,100,,75363,34,,,0,100,,75364,34,,,0,105,,75365,34,,,0,100,,75367,34,,,0,70,,75368,34,,,0,30,,75361,34,,,0,69,,75366,34,,,0,30,,75369,34,,,0,70,,75371,34,,,0,30,,75372,34,,,0,71,,75373,34,,,0,30,,75370,34,,,0,70,,75374,34,,,0,29,,75375,34,,,0,70,,75376,34,,,0,34,,75377,34,,,0,68,,75378,34,,,0,32,,75379,34,,,0,70,,75380,34,,,0,30,,75382,34,,,0,69,,75381,34,,,0,30,,75383,34,,,0,70,,75384,34,,,0,30,,75385,34,,,0,95,,75386,34,,,0,99,,75387,34,,,0
7201,'5390',726,,75389,34,,,0,100,,75390,34,,,0,100,,75391,34,,,0,105,,75392,34,,,0,100,,75394,34,,,0,70,,75395,34,,,0,30,,75388,34,,,0,69,,75393,34,,,0,30,,75396,34,,,0,70,,75398,34,,,0,30,,75399,34,,,0,71,,75400,34,,,0,30,,75397,34,,,0,70,,75401,34,,,0,29,,75402,34,,,0,70,,75403,34,,,0,34,,75404,34,,,0,68,,75405,34,,,0,32,,75406,34,,,0,70,,75407,34,,,0,30,,75409,34,,,0,69,,75408,34,,,0,30,,75410,34,,,0,70,,75411,34,,,0,30,,75412,34,,,0,95,,75413,34,,,0,99,,75414,34,,,0
7500,'4623',610,,75417,63,4,,0,19,,75418,63,4,,0,20,,75419,63,4,,0,58,,75415,63,4,,0,18,,75420,63,4,,0,83,,75422,74,4,,0,12,,75423,63,4,,0,21,,75424,63,4,,0,89,,75426,65,4,,0,102,,75428,65,4,,0,97,,75430,65,4,,0,100,,75432,65,4,,0,100,,75434,65,4,,0,100,,75436,65,4,,0,100,,75438,65,4,,0,100,,75440,65,4,,0,100,,75442,74,4,,0,84,,75444,76,4,,0,11,,75445,74,4,,0,16,,75446,65,4,,0,87,,75448,65,4,,0,278,,75451,65,4,,0,99,,75452,63,4,,0,108,,75453,63,4,,0
7500,'4833',709,,75455,63,4,,0,522,,75460,65,4,,0,100,,75462,65,4,,0,95,,75464,65,4,,0,106,,75466,65,4,,0,101,,75468,65,4,,0,571,,75474,65,4,,0,101,,75475,63,4,,0,101,,75476,63,4,,0
7500,'5015',709,,75488,63,4,,0,522,,75493,65,4,,0,100,,75495,65,4,,0,95,,75497,65,4,,0,106,,75499,65,4,,0,101,,75501,65,4,,0,571,,75507,65,4,,0,101,,75508,63,4,,0,101,,75509,63,4,,0
7500,'5222',610,,75522,63,4,,0,19,,75523,63,4,,0,20,,75524,63,4,,0,58,,75520,63,4,,0,18,,75525,63,4,,0,83,,75527,74,4,,0,12,,75528,63,4,,0,21,,75529,63,4,,0,89,,75531,65,4,,0,102,,75533,65,4,,0,97,,75535,65,4,,0,100,,75537,65,4,,0,100,,75539,65,4,,0,100,,75541,65,4,,0,100,,75543,65,4,,0,100,,75545,65,4,,0,100,,75547,74,4,,0,84,,75549,76,4,,0,11,,75550,74,4,,0,16,,75551,65,4,,0,87,,75553,65,4,,0,278,,75556,65,4,,0,99,,75557,63,4,,0,108,,75558,63,4,,0
7500,'5365',702,,75559,63,4,,0,529,,75565,65,4,,0,101,,75567,65,4,,0,100,,75569,65,4,,0,100,,75571,65,4,,0,674,,75578,65,4,,0,129,,75579,63,4,,0
7500,'5390',702,,75588,63,4,,0,529,,75594,65,4,,0,101,,75596,65,4,,0,100,,75598,65,4,,0,100,,75600,65,4,,0,674,,75607,65,4,,0,129,,75608,63,4,,0
7501,'4623',531,,75617,1,,,0,70,,75618,1,,,0,22,,75619,1,,,0,18,,75620,1,,,0,62,,75621,1,,,0,26,,75622,1,,,0,17,,75623,1,,,0,56,,75624,1,,,0,30,,75625,1,,,0,70,,75626,1,,,0,39,,75627,1,,,0,70,,75628,1,,,0,33,,75629,1,,,0,68,,75630,1,,,0,30,,75631,1,,,0,70,,75632,1,,,0,30,,75633,1,,,0,70,,75634,1,,,0,30,,75635,1,,,0,69,,75636,1,,,0,31,,75637,1,,,0,59,,75653,1,,,0,12,,75638,1,,,0,19,,75639,1,,,0,14,,75640,1,,,0,10,,75641,1,,,0,60,,75643,1,,,0,28,,75644,1,,,0,68,,75645,1,,,0,30,,75646,1,,,0,99,,75647,1,,,0,98,,75648,1,,,0,100,,75649,1,,,0,99,,75650,1,,,0,95,,75651,1,0,28 29 14,0,99,,75652,1,0,28 29 14,0
7501,'4833',731,,75663,1,,,0,100,,75664,1,,,0,108,,75665,1,,,0,103,,75666,1,,,0,100,,75667,1,,,0,70,,75668,1,,,0,30,,75669,1,,,0,70,,75670,1,,,0,30,,75671,1,,,0,74,,75672,1,,,0,30,,75673,1,,,0,70,,75674,1,,,0,30,,75675,1,,,0,70,,75676,1,,,0,30,,75677,1,,,0,96,,75678,1,,,0,97,,75679,1,,,0,99,,75680,1,,,0,100,,75681,1,,,0,100,,75682,1,,,0,95,,75683,1,0,28 29 14,0,99,,75684,1,0,28 29 14,0
7501,'5015',731,,75699,1,,,0,100,,75700,1,,,0,108,,75701,1,,,0,103,,75702,1,,,0,100,,75703,1,,,0,70,,75704,1,,,0,30,,75705,1,,,0,70,,75706,1,,,0,30,,75707,1,,,0,74,,75708,1,,,0,30,,75709,1,,,0,70,,75710,1,,,0,30,,75711,1,,,0,70,,75712,1,,,0,30,,75713,1,,,0,96,,75714,1,,,0,97,,75715,1,,,0,99,,75716,1,,,0,100,,75717,1,,,0,100,,75718,1,,,0,95,,75719,1,0,28 29 14,0,99,,75720,1,0,28 29 14,0
7501,'5222',531,,75734,1,,,0,70,,75735,1,,,0,22,,75736,1,,,0,18,,75737,1,,,0,62,,75738,1,,,0,26,,75739,1,,,0,17,,75740,1,,,0,56,,75741,1,,,0,30,,75742,1,,,0,70,,75743,1,,,0,39,,75744,1,,,0,70,,75745,1,,,0,33,,75746,1,,,0,68,,75747,1,,,0,30,,75748,1,,,0,70,,75749,1,,,0,30,,75750,1,,,0,70,,75751,1,,,0,30,,75752,1,,,0,69,,75753,1,,,0,31,,75754,1,,,0,59,,75770,1,,,0,12,,75755,1,,,0,19,,75756,1,,,0,14,,75757,1,,,0,10,,75758,1,,,0,60,,75760,1,,,0,28,,75761,1,,,0,68,,75762,1,,,0,30,,75763,1,,,0,99,,75764,1,,,0,98,,75765,1,,,0,100,,75766,1,,,0,99,,75767,1,,,0,95,,75768,1,0,28 29 14,0,99,,75769,1,0,28 29 14,0
7501,'5365',729,,75780,1,0,28 29 14,0,103,,75781,1,,,0,105,,75782,1,,,0,101,,75783,1,,,0,102,,75784,1,,,0,71,,75785,1,,,0,30,,75786,1,,,0,70,,75787,1,,,0,30,,75788,1,,,0,70,,75789,1,,,0,31,,75790,1,,,0,70,,75791,1,,,0,30,,75792,1,,,0,100,,75793,1,,,0,102,,75794,1,,,0,100,,75795,1,,,0,100,,75796,1,,,0,99,,75797,1,,,0,100,,75798,1,,,0,90,,75799,1,0,28 29 14,0,112,,75800,1,0,28 29 14,0
7501,'5390',729,,75813,1,0,28 29 14,0,103,,75814,1,,,0,105,,75815,1,,,0,101,,75816,1,,,0,102,,75817,1,,,0,71,,75818,1,,,0,30,,75819,1,,,0,70,,75820,1,,,0,30,,75821,1,,,0,70,,75822,1,,,0,31,,75823,1,,,0,70,,75824,1,,,0,30,,75825,1,,,0,100,,75826,1,,,0,102,,75827,1,,,0,100,,75828,1,,,0,100,,75829,1,,,0,99,,75830,1,,,0,100,,75831,1,,,0,90,,75832,1,0,28 29 14,0,112,,75833,1,0,28 29 14,0
8101,'4623',554,,75931,26,4,,0,170,,75932,41,4,,0,33,,75933,26,4,,0,179,,75934,41,4,,0,103,,75935,41,4,,0,98,,75936,41,4,,0,100,,75937,41,4,,0,100,,75938,41,4,,0,100,,75939,41,4,,0,104,,75940,41,4,,0,98,,75941,41,4,,0,98,,75942,41,4,,0,99,,75943,41,4,,0,98,,75944,41,4,,0,100,,75945,41,4,,0,99,,75946,41,4,,0
8101,'4833',934,,75947,41,4,,0,103,,75948,41,4,,0,100,,75949,41,4,,0,100,,75950,41,4,,0,100,,75951,41,4,,0,104,,75952,41,4,,0,100,,75953,41,4,,0,100,,75954,41,4,,0,96,,75955,41,4,,0,97,,75956,41,4,,0,99,,75957,41,4,,0,100,,75958,41,4,,0,100,,75959,41,4,,0
8101,'5015',934,,75960,41,4,,0,103,,75961,41,4,,0,100,,75962,41,4,,0,100,,75963,41,4,,0,100,,75964,41,4,,0,104,,75965,41,4,,0,100,,75966,41,4,,0,100,,75967,41,4,,0,96,,75968,41,4,,0,97,,75969,41,4,,0,99,,75970,41,4,,0,100,,75971,41,4,,0,100,,75972,41,4,,0
8101,'5222',554,,75973,26,4,,0,170,,75974,41,4,,0,33,,75975,26,4,,0,179,,75976,41,4,,0,103,,75977,41,4,,0,98,,75978,41,4,,0,100,,75979,41,4,,0,100,,75980,41,4,,0,100,,75981,41,4,,0,104,,75982,41,4,,0,98,,75983,41,4,,0,98,,75984,41,4,,0,99,,75985,41,4,,0,98,,75986,41,4,,0,100,,75987,41,4,,0,99,,75988,41,4,,0
8101,'5365',932,,75989,41,4,,0,101,,75990,41,4,,0,102,,75991,41,4,,0,101,,75992,41,4,,0,100,,75993,41,4,,0,101,,75994,41,4,,0,100,,75995,41,4,,0,100,,75996,41,4,,0,102,,75997,41,4,,0,100,,75998,41,4,,0,100,,75999,41,4,,0,99,,76000,41,4,,0,100,,76001,41,4,,0
8101,'5390',932,,76002,41,4,,0,101,,76003,41,4,,0,102,,76004,41,4,,0,101,,76005,41,4,,0,100,,76006,41,4,,0,101,,76007,41,4,,0,100,,76008,41,4,,0,100,,76009,41,4,,0,102,,76010,41,4,,0,100,,76011,41,4,,0,100,,76012,41,4,,0,99,,76013,41,4,,0,100,,76014,41,4,,0
