6100,'5036',525,,46009,26,,,0,34,,46007,26,,,0,53,,46010,26,,,0,20,,46011,26,,,0,20,,46013,26,,,0,59,,46017,26,,,0,19,,46024,26,,,0,28,,46026,26,,,0,60,,46019,8,0,30 14,0,41,,46008,8,0,30 14,0,76,,46012,8,0,30 14,0,24,,46023,8,0,30 14,0,76,,46015,8,0,30 14,0,88,,46014,8,0,30 14,0,36,,46021,8,0,30 14,0,75,,46016,8,0,30 14,0,74,,46018,8,0,30 14,0,39,,46025,8,0,30 14,0,69,,46020,8,0,30 14,0,39,,46022,8,0,30 14,0,72,,46027,8,0,30 14,0,83,,46028,8,0,30 14,0,27,,46030,8,0,30 14,0,79,,46034,8,0,30 14,0,30,,46029,8,0,30 14,0,93,,46033,8,0,30 14,0,72,,46035,8,0,30 14,0,31,,46031,8,0,30 14,0,70,,46032,8,0,30 14,0,95,,46036,8,0,30 14,0,41,,46037,8,0,30 14,0,104,,46038,8,0,30 14,0,73,,46039,8,0,30 14,0,100,,46040,8,0,30 14,0,75,,46041,8,0,30 14,0
6100,'5040',525,,46044,26,,,0,34,,46042,26,,,0,53,,46045,26,,,0,20,,46046,26,,,0,20,,46048,26,,,0,59,,46052,26,,,0,19,,46059,26,,,0,28,,46061,26,,,0,60,,46054,8,0,30 14,0,41,,46043,8,0,30 14,0,76,,46047,8,0,30 14,0,24,,46058,8,0,30 14,0,76,,46050,8,0,30 14,0,88,,46049,8,0,30 14,0,36,,46056,8,0,30 14,0,75,,46051,8,0,30 14,0,74,,46053,8,0,30 14,0,39,,46060,8,0,30 14,0,69,,46055,8,0,30 14,0,27,,46079,8,0,30 14,0,12,,46057,8,0,30 14,0,72,,46062,8,0,30 14,0,83,,46063,8,0,30 14,0,27,,46066,8,0,30 14,0,79,,46070,8,0,30 14,0,30,,46065,8,0,30 14,0,65,,46064,8,0,30 14,0,28,,46069,8,0,30 14,0,72,,46071,8,0,30 14,0,31,,46067,8,0,30 14,0,70,,46068,8,0,30 14,0,95,,46072,8,0,30 14,0,41,,46073,8,0,30 14,0,104,,46075,8,0,30 14,0,73,,46076,8,0,30 14,0,100,,46077,8,0,30 14,0,75,,46078,8,0,30 14,0,100,,46074,8,0,30,0
6100,'5041',636,,46081,8,0,30 14,0,99,,46082,8,0,30 14,0,82,,46080,8,0,30 14,0,97,,46083,8,0,30 14,0,95,,46084,8,0,30 14,0,42,,46085,8,0,30 14,0,75,,46086,8,0,30 14,0,87,,46087,8,0,30 14,0,35,,46088,8,0,30 14,0,75,,46089,8,0,30 14,0,36,,46090,8,0,30 14,0,77,,46091,8,0,30 14,0,77,,46092,8,0,30 14,0,37,,46093,8,0,30 14,0,66,,46094,8,0,30 14,0,38,,46095,8,0,30 14,0,81,,46096,8,0,30 14,0,72,,46097,8,0,30 14,0,31,,46098,8,0,30 14,0,71,,46099,8,0,30 14,0,33,,46100,8,0,30 14,0,83,,46101,8,0,30 14,0,81,,46102,8,0,30 14,0,41,,46103,8,0,30 14,0,104,,46104,8,0,30 14,0,73,,46105,8,0,30 14,0,100,,46106,8,0,30 14,0,78,,46107,8,0,30,0,100,,46108,8,0,30,0
6100,'5075',1811,,46109,8,0,30 14,0
6100,'5076',1811,,46110,8,0,30 14,0
6100,'5078',640,,46111,8,0,30 14,0,104,,46112,8,0,30 14,0,83,,46113,8,0,30 14,0,95,,46114,8,0,30 14,0,82,,46115,8,0,30 14,0,46,,46116,8,0,30 14,0,97,,46117,8,0,30 14,0,82,,46118,8,0,30 14,0,101,,46119,8,0,30 14,0,94,,46120,8,0,30 14,0,103,,46121,8,0,30 14,0,79,,46122,8,0,30 14,0,102,,46123,8,0,30 14,0,46,,46124,8,0,30 14,0,103,,46125,8,0,30 14,0,86,,46126,8,0,30 14,0,86,,46127,8,0,30 14,0,101,,46128,8,0,30 14,0,94,,46129,8,0,30 14,0,101,,46130,8,0,30 14,0,75,,46131,8,0,30,0
6100,'5079',640,,46132,8,0,30 14,0,104,,46133,8,0,30 14,0,83,,46134,8,0,30 14,0,95,,46135,8,0,30 14,0,82,,46136,8,0,30 14,0,46,,46137,8,0,30 14,0,97,,46138,8,0,30 14,0,82,,46139,8,0,30 14,0,101,,46140,8,0,30 14,0,94,,46141,8,0,30 14,0,103,,46142,8,0,30 14,0,79,,46143,8,0,30 14,0,102,,46144,8,0,30 14,0,46,,46145,8,0,30 14,0,103,,46146,8,0,30 14,0,86,,46147,8,0,30 14,0,86,,46148,8,0,30 14,0,101,,46149,8,0,30 14,0,94,,46150,8,0,30 14,0,101,,46151,8,0,30 14,0,75,,46152,8,0,30,0
6400,'5036',855,,46307,8,0,32 33,0,295,,46308,23,,,0,372,,46309,23,0,32 33,0,208,,46310,8,,,0
6400,'5040',855,,46314,8,0,32 33,0,295,,46315,23,,,0,372,,46316,23,0,32 33,0,208,,46317,8,,,0
6500,'5036',543,,46333,17,,,0,94,,46335,17,,,0,21,,46336,17,,,0,83,,46334,17,,,0
6500,'5040',543,,46337,17,,,0,94,,46339,17,,,0,21,,46340,17,,,0,83,,46338,17,,,0
