2500,'4487',744,,8792,,,0,109,,8790,,,0,154,,8794,,,0,101,,8788,,,0,100,,8786,,,0,98,,8787,,,0,100,,8789,,,0,99,,8793,,,0,100,,8791,,,0,101,,8795,,,0,102,,8796,,,0,124,,8797,,,0,121,,8798,,,0,169,,8799,,,0,130,,8800,0,5,0
2500,'4743',744,,8807,,,0,109,,8805,,,0,154,,8809,,,0,101,,8803,,,0,100,,8801,,,0,98,,8802,,,0,100,,8804,,,0,99,,8808,,,0,100,,8806,,,0,101,,8810,,,0,102,,8811,,,0,124,,8812,,,0,121,,8813,,,0,169,,8814,,,0,130,,8815,0,5,0
2500,'4744',600,,8826,,,0,35,,8818,,,0,71,,8816,,,0,38,,8817,,,0,69,,8824,,,0,95,,8823,,,0,104,,8821,,,0,101,,8819,,,0,100,,8820,,,0,98,,8827,,,0,100,,8822,,,0,97,,8825,,,0,44,,8829,,,0,81,,8828,,,0,98,,8830,,,0,102,,8831,,,0,100,,8832,,,0,121,,8833,,,0,167,,8834,,,0,132,,8835,0,5,0
2500,'4745',735,,8838,,,0,168,,8836,,,0,129,,8837,,,0,170,,8839,,,0,132,,8840,,,0,169,,8841,,,0,133,,8842,,,0,169,,8843,,,0,130,,8844,,,0,120,,8845,,,0,168,,8846,,,0
2500,'4870',600,,8856,,,0,35,,8849,,,0,71,,8847,,,0,38,,8848,,,0,69,,8855,,,0,95,,8854,,,0,104,,8852,,,0,101,,8850,,,0,100,,8851,,,0,98,,8857,,,0,100,,8853,,,0,141,,8859,,,0,81,,8858,,,0,98,,8860,,,0,102,,8861,,,0,100,,8862,,,0,121,,8863,,,0,167,,8864,,,0,132,,8865,0,5,0
2500,'4872',1508,,8866,,,0
2500,'4873',1508,,8867,,,0
2500,'4875',600,,8878,,,0,35,,8870,,,0,71,,8868,,,0,38,,8869,,,0,69,,8876,,,0,95,,8875,,,0,104,,8873,,,0,101,,8871,,,0,100,,8872,,,0,98,,8879,,,0,100,,8874,,,0,97,,8877,,,0,44,,8881,,,0,81,,8880,,,0,98,,8882,,,0,102,,8883,,,0,100,,8884,,,0,121,,8885,,,0,167,,8886,,,0,132,,8887,0,5,0
2500,'4876',744,,8894,,,0,109,,8892,,,0,154,,8896,,,0,101,,8890,,,0,100,,8888,,,0,98,,8889,,,0,100,,8891,,,0,99,,8895,,,0,100,,8893,,,0,101,,8897,,,0,102,,8898,,,0,124,,8899,,,0,121,,8900,,,0,169,,8901,,,0,130,,8902,0,5,0
2500,'4877',735,,8905,,,0,168,,8903,,,0,129,,8904,,,0,170,,8906,,,0,132,,8907,,,0,169,,8908,,,0,133,,8909,,,0,169,,8910,,,0,130,,8911,,,0,120,,8912,,,0,168,,8913,,,0
4001,'4487',651,,13431,,,0,168,,13434,,,0,102,,13422,,,0,100,,13424,,,0,101,,13430,,,0,101,,13432,,,0,100,,13423,,,0,100,,13425,,,0,100,,13428,,,0,100,,13433,,,0,100,,13426,,,0,98,,13427,,,0,99,,13429,,,0,97,,13435,,,0,130,,13436,,,0
4001,'4743',651,,13446,,,0,168,,13449,,,0,102,,13437,,,0,100,,13439,,,0,101,,13445,,,0,101,,13447,,,0,100,,13438,,,0,100,,13440,,,0,100,,13443,,,0,100,,13448,,,0,100,,13441,,,0,98,,13442,,,0,99,,13444,,,0,97,,13450,,,0,130,,13451,,,0
4001,'4744',617,,13466,,,0,96,,13460,,,0,30,,13468,,,0,94,,13454,,,0,97,,13464,,,0,100,,13455,,,0,100,,13463,,,0,102,,13456,,,0,101,,13465,,,0,101,,13457,,,0,111,,13467,,,0,76,,13452,,,0,34,,13459,,,0,70,,13453,,,0,73,,13470,,,0,44,,13458,,,0,97,,13469,,,0,95,,13461,,,0,164,,13462,,,0
4001,'4745',747,,13472,,,0,173,,13471,,,0,101,,13473,,,0,100,,13474,,,0,102,,13476,,,0,100,,13475,,,0,100,,13480,,,0,100,,13478,,,0,100,,13479,,,0,99,,13477,,,0,98,,13482,,,0,99,,13481,,,0,98,,13483,,,0
4001,'4870',617,,13498,,,0,96,,13492,,,0,30,,13500,,,0,94,,13486,,,0,97,,13496,,,0,100,,13487,,,0,100,,13495,,,0,102,,13488,,,0,101,,13497,,,0,101,,13489,,,0,111,,13499,,,0,76,,13484,,,0,34,,13491,,,0,70,,13485,,,0,73,,13502,,,0,44,,13490,,,0,97,,13501,,,0,95,,13493,,,0,164,,13494,,,0
4001,'4875',617,,13517,,,0,96,,13511,,,0,30,,13519,,,0,94,,13505,,,0,97,,13515,,,0,100,,13506,,,0,100,,13514,,,0,102,,13507,,,0,101,,13516,,,0,101,,13508,,,0,111,,13518,,,0,76,,13503,,,0,34,,13510,,,0,70,,13504,,,0,73,,13521,,,0,44,,13509,,,0,97,,13520,,,0,95,,13512,,,0,164,,13513,,,0
4001,'4876',651,,13531,,,0,168,,13534,,,0,102,,13522,,,0,100,,13524,,,0,101,,13530,,,0,101,,13532,,,0,100,,13523,,,0,100,,13525,,,0,100,,13528,,,0,100,,13533,,,0,100,,13526,,,0,98,,13527,,,0,99,,13529,,,0,97,,13535,,,0,130,,13536,,,0
4001,'4877',747,,13538,,,0,173,,13537,,,0,101,,13539,,,0,100,,13540,,,0,102,,13542,,,0,100,,13541,,,0,100,,13546,,,0,100,,13544,,,0,100,,13545,,,0,99,,13543,,,0,98,,13548,,,0,99,,13547,,,0,98,,13549,,,0
4600,'4744',619,,13571,,,0,19,,13559,,,0,71,,13572,,,0,30,,13560,,,0,76,,13561,,,0,97,,13562,,,0,94,,13566,,,0,339,,13563,,,0,111,,13564,,,0,74,,13565,,,0,77,,13570,,,0,95,,13567,,,0,28,,13568,,,0,87,,13569,,,0
4600,'4870',619,,13585,,,0,19,,13573,,,0,71,,13586,,,0,30,,13574,,,0,76,,13575,,,0,97,,13576,,,0,94,,13580,,,0,339,,13577,,,0,111,,13578,,,0,74,,13579,,,0,77,,13584,,,0,95,,13581,,,0,28,,13582,,,0,87,,13583,,,0
4600,'4875',619,,13599,,,0,19,,13587,,,0,71,,13600,,,0,30,,13588,,,0,76,,13589,,,0,97,,13590,,,0,94,,13594,,,0,339,,13591,,,0,111,,13592,,,0,74,,13593,,,0,77,,13598,,,0,95,,13595,,,0,28,,13596,,,0,87,,13597,,,0
