700,'5036',602,,38410,12,0,5,0,27,,38408,12,0,5,0,17,,38421,12,0,5,0,54,,38404,12,0,5,0,15,,38415,12,0,5,0,13,,38394,12,0,5,0,17,,38425,12,0,5,0,55,,38401,12,0,5,0,20,,38411,12,0,5,0,18,,38395,12,0,5,0,18,,38399,12,0,5,0,66,,38413,12,0,5,0,26,,38433,12,0,5,0,70,,38430,12,0,5,0,30,,38431,12,0,5,0,70,,38407,12,0,5,0,30,,38434,12,0,5,0,70,,38429,12,0,5,0,30,,38428,12,0,5,0,71,,38432,12,0,5,0,30,,38406,12,0,5,0,69,,38417,12,0,5,0,19,,38396,12,0,5,0,19,,38409,12,0,5,0,54,,38435,12,0,5,0,6,,38402,12,0,5,0,20,,38427,12,0,5,0,17,,38397,12,0,5,0,58,,38416,12,0,5,0,18,,38405,12,0,5,0,19,,38398,12,0,5,0,59,,38412,12,0,5,0,19,,38403,12,0,5,0,16,,38418,12,0,5,0,58,,38400,12,0,5,0,16,,38424,12,0,5,0,31,,38420,12,0,5,0,70,,38422,12,0,5,0,33,,38414,12,0,5,0,69,,38423,12,0,5,0,30,,38426,12,0,5,0,71,,38419,12,0,5,0
700,'5040',602,,38452,12,0,5,0,27,,38450,12,0,5,0,17,,38463,12,0,5,0,54,,38446,12,0,5,0,15,,38457,12,0,5,0,13,,38436,12,0,5,0,17,,38467,12,0,5,0,55,,38443,12,0,5,0,20,,38453,12,0,5,0,18,,38437,12,0,5,0,18,,38441,12,0,5,0,66,,38455,12,0,5,0,26,,38475,12,0,5,0,70,,38472,12,0,5,0,30,,38473,12,0,5,0,70,,38449,12,0,5,0,30,,38476,12,0,5,0,70,,38471,12,0,5,0,30,,38470,12,0,5,0,71,,38474,12,0,5,0,30,,38448,12,0,5,0,69,,38459,12,0,5,0,19,,38438,12,0,5,0,19,,38451,12,0,5,0,54,,38477,12,0,5,0,6,,38444,12,0,5,0,20,,38469,12,0,5,0,17,,38439,12,0,5,0,58,,38458,12,0,5,0,18,,38447,12,0,5,0,19,,38440,12,0,5,0,59,,38454,12,0,5,0,19,,38445,12,0,5,0,16,,38460,12,0,5,0,58,,38442,12,0,5,0,16,,38466,12,0,5,0,31,,38462,12,0,5,0,70,,38464,12,0,5,0,33,,38456,12,0,5,0,69,,38465,12,0,5,0,30,,38468,12,0,5,0,71,,38461,12,0,5,0
700,'5041',649,,38499,12,0,5,0,85,,38506,12,0,5,0,80,,38489,12,0,5,0,29,,38500,12,0,5,0,79,,38481,12,0,5,0,29,,38501,12,0,5,0,70,,38484,12,0,5,0,31,,38492,12,0,5,0,70,,38478,12,0,5,0,31,,38479,12,0,5,0,70,,38502,12,0,5,0,30,,38485,12,0,5,0,70,,38493,12,0,5,0,28,,38480,12,0,5,0,72,,38482,12,0,5,0,30,,38503,12,0,5,0,70,,38486,12,0,5,0,31,,38494,12,0,5,0,70,,38483,12,0,5,0,30,,38488,12,0,5,0,71,,38504,12,0,5,0,30,,38487,12,0,5,0,68,,38496,12,0,5,0,29,,38491,12,0,5,0,68,,38490,12,0,5,0,31,,38505,12,0,5,0,70,,38495,12,0,5,0,28,,38497,12,0,5,0,70,,38498,12,0,5,0
700,'5078',715,,38523,12,0,5,0,35,,38525,12,0,5,0,84,,38511,12,0,5,0,77,,38524,12,0,5,0,41,,38526,12,0,5,0,70,,38507,12,0,5,0,30,,38512,12,0,5,0,70,,38514,12,0,5,0,29,,38509,12,0,5,0,71,,38513,12,0,5,0,30,,38510,12,0,5,0,70,,38508,12,0,5,0,30,,38515,12,0,5,0,70,,38516,12,0,5,0,30,,38517,12,0,5,0,70,,38518,12,0,5,0,30,,38520,12,0,5,0,70,,38519,12,0,5,0,30,,38522,12,0,5,0,70,,38521,12,0,5,0,30,,38527,12,0,5,0,69,,38530,12,0,5,0,30,,38529,12,0,5,0,70,,38528,12,0,5,0,30,,38532,12,0,5,0,71,,38531,12,0,5,0
700,'5079',715,,38549,12,0,5,0,35,,38551,12,0,5,0,84,,38537,12,0,5,0,77,,38550,12,0,5,0,41,,38552,12,0,5,0,70,,38533,12,0,5,0,30,,38538,12,0,5,0,70,,38540,12,0,5,0,29,,38535,12,0,5,0,71,,38539,12,0,5,0,30,,38536,12,0,5,0,70,,38534,12,0,5,0,30,,38541,12,0,5,0,70,,38542,12,0,5,0,30,,38543,12,0,5,0,70,,38544,12,0,5,0,30,,38546,12,0,5,0,70,,38545,12,0,5,0,30,,38548,12,0,5,0,70,,38547,12,0,5,0,30,,38553,12,0,5,0,69,,38556,12,0,5,0,30,,38555,12,0,5,0,70,,38554,12,0,5,0,30,,38558,12,0,5,0,71,,38557,12,0,5,0
14000700,'5036',2148,,48747,12,0,5,0,70,,48750,12,0,5,0,32,,48748,12,0,5,0,69,,48749,12,0,5,0,31,,48751,12,0,5,0,70,,48752,12,0,5,0
14000700,'5040',2148,,48753,12,0,5,0,70,,48756,12,0,5,0,32,,48754,12,0,5,0,69,,48755,12,0,5,0,31,,48757,12,0,5,0,70,,48758,12,0,5,0
14000700,'5041',2147,,48759,12,0,5,0,74,,48760,12,0,5,0,30,,48761,12,0,5,0,69,,48762,12,0,5,0,30,,48763,12,0,5,0,72,,48764,12,0,5,0
14000700,'5078',2050,,48765,12,0,5,0,71,,48766,12,0,5,0,30,,48767,12,0,5,0,100,,48768,12,0,5,0,99,,48769,12,0,5,0
14000700,'5079',2050,,48770,12,0,5,0,71,,48771,12,0,5,0,30,,48772,12,0,5,0,100,,48773,12,0,5,0,99,,48774,12,0,5,0
