4801,'4623',1702,,72852,25,,,0,23,,72854,25,,,0,27,,72853,25,,,0
4801,'5222',1702,,72855,25,,,0,23,,72857,25,,,0,27,,72856,25,,,0
5201,'4623',504,,73154,7,,,0,35,,73163,7,,,0,76,,73174,7,,,0,38,,73155,7,,,0,68,,73148,7,,,0,25,,73164,7,,,0,72,,73149,7,,,0,24,,73175,7,,,0,75,,73158,7,,,0,35,,73165,7,,,0,70,,73150,7,,,0,30,,73177,7,,,0,67,,73157,7,,,0,35,,73167,7,,,0,74,,73151,7,,,0,30,,73176,7,,,0,70,,73156,7,,,0,30,,73166,7,,,0,69,,73168,7,,,0,30,,73152,7,,,0,66,,73178,7,,,0,33,,73159,7,,,0,78,,73169,7,,,0,25,,73170,7,,,0,65,,73153,7,,,0,22,,73179,7,,,0,70,,73160,7,,,0,30,,73172,7,,,0,70,,73171,7,,,0,33,,73180,7,,,0,69,,73161,7,,,0,28,,73173,7,,,0,68,,73162,7,0,38 3 39 49,0,34,,73181,7,,,0,98,,73182,7,,,0,99,,73183,7,,,0
5201,'4833',645,,73193,7,,,0,70,,73203,7,,,0,30,,73201,7,,,0,71,,73184,7,,,0,30,,73191,7,,,0,70,,73210,7,,,0,30,,73188,7,,,0,70,,73185,7,,,0,30,,73192,7,,,0,70,,73211,7,,,0,30,,73189,7,,,0,70,,73186,7,,,0,35,,73195,7,,,0,70,,73213,7,,,0,35,,73190,7,,,0,75,,73200,7,,,0,75,,73194,7,,,0,30,,73212,7,,,0,70,,73187,7,,,0,30,,73198,7,,,0,65,,73206,7,,,0,25,,73197,7,,,0,25,,73202,7,,,0,65,,73199,7,,,0,30,,73196,7,,,0,70,,73209,7,,,0,32,,73204,7,,,0,70,,73208,7,,,0,30,,73205,7,,,0,65,,73207,7,0,38 3 39 49,0,30,,73214,7,,,0,103,,73215,7,,,0,100,,73216,7,,,0
5201,'5015',645,,73226,7,,,0,70,,73236,7,,,0,30,,73234,7,,,0,71,,73217,7,,,0,30,,73224,7,,,0,70,,73243,7,,,0,30,,73221,7,,,0,70,,73218,7,,,0,30,,73225,7,,,0,70,,73244,7,,,0,30,,73222,7,,,0,70,,73219,7,,,0,35,,73228,7,,,0,70,,73246,7,,,0,35,,73223,7,,,0,75,,73233,7,,,0,75,,73227,7,,,0,30,,73245,7,,,0,70,,73220,7,,,0,30,,73231,7,,,0,65,,73239,7,,,0,25,,73230,7,,,0,25,,73235,7,,,0,65,,73232,7,,,0,30,,73229,7,,,0,70,,73242,7,,,0,32,,73237,7,,,0,70,,73241,7,,,0,30,,73238,7,,,0,65,,73240,7,0,38 3 39 49,0,30,,73247,7,,,0,103,,73248,7,,,0,100,,73249,7,,,0
5201,'5222',504,,73256,7,,,0,35,,73265,7,,,0,76,,73276,7,,,0,38,,73257,7,,,0,68,,73250,7,,,0,25,,73266,7,,,0,72,,73251,7,,,0,24,,73277,7,,,0,75,,73260,7,,,0,35,,73267,7,,,0,70,,73252,7,,,0,30,,73279,7,,,0,67,,73259,7,,,0,35,,73269,7,,,0,74,,73253,7,,,0,30,,73278,7,,,0,70,,73258,7,,,0,30,,73268,7,,,0,69,,73270,7,,,0,30,,73254,7,,,0,66,,73280,7,,,0,33,,73261,7,,,0,78,,73271,7,,,0,25,,73272,7,,,0,65,,73255,7,,,0,22,,73281,7,,,0,70,,73262,7,,,0,30,,73274,7,,,0,70,,73273,7,,,0,33,,73282,7,,,0,69,,73263,7,,,0,28,,73275,7,,,0,68,,73264,7,0,38 3 39 49,0,34,,73283,7,,,0,98,,73284,7,,,0,99,,73285,7,,,0
5201,'5365',715,,73291,7,,,0,30,,73307,7,,,0,70,,73299,7,,,0,31,,73287,7,,,0,70,,73294,7,,,0,30,,73301,7,,,0,70,,73296,7,,,0,30,,73288,7,,,0,70,,73293,7,,,0,30,,73302,7,,,0,70,,73298,7,,,0,35,,73286,7,,,0,70,,73292,7,,,0,35,,73305,7,,,0,75,,73297,7,,,0,75,,73312,7,,,0,30,,73290,7,,,0,70,,73304,7,,,0,30,,73295,7,,,0,70,,73300,7,,,0,30,,73289,7,,,0,70,,73303,7,,,0,40,,73306,7,,,0,100,,73308,7,,,0,100,,73309,7,,,0,100,,73310,7,,,0,100,,73311,7,,,0
5201,'5390',715,,73318,7,,,0,30,,73334,7,,,0,70,,73326,7,,,0,31,,73314,7,,,0,70,,73321,7,,,0,30,,73328,7,,,0,70,,73323,7,,,0,30,,73315,7,,,0,70,,73320,7,,,0,30,,73329,7,,,0,70,,73325,7,,,0,35,,73313,7,,,0,70,,73319,7,,,0,35,,73332,7,,,0,75,,73324,7,,,0,75,,73339,7,,,0,30,,73317,7,,,0,70,,73331,7,,,0,30,,73322,7,,,0,70,,73327,7,,,0,30,,73316,7,,,0,70,,73330,7,,,0,40,,73333,7,,,0,100,,73335,7,,,0,100,,73336,7,,,0,100,,73337,7,,,0,100,,73338,7,,,0
5401,'4623',536,,73486,8,,,0,169,,73489,8,,,0,130,,73490,8,,,0,217,,73491,8,,,0,198,,73487,8,,,0,171,,73492,8,,,0,105,,73488,8,,,0,185,,73493,8,,,0,191,,73494,8,,,0,200,,73495,8,,,0
5401,'4833',731,,73499,8,,,0,201,,73496,8,,,0,210,,73497,8,,,0,205,,73498,8,,,0,210,,73502,8,,,0,250,,73501,8,,,0,225,,73500,8,,,0
5401,'5015',731,,73509,8,,,0,201,,73506,8,,,0,210,,73507,8,,,0,205,,73508,8,,,0,210,,73505,8,,,0,250,,73504,8,,,0,225,,73503,8,,,0
5401,'5222',536,,73510,8,,,0,169,,73513,8,,,0,130,,73514,8,,,0,217,,73515,8,,,0,198,,73511,8,,,0,171,,73516,8,,,0,105,,73512,8,,,0,185,,73517,8,,,0,191,,73518,8,,,0,200,,73519,8,,,0
5401,'5365',731,,73522,8,,,0,201,,73523,8,,,0,210,,73520,8,,,0,205,,73521,8,,,0,210,,73524,8,,,0,250,,73526,8,,,0,225,,73525,8,,,0
5401,'5390',731,,73529,8,,,0,201,,73530,8,,,0,210,,73527,8,,,0,205,,73528,8,,,0,210,,73531,8,,,0,250,,73533,8,,,0,225,,73532,8,,,0
5501,'4623',634,,73582,8,,,0,168,,73583,8,,,0,205,,73588,8,,,0,136,,73584,8,,,0,200,,73585,8,,,0,106,,73586,8,,,0,195,,73587,8,,,0,194,,73590,8,,,0,194,,73589,8,,,0
5501,'4833',837,,73595,8,,,0,211,,73592,8,,,0,205,,73593,8,,,0,206,,73594,8,,,0,250,,73591,8,,,0,204,,73596,8,,,0
5501,'5015',837,,73602,8,,,0,211,,73599,8,,,0,205,,73600,8,,,0,206,,73601,8,,,0,250,,73597,8,,,0,204,,73598,8,,,0
5501,'5222',634,,73603,8,,,0,168,,73604,8,,,0,205,,73609,8,,,0,136,,73605,8,,,0,200,,73606,8,,,0,106,,73607,8,,,0,195,,73608,8,,,0,194,,73611,8,,,0,194,,73610,8,,,0
5501,'5365',837,,73612,8,,,0,211,,73614,8,,,0,205,,73615,8,,,0,205,,73613,8,,,0,250,,73617,8,,,0,204,,73616,8,,,0
5501,'5390',837,,73618,8,,,0,211,,73620,8,,,0,205,,73621,8,,,0,205,,73619,8,,,0,250,,73623,8,,,0,204,,73622,8,,,0
6101,'4623',1548,,74595,25,,,0,76,,74581,25,,,0,34,,74564,25,,,0,63,,74566,25,,,0,12,,74563,25,,,0,22,,74569,25,,,0,75,,74568,25,,,0
6101,'5222',1548,,74687,25,,,0,76,,74674,25,,,0,34,,74657,25,,,0,63,,74659,25,,,0,12,,74656,25,,,0,22,,74662,25,,,0,75,,74661,25,,,0
