2501,'4623',649,,69488,54,,,0,80,,69489,54,,,0,79,,69506,54,0,53 54,0,40,,69493,54,,,0,111,,69491,54,,,0,143,,69490,54,,,0,100,,69492,54,,,0,98,,69495,54,,,0,100,,69496,54,,,0,112,,69494,54,,,0,93,,69497,54,,,0,99,,69502,54,,,0,38,,69498,54,,,0,83,,69499,54,,,0,83,,69500,54,,,0,93,,69501,54,,,0,103,,69503,54,,,0,131,,69504,54,,,0,168,,69505,54,,,0
2501,'4833',752,,69510,54,,,0,100,,69507,54,,,0,106,,69509,54,,,0,143,,69508,54,,,0,99,,69516,54,,,0,55,,69513,54,,,0,100,,69512,54,,,0,99,,69511,54,,,0,100,,69514,54,,,0,101,,69515,54,,,0,158,,69517,54,,,0,127,,69518,54,,,0,165,,69519,54,,,0,129,,69520,54,,,0,170,,69521,54,,,0
2501,'5015',752,,69525,54,,,0,100,,69522,54,,,0,106,,69524,54,,,0,143,,69523,54,,,0,99,,69531,54,,,0,55,,69528,54,,,0,100,,69527,54,,,0,99,,69526,54,,,0,100,,69529,54,,,0,101,,69530,54,,,0,158,,69532,54,,,0,127,,69533,54,,,0,165,,69534,54,,,0,129,,69535,54,,,0,170,,69536,54,,,0
2501,'5222',649,,69537,54,,,0,80,,69538,54,,,0,79,,69555,54,0,53 54,0,40,,69542,54,,,0,111,,69540,54,,,0,143,,69539,54,,,0,100,,69541,54,,,0,98,,69544,54,,,0,100,,69545,54,,,0,112,,69543,54,,,0,93,,69546,54,,,0,99,,69551,54,,,0,38,,69547,54,,,0,83,,69548,54,,,0,83,,69549,54,,,0,93,,69550,54,,,0,103,,69552,54,,,0,131,,69553,54,,,0,168,,69554,54,,,0
2501,'5365',908,,69557,54,,,0,131,,69556,54,,,0,170,,69558,54,,,0,131,,69559,54,,,0,172,,69560,54,,,0,131,,69561,54,,,0,167,,69562,54,,,0,129,,69563,54,,,0,169,,69564,54,,,0,125,,69565,54,,,0,169,,69566,54,,,0
2501,'5390',908,,69568,54,,,0,131,,69567,54,,,0,170,,69569,54,,,0,131,,69570,54,,,0,172,,69571,54,,,0,131,,69572,54,,,0,167,,69573,54,,,0,129,,69574,54,,,0,169,,69575,54,,,0,125,,69576,54,,,0,169,,69577,54,,,0
4000,'4623',634,,72607,6,,,0,84,,72598,6,,,0,21,,72603,6,,,0,67,,72608,6,,,0,113,,72596,6,,,0,99,,72605,6,,,0,100,,72599,6,,,0,99,,72606,6,,,0,100,,72597,6,,,0,97,,72609,6,,,0,99,,72601,6,,,0,38,,72594,6,,,0,74,,72610,6,,,0,29,,72595,6,,,0,74,,72600,6,,,0,99,,72611,6,,,0,99,,72602,6,,,0,130,,72604,6,,,0,385,,72612,6,,,0
4000,'4833',713,,72622,6,,,0,131,,72623,6,,,0,100,,72613,6,,,0,100,,72616,6,,,0,100,,72618,6,,,0,100,,72624,6,,,0,100,,72614,6,,,0,100,,72615,6,,,0,100,,72619,6,,,0,100,,72625,6,,,0,100,,72617,6,,,0,99,,72621,6,,,0,100,,72620,6,,,0,95,,72626,6,,,0
4000,'5015',713,,72636,6,,,0,131,,72637,6,,,0,100,,72627,6,,,0,100,,72630,6,,,0,100,,72632,6,,,0,100,,72638,6,,,0,100,,72628,6,,,0,100,,72629,6,,,0,100,,72633,6,,,0,100,,72639,6,,,0,100,,72631,6,,,0,99,,72635,6,,,0,100,,72634,6,,,0,95,,72640,6,,,0
4000,'5222',634,,72654,6,,,0,84,,72645,6,,,0,21,,72650,6,,,0,67,,72655,6,,,0,113,,72643,6,,,0,99,,72652,6,,,0,100,,72646,6,,,0,99,,72653,6,,,0,100,,72644,6,,,0,97,,72656,6,,,0,99,,72648,6,,,0,38,,72641,6,,,0,74,,72657,6,,,0,29,,72642,6,,,0,74,,72647,6,,,0,99,,72658,6,,,0,99,,72649,6,,,0,130,,72651,6,,,0,385,,72659,6,,,0
4000,'5365',809,,72661,6,,,0,135,,72660,6,,,0,100,,72662,6,,,0,100,,72663,6,,,0,100,,72664,6,,,0,100,,72665,6,,,0,100,,72668,6,,,0,100,,72667,6,,,0,100,,72666,6,,,0,100,,72669,6,,,0,99,,72670,6,,,0,100,,72671,6,,,0
4000,'5390',809,,72673,6,,,0,135,,72672,6,,,0,100,,72674,6,,,0,100,,72675,6,,,0,100,,72676,6,,,0,100,,72677,6,,,0,100,,72680,6,,,0,100,,72679,6,,,0,100,,72678,6,,,0,100,,72681,6,,,0,99,,72682,6,,,0,100,,72683,6,,,0
4601,'4623',658,,72822,6,,,0,146,,72812,6,,,0,127,,72814,6,,,0,94,,72813,6,,,0,380,,72815,6,,,0,117,,72817,6,,,0,32,,72816,6,,,0,77,,72820,6,,,0,90,,72818,6,,,0,28,,72819,6,,,0,88,,72821,6,,,0
4601,'5222',658,,72833,6,,,0,146,,72823,6,,,0,127,,72825,6,,,0,94,,72824,6,,,0,380,,72826,6,,,0,117,,72828,6,,,0,32,,72827,6,,,0,77,,72831,6,,,0,90,,72829,6,,,0,28,,72830,6,,,0,88,,72832,6,,,0
