200,'5036',547,,36499,6,,,0,80,,36491,6,,,0,20,,36486,6,,,0,71,,36500,6,,,0,31,,36494,6,,,0,70,,36485,6,,,0,31,,36498,6,,,0,71,,36495,6,,,0,15,,36483,6,0,5,0,70,,36484,6,,,0,38,,36487,6,,,0,80,,36488,6,,,0,80,,36497,6,,,0,40,,36490,6,,,0,80,,36489,6,,,0,80,,36496,6,,,0,37,,36492,6,,,0,76,,36493,6,,,0,37,,36501,6,,,0,76,,36502,6,,,0,73,,36505,6,0,5,0,17,,36504,6,,,0,33,,36503,6,,,0,80,,36508,6,,,0,90,,36506,6,,,0,80,,36507,6,,,0,20,,36510,6,0,5,0,22,,36512,6,,,0,60,,36509,6,0,5,0,20,,36511,6,,,0,78,,36513,6,,,0,40,,36514,6,,,0,80,,36515,6,,,0,80,,36516,6,,,0,30,,36517,6,0,5,0
200,'5040',547,,36534,6,,,0,80,,36526,6,,,0,20,,36521,6,,,0,71,,36535,6,,,0,31,,36529,6,,,0,70,,36520,6,,,0,31,,36533,6,,,0,71,,36530,6,,,0,15,,36518,6,0,5,0,70,,36519,6,,,0,38,,36522,6,,,0,80,,36523,6,,,0,80,,36532,6,,,0,40,,36525,6,,,0,80,,36524,6,,,0,80,,36531,6,,,0,37,,36527,6,,,0,76,,36528,6,,,0,37,,36536,6,,,0,76,,36537,6,,,0,73,,36540,6,0,5,0,17,,36539,6,,,0,33,,36538,6,,,0,80,,36543,6,,,0,90,,36541,6,,,0,80,,36542,6,,,0,20,,36545,6,0,5,0,22,,36547,6,,,0,60,,36544,6,0,5,0,20,,36546,6,,,0,78,,36548,6,,,0,40,,36549,6,,,0,80,,36550,6,,,0,80,,36551,6,,,0,30,,36552,6,0,5,0,68,,36553,6,0,5,0
200,'5041',558,,36573,6,,,0,152,,36576,6,,,0,119,,36574,6,,,0,80,,36562,6,,,0,45,,36575,6,,,0,80,,36560,6,,,0,80,,36554,6,,,0,40,,36561,6,,,0,80,,36555,6,,,0,80,,36568,6,,,0,41,,36556,6,,,0,80,,36559,6,,,0,80,,36558,6,,,0,40,,36557,6,,,0,80,,36571,6,,,0,79,,36572,6,,,0,35,,36570,6,,,0,80,,36564,6,,,0,75,,36565,6,,,0,20,,36563,6,0,5,0,35,,36567,6,,,0,60,,36569,6,0,5,0,20,,36566,6,,,0,65,,36581,6,0,5,0,20,,36582,6,,,0,80,,36579,6,,,0,40,,36578,6,,,0,79,,36580,6,,,0,80,,36577,6,,,0,35,,36583,6,0,5,0
200,'5078',653,,36606,6,,,0,160,,36605,6,,,0,121,,36604,6,,,0,100,,36585,6,,,0,80,,36603,6,,,0,40,,36591,6,,,0,80,,36589,6,,,0,80,,36584,6,,,0,40,,36586,6,,,0,80,,36597,6,,,0,80,,36592,6,,,0,40,,36587,6,,,0,80,,36590,6,,,0,80,,36588,6,,,0,35,,36598,6,,,0,80,,36594,6,,,0,75,,36593,6,0,5,0,20,,36599,6,,,0,20,,36596,6,0,5,0,60,,36595,6,,,0,40,,36601,6,,,0,79,,36602,6,,,0,80,,36600,6,,,0,40,,36607,6,,,0,80,,36608,6,,,0
200,'5079',653,,36631,6,,,0,160,,36630,6,,,0,121,,36629,6,,,0,100,,36610,6,,,0,80,,36628,6,,,0,40,,36616,6,,,0,80,,36614,6,,,0,80,,36609,6,,,0,40,,36611,6,,,0,80,,36622,6,,,0,80,,36617,6,,,0,40,,36612,6,,,0,80,,36615,6,,,0,80,,36613,6,,,0,35,,36623,6,,,0,80,,36619,6,,,0,75,,36618,6,0,5,0,20,,36624,6,,,0,20,,36621,6,0,5,0,60,,36620,6,,,0,40,,36626,6,,,0,79,,36627,6,,,0,80,,36625,6,,,0,40,,36632,6,,,0,80,,36633,6,,,0
201,'5040',1529,,36679,27,4,,0
201,'5041',2506,,36727,20,4,,0
201,'5075',1529,,36728,27,4,,0
201,'5076',1529,,36729,27,4,,0
201,'5078',2401,,36754,46,4,,0
201,'5079',2401,,36779,46,4,,0
500,'5036',607,,37668,6,,,0,95,,37661,6,,,0,32,,37663,6,,,0,70,,37660,6,,,0,31,,37662,6,,,0,70,,37665,6,,,0,46,,37664,6,,,0,73,,37673,6,,,0,80,,37670,6,,,0,40,,37666,6,,,0,80,,37667,6,,,0,80,,37669,6,,,0,40,,37674,6,,,0,80,,37671,6,,,0,35,,37672,6,,,0,76,,37676,6,,,0,77,,37675,6,,,0,34,,37677,6,,,0,91,,37678,6,,,0,76,,37679,6,,,0,45,,37681,6,,,0,85,,37680,6,,,0
500,'5040',607,,37690,6,,,0,95,,37683,6,,,0,32,,37685,6,,,0,70,,37682,6,,,0,31,,37684,6,,,0,70,,37687,6,,,0,46,,37686,6,,,0,73,,37695,6,,,0,80,,37692,6,,,0,40,,37688,6,,,0,80,,37689,6,,,0,80,,37691,6,,,0,40,,37696,6,,,0,80,,37693,6,,,0,35,,37694,6,,,0,76,,37698,6,,,0,77,,37697,6,,,0,34,,37699,6,,,0,91,,37700,6,,,0,76,,37701,6,,,0,45,,37703,6,,,0,85,,37702,6,,,0
500,'5041',633,,37715,6,,,0,116,,37711,6,,,0,100,,37714,6,,,0,80,,37705,6,,,0,85,,37712,6,,,0,40,,37706,6,,,0,80,,37721,6,,,0,80,,37713,6,,,0,40,,37704,6,,,0,81,,37710,6,,,0,80,,37707,6,,,0,40,,37717,6,,,0,80,,37708,6,,,0,80,,37709,6,,,0,39,,37718,6,,,0,75,,37719,6,,,0,80,,37720,6,,,0,40,,37716,6,,,0,90,,37722,6,,,0
500,'5078',733,,37736,6,,,0,120,,37735,6,,,0,161,,37734,6,,,0,40,,37729,6,,,0,80,,37723,6,,,0,80,,37724,6,,,0,40,,37737,6,,,0,80,,37730,6,,,0,80,,37727,6,,,0,40,,37725,6,,,0,80,,37726,6,,,0,80,,37738,6,,,0,40,,37731,6,,,0,75,,37728,6,,,0,80,,37732,6,,,0,40,,37733,6,,,0
500,'5079',733,,37752,6,,,0,120,,37751,6,,,0,161,,37750,6,,,0,40,,37745,6,,,0,80,,37739,6,,,0,80,,37740,6,,,0,40,,37753,6,,,0,80,,37746,6,,,0,80,,37743,6,,,0,40,,37741,6,,,0,80,,37742,6,,,0,80,,37754,6,,,0,40,,37747,6,,,0,75,,37744,6,,,0,80,,37748,6,,,0,40,,37749,6,,,0
