7200,'5036',547,,46585,18,,,0,69,,46579,18,,,0,104,,46584,18,,,0,28,,46591,18,,,0,71,,46572,18,,,0,31,,46586,18,,,0,70,,46580,18,,,0,30,,46567,18,,,0,72,,46587,18,,,0,29,,46576,18,,,0,70,,46571,18,,,0,28,,46565,18,,,0,70,,46566,18,,,0,99,,46564,18,,,0,29,,46592,18,,,0,70,,46568,18,,,0,29,,46573,18,,,0,69,,46570,18,,,0,30,,46569,18,,,0,100,2,46574,18,,,0,72,2,46593,18,,,0,34,,46581,18,,,0,69,,46575,18,,,0,31,,46578,18,,,0,70,,46577,18,,,0,30,,46583,18,,,0,73,,46589,18,,,0,30,,46582,18,,,0,99,,46588,18,,,0,101,,46590,18,,,0,158,,46594,18,0,10 11 12,0
7200,'5040',547,,46619,18,,,0,69,,46613,18,,,0,36,,46602,18,,,0,68,,46618,18,,,0,28,,46625,18,,,0,71,,46606,18,,,0,31,,46620,18,,,0,70,,46614,18,,,0,30,,46598,18,,,0,72,,46621,18,,,0,29,,46610,18,,,0,70,,46604,18,,,0,28,,46596,18,,,0,70,,46597,18,,,0,29,,46603,18,,,0,70,,46595,18,,,0,29,,46626,18,,,0,70,,46599,18,,,0,29,,46607,18,,,0,69,,46601,18,,,0,30,,46600,18,,,0,69,2,46605,18,,,0,31,2,46608,18,,,0,72,2,46627,18,,,0,34,,46615,18,,,0,69,,46609,18,,,0,31,,46612,18,,,0,70,,46611,18,,,0,30,,46617,18,,,0,73,,46623,18,,,0,30,,46616,18,,,0,99,,46622,18,,,0,101,,46624,18,,,0,158,,46628,18,0,10 11 12,0
7200,'5041',558,,46629,18,,,0,97,,46630,18,,,0,73,,46631,18,,,0,27,,46632,18,,,0,69,,46633,18,,,0,30,,46634,18,,,0,70,,46635,18,,,0,30,,46636,18,,,0,70,,46637,18,,,0,28,,46638,18,,,0,70,,46639,18,,,0,30,,46640,18,,,0,69,,46641,18,,,0,30,,46642,18,,,0,69,,46643,18,,,0,30,,46644,18,,,0,70,,46645,18,,,0,30,,46646,18,,,0,70,,46647,18,,,0,30,,46648,18,,,0,70,,46649,18,,,0,30,,46650,18,,,0,70,,46651,18,,,0,31,,46652,18,,,0,70,,46653,18,,,0,30,,46654,18,,,0,71,,46655,18,,,0,32,,46656,18,,,0,69,,46657,18,,,0,30,,46658,18,,,0,99,,46659,18,,,0,102,,46660,18,,,0,160,,46661,18,0,10 11 12,0
7200,'5074',652,,46662,18,,,0,596,,46663,18,,,0,366,2,46664,18,,,0
7200,'5077',652,,46665,18,,,0,596,,46666,18,,,0,366,2,46667,18,,,0
7200,'5078',656,,46668,18,,,0,99,,46669,18,,,0,100,,46672,18,,,0,98,,46670,18,,,0,99,,46671,18,,,0,70,,46673,18,,,0,29,,46674,18,,,0,70,,46675,18,,,0,29,,46676,18,,,0,70,,46677,18,,,0,30,,46678,18,,,0,70,,46679,18,,,0,30,,46680,18,,,0,70,,46681,18,,,0,30,,46682,18,,,0,70,,46683,18,,,0,30,,46684,18,,,0,71,,46685,18,,,0,31,,46686,18,,,0,71,,46687,18,,,0,30,,46688,18,,,0,70,,46689,18,,,0,31,,46690,18,,,0,99,,46691,18,,,0,101,,46692,18,,,0,103,,46693,18,,,0,76,,46694,18,0,10 11 12,0
7200,'5079',656,,46695,18,,,0,99,,46696,18,,,0,100,,46699,18,,,0,98,,46697,18,,,0,99,,46698,18,,,0,70,,46700,18,,,0,29,,46701,18,,,0,70,,46702,18,,,0,29,,46703,18,,,0,70,,46704,18,,,0,30,,46705,18,,,0,70,,46706,18,,,0,30,,46707,18,,,0,70,,46708,18,,,0,30,,46709,18,,,0,70,,46710,18,,,0,30,,46711,18,,,0,71,,46712,18,,,0,31,,46713,18,,,0,71,,46714,18,,,0,30,,46715,18,,,0,70,,46716,18,,,0,31,,46717,18,,,0,99,,46718,18,,,0,101,,46719,18,,,0,103,,46720,18,,,0,76,,46721,18,0,10 11 12,0
7500,'5036',523,3,46884,20,0,13 14,0,19,3,46885,20,0,13 14,0,17,3,46886,20,0,13 14,0,59,3,46887,20,0,13 14,0,17,3,46883,20,0,13 14,0,18,3,46888,20,0,13 14,0,55,3,46889,20,0,13 14,0,16,3,46890,20,0,13 14,0,16,3,46891,20,0,13 14,0,63,3,46892,20,0,13 14,0,23,3,46893,20,0,13 14,0,26,3,46894,20,0,13 14,0,69,3,46895,20,0,13 14,0,34,3,46896,20,0,13 14,0,67,3,46897,20,0,13 14,0,30,3,46898,20,0,13 14,0,68,3,46899,20,0,13 14,0,30,3,46900,20,0,13 14,0,70,3,46901,20,0,13 14,0,30,3,46902,20,0,13 14,0,69,3,46903,20,0,13 14,0,30,3,46904,20,0,13 14,0,63,3,46905,20,0,13 14,0,31,3,46906,20,0,13 14,0,74,3,46907,20,0,13 14,0,29,3,46908,20,0,13 14,0,71,3,46909,20,0,13 14,0,25,3,46910,20,0,13 14,0,61,3,46911,20,0,13 14,0,21,3,46912,20,0,13 14,0,17,3,46913,20,0,13 14,0,61,43,46914,20,0,13 14,0,19,3,46915,20,0,13 14,0,28,3,46916,20,0,13 14,0,76,3,46917,20,0,13 14,0,109,3,46918,20,0,13 14,0,96,3,46919,20,0,13 14,0,104,3,46920,20,0,13 14,0
7500,'5040',523,3,46922,20,0,13 14,0,19,3,46923,20,0,13 14,0,17,3,46924,20,0,13 14,0,59,3,46925,20,0,13 14,0,17,3,46921,20,0,13 14,0,18,3,46926,20,0,13 14,0,55,3,46927,20,0,13 14,0,16,3,46928,20,0,13 14,0,16,3,46929,20,0,13 14,0,63,3,46930,20,0,13 14,0,23,3,46931,20,0,13 14,0,26,3,46932,20,0,13 14,0,69,3,46933,20,0,13 14,0,34,3,46934,20,0,13 14,0,67,3,46935,20,0,13 14,0,30,3,46936,20,0,13 14,0,68,3,46937,20,0,13 14,0,30,3,46938,20,0,13 14,0,70,3,46939,20,0,13 14,0,30,3,46940,20,0,13 14,0,69,3,46941,20,0,13 14,0,30,3,46942,20,0,13 14,0,63,3,46943,20,0,13 14,0,31,3,46944,20,0,13 14,0,74,3,46945,20,0,13 14,0,29,3,46946,20,0,13 14,0,71,3,46947,20,0,13 14,0,25,3,46948,20,0,13 14,0,61,3,46949,20,0,13 14,0,21,3,46950,20,0,13 14,0,17,3,46951,20,0,13 14,0,61,43,46952,20,0,13 14,0,19,3,46953,20,0,13 14,0,28,3,46954,20,0,13 14,0,76,3,46955,20,0,13 14,0,109,3,46956,20,0,13 14,0,96,3,46957,20,0,13 14,0,104,3,46958,20,0,13 14,0,108,3,46959,20,0,13 14,0
7500,'5041',638,3,46961,20,0,13 14,0,93,3,46962,20,0,13 14,0,98,3,46963,20,0,13 14,0,30,,46983,20,0,47 48,0,65,3,46960,20,0,13 14,0,28,,46984,20,0,47 48,0,70,3,46964,20,0,13 14,0,30,,46985,20,0,47 48,0,70,3,46965,20,0,13 14,0,30,3,46966,20,0,13 14,0,71,3,46967,20,0,13 14,0,29,3,46968,20,0,13 14,0,71,3,46969,20,0,13 14,0,24,3,46970,20,0,13 14,0,76,3,46971,20,0,13 14,0,30,3,46972,20,0,13 14,0,70,3,46973,20,0,13 14,0,31,3,46974,20,0,13 14,0,70,3,46975,20,0,13 14,0,25,,46986,20,0,47 48,0,75,3,46976,20,0,13 14,0,30,,46987,20,0,47 48,0,72,3,46977,20,0,13 14,0,101,3,46978,20,0,13 14,0,102,3,46979,20,0,13 14,0,98,3,46980,20,0,13 14,0,106,3,46981,20,0,13 14,0,102,3,46982,20,0,13 14,0
7500,'5075',2342,3,46988,20,0,13 14,0
7500,'5076',2342,3,46989,20,0,13 14,0
7500,'5078',632,3,46990,20,0,13 14,0,99,3,46991,20,0,13 14,0,101,3,46992,20,0,13 14,0,70,,47011,20,0,47 48,0,23,3,46993,20,0,13 14,0,30,,47012,20,0,47 48,0,68,3,46994,20,0,13 14,0,80,,47013,20,0,47 48,0,20,3,46995,20,0,13 14,0,30,3,46996,20,0,13 14,0,70,3,46997,20,0,13 14,0,29,3,46998,20,0,13 14,0,70,3,46999,20,0,13 14,0,30,3,47000,20,0,13 14,0,70,3,47001,20,0,13 14,0,30,3,47002,20,0,13 14,0,70,3,47003,20,0,13 14,0,100,3,47004,20,0,13 14,0,101,3,47005,20,0,13 14,0,103,3,47006,20,0,13 14,0,103,3,47007,20,0,13 14,0,104,3,47008,20,0,13 14,0,97,3,47009,20,0,13 14,0,174,3,47010,20,0,13 14,0
7500,'5079',632,3,47014,20,0,13 14,0,99,3,47015,20,0,13 14,0,101,3,47016,20,0,13 14,0,70,,47035,20,0,47 48,0,23,3,47017,20,0,13 14,0,30,,47036,20,0,47 48,0,68,3,47018,20,0,13 14,0,80,,47037,20,0,47 48,0,20,3,47019,20,0,13 14,0,30,3,47020,20,0,13 14,0,70,3,47021,20,0,13 14,0,29,3,47022,20,0,13 14,0,70,3,47023,20,0,13 14,0,30,3,47024,20,0,13 14,0,70,3,47025,20,0,13 14,0,30,3,47026,20,0,13 14,0,70,3,47027,20,0,13 14,0,100,3,47028,20,0,13 14,0,101,3,47029,20,0,13 14,0,103,3,47030,20,0,13 14,0,103,3,47031,20,0,13 14,0,104,3,47032,20,0,13 14,0,97,3,47033,20,0,13 14,0,174,3,47034,20,0,13 14,0
