2200,'5036',1234,,41296,57,0,21 22,0,70,,41288,57,0,21 22,0,30,,41304,57,0,21 22,0,70,,41282,57,0,21 22,0,104,,41299,57,0,21 22,0,32,,41293,57,0,21 22,0,77,,41306,57,0,21 22,0,101,,41294,57,0,21 22,0,94,,41290,57,0,21 22,0
2200,'5040',1234,,41325,57,0,21 22,0,70,,41317,57,0,21 22,0,30,,41333,57,0,21 22,0,70,,41311,57,0,21 22,0,104,,41328,57,0,21 22,0,32,,41322,57,0,21 22,0,77,,41335,57,0,21 22,0,101,,41323,57,0,21 22,0,94,,41319,57,0,21 22,0
2201,'5036',723,,41422,3,,,0,25,,41434,3,,,0,76,,41424,3,,,0,106,,41418,3,,,0,29,,41421,3,,,0,69,,41435,3,,,0,98,,41438,3,,,0
2201,'5040',723,,41446,3,,,0,25,,41458,3,,,0,76,,41448,3,,,0,106,,41442,3,,,0,29,,41445,3,,,0,69,,41459,3,,,0,98,,41462,3,,,0
3801,'5036',647,,44211,19,,,0,69,,44212,19,,,0,29,,44215,19,,,0,67,,44213,19,,,0,35,,44231,19,,,0,86,,44214,19,,,0,90,,44216,19,,,0,97,,44217,19,,,0,101,,44218,19,,,0,102,,44219,19,,,0,103,,44220,19,,,0,104,,44221,19,,,0,90,,44222,19,,,0,32,,44223,19,,,0,68,,44224,19,,,0,25,,44225,19,,,0,66,,44227,19,,,0,29,,44228,19,,,0,76,,44226,19,,,0,100,,44229,19,,,0,105,,44230,19,,,0
3801,'5040',647,,44232,19,,,0,69,,44233,19,,,0,29,,44236,19,,,0,67,,44234,19,,,0,35,,44252,19,,,0,86,,44235,19,,,0,90,,44237,19,,,0,97,,44238,19,,,0,101,,44239,19,,,0,102,,44240,19,,,0,103,,44241,19,,,0,104,,44242,19,,,0,90,,44243,19,,,0,32,,44244,19,,,0,68,,44245,19,,,0,25,,44246,19,,,0,66,,44248,19,,,0,29,,44249,19,,,0,76,,44247,19,,,0,100,,44250,19,,,0,105,,44251,19,,,0
5301,'5036',742,,45144,3,,,0,116,,45142,3,,,0,200,,45143,3,,,0,170,,45147,3,,,0,173,,45146,3,,,0,153,,45148,3,,,0,97,,45145,21,,,0,173,,45149,3,,,0,128,,45150,3,,,0,170,,45151,3,,,0
5301,'5040',742,,45154,3,,,0,116,,45152,3,,,0,200,,45153,3,,,0,170,,45157,3,,,0,173,,45156,3,,,0,153,,45158,3,,,0,97,,45155,21,,,0,173,,45159,3,,,0,128,,45160,3,,,0,170,,45161,3,,,0
5301,'5041',737,,45167,3,,,0,200,,45168,3,,,0,212,,45166,3,,,0,258,,45163,3,,,0,210,,45164,3,,,0,210,,45165,3,,,0,202,,45162,3,,,0
5301,'5078',737,,45172,3,,,0,200,,45169,3,,,0,212,,45170,3,,,0,258,,45173,3,,,0,210,,45171,3,,,0,210,,45174,3,,,0,202,,45175,3,,,0
5301,'5079',737,,45179,3,,,0,200,,45176,3,,,0,212,,45177,3,,,0,258,,45180,3,,,0,210,,45178,3,,,0,210,,45181,3,,,0,202,,45182,3,,,0
1002200,'5036',1154,,48571,47,0,21 22,0,278,,48572,47,0,21 22,0,207,,48570,47,0,21 22,0,96,,48575,47,0,21 22,0,192,,48573,47,0,21 22,0
1002200,'5040',1154,,48577,47,0,21 22,0,278,,48578,47,0,21 22,0,207,,48576,47,0,21 22,0,96,,48581,47,0,21 22,0,192,,48579,47,0,21 22,0
1002201,'5036',647,,48588,3,,,0,255,,48587,3,,,0,200,,48583,3,,,0
1002201,'5040',647,,48597,3,,,0,255,,48596,3,,,0,200,,48592,3,,,0
