8100,'4623',2138,,75859,25,4,,0
8100,'4833',2134,,75873,25,4,,0
8100,'5015',2134,,75887,25,4,,0
8100,'5222',2138,,75902,25,4,,0
8100,'5365',2138,,75916,25,4,,0
8100,'5390',2138,,75930,25,4,,0
8101,'4623',534,,75931,1,,,0,169,,75932,16,,,0,32,,75933,1,,,0,180,,75934,16,,,0,103,,75935,16,,,0,97,,75936,16,,,0,100,,75937,16,,,0,100,,75938,16,,,0,100,,75939,16,,,0,101,,75940,16,,,0,99,,75941,16,,,0,99,,75942,16,,,0,100,,75943,16,,,0,99,,75944,16,,,0,101,,75945,16,,,0,99,,75946,16,,,0
8101,'4833',913,,75947,16,,,0,103,,75948,16,,,0,100,,75949,16,,,0,100,,75950,16,,,0,100,,75951,16,,,0,104,,75952,16,,,0,100,,75953,16,,,0,100,,75954,16,,,0,96,,75955,16,,,0,97,,75956,16,,,0,100,,75957,16,,,0,100,,75958,16,,,0,100,,75959,16,,,0
8101,'5015',913,,75960,16,,,0,103,,75961,16,,,0,100,,75962,16,,,0,100,,75963,16,,,0,100,,75964,16,,,0,104,,75965,16,,,0,100,,75966,16,,,0,100,,75967,16,,,0,96,,75968,16,,,0,97,,75969,16,,,0,100,,75970,16,,,0,100,,75971,16,,,0,100,,75972,16,,,0
8101,'5222',534,,75973,1,,,0,169,,75974,16,,,0,32,,75975,1,,,0,180,,75976,16,,,0,103,,75977,16,,,0,97,,75978,16,,,0,100,,75979,16,,,0,100,,75980,16,,,0,100,,75981,16,,,0,101,,75982,16,,,0,99,,75983,16,,,0,99,,75984,16,,,0,100,,75985,16,,,0,99,,75986,16,,,0,101,,75987,16,,,0,99,,75988,16,,,0
8101,'5365',913,,75989,16,,,0,101,,75990,16,,,0,102,,75991,16,,,0,100,,75992,16,,,0,100,,75993,16,,,0,101,,75994,16,,,0,100,,75995,16,,,0,100,,75996,16,,,0,102,,75997,16,,,0,100,,75998,16,,,0,100,,75999,16,,,0,100,,76000,16,,,0,100,,76001,16,,,0
8101,'5390',913,,76002,16,,,0,101,,76003,16,,,0,102,,76004,16,,,0,100,,76005,16,,,0,100,,76006,16,,,0,101,,76007,16,,,0,100,,76008,16,,,0,100,,76009,16,,,0,102,,76010,16,,,0,100,,76011,16,,,0,100,,76012,16,,,0,100,,76013,16,,,0,100,,76014,16,,,0
8300,'4623',738,,76015,49,4,,0,204,,76016,49,4,,0,179,,76017,49,4,,0,208,,76018,49,4,,0,200,,76019,49,4,,0,212,,76020,49,4,,0,204,,76021,49,4,,0
8300,'4833',1124,,76024,49,4,,0,301,,76025,49,4,,0,302,,76023,49,4,,0,299,,76022,49,4,,0
8300,'5015',1124,,76028,49,4,,0,301,,76029,49,4,,0,302,,76027,49,4,,0,299,,76026,49,4,,0
8300,'5222',738,,76030,49,4,,0,204,,76031,49,4,,0,179,,76032,49,4,,0,208,,76033,49,4,,0,200,,76034,49,4,,0,212,,76035,49,4,,0,204,,76036,49,4,,0
8300,'5365',1123,,76039,49,4,,0,300,,76040,49,4,,0,302,,76038,49,4,,0,300,,76037,49,4,,0
8300,'5390',1123,,76043,49,4,,0,300,,76044,49,4,,0,302,,76042,49,4,,0,300,,76041,49,4,,0
8301,'4623',655,,76045,1,,,0,90,,76046,1,,,0,210,,76047,1,,,0,180,,76048,1,,,0,195,,76049,1,,,0,210,,76050,1,,,0,215,,76051,1,,,0,200,,76052,1,,,0
8301,'4833',930,,76056,1,,,0,300,,76054,1,,,0,305,,76055,1,,,0,300,,76053,1,,,0
8301,'5015',930,,76060,1,,,0,300,,76058,1,,,0,305,,76059,1,,,0,300,,76057,1,,,0
8301,'5222',655,,76061,1,,,0,90,,76062,1,,,0,210,,76063,1,,,0,180,,76064,1,,,0,195,,76065,1,,,0,210,,76066,1,,,0,215,,76067,1,,,0,200,,76068,1,,,0
8301,'5365',930,,76071,1,,,0,300,,76072,1,,,0,305,,76070,1,,,0,300,,76069,1,,,0
8301,'5390',930,,76075,1,,,0,300,,76076,1,,,0,305,,76074,1,,,0,300,,76073,1,,,0
8500,'4623',630,,76077,1,,,0,87,,76077,50,4,,0,10,,76078,1,,,0,88,,76078,50,4,,0,112,,76079,1,,,0,89,,76079,50,4,,0,111,,76080,1,,,0,90,,76080,50,4,,0,110,,76081,1,,,0,90,,76081,50,4,,0,110,,76082,1,,,0,90,,76082,50,4,,0,110,,76083,1,,,0,87,,76083,50,4,,0,113,,76084,1,,,0,86,,76084,50,4,,0
8500,'4833',835,,76087,1,,,0,87,,76087,50,4,,0,213,,76088,1,,,0,88,,76088,50,4,,0,217,,76085,1,,,0,89,,76085,50,4,,0,211,,76086,1,,,0,87,,76086,50,4,,0
8500,'5015',835,,76091,1,,,0,87,,76091,50,4,,0,213,,76092,1,,,0,88,,76092,50,4,,0,217,,76089,1,,,0,89,,76089,50,4,,0,211,,76090,1,,,0,87,,76090,50,4,,0
8500,'5222',630,,76093,1,,,0,87,,76093,50,4,,0,10,,76094,1,,,0,88,,76094,50,4,,0,112,,76095,1,,,0,89,,76095,50,4,,0,111,,76096,1,,,0,90,,76096,50,4,,0,110,,76097,1,,,0,90,,76097,50,4,,0,110,,76098,1,,,0,90,,76098,50,4,,0,110,,76099,1,,,0,87,,76099,50,4,,0,113,,76100,1,,,0,86,,76100,50,4,,0
8500,'5365',835,,76103,1,,,0,87,,76103,50,4,,0,213,,76104,1,,,0,88,,76104,50,4,,0,217,,76101,1,,,0,89,,76101,50,4,,0,211,,76102,1,,,0,87,,76102,50,4,,0
8500,'5390',835,,76107,1,,,0,87,,76107,50,4,,0,213,,76108,1,,,0,88,,76108,50,4,,0,217,,76105,1,,,0,89,,76105,50,4,,0,211,,76106,1,,,0,87,,76106,50,4,,0
8700,'4623',754,,76110,45,4,,0,202,,76109,45,4,,0,201,,76111,45,4,,0,246,,76115,38,4,,0,155,,76113,45,4,,0,199,,76114,45,4,,0
8700,'5222',754,,76117,45,4,,0,202,,76116,45,4,,0,201,,76118,45,4,,0,246,,76122,38,4,,0,155,,76120,45,4,,0,199,,76121,45,4,,0
8701,'4623',620,,76123,1,,,0,197,,76124,1,,,0,201,,76125,1,,,0,198,,76126,1,,,0,199,,76127,1,,,0,203,,76128,1,,,0
8701,'5222',620,,76129,1,,,0,197,,76130,1,,,0,201,,76131,1,,,0,198,,76132,1,,,0,199,,76133,1,,,0,203,,76134,1,,,0
8800,'4623',855,,76135,19,4,,0,201,,76136,19,4,,0,201,,76137,19,4,,0,201,,76138,19,4,,0,199,,76139,19,4,,0,245,,76140,19,4,,0
8800,'4833',830,,76149,19,4,,0,99,,76150,19,4,,0,101,,76151,19,4,,0,100,,76152,19,4,,0,100,,76153,19,4,,0,99,,76154,19,4,,0,100,,76145,19,4,,0,100,,76146,19,4,,0,99,,76147,19,4,,0,100,,76148,19,4,,0,98,,76142,19,4,,0,99,,76143,19,4,,0,101,,76144,19,4,,0,100,,76141,19,4,,0
8800,'5015',830,,76163,19,4,,0,99,,76164,19,4,,0,101,,76165,19,4,,0,100,,76166,19,4,,0,100,,76167,19,4,,0,99,,76168,19,4,,0,100,,76159,19,4,,0,100,,76160,19,4,,0,99,,76161,19,4,,0,100,,76162,19,4,,0,98,,76156,19,4,,0,99,,76157,19,4,,0,101,,76158,19,4,,0,100,,76155,19,4,,0
8800,'5222',855,,76169,19,4,,0,201,,76170,19,4,,0,201,,76171,19,4,,0,201,,76172,19,4,,0,199,,76173,19,4,,0,245,,76174,19,4,,0
8800,'5365',830,,76180,19,4,,0,94,,76181,19,4,,0,101,,76182,19,4,,0,101,,76183,19,4,,0,101,,76184,19,4,,0,100,,76185,19,4,,0,99,,76176,19,4,,0,99,,76177,19,4,,0,100,,76178,19,4,,0,101,,76179,19,4,,0,101,,76187,19,4,,0,99,,76188,19,4,,0,99,,76175,19,4,,0,98,,76186,19,4,,0
8800,'5390',830,,76194,19,4,,0,94,,76195,19,4,,0,101,,76196,19,4,,0,101,,76197,19,4,,0,101,,76198,19,4,,0,100,,76199,19,4,,0,99,,76190,19,4,,0,99,,76191,19,4,,0,100,,76192,19,4,,0,101,,76193,19,4,,0,101,,76201,19,4,,0,99,,76202,19,4,,0,99,,76189,19,4,,0,98,,76200,19,4,,0
8801,'4623',710,,76203,1,,,0,200,,76204,1,,,0,199,,76205,1,,,0,199,,76206,1,,,0,200,,76207,1,,,0,207,,76208,1,,,0,103,,76209,1,,,0
8801,'4833',744,,76220,1,,,0,99,,76221,1,,,0,99,,76222,1,,,0,100,,76223,1,,,0,98,,76214,1,,,0,100,,76215,1,,,0,100,,76217,1,,,0,100,,76218,1,,,0,102,,76216,1,,,0,100,,76219,1,,,0,98,,76211,1,,,0,100,,76212,1,,,0,102,,76213,1,,,0,100,,76210,1,,,0
8801,'5015',744,,76234,1,,,0,99,,76235,1,,,0,99,,76236,1,,,0,100,,76237,1,,,0,98,,76228,1,,,0,100,,76229,1,,,0,100,,76231,1,,,0,100,,76232,1,,,0,102,,76230,1,,,0,100,,76233,1,,,0,98,,76225,1,,,0,100,,76226,1,,,0,102,,76227,1,,,0,100,,76224,1,,,0
8801,'5222',710,,76238,1,,,0,200,,76239,1,,,0,199,,76240,1,,,0,199,,76241,1,,,0,200,,76242,1,,,0,207,,76243,1,,,0,103,,76244,1,,,0
8801,'5365',746,,76253,1,,,0,94,,76254,1,,,0,100,,76255,1,,,0,100,,76256,1,,,0,100,,76257,1,,,0,100,,76258,1,,,0,99,,76248,1,,,0,100,,76249,1,,,0,101,,76250,1,,,0,101,,76251,1,,,0,102,,76252,1,,,0,99,,76246,1,,,0,100,,76247,1,,,0,98,,76245,1,,,0
8801,'5390',746,,76267,1,,,0,94,,76268,1,,,0,100,,76269,1,,,0,100,,76270,1,,,0,100,,76271,1,,,0,100,,76272,1,,,0,99,,76262,1,,,0,100,,76263,1,,,0,101,,76264,1,,,0,101,,76265,1,,,0,102,,76266,1,,,0,99,,76260,1,,,0,100,,76261,1,,,0,98,,76259,1,,,0
1008800,'4623',635,,77505,10,4,,0,186,,77506,10,4,,0,96,,77507,10,4,,0,100,,77508,10,4,,0,100,,77509,10,4,,0,100,,77510,10,4,,0,100,,77511,10,4,,0,100,,77512,10,4,,0,100,,77513,10,4,,0,100,,77514,10,4,,0,99,,77515,10,4,,0,107,,77516,10,4,,0,98,,77517,10,4,,0,29,,77518,10,4,,0,70,,77519,10,4,,0,31,,77520,10,4,,0,70,,77521,10,4,,0
1008800,'5222',635,,77522,10,4,,0,186,,77523,10,4,,0,96,,77524,10,4,,0,100,,77525,10,4,,0,100,,77526,10,4,,0,100,,77527,10,4,,0,100,,77528,10,4,,0,100,,77529,10,4,,0,100,,77530,10,4,,0,100,,77531,10,4,,0,99,,77532,10,4,,0,107,,77533,10,4,,0,98,,77534,10,4,,0,29,,77535,10,4,,0,70,,77536,10,4,,0,31,,77537,10,4,,0,70,,77538,10,4,,0
1008801,'4623',642,,77540,1,,,0,106,,77541,1,,,0,96,,77542,1,,,0,100,,77543,1,,,0,99,,77539,1,,,0,99,,77544,1,,,0,100,,77545,1,,,0,100,,77546,1,,,0,100,,77547,1,,,0,100,,77548,1,,,0,100,,77549,1,,,0,109,,77550,1,,,0,99,,77551,1,,,0,71,,77552,1,,,0,101,,77553,1,,,0
1008801,'5222',642,,77555,1,,,0,106,,77556,1,,,0,96,,77557,1,,,0,100,,77558,1,,,0,99,,77554,1,,,0,99,,77559,1,,,0,100,,77560,1,,,0,100,,77561,1,,,0,100,,77562,1,,,0,100,,77563,1,,,0,100,,77564,1,,,0,109,,77565,1,,,0,99,,77566,1,,,0,71,,77567,1,,,0,101,,77568,1,,,0
