3801,'5036',650,,44211,21,,,0,69,,44212,21,,,0,28,,44215,21,,,0,68,,44213,21,,,0,34,,44231,21,,,0,86,,44214,21,,,0,90,,44216,21,,,0,97,,44217,21,,,0,101,,44218,21,,,0,103,,44219,21,,,0,103,,44220,21,,,0,105,,44221,21,,,0,90,,44222,21,,,0,32,,44223,21,,,0,67,,44224,21,,,0,25,,44225,21,,,0,66,,44227,21,,,0,29,,44228,21,,,0,76,,44226,21,,,0,100,,44229,21,,,0,104,,44230,21,,,0
3801,'5040',650,,44232,21,,,0,69,,44233,21,,,0,28,,44236,21,,,0,68,,44234,21,,,0,34,,44252,21,,,0,86,,44235,21,,,0,90,,44237,21,,,0,97,,44238,21,,,0,101,,44239,21,,,0,103,,44240,21,,,0,103,,44241,21,,,0,105,,44242,21,,,0,90,,44243,21,,,0,32,,44244,21,,,0,67,,44245,21,,,0,25,,44246,21,,,0,66,,44248,21,,,0,29,,44249,21,,,0,76,,44247,21,,,0,100,,44250,21,,,0,104,,44251,21,,,0
4601,'5036',708,,44636,19,,,0,109,,44637,19,,,0,124,,44638,19,,,0,93,,44643,19,,,0,383,,44639,19,,,0,128,,44641,19,,,0,70,,44642,19,,,0,40,,44647,19,,,0,78,,44645,19,,,0,26,,44644,19,,,0,89,,44646,19,,,0
4601,'5040',708,,44648,19,,,0,109,,44649,19,,,0,124,,44650,19,,,0,93,,44655,19,,,0,383,,44651,19,,,0,128,,44653,19,,,0,70,,44654,19,,,0,40,,44659,19,,,0,78,,44657,19,,,0,26,,44656,19,,,0,89,,44658,19,,,0
4801,'5036',1644,,44678,18,,,0,69,,44679,18,,,0,33,,44680,18,,,0
4801,'5040',1644,,44681,18,,,0,69,,44682,18,,,0,33,,44683,18,,,0
5301,'5036',744,,45144,5,,,0,157,,45142,5,,,0,200,,45143,5,,,0,130,,45147,5,,,0,173,,45146,5,,,0,153,,45148,5,,,0,97,,45145,23,,,0,173,,45149,5,,,0,127,,45150,5,,,0,170,,45151,5,,,0
5301,'5040',744,,45154,5,,,0,157,,45152,5,,,0,200,,45153,5,,,0,130,,45157,5,,,0,173,,45156,5,,,0,153,,45158,5,,,0,97,,45155,23,,,0,173,,45159,5,,,0,127,,45160,5,,,0,170,,45161,5,,,0
5301,'5041',739,,45167,5,,,0,200,,45168,5,,,0,212,,45166,5,,,0,258,,45163,5,,,0,210,,45164,5,,,0,210,,45165,5,,,0,202,,45162,5,,,0
5301,'5078',739,,45172,5,,,0,200,,45169,5,,,0,212,,45170,5,,,0,258,,45173,5,,,0,210,,45171,5,,,0,210,,45174,5,,,0,202,,45175,5,,,0
5301,'5079',739,,45179,5,,,0,200,,45176,5,,,0,212,,45177,5,,,0,258,,45180,5,,,0,210,,45178,5,,,0,210,,45181,5,,,0,202,,45182,5,,,0
6101,'5036',1538,,46169,18,,,0,71,,46170,18,,,0,34,,46178,18,,,0,63,,46180,18,,,0,17,,46172,18,,,0,21,,46184,18,,,0,79,,46175,18,,,0
6101,'5040',1538,,46205,18,,,0,71,,46206,18,,,0,34,,46214,18,,,0,63,,46216,18,,,0,17,,46208,18,,,0,21,,46220,18,,,0,79,,46211,18,,,0
9501,'5036',526,,48041,13,0,15,0,27,,48049,13,0,15,0,60,,48039,13,0,15,0,14,,48029,13,0,15,0,12,,48033,13,0,15,0,14,,48027,13,0,15,0,52,,48040,13,0,15,0,12,,48018,13,0,15,0,13,,48016,13,0,15,0,12,,48048,13,0,15,0,13,,48015,13,0,15,0,52,,48034,13,0,15,0,12,,48013,13,0,15,0,13,,48014,13,0,15,0,13,,48019,13,0,15,0,12,,48010,13,0,15,0,52,,48008,13,0,15,0,12,,48006,13,0,15,0,12,,48005,13,0,15,0,12,,48050,13,0,15,0,12,,48004,13,0,15,0,52,,48030,13,0,15,0,12,,47997,13,0,15,0,12,,48045,13,0,15,0,12,,48021,13,0,15,0,11,,48009,13,0,15,0,53,,47994,13,0,15,0,12,,47995,13,0,15,0,12,,47988,13,0,15,0,12,,48047,13,0,15,0,12,,47989,13,0,15,0,52,,48028,13,0,15,0,12,,47987,13,0,15,0,12,,48042,13,0,15,0,12,,48017,13,0,15,0,12,,48011,13,0,15,0,51,,47985,13,0,15,0,11,,47996,13,0,15,0,10,,47982,13,0,15,0,10,,47991,13,0,15,0,10,,48046,13,0,15,0,10,,47983,13,0,15,0,51,,48031,13,0,15,0,10,,47981,13,0,15,0,10,,47980,13,0,15,0,10,,48044,13,0,15,0,11,,48020,13,0,15,0,51,,48007,13,0,15,0,11,,47973,13,0,15,0,10,,47974,13,0,15,0,10,,47998,13,0,15,0,11,,47975,13,0,15,0,10,,47990,13,0,15,0,50,,48053,13,0,15,0,10,,47968,13,0,15,0,9,,47984,13,0,15,0,8,,48032,13,0,15,0,8,,47977,13,0,15,0,8,,47969,13,0,15,0,8,,47967,13,0,15,0,48,,48043,13,0,15,0,8,,48025,13,0,15,0,8,,48012,13,0,15,0,8,,47970,13,0,15,0,6,,47965,13,0,15,0,7,,47966,13,0,15,0,8,,48002,13,0,15,0,8,,48056,13,0,15,0,49,,47993,13,0,15,0,8,,47986,13,0,15,0,8,,48054,13,0,15,0,10,,47964,13,0,15,0,10,,48037,13,0,15,0,10,,47978,13,0,15,0,51,,47963,13,0,15,0,12,,48022,13,0,15,0,12,,47972,13,0,15,0,11,,47962,13,0,15,0,11,,48003,13,0,15,0,52,,47992,13,0,15,0,12,,48052,13,0,15,0,14,,48038,13,0,15,0,15,,47979,13,0,15,0,15,,48026,13,0,15,0,55,,47971,13,0,15,0,15,,47961,13,0,15,0,15,,47999,13,0,15,0,15,,48051,13,0,15,0,54,,48036,13,0,15,0,19,,47976,13,0,15,0,20,,48023,13,0,15,0,60,,47960,13,0,15,0,20,,48000,13,0,15,0,26,,48035,13,0,15,0,69,,48024,13,0,15,0,30,,48001,13,0,15,0
9501,'5040',526,,48142,13,0,15,0,27,,48150,13,0,15,0,60,,48140,13,0,15,0,14,,48130,13,0,15,0,12,,48134,13,0,15,0,14,,48128,13,0,15,0,52,,48141,13,0,15,0,12,,48119,13,0,15,0,13,,48117,13,0,15,0,12,,48149,13,0,15,0,13,,48116,13,0,15,0,52,,48135,13,0,15,0,12,,48114,13,0,15,0,13,,48115,13,0,15,0,13,,48120,13,0,15,0,12,,48111,13,0,15,0,52,,48109,13,0,15,0,12,,48107,13,0,15,0,12,,48106,13,0,15,0,12,,48151,13,0,15,0,12,,48105,13,0,15,0,52,,48131,13,0,15,0,12,,48098,13,0,15,0,12,,48146,13,0,15,0,12,,48122,13,0,15,0,11,,48110,13,0,15,0,53,,48095,13,0,15,0,12,,48096,13,0,15,0,12,,48089,13,0,15,0,12,,48148,13,0,15,0,12,,48090,13,0,15,0,52,,48129,13,0,15,0,12,,48088,13,0,15,0,12,,48143,13,0,15,0,12,,48118,13,0,15,0,12,,48112,13,0,15,0,51,,48086,13,0,15,0,11,,48097,13,0,15,0,10,,48083,13,0,15,0,10,,48092,13,0,15,0,10,,48147,13,0,15,0,10,,48084,13,0,15,0,51,,48132,13,0,15,0,10,,48082,13,0,15,0,10,,48081,13,0,15,0,10,,48145,13,0,15,0,11,,48121,13,0,15,0,51,,48108,13,0,15,0,11,,48074,13,0,15,0,10,,48075,13,0,15,0,10,,48099,13,0,15,0,11,,48076,13,0,15,0,10,,48091,13,0,15,0,50,,48154,13,0,15,0,10,,48069,13,0,15,0,9,,48085,13,0,15,0,8,,48133,13,0,15,0,8,,48078,13,0,15,0,8,,48070,13,0,15,0,8,,48068,13,0,15,0,48,,48144,13,0,15,0,8,,48126,13,0,15,0,8,,48113,13,0,15,0,8,,48071,13,0,15,0,6,,48066,13,0,15,0,7,,48067,13,0,15,0,8,,48103,13,0,15,0,8,,48157,13,0,15,0,49,,48094,13,0,15,0,8,,48087,13,0,15,0,8,,48155,13,0,15,0,10,,48064,13,0,15,0,10,,48138,13,0,15,0,10,,48079,13,0,15,0,51,,48063,13,0,15,0,12,,48123,13,0,15,0,12,,48073,13,0,15,0,11,,48060,13,0,15,0,11,,48104,13,0,15,0,52,,48093,13,0,15,0,12,,48153,13,0,15,0,14,,48139,13,0,15,0,15,,48080,13,0,15,0,15,,48127,13,0,15,0,55,,48072,13,0,15,0,15,,48059,13,0,15,0,15,,48100,13,0,15,0,15,,48152,13,0,15,0,54,,48137,13,0,15,0,19,,48077,13,0,15,0,20,,48124,13,0,15,0,60,,48057,13,0,15,0,20,,48101,13,0,15,0,26,,48136,13,0,15,0,69,,48125,13,0,15,0,30,,48102,13,0,15,0,70,,48062,13,0,15,0,30,,48065,13,0,15,0,70,,48058,13,0,15,0,30,,48061,13,0,15,0
9501,'5041',625,,48159,13,0,15,0,77,,48160,13,0,15,0,20,,48161,13,0,15,0,19,,48162,13,0,15,0,60,,48163,13,0,15,0,15,,48164,13,0,15,0,15,,48158,13,0,15,0,15,,48165,13,0,15,0,56,,48166,13,0,15,0,15,,48167,13,0,15,0,16,,48168,13,0,15,0,15,,48169,13,0,15,0,56,,48170,13,0,15,0,15,,48171,13,0,15,0,15,,48172,13,0,15,0,15,,48173,13,0,15,0,56,,48174,13,0,15,0,15,,48175,13,0,15,0,15,,48176,13,0,15,0,16,,48177,13,0,15,0,55,,48178,13,0,15,0,15,,48179,13,0,15,0,14,,48180,13,0,15,0,13,,48181,13,0,15,0,52,,48182,13,0,15,0,12,,48183,13,0,15,0,12,,48184,13,0,15,0,12,,48185,13,0,15,0,12,,48186,13,0,15,0,52,,48187,13,0,15,0,12,,48188,13,0,15,0,12,,48189,13,0,15,0,13,,48190,13,0,15,0,13,,48191,13,0,15,0,52,,48192,13,0,15,0,12,,48193,13,0,15,0,12,,48194,13,0,15,0,13,,48195,13,0,15,0,12,,48196,13,0,15,0,52,,48197,13,0,15,0,11,,48198,13,0,15,0,12,,48199,13,0,15,0,12,,48200,13,0,15,0,11,,48201,13,0,15,0,52,,48202,13,0,15,0,12,,48203,13,0,15,0,12,,48204,13,0,15,0,12,,48205,13,0,15,0,12,,48206,13,0,15,0,52,,48207,13,0,15,0,12,,48208,13,0,15,0,12,,48209,13,0,15,0,12,,48210,13,0,15,0,12,,48211,13,0,15,0,52,,48212,13,0,15,0,12,,48213,13,0,15,0,15,,48214,13,0,15,0,15,,48215,13,0,15,0,15,,48216,13,0,15,0,54,,48217,13,0,15,0,15,,48218,13,0,15,0,15,,48219,13,0,15,0,15,,48220,13,0,15,0,55,,48221,13,0,15,0,14,,48222,13,0,15,0,15,,48223,13,0,15,0,15,,48224,13,0,15,0,55,,48225,13,0,15,0,20,,48226,13,0,15,0,20,,48227,13,0,15,0,60,,48228,13,0,15,0,20,,48229,13,0,15,0,26,,48230,13,0,15,0,68,,48231,13,0,15,0,30,,48232,13,0,15,0,70,,48233,13,0,15,0,29,,48234,13,0,15,0,70,,48235,13,0,15,0,30,,48236,13,0,15,0
9501,'5078',708,,48237,13,0,15,0,30,,48238,13,0,15,0,19,,48239,13,0,15,0,60,,48240,13,0,15,0,20,,48241,13,0,15,0,15,,48242,13,0,15,0,55,,48243,13,0,15,0,16,,48244,13,0,15,0,15,,48245,13,0,15,0,16,,48246,13,0,15,0,55,,48247,13,0,15,0,15,,48248,13,0,15,0,16,,48253,13,0,15,0,15,,48249,13,0,15,0,55,,48250,13,0,15,0,15,,48251,13,0,15,0,15,,48254,13,0,15,0,16,,48255,13,0,15,0,55,,48252,13,0,15,0,15,,48256,13,0,15,0,15,,48257,13,0,15,0,15,,48258,13,0,15,0,55,,48259,13,0,15,0,15,,48260,13,0,15,0,15,,48261,13,0,15,0,16,,48262,13,0,15,0,55,,48263,13,0,15,0,15,,48264,13,0,15,0,15,,48265,13,0,15,0,15,,48266,13,0,15,0,55,,48267,13,0,15,0,15,,48268,13,0,15,0,15,,48269,13,0,15,0,16,,48270,13,0,15,0,53,,48271,13,0,15,0,12,,48272,13,0,15,0,11,,48273,13,0,15,0,13,,48274,13,0,15,0,12,,48275,13,0,15,0,52,,48276,13,0,15,0,13,,48277,13,0,15,0,12,,48278,13,0,15,0,12,,48279,13,0,15,0,52,,48280,13,0,15,0,14,,48281,13,0,15,0,15,,48282,13,0,15,0,14,,48283,13,0,15,0,15,,48284,13,0,15,0,54,,48285,13,0,15,0,15,,48286,13,0,15,0,15,,48287,13,0,15,0,15,,48288,13,0,15,0,55,,48289,13,0,15,0,15,,48290,13,0,15,0,13,,48291,13,0,15,0,15,,48292,13,0,15,0,55,,48293,13,0,15,0,15,,48294,13,0,15,0,15,,48295,13,0,15,0,15,,48296,13,0,15,0,55,,48298,13,0,15,0,20,,48297,13,0,15,0,20,,48299,13,0,15,0,58,,48300,13,0,15,0,20,,48301,13,0,15,0,72,,48302,13,0,15,0,30,,48303,13,0,15,0
9501,'5079',708,,48304,13,0,15,0,30,,48305,13,0,15,0,19,,48306,13,0,15,0,60,,48307,13,0,15,0,20,,48308,13,0,15,0,15,,48309,13,0,15,0,55,,48310,13,0,15,0,16,,48311,13,0,15,0,15,,48312,13,0,15,0,16,,48313,13,0,15,0,55,,48314,13,0,15,0,15,,48315,13,0,15,0,16,,48320,13,0,15,0,15,,48316,13,0,15,0,55,,48317,13,0,15,0,15,,48318,13,0,15,0,15,,48321,13,0,15,0,16,,48322,13,0,15,0,55,,48319,13,0,15,0,15,,48323,13,0,15,0,15,,48324,13,0,15,0,15,,48325,13,0,15,0,55,,48326,13,0,15,0,15,,48327,13,0,15,0,15,,48328,13,0,15,0,16,,48329,13,0,15,0,55,,48330,13,0,15,0,15,,48331,13,0,15,0,15,,48332,13,0,15,0,15,,48333,13,0,15,0,55,,48334,13,0,15,0,15,,48335,13,0,15,0,15,,48336,13,0,15,0,16,,48337,13,0,15,0,53,,48338,13,0,15,0,12,,48339,13,0,15,0,11,,48340,13,0,15,0,13,,48341,13,0,15,0,12,,48342,13,0,15,0,52,,48343,13,0,15,0,13,,48344,13,0,15,0,12,,48345,13,0,15,0,12,,48346,13,0,15,0,52,,48347,13,0,15,0,14,,48348,13,0,15,0,15,,48349,13,0,15,0,14,,48350,13,0,15,0,15,,48351,13,0,15,0,54,,48352,13,0,15,0,15,,48353,13,0,15,0,15,,48354,13,0,15,0,15,,48355,13,0,15,0,55,,48356,13,0,15,0,15,,48357,13,0,15,0,13,,48358,13,0,15,0,15,,48359,13,0,15,0,55,,48360,13,0,15,0,15,,48361,13,0,15,0,15,,48362,13,0,15,0,15,,48363,13,0,15,0,55,,48365,13,0,15,0,20,,48364,13,0,15,0,20,,48366,13,0,15,0,58,,48367,13,0,15,0,20,,48368,13,0,15,0,72,,48369,13,0,15,0,30,,48370,13,0,15,0
24005101,'5036',752,,48878,14,,,0,73,,48876,14,,,0,80,,48875,14,,,0,644,,48871,14,,,0,60,,48870,14,,,0,29,,48872,14,,,0,72,,48873,14,,,0,25,,48877,14,,,0,66,,48874,14,,,0
24005101,'5040',752,,48887,14,,,0,73,,48885,14,,,0,80,,48884,14,,,0,644,,48880,14,,,0,60,,48879,14,,,0,29,,48881,14,,,0,72,,48882,14,,,0,25,,48886,14,,,0,66,,48883,14,,,0
