7000,'5036',540,,46365,24,4,,0,95,,46355,24,4,,0,95,,46353,24,4,,0,105,,46356,24,4,,0,100,,46351,24,4,,0,84,,46366,24,4,,0,116,,46364,24,4,,0,84,,46367,24,4,,0,16,,46362,24,4,,0,100,,46352,24,4,,0,82,,46368,24,4,,0,18,,46358,24,4,,0,100,,46360,24,4,,0,82,,46369,24,4,,0,18,,46354,24,4,,0,100,,46357,24,4,,0,85,,46370,24,4,,0,18,,46359,24,4,,0,97,,46371,24,4,,0,100,,46361,24,4,,0,208,,46363,24,4,,0
7000,'5040',540,,46387,24,4,,0,95,,46377,24,4,,0,95,,46374,24,4,,0,105,,46378,24,4,,0,100,,46372,24,4,,0,84,,46388,24,4,,0,16,,46375,24,4,,0,100,,46386,24,4,,0,84,,46389,24,4,,0,16,,46384,24,4,,0,100,,46373,24,4,,0,82,,46390,24,4,,0,18,,46380,24,4,,0,100,,46382,24,4,,0,82,,46391,24,4,,0,18,,46376,24,4,,0,100,,46379,24,4,,0,85,,46392,24,4,,0,18,,46381,24,4,,0,97,,46393,24,4,,0,100,,46383,24,4,,0,208,,46385,24,4,,0
7000,'5041',540,,46415,24,4,,0,95,,46414,24,4,,0,100,,46416,24,4,,0,86,,46395,24,4,,0,14,,46396,24,4,,0,100,,46397,24,4,,0,87,,46398,24,4,,0,13,,46394,24,4,,0,100,,46399,24,4,,0,84,,46400,24,4,,0,16,,46401,24,4,,0,100,,46402,24,4,,0,85,,46403,24,4,,0,15,,46404,24,4,,0,100,,46405,24,4,,0,85,,46406,24,4,,0,15,,46407,24,4,,0,100,,46408,24,4,,0,84,,46409,24,4,,0,16,,46410,24,4,,0,100,,46413,24,4,,0,100,,46411,24,4,,0,210,,46412,24,4,,0
7000,'5074',1035,,46417,24,4,,0
7000,'5077',1035,,46418,24,4,,0
7000,'5078',635,,46425,24,4,,0,100,,46439,24,4,,0,100,,46419,24,4,,0,100,,46438,24,4,,0,86,,46420,24,4,,0,14,,46421,24,4,,0,100,,46422,24,4,,0,84,,46423,24,4,,0,16,,46424,24,4,,0,100,,46426,24,4,,0,84,,46427,24,4,,0,16,,46428,24,4,,0,100,,46429,24,4,,0,84,,46430,24,4,,0,16,,46431,24,4,,0,100,,46432,24,4,,0,85,,46433,24,4,,0,15,,46434,24,4,,0,100,,46435,24,4,,0,100,,46436,24,4,,0,100,,46440,24,4,,0,110,,46437,24,4,,0
7000,'5079',635,,46447,24,4,,0,100,,46461,24,4,,0,100,,46441,24,4,,0,100,,46460,24,4,,0,86,,46442,24,4,,0,14,,46443,24,4,,0,83,,46463,24,4,,0,17,,46444,24,4,,0,84,,46445,24,4,,0,16,,46446,24,4,,0,82,,46464,24,4,,0,18,,46448,24,4,,0,84,,46449,24,4,,0,16,,46450,24,4,,0,84,,46465,24,4,,0,16,,46451,24,4,,0,84,,46452,24,4,,0,16,,46453,24,4,,0,82,,46468,24,4,,0,18,,46454,24,4,,0,85,,46455,24,4,,0,15,,46456,24,4,,0,84,,46466,24,4,,0,16,,46457,24,4,,0,83,,46467,24,4,,0,17,,46458,24,4,,0,100,,46462,24,4,,0,110,,46459,24,4,,0
7001,'5036',657,,46474,1,,,0,143,,46469,1,,,0,55,,46477,1,,,0,100,,46470,1,,,0,202,,46483,1,,,0,100,,46481,1,,,0,100,,46471,1,,,0,100,,46476,1,,,0,99,,46479,1,,,0,71,,46472,1,,,0,73,,46473,1,,,0,100,,46475,1,,,0,100,,46478,1,,,0,100,,46485,1,,,0,100,,46480,1,,,0,100,,46484,1,,,0,100,,46482,1,,,0
7001,'5040',657,,46492,1,,,0,143,,46486,1,,,0,55,,46495,1,,,0,100,,46487,1,,,0,102,,46488,1,,,0,100,,46501,1,,,0,100,,46499,1,,,0,100,,46489,1,,,0,100,,46494,1,,,0,99,,46497,1,,,0,71,,46490,1,,,0,73,,46491,1,,,0,100,,46493,1,,,0,100,,46496,1,,,0,100,,46503,1,,,0,100,,46498,1,,,0,100,,46502,1,,,0,100,,46500,1,,,0
7001,'5041',855,,46504,1,,,0,102,,46505,1,,,0,100,,46506,1,,,0,100,,46507,1,,,0,100,,46508,1,,,0,143,,46509,1,,,0,100,,46510,1,,,0,100,,46511,1,,,0,57,,46512,1,,,0,100,,46513,1,,,0,100,,46514,1,,,0,100,,46517,1,,,0,100,,46515,1,,,0,200,,46516,1,,,0
7001,'5074',1057,,46518,1,,,0
7001,'5077',1057,,46519,1,,,0
7001,'5078',855,,46520,1,,,0,100,,46534,1,,,0,100,,46521,1,,,0,100,,46522,1,,,0,102,,46523,1,,,0,100,,46524,1,,,0,100,,46525,1,,,0,100,,46526,1,,,0,143,,46527,1,,,0,100,,46528,1,,,0,100,,46529,1,,,0,100,,46530,1,,,0,100,,46531,1,,,0,100,,46535,1,,,0,100,,46532,1,,,0,100,,46533,1,,,0
7001,'5079',855,,46536,1,,,0,100,,46550,1,,,0,100,,46537,1,,,0,100,,46538,1,,,0,102,,46539,1,,,0,100,,46540,1,,,0,100,,46541,1,,,0,100,,46542,1,,,0,143,,46543,1,,,0,100,,46544,1,,,0,100,,46545,1,,,0,100,,46546,1,,,0,100,,46547,1,,,0,100,,46551,1,,,0,100,,46548,1,,,0,100,,46549,1,,,0
7100,'5036',1619,,46552,44,4,,0,104,,46553,44,4,,0,103,,46554,44,4,,0
7100,'5040',1619,,46555,44,4,,0,104,,46556,44,4,,0,103,,46557,44,4,,0
7101,'5036',553,,46560,1,,,0,70,,46559,1,,,0,85,,46558,1,,,0
7101,'5040',553,,46563,1,,,0,70,,46562,1,,,0,85,,46561,1,,,0
7200,'5036',630,,46585,63,4,,0,70,,46579,63,4,,0,110,,46584,63,4,,0,30,,46591,63,4,,0,70,,46572,63,4,,0,30,,46586,63,4,,0,70,,46580,63,4,,0,30,,46567,63,4,,0,71,,46587,63,4,,0,29,,46576,63,4,,0,72,,46571,63,4,,0,28,,46565,63,4,,0,70,,46566,63,4,,0,100,,46564,63,4,,0,30,,46592,63,4,,0,70,,46568,63,4,,0,30,,46573,63,4,,0,70,,46570,63,4,,0,30,,46569,63,4,,0,100,,46574,63,4,,0,70,,46593,63,4,,0,32,,46581,63,4,,0,68,,46575,63,4,,0,31,,46578,63,4,,0,69,,46577,63,4,,0,30,,46583,63,4,,0,70,,46589,63,4,,0,30,,46582,63,4,,0,101,,46588,63,4,,0,99,,46590,63,4,,0
7200,'5040',630,,46619,63,4,,0,70,,46613,63,4,,0,40,,46602,63,4,,0,70,,46618,63,4,,0,30,,46625,63,4,,0,70,,46606,63,4,,0,30,,46620,63,4,,0,70,,46614,63,4,,0,30,,46598,63,4,,0,71,,46621,63,4,,0,29,,46610,63,4,,0,72,,46604,63,4,,0,28,,46596,63,4,,0,70,,46597,63,4,,0,30,,46603,63,4,,0,70,,46595,63,4,,0,30,,46626,63,4,,0,70,,46599,63,4,,0,30,,46607,63,4,,0,70,,46601,63,4,,0,30,,46600,63,4,,0,70,,46605,63,4,,0,30,,46608,63,4,,0,70,,46627,63,4,,0,32,,46615,63,4,,0,68,,46609,63,4,,0,31,,46612,63,4,,0,69,,46611,63,4,,0,30,,46617,63,4,,0,70,,46623,63,4,,0,30,,46616,63,4,,0,101,,46622,63,4,,0,99,,46624,63,4,,0
7200,'5041',640,,46629,63,4,,0,100,,46630,63,4,,0,70,,46631,63,4,,0,30,,46632,63,4,,0,70,,46633,63,4,,0,30,,46634,63,4,,0,70,,46635,63,4,,0,30,,46636,63,4,,0,70,,46637,63,4,,0,30,,46638,63,4,,0,70,,46639,63,4,,0,30,,46640,63,4,,0,70,,46641,63,4,,0,30,,46642,63,4,,0,70,,46643,63,4,,0,30,,46644,63,4,,0,70,,46645,63,4,,0,30,,46646,63,4,,0,70,,46647,63,4,,0,30,,46648,63,4,,0,70,,46649,63,4,,0,30,,46650,63,4,,0,70,,46651,63,4,,0,30,,46652,63,4,,0,70,,46653,63,4,,0,30,,46654,63,4,,0,70,,46655,63,4,,0,30,,46656,63,4,,0,70,,46657,63,4,,0,30,,46658,63,4,,0,100,,46659,63,4,,0,100,,46660,63,4,,0
7200,'5074',740,,46662,63,4,,0,600,,46663,63,4,,0,370,,46664,63,4,,0
7200,'5077',740,,46665,63,4,,0,600,,46666,63,4,,0,370,,46667,63,4,,0
7200,'5078',740,,46668,63,4,,0,100,,46669,63,4,,0,100,,46672,63,4,,0,100,,46670,63,4,,0,100,,46671,63,4,,0,70,,46673,63,4,,0,30,,46674,63,4,,0,70,,46675,63,4,,0,30,,46676,63,4,,0,70,,46677,63,4,,0,30,,46678,63,4,,0,70,,46679,63,4,,0,30,,46680,63,4,,0,70,,46681,63,4,,0,30,,46682,63,4,,0,70,,46683,63,4,,0,30,,46684,63,4,,0,70,,46685,63,4,,0,30,,46686,63,4,,0,70,,46687,63,4,,0,30,,46688,63,4,,0,70,,46689,63,4,,0,30,,46690,63,4,,0,100,,46691,63,4,,0,100,,46692,63,4,,0,100,,46693,63,4,,0
7200,'5079',740,,46695,63,4,,0,100,,46696,63,4,,0,100,,46699,63,4,,0,100,,46697,63,4,,0,100,,46698,63,4,,0,70,,46700,63,4,,0,30,,46701,63,4,,0,70,,46702,63,4,,0,30,,46703,63,4,,0,70,,46704,63,4,,0,30,,46705,63,4,,0,70,,46706,63,4,,0,30,,46707,63,4,,0,70,,46708,63,4,,0,30,,46709,63,4,,0,70,,46710,63,4,,0,30,,46711,63,4,,0,70,,46712,63,4,,0,30,,46713,63,4,,0,70,,46714,63,4,,0,30,,46715,63,4,,0,70,,46716,63,4,,0,30,,46717,63,4,,0,100,,46718,63,4,,0,100,,46719,63,4,,0,100,,46720,63,4,,0
8100,'5036',629,,47191,39,4,,0,193,,47192,39,4,,0,121,,47193,39,4,,0,97,,47194,39,4,,0,100,,47195,39,4,,0,100,,47196,39,4,,0,100,,47197,39,4,,0,100,,47198,39,4,,0,100,,47199,39,4,,0,100,,47201,39,4,,0,100,,47202,39,4,,0,87,,47203,39,4,,0,114,,47204,39,4,,0,99,,47205,39,4,,0
8100,'5040',629,,47207,39,4,,0,193,,47208,39,4,,0,121,,47209,39,4,,0,97,,47210,39,4,,0,100,,47211,39,4,,0,100,,47212,39,4,,0,100,,47213,39,4,,0,100,,47214,39,4,,0,100,,47215,39,4,,0,100,,47217,39,4,,0,100,,47218,39,4,,0,87,,47219,39,4,,0,114,,47220,39,4,,0,99,,47221,39,4,,0
8100,'5041',840,,47223,39,4,,0,100,,47224,39,4,,0,100,,47225,39,4,,0,100,,47226,39,4,,0,100,,47227,39,4,,0,100,,47228,39,4,,0,100,,47229,39,4,,0,100,,47230,39,4,,0,100,,47231,39,4,,0,100,,47232,39,4,,0,100,,47233,39,4,,0,100,,47234,39,4,,0,100,,47235,39,4,,0
8100,'5078',840,,47238,39,4,,0,100,,47237,39,4,,0,100,,47239,39,4,,0,100,,47240,39,4,,0,100,,47241,39,4,,0,100,,47242,39,4,,0,100,,47243,39,4,,0,100,,47244,39,4,,0,100,,47245,39,4,,0,100,,47246,39,4,,0,100,,47247,39,4,,0,100,,47248,39,4,,0,102,,47249,39,4,,0
8100,'5079',840,,47252,39,4,,0,100,,47251,39,4,,0,100,,47253,39,4,,0,100,,47254,39,4,,0,100,,47255,39,4,,0,100,,47256,39,4,,0,100,,47257,39,4,,0,100,,47258,39,4,,0,100,,47259,39,4,,0,100,,47260,39,4,,0,100,,47261,39,4,,0,100,,47262,39,4,,0,102,,47263,39,4,,0
24007001,'5036',1055,,48889,1,,,0,200,,48890,1,,,0,200,,48891,1,,,0,202,,48892,1,,,0,200,,48893,1,,,0,200,,48894,1,,,0
24007001,'5040',1055,,48896,1,,,0,200,,48897,1,,,0,200,,48898,1,,,0,202,,48899,1,,,0,200,,48900,1,,,0,200,,48901,1,,,0
24007001,'5041',1055,,48902,1,,,0,200,,48903,1,,,0,202,,48904,1,,,0,198,,48905,1,,,0,200,,48906,1,,,0,200,,48907,1,,,0
24007001,'5078',1053,,48909,1,,,0,202,,48910,1,,,0,200,,48911,1,,,0,202,,48912,1,,,0,200,,48913,1,,,0,200,,48914,1,,,0
24007001,'5079',849,,48923,1,,,0,101,,48926,1,,,0,103,,48916,1,,,0,97,,48924,1,,,0,105,,48917,1,,,0,95,,48927,1,,,0,105,,48918,1,,,0,95,,48925,1,,,0,107,,48919,1,,,0,93,,48928,1,,,0,107,,48920,1,,,0,92,,48929,1,,,0,108,,48921,1,,,0
