5301,'5036',805,,45144,27,,,0,115,,45142,27,,,0,199,,45143,27,,,0,131,,45147,27,,,0,173,,45146,27,,,0,193,,45148,27,,,0,99,,45145,45,,,0,131,,45149,27,,,0,167,,45150,27,,,0,130,,45151,27,,,0
5301,'5040',805,,45154,27,,,0,115,,45152,27,,,0,199,,45153,27,,,0,131,,45157,27,,,0,173,,45156,27,,,0,193,,45158,27,,,0,99,,45155,45,,,0,131,,45159,27,,,0,167,,45160,27,,,0,130,,45161,27,,,0
5301,'5041',755,,45167,27,,,0,200,,45168,27,,,0,254,,45166,27,,,0,217,,45163,27,,,0,211,,45164,27,,,0,209,,45165,27,,,0,201,,45162,27,,,0
5301,'5078',755,,45172,27,,,0,200,,45169,27,,,0,253,,45170,27,,,0,218,,45173,27,,,0,209,,45171,27,,,0,210,,45174,27,,,0,202,,45175,27,,,0
5301,'5079',755,,45179,27,,,0,200,,45176,27,,,0,253,,45177,27,,,0,218,,45180,27,,,0,209,,45178,27,,,0,210,,45181,27,,,0,202,,45182,27,,,0
5700,'5036',545,,45342,5,,,0,86,,45346,5,,,0,84,,45352,5,,,0,88,,45344,5,,,0,45,,45343,5,,,0,87,,45345,5,,,0,84,,45347,5,,,0,85,,45348,5,,,0,45,,45350,5,,,0,85,,45349,5,,,0,85,,45351,5,,,0,88,,45353,5,,,0,99,,45362,5,,,0,33,,45354,5,,,0,84,,45355,5,,,0,87,,45357,5,,,0,48,,45356,5,,,0,88,,45358,5,,,0,100,,45359,5,,,0,156,,45360,5,,,0,110,,45361,5,,,0
5700,'5040',545,,45363,5,,,0,86,,45367,5,,,0,84,,45373,5,,,0,88,,45365,5,,,0,45,,45364,5,,,0,87,,45366,5,,,0,84,,45368,5,,,0,85,,45369,5,,,0,45,,45371,5,,,0,85,,45370,5,,,0,85,,45372,5,,,0,88,,45374,5,,,0,99,,45383,5,,,0,33,,45375,5,,,0,84,,45376,5,,,0,87,,45378,5,,,0,48,,45377,5,,,0,88,,45379,5,,,0,100,,45380,5,,,0,156,,45381,5,,,0,110,,45382,5,,,0
5700,'5041',720,,45398,5,,,0,96,,45386,5,,,0,105,,45389,5,,,0,100,,45384,5,,,0,107,,45387,5,,,0,110,,45392,5,,,0,100,,45388,5,,,0,110,,45393,5,,,0,101,,45396,5,,,0,108,,45397,5,,,0,91,,45395,5,,,0,155,,45391,5,,,0,100,,45390,5,,,0,100,,45385,5,,,0,113,,45394,5,,,0
5700,'5078',720,,45401,5,,,0,98,,45399,5,,,0,105,,45403,5,,,0,100,,45400,5,,,0,105,,45402,5,,,0,110,,45405,5,,,0,100,,45406,5,,,0,110,,45404,5,,,0,100,,45407,5,,,0,110,,45412,5,,,0,90,,45413,5,,,0,154,,45409,5,,,0,100,,45410,5,,,0,101,,45408,5,,,0,45,,45411,5,,,0
5700,'5079',720,,45416,5,,,0,98,,45414,5,,,0,105,,45418,5,,,0,100,,45415,5,,,0,105,,45417,5,,,0,110,,45420,5,,,0,100,,45421,5,,,0,110,,45419,5,,,0,100,,45422,5,,,0,110,,45427,5,,,0,90,,45428,5,,,0,154,,45424,5,,,0,100,,45425,5,,,0,101,,45423,5,,,0,45,,45426,5,,,0
