100,'4744',720,,5,,,0,83,,4,,,0,724,,3,,,0,87,,2,,,0,99,,1,,,0
100,'4870',720,,10,,,0,83,,9,,,0,724,,8,,,0,87,,7,,,0,99,,6,,,0
100,'4875',720,,15,,,0,83,,14,,,0,724,,13,,,0,87,,12,,,0,99,,11,,,0
200,'4487',622,,50,,,0,111,,53,,,0,124,,51,,,0,81,,39,,,0,87,,52,,,0,80,,37,,,0,40,,31,,,0,81,,38,,,0,80,,32,,,0,41,,45,,,0,81,,33,,,0,81,,36,,,0,40,,35,,,0,79,,34,,,0,80,,49,,,0,39,,48,,,0,74,,47,,,0,80,,41,,,0,34,,42,,,0,94,,44,,,0,80,,43,,,0,45,,59,,,0,80,,56,,,0,80,,55,,,0,37,,57,,,0,78,,54,,,0
200,'4743',622,,80,,,0,111,,83,,,0,124,,81,,,0,81,,69,,,0,87,,82,,,0,80,,67,,,0,40,,61,,,0,81,,68,,,0,80,,62,,,0,41,,75,,,0,81,,63,,,0,81,,66,,,0,40,,65,,,0,79,,64,,,0,80,,79,,,0,39,,78,,,0,74,,77,,,0,80,,71,,,0,34,,72,,,0,94,,74,,,0,80,,73,,,0,45,,89,,,0,80,,86,,,0,80,,85,,,0,37,,87,,,0,78,,84,,,0
200,'4744',617,,107,,,0,38,,99,,,0,60,,94,,,0,33,,108,,,0,72,,102,,,0,31,,93,,,0,71,,106,,,0,30,,103,,,0,86,,92,,,0,78,,95,,,0,42,,96,,,0,81,,105,,,0,80,,98,,,0,81,,97,,,0,41,,104,,,0,79,,100,,,0,34,,101,,,0,76,,109,,,0,77,,110,,,0,46,,112,,,0,72,,111,,,0,79,,116,,,0,49,,114,,,0,78,,115,,,0,82,,120,,,0,40,,119,,,0,78,,121,,,0,78,,122,,,0,39,,123,,,0,78,,124,,,0
200,'4745',718,,148,,,0,122,,147,,,0,163,,146,,,0,101,,127,,,0,41,,145,,,0,81,,133,,,0,80,,131,,,0,40,,126,,,0,82,,128,,,0,80,,139,,,0,40,,134,,,0,80,,129,,,0,79,,132,,,0,39,,130,,,0,73,,140,,,0,39,,136,,,0,94,,141,,,0,80,,137,,,0,80,,143,,,0,38,,144,,,0,80,,142,,,0,79,,149,,,0,39,,150,,,0
200,'4870',617,,167,,,0,38,,159,,,0,60,,154,,,0,33,,168,,,0,72,,162,,,0,31,,153,,,0,71,,166,,,0,30,,163,,,0,86,,152,,,0,78,,155,,,0,42,,156,,,0,81,,165,,,0,80,,158,,,0,81,,157,,,0,41,,164,,,0,79,,160,,,0,34,,161,,,0,76,,169,,,0,77,,170,,,0,46,,172,,,0,72,,171,,,0,79,,176,,,0,49,,174,,,0,78,,175,,,0,82,,180,,,0,40,,179,,,0,78,,181,,,0,78,,182,,,0,39,,183,,,0,78,,184,,,0
200,'4875',617,,202,,,0,38,,194,,,0,60,,189,,,0,33,,203,,,0,72,,197,,,0,31,,188,,,0,71,,201,,,0,30,,198,,,0,86,,187,,,0,78,,190,,,0,42,,191,,,0,81,,200,,,0,80,,193,,,0,81,,192,,,0,41,,199,,,0,79,,195,,,0,34,,196,,,0,76,,204,,,0,77,,205,,,0,46,,207,,,0,72,,206,,,0,79,,211,,,0,49,,209,,,0,78,,210,,,0,82,,215,,,0,40,,214,,,0,78,,216,,,0,78,,217,,,0,39,,218,,,0,78,,219,,,0
200,'4876',622,,241,,,0,111,,244,,,0,124,,242,,,0,81,,230,,,0,87,,243,,,0,80,,228,,,0,40,,222,,,0,81,,229,,,0,80,,223,,,0,41,,236,,,0,81,,224,,,0,81,,227,,,0,40,,226,,,0,79,,225,,,0,80,,240,,,0,39,,239,,,0,74,,238,,,0,80,,232,,,0,34,,233,,,0,94,,235,,,0,80,,234,,,0,45,,250,,,0,80,,247,,,0,80,,246,,,0,37,,248,,,0,78,,245,,,0
200,'4877',718,,274,,,0,122,,273,,,0,163,,272,,,0,101,,253,,,0,41,,271,,,0,81,,259,,,0,80,,257,,,0,40,,252,,,0,82,,254,,,0,80,,265,,,0,40,,260,,,0,80,,255,,,0,79,,258,,,0,39,,256,,,0,73,,266,,,0,39,,262,,,0,94,,267,,,0,80,,263,,,0,80,,269,,,0,38,,270,,,0,80,,268,,,0,79,,275,,,0,39,,276,,,0
