701,'4487',717,,3495,4,,0,30,,3479,4,,0,73,,3488,4,,0,32,,3472,4,,0,70,,3496,4,,0,29,,3480,4,,0,73,,3489,4,,0,27,,3468,4,,0,70,,3470,4,,0,29,,3490,4,,0,71,,3476,4,,0,29,,3483,4,,0,68,,3469,4,,0,31,,3471,4,,0,70,,3491,4,,0,30,,3475,4,,0,69,,3484,4,,0,31,,3473,4,,0,70,,3474,4,,0,33,,3492,4,,0,70,,3477,4,,0,29,,3486,4,,0,71,,3478,4,,0,29,,3481,4,,0,69,,3493,4,,0,30,,3482,4,,0,75,,3487,4,,0,76,,3485,4,,0,28,,3494,4,,0
701,'4744',628,,3526,4,,0,30,,3532,4,,0,65,,3527,4,,0,15,,3547,4,,0,19,,3536,4,,0,52,,3566,4,,0,7,,3552,4,,0,10,,3565,4,,0,7,,3535,4,,0,10,,3567,4,,0,8,,3533,4,,0,56,,3531,4,,0,17,,3538,4,,0,14,,3546,4,,0,19,,3534,4,,0,60,,3537,4,,0,20,,20720,4,,0,19,,3529,4,,0,61,,3530,4,,0,20,,3540,4,,0,21,,3542,4,,0,60,,3528,4,,0,20,,3539,4,,0,65,,20717,4,,0,20,,3544,4,,0,20,,3545,4,,0,61,,3549,4,,0,19,,3543,4,,0,22,,3541,4,,0,63,,3548,4,,0,22,,3570,4,,0,18,,20719,4,,0,58,,3555,4,,0,14,,3553,4,,0,24,,3572,4,,0,59,,3551,4,,0,15,,3573,4,,0,20,,3554,4,,0,14,,3556,4,,0,56,,3571,4,,0,18,,20718,4,,0,19,,3561,4,,0,57,,3563,4,,0,30,,3562,4,,0,69,,3560,4,,0,30,,20721,4,,0,69,,3568,4,,0,30,,3569,4,,0
701,'4745',726,,3586,4,,0,80,,3575,4,,0,41,,3587,4,,0,76,,3588,4,,0,25,,3574,4,,0,70,,3576,4,,0,31,,3589,4,,0,69,,3577,4,,0,31,,3592,4,,0,69,,3578,4,,0,31,,3579,4,,0,70,,3591,4,,0,28,,3590,4,,0,69,,3593,4,,0,30,,20722,4,,0,69,,3581,4,,0,31,,3582,4,,0,73,,3584,4,,0,32,,3583,4,,0,69,,3580,4,,0,30,,3585,4,,0,69,,3595,4,,0,32,,3596,4,,0,74,,3597,4,,0,34,,3599,4,,0,69,,3598,4,,0
701,'4947',628,,3600,4,,0,30,,3606,4,,0,65,,3601,4,,0,15,,3621,4,,0,19,,3610,4,,0,52,,3639,4,,0,7,,3626,4,,0,10,,3638,4,,0,7,,3609,4,,0,10,,3640,4,,0,8,,3607,4,,0,56,,3605,4,,0,17,,3612,4,,0,14,,3620,4,,0,19,,3608,4,,0,60,,3611,4,,0,20,,20726,4,,0,19,,3603,4,,0,61,,3604,4,,0,20,,3614,4,,0,21,,3616,4,,0,60,,3602,4,,0,20,,3613,4,,0,65,,20723,4,,0,20,,3618,4,,0,20,,3619,4,,0,61,,3623,4,,0,19,,3617,4,,0,22,,3615,4,,0,63,,3622,4,,0,22,,3643,4,,0,18,,20725,4,,0,58,,3628,4,,0,14,,3627,4,,0,24,,3645,4,,0,59,,3625,4,,0,15,,3646,4,,0,34,,3629,4,,0,56,,3644,4,,0,18,,20724,4,,0,19,,3634,4,,0,57,,3636,4,,0,30,,3635,4,,0,69,,3633,4,,0,30,,20727,4,,0,69,,3641,4,,0,30,,3642,4,,0
701,'4949',1738,,3648,4,,0
701,'4950',1738,,3647,4,,0
701,'4952',628,,3649,4,,0,30,,3655,4,,0,65,,3650,4,,0,15,,3670,4,,0,19,,3659,4,,0,52,,3689,4,,0,7,,3675,4,,0,10,,3688,4,,0,7,,3658,4,,0,10,,3690,4,,0,8,,3656,4,,0,56,,3654,4,,0,17,,3661,4,,0,14,,3669,4,,0,19,,3657,4,,0,60,,3660,4,,0,20,,20731,4,,0,19,,3652,4,,0,61,,3653,4,,0,20,,3663,4,,0,21,,3665,4,,0,60,,3651,4,,0,20,,3662,4,,0,65,,20728,4,,0,20,,3667,4,,0,20,,3668,4,,0,61,,3672,4,,0,19,,3666,4,,0,22,,3664,4,,0,63,,3671,4,,0,22,,3693,4,,0,18,,20730,4,,0,58,,3678,4,,0,14,,3676,4,,0,24,,3695,4,,0,59,,3674,4,,0,15,,3696,4,,0,20,,3677,4,,0,14,,3679,4,,0,56,,3694,4,,0,18,,20729,4,,0,19,,3684,4,,0,57,,3686,4,,0,30,,3685,4,,0,69,,3683,4,,0,30,,20732,4,,0,69,,3691,4,,0,30,,3692,4,,0
701,'4953',717,,3724,4,,0,30,,3708,4,,0,73,,3717,4,,0,32,,3701,4,,0,70,,3725,4,,0,29,,3709,4,,0,73,,3718,4,,0,27,,3697,4,,0,70,,3699,4,,0,29,,3719,4,,0,71,,3705,4,,0,29,,3712,4,,0,68,,3698,4,,0,31,,3700,4,,0,70,,3720,4,,0,30,,3704,4,,0,69,,3713,4,,0,31,,3702,4,,0,70,,3703,4,,0,33,,3721,4,,0,70,,3706,4,,0,29,,3715,4,,0,71,,3707,4,,0,29,,3710,4,,0,69,,3722,4,,0,30,,3711,4,,0,75,,3716,4,,0,76,,3714,4,,0,28,,3723,4,,0
701,'4954',726,,3738,4,,0,80,,3727,4,,0,41,,3739,4,,0,76,,3740,4,,0,25,,3726,4,,0,70,,3728,4,,0,31,,3741,4,,0,69,,3729,4,,0,31,,3744,4,,0,69,,3730,4,,0,31,,3731,4,,0,70,,3743,4,,0,28,,3742,4,,0,69,,3745,4,,0,30,,3746,4,,0,69,,3733,4,,0,31,,3734,4,,0,73,,3736,4,,0,32,,3735,4,,0,69,,3732,4,,0,30,,3737,4,,0,69,,3747,4,,0,32,,3748,4,,0,74,,3749,4,,0,34,,3751,4,,0,69,,3750,4,,0
1100,'4487',754,,4369,4,,0,77,,4353,4,,0,76,,4339,4,,0,31,,4343,4,,0,70,,4370,4,,0,32,,4361,4,,0,66,,4348,4,,0,25,,4340,4,,0,26,,4346,4,,0,69,,4358,4,,0,25,,4342,4,,0,65,,4356,4,,0,26,,4350,4,,0,65,,4341,4,,0,26,,4344,4,,0,26,,4357,4,,0,65,,4349,4,,0,25,,4360,4,,0,67,,4352,4,,0,25,,4347,4,,0,62,,4351,4,,0,23,,4368,4,,0,23,,4345,4,,0,63,,4359,4,,0,24,,4371,4,,0,65,,4362,4,,0,25,,4354,4,,0,24,,4355,4,,0,63,,4364,4,,0,25,,4366,4,,0,64,,4363,4,,0,30,,4365,4,,0,70,,4367,4,,0,33,,4372,4,,0,75,,4373,4,,0,29,,4374,4,,0,69,,4375,4,,0,38,,4376,4,,0
1100,'4744',605,,4455,4,,0,33,,4448,4,,0,74,,4431,4,,0,20,,4460,4,,0,22,,4437,4,,0,58,,4457,4,,0,20,,4440,4,,0,17,,4420,4,,0,56,,4446,4,,0,17,,4423,4,,0,17,,4441,4,,0,19,,4461,4,,0,64,,4436,4,,0,24,,4458,4,,0,68,,4421,4,,0,25,,4449,4,,0,65,,4439,4,,0,26,,4463,4,,0,26,,4438,4,,0,65,,4454,4,,0,27,,4422,4,,0,65,,4450,4,,0,24,,4435,4,,0,19,,4416,4,,0,59,,4462,4,,0,18,,4433,4,,0,18,,4415,4,,0,58,,4456,4,,0,20,,4424,4,,0,20,,4426,4,,0,60,,4447,4,,0,18,,4432,4,,0,12,,4419,4,,0,15,,4464,4,,0,57,,4434,4,,0,17,,4425,4,,0,18,,4459,4,,0,54,,4418,4,,0,16,,4417,4,,0,18,,4442,4,,0,24,,4429,4,,0,69,,4430,4,,0,74,,4452,4,,0,30,,4427,4,,0,75,,4428,4,,0,29,,20733,4,,0,72,,4451,4,,0,30,,4445,4,,0,69,,4444,4,,0,44,,20734,4,,0
1100,'4745',809,,4466,4,,0,40,,4465,4,,0,81,,4468,4,,0,73,,4467,4,,0,31,,4470,4,,0,76,,4469,4,,0,35,,4474,4,,0,71,,4472,4,,0,30,,4471,4,,0,73,,4473,4,,0,30,,4477,4,,0,70,,4478,4,,0,30,,4476,4,,0,71,,4475,4,,0,30,,4481,4,,0,70,,4480,4,,0,29,,4479,4,,0,70,,4483,4,,0,28,,4484,4,,0,68,,4482,4,,0,28,,4485,4,,0,69,,4486,4,,0,30,,4488,4,,0,85,,4487,4,,0,85,,4489,4,,0,44,,4490,4,,0,77,,4491,4,,0,84,,4492,4,,0,85,,4493,4,,0
1100,'4947',605,,4534,4,,0,33,,4527,4,,0,74,,4510,4,,0,20,,4539,4,,0,22,,4516,4,,0,58,,4536,4,,0,20,,4519,4,,0,17,,4499,4,,0,56,,4525,4,,0,17,,4502,4,,0,17,,4520,4,,0,19,,4540,4,,0,64,,4515,4,,0,24,,4537,4,,0,68,,4500,4,,0,25,,4528,4,,0,65,,4518,4,,0,26,,4542,4,,0,26,,4517,4,,0,65,,4533,4,,0,27,,4501,4,,0,65,,4529,4,,0,24,,4514,4,,0,19,,4495,4,,0,59,,4541,4,,0,18,,4512,4,,0,18,,4494,4,,0,58,,4535,4,,0,20,,4503,4,,0,20,,4505,4,,0,60,,4526,4,,0,18,,4511,4,,0,12,,4498,4,,0,15,,4543,4,,0,57,,4513,4,,0,17,,4504,4,,0,18,,4538,4,,0,54,,4497,4,,0,16,,4496,4,,0,18,,4521,4,,0,24,,4508,4,,0,69,,4509,4,,0,74,,4531,4,,0,30,,4506,4,,0,75,,4507,4,,0,29,,20735,4,,0,72,,4530,4,,0,30,,4524,4,,0,69,,4523,4,,0,44,,20736,4,,0
1100,'4952',605,,4584,4,,0,33,,4577,4,,0,74,,4560,4,,0,20,,4589,4,,0,22,,4566,4,,0,58,,4586,4,,0,20,,4569,4,,0,17,,4549,4,,0,56,,4575,4,,0,17,,4552,4,,0,17,,4570,4,,0,19,,4590,4,,0,64,,4565,4,,0,24,,4587,4,,0,68,,4550,4,,0,25,,4578,4,,0,65,,4568,4,,0,26,,4592,4,,0,26,,4567,4,,0,65,,4583,4,,0,27,,4551,4,,0,65,,4579,4,,0,24,,4564,4,,0,19,,4545,4,,0,59,,4591,4,,0,18,,4562,4,,0,18,,4544,4,,0,58,,4585,4,,0,20,,4553,4,,0,20,,4555,4,,0,60,,4576,4,,0,18,,4561,4,,0,12,,4548,4,,0,15,,4593,4,,0,57,,4563,4,,0,17,,4554,4,,0,18,,4588,4,,0,54,,4547,4,,0,16,,4546,4,,0,18,,4571,4,,0,24,,4558,4,,0,69,,4559,4,,0,74,,4581,4,,0,30,,4556,4,,0,75,,4557,4,,0,29,,20737,4,,0,72,,4580,4,,0,30,,4574,4,,0,69,,4573,4,,0,44,,20738,4,,0
1100,'4953',754,,4624,4,,0,77,,4608,4,,0,76,,4594,4,,0,31,,4598,4,,0,70,,4625,4,,0,32,,4616,4,,0,66,,4603,4,,0,25,,4595,4,,0,26,,4601,4,,0,69,,4613,4,,0,25,,4597,4,,0,65,,4611,4,,0,26,,4605,4,,0,65,,4596,4,,0,26,,4599,4,,0,26,,4612,4,,0,65,,4604,4,,0,25,,4615,4,,0,67,,4607,4,,0,25,,4602,4,,0,62,,4606,4,,0,23,,4623,4,,0,23,,4600,4,,0,63,,4614,4,,0,24,,4626,4,,0,65,,4617,4,,0,25,,4609,4,,0,24,,4610,4,,0,63,,4619,4,,0,25,,4621,4,,0,64,,4618,4,,0,30,,4620,4,,0,70,,4622,4,,0,33,,4627,4,,0,75,,4628,4,,0,29,,4629,4,,0,69,,4630,4,,0,38,,4631,4,,0
1100,'4954',809,,4633,4,,0,40,,4632,4,,0,81,,4635,4,,0,73,,4634,4,,0,31,,4637,4,,0,76,,4636,4,,0,35,,4641,4,,0,71,,4639,4,,0,30,,4638,4,,0,73,,4640,4,,0,30,,4644,4,,0,70,,4645,4,,0,30,,4643,4,,0,71,,4642,4,,0,30,,4648,4,,0,70,,4647,4,,0,29,,4646,4,,0,70,,4650,4,,0,28,,4651,4,,0,68,,4649,4,,0,28,,4652,4,,0,69,,4653,4,,0,30,,4655,4,,0,85,,4654,4,,0,85,,4656,4,,0,44,,4657,4,,0,77,,4658,4,,0,84,,4659,4,,0,85,,4660,4,,0
14000701,'4487',2201,,20218,4,,0,32,,20219,4,,0,69,,20221,4,,0,29,,20220,4,,0,75,,20222,4,,0,27,,20223,4,,0
14000701,'4744',2201,,20230,4,,0,32,,22569,4,,0,68,,20232,4,,0,30,,20233,4,,0,76,,20234,4,,0,28,,22570,4,,0
14000701,'4745',2100,,20236,4,,0,30,,20238,4,,0,79,,20237,4,,0,22,,20239,4,,0,99,,20240,4,,0,103,,20241,4,,0
14000701,'4947',2201,,20242,4,,0,32,,22571,4,,0,68,,20244,4,,0,30,,20245,4,,0,76,,20246,4,,0,28,,22572,4,,0
14000701,'4952',2201,,20248,4,,0,32,,22573,4,,0,68,,20250,4,,0,30,,20251,4,,0,76,,20252,4,,0,28,,22574,4,,0
14000701,'4953',2201,,20254,4,,0,32,,20255,4,,0,69,,20257,4,,0,29,,20256,4,,0,75,,20258,4,,0,27,,20259,4,,0
14000701,'4954',2100,,20260,4,,0,30,,20262,4,,0,79,,20261,4,,0,22,,20263,4,,0,99,,20264,4,,0,103,,20265,4,,0
