801,'5036',711,,38812,40,,,0,36,,38813,40,,,0,65,,38814,40,,,0,27,,38815,40,,,0,75,,38816,40,,,0,44,,38811,40,,,0,84,,38817,40,,,0,73,,38833,40,,,0,42,,38818,40,,,0,86,,38819,40,,,0,79,,38820,40,,,0,85,,38821,40,,,0,51,,38822,40,,,0,69,,38823,40,0,8 9,0,17,,38824,40,,,0,74,,38834,40,,,0,33,,38825,40,,,0,73,,38826,40,,,0,78,,38827,40,,,0,29,,38835,40,,,0,70,,38828,40,,,0,33,,38829,40,,,0,85,,38830,40,,,0,97,,38831,40,,,0,43,,38832,40,,,0
801,'5040',711,,38837,40,,,0,36,,38838,40,,,0,65,,38839,40,,,0,27,,38840,40,,,0,75,,38841,40,,,0,44,,38836,40,,,0,84,,38842,40,,,0,73,,38858,40,,,0,42,,38843,40,,,0,86,,38844,40,,,0,79,,38845,40,,,0,85,,38846,40,,,0,51,,38847,40,,,0,69,,38848,40,0,8 9,0,17,,38849,40,,,0,74,,38859,40,,,0,33,,38850,40,,,0,73,,38851,40,,,0,78,,38852,40,,,0,29,,38860,40,,,0,70,,38853,40,,,0,33,,38854,40,,,0,85,,38855,40,,,0,97,,38856,40,,,0,43,,38857,40,,,0
801,'5041',742,,38862,40,0,8 9,0,85,,38863,40,0,8 9,0,86,,38864,40,0,8 9,0,87,,38865,40,0,8 9,0,45,,38866,40,0,8 9,0,93,,38867,40,0,8 9,0,89,,38868,40,0,8 9,0,91,,38869,40,0,8 9,0,93,,38861,40,0,8 9,0,90,,38870,40,0,8 9,0,52,,38871,40,0,8 9,0,90,,38872,40,0,8 9,0,88,,38873,40,0,8 9,0,85,,38874,40,0,8 9,0,42,,38875,40,0,8 9,0
801,'5078',959,,38877,40,0,8 9,0,86,,38878,40,0,8 9,0,91,,38879,40,0,8 9,0,89,,38880,40,0,8 9,0,91,,38876,40,0,8 9,0,93,,38881,40,0,8 9,0,50,,38882,40,0,8 9,0,92,,38883,40,0,8 9,0,89,,38884,40,0,8 9,0,89,,38885,40,0,8 9,0,86,,38886,40,0,8 9,0
801,'5079',959,,38888,40,0,8 9,0,86,,38889,40,0,8 9,0,91,,38890,40,0,8 9,0,89,,38891,40,0,8 9,0,91,,38887,40,0,8 9,0,93,,38892,40,0,8 9,0,50,,38893,40,0,8 9,0,92,,38894,40,0,8 9,0,89,,38895,40,0,8 9,0,89,,38896,40,0,8 9,0,86,,38897,40,0,8 9,0
901,'5036',1715,,38904,29,,,0,40,,38902,29,,,0
901,'5040',1715,,38907,29,,,0,40,,38905,29,,,0
2501,'5036',658,,41782,66,,,0,81,,41785,66,,,0,120,,41778,66,,,0,150,,41788,66,,,0,101,,41784,66,,,0,101,,41781,66,,,0,100,,41780,66,,,0,101,,41783,66,,,0,119,,41787,66,,,0,94,,41786,66,,,0,127,,41789,66,,,0,83,,41790,66,,,0,82,,41791,66,,,0,92,,41792,66,,,0,103,,41793,66,,,0,130,,41794,66,,,0,168,,41795,66,,,0
2501,'5040',658,,41800,66,,,0,81,,41803,66,,,0,120,,41796,66,,,0,150,,41806,66,,,0,101,,41802,66,,,0,101,,41799,66,,,0,100,,41798,66,,,0,101,,41801,66,,,0,119,,41805,66,,,0,94,,41804,66,,,0,91,,41807,66,,,0,36,,41808,66,,,0,83,,41809,66,,,0,82,,41810,66,,,0,92,,41811,66,,,0,103,,41812,66,,,0,130,,41813,66,,,0,168,,41814,66,,,0
2501,'5041',759,,41818,66,,,0,142,,41815,66,,,0,107,,41817,66,,,0,103,,41816,66,,,0,99,,41824,66,,,0,95,,41821,66,,,0,100,,41820,66,,,0,99,,41819,66,,,0,100,,41822,66,,,0,101,,41823,66,,,0,117,,41825,66,,,0,127,,41826,66,,,0,165,,41827,66,,,0,129,,41828,66,,,0,169,,41829,66,,,0
2501,'5075',1716,,41830,66,,,0
2501,'5076',1716,,41831,66,,,0
2501,'5078',917,,41833,66,,,0,132,,41832,66,,,0,170,,41834,66,,,0,131,,41835,66,,,0,172,,41836,66,,,0,131,,41837,66,,,0,166,,41838,66,,,0,129,,41839,66,,,0,169,,41840,66,,,0,123,,41841,66,,,0,169,,41842,66,,,0
2501,'5079',917,,41844,66,,,0,132,,41843,66,,,0,170,,41845,66,,,0,131,,41846,66,,,0,172,,41847,66,,,0,131,,41848,66,,,0,166,,41849,66,,,0,129,,41850,66,,,0,169,,41851,66,,,0,123,,41852,66,,,0,169,,41853,66,,,0
2600,'5036',555,,41867,14,,,0,68,,41854,14,,,0,22,,41855,14,,,0,58,,41864,14,,,0,11,,41865,14,,,0,15,,41858,14,,,0,6,,41869,14,,,0,7,,41863,14,,,0,7,,41922,14,,,0,8,,41861,14,,,0,56,,41866,14,,,0,16,,41860,14,,,0,16,,41868,14,,,0,56,,41856,14,,,0,16,,41857,14,,,0,16,,41870,14,,,0,16,,41871,14,,,0,56,,41859,14,,,0,16,,41872,14,,,0,14,,41883,14,,,0,15,,41873,14,,,0,55,,41874,14,,,0,17,,41878,14,,,0,14,,41897,14,,,0,16,,41889,14,,,0,56,,41885,14,,,0,15,,41893,14,,,0,14,,41884,14,,,0,15,,41875,14,,,0,55,,41880,14,,,0,15,,41896,14,,,0,15,,41877,14,,,0,15,,41876,14,,,0,55,,41898,14,,,0,13,,41879,14,,,0,13,,41887,14,,,0,12,,41881,14,,,0,10,,41882,14,,,0,53,,41886,14,,,0,14,,41924,14,,,0,12,,41891,14,,,0,12,,41895,14,,,0,12,,41892,14,,,0,52,,41888,14,,,0,13,,41890,14,,,0,11,,41894,14,,,0,12,,41903,14,,,0,13,,41900,14,,,0,51,,41901,14,,,0,14,,41902,14,,,0,14,,41923,14,,,0,15,,41899,14,,,0,53,,41918,14,,,0,15,,41919,14,,,0,15,,41904,14,,,0,15,,41909,14,,,0,55,,41912,14,,,0,15,,41914,14,,,0,20,,41906,14,,,0,60,,41915,14,,,0,20,,41907,14,,,0,20,,41908,14,,,0,60,,41905,14,,,0,42,,41913,14,,,0,73,,41910,14,,,0,30,,41917,14,,,0,70,,41921,14,,,0,29,,41920,14,,,0,71,,41916,14,,,0,30,,41911,14,,,0
2600,'5040',555,,41940,14,,,0,68,,41927,14,,,0,22,,41928,14,,,0,58,,41937,14,,,0,11,,41938,14,,,0,15,,41931,14,,,0,6,,41942,14,,,0,7,,41936,14,,,0,7,,41997,14,,,0,8,,41934,14,,,0,56,,41939,14,,,0,16,,41933,14,,,0,16,,41941,14,,,0,56,,41929,14,,,0,16,,41930,14,,,0,16,,41943,14,,,0,16,,41944,14,,,0,56,,41932,14,,,0,16,,41945,14,,,0,14,,41956,14,,,0,15,,41946,14,,,0,55,,41947,14,,,0,17,,41951,14,,,0,14,,41970,14,,,0,16,,41962,14,,,0,56,,41958,14,,,0,15,,41966,14,,,0,14,,41957,14,,,0,15,,41948,14,,,0,55,,41953,14,,,0,15,,41969,14,,,0,15,,41950,14,,,0,15,,41949,14,,,0,55,,41971,14,,,0,13,,41952,14,,,0,13,,41960,14,,,0,12,,41954,14,,,0,10,,41955,14,,,0,53,,41959,14,,,0,14,,41999,14,,,0,12,,41964,14,,,0,12,,41968,14,,,0,12,,41965,14,,,0,52,,41961,14,,,0,13,,41963,14,,,0,11,,41967,14,,,0,12,,41976,14,,,0,13,,41973,14,,,0,51,,41974,14,,,0,14,,41975,14,,,0,14,,41998,14,,,0,15,,41972,14,,,0,53,,41993,14,,,0,15,,41994,14,,,0,15,,41977,14,,,0,15,,41982,14,,,0,55,,41985,14,,,0,15,,41988,14,,,0,20,,41979,14,,,0,60,,41989,14,,,0,20,,41980,14,,,0,20,,41981,14,,,0,60,,41978,14,,,0,19,,41992,14,,,0,23,,41986,14,,,0,73,,41983,14,,,0,30,,41991,14,,,0,70,,41996,14,,,0,29,,41995,14,,,0,71,,41990,14,,,0,30,,41984,14,,,0,100,,41987,14,,,0
2600,'5041',639,,42003,14,,,0,71,,42004,14,,,0,30,,42005,14,,,0,18,,42006,14,,,0,57,,42007,14,,,0,17,,42008,14,,,0,17,,42009,14,,,0,57,,42010,14,,,0,17,,42011,14,,,0,17,,42012,14,,,0,17,,42013,14,,,0,57,,42014,14,,,0,17,,42015,14,,,0,18,,42016,14,,,0,58,,42017,14,,,0,17,,42002,14,,,0,18,,42018,14,,,0,59,,42019,14,,,0,17,,42020,14,,,0,17,,42021,14,,,0,17,,42022,14,,,0,57,,42023,14,,,0,17,,42024,14,,,0,17,,42025,14,,,0,58,,42026,14,,,0,16,,42027,14,,,0,16,,42028,14,,,0,17,,42029,14,,,0,57,,42030,14,,,0,17,,42031,14,,,0,17,,42032,14,,,0,17,,42033,14,,,0,56,,42034,14,,,0,15,,42035,14,,,0,15,,42036,14,,,0,56,,42037,14,,,0,16,,42038,14,,,0,16,,42039,14,,,0,16,,42040,14,,,0,57,,42041,14,,,0,17,,42042,14,,,0,20,,42043,14,,,0,59,,42044,14,,,0,20,,42045,14,,,0,20,,42046,14,,,0,60,,42047,14,,,0,20,,42048,14,,,0,20,,42049,14,,,0,60,,42050,14,,,0,20,,42051,14,,,0,25,,42052,14,,,0,70,,42053,14,,,0,30,,42054,14,,,0,71,,42055,14,,,0,30,,42056,14,,,0,70,,42057,14,,,0,30,,42058,14,,,0,101,,42059,14,,,0
2600,'5075',2120,,42060,14,,,0
2600,'5076',2120,,42061,14,,,0
2600,'5078',703,,42078,14,,,0,27,,42086,14,,,0,21,,42068,14,,,0,63,,42062,14,,,0,23,,42080,14,,,0,20,,42087,14,,,0,67,,42069,14,,,0,22,,42063,14,,,0,60,,42081,14,,,0,24,,42072,14,,,0,20,,42064,14,,,0,58,,42070,14,,,0,18,,42066,14,,,0,19,,42079,14,,,0,59,,42067,14,,,0,20,,42084,14,,,0,18,,42065,14,,,0,58,,42082,14,,,0,18,,42074,14,,,0,18,,42077,14,,,0,20,,42075,14,,,0,58,,42085,14,,,0,17,,42071,14,,,0,18,,42083,14,,,0,58,,42073,14,,,0,17,,42076,14,,,0,18,,42092,14,,,0,58,,42096,14,,,0,17,,42089,14,,,0,18,,42098,14,,,0,18,,42091,14,,,0,58,,42094,14,,,0,17,,42090,14,,,0,17,,42099,14,,,0,56,,42088,14,,,0,20,,42097,14,,,0,19,,42093,14,,,0,60,,42095,14,,,0,19,,42103,14,,,0,20,,42101,14,,,0,19,,42105,14,,,0,60,,42102,14,,,0,20,,42104,14,,,0,20,,42106,14,,,0,60,,42100,14,,,0,30,,42108,14,,,0,69,,42107,14,,,0,30,,42109,14,,,0,70,,42110,14,,,0
2600,'5079',703,,42127,14,,,0,27,,42135,14,,,0,21,,42117,14,,,0,63,,42111,14,,,0,23,,42129,14,,,0,20,,42136,14,,,0,67,,42118,14,,,0,22,,42112,14,,,0,60,,42130,14,,,0,24,,42121,14,,,0,20,,42113,14,,,0,58,,42119,14,,,0,18,,42115,14,,,0,19,,42128,14,,,0,59,,42116,14,,,0,20,,42133,14,,,0,18,,42114,14,,,0,58,,42131,14,,,0,18,,42123,14,,,0,18,,42126,14,,,0,20,,42124,14,,,0,58,,42134,14,,,0,17,,42120,14,,,0,18,,42132,14,,,0,58,,42122,14,,,0,17,,42125,14,,,0,18,,42141,14,,,0,58,,42145,14,,,0,17,,42138,14,,,0,18,,42147,14,,,0,18,,42140,14,,,0,58,,42143,14,,,0,17,,42139,14,,,0,17,,42148,14,,,0,56,,42137,14,,,0,20,,42146,14,,,0,19,,42142,14,,,0,60,,42144,14,,,0,19,,42152,14,,,0,20,,42150,14,,,0,19,,42154,14,,,0,60,,42151,14,,,0,20,,42153,14,,,0,20,,42155,14,,,0,60,,42149,14,,,0,30,,42157,14,,,0,69,,42156,14,,,0,30,,42158,14,,,0,70,,42159,14,,,0
