1000,'4623',631,,66142,7,,,0,84,,66134,7,,,0,36,,66133,7,,,0,78,,66132,7,,,0,84,,66135,7,,,0,39,,66131,7,,,0,95,,66138,7,,,0,155,,66136,7,,,0,50,,66130,7,,,0,76,,66139,7,,,0,86,,66129,7,,,0,42,,66141,7,,,0,96,,66128,7,,,0,81,,66140,7,,,0,87,,66127,7,,,0,80,,66137,7,,,0,21,,66126,7,,,0,30,,66124,7,,,0,94,,66125,7,,,0
1000,'4833',729,,66153,7,,,0,101,,66157,7,,,0,102,,66144,7,,,0,97,,66147,7,,,0,108,,66150,7,,,0,110,,66149,7,,,0,97,,66145,7,,,0,100,,66148,7,,,0,100,,66146,7,,,0,103,,66151,7,,,0,103,,66152,7,,,0,99,,66155,7,,,0,98,,66156,7,,,0
1000,'5015',729,,66167,7,,,0,101,,66171,7,,,0,102,,66158,7,,,0,97,,66161,7,,,0,108,,66164,7,,,0,110,,66163,7,,,0,97,,66159,7,,,0,100,,66162,7,,,0,100,,66160,7,,,0,103,,66165,7,,,0,103,,66166,7,,,0,99,,66169,7,,,0,98,,66170,7,,,0
1000,'5222',631,,66190,7,,,0,84,,66182,7,,,0,36,,66181,7,,,0,78,,66180,7,,,0,84,,66183,7,,,0,39,,66179,7,,,0,95,,66186,7,,,0,155,,66184,7,,,0,50,,66178,7,,,0,76,,66187,7,,,0,86,,66177,7,,,0,42,,66189,7,,,0,96,,66176,7,,,0,81,,66188,7,,,0,87,,66175,7,,,0,80,,66185,7,,,0,21,,66174,7,,,0,30,,66172,7,,,0,94,,66173,7,,,0
1000,'5365',729,,66196,7,,,0,101,,66195,7,,,0,99,,66193,7,,,0,104,,66192,7,,,0,102,,66199,7,,,0,110,,66198,7,,,0,90,,66194,7,,,0,107,,66197,7,,,0,100,,66201,7,,,0,99,,66200,7,,,0,102,,66203,7,,,0,104,,66202,7,,,0,99,,66204,7,,,0
1000,'5390',729,,66209,7,,,0,101,,66208,7,,,0,99,,66206,7,,,0,104,,66205,7,,,0,102,,66212,7,,,0,110,,66211,7,,,0,90,,66207,7,,,0,107,,66210,7,,,0,100,,66214,7,,,0,99,,66213,7,,,0,102,,66216,7,,,0,104,,66215,7,,,0,99,,66217,7,,,0
1001,'4623',2044,,66219,31,4,,0
1001,'4833',2043,,66251,31,4,,0
1001,'5015',2043,,66265,31,4,,0
1001,'5222',2044,,66267,31,4,,0
3000,'4623',543,,71382,2,,,0,90,,71383,2,,,0,72,,71384,2,,,0,31,,71385,2,,,0,71,,71386,2,,,0,32,,71387,2,,,0,70,,71388,2,,,0,30,,71389,2,,,0,70,,71390,2,,,0,30,,71391,2,,,0,70,,71392,2,,,0,30,,71393,2,,,0,70,,71394,2,,,0,30,,71395,2,,,0,70,,71396,2,,,0,30,,71397,2,,,0,67,,71398,2,,,0,32,,71399,2,,,0,71,,71400,2,,,0,32,,71401,2,,,0,75,,71402,2,,,0,31,,71403,2,,,0,74,,71404,2,,,0,31,,71405,2,,,0,67,,71406,2,,,0,28,,71407,2,,,0,68,,71408,2,,,0,33,,71409,2,,,0,73,,71410,2,,,0,86,,71411,2,,,0,100,,71412,2,,,0,100,,71413,2,,,0,110,,71414,2,,,0
3000,'4833',631,,71415,2,,,0,100,,71416,2,,,0,78,,71417,2,,,0,38,,71418,2,,,0,71,,71419,2,,,0,32,,71420,2,,,0,72,,71421,2,,,0,30,,71422,2,,,0,70,,71423,2,,,0,30,,71424,2,,,0,70,,71425,2,,,0,29,,71426,2,,,0,70,,71427,2,,,0,30,,71428,2,,,0,70,,71429,2,,,0,30,,71430,2,,,0,71,,71431,2,,,0,29,,71432,2,,,0,70,,71433,2,,,0,30,,71434,2,,,0,70,,71435,2,,,0,30,,71436,2,,,0,70,,71437,2,,,0,80,,71438,2,,,0,40,,71439,2,,,0,80,,71440,2,,,0,85,,71441,2,,,0,100,,71442,2,,,0,100,,71443,2,,,0,110,,71444,2,,,0
3000,'5015',631,,71445,2,,,0,100,,71446,2,,,0,78,,71447,2,,,0,38,,71448,2,,,0,71,,71449,2,,,0,32,,71450,2,,,0,72,,71451,2,,,0,30,,71452,2,,,0,70,,71453,2,,,0,30,,71454,2,,,0,70,,71455,2,,,0,29,,71456,2,,,0,70,,71457,2,,,0,30,,71458,2,,,0,70,,71459,2,,,0,30,,71460,2,,,0,71,,71461,2,,,0,29,,71462,2,,,0,70,,71463,2,,,0,30,,71464,2,,,0,70,,71465,2,,,0,30,,71466,2,,,0,70,,71467,2,,,0,80,,71468,2,,,0,40,,71469,2,,,0,80,,71470,2,,,0,85,,71471,2,,,0,100,,71472,2,,,0,100,,71473,2,,,0,110,,71474,2,,,0
3000,'5222',543,,71475,2,,,0,90,,71476,2,,,0,72,,71477,2,,,0,31,,71478,2,,,0,71,,71479,2,,,0,32,,71480,2,,,0,70,,71481,2,,,0,30,,71482,2,,,0,70,,71483,2,,,0,30,,71484,2,,,0,70,,71485,2,,,0,30,,71486,2,,,0,70,,71487,2,,,0,30,,71488,2,,,0,70,,71489,2,,,0,30,,71490,2,,,0,67,,71491,2,,,0,32,,71492,2,,,0,71,,71493,2,,,0,32,,71494,2,,,0,75,,71495,2,,,0,31,,71496,2,,,0,74,,71497,2,,,0,31,,71498,2,,,0,67,,71499,2,,,0,28,,71500,2,,,0,68,,71501,2,,,0,33,,71502,2,,,0,73,,71503,2,,,0,86,,71504,2,,,0,100,,71505,2,,,0,100,,71506,2,,,0,110,,71507,2,,,0
3000,'5365',742,,71508,2,,,0,100,,71509,2,,,0,84,,71510,2,,,0,80,,71511,2,,,0,40,,71512,2,,,0,75,,71513,2,,,0,30,,71514,2,,,0,70,,71515,2,,,0,30,,71516,2,,,0,70,,71517,2,,,0,30,,71518,2,,,0,70,,71519,2,,,0,30,,71520,2,,,0,70,,71521,2,,,0,30,,71522,2,,,0,70,,71523,2,,,0,30,,71524,2,,,0,70,,71525,2,,,0,30,,71526,2,,,0,70,,71527,2,,,0,80,,71528,2,,,0,40,,71529,2,,,0,80,,71530,2,,,0,87,,71531,2,,,0,98,,71532,2,,,0,100,,71533,2,,,0
3000,'5390',742,,71534,2,,,0,100,,71535,2,,,0,84,,71536,2,,,0,80,,71537,2,,,0,40,,71538,2,,,0,75,,71539,2,,,0,30,,71540,2,,,0,70,,71541,2,,,0,30,,71542,2,,,0,70,,71543,2,,,0,30,,71544,2,,,0,70,,71545,2,,,0,30,,71546,2,,,0,70,,71547,2,,,0,30,,71548,2,,,0,70,,71549,2,,,0,30,,71550,2,,,0,70,,71551,2,,,0,30,,71552,2,,,0,70,,71553,2,,,0,80,,71554,2,,,0,40,,71555,2,,,0,80,,71556,2,,,0,87,,71557,2,,,0,98,,71558,2,,,0,100,,71559,2,,,0
3100,'4623',613,,71738,2,,,0,36,,71739,2,,,0,72,,71740,2,,,0,30,,71741,2,,,0,72,,71742,2,,,0,31,,71743,2,,,0,70,,71744,2,,,0,30,,71745,2,,,0,70,,71746,2,,,0,30,,71747,2,,,0,70,,71748,2,,,0,30,,71749,2,,,0,70,,71750,2,,,0,30,,71751,2,,,0,70,,71752,2,,,0,28,,71753,2,,,0,70,,71754,2,,,0,31,,71755,2,,,0,72,,71756,2,,,0,34,,71757,2,,,0,73,,71758,2,,,0,72,,71759,2,,,0,33,,71760,2,,,0,69,,71761,2,,,0,27,,71762,2,,,0,68,,71763,2,,,0,28,,71764,2,,,0,77,,71765,2,,,0,38,,71766,2,,,0,94,,71767,2,,,0,99,,71768,2,,,0,115,,71769,2,,,0,95,,71770,2,,,0
3100,'4833',701,,71771,2,,,0,48,,71772,2,,,0,81,,71773,2,,,0,73,,71774,2,,,0,31,,71775,2,,,0,72,,71776,2,,,0,32,,71777,2,,,0,69,,71778,2,,,0,30,,71779,2,,,0,70,,71780,2,,,0,30,,71781,2,,,0,69,,71782,2,,,0,30,,71783,2,,,0,70,,71784,2,,,0,30,,71785,2,,,0,71,,71786,2,,,0,29,,71787,2,,,0,70,,71788,2,,,0,30,,71789,2,,,0,70,,71790,2,,,0,30,,71791,2,,,0,70,,71792,2,,,0,35,,71793,2,,,0,80,,71794,2,,,0,80,,71795,2,,,0,40,,71796,2,,,0,95,,71797,2,,,0,100,,71798,2,,,0,118,,71799,2,,,0,92,,71800,2,,,0
3100,'5015',701,,71801,2,,,0,48,,71802,2,,,0,81,,71803,2,,,0,73,,71804,2,,,0,31,,71805,2,,,0,72,,71806,2,,,0,32,,71807,2,,,0,69,,71808,2,,,0,30,,71809,2,,,0,70,,71810,2,,,0,30,,71811,2,,,0,69,,71812,2,,,0,30,,71813,2,,,0,70,,71814,2,,,0,30,,71815,2,,,0,71,,71816,2,,,0,29,,71817,2,,,0,70,,71818,2,,,0,30,,71819,2,,,0,70,,71820,2,,,0,30,,71821,2,,,0,70,,71822,2,,,0,35,,71823,2,,,0,80,,71824,2,,,0,80,,71825,2,,,0,40,,71826,2,,,0,95,,71827,2,,,0,100,,71828,2,,,0,118,,71829,2,,,0,92,,71830,2,,,0
3100,'5222',613,,71831,2,,,0,36,,71832,2,,,0,72,,71833,2,,,0,30,,71834,2,,,0,72,,71835,2,,,0,31,,71836,2,,,0,70,,71837,2,,,0,30,,71838,2,,,0,70,,71839,2,,,0,30,,71840,2,,,0,70,,71841,2,,,0,30,,71842,2,,,0,70,,71843,2,,,0,30,,71844,2,,,0,70,,71845,2,,,0,28,,71846,2,,,0,70,,71847,2,,,0,31,,71848,2,,,0,72,,71849,2,,,0,34,,71850,2,,,0,73,,71851,2,,,0,72,,71852,2,,,0,33,,71853,2,,,0,69,,71854,2,,,0,27,,71855,2,,,0,68,,71856,2,,,0,28,,71857,2,,,0,77,,71858,2,,,0,38,,71859,2,,,0,94,,71860,2,,,0,99,,71861,2,,,0,115,,71862,2,,,0,95,,71863,2,,,0
3100,'5365',701,,71864,2,,,0,111,,71865,2,,,0,94,,71866,2,,,0,40,,71867,2,,,0,80,,71868,2,,,0,80,,71869,2,,,0,30,,71870,2,,,0,70,,71871,2,,,0,30,,71872,2,,,0,70,,71873,2,,,0,30,,71874,2,,,0,70,,71875,2,,,0,30,,71876,2,,,0,70,,71877,2,,,0,30,,71878,2,,,0,70,,71879,2,,,0,30,,71880,2,,,0,70,,71881,2,,,0,30,,71882,2,,,0,70,,71883,2,,,0,35,,71884,2,,,0,80,,71885,2,,,0,80,,71886,2,,,0,40,,71887,2,,,0,95,,71888,2,,,0,100,,71889,2,,,0,114,,71890,2,,,0
3100,'5390',701,,71891,2,,,0,111,,71892,2,,,0,94,,71893,2,,,0,40,,71894,2,,,0,80,,71895,2,,,0,80,,71896,2,,,0,30,,71897,2,,,0,70,,71898,2,,,0,30,,71899,2,,,0,70,,71900,2,,,0,30,,71901,2,,,0,70,,71902,2,,,0,30,,71903,2,,,0,70,,71904,2,,,0,30,,71905,2,,,0,70,,71906,2,,,0,30,,71907,2,,,0,70,,71908,2,,,0,30,,71909,2,,,0,70,,71910,2,,,0,35,,71911,2,,,0,80,,71912,2,,,0,80,,71913,2,,,0,40,,71914,2,,,0,95,,71915,2,,,0,100,,71916,2,,,0,114,,71917,2,,,0
7500,'4623',459,,75416,2,0,13 14,0,58,,75417,2,0,13 14,0,15,,75418,2,0,13 14,0,18,,75419,2,0,13 14,0,57,,75415,2,0,13 14,0,16,,75420,2,0,13 14,0,15,,75421,2,0,13 14,0,15,,75422,2,0,13 14,0,56,,75423,2,0,13 14,0,23,,75424,2,0,13 14,0,22,,75425,2,0,13 14,0,66,,75426,2,0,13 14,0,29,,75427,2,0,13 14,0,74,,75428,2,0,13 14,0,28,,75429,2,0,13 14,0,70,,75430,2,0,13 14,0,27,,75431,2,0,13 14,0,69,,75432,2,0,13 14,0,30,,75433,2,0,13 14,0,70,,75434,2,0,13 14,0,28,,75435,2,0,13 14,0,70,,75436,2,0,13 14,0,23,,75437,2,0,13 14,0,71,,75438,2,0,13 14,0,34,,75439,2,0,13 14,0,67,,75440,2,0,13 14,0,30,,75441,2,0,13 14,0,66,,75442,2,0,13 14,0,20,,75443,2,0,13 14,0,20,,75444,2,0,13 14,0,60,,75445,2,0,13 14,0,22,,75446,2,0,13 14,0,20,,75447,2,0,13 14,0,68,,75448,2,0,13 14,0,37,,75449,2,0,13 14,0,151,,75450,2,0,13 14,0,96,,75451,2,0,13 14,0,107,,75452,2,0,13 14,0,110,,75453,2,0,13 14,0
7500,'4833',611,,75455,2,0,13 14,0,93,,75456,2,0,13 14,0,97,,75457,2,0,13 14,0,32,,75477,2,0,47 48,0,21,,75454,2,0,13 14,0,71,,75478,2,0,47 48,0,15,,75482,2,0,47 48,0,11,,75458,2,0,13 14,0,72,,75479,2,0,47 48,0,14,,75483,2,0,47 48,0,12,,75459,2,0,13 14,0,70,,75460,2,0,13 14,0,18,,75484,2,0,47 48,0,12,,75461,2,0,13 14,0,69,,75462,2,0,13 14,0,19,,75485,2,0,47 48,0,12,,75463,2,0,13 14,0,63,,75464,2,0,13 14,0,36,,75465,2,0,13 14,0,70,,75466,2,0,13 14,0,30,,75467,2,0,13 14,0,71,,75468,2,0,13 14,0,30,,75469,2,0,13 14,0,69,,75480,2,0,47 48,0,31,,75486,2,0,47 48,0,1,,75470,2,0,13 14,0,73,,75481,2,0,47 48,0,30,,75471,2,0,13 14,0,102,,75472,2,0,13 14,0,145,,75473,2,0,13 14,0,58,,75474,2,0,13 14,0,147,,75475,2,0,13 14,0,103,,75476,2,0,13 14,0
7500,'5015',611,,75488,2,0,13 14,0,93,,75489,2,0,13 14,0,97,,75490,2,0,13 14,0,32,,75510,2,0,47 48,0,21,,75487,2,0,13 14,0,71,,75511,2,0,47 48,0,15,,75515,2,0,47 48,0,11,,75491,2,0,13 14,0,72,,75512,2,0,47 48,0,14,,75516,2,0,47 48,0,12,,75492,2,0,13 14,0,70,,75493,2,0,13 14,0,18,,75517,2,0,47 48,0,12,,75494,2,0,13 14,0,69,,75495,2,0,13 14,0,19,,75518,2,0,47 48,0,12,,75496,2,0,13 14,0,63,,75497,2,0,13 14,0,36,,75498,2,0,13 14,0,70,,75499,2,0,13 14,0,30,,75500,2,0,13 14,0,71,,75501,2,0,13 14,0,30,,75502,2,0,13 14,0,69,,75513,2,0,47 48,0,31,,75519,2,0,47 48,0,1,,75503,2,0,13 14,0,73,,75514,2,0,47 48,0,30,,75504,2,0,13 14,0,102,,75505,2,0,13 14,0,145,,75506,2,0,13 14,0,58,,75507,2,0,13 14,0,147,,75508,2,0,13 14,0,103,,75509,2,0,13 14,0
7500,'5222',459,,75521,2,0,13 14,0,58,,75522,2,0,13 14,0,15,,75523,2,0,13 14,0,18,,75524,2,0,13 14,0,57,,75520,2,0,13 14,0,16,,75525,2,0,13 14,0,15,,75526,2,0,13 14,0,15,,75527,2,0,13 14,0,56,,75528,2,0,13 14,0,23,,75529,2,0,13 14,0,22,,75530,2,0,13 14,0,66,,75531,2,0,13 14,0,29,,75532,2,0,13 14,0,74,,75533,2,0,13 14,0,28,,75534,2,0,13 14,0,70,,75535,2,0,13 14,0,27,,75536,2,0,13 14,0,69,,75537,2,0,13 14,0,30,,75538,2,0,13 14,0,70,,75539,2,0,13 14,0,28,,75540,2,0,13 14,0,70,,75541,2,0,13 14,0,23,,75542,2,0,13 14,0,71,,75543,2,0,13 14,0,34,,75544,2,0,13 14,0,67,,75545,2,0,13 14,0,30,,75546,2,0,13 14,0,66,,75547,2,0,13 14,0,20,,75548,2,0,13 14,0,20,,75549,2,0,13 14,0,60,,75550,2,0,13 14,0,22,,75551,2,0,13 14,0,20,,75552,2,0,13 14,0,68,,75553,2,0,13 14,0,37,,75554,2,0,13 14,0,151,,75555,2,0,13 14,0,96,,75556,2,0,13 14,0,107,,75557,2,0,13 14,0,110,,75558,2,0,13 14,0
7500,'5365',606,,75559,2,0,13 14,0,97,,75560,2,0,13 14,0,101,,75561,2,0,13 14,0,32,,75580,2,0,47 48,0,20,,75562,2,0,13 14,0,62,,75581,2,0,47 48,0,20,,75583,2,0,47 48,0,15,,75563,2,0,13 14,0,83,,75582,2,0,47 48,0,16,,75564,2,0,13 14,0,57,,75584,2,0,47 48,0,12,,75565,2,0,13 14,0,30,,75566,2,0,13 14,0,69,,75567,2,0,13 14,0,29,,75568,2,0,13 14,0,55,,75585,2,0,47 48,0,15,,75569,2,0,13 14,0,30,,75570,2,0,13 14,0,55,,75586,2,0,47 48,0,14,,75571,2,0,13 14,0,30,,75572,2,0,13 14,0,100,,75573,2,0,13 14,0,101,,75574,2,0,13 14,0,60,,75587,2,0,47 48,0,47,,75575,2,0,13 14,0,144,,75576,2,0,13 14,0,104,,75577,2,0,13 14,0,97,,75578,2,0,13 14,0,135,,75579,2,0,13 14,0
7500,'5390',606,,75588,2,0,13 14,0,97,,75589,2,0,13 14,0,101,,75590,2,0,13 14,0,32,,75609,2,0,47 48,0,20,,75591,2,0,13 14,0,62,,75610,2,0,47 48,0,20,,75612,2,0,47 48,0,15,,75592,2,0,13 14,0,83,,75611,2,0,47 48,0,16,,75593,2,0,13 14,0,57,,75613,2,0,47 48,0,12,,75594,2,0,13 14,0,30,,75595,2,0,13 14,0,69,,75596,2,0,13 14,0,29,,75597,2,0,13 14,0,55,,75614,2,0,47 48,0,15,,75598,2,0,13 14,0,30,,75599,2,0,13 14,0,55,,75615,2,0,47 48,0,14,,75600,2,0,13 14,0,30,,75601,2,0,13 14,0,100,,75602,2,0,13 14,0,101,,75603,2,0,13 14,0,60,,75616,2,0,47 48,0,47,,75604,2,0,13 14,0,144,,75605,2,0,13 14,0,104,,75606,2,0,13 14,0,97,,75607,2,0,13 14,0,135,,75608,2,0,13 14,0
