5501,'4487',840,,14681,,,0,211,,14678,,,0,205,,14679,,,0,246,,14680,,,0,210,,14676,,,0,204,,14677,,,0
5501,'4744',636,,14691,,,0,170,,14690,,,0,204,,14688,,,0,136,,14689,,,0,200,,14693,,,0,105,,14692,,,0,196,,14694,,,0,194,,14695,,,0,193,,14696,,,0
5501,'4745',839,,14697,,,0,212,,14699,,,0,205,,14700,,,0,245,,14698,,,0,210,,14702,,,0,204,,14701,,,0
5501,'4947',636,,14706,,,0,170,,14705,,,0,204,,14703,,,0,136,,14704,,,0,200,,14708,,,0,105,,14707,,,0,196,,14709,,,0,194,,14710,,,0,193,,14711,,,0
5501,'4952',636,,14715,,,0,170,,14714,,,0,204,,14712,,,0,136,,14713,,,0,200,,14717,,,0,105,,14716,,,0,196,,14718,,,0,194,,14719,,,0,193,,14720,,,0
5501,'4953',840,,14726,,,0,211,,14723,,,0,205,,14724,,,0,246,,14725,,,0,210,,14721,,,0,204,,14722,,,0
5501,'4954',839,,14727,,,0,212,,14729,,,0,205,,14730,,,0,245,,14728,,,0,210,,14732,,,0,204,,14731,,,0
6101,'4744',1553,,16110,,,0,71,,16111,,,0,34,,16119,,,0,62,,16121,,,0,16,,16113,,,0,21,,16125,,,0,78,,16116,,,0
6101,'4947',1553,,16167,,,0,71,,16168,,,0,34,,16176,,,0,62,,16178,,,0,16,,16170,,,0,21,,16182,,,0,78,,16173,,,0
6101,'4952',1553,,16203,,,0,71,,16204,,,0,34,,16212,,,0,62,,16214,,,0,16,,16206,,,0,21,,16218,,,0,78,,16209,,,0
