7500,'4487',707,,17178,0,13 14,0,94,,17179,0,42 43,0,100,,17180,0,42 43,0,99,,17177,0,42 43,0,58,,17181,0,42 43,0,101,,17182,0,42 43,0,70,,17183,0,13 14,0,30,,17184,0,42 43,0,70,,17185,0,13 14,0,71,,17186,0,42 43,0,24,,17187,0,13 14,0,76,,17188,0,42 43,0,30,,17189,0,13 14,0,70,,17190,0,42 43,0,31,,17191,0,13 14,0,70,,17192,0,42 43,0,100,,17193,0,42 43,0,102,,17194,0,42 43,0,100,,17195,0,42 43,0,99,,17196,0,42 43,0,100,,17197,0,13 14,0,102,,17198,0,13 14,0,100,,17199,0,13 14,0
7500,'4743',707,,17201,0,13 14,0,94,,17202,0,42 43,0,100,,17203,0,42 43,0,99,,17200,0,42 43,0,58,,17204,0,42 43,0,101,,17205,0,42 43,0,70,,17206,0,13 14,0,30,,17207,0,42 43,0,70,,17208,0,13 14,0,71,,17209,0,42 43,0,24,,17210,0,13 14,0,76,,17211,0,42 43,0,30,,17212,0,13 14,0,70,,17213,0,42 43,0,31,,17214,0,13 14,0,70,,17215,0,42 43,0,100,,17216,0,42 43,0,102,,17217,0,42 43,0,100,,17218,0,42 43,0,99,,17219,0,42 43,0,100,,17220,0,13 14,0,102,,17221,0,13 14,0,100,,17222,0,13 14,0
7500,'4744',549,,17224,0,42 43,0,58,,17225,0,13 14,0,19,,17226,0,13 14,0,20,,17227,0,13 14,0,58,,17223,0,13 14,0,18,,17228,0,13 14,0,15,,17229,0,42 43,0,66,,17230,0,13 14,0,13,,17231,0,13 14,0,21,,17232,0,13 14,0,21,,17233,0,42 43,0,68,,17234,0,13 14,0,30,,17235,0,42 43,0,76,,17236,0,13 14,0,25,,17237,0,42 43,0,70,,17238,0,13 14,0,30,,17239,0,42 43,0,70,,17240,0,13 14,0,30,,17241,0,42 43,0,70,,17242,0,13 14,0,29,,17243,0,42 43,0,70,,17244,0,13 14,0,29,,17245,0,42 43,0,70,,17246,0,42 43,0,31,,17247,0,42 43,0,70,,17248,0,13 14,0,31,,17249,0,42 43,0,67,,17250,0,13 14,0,19,,17251,0,42 43,0,66,,17252,0,13 14,0,11,,17253,0,13 14,0,18,,17254,0,13 14,0,62,,17255,0,42 43,0,24,,17256,0,13 14,0,77,,17257,0,42 43,0,105,,17258,0,42 43,0,96,,17259,0,13 14,0,101,,17260,0,13 14,0,107,,17261,0,13 14,0
7500,'4745',700,,17262,0,13 14,0,100,,17263,0,42 43,0,101,,17264,0,42 43,0,99,,17265,0,42 43,0,59,,17266,0,42 43,0,100,,17267,0,42 43,0,70,,17268,0,13 14,0,30,,17269,0,42 43,0,71,,17270,0,13 14,0,70,,17271,0,42 43,0,30,,17272,0,13 14,0,70,,17273,0,42 43,0,30,,17274,0,13 14,0,70,,17275,0,42 43,0,100,,17276,0,42 43,0,101,,17277,0,42 43,0,101,,17278,0,42 43,0,102,,17279,0,42 43,0,102,,17280,0,42 43,0,96,,17281,0,13 14,0,131,,17282,0,13 14,0
7500,'4870',549,,17284,0,42 43,0,58,,17285,0,13 14,0,19,,17286,0,13 14,0,20,,17287,0,13 14,0,58,,17283,0,13 14,0,18,,17288,0,13 14,0,15,,17289,0,42 43,0,66,,17290,0,13 14,0,13,,17291,0,13 14,0,21,,17292,0,13 14,0,21,,17293,0,42 43,0,68,,17294,0,13 14,0,30,,17295,0,42 43,0,76,,17296,0,13 14,0,25,,17297,0,42 43,0,70,,17298,0,13 14,0,30,,17299,0,42 43,0,70,,17300,0,13 14,0,30,,17301,0,42 43,0,70,,17302,0,13 14,0,29,,17303,0,42 43,0,70,,17304,0,13 14,0,29,,17305,0,42 43,0,70,,17306,0,42 43,0,31,,17307,0,42 43,0,70,,17308,0,13 14,0,31,,17309,0,42 43,0,152,,17310,0,13 14,0,11,,17311,0,13 14,0,18,,17312,0,13 14,0,62,,17313,0,42 43,0,24,,17314,0,13 14,0,77,,17315,0,42 43,0,105,,17316,0,42 43,0,197,,17317,0,13 14,0,107,,17318,0,13 14,0
7500,'4872',1724,,17319,0,13 14,0,19,,17320,0,42 43,0,459,,17321,0,13 14,0
7500,'4873',1724,,17322,0,13 14,0,19,,17323,0,42 43,0,459,,17324,0,13 14,0
7500,'4875',549,,17326,0,42 43,0,58,,17327,0,13 14,0,19,,17328,0,13 14,0,20,,17329,0,13 14,0,58,,17325,0,13 14,0,18,,17330,0,13 14,0,15,,17331,0,42 43,0,66,,17332,0,13 14,0,13,,17333,0,13 14,0,21,,17334,0,13 14,0,21,,17335,0,42 43,0,68,,17336,0,13 14,0,30,,17337,0,42 43,0,76,,17338,0,13 14,0,25,,17339,0,42 43,0,70,,17340,0,13 14,0,30,,17341,0,42 43,0,70,,17342,0,13 14,0,30,,17343,0,42 43,0,70,,17344,0,13 14,0,29,,17345,0,42 43,0,70,,17346,0,13 14,0,29,,17347,0,42 43,0,70,,17348,0,42 43,0,31,,17349,0,42 43,0,70,,17350,0,13 14,0,31,,17351,0,42 43,0,67,,17352,0,13 14,0,19,,17353,0,42 43,0,66,,17354,0,13 14,0,11,,17355,0,13 14,0,18,,17356,0,13 14,0,62,,17357,0,42 43,0,24,,17358,0,13 14,0,77,,17359,0,42 43,0,105,,17360,0,42 43,0,96,,17361,0,13 14,0,101,,17362,0,13 14,0,107,,17363,0,13 14,0
7500,'4876',707,,17365,0,13 14,0,94,,17366,0,42 43,0,100,,17367,0,42 43,0,99,,17364,0,42 43,0,58,,17368,0,42 43,0,101,,17369,0,42 43,0,70,,17370,0,13 14,0,30,,17371,0,42 43,0,70,,17372,0,13 14,0,71,,17373,0,42 43,0,24,,17374,0,13 14,0,76,,17375,0,42 43,0,30,,17376,0,13 14,0,70,,17377,0,42 43,0,31,,17378,0,13 14,0,70,,17379,0,42 43,0,100,,17380,0,42 43,0,102,,17381,0,42 43,0,100,,17382,0,42 43,0,99,,17383,0,42 43,0,100,,17384,0,13 14,0,102,,17385,0,13 14,0,100,,17386,0,13 14,0
7500,'4877',700,,17387,0,13 14,0,100,,17388,0,42 43,0,101,,17389,0,42 43,0,99,,17390,0,42 43,0,59,,17391,0,42 43,0,100,,17392,0,42 43,0,70,,17393,0,13 14,0,30,,17394,0,42 43,0,71,,17395,0,13 14,0,70,,17396,0,42 43,0,30,,17397,0,13 14,0,70,,17398,0,42 43,0,30,,17399,0,13 14,0,70,,17400,0,42 43,0,100,,17401,0,42 43,0,101,,17402,0,42 43,0,101,,17403,0,42 43,0,102,,17404,0,42 43,0,102,,17405,0,42 43,0,96,,17406,0,13 14,0,131,,17407,0,13 14,0
