7201,'4623',543,,75253,20,,,0,80,,75243,20,,,0,30,,75254,20,,,0,71,,75245,20,,,0,32,,75230,20,,,0,61,,75231,20,,,0,27,,75252,20,,,0,70,,75258,20,,,0,30,,75236,20,,,0,70,,75251,20,,,0,30,,75244,20,,,0,73,,75227,20,,,0,30,,75255,20,,,0,70,,75242,20,,,0,30,,75234,20,,,0,70,,75228,20,,,0,30,,75229,20,,,0,71,,75235,20,,,0,30,,75233,20,,,0,70,,75259,20,,,0,31,,75232,20,,,0,68,,75237,20,,,0,31,,75241,20,,,0,71,,75239,20,,,0,30,,75240,20,,,0,69,,75238,20,,,0,30,,75260,20,,,0,69,,75247,20,,,0,30,,75248,20,,,0,70,,75246,20,,,0,30,,75249,20,,,0,70,,75250,20,,,0,97,,75257,20,,,0,99,,75256,20,,,0,100,,75261,20,,,0
7201,'4833',611,,75293,20,,,0,102,,75263,20,,,0,99,,75264,20,,,0,33,,75265,20,,,0,71,,75266,20,,,0,30,,75267,20,,,0,71,,75268,20,,,0,29,,75269,20,,,0,71,,75270,20,,,0,30,,75271,20,,,0,70,,75262,20,,,0,30,,75272,20,,,0,69,,75273,20,,,0,31,,75274,20,,,0,74,,75275,20,,,0,31,,75276,20,,,0,69,,75277,20,,,0,31,,75278,20,,,0,69,,75279,20,,,0,26,,75280,20,,,0,69,,75281,20,,,0,30,,75282,20,,,0,69,,75283,20,,,0,30,,75284,20,,,0,69,,75285,20,,,0,30,,75286,20,,,0,71,,75287,20,,,0,29,,75288,20,,,0,70,,75289,20,,,0,101,,75290,20,,,0,98,,75291,20,,,0,100,,75292,20,,,0
7201,'5015',611,,75325,20,,,0,102,,75295,20,,,0,99,,75296,20,,,0,33,,75297,20,,,0,71,,75298,20,,,0,30,,75299,20,,,0,71,,75300,20,,,0,29,,75301,20,,,0,71,,75302,20,,,0,30,,75303,20,,,0,70,,75294,20,,,0,30,,75304,20,,,0,69,,75305,20,,,0,31,,75306,20,,,0,74,,75307,20,,,0,31,,75308,20,,,0,69,,75309,20,,,0,31,,75310,20,,,0,69,,75311,20,,,0,26,,75312,20,,,0,69,,75313,20,,,0,30,,75314,20,,,0,69,,75315,20,,,0,30,,75316,20,,,0,69,,75317,20,,,0,30,,75318,20,,,0,71,,75319,20,,,0,29,,75320,20,,,0,70,,75321,20,,,0,101,,75322,20,,,0,98,,75323,20,,,0,100,,75324,20,,,0
7201,'5222',543,,75352,20,,,0,80,,75342,20,,,0,30,,75353,20,,,0,71,,75344,20,,,0,32,,75329,20,,,0,61,,75330,20,,,0,27,,75351,20,,,0,70,,75357,20,,,0,30,,75335,20,,,0,70,,75350,20,,,0,30,,75343,20,,,0,73,,75326,20,,,0,30,,75354,20,,,0,70,,75341,20,,,0,30,,75333,20,,,0,70,,75327,20,,,0,30,,75328,20,,,0,71,,75334,20,,,0,30,,75332,20,,,0,70,,75358,20,,,0,31,,75331,20,,,0,68,,75336,20,,,0,31,,75340,20,,,0,71,,75338,20,,,0,30,,75339,20,,,0,69,,75337,20,,,0,30,,75359,20,,,0,69,,75346,20,,,0,30,,75347,20,,,0,70,,75345,20,,,0,30,,75348,20,,,0,70,,75349,20,,,0,97,,75356,20,,,0,99,,75355,20,,,0,100,,75360,20,,,0
7201,'5365',712,,75362,20,,,0,100,,75363,20,,,0,100,,75364,20,,,0,104,,75365,20,,,0,100,,75367,20,,,0,30,,75368,20,,,0,70,,75361,20,,,0,30,,75366,20,,,0,70,,75369,20,,,0,30,,75371,20,,,0,70,,75372,20,,,0,30,,75373,20,,,0,70,,75370,20,,,0,30,,75374,20,,,0,70,,75375,20,,,0,30,,75376,20,,,0,74,,75377,20,,,0,28,,75378,20,,,0,72,,75379,20,,,0,30,,75380,20,,,0,70,,75382,20,,,0,29,,75381,20,,,0,70,,75383,20,,,0,30,,75384,20,,,0,70,,75385,20,,,0,95,,75386,20,,,0,100,,75387,20,,,0
7201,'5390',712,,75389,20,,,0,100,,75390,20,,,0,100,,75391,20,,,0,104,,75392,20,,,0,100,,75394,20,,,0,30,,75395,20,,,0,70,,75388,20,,,0,30,,75393,20,,,0,70,,75396,20,,,0,30,,75398,20,,,0,70,,75399,20,,,0,30,,75400,20,,,0,70,,75397,20,,,0,30,,75401,20,,,0,70,,75402,20,,,0,30,,75403,20,,,0,74,,75404,20,,,0,28,,75405,20,,,0,72,,75406,20,,,0,30,,75407,20,,,0,70,,75409,20,,,0,29,,75408,20,,,0,70,,75410,20,,,0,30,,75411,20,,,0,70,,75412,20,,,0,95,,75413,20,,,0,100,,75414,20,,,0
8101,'4623',536,,75931,5,,,0,169,,75932,20,,,0,33,,75933,5,,,0,179,,75934,20,,,0,103,,75935,20,,,0,97,,75936,20,,,0,100,,75937,20,,,0,100,,75938,20,,,0,100,,75939,20,,,0,102,,75940,20,,,0,99,,75941,20,,,0,98,,75942,20,,,0,100,,75943,20,,,0,99,,75944,20,,,0,100,,75945,20,,,0,99,,75946,20,,,0
8101,'4833',914,,75947,20,,,0,103,,75948,20,,,0,100,,75949,20,,,0,100,,75950,20,,,0,100,,75951,20,,,0,104,,75952,20,,,0,100,,75953,20,,,0,100,,75954,20,,,0,96,,75955,20,,,0,97,,75956,20,,,0,100,,75957,20,,,0,100,,75958,20,,,0,100,,75959,20,,,0
8101,'5015',914,,75960,20,,,0,103,,75961,20,,,0,100,,75962,20,,,0,100,,75963,20,,,0,100,,75964,20,,,0,104,,75965,20,,,0,100,,75966,20,,,0,100,,75967,20,,,0,96,,75968,20,,,0,97,,75969,20,,,0,100,,75970,20,,,0,100,,75971,20,,,0,100,,75972,20,,,0
8101,'5222',536,,75973,5,,,0,169,,75974,20,,,0,33,,75975,5,,,0,179,,75976,20,,,0,103,,75977,20,,,0,97,,75978,20,,,0,100,,75979,20,,,0,100,,75980,20,,,0,100,,75981,20,,,0,102,,75982,20,,,0,99,,75983,20,,,0,98,,75984,20,,,0,100,,75985,20,,,0,99,,75986,20,,,0,100,,75987,20,,,0,99,,75988,20,,,0
8101,'5365',914,,75989,20,,,0,101,,75990,20,,,0,102,,75991,20,,,0,100,,75992,20,,,0,100,,75993,20,,,0,101,,75994,20,,,0,100,,75995,20,,,0,100,,75996,20,,,0,102,,75997,20,,,0,100,,75998,20,,,0,100,,75999,20,,,0,100,,76000,20,,,0,100,,76001,20,,,0
8101,'5390',914,,76002,20,,,0,101,,76003,20,,,0,102,,76004,20,,,0,100,,76005,20,,,0,100,,76006,20,,,0,101,,76007,20,,,0,100,,76008,20,,,0,100,,76009,20,,,0,102,,76010,20,,,0,100,,76011,20,,,0,100,,76012,20,,,0,100,,76013,20,,,0,100,,76014,20,,,0
