4800,'4623',630,,72848,21,,,0,27,,72847,21,,,0,70,,72846,21,,,0
4800,'5222',630,,72851,21,,,0,27,,72850,21,,,0,70,,72849,21,,,0
5401,'4623',539,,73486,13,,,0,169,,73489,13,,,0,131,,73490,13,,,0,217,,73491,13,,,0,198,,73487,13,,,0,171,,73492,13,,,0,105,,73488,13,,,0,185,,73493,13,,,0,191,,73494,13,,,0,199,,73495,13,,,0
5401,'4833',734,,73499,13,,,0,201,,73496,13,,,0,211,,73497,13,,,0,205,,73498,13,,,0,250,,73502,13,,,0,210,,73501,13,,,0,224,,73500,13,,,0
5401,'5015',734,,73509,13,,,0,201,,73506,13,,,0,211,,73507,13,,,0,205,,73508,13,,,0,250,,73505,13,,,0,210,,73504,13,,,0,224,,73503,13,,,0
5401,'5222',539,,73510,13,,,0,169,,73513,13,,,0,131,,73514,13,,,0,217,,73515,13,,,0,198,,73511,13,,,0,171,,73516,13,,,0,105,,73512,13,,,0,185,,73517,13,,,0,191,,73518,13,,,0,199,,73519,13,,,0
5401,'5365',734,,73522,13,,,0,201,,73523,13,,,0,211,,73520,13,,,0,205,,73521,13,,,0,250,,73524,13,,,0,210,,73526,13,,,0,224,,73525,13,,,0
5401,'5390',734,,73529,13,,,0,201,,73530,13,,,0,211,,73527,13,,,0,205,,73528,13,,,0,250,,73531,13,,,0,210,,73533,13,,,0,224,,73532,13,,,0
6001,'4623',719,,74300,10,,,0,38,,74307,10,,,0,152,,74308,10,,,0,92,,74301,10,,,0,101,,74302,10,,,0,101,,74303,10,,,0,103,,74304,10,,,0,110,,74305,10,,,0,97,,74309,10,,,0,91,,74310,10,,,0,44,,74311,10,,,0,82,,74306,10,,,0,84,,74312,10,,,0,99,,74314,10,,,0,100,,74313,10,,,0,110,,74315,10,,,0,107,,74316,10,,,0
6001,'4833',728,,74328,10,,,0,101,,74329,10,,,0,100,,74330,10,,,0,101,,74327,10,,,0,105,,74326,10,,,0,105,,74325,10,,,0,105,,74324,10,,,0,105,,74323,10,,,0,105,,74322,10,,,0,145,,74321,10,,,0,105,,74320,10,,,0,105,,74319,10,,,0,104,,74318,10,,,0,107,,74317,10,,,0
6001,'5015',728,,74342,10,,,0,101,,74343,10,,,0,100,,74344,10,,,0,101,,74341,10,,,0,105,,74340,10,,,0,105,,74339,10,,,0,105,,74338,10,,,0,105,,74337,10,,,0,105,,74336,10,,,0,145,,74335,10,,,0,105,,74334,10,,,0,105,,74333,10,,,0,104,,74332,10,,,0,107,,74331,10,,,0
6001,'5222',719,,74345,10,,,0,38,,74352,10,,,0,152,,74353,10,,,0,92,,74346,10,,,0,101,,74347,10,,,0,101,,74348,10,,,0,103,,74349,10,,,0,110,,74350,10,,,0,97,,74354,10,,,0,91,,74355,10,,,0,44,,74356,10,,,0,82,,74351,10,,,0,84,,74357,10,,,0,99,,74359,10,,,0,100,,74358,10,,,0,110,,74360,10,,,0,107,,74361,10,,,0
6001,'5365',829,,74363,10,,,0,100,,74364,10,,,0,101,,74365,10,,,0,105,,74362,10,,,0,105,,74368,10,,,0,105,,74369,10,,,0,105,,74367,10,,,0,105,,74366,10,,,0,145,,74371,10,,,0,105,,74372,10,,,0,105,,74370,10,,,0,105,,74374,10,,,0,106,,74373,10,,,0
6001,'5390',829,,74376,10,,,0,100,,74377,10,,,0,101,,74378,10,,,0,105,,74375,10,,,0,105,,74381,10,,,0,105,,74382,10,,,0,105,,74380,10,,,0,105,,74379,10,,,0,145,,74384,10,,,0,105,,74385,10,,,0,105,,74383,10,,,0,105,,74387,10,,,0,106,,74386,10,,,0
