201,'5036',601,,36642,21,0,46 37,0,21,,36634,21,0,46 37,0,26,,36651,21,0,46 37,0,69,,36646,21,0,46 37,0,30,,36635,21,0,46 37,0,71,,36650,21,0,46 37,0,32,,36640,21,0,46 37,0,71,,36636,21,0,46 37,0,33,,36648,21,0,46 37,0,78,,36641,21,0,46 37,0,79,,36637,21,0,46 37,0,39,,36639,21,0,46 37,0,80,,36638,21,0,46 37,0,80,,36647,21,0,46 37,0,40,,36644,21,0,46 37,0,92,,36645,21,0,46 37,0,73,,36643,21,0,46 37,0,37,,36653,21,0,46 37,0,75,,36654,21,0,46 37,0,77,,36652,21,0,46 37,0,37,,36655,21,0,46 37,0,87,,36656,21,0,46 37,0,25,,36658,21,0,46 37,0,82,,36657,21,0,46 37,0,83,,36659,21,0,46 37,0,41,,36660,21,0,46 37,0,78,,36661,21,0,46 37,0,81,,36662,21,0,46 37,0,41,,36664,21,0,46 37,0,81,,36663,21,0,46 37,0,72,,36665,21,0,46 37,0
201,'5040',601,,36674,21,0,46 37,0,21,,36666,21,0,46 37,0,26,,36684,21,0,46 37,0,69,,36678,21,0,46 37,0,30,,36667,21,0,46 37,0,71,,36683,21,0,46 37,0,32,,36672,21,0,46 37,0,71,,36668,21,0,46 37,0,33,,36681,21,0,46 37,0,78,,36673,21,0,46 37,0,79,,36669,21,0,46 37,0,39,,36671,21,0,46 37,0,80,,36670,21,0,46 37,0,80,,36680,21,0,46 37,0,40,,36676,21,0,46 37,0,92,,36677,21,0,46 37,0,15,,36679,2,0,46 37,0,58,,36675,21,0,46 37,0,37,,36686,21,0,46 37,0,75,,36687,21,0,46 37,0,77,,36685,21,0,46 37,0,37,,36688,21,0,46 37,0,87,,36689,21,0,46 37,0,25,,36691,21,0,46 37,0,82,,36690,21,0,46 37,0,83,,36692,21,0,46 37,0,41,,36693,21,0,46 37,0,78,,36694,21,0,46 37,0,81,,36695,21,0,46 37,0,41,,36697,21,0,46 37,0,81,,36696,21,0,46 37,0,72,,36698,21,0,46 37,0
201,'5041',644,,36720,21,0,46 37,0,158,,36721,21,0,46 37,0,124,,36715,21,0,46 37,0,80,,36708,21,0,46 37,0,97,,36718,21,0,46 37,0,38,,36709,21,0,46 37,0,80,,36701,21,0,46 37,0,38,,36704,21,0,46 37,0,79,,36703,21,0,46 37,0,80,,36713,21,0,46 37,0,40,,36705,21,0,46 37,0,81,,36702,21,0,46 37,0,81,,36706,21,0,46 37,0,35,,36714,21,0,46 37,0,81,,36717,21,0,46 37,0,81,,36716,21,0,46 37,0,37,,36719,21,0,46 37,0,76,,36710,21,0,46 37,0,80,,36711,21,0,46 37,0,45,,36712,21,0,46 37,0,81,,36725,21,0,46 37,0,81,,36722,21,0,46 37,0,83,,36723,21,0,46 37,0,41,,36724,21,0,46 37,0,76,,36726,21,0,46 37,0
201,'5075',1457,,36728,2,0,46 37,0
201,'5076',1457,,36729,2,0,46 37,0
201,'5078',631,,36744,21,0,46 37,0,119,,36751,21,0,46 37,0,158,,36745,21,0,46 37,0,135,,36752,21,0,46 37,0,100,,36731,21,0,46 37,0,79,,36742,21,0,46 37,0,79,,36738,21,0,46 37,0,39,,36737,21,0,46 37,0,81,,36733,21,0,46 37,0,80,,36734,21,0,46 37,0,40,,36743,21,0,46 37,0,81,,36739,21,0,46 37,0,36,,36735,21,0,46 37,0,80,,36736,21,0,46 37,0,81,,36740,21,0,46 37,0,37,,36749,21,0,46 37,0,81,,36741,21,0,46 37,0,80,,36748,21,0,46 37,0,41,,36747,21,0,46 37,0,80,,36750,21,0,46 37,0,81,,36746,21,0,46 37,0,82,,36753,21,0,46 37,0,41,,36754,21,0,46 37,0
201,'5079',631,,36769,21,0,46 37,0,119,,36776,21,0,46 37,0,158,,36770,21,0,46 37,0,135,,36777,21,0,46 37,0,100,,36756,21,0,46 37,0,79,,36767,21,0,46 37,0,79,,36763,21,0,46 37,0,39,,36762,21,0,46 37,0,81,,36758,21,0,46 37,0,80,,36759,21,0,46 37,0,40,,36768,21,0,46 37,0,81,,36764,21,0,46 37,0,36,,36760,21,0,46 37,0,80,,36761,21,0,46 37,0,81,,36765,21,0,46 37,0,37,,36774,21,0,46 37,0,81,,36766,21,0,46 37,0,80,,36773,21,0,46 37,0,41,,36772,21,0,46 37,0,80,,36775,21,0,46 37,0,81,,36771,21,0,46 37,0,82,,36778,21,0,46 37,0,41,,36779,21,0,46 37,0
501,'5036',633,,37758,16,,,0,71,,37763,16,,,0,27,,37755,16,,,0,71,,37757,16,,,0,32,,37761,16,,,0,72,,37756,16,,,0,30,,37759,16,,,0,77,,37762,16,,,0,39,,37760,16,,,0,79,,37770,16,,,0,79,,37765,16,,,0,40,,37766,16,,,0,80,,37764,16,,,0,94,,37767,16,,,0,76,,37769,16,,,0,33,,37768,16,,,0,77,,37771,16,,,0,35,,37775,16,,,0,76,,37773,16,,,0,81,,37774,16,,,0,111,,37772,16,,,0,43,,37776,16,,,0,82,,37777,16,,,0
501,'5040',633,,37781,16,,,0,71,,37786,16,,,0,27,,37778,16,,,0,71,,37780,16,,,0,32,,37784,16,,,0,72,,37779,16,,,0,30,,37782,16,,,0,77,,37785,16,,,0,39,,37783,16,,,0,79,,37793,16,,,0,79,,37788,16,,,0,40,,37789,16,,,0,80,,37787,16,,,0,94,,37790,16,,,0,76,,37792,16,,,0,33,,37791,16,,,0,77,,37794,16,,,0,35,,37798,16,,,0,76,,37796,16,,,0,81,,37797,16,,,0,111,,37795,16,,,0,43,,37799,16,,,0,82,,37800,16,,,0
501,'5041',723,,37809,16,,,0,120,,37811,16,,,0,103,,37808,16,,,0,79,,37802,16,,,0,97,,37810,16,,,0,79,,37801,16,,,0,39,,37817,16,,,0,78,,37806,16,,,0,39,,37807,16,,,0,81,,37804,16,,,0,80,,37805,16,,,0,41,,37815,16,,,0,81,,37818,16,,,0,75,,37814,16,,,0,42,,37816,16,,,0,77,,37820,16,,,0,75,,37819,16,,,0,41,,37812,16,,,0,85,,37813,16,,,0
501,'5078',711,,37835,16,,,0,118,,37834,16,,,0,117,,37833,16,,,0,79,,37827,16,,,0,98,,37830,16,,,0,79,,37826,16,,,0,40,,37822,16,,,0,78,,37821,16,,,0,81,,37837,16,,,0,40,,37829,16,,,0,80,,37825,16,,,0,80,,37824,16,,,0,42,,37823,16,,,0,75,,37836,16,,,0,40,,37831,16,,,0,76,,37828,16,,,0,83,,37832,16,,,0
501,'5079',711,,37852,16,,,0,118,,37851,16,,,0,117,,37850,16,,,0,79,,37844,16,,,0,98,,37847,16,,,0,79,,37843,16,,,0,40,,37839,16,,,0,78,,37838,16,,,0,81,,37854,16,,,0,40,,37846,16,,,0,80,,37842,16,,,0,80,,37841,16,,,0,42,,37840,16,,,0,75,,37853,16,,,0,40,,37848,16,,,0,76,,37845,16,,,0,83,,37849,16,,,0
