4800,'4623',633,,72848,28,,,0,67,,72847,28,,,0,30,,72846,28,,,0
4800,'5222',633,,72851,28,,,0,67,,72850,28,,,0,30,,72849,28,,,0
5200,'4623',516,,72979,40,,,0,31,,72988,40,,,0,75,,72968,40,,,0,18,,72956,40,,,0,64,,72980,40,,,0,21,,72961,40,,,0,29,,72989,40,,,0,74,,72969,40,,,0,27,,72957,40,,,0,68,,72981,40,,,0,31,,72962,40,,,0,67,,72990,40,,,0,30,,72963,40,,,0,75,,72970,40,,,0,33,,72958,40,,,0,71,,72982,40,,,0,29,,72964,40,,,0,78,,72971,40,,,0,74,,72959,40,,,0,33,,72983,40,,,0,70,,72965,40,,,0,34,,72972,40,,,0,73,,72973,40,,,0,30,,72960,40,,,0,67,,72984,40,,,0,28,,72966,40,,,0,73,,72974,40,,,0,29,,72975,40,,,0,75,,72985,40,,,0,28,,72967,40,,,0,68,,72977,40,,,0,29,,72976,40,,,0,71,,72986,40,,,0,94,,72978,40,,,0,99,,72987,40,,,0,100,,72991,40,,,0
5200,'4833',650,,73009,40,,,0,70,,73008,40,,,0,81,,73003,40,,,0,35,,73011,40,,,0,72,,73006,40,,,0,33,,72992,40,,,0,70,,72999,40,,,0,30,,73018,40,,,0,72,,72997,40,,,0,35,,72994,40,,,0,73,,73000,40,,,0,32,,73020,40,,,0,75,,72995,40,,,0,73,,72993,40,,,0,36,,73002,40,,,0,66,,73019,40,,,0,34,,72998,40,,,0,72,,73005,40,,,0,35,,73001,40,,,0,68,,73016,40,,,0,30,,72996,40,,,0,69,,73007,40,,,0,22,,73013,40,,,0,24,,73004,40,,,0,64,,73012,40,,,0,24,,73015,40,,,0,68,,73014,40,,,0,28,,73010,40,,,0,70,,73017,40,,,0,100,,73021,40,,,0,93,,73022,40,,,0,108,,73023,40,,,0
5200,'5015',650,,73041,40,,,0,70,,73040,40,,,0,81,,73035,40,,,0,35,,73043,40,,,0,72,,73038,40,,,0,33,,73024,40,,,0,70,,73031,40,,,0,30,,73050,40,,,0,72,,73029,40,,,0,35,,73026,40,,,0,73,,73032,40,,,0,32,,73052,40,,,0,75,,73027,40,,,0,73,,73025,40,,,0,36,,73034,40,,,0,66,,73051,40,,,0,34,,73030,40,,,0,72,,73037,40,,,0,35,,73033,40,,,0,68,,73048,40,,,0,30,,73028,40,,,0,69,,73039,40,,,0,22,,73045,40,,,0,24,,73036,40,,,0,64,,73044,40,,,0,24,,73047,40,,,0,68,,73046,40,,,0,28,,73042,40,,,0,70,,73049,40,,,0,100,,73053,40,,,0,93,,73054,40,,,0,108,,73055,40,,,0
5200,'5222',516,,73079,40,,,0,31,,73088,40,,,0,75,,73068,40,,,0,18,,73056,40,,,0,64,,73080,40,,,0,21,,73061,40,,,0,29,,73089,40,,,0,74,,73069,40,,,0,27,,73057,40,,,0,68,,73081,40,,,0,31,,73062,40,,,0,67,,73090,40,,,0,30,,73063,40,,,0,75,,73070,40,,,0,33,,73058,40,,,0,71,,73082,40,,,0,29,,73064,40,,,0,78,,73071,40,,,0,74,,73059,40,,,0,33,,73083,40,,,0,70,,73065,40,,,0,34,,73072,40,,,0,73,,73073,40,,,0,30,,73060,40,,,0,67,,73084,40,,,0,28,,73066,40,,,0,73,,73074,40,,,0,29,,73075,40,,,0,75,,73085,40,,,0,28,,73067,40,,,0,68,,73077,40,,,0,29,,73076,40,,,0,71,,73086,40,,,0,94,,73078,40,,,0,99,,73087,40,,,0,100,,73091,40,,,0
5200,'5365',720,,73113,40,,,0,32,,73095,40,,,0,81,,73098,40,,,0,72,,73112,40,,,0,32,,73106,40,,,0,72,,73094,40,,,0,31,,73097,40,,,0,72,,73108,40,,,0,31,,73102,40,,,0,72,,73093,40,,,0,33,,73096,40,,,0,70,,73111,40,,,0,31,,73104,40,,,0,78,,73092,40,,,0,30,,73100,40,,,0,74,,73110,40,,,0,74,,73103,40,,,0,33,,73119,40,,,0,68,,73099,40,,,0,30,,73109,40,,,0,68,,73105,40,,,0,30,,73107,40,,,0,68,,73101,40,,,0,29,,73115,40,,,0,79,,73114,40,,,0,99,,73116,40,,,0,98,,73118,40,,,0,106,,73117,40,,,0
5200,'5390',720,,73141,40,,,0,32,,73123,40,,,0,81,,73126,40,,,0,72,,73140,40,,,0,32,,73134,40,,,0,72,,73122,40,,,0,31,,73125,40,,,0,72,,73136,40,,,0,31,,73130,40,,,0,72,,73121,40,,,0,33,,73124,40,,,0,70,,73139,40,,,0,31,,73132,40,,,0,78,,73120,40,,,0,30,,73128,40,,,0,74,,73138,40,,,0,74,,73131,40,,,0,33,,73147,40,,,0,68,,73127,40,,,0,30,,73137,40,,,0,68,,73133,40,,,0,30,,73135,40,,,0,68,,73129,40,,,0,29,,73143,40,,,0,79,,73142,40,,,0,99,,73144,40,,,0,98,,73146,40,,,0,106,,73145,40,,,0
6000,'4623',643,,74210,4,,,0,72,,74227,4,,,0,31,,74213,4,,,0,104,,74214,4,,,0,103,,74215,4,,,0,101,,74211,4,,,0,98,,74218,4,,,0,103,,74219,4,,,0,104,,74220,4,,,0,145,,74221,4,,,0,104,,74212,4,,,0,40,,74216,4,,,0,83,,74222,4,,,0,82,,74223,4,,,0,41,,74217,4,,,0,103,,74224,4,,,0,144,,74225,4,,,0,114,,74226,4,,,0
6000,'4833',715,,74240,4,,,0,100,,74241,4,,,0,101,,74239,4,,,0,101,,74238,4,,,0,106,,74237,4,,,0,105,,74236,4,,,0,105,,74235,4,,,0,106,,74234,4,,,0,106,,74232,4,,,0,102,,74233,4,,,0,103,,74228,4,,,0,104,,74229,4,,,0,105,,74230,4,,,0,160,,74231,4,,,0
6000,'5015',715,,74254,4,,,0,100,,74255,4,,,0,101,,74253,4,,,0,101,,74252,4,,,0,106,,74251,4,,,0,105,,74250,4,,,0,105,,74249,4,,,0,106,,74248,4,,,0,106,,74246,4,,,0,102,,74247,4,,,0,103,,74242,4,,,0,104,,74243,4,,,0,105,,74244,4,,,0,160,,74245,4,,,0
6000,'5222',643,,74256,4,,,0,72,,74273,4,,,0,31,,74259,4,,,0,104,,74260,4,,,0,103,,74261,4,,,0,101,,74257,4,,,0,98,,74264,4,,,0,103,,74265,4,,,0,104,,74266,4,,,0,145,,74267,4,,,0,104,,74258,4,,,0,40,,74262,4,,,0,83,,74268,4,,,0,82,,74269,4,,,0,41,,74263,4,,,0,103,,74270,4,,,0,144,,74271,4,,,0,114,,74272,4,,,0
6000,'5365',816,,74274,4,,,0,101,,74275,4,,,0,101,,74277,4,,,0,106,,74276,4,,,0,105,,74281,4,,,0,105,,74280,4,,,0,105,,74279,4,,,0,105,,74278,4,,,0,102,,74284,4,,,0,103,,74285,4,,,0,104,,74286,4,,,0,105,,74283,4,,,0,160,,74282,4,,,0
6000,'5390',816,,74287,4,,,0,101,,74288,4,,,0,101,,74290,4,,,0,106,,74289,4,,,0,105,,74294,4,,,0,105,,74293,4,,,0,105,,74292,4,,,0,105,,74291,4,,,0,102,,74297,4,,,0,103,,74298,4,,,0,104,,74299,4,,,0,105,,74296,4,,,0,160,,74295,4,,,0
6001,'4623',722,,74300,17,,,0,78,,74307,17,,,0,112,,74308,17,,,0,92,,74301,17,,,0,101,,74302,17,,,0,101,,74303,17,,,0,103,,74304,17,,,0,111,,74305,17,,,0,97,,74309,17,,,0,91,,74310,17,,,0,44,,74311,17,,,0,82,,74306,17,,,0,84,,74312,17,,,0,99,,74314,17,,,0,99,,74313,17,,,0,110,,74315,17,,,0,107,,74316,17,,,0
6001,'4833',731,,74328,17,,,0,101,,74329,17,,,0,100,,74330,17,,,0,101,,74327,17,,,0,105,,74326,17,,,0,105,,74325,17,,,0,106,,74324,17,,,0,105,,74323,17,,,0,104,,74322,17,,,0,145,,74321,17,,,0,105,,74320,17,,,0,105,,74319,17,,,0,104,,74318,17,,,0,107,,74317,17,,,0
6001,'5015',731,,74342,17,,,0,101,,74343,17,,,0,100,,74344,17,,,0,101,,74341,17,,,0,105,,74340,17,,,0,105,,74339,17,,,0,106,,74338,17,,,0,105,,74337,17,,,0,104,,74336,17,,,0,145,,74335,17,,,0,105,,74334,17,,,0,105,,74333,17,,,0,104,,74332,17,,,0,107,,74331,17,,,0
6001,'5222',722,,74345,17,,,0,78,,74352,17,,,0,112,,74353,17,,,0,92,,74346,17,,,0,101,,74347,17,,,0,101,,74348,17,,,0,103,,74349,17,,,0,111,,74350,17,,,0,97,,74354,17,,,0,91,,74355,17,,,0,44,,74356,17,,,0,82,,74351,17,,,0,84,,74357,17,,,0,99,,74359,17,,,0,99,,74358,17,,,0,110,,74360,17,,,0,107,,74361,17,,,0
6001,'5365',831,,74363,17,,,0,101,,74364,17,,,0,101,,74365,17,,,0,105,,74362,17,,,0,105,,74368,17,,,0,105,,74369,17,,,0,106,,74367,17,,,0,105,,74366,17,,,0,145,,74371,17,,,0,104,,74372,17,,,0,105,,74370,17,,,0,104,,74374,17,,,0,106,,74373,17,,,0
6001,'5390',831,,74376,17,,,0,101,,74377,17,,,0,101,,74378,17,,,0,105,,74375,17,,,0,105,,74381,17,,,0,105,,74382,17,,,0,106,,74380,17,,,0,105,,74379,17,,,0,145,,74384,17,,,0,104,,74385,17,,,0,105,,74383,17,,,0,104,,74387,17,,,0,106,,74386,17,,,0
