4801,'4744',1719,,13664,,,0,28,,13665,,,0,69,,13666,,,0
4801,'4870',1719,,13667,,,0,28,,13668,,,0,69,,13669,,,0
4801,'4875',1719,,13670,,,0,28,,13671,,,0,69,,13672,,,0
5201,'4487',658,,14085,,,0,71,,14095,,,0,30,,14093,,,0,72,,14076,,,0,70,,14083,,,0,30,,14102,,,0,70,,14079,,,0,31,,14077,,,0,70,,14084,,,0,30,,14103,,,0,70,,14081,,,0,31,,14078,,,0,75,,14087,,,0,30,,14105,,,0,75,,14082,,,0,35,,14092,,,0,75,,14086,,,0,30,,14104,,,0,70,,14080,,,0,30,,14090,,,0,65,,14098,,,0,25,,14089,,,0,64,,14094,,,0,25,,14091,,,0,70,,14088,,,0,28,,14101,,,0,72,,14096,,,0,30,,14100,,,0,70,,14097,,,0,25,,14099,0,30 14,0,30,,14106,,,0,143,,14107,,,0,100,,14108,,,0
5201,'4743',658,,14118,,,0,71,,14128,,,0,30,,14126,,,0,72,,14109,,,0,70,,14116,,,0,30,,14135,,,0,70,,14112,,,0,31,,14110,,,0,70,,14117,,,0,30,,14136,,,0,70,,14114,,,0,31,,14111,,,0,75,,14120,,,0,30,,14138,,,0,75,,14115,,,0,35,,14125,,,0,75,,14119,,,0,30,,14137,,,0,70,,14113,,,0,30,,14123,,,0,65,,14131,,,0,25,,14122,,,0,64,,14127,,,0,25,,14124,,,0,70,,14121,,,0,28,,14134,,,0,72,,14129,,,0,30,,14133,,,0,70,,14130,,,0,25,,14132,0,30 14,0,30,,14139,,,0,143,,14140,,,0,100,,14141,,,0
5201,'4744',517,,14145,,,0,35,,14142,,,0,78,,14149,,,0,78,,14144,,,0,27,,14155,,,0,68,,14143,,,0,33,,14161,,,0,64,,14150,,,0,35,,14146,,,0,75,,14147,,,0,29,,14159,,,0,70,,14151,,,0,28,,14148,,,0,75,,14152,,,0,34,,14160,,,0,70,,14153,,,0,30,,14154,,,0,70,,14174,,,0,31,,14156,,,0,59,,14180,0,38 3 39,0,9,,14162,,,0,25,,14179,0,30 14,0,3,,14181,0,30 14,0,73,,14158,,,0,37,,14175,,,0,63,,14163,,,0,25,,14164,,,0,62,,14165,,,0,30,,14166,,,0,69,,14176,,,0,30,,14167,,,0,73,,14168,,,0,28,,14170,,,0,68,,14178,,,0,26,,14171,0,30 14,0,75,,14172,,,0,98,,14177,,,0,59,,14173,,,0
5201,'4745',729,,14188,,,0,30,,14204,,,0,70,,14196,,,0,71,,14183,,,0,30,,14191,,,0,71,,14198,,,0,31,,14193,,,0,70,,14184,,,0,30,,14190,,,0,70,,14199,,,0,30,,14195,,,0,75,,14182,,,0,30,,14189,,,0,75,,14202,,,0,35,,14194,,,0,75,,14185,,,0,30,,14187,,,0,70,,14201,,,0,30,,14192,,,0,70,,14197,,,0,29,,14186,,,0,70,,14200,,,0,79,,14203,,,0,100,,14205,,,0,100,,14206,,,0,100,,14207,,,0,100,,14208,,,0
5201,'4870',517,,14212,,,0,35,,14209,,,0,78,,14216,,,0,78,,14211,,,0,27,,14222,,,0,68,,14210,,,0,33,,14228,,,0,64,,14217,,,0,35,,14213,,,0,75,,14214,,,0,29,,14226,,,0,70,,14218,,,0,28,,14215,,,0,75,,14219,,,0,34,,14227,,,0,70,,14220,,,0,30,,14221,,,0,70,,14241,,,0,31,,14223,,,0,59,,14247,0,38 3 39,0,9,,14229,,,0,25,,14246,0,30 14,0,3,,14248,0,30 14,0,73,,14225,,,0,37,,14242,,,0,63,,14230,,,0,25,,14231,,,0,62,,14232,,,0,30,,14233,,,0,69,,14243,,,0,30,,14234,,,0,73,,14235,,,0,28,,14237,,,0,68,,14245,,,0,26,,14238,0,30 14,0,75,,14239,,,0,98,,14244,,,0,59,,14240,,,0
5201,'4875',517,,14252,,,0,35,,14249,,,0,78,,14256,,,0,78,,14251,,,0,27,,14262,,,0,68,,14250,,,0,33,,14268,,,0,64,,14257,,,0,35,,14253,,,0,75,,14254,,,0,29,,14266,,,0,70,,14258,,,0,28,,14255,,,0,75,,14259,,,0,34,,14267,,,0,70,,14260,,,0,30,,14261,,,0,70,,14281,,,0,26,,14286,0,30 14,0,5,,14263,,,0,59,,14287,0,38 3 39,0,9,,14269,,,0,28,,14264,,,0,73,,14265,,,0,37,,14282,,,0,63,,14270,,,0,25,,14271,,,0,62,,14272,,,0,30,,14273,,,0,69,,14283,,,0,30,,14274,,,0,73,,14275,,,0,28,,14277,,,0,68,,14285,,,0,26,,14278,0,30 14,0,75,,14279,,,0,98,,14284,,,0,59,,14280,,,0
5201,'4876',658,,14297,,,0,71,,14307,,,0,30,,14305,,,0,72,,14288,,,0,70,,14295,,,0,30,,14314,,,0,70,,14291,,,0,31,,14289,,,0,70,,14296,,,0,30,,14315,,,0,70,,14293,,,0,31,,14290,,,0,75,,14299,,,0,30,,14317,,,0,75,,14294,,,0,35,,14304,,,0,75,,14298,,,0,30,,14316,,,0,70,,14292,,,0,30,,14302,,,0,65,,14310,,,0,25,,14301,,,0,64,,14306,,,0,25,,14303,,,0,70,,14300,,,0,28,,14313,,,0,72,,14308,,,0,30,,14312,,,0,70,,14309,,,0,25,,14311,0,30 14,0,30,,14318,,,0,143,,14319,,,0,100,,14320,,,0
5201,'4877',729,,14327,,,0,30,,14343,,,0,70,,14335,,,0,71,,14322,,,0,30,,14330,,,0,71,,14337,,,0,31,,14332,,,0,70,,14323,,,0,30,,14329,,,0,70,,14338,,,0,30,,14334,,,0,75,,14321,,,0,30,,14328,,,0,75,,14341,,,0,35,,14333,,,0,75,,14324,,,0,30,,14326,,,0,70,,14340,,,0,30,,14331,,,0,70,,14336,,,0,29,,14325,,,0,70,,14339,,,0,79,,14342,,,0,100,,14344,,,0,100,,14345,,,0,100,,14346,,,0,100,,14347,,,0
5500,'4487',816,,14617,,,0,201,,14613,,,0,213,,14614,,,0,204,,14615,,,0,211,,14616,,,0,209,,14612,,,0,264,,14611,,,0
5500,'4743',816,,14624,,,0,201,,14620,,,0,213,,14621,,,0,204,,14622,,,0,211,,14623,,,0,209,,14619,,,0,264,,14618,,,0
5500,'4744',621,,14625,,,0,131,,14627,,,0,174,,14626,,,0,214,,14628,,,0,198,,14629,,,0,173,,14630,,,0,106,,14631,,,0,183,,14632,,,0,149,,14633,,,0,198,,14634,,,0
5500,'4745',815,,14635,,,0,201,,14638,,,0,214,,14637,,,0,205,,14636,,,0,210,,14640,,,0,208,,14641,,,0,264,,14639,,,0
5500,'4870',621,,14642,,,0,131,,14644,,,0,174,,14643,,,0,214,,14645,,,0,198,,14646,,,0,173,,14647,,,0,106,,14648,,,0,183,,14649,,,0,149,,14650,,,0,198,,14651,,,0
5500,'4875',621,,14652,,,0,131,,14654,,,0,174,,14653,,,0,214,,14655,,,0,198,,14656,,,0,173,,14657,,,0,106,,14658,,,0,183,,14659,,,0,149,,14660,,,0,198,,14661,,,0
5500,'4876',816,,14668,,,0,201,,14664,,,0,213,,14665,,,0,204,,14666,,,0,211,,14667,,,0,209,,14663,,,0,264,,14662,,,0
5500,'4877',815,,14669,,,0,201,,14672,,,0,214,,14671,,,0,205,,14670,,,0,210,,14674,,,0,208,,14675,,,0,264,,14673,,,0
6400,'4744',738,,16287,,,0,507,,16289,,,0,580,,16291,,,0
6400,'4870',738,,16294,,,0,507,,16296,,,0,580,,16298,,,0
6400,'4875',738,,16301,,,0,507,,16303,,,0,580,,16305,,,0
