4700,'4623',640,,72836,32,,,0,68,,72835,32,,,0,26,,72834,32,,,0
4700,'5222',640,,72839,32,,,0,68,,72838,32,,,0,26,,72837,32,,,0
4701,'4623',1654,,72842,26,,,0,68,,72840,26,,,0,29,,72841,26,,,0
4701,'5222',1654,,72845,26,,,0,68,,72843,26,,,0,29,,72844,26,,,0
5701,'4623',602,,73727,8,,,0,49,,73728,8,,,0,84,,73726,8,,,0,88,,73737,8,,,0,84,,73729,8,,,0,47,,73736,8,,,0,84,,73731,8,,,0,86,,73738,8,,,0,85,,73730,8,,,0,45,,73739,8,,,0,86,,73732,8,,,0,88,,73740,8,,,0,100,,73733,8,,,0,72,,73741,8,,,0,43,,73734,8,,,0,87,,73743,8,,,0,87,,73735,8,,,0,88,,73742,8,,,0,99,,73744,8,,,0,117,,73746,8,,,0,109,,73745,8,,,0
5701,'4833',628,,73758,8,,,0,108,,73748,8,,,0,97,,73759,8,,,0,105,,73762,8,,,0,101,,73760,8,,,0,107,,73761,8,,,0,110,,73747,8,,,0,100,,73753,8,,,0,150,,73757,8,,,0,101,,73754,8,,,0,108,,73749,8,,,0,91,,73751,8,,,0,114,,73755,8,,,0,99,,73756,8,,,0,99,,73752,8,,,0,113,,73750,8,,,0
5701,'5015',628,,73774,8,,,0,108,,73764,8,,,0,97,,73775,8,,,0,105,,73778,8,,,0,101,,73776,8,,,0,107,,73777,8,,,0,110,,73763,8,,,0,100,,73769,8,,,0,150,,73773,8,,,0,101,,73770,8,,,0,108,,73765,8,,,0,91,,73767,8,,,0,114,,73771,8,,,0,99,,73772,8,,,0,99,,73768,8,,,0,113,,73766,8,,,0
5701,'5222',602,,73780,8,,,0,49,,73781,8,,,0,84,,73779,8,,,0,88,,73790,8,,,0,84,,73782,8,,,0,47,,73789,8,,,0,84,,73784,8,,,0,86,,73791,8,,,0,85,,73783,8,,,0,45,,73792,8,,,0,86,,73785,8,,,0,88,,73793,8,,,0,100,,73786,8,,,0,72,,73794,8,,,0,43,,73787,8,,,0,87,,73796,8,,,0,87,,73788,8,,,0,88,,73795,8,,,0,99,,73797,8,,,0,117,,73799,8,,,0,109,,73798,8,,,0
5701,'5365',736,,73803,8,,,0,99,,73800,8,,,0,105,,73802,8,,,0,100,,73801,8,,,0,106,,73804,8,,,0,110,,73807,8,,,0,100,,73805,8,,,0,150,,73808,8,,,0,100,,73806,8,,,0,110,,73812,8,,,0,90,,73814,8,,,0,113,,73813,8,,,0,100,,73811,8,,,0,99,,73810,8,,,0,85,,73809,8,,,0
5701,'5390',736,,73818,8,,,0,99,,73815,8,,,0,105,,73817,8,,,0,100,,73816,8,,,0,106,,73819,8,,,0,110,,73822,8,,,0,100,,73820,8,,,0,150,,73823,8,,,0,100,,73821,8,,,0,110,,73827,8,,,0,90,,73829,8,,,0,113,,73828,8,,,0,100,,73826,8,,,0,99,,73825,8,,,0,85,,73824,8,,,0
