1002200,'4744',951,,19869,,,0,196,,19866,0,21 22,0,273,,19867,0,21 22,0,210,,19865,0,21 22,0,98,,19870,0,21 22,0,192,,19868,0,21 22,0
1002200,'4870',951,,19875,,,0,196,,19872,0,21 22,0,273,,19873,0,21 22,0,210,,19871,0,21 22,0,98,,19876,0,21 22,0,192,,19874,0,21 22,0
1002200,'4875',951,,19881,,,0,196,,19878,0,21 22,0,273,,19879,0,21 22,0,210,,19877,0,21 22,0,98,,19882,0,21 22,0,192,,19880,0,21 22,0
14002100,'4487',2128,,20266,,,0,30,,20267,,,0,70,,20268,,,0,102,,20269,,,0,97,,20270,,,0
14002100,'4743',2128,,20271,,,0,30,,20272,,,0,70,,20273,,,0,102,,20274,,,0,97,,20275,,,0
14002100,'4744',2127,,20276,,,0,30,,20277,,,0,70,,20278,,,0,99,,20279,,,0,98,,20280,,,0
14002100,'4745',2129,,20281,,,0,100,,20282,,,0,99,,20283,,,0
14002100,'4870',2127,,20284,,,0,30,,20285,,,0,70,,20286,,,0,99,,20287,,,0,98,,20288,,,0
14002100,'4875',2127,,20289,,,0,30,,20290,,,0,70,,20291,,,0,99,,20292,,,0,98,,20293,,,0
14002100,'4876',2128,,20294,,,0,30,,20295,,,0,70,,20296,,,0,102,,20297,,,0,97,,20298,,,0
14002100,'4877',2129,,20299,,,0,100,,20300,,,0,99,,20301,,,0
