2100,'4623',629,,68513,13,0,50 51 52,0,28,,68507,13,0,50 51 52,0,58,,68510,13,0,50 51 52,0,20,,68505,13,0,50 51 52,0,21,,68509,13,0,50 51 52,0,60,,68521,13,0,50 51 52,0,20,,68504,13,0,50 51 52,0,21,,68512,13,0,50 51 52,0,69,,68506,13,0,50 51 52,0,30,,68511,13,0,50 51 52,0,70,,68517,13,0,50 51 52,0,28,,68518,13,0,50 51 52,0,68,,68515,13,0,18 19,0,31,,68522,13,0,50 51 52,0,69,,68508,13,0,50 51 52,0,31,,68516,13,0,50 51 52,0,70,,68519,13,0,50 51 52,0,32,,68514,13,0,50 51 52,0,71,,68520,13,0,50 51 52,0,31,,68524,13,0,17,0,67,,68528,13,0,50 51 52,0,21,,68526,13,0,50 51 52,0,63,,68530,13,0,50 51 52,0,22,,68525,13,0,18 19,0,20,,68531,13,0,50 51 52,0,60,,68529,13,0,50 51 52,0,19,,68527,13,0,50 51 52,0,20,,68532,13,0,17,0,60,,68535,13,0,17,0,18,,68533,13,0,17,0,24,,68536,13,0,17,0,70,,68534,13,0,17,0,30,,68539,13,0,17,0,68,,68538,13,0,17,0,30,,68537,13,0,17,0
2100,'4833',718,,68559,13,0,17,0,85,,68566,13,0,17,0,40,,68550,13,0,18 19,0,71,,68560,13,0,17,0,39,,68543,13,0,17,0,70,,68561,13,0,17,0,33,,68545,13,0,17,0,71,,68555,13,0,17,0,30,,68540,13,0,17,0,72,,68541,13,0,18 19,0,30,,68562,13,0,17,0,71,,68546,13,0,17,0,70,,68554,13,0,17,0,28,,68542,13,0,18 19,0,72,,68544,13,0,17,0,30,,68563,13,0,17,0,29,,68547,13,0,17,0,70,,68556,13,0,18 19,0,30,,68548,13,0,17,0,70,,68549,13,0,17,0,29,,68565,13,0,17,0,70,,68551,13,0,18 19,0,28,,68557,13,0,17,0,69,,68552,13,0,17,0,28,,68553,13,0,17,0,68,,68564,13,0,17,0,30,,68558,13,0,17,0
2100,'5015',718,,68586,13,0,17,0,85,,68593,13,0,17,0,40,,68577,13,0,18 19,0,71,,68587,13,0,17,0,39,,68570,13,0,17,0,70,,68588,13,0,17,0,33,,68572,13,0,17,0,71,,68582,13,0,17,0,30,,68567,13,0,17,0,72,,68568,13,0,18 19,0,30,,68589,13,0,17,0,71,,68573,13,0,17,0,70,,68581,13,0,17,0,28,,68569,13,0,18 19,0,72,,68571,13,0,17,0,30,,68590,13,0,17,0,29,,68574,13,0,17,0,70,,68583,13,0,18 19,0,30,,68575,13,0,17,0,70,,68576,13,0,17,0,29,,68592,13,0,17,0,70,,68578,13,0,18 19,0,28,,68584,13,0,17,0,69,,68579,13,0,17,0,28,,68580,13,0,17,0,68,,68591,13,0,17,0,30,,68585,13,0,17,0
2100,'5222',629,,68603,13,0,50 51 52,0,28,,68597,13,0,50 51 52,0,58,,68600,13,0,50 51 52,0,20,,68595,13,0,50 51 52,0,21,,68599,13,0,50 51 52,0,60,,68611,13,0,50 51 52,0,20,,68594,13,0,50 51 52,0,21,,68602,13,0,50 51 52,0,69,,68596,13,0,50 51 52,0,30,,68601,13,0,50 51 52,0,70,,68607,13,0,50 51 52,0,28,,68608,13,0,50 51 52,0,68,,68605,13,0,18 19,0,31,,68612,13,0,50 51 52,0,69,,68598,13,0,50 51 52,0,31,,68606,13,0,50 51 52,0,70,,68609,13,0,50 51 52,0,32,,68604,13,0,50 51 52,0,71,,68610,13,0,50 51 52,0,31,,68614,13,0,17,0,67,,68618,13,0,50 51 52,0,21,,68616,13,0,50 51 52,0,63,,68620,13,0,50 51 52,0,22,,68615,13,0,18 19,0,20,,68621,13,0,50 51 52,0,60,,68619,13,0,50 51 52,0,19,,68617,13,0,50 51 52,0,20,,68622,13,0,17,0,60,,68625,13,0,17,0,18,,68623,13,0,17,0,24,,68626,13,0,17,0,70,,68624,13,0,17,0,30,,68629,13,0,17,0,68,,68628,13,0,17,0,30,,68627,13,0,17,0
2100,'5365',743,,68647,13,0,17,0,75,,68646,13,0,17,0,85,,68634,13,0,18 19,0,37,,68645,13,0,17,0,84,,68648,13,0,17,0,30,,68630,13,0,17,0,70,,68633,13,0,17,0,30,,68636,13,0,17,0,70,,68632,13,0,18 19,0,31,,68635,13,0,17,0,70,,68631,13,0,17,0,30,,68637,13,0,17,0,71,,68638,13,0,18 19,0,30,,68640,13,0,17,0,70,,68641,13,0,17,0,30,,68639,13,0,17,0,70,,68644,13,0,18 19,0,30,,68642,13,0,17,0,70,,68643,13,0,17,0,29,,68649,13,0,17,0,69,,68650,13,0,18 19,0,28,,68652,13,0,17,0,69,,68651,13,0,17,0,30,,68654,13,0,17,0,70,,68653,13,0,17,0
2100,'5390',743,,68672,13,0,17,0,75,,68671,13,0,17,0,85,,68659,13,0,18 19,0,37,,68670,13,0,17,0,84,,68673,13,0,17,0,30,,68655,13,0,17,0,70,,68658,13,0,17,0,30,,68661,13,0,17,0,70,,68657,13,0,18 19,0,31,,68660,13,0,17,0,70,,68656,13,0,17,0,30,,68662,13,0,17,0,71,,68663,13,0,18 19,0,30,,68665,13,0,17,0,70,,68666,13,0,17,0,30,,68664,13,0,17,0,70,,68669,13,0,18 19,0,30,,68667,13,0,17,0,70,,68668,13,0,17,0,29,,68674,13,0,17,0,69,,68675,13,0,18 19,0,28,,68677,13,0,17,0,69,,68676,13,0,17,0,30,,68679,13,0,17,0,70,,68678,13,0,17,0
2200,'4623',614,,68890,28,,,0,31,,68896,28,,,0,68,,68897,28,,,0,30,,68908,28,,,0,75,,68893,28,,,0,22,,68909,28,,,0,68,,68910,28,,,0,106,,68911,28,,,0,25,,68894,28,,,0,70,,68913,28,,,0,102,,68912,28,0,21 22,0,30,,68914,28,0,21 22,0,70,,68895,28,0,21 22,0,31,,68915,28,0,21 22,0,100,,68916,28,0,21 22,0,69,,68899,28,0,21 22,0,37,,68891,28,0,21 22,0,104,,68898,28,0,21 22,0,95,,68901,28,0,21 22,0,69,,68892,28,,,0,26,,68902,28,,,0,97,,68900,28,,,0,68,,68906,28,,,0,30,,68904,28,,,0,70,,68905,28,,,0
2200,'4833',703,,68936,28,,,0,40,,68922,28,,,0,80,,68926,28,,,0,80,,68939,28,,,0,32,,68923,28,,,0,70,,68917,28,,,0,31,,68924,28,,,0,72,,68938,28,,,0,31,,68921,28,,,0,71,,68920,28,,,0,31,,68925,28,,,0,70,,68918,28,,,0,31,,68943,28,,,0,70,,68919,28,,,0,30,,68932,28,,,0,70,,68928,28,,,0,30,,68931,28,,,0,69,,68942,28,,,0,29,,68933,28,,,0,71,,68927,28,,,0,30,,68935,28,,,0,72,,68934,28,,,0,30,,68930,28,,,0,68,,68929,28,,,0,29,,68944,28,,,0,69,,68945,28,,,0,27,,68941,28,,,0,68,,68937,28,,,0
2200,'5015',703,,68966,28,,,0,40,,68952,28,,,0,80,,68956,28,,,0,80,,68969,28,,,0,32,,68953,28,,,0,70,,68947,28,,,0,31,,68954,28,,,0,72,,68968,28,,,0,31,,68951,28,,,0,71,,68950,28,,,0,31,,68955,28,,,0,70,,68948,28,,,0,31,,68973,28,,,0,70,,68949,28,,,0,30,,68962,28,,,0,70,,68958,28,,,0,30,,68961,28,,,0,69,,68972,28,,,0,29,,68963,28,,,0,71,,68957,28,,,0,30,,68965,28,,,0,72,,68964,28,,,0,30,,68960,28,,,0,68,,68959,28,,,0,29,,68974,28,,,0,69,,68975,28,,,0,27,,68971,28,,,0,68,,68967,28,,,0
2200,'5222',614,,68977,28,,,0,31,,68983,28,,,0,68,,68984,28,,,0,30,,68995,28,,,0,75,,68980,28,,,0,22,,68996,28,,,0,68,,68997,28,,,0,106,,68998,28,,,0,25,,68981,28,,,0,70,,69000,28,,,0,102,,68999,28,0,21 22,0,30,,69001,28,0,21 22,0,70,,68982,28,0,21 22,0,31,,69002,28,0,21 22,0,100,,69003,28,0,21 22,0,69,,68986,28,0,21 22,0,37,,68978,28,0,21 22,0,104,,68985,28,0,21 22,0,95,,68988,28,0,21 22,0,69,,68979,28,,,0,26,,68989,28,,,0,97,,68987,28,,,0,68,,68993,28,,,0,30,,68991,28,,,0,70,,68992,28,,,0
2200,'5365',752,,69007,28,,,0,101,,69008,28,,,0,80,,69009,28,,,0,71,,69004,28,,,0,32,,69005,28,,,0,70,,69006,28,,,0,30,,69011,28,,,0,69,,69012,28,,,0,32,,69010,28,,,0,70,,69013,28,,,0,30,,69014,28,,,0,70,,69022,28,,,0,31,,69021,28,,,0,70,,69015,28,,,0,30,,69016,28,,,0,70,,69017,28,,,0,30,,69018,28,,,0,72,,69019,28,,,0,30,,69020,28,,,0,69,,69023,28,,,0,29,,69024,28,,,0,68,,69025,28,,,0,30,,69026,28,,,0,115,,69027,11,,,0
2200,'5390',752,,69031,28,,,0,101,,69032,28,,,0,80,,69033,28,,,0,71,,69028,28,,,0,32,,69029,28,,,0,70,,69030,28,,,0,30,,69035,28,,,0,69,,69036,28,,,0,32,,69034,28,,,0,70,,69037,28,,,0,30,,69038,28,,,0,70,,69046,28,,,0,31,,69045,28,,,0,70,,69039,28,,,0,30,,69040,28,,,0,70,,69041,28,,,0,30,,69042,28,,,0,72,,69043,28,,,0,30,,69044,28,,,0,69,,69047,28,,,0,29,,69048,28,,,0,68,,69049,28,,,0,30,,69050,28,,,0,115,,69051,11,,,0
2601,'4623',611,,69986,24,,,0,22,,69984,24,,,0,17,,69992,24,,,0,54,,69983,24,,,0,17,,69978,24,,,0,15,,69977,24,,,0,15,,69980,24,,,0,54,,69971,24,,,0,14,,69973,24,,,0,16,,69970,24,,,0,14,,69988,24,,,0,55,,69972,24,,,0,14,,69961,24,,,0,15,,69965,24,,,0,14,,69960,24,,,0,55,,69974,24,,,0,15,,69969,24,,,0,15,,69958,24,,,0,16,,69991,24,,,0,55,,69951,24,,,0,15,,69950,24,,,0,14,,69955,24,,,0,15,,69949,24,,,0,54,,69981,24,,,0,15,,69967,24,,,0,15,,69948,24,,,0,14,,69994,24,,,0,55,,69947,24,,,0,15,,69945,24,,,0,14,,69952,24,,,0,14,,69946,24,,,0,14,,69979,24,,,0,54,,69968,24,,,0,14,,69944,24,,,0,14,,69937,24,,,0,15,,69990,24,,,0,56,,69940,24,,,0,14,,69936,24,,,0,14,,69957,24,,,0,15,,69935,24,,,0,55,,69982,24,,,0,14,,69962,24,,,0,15,,69934,24,,,0,14,,69933,24,,,0,54,,69989,24,,,0,14,,69942,24,,,0,13,,69932,24,,,0,14,,69953,24,,,0,55,,69931,24,,,0,15,,69976,24,,,0,14,,69963,24,,,0,16,,69930,24,,,0,54,,69987,24,,,0,14,,69939,24,,,0,15,,69928,24,,,0,15,,69954,24,,,0,60,,69929,24,,,0,20,,69966,24,,,0,20,,69993,24,,,0,58,,69943,24,,,0,20,,69959,24,,,0,20,,69927,24,,,0,69,,69985,24,,,0,30,,69941,24,,,0,72,,69975,24,,,0,29,,69964,24,,,0,69,,69938,24,,,0,31,,69956,24,,,0,70,,69926,24,,,0
2601,'4833',637,,69996,24,,,0,70,,69997,24,,,0,26,,69998,24,,,0,17,,69999,24,,,0,57,,70000,24,,,0,17,,70001,24,,,0,17,,70002,24,,,0,59,,70003,24,,,0,17,,70004,24,,,0,17,,70005,24,,,0,18,,70006,24,,,0,57,,70007,24,,,0,17,,70008,24,,,0,17,,70009,24,,,0,57,,70010,24,,,0,18,,70011,24,,,0,17,,70012,24,,,0,18,,69995,24,,,0,57,,70013,24,,,0,17,,70014,24,,,0,17,,70015,24,,,0,57,,70016,24,,,0,17,,70017,24,,,0,16,,70018,24,,,0,17,,70019,24,,,0,57,,70020,24,,,0,17,,70021,24,,,0,17,,70022,24,,,0,17,,70023,24,,,0,56,,70024,24,,,0,16,,70025,24,,,0,16,,70026,24,,,0,55,,70027,24,,,0,17,,70028,24,,,0,17,,70029,24,,,0,17,,70030,24,,,0,56,,70031,24,,,0,17,,70032,24,,,0,18,,70033,24,,,0,60,,70034,24,,,0,20,,70035,24,,,0,20,,70036,24,,,0,59,,70037,24,,,0,20,,70038,24,,,0,20,,70039,24,,,0,58,,70040,24,,,0,20,,70041,24,,,0,19,,70042,24,,,0,60,,70043,24,,,0,20,,70044,24,,,0,20,,70045,24,,,0,60,,70046,24,,,0,20,,70047,24,,,0,22,,70048,24,,,0,70,,70049,24,,,0,30,,70050,24,,,0,69,,70051,24,,,0,30,,70052,24,,,0
2601,'5015',637,,70054,24,,,0,70,,70055,24,,,0,26,,70056,24,,,0,17,,70057,24,,,0,57,,70058,24,,,0,17,,70059,24,,,0,17,,70060,24,,,0,59,,70061,24,,,0,17,,70062,24,,,0,17,,70063,24,,,0,18,,70064,24,,,0,57,,70065,24,,,0,17,,70066,24,,,0,17,,70067,24,,,0,57,,70068,24,,,0,18,,70069,24,,,0,17,,70070,24,,,0,18,,70053,24,,,0,57,,70071,24,,,0,17,,70072,24,,,0,17,,70073,24,,,0,57,,70074,24,,,0,17,,70075,24,,,0,16,,70076,24,,,0,17,,70077,24,,,0,57,,70078,24,,,0,17,,70079,24,,,0,17,,70080,24,,,0,17,,70081,24,,,0,56,,70082,24,,,0,16,,70083,24,,,0,16,,70084,24,,,0,55,,70085,24,,,0,17,,70086,24,,,0,17,,70087,24,,,0,17,,70088,24,,,0,56,,70089,24,,,0,17,,70090,24,,,0,18,,70091,24,,,0,60,,70092,24,,,0,20,,70093,24,,,0,20,,70094,24,,,0,59,,70095,24,,,0,20,,70096,24,,,0,20,,70097,24,,,0,58,,70098,24,,,0,20,,70099,24,,,0,19,,70100,24,,,0,60,,70101,24,,,0,20,,70102,24,,,0,20,,70103,24,,,0,60,,70104,24,,,0,20,,70105,24,,,0,22,,70106,24,,,0,70,,70107,24,,,0,30,,70108,24,,,0,69,,70109,24,,,0,30,,70110,24,,,0,71,,70111,24,,,0
2601,'5222',611,,70171,24,,,0,22,,70169,24,,,0,17,,70177,24,,,0,54,,70168,24,,,0,17,,70163,24,,,0,15,,70162,24,,,0,15,,70165,24,,,0,54,,70156,24,,,0,14,,70158,24,,,0,16,,70155,24,,,0,14,,70173,24,,,0,55,,70157,24,,,0,14,,70146,24,,,0,15,,70150,24,,,0,14,,70145,24,,,0,55,,70159,24,,,0,15,,70154,24,,,0,15,,70143,24,,,0,16,,70176,24,,,0,55,,70136,24,,,0,15,,70135,24,,,0,14,,70140,24,,,0,15,,70134,24,,,0,54,,70166,24,,,0,15,,70152,24,,,0,15,,70133,24,,,0,14,,70179,24,,,0,55,,70132,24,,,0,15,,70130,24,,,0,14,,70137,24,,,0,14,,70131,24,,,0,14,,70164,24,,,0,54,,70153,24,,,0,14,,70129,24,,,0,14,,70122,24,,,0,15,,70175,24,,,0,56,,70125,24,,,0,14,,70121,24,,,0,14,,70142,24,,,0,15,,70120,24,,,0,55,,70167,24,,,0,14,,70147,24,,,0,15,,70119,24,,,0,14,,70118,24,,,0,54,,70174,24,,,0,14,,70127,24,,,0,13,,70117,24,,,0,14,,70138,24,,,0,55,,70116,24,,,0,15,,70161,24,,,0,14,,70148,24,,,0,16,,70115,24,,,0,54,,70172,24,,,0,14,,70124,24,,,0,15,,70113,24,,,0,15,,70139,24,,,0,60,,70114,24,,,0,20,,70151,24,,,0,20,,70178,24,,,0,58,,70128,24,,,0,20,,70144,24,,,0,20,,70112,24,,,0,69,,70170,24,,,0,30,,70126,24,,,0,72,,70160,24,,,0,29,,70149,24,,,0,69,,70123,24,,,0,31,,70141,24,,,0
2601,'5365',657,,70203,24,,,0,62,,70190,24,,,0,23,,70180,24,,,0,62,,70199,24,,,0,20,,70204,24,,,0,26,,70189,24,,,0,61,,70182,24,,,0,20,,70200,24,,,0,23,,70193,24,,,0,58,,70183,24,,,0,18,,70187,24,,,0,18,,70181,24,,,0,59,,70201,24,,,0,18,,70185,24,,,0,19,,70206,24,,,0,58,,70184,24,,,0,18,,70188,24,,,0,18,,70186,24,,,0,18,,70197,24,,,0,58,,70194,24,,,0,18,,70207,24,,,0,18,,70191,24,,,0,58,,70202,24,,,0,18,,70195,24,,,0,18,,70198,24,,,0,58,,70196,24,,,0,18,,70205,24,,,0,18,,70192,24,,,0,18,,70216,24,,,0,58,,70211,24,,,0,18,,70215,24,,,0,17,,70209,24,,,0,57,,70218,24,,,0,17,,70208,24,,,0,20,,70214,24,,,0,59,,70212,24,,,0,20,,70213,24,,,0,20,,70217,24,,,0,60,,70210,24,,,0,19,,70220,24,,,0,19,,70226,24,,,0,60,,70222,24,,,0,20,,70225,24,,,0,20,,70221,24,,,0,60,,70219,24,,,0,20,,70223,24,,,0,22,,70224,24,,,0,70,,70227,24,,,0,30,,70228,24,,,0,69,,70229,24,,,0,30,,70230,24,,,0
2601,'5390',657,,70254,24,,,0,62,,70241,24,,,0,23,,70231,24,,,0,62,,70250,24,,,0,20,,70255,24,,,0,26,,70240,24,,,0,61,,70233,24,,,0,20,,70251,24,,,0,23,,70244,24,,,0,58,,70234,24,,,0,18,,70238,24,,,0,18,,70232,24,,,0,59,,70252,24,,,0,18,,70236,24,,,0,19,,70257,24,,,0,58,,70235,24,,,0,18,,70239,24,,,0,18,,70237,24,,,0,18,,70248,24,,,0,58,,70245,24,,,0,18,,70258,24,,,0,18,,70242,24,,,0,58,,70253,24,,,0,18,,70246,24,,,0,18,,70249,24,,,0,58,,70247,24,,,0,18,,70256,24,,,0,18,,70243,24,,,0,18,,70267,24,,,0,58,,70262,24,,,0,18,,70266,24,,,0,17,,70260,24,,,0,57,,70269,24,,,0,17,,70259,24,,,0,20,,70265,24,,,0,59,,70263,24,,,0,20,,70264,24,,,0,20,,70268,24,,,0,60,,70261,24,,,0,19,,70271,24,,,0,19,,70277,24,,,0,60,,70273,24,,,0,20,,70276,24,,,0,20,,70272,24,,,0,60,,70270,24,,,0,20,,70274,24,,,0,22,,70275,24,,,0,70,,70278,24,,,0,30,,70279,24,,,0,69,,70280,24,,,0,30,,70281,24,,,0
1002200,'4623',943,,77481,28,,,0,198,,77480,28,0,21 22,0,270,,77482,28,0,21 22,0,210,,77477,28,0,21 22,0,100,,77478,28,0,21 22,0,194,,77479,28,0,21 22,0
1002200,'5222',943,,77487,28,,,0,198,,77486,28,0,21 22,0,270,,77488,28,0,21 22,0,210,,77483,28,0,21 22,0,100,,77484,28,0,21 22,0,194,,77485,28,0,21 22,0
14002100,'4623',2119,,77717,13,,,0,30,,77718,13,,,0,70,,77719,13,,,0,100,,77720,13,,,0,98,,77721,13,,,0
14002100,'4833',2119,,77722,13,,,0,30,,77723,13,,,0,70,,77724,13,,,0,102,,77725,13,,,0,98,,77726,13,,,0
14002100,'5015',2119,,77727,13,,,0,30,,77728,13,,,0,70,,77729,13,,,0,102,,77730,13,,,0,98,,77731,13,,,0
14002100,'5222',2119,,77732,13,,,0,30,,77733,13,,,0,70,,77734,13,,,0,100,,77735,13,,,0,98,,77736,13,,,0
14002100,'5365',2121,,77737,13,,,0,100,,77738,13,,,0,99,,77739,13,,,0
14002100,'5390',2121,,77740,13,,,0,100,,77741,13,,,0,99,,77742,13,,,0
