7501,'4487',642,,17408,0,28 29 14,0,112,,17409,,,0,100,,17410,,,0,152,,17411,,,0,104,,17412,,,0,101,,17413,,,0,30,,17414,,,0,70,,17415,,,0,30,,17416,,,0,70,,17417,,,0,34,,17418,,,0,70,,17419,,,0,30,,17420,,,0,70,,17421,,,0,30,,17422,,,0,70,,17423,,,0,96,,17424,,,0,96,,17425,,,0,99,,17426,,,0,100,,17427,,,0,100,,17428,,,0,94,,17429,0,28 29 14,0,55,,17430,0,28 29 14,0
7501,'4743',642,,17431,0,28 29 14,0,112,,17432,,,0,100,,17433,,,0,152,,17434,,,0,104,,17435,,,0,101,,17436,,,0,30,,17437,,,0,70,,17438,,,0,30,,17439,,,0,70,,17440,,,0,34,,17441,,,0,70,,17442,,,0,30,,17443,,,0,70,,17444,,,0,30,,17445,,,0,70,,17446,,,0,96,,17447,,,0,96,,17448,,,0,99,,17449,,,0,100,,17450,,,0,100,,17451,,,0,94,,17452,0,28 29 14,0,55,,17453,0,28 29 14,0
7501,'4744',554,,17454,,,0,68,,17455,,,0,24,,17456,,,0,57,,17457,,,0,25,,17458,,,0,25,,17459,,,0,58,,17460,,,0,21,,17461,,,0,23,,17462,,,0,73,,17463,,,0,80,,17464,,,0,30,,17465,,,0,72,,17466,,,0,29,,17467,,,0,70,,17468,,,0,31,,17469,,,0,70,,17470,,,0,30,,17471,,,0,72,,17472,,,0,31,,17473,,,0,71,,17474,,,0,23,,17490,,,0,8,,17475,,,0,58,,17476,,,0,14,,17477,,,0,9,,17478,,,0,15,,17479,,,0,5,,17480,,,0,68,,17481,,,0,28,,17482,,,0,69,,17483,,,0,99,,17484,,,0,97,,17485,,,0,100,,17486,,,0,99,,17487,,,0,53,,17488,0,28 29 14,0,92,,17489,0,28 29 14,0
7501,'4745',651,,17491,0,28 29 14,0,101,,17492,0,28 29 14,0,103,,17493,,,0,149,,17494,,,0,101,,17495,,,0,103,,17496,,,0,31,,17497,,,0,70,,17498,,,0,30,,17499,,,0,70,,17500,,,0,31,,17501,,,0,71,,17502,,,0,30,,17503,,,0,70,,17504,,,0,100,,17505,,,0,102,,17506,,,0,99,,17507,,,0,100,,17508,,,0,99,,17509,,,0,100,,17510,,,0,48,,17511,0,28 29 14,0,147,,17512,0,28 29 14,0
7501,'4870',554,,17513,,,0,68,,17514,,,0,24,,17515,,,0,57,,17516,,,0,25,,17517,,,0,25,,17518,,,0,58,,17519,,,0,21,,17520,,,0,23,,17521,,,0,73,,17522,,,0,80,,17523,,,0,30,,17524,,,0,72,,17525,,,0,29,,17526,,,0,70,,17527,,,0,31,,17528,,,0,70,,17529,,,0,30,,17530,,,0,72,,17531,,,0,31,,17532,,,0,71,,17533,,,0,23,,17547,,,0,8,,17534,,,0,58,,17535,,,0,14,,17536,,,0,9,,17537,,,0,15,,17538,,,0,5,,17539,,,0,68,,17540,,,0,28,,17541,,,0,69,,17542,,,0,99,,17543,,,0,197,,17544,,,0,99,,17545,,,0,145,,17546,0,28 29 14,0
7501,'4872',2007,,17548,,,0,252,,17549,0,28 29 14,0
7501,'4873',2007,,17550,,,0,252,,17551,0,28 29 14,0
7501,'4875',554,,17552,,,0,68,,17553,,,0,24,,17554,,,0,57,,17555,,,0,25,,17556,,,0,25,,17557,,,0,58,,17558,,,0,21,,17559,,,0,23,,17560,,,0,73,,17561,,,0,80,,17562,,,0,30,,17563,,,0,72,,17564,,,0,29,,17565,,,0,70,,17566,,,0,31,,17567,,,0,70,,17568,,,0,30,,17569,,,0,72,,17570,,,0,31,,17571,,,0,71,,17572,,,0,23,,17588,,,0,8,,17573,,,0,58,,17574,,,0,14,,17575,,,0,9,,17576,,,0,15,,17577,,,0,5,,17578,,,0,68,,17579,,,0,28,,17580,,,0,69,,17581,,,0,99,,17582,,,0,97,,17583,,,0,100,,17584,,,0,99,,17585,,,0,53,,17586,0,28 29 14,0,92,,17587,0,28 29 14,0
7501,'4876',642,,17589,0,28 29 14,0,112,,17590,,,0,100,,17591,,,0,152,,17592,,,0,104,,17593,,,0,101,,17594,,,0,30,,17595,,,0,70,,17596,,,0,30,,17597,,,0,70,,17598,,,0,34,,17599,,,0,70,,17600,,,0,30,,17601,,,0,70,,17602,,,0,30,,17603,,,0,70,,17604,,,0,96,,17605,,,0,96,,17606,,,0,99,,17607,,,0,100,,17608,,,0,100,,17609,,,0,94,,17610,0,28 29 14,0,55,,17611,0,28 29 14,0
7501,'4877',651,,17612,0,28 29 14,0,101,,17613,0,28 29 14,0,103,,17614,,,0,149,,17615,,,0,101,,17616,,,0,103,,17617,,,0,31,,17618,,,0,70,,17619,,,0,30,,17620,,,0,70,,17621,,,0,31,,17622,,,0,71,,17623,,,0,30,,17624,,,0,70,,17625,,,0,100,,17626,,,0,102,,17627,,,0,99,,17628,,,0,100,,17629,,,0,99,,17630,,,0,100,,17631,,,0,48,,17632,0,28 29 14,0,147,,17633,0,28 29 14,0
