4801,'4623',1730,,72852,59,,,0,23,,72854,59,,,0,64,,72853,59,,,0
4801,'5222',1730,,72855,59,,,0,23,,72857,59,,,0,64,,72856,59,,,0
5301,'4623',817,,73390,41,,,0,116,,73399,41,,,0,199,,73391,41,,,0,122,,73394,32,,,0,173,,73392,32,,,0,193,,73393,32,,,0,100,,73395,51,,,0,128,,73397,32,,,0,167,,73396,32,,,0,130,,73398,32,,,0
5301,'4833',805,,73405,41,,,0,202,,73406,41,,,0,214,,73404,41,,,0,209,,73401,32,,,0,211,,73402,32,,,0,209,,73403,32,,,0,200,,73400,32,,,0
5301,'5015',805,,73412,41,,,0,202,,73413,41,,,0,214,,73411,41,,,0,209,,73408,32,,,0,211,,73409,32,,,0,209,,73410,32,,,0,200,,73407,32,,,0
5301,'5222',817,,73414,41,,,0,116,,73423,41,,,0,199,,73415,41,,,0,122,,73418,32,,,0,173,,73416,32,,,0,193,,73417,32,,,0,100,,73419,51,,,0,128,,73421,32,,,0,167,,73420,32,,,0,130,,73422,32,,,0
5301,'5365',805,,73427,41,,,0,201,,73424,41,,,0,213,,73425,41,,,0,211,,73428,32,,,0,209,,73426,32,,,0,210,,73429,32,,,0,202,,73430,32,,,0
5301,'5390',805,,73434,41,,,0,201,,73431,41,,,0,213,,73432,41,,,0,211,,73435,32,,,0,209,,73433,32,,,0,210,,73436,32,,,0,202,,73437,32,,,0
5401,'4623',531,,73486,3,,,0,128,,73489,3,,,0,171,,73490,3,,,0,217,,73491,3,,,0,198,,73487,3,,,0,170,,73492,3,,,0,104,,73488,3,,,0,185,,73493,3,,,0,153,,73494,3,,,0,199,,73495,3,,,0
5401,'4833',726,,73499,3,,,0,200,,73496,3,,,0,211,,73497,3,,,0,205,,73498,3,,,0,210,,73502,3,,,0,250,,73501,3,,,0,224,,73500,3,,,0
5401,'5015',726,,73509,3,,,0,200,,73506,3,,,0,211,,73507,3,,,0,205,,73508,3,,,0,210,,73505,3,,,0,250,,73504,3,,,0,224,,73503,3,,,0
5401,'5222',531,,73510,3,,,0,128,,73513,3,,,0,171,,73514,3,,,0,217,,73515,3,,,0,198,,73511,3,,,0,170,,73516,3,,,0,104,,73512,3,,,0,185,,73517,3,,,0,153,,73518,3,,,0,199,,73519,3,,,0
5401,'5365',726,,73522,3,,,0,200,,73523,3,,,0,211,,73520,3,,,0,205,,73521,3,,,0,210,,73524,3,,,0,250,,73526,3,,,0,224,,73525,3,,,0
5401,'5390',726,,73529,3,,,0,200,,73530,3,,,0,211,,73527,3,,,0,205,,73528,3,,,0,210,,73531,3,,,0,250,,73533,3,,,0,224,,73532,3,,,0
5501,'4623',629,,73582,3,,,0,128,,73583,3,,,0,245,,73588,3,,,0,135,,73584,3,,,0,199,,73585,3,,,0,106,,73586,3,,,0,195,,73587,3,,,0,195,,73590,3,,,0,195,,73589,3,,,0
5501,'4833',832,,73595,3,,,0,210,,73592,3,,,0,205,,73593,3,,,0,205,,73594,3,,,0,250,,73591,3,,,0,205,,73596,3,,,0
5501,'5015',832,,73602,3,,,0,210,,73599,3,,,0,205,,73600,3,,,0,205,,73601,3,,,0,250,,73597,3,,,0,205,,73598,3,,,0
5501,'5222',629,,73603,3,,,0,128,,73604,3,,,0,245,,73609,3,,,0,135,,73605,3,,,0,199,,73606,3,,,0,106,,73607,3,,,0,195,,73608,3,,,0,195,,73611,3,,,0,195,,73610,3,,,0
5501,'5365',832,,73612,3,,,0,210,,73614,3,,,0,205,,73615,3,,,0,205,,73613,3,,,0,250,,73617,3,,,0,205,,73616,3,,,0
5501,'5390',832,,73618,3,,,0,210,,73620,3,,,0,205,,73621,3,,,0,205,,73619,3,,,0,250,,73623,3,,,0,205,,73622,3,,,0
5701,'4623',615,,73727,27,,,0,91,,73728,27,,,0,44,,73726,27,,,0,91,,73737,27,,,0,81,,73729,27,,,0,87,,73736,27,,,0,45,,73731,27,,,0,86,,73738,27,,,0,85,,73730,27,,,0,85,,73739,27,,,0,46,,73732,27,,,0,89,,73740,27,,,0,101,,73733,27,,,0,73,,73741,27,,,0,82,,73734,27,,,0,44,,73743,27,,,0,86,,73735,27,,,0,88,,73742,27,,,0,99,,73744,27,,,0,115,,73746,27,,,0,108,,73745,27,,,0
5701,'4833',640,,73758,27,,,0,108,,73748,27,,,0,98,,73759,27,,,0,105,,73762,27,,,0,103,,73760,27,,,0,147,,73761,27,,,0,111,,73747,27,,,0,99,,73753,27,,,0,110,,73757,27,,,0,101,,73754,27,,,0,108,,73749,27,,,0,90,,73751,27,,,0,112,,73755,27,,,0,99,,73756,27,,,0,99,,73752,27,,,0,113,,73750,27,,,0
5701,'5015',640,,73774,27,,,0,108,,73764,27,,,0,98,,73775,27,,,0,105,,73778,27,,,0,103,,73776,27,,,0,147,,73777,27,,,0,111,,73763,27,,,0,99,,73769,27,,,0,110,,73773,27,,,0,101,,73770,27,,,0,108,,73765,27,,,0,90,,73767,27,,,0,112,,73771,27,,,0,99,,73772,27,,,0,99,,73768,27,,,0,113,,73766,27,,,0
5701,'5222',615,,73780,27,,,0,91,,73781,27,,,0,44,,73779,27,,,0,91,,73790,27,,,0,81,,73782,27,,,0,87,,73789,27,,,0,45,,73784,27,,,0,86,,73791,27,,,0,85,,73783,27,,,0,85,,73792,27,,,0,46,,73785,27,,,0,89,,73793,27,,,0,101,,73786,27,,,0,73,,73794,27,,,0,82,,73787,27,,,0,44,,73796,27,,,0,86,,73788,27,,,0,88,,73795,27,,,0,99,,73797,27,,,0,115,,73799,27,,,0,108,,73798,27,,,0
5701,'5365',748,,73803,27,,,0,100,,73800,27,,,0,105,,73802,27,,,0,100,,73801,27,,,0,147,,73804,27,,,0,110,,73807,27,,,0,100,,73805,27,,,0,110,,73808,27,,,0,100,,73806,27,,,0,109,,73812,27,,,0,90,,73814,27,,,0,112,,73813,27,,,0,100,,73811,27,,,0,99,,73810,27,,,0,85,,73809,27,,,0
5701,'5390',748,,73818,27,,,0,100,,73815,27,,,0,105,,73817,27,,,0,100,,73816,27,,,0,147,,73819,27,,,0,110,,73822,27,,,0,100,,73820,27,,,0,110,,73823,27,,,0,100,,73821,27,,,0,109,,73827,27,,,0,90,,73829,27,,,0,112,,73828,27,,,0,100,,73826,27,,,0,99,,73825,27,,,0,85,,73824,27,,,0
5800,'4623',633,,73830,14,,,0,71,,73831,14,,,0,39,,73832,14,,,0,81,,73833,14,,,0,95,,73841,14,,,0,84,,73834,14,,,0,46,,73843,14,,,0,85,,73835,14,,,0,85,,73842,14,,,0,86,,73836,14,,,0,46,,73844,14,,,0,88,,73837,14,,,0,83,,73838,14,,,0,83,,73839,14,,,0,50,,73845,14,,,0,87,,73840,14,,,0,85,,73846,14,,,0,85,,73847,14,,,0,146,,73849,14,,,0,150,,73848,14,,,0,107,,73850,14,,,0
5800,'4833',705,,73863,14,,,0,100,,73864,14,,,0,101,,73865,14,,,0,106,,73866,14,,,0,106,,73861,14,,,0,105,,73862,14,,,0,100,,73860,14,,,0,112,,73858,14,,,0,100,,73859,14,,,0,109,,73857,14,,,0,99,,73852,14,,,0,104,,73853,14,,,0,99,,73854,14,,,0,105,,73855,14,,,0,154,,73856,14,,,0,110,,73851,14,,,0
5800,'5015',705,,73879,14,,,0,100,,73880,14,,,0,101,,73881,14,,,0,106,,73882,14,,,0,106,,73877,14,,,0,105,,73878,14,,,0,100,,73876,14,,,0,112,,73874,14,,,0,100,,73875,14,,,0,109,,73873,14,,,0,99,,73868,14,,,0,104,,73869,14,,,0,99,,73870,14,,,0,105,,73871,14,,,0,154,,73872,14,,,0,110,,73867,14,,,0
5800,'5222',633,,73883,14,,,0,71,,73884,14,,,0,39,,73885,14,,,0,81,,73886,14,,,0,95,,73894,14,,,0,84,,73887,14,,,0,46,,73896,14,,,0,85,,73888,14,,,0,85,,73895,14,,,0,86,,73889,14,,,0,46,,73897,14,,,0,88,,73890,14,,,0,83,,73891,14,,,0,83,,73892,14,,,0,50,,73898,14,,,0,87,,73893,14,,,0,85,,73899,14,,,0,85,,73900,14,,,0,146,,73902,14,,,0,150,,73901,14,,,0,107,,73903,14,,,0
5800,'5365',804,,73904,14,,,0,102,,73908,14,,,0,105,,73905,14,,,0,107,,73909,14,,,0,105,,73907,14,,,0,100,,73910,14,,,0,111,,73906,14,,,0,100,,73911,14,,,0,109,,73912,14,,,0,99,,73914,14,,,0,103,,73913,14,,,0,100,,73915,14,,,0,105,,73916,14,,,0,199,,73917,14,,,0
5800,'5390',804,,73918,14,,,0,102,,73922,14,,,0,105,,73919,14,,,0,107,,73923,14,,,0,105,,73921,14,,,0,100,,73924,14,,,0,111,,73920,14,,,0,100,,73925,14,,,0,109,,73926,14,,,0,99,,73928,14,,,0,103,,73927,14,,,0,100,,73929,14,,,0,105,,73930,14,,,0,199,,73931,14,,,0
5900,'4623',653,,74034,35,,,0,102,,74035,35,,,0,81,,74049,35,,,0,110,,74050,35,,,0,92,,74036,35,,,0,101,,74037,35,,,0,102,,74038,35,,,0,103,,74039,35,,,0,112,,74040,35,,,0,102,,74043,35,,,0,85,,74042,35,,,0,83,,74044,35,,,0,82,,74041,35,,,0,43,,74045,35,,,0,99,,74046,35,,,0,98,,74047,35,,,0,109,,74048,35,,,0
5900,'4833',800,,74064,35,,,0,102,,74063,35,,,0,103,,74062,35,,,0,101,,74061,35,,,0,105,,74060,35,,,0,106,,74059,35,,,0,106,,74058,35,,,0,105,,74057,35,,,0,104,,74056,35,,,0,105,,74052,35,,,0,104,,74053,35,,,0,104,,74054,35,,,0,102,,74055,35,,,0,107,,74051,35,,,0
5900,'5015',800,,74078,35,,,0,102,,74077,35,,,0,103,,74076,35,,,0,101,,74075,35,,,0,105,,74074,35,,,0,106,,74073,35,,,0,106,,74072,35,,,0,105,,74071,35,,,0,104,,74070,35,,,0,105,,74066,35,,,0,104,,74067,35,,,0,104,,74068,35,,,0,102,,74069,35,,,0,107,,74065,35,,,0
5900,'5222',653,,74079,35,,,0,102,,74080,35,,,0,81,,74094,35,,,0,110,,74095,35,,,0,92,,74081,35,,,0,101,,74082,35,,,0,102,,74083,35,,,0,103,,74084,35,,,0,112,,74085,35,,,0,102,,74088,35,,,0,85,,74087,35,,,0,83,,74089,35,,,0,82,,74086,35,,,0,43,,74090,35,,,0,99,,74091,35,,,0,98,,74092,35,,,0,109,,74093,35,,,0
5900,'5365',800,,74096,35,,,0,101,,74097,35,,,0,102,,74098,35,,,0,102,,74100,35,,,0,106,,74099,35,,,0,105,,74104,35,,,0,105,,74102,35,,,0,107,,74103,35,,,0,105,,74101,35,,,0,105,,74106,35,,,0,102,,74107,35,,,0,105,,74105,35,,,0,102,,74108,35,,,0
5900,'5390',800,,74109,35,,,0,101,,74110,35,,,0,102,,74111,35,,,0,102,,74113,35,,,0,106,,74112,35,,,0,105,,74117,35,,,0,105,,74115,35,,,0,107,,74116,35,,,0,105,,74114,35,,,0,105,,74119,35,,,0,102,,74120,35,,,0,105,,74118,35,,,0,102,,74121,35,,,0
6001,'4623',710,,74300,3,,,0,38,,74307,3,,,0,152,,74308,3,,,0,52,,74301,3,,,0,101,,74302,3,,,0,101,,74303,3,,,0,103,,74304,3,,,0,151,,74305,3,,,0,96,,74309,3,,,0,51,,74310,3,,,0,84,,74311,3,,,0,83,,74306,3,,,0,84,,74312,3,,,0,99,,74314,3,,,0,99,,74313,3,,,0,110,,74315,3,,,0,107,,74316,3,,,0
6001,'4833',721,,74328,3,,,0,100,,74329,3,,,0,100,,74330,3,,,0,100,,74327,3,,,0,105,,74326,3,,,0,105,,74325,3,,,0,106,,74324,3,,,0,105,,74323,3,,,0,104,,74322,3,,,0,105,,74321,3,,,0,105,,74320,3,,,0,145,,74319,3,,,0,105,,74318,3,,,0,107,,74317,3,,,0
6001,'5015',721,,74342,3,,,0,100,,74343,3,,,0,100,,74344,3,,,0,100,,74341,3,,,0,105,,74340,3,,,0,105,,74339,3,,,0,106,,74338,3,,,0,105,,74337,3,,,0,104,,74336,3,,,0,105,,74335,3,,,0,105,,74334,3,,,0,145,,74333,3,,,0,105,,74332,3,,,0,107,,74331,3,,,0
6001,'5222',710,,74345,3,,,0,38,,74352,3,,,0,152,,74353,3,,,0,52,,74346,3,,,0,101,,74347,3,,,0,101,,74348,3,,,0,103,,74349,3,,,0,151,,74350,3,,,0,96,,74354,3,,,0,51,,74355,3,,,0,84,,74356,3,,,0,83,,74351,3,,,0,84,,74357,3,,,0,99,,74359,3,,,0,99,,74358,3,,,0,110,,74360,3,,,0,107,,74361,3,,,0
6001,'5365',821,,74363,3,,,0,100,,74364,3,,,0,100,,74365,3,,,0,105,,74362,3,,,0,105,,74368,3,,,0,105,,74369,3,,,0,106,,74367,3,,,0,105,,74366,3,,,0,105,,74371,3,,,0,104,,74372,3,,,0,145,,74370,3,,,0,105,,74374,3,,,0,107,,74373,3,,,0
6001,'5390',821,,74376,3,,,0,100,,74377,3,,,0,100,,74378,3,,,0,105,,74375,3,,,0,105,,74381,3,,,0,105,,74382,3,,,0,106,,74380,3,,,0,105,,74379,3,,,0,105,,74384,3,,,0,104,,74385,3,,,0,145,,74383,3,,,0,105,,74387,3,,,0,107,,74386,3,,,0
6100,'4623',844,,74418,36,0,30 14,0,74,,74404,36,0,30 14,0,40,,74401,36,0,30 14,0,64,,74419,36,0,30 14,0,36,,74399,36,0,30 14,0,88,,74408,36,0,30 14,0,76,,74422,36,0,30 14,0,36,,74407,36,0,30 14,0,74,,74406,36,0,30 14,0,79,,74423,36,0,30 14,0,30,,74405,36,0,30 14,0,80,,74403,36,0,30 14,0,33,,74388,36,0,30 14,0,82,,74390,36,0,30 14,0,65,,74391,36,0,30 14,0,39,,74393,36,0,30 14,0,69,,74411,36,0,30 14,0,27,,74396,36,0,30 14,0,65,,74395,36,0,30 14,0,31,,74394,36,0,30 14,0,71,,74410,36,0,30 14,0,30,,74409,36,0,30 14,0,95,,74414,36,0,30 14,0,81,,74413,36,0,30 14,0,103,,74415,36,0,30 14,0,33,,74412,36,0,30 14,0,100,,74416,36,0,30 14,0,72,,74417,36,0,30 14,0
6100,'4833',657,,74426,36,0,30 14,0,100,,74427,36,0,30 14,0,82,,74425,36,0,30 14,0,99,,74428,36,0,30 14,0,95,,74429,36,0,30 14,0,82,,74430,36,0,30 14,0,35,,74431,36,0,30 14,0,88,,74432,36,0,30 14,0,75,,74433,36,0,30 14,0,35,,74434,36,0,30 14,0,76,,74435,36,0,30 14,0,76,,74436,36,0,30 14,0,37,,74437,36,0,30 14,0,77,,74438,36,0,30 14,0,26,,74439,36,0,30 14,0,78,,74440,36,0,30 14,0,41,,74441,36,0,30 14,0,72,,74442,36,0,30 14,0,71,,74443,36,0,30 14,0,30,,74444,36,0,30 14,0,73,,74445,36,0,30 14,0,43,,74446,36,0,30 14,0,81,,74447,36,0,30 14,0,80,,74448,36,0,30 14,0,103,,74449,36,0,30 14,0,32,,74450,36,0,30 14,0,100,,74451,36,0,30 14,0
6100,'5015',657,,74454,36,0,30 14,0,100,,74455,36,0,30 14,0,82,,74453,36,0,30 14,0,99,,74456,36,0,30 14,0,95,,74457,36,0,30 14,0,82,,74458,36,0,30 14,0,35,,74459,36,0,30 14,0,88,,74460,36,0,30 14,0,75,,74461,36,0,30 14,0,35,,74462,36,0,30 14,0,76,,74463,36,0,30 14,0,76,,74464,36,0,30 14,0,37,,74465,36,0,30 14,0,77,,74466,36,0,30 14,0,26,,74467,36,0,30 14,0,78,,74468,36,0,30 14,0,41,,74469,36,0,30 14,0,72,,74470,36,0,30 14,0,71,,74471,36,0,30 14,0,30,,74472,36,0,30 14,0,73,,74473,36,0,30 14,0,43,,74474,36,0,30 14,0,81,,74475,36,0,30 14,0,80,,74476,36,0,30 14,0,103,,74477,36,0,30 14,0,32,,74478,36,0,30 14,0,100,,74479,36,0,30 14,0
6100,'5222',844,,74512,36,0,30 14,0,74,,74498,36,0,30 14,0,40,,74495,36,0,30 14,0,64,,74513,36,0,30 14,0,36,,74493,36,0,30 14,0,88,,74502,36,0,30 14,0,76,,74516,36,0,30 14,0,36,,74501,36,0,30 14,0,74,,74500,36,0,30 14,0,79,,74517,36,0,30 14,0,30,,74499,36,0,30 14,0,80,,74497,36,0,30 14,0,33,,74482,36,0,30 14,0,82,,74484,36,0,30 14,0,65,,74485,36,0,30 14,0,39,,74487,36,0,30 14,0,69,,74505,36,0,30 14,0,27,,74490,36,0,30 14,0,65,,74489,36,0,30 14,0,31,,74488,36,0,30 14,0,71,,74504,36,0,30 14,0,30,,74503,36,0,30 14,0,95,,74508,36,0,30 14,0,81,,74507,36,0,30 14,0,103,,74509,36,0,30 14,0,33,,74506,36,0,30 14,0,100,,74510,36,0,30 14,0,72,,74511,36,0,30 14,0
6100,'5365',700,,74518,36,0,30 14,0,104,,74519,36,0,30 14,0,43,,74520,36,0,30 14,0,98,,74521,36,0,30 14,0,83,,74522,36,0,30 14,0,86,,74523,36,0,30 14,0,97,,74524,36,0,30 14,0,43,,74525,36,0,30 14,0,101,,74526,36,0,30 14,0,93,,74527,36,0,30 14,0,103,,74528,36,0,30 14,0,78,,74529,36,0,30 14,0,102,,74530,36,0,30 14,0,86,,74531,36,0,30 14,0,102,,74532,36,0,30 14,0,86,,74533,36,0,30 14,0,45,,74534,36,0,30 14,0,101,,74535,36,0,30 14,0,93,,74536,36,0,30 14,0,101,,74537,36,0,30 14,0
6100,'5390',700,,74539,36,0,30 14,0,104,,74540,36,0,30 14,0,43,,74541,36,0,30 14,0,98,,74542,36,0,30 14,0,83,,74543,36,0,30 14,0,86,,74544,36,0,30 14,0,97,,74545,36,0,30 14,0,43,,74546,36,0,30 14,0,101,,74547,36,0,30 14,0,93,,74548,36,0,30 14,0,103,,74549,36,0,30 14,0,78,,74550,36,0,30 14,0,102,,74551,36,0,30 14,0,86,,74552,36,0,30 14,0,102,,74553,36,0,30 14,0,86,,74554,36,0,30 14,0,45,,74555,36,0,30 14,0,101,,74556,36,0,30 14,0,93,,74557,36,0,30 14,0,101,,74558,36,0,30 14,0
6400,'4623',744,,74743,61,,,0,507,,74739,92,,,0,580,,74741,77,,,0
6400,'5222',744,,74750,61,,,0,507,,74746,92,,,0,580,,74748,77,,,0
6500,'4623',606,,74769,42,,,0,102,,74768,42,,,0,25,,74767,42,,,0,81,,74766,42,,,0
6500,'5222',606,,74773,42,,,0,102,,74772,42,,,0,25,,74771,42,,,0,81,,74770,42,,,0
