6101,'4623',532,,74592,22,,,0,68,,74574,22,,,0,29,,74571,22,,,0,26,,74572,22,,,0,77,,74591,22,,,0,79,,74577,22,,,0,38,,74570,22,,,0,64,,74594,22,,,0,34,,74573,22,,,0,89,,74575,22,,,0,76,,74590,22,,,0,37,,74579,22,,,0,77,,74576,22,,,0,77,,74593,22,,,0,27,,74580,22,,,0,76,,74578,22,,,0,32,,74561,22,,,0,70,,74560,22,,,0,33,,74562,22,,,0,67,,74595,45,,,0,18,,74567,22,,,0,18,,74581,45,,,0,75,,74564,45,,,0,21,,74566,45,,,0,11,,74563,45,,,0,62,,74569,45,,,0,35,,74568,45,,,0,54,,74584,22,,,0,30,,74565,22,,,0,86,,74582,22,,,0,89,,74583,22,,,0,98,,74586,22,,,0,44,,74585,22,,,0,97,,74587,22,,,0,85,,74588,22,,,0,99,,74589,22,,,0
6101,'4833',604,,74596,21,,,0,96,,74597,22,,,0,38,,74598,22,,,0,101,,74599,22,,,0,83,,74600,22,,,0,89,,74601,22,,,0,31,,74602,22,,,0,87,,74603,22,,,0,72,,74604,22,,,0,32,,74605,22,,,0,84,,74606,22,,,0,38,,74607,22,,,0,76,,74608,22,,,0,76,,74609,22,,,0,26,,74610,22,,,0,76,,74611,22,,,0,38,,74612,22,,,0,73,,74613,22,,,0,34,,74614,22,,,0,76,,74615,22,,,0,76,,74616,22,,,0,36,,74617,22,,,0,81,,74618,22,,,0,83,,74619,22,,,0,98,,74620,22,,,0,46,,74621,22,,,0,99,,74622,22,,,0,83,,74623,22,,,0
6101,'5015',604,,74624,21,,,0,96,,74625,22,,,0,38,,74626,22,,,0,101,,74627,22,,,0,83,,74628,22,,,0,89,,74629,22,,,0,31,,74630,22,,,0,87,,74631,22,,,0,72,,74632,22,,,0,32,,74633,22,,,0,84,,74634,22,,,0,38,,74635,22,,,0,76,,74636,22,,,0,76,,74637,22,,,0,26,,74638,22,,,0,76,,74639,22,,,0,38,,74640,22,,,0,73,,74641,22,,,0,34,,74642,22,,,0,76,,74643,22,,,0,76,,74644,22,,,0,36,,74645,22,,,0,81,,74646,22,,,0,83,,74647,22,,,0,98,,74648,22,,,0,46,,74649,22,,,0,99,,74650,22,,,0,83,,74651,22,,,0,100,,74652,22,,,0
6101,'5222',532,,74684,22,,,0,68,,74667,22,,,0,29,,74664,22,,,0,26,,74665,22,,,0,77,,74683,22,,,0,79,,74670,22,,,0,38,,74663,22,,,0,64,,74686,22,,,0,34,,74666,22,,,0,89,,74668,22,,,0,76,,74682,22,,,0,37,,74672,22,,,0,77,,74669,22,,,0,77,,74685,22,,,0,27,,74673,22,,,0,76,,74671,22,,,0,32,,74654,22,,,0,70,,74653,22,,,0,33,,74655,22,,,0,67,,74687,45,,,0,18,,74660,22,,,0,18,,74674,45,,,0,75,,74657,45,,,0,21,,74659,45,,,0,11,,74656,45,,,0,62,,74662,45,,,0,35,,74661,45,,,0,54,,74677,22,,,0,30,,74658,22,,,0,86,,74675,22,,,0,89,,74676,22,,,0,98,,74679,22,,,0,44,,74678,22,,,0,97,,74680,22,,,0,85,,74681,22,,,0
6101,'5365',609,,74690,21,,,0,102,,74688,21,,,0,34,,74691,22,,,0,89,,74689,22,,,0,94,,74692,22,,,0,86,,74693,22,,,0,87,,74694,22,,,0,47,,74695,22,,,0,103,,74696,22,,,0,86,,74697,22,,,0,101,,74698,22,,,0,85,,74699,22,,,0,101,,74700,22,,,0,80,,74701,22,,,0,100,,74702,22,,,0,50,,74703,22,,,0,97,,74704,22,,,0,100,,74705,22,,,0,81,,74706,22,,,0,100,,74707,22,,,0,96,,74708,22,,,0
6101,'5390',609,,74711,21,,,0,102,,74709,21,,,0,34,,74712,22,,,0,89,,74710,22,,,0,94,,74713,22,,,0,86,,74714,22,,,0,87,,74715,22,,,0,47,,74716,22,,,0,103,,74717,22,,,0,86,,74718,22,,,0,101,,74719,22,,,0,85,,74720,22,,,0,101,,74721,22,,,0,80,,74722,22,,,0,100,,74723,22,,,0,50,,74724,22,,,0,97,,74725,22,,,0,100,,74726,22,,,0,81,,74727,22,,,0,100,,74728,22,,,0,96,,74729,22,,,0
6401,'4623',635,,74754,15,4,,0,94,,74757,60,,,0,204,,74755,15,,,0,376,,74758,60,,,0,293,,74756,15,,,0,209,,74753,60,4,,0,96,,74752,15,4,,0
6401,'5222',635,,74761,15,4,,0,94,,74764,60,,,0,204,,74762,15,,,0,376,,74765,60,,,0,293,,74763,15,,,0,209,,74760,60,4,,0,96,,74759,15,4,,0
6501,'4623',1700,,74774,40,,,0,28,,74777,40,,,0,31,,74776,40,,,0,69,,74775,40,,,0
6501,'5222',1700,,74778,40,,,0,28,,74781,40,,,0,31,,74780,40,,,0,69,,74779,40,,,0
