300,'4623',642,,63631,12,,,0,113,,63629,12,,,0,153,,63627,12,,,0,99,,63621,12,,,0,98,,63618,12,,,0,105,,63616,12,,,0,100,,63623,12,,,0,104,,63614,12,,,0,109,,63613,12,,,0,34,,63612,12,,,0,73,,63625,12,,,0,109,,63610,12,,,0,99,,63609,12,,,0,95,,63606,12,,,0,97,,63604,12,,,0
300,'4833',717,,63639,12,,,0,97,,63648,12,,,0,98,,63658,12,,,0,100,,63634,12,,,0,98,,63646,12,,,0,99,,63659,12,,,0,101,,63636,12,,,0,103,,63635,12,,,0,109,,63640,12,,,0,109,,63638,12,,,0,101,,63651,12,,,0,101,,63650,12,,,0,96,,63654,12,,,0,102,,63657,12,,,0
300,'5015',717,,63668,12,,,0,97,,63677,12,,,0,98,,63687,12,,,0,100,,63663,12,,,0,98,,63675,12,,,0,99,,63688,12,,,0,101,,63665,12,,,0,103,,63664,12,,,0,109,,63669,12,,,0,109,,63667,12,,,0,101,,63680,12,,,0,101,,63679,12,,,0,96,,63683,12,,,0,102,,63686,12,,,0
300,'5222',642,,63718,12,,,0,113,,63716,12,,,0,153,,63714,12,,,0,99,,63708,12,,,0,98,,63705,12,,,0,105,,63703,12,,,0,100,,63710,12,,,0,104,,63701,12,,,0,109,,63700,12,,,0,34,,63699,12,,,0,73,,63712,12,,,0,109,,63697,12,,,0,99,,63696,12,,,0,95,,63693,12,,,0,97,,63691,12,,,0
300,'5365',746,,63722,12,,,0,162,,63729,12,,,0,115,,63720,12,,,0,89,,63725,12,,,0,98,,63726,12,,,0,99,,63723,12,,,0,108,,63728,12,,,0,108,,63732,12,,,0,99,,63736,12,,,0,98,,63738,12,,,0,103,,63740,12,,,0,105,,63743,12,,,0
300,'5390',746,,63747,12,,,0,162,,63754,12,,,0,115,,63745,12,,,0,89,,63750,12,,,0,98,,63751,12,,,0,99,,63748,12,,,0,108,,63753,12,,,0,108,,63757,12,,,0,99,,63761,12,,,0,98,,63763,12,,,0,103,,63765,12,,,0,105,,63768,12,,,0
301,'4623',651,,63796,33,,,0,155,,63797,33,,,0,117,,63787,33,,,0,177,,63788,33,,,0,101,,63784,33,,,0,106,,63782,33,,,0,133,,63780,33,,,0,108,,63791,33,,,0,74,,63778,33,,,0,35,,63777,33,,,0,73,,63793,33,,,0,70,,63776,33,,,0,58,,63792,33,,,0,99,,63773,33,,,0,89,,63772,33,,,0
301,'4833',730,,63820,33,,,0,101,,63799,33,,,0,101,,63807,33,,,0,102,,63811,33,,,0,100,,63822,33,,,0,102,,63802,33,,,0,100,,63813,33,,,0,101,,63808,33,,,0,107,,63803,33,,,0,106,,63809,33,,,0,100,,63810,33,,,0,102,,63816,33,,,0,95,,63819,33,,,0,100,,63821,33,,,0
301,'5015',730,,63848,33,,,0,101,,63827,33,,,0,101,,63835,33,,,0,102,,63839,33,,,0,100,,63850,33,,,0,102,,63830,33,,,0,100,,63841,33,,,0,101,,63836,33,,,0,107,,63831,33,,,0,106,,63837,33,,,0,100,,63838,33,,,0,102,,63844,33,,,0,95,,63847,33,,,0,100,,63849,33,,,0
301,'5222',651,,63881,33,,,0,155,,63882,33,,,0,117,,63872,33,,,0,177,,63873,33,,,0,101,,63869,33,,,0,106,,63867,33,,,0,133,,63865,33,,,0,108,,63876,33,,,0,74,,63863,33,,,0,35,,63862,33,,,0,73,,63878,33,,,0,70,,63861,33,,,0,58,,63877,33,,,0,99,,63858,33,,,0,89,,63857,33,,,0
301,'5365',745,,63897,33,,,0,166,,63898,33,,,0,122,,63896,33,,,0,100,,63892,33,,,0,101,,63886,33,,,0,102,,63890,33,,,0,100,,63888,33,,,0,105,,63895,33,,,0,103,,63899,33,,,0,99,,63905,33,,,0,99,,63902,33,,,0,100,,63906,33,,,0
301,'5390',745,,63921,33,,,0,166,,63922,33,,,0,122,,63920,33,,,0,100,,63916,33,,,0,101,,63910,33,,,0,102,,63914,33,,,0,100,,63912,33,,,0,105,,63919,33,,,0,103,,63923,33,,,0,99,,63929,33,,,0,99,,63926,33,,,0,100,,63930,33,,,0
