7500,'4487',947,,17177,0,42 43,0,98,,17181,0,42 43,0,101,,17182,0,42 43,0,70,,17183,0,13 14,0,30,,17184,0,42 43,0,69,,17185,0,13 14,0,31,,17186,0,42 43,0,64,,17187,0,13 14,0,36,,17188,0,42 43,0,70,,17189,0,13 14,0,30,,17190,0,42 43,0,71,,17191,0,13 14,0,30,,17192,0,42 43,0,100,,17193,0,42 43,0,102,,17194,0,42 43,0,101,,17195,0,42 43,0,100,,17196,0,42 43,0,100,,17197,0,13 14,0
7500,'4743',947,,17200,0,42 43,0,98,,17204,0,42 43,0,101,,17205,0,42 43,0,70,,17206,0,13 14,0,30,,17207,0,42 43,0,69,,17208,0,13 14,0,31,,17209,0,42 43,0,64,,17210,0,13 14,0,36,,17211,0,42 43,0,70,,17212,0,13 14,0,30,,17213,0,42 43,0,71,,17214,0,13 14,0,30,,17215,0,42 43,0,100,,17216,0,42 43,0,102,,17217,0,42 43,0,101,,17218,0,42 43,0,100,,17219,0,42 43,0,100,,17220,0,13 14,0
7500,'4744',913,,17234,0,13 14,0,30,,17235,0,42 43,0,76,,17236,0,13 14,0,25,,17237,0,42 43,0,70,,17238,0,13 14,0,29,,17239,0,42 43,0,70,,17240,0,13 14,0,30,,17241,0,42 43,0,70,,17242,0,13 14,0,29,,17243,0,42 43,0,70,,17244,0,13 14,0,24,,17245,0,42 43,0,71,,17246,0,42 43,0,35,,17247,0,42 43,0,70,,17248,0,13 14,0,31,,17249,0,42 43,0,104,,17252,0,13 14,0,77,,17254,0,13 14,0,86,,17256,0,13 14,0,37,,17257,0,42 43,0,106,,17258,0,42 43,0,96,,17259,0,13 14,0
7500,'4745',948,,17265,0,42 43,0,98,,17266,0,42 43,0,100,,17267,0,42 43,0,70,,17268,0,13 14,0,30,,17269,0,42 43,0,70,,17270,0,13 14,0,30,,17271,0,42 43,0,70,,17272,0,13 14,0,30,,17273,0,42 43,0,70,,17274,0,13 14,0,30,,17275,0,42 43,0,100,,17276,0,42 43,0,101,,17277,0,42 43,0,102,,17278,0,42 43,0,103,,17279,0,42 43,0,102,,17280,0,42 43,0,96,,17281,0,13 14,0
7500,'4870',913,,17294,0,13 14,0,30,,17295,0,42 43,0,76,,17296,0,13 14,0,25,,17297,0,42 43,0,70,,17298,0,13 14,0,29,,17299,0,42 43,0,70,,17300,0,13 14,0,30,,17301,0,42 43,0,70,,17302,0,13 14,0,29,,17303,0,42 43,0,70,,17304,0,13 14,0,24,,17305,0,42 43,0,71,,17306,0,42 43,0,35,,17307,0,42 43,0,70,,17308,0,13 14,0,31,,17309,0,42 43,0,104,,17310,0,13 14,0,77,,17312,0,13 14,0,86,,17314,0,13 14,0,37,,17315,0,42 43,0,106,,17316,0,42 43,0
7500,'4872',2149,,17321,0,13 14,0
7500,'4873',2149,,17324,0,13 14,0
7500,'4875',913,,17336,0,13 14,0,30,,17337,0,42 43,0,76,,17338,0,13 14,0,25,,17339,0,42 43,0,70,,17340,0,13 14,0,29,,17341,0,42 43,0,70,,17342,0,13 14,0,30,,17343,0,42 43,0,70,,17344,0,13 14,0,29,,17345,0,42 43,0,70,,17346,0,13 14,0,24,,17347,0,42 43,0,71,,17348,0,42 43,0,35,,17349,0,42 43,0,70,,17350,0,13 14,0,31,,17351,0,42 43,0,104,,17354,0,13 14,0,77,,17356,0,13 14,0,86,,17358,0,13 14,0,37,,17359,0,42 43,0,106,,17360,0,42 43,0,96,,17361,0,13 14,0
7500,'4876',947,,17364,0,42 43,0,98,,17368,0,42 43,0,101,,17369,0,42 43,0,70,,17370,0,13 14,0,30,,17371,0,42 43,0,69,,17372,0,13 14,0,31,,17373,0,42 43,0,64,,17374,0,13 14,0,36,,17375,0,42 43,0,70,,17376,0,13 14,0,30,,17377,0,42 43,0,71,,17378,0,13 14,0,30,,17379,0,42 43,0,100,,17380,0,42 43,0,102,,17381,0,42 43,0,101,,17382,0,42 43,0,100,,17383,0,42 43,0,100,,17384,0,13 14,0
7500,'4877',948,,17390,0,42 43,0,98,,17391,0,42 43,0,100,,17392,0,42 43,0,70,,17393,0,13 14,0,30,,17394,0,42 43,0,70,,17395,0,13 14,0,30,,17396,0,42 43,0,70,,17397,0,13 14,0,30,,17398,0,42 43,0,70,,17399,0,13 14,0,30,,17400,0,42 43,0,100,,17401,0,42 43,0,101,,17402,0,42 43,0,102,,17403,0,42 43,0,103,,17404,0,42 43,0,102,,17405,0,42 43,0,96,,17406,0,13 14,0
