8100,'4487',830,,17647,,,0,100,,17648,,,0,100,,17649,,,0,99,,17650,,,0,100,,17651,,,0,100,,17652,,,0,101,,17653,,,0,100,,17654,,,0,100,,17655,,,0,100,,17656,,,0,100,,17657,,,0,101,,17658,,,0,100,,17659,,,0
8100,'4743',830,,17661,,,0,100,,17662,,,0,100,,17663,,,0,99,,17664,,,0,100,,17665,,,0,100,,17666,,,0,101,,17667,,,0,100,,17668,,,0,100,,17669,,,0,100,,17670,,,0,100,,17671,,,0,101,,17672,,,0,100,,17673,,,0
8100,'4744',618,,17675,,,0,189,,17676,,,0,123,,17677,,,0,98,,17678,,,0,100,,17679,,,0,100,,17680,,,0,100,,17681,,,0,100,,17682,,,0,100,,17683,,,0,100,,17685,,,0,100,,17686,,,0,85,,17687,,,0,116,,17688,,,0,100,,17689,,,0
8100,'4745',829,,17692,,,0,101,,17691,,,0,99,,17693,,,0,100,,17694,,,0,100,,17695,,,0,100,,17696,,,0,100,,17697,,,0,100,,17698,,,0,100,,17699,,,0,100,,17700,,,0,100,,17701,,,0,101,,17702,,,0,102,,17703,,,0
8100,'4870',618,,17705,,,0,189,,17706,,,0,123,,17707,,,0,98,,17708,,,0,100,,17709,,,0,100,,17710,,,0,100,,17711,,,0,100,,17712,,,0,100,,17713,,,0,100,,17715,,,0,100,,17716,,,0,201,,17717,,,0,100,,17718,,,0
8100,'4872',1813,,17720,,,0
8100,'4873',1813,,17721,,,0
8100,'4875',618,,17722,,,0,189,,17723,,,0,123,,17724,,,0,98,,17725,,,0,100,,17726,,,0,100,,17727,,,0,100,,17728,,,0,100,,17729,,,0,100,,17730,,,0,100,,17732,,,0,100,,17733,,,0,85,,17734,,,0,116,,17735,,,0,100,,17736,,,0
8100,'4876',830,,17738,,,0,100,,17739,,,0,100,,17740,,,0,99,,17741,,,0,100,,17742,,,0,100,,17743,,,0,101,,17744,,,0,100,,17745,,,0,100,,17746,,,0,100,,17747,,,0,100,,17748,,,0,101,,17749,,,0,100,,17750,,,0
8100,'4877',829,,17753,,,0,101,,17752,,,0,99,,17754,,,0,100,,17755,,,0,100,,17756,,,0,100,,17757,,,0,100,,17758,,,0,100,,17759,,,0,100,,17760,,,0,100,,17761,,,0,100,,17762,,,0,101,,17763,,,0,102,,17764,,,0
