4800,'4623',630,,72848,22,,,0,27,,72847,22,,,0,70,,72846,22,,,0
4800,'5222',630,,72851,22,,,0,27,,72850,22,,,0,70,,72849,22,,,0
5401,'4623',539,,73486,14,,,0,169,,73489,14,,,0,132,,73490,14,,,0,216,,73491,14,,,0,198,,73487,14,,,0,171,,73492,14,,,0,106,,73488,14,,,0,185,,73493,14,,,0,190,,73494,14,,,0,199,,73495,14,,,0
5401,'4833',734,,73499,14,,,0,201,,73496,14,,,0,211,,73497,14,,,0,205,,73498,14,,,0,251,,73502,14,,,0,209,,73501,14,,,0,224,,73500,14,,,0
5401,'5015',734,,73509,14,,,0,201,,73506,14,,,0,211,,73507,14,,,0,205,,73508,14,,,0,251,,73505,14,,,0,209,,73504,14,,,0,224,,73503,14,,,0
5401,'5222',539,,73510,14,,,0,169,,73513,14,,,0,132,,73514,14,,,0,216,,73515,14,,,0,198,,73511,14,,,0,171,,73516,14,,,0,106,,73512,14,,,0,185,,73517,14,,,0,190,,73518,14,,,0,199,,73519,14,,,0
5401,'5365',734,,73522,14,,,0,201,,73523,14,,,0,211,,73520,14,,,0,205,,73521,14,,,0,250,,73524,14,,,0,210,,73526,14,,,0,224,,73525,14,,,0
5401,'5390',734,,73529,14,,,0,201,,73530,14,,,0,211,,73527,14,,,0,205,,73528,14,,,0,250,,73531,14,,,0,210,,73533,14,,,0,224,,73532,14,,,0
6001,'4623',719,,74300,11,,,0,38,,74307,11,,,0,152,,74308,11,,,0,92,,74301,11,,,0,101,,74302,11,,,0,101,,74303,11,,,0,103,,74304,11,,,0,111,,74305,11,,,0,97,,74309,11,,,0,91,,74310,11,,,0,44,,74311,11,,,0,82,,74306,11,,,0,84,,74312,11,,,0,99,,74314,11,,,0,99,,74313,11,,,0,110,,74315,11,,,0,107,,74316,11,,,0
6001,'4833',728,,74328,11,,,0,101,,74329,11,,,0,100,,74330,11,,,0,101,,74327,11,,,0,105,,74326,11,,,0,105,,74325,11,,,0,106,,74324,11,,,0,105,,74323,11,,,0,104,,74322,11,,,0,145,,74321,11,,,0,105,,74320,11,,,0,105,,74319,11,,,0,104,,74318,11,,,0,107,,74317,11,,,0
6001,'5015',728,,74342,11,,,0,101,,74343,11,,,0,100,,74344,11,,,0,101,,74341,11,,,0,105,,74340,11,,,0,105,,74339,11,,,0,106,,74338,11,,,0,105,,74337,11,,,0,104,,74336,11,,,0,145,,74335,11,,,0,105,,74334,11,,,0,105,,74333,11,,,0,104,,74332,11,,,0,107,,74331,11,,,0
6001,'5222',719,,74345,11,,,0,38,,74352,11,,,0,152,,74353,11,,,0,92,,74346,11,,,0,101,,74347,11,,,0,101,,74348,11,,,0,103,,74349,11,,,0,111,,74350,11,,,0,97,,74354,11,,,0,91,,74355,11,,,0,44,,74356,11,,,0,82,,74351,11,,,0,84,,74357,11,,,0,99,,74359,11,,,0,99,,74358,11,,,0,110,,74360,11,,,0,107,,74361,11,,,0
6001,'5365',829,,74363,11,,,0,100,,74364,11,,,0,101,,74365,11,,,0,105,,74362,11,,,0,105,,74368,11,,,0,105,,74369,11,,,0,106,,74367,11,,,0,105,,74366,11,,,0,145,,74371,11,,,0,104,,74372,11,,,0,105,,74370,11,,,0,105,,74374,11,,,0,106,,74373,11,,,0
6001,'5390',829,,74376,11,,,0,100,,74377,11,,,0,101,,74378,11,,,0,105,,74375,11,,,0,105,,74381,11,,,0,105,,74382,11,,,0,106,,74380,11,,,0,105,,74379,11,,,0,145,,74384,11,,,0,104,,74385,11,,,0,105,,74383,11,,,0,105,,74387,11,,,0,106,,74386,11,,,0
