3200,'5036',653,,43989,21,,,0,81,,43990,21,,,0,82,,43991,21,,,0,109,,43992,21,,,0,100,,43993,21,,,0,105,,43994,21,,,0,105,,43995,21,,,0,105,,43996,21,,,0,105,,43997,21,,,0,113,,43998,21,,,0,144,,43999,21,,,0,33,,44004,41,,,0,70,,44000,21,,,0,110,,44001,21,,,0,99,,44002,21,,,0,100,,44003,21,,,0,98,,44005,21,,,0
3200,'5040',653,,44006,21,,,0,81,,44007,21,,,0,82,,44008,21,,,0,109,,44009,21,,,0,100,,44010,21,,,0,105,,44011,21,,,0,105,,44012,21,,,0,105,,44013,21,,,0,105,,44014,21,,,0,113,,44015,21,,,0,144,,44016,21,,,0,33,,44021,41,,,0,70,,44017,21,,,0,110,,44018,21,,,0,99,,44019,21,,,0,100,,44020,21,,,0,98,,44022,21,,,0
3200,'5041',813,,44027,21,,,0,100,,44030,21,,,0,101,,44034,21,,,0,100,,44025,21,,,0,100,,44028,21,,,0,101,,44031,21,,,0,100,,44035,21,,,0,100,,44026,21,,,0,100,,44029,21,,,0,99,,44032,21,,,0,100,,44036,21,,,0,99,,44033,21,,,0,100,,44037,21,,,0,100,,44023,21,,,0,99,,44024,21,,,0
3200,'5078',813,,44038,21,,,0,100,,44039,21,,,0,100,,44040,21,,,0,101,,44042,21,,,0,100,,44043,21,,,0,101,,44041,21,,,0,100,,44047,21,,,0,100,,44046,21,,,0,100,,44044,21,,,0,99,,44045,21,,,0,100,,44049,21,,,0,100,,44048,21,,,0
3200,'5079',813,,44050,21,,,0,100,,44051,21,,,0,100,,44052,21,,,0,101,,44054,21,,,0,100,,44055,21,,,0,101,,44053,21,,,0,100,,44059,21,,,0,100,,44058,21,,,0,100,,44056,21,,,0,99,,44057,21,,,0,100,,44061,21,,,0,100,,44060,21,,,0
7000,'5036',519,,46365,19,,,0,93,,46355,19,,,0,93,,46353,19,,,0,103,,46356,19,,,0,101,,46351,19,,,0,43,,46366,19,,,0,155,,46364,19,,,0,43,,46367,19,,,0,56,,46362,19,,,0,100,,46352,19,,,0,42,,46368,19,,,0,58,,46358,19,,,0,100,,46360,19,,,0,40,,46369,19,,,0,58,,46354,19,,,0,103,,46357,19,,,0,46,,46370,19,,,0,59,,46359,19,,,0,97,,46371,19,,,0,101,,46361,19,,,0,209,,46363,19,,,0
7000,'5040',519,,46387,19,,,0,93,,46377,19,,,0,93,,46374,19,,,0,103,,46378,19,,,0,101,,46372,19,,,0,43,,46388,19,,,0,56,,46375,19,,,0,99,,46386,19,,,0,43,,46389,19,,,0,56,,46384,19,,,0,100,,46373,19,,,0,42,,46390,19,,,0,58,,46380,19,,,0,100,,46382,19,,,0,40,,46391,19,,,0,58,,46376,19,,,0,103,,46379,19,,,0,46,,46392,19,,,0,59,,46381,19,,,0,97,,46393,19,,,0,101,,46383,19,,,0,209,,46385,19,,,0
7000,'5041',518,,46415,19,,,0,95,,46414,19,,,0,100,,46416,19,,,0,44,,46395,19,,,0,54,,46396,19,,,0,98,,46397,19,,,0,47,,46398,19,,,0,53,,46394,19,,,0,99,,46399,19,,,0,44,,46400,19,,,0,56,,46401,19,,,0,99,,46402,19,,,0,45,,46403,19,,,0,55,,46404,19,,,0,101,,46405,19,,,0,44,,46406,19,,,0,55,,46407,19,,,0,101,,46408,19,,,0,44,,46409,19,,,0,57,,46410,19,,,0,102,,46413,19,,,0,100,,46411,19,,,0,212,,46412,19,,,0
7000,'5074',1008,,46417,19,,,0
7000,'5077',1008,,46418,19,,,0
7000,'5078',614,,46425,19,,,0,100,,46439,19,,,0,98,,46419,19,,,0,99,,46438,19,,,0,44,,46420,19,,,0,54,,46421,19,,,0,100,,46422,19,,,0,43,,46423,19,,,0,56,,46424,19,,,0,100,,46426,19,,,0,44,,46427,19,,,0,56,,46428,19,,,0,100,,46429,19,,,0,44,,46430,19,,,0,56,,46431,19,,,0,100,,46432,19,,,0,46,,46433,19,,,0,56,,46434,19,,,0,101,,46435,19,,,0,101,,46436,19,,,0,100,,46440,19,,,0,111,,46437,19,,,0
7000,'5079',614,,46447,19,,,0,100,,46461,19,,,0,98,,46441,19,,,0,99,,46460,19,,,0,44,,46442,19,,,0,54,,46443,19,,,0,43,,46463,19,,,0,57,,46444,19,,,0,43,,46445,19,,,0,56,,46446,19,,,0,42,,46464,19,,,0,58,,46448,19,,,0,44,,46449,19,,,0,56,,46450,19,,,0,44,,46465,19,,,0,56,,46451,19,,,0,44,,46452,19,,,0,56,,46453,19,,,0,43,,46468,19,,,0,57,,46454,19,,,0,46,,46455,19,,,0,56,,46456,19,,,0,45,,46466,19,,,0,56,,46457,19,,,0,44,,46467,19,,,0,57,,46458,19,,,0,100,,46462,19,,,0,111,,46459,19,,,0
7100,'5036',1539,,46552,19,,,0,105,,46553,19,,,0,105,,46554,19,,,0
7100,'5040',1539,,46555,19,,,0,105,,46556,19,,,0,105,,46557,19,,,0
7200,'5036',553,,46585,23,,,0,69,,46579,23,,,0,104,,46584,23,,,0,29,,46591,23,,,0,71,,46572,23,,,0,31,,46586,23,,,0,70,,46580,23,,,0,30,,46567,23,,,0,71,,46587,23,,,0,29,,46576,23,,,0,71,,46571,23,,,0,28,,46565,23,,,0,70,,46566,23,,,0,99,,46564,23,,,0,29,,46592,23,,,0,70,,46568,23,,,0,29,,46573,23,,,0,70,,46570,23,,,0,30,,46569,23,,,0,99,,46574,23,,,0,72,,46593,23,,,0,34,,46581,23,,,0,68,,46575,23,,,0,31,,46578,23,,,0,70,,46577,23,,,0,30,,46583,23,,,0,73,,46589,23,,,0,70,,46582,23,,,0,59,,46588,23,,,0,141,,46590,23,,,0,118,,46594,23,0,10 11 12,0
7200,'5040',553,,46619,23,,,0,69,,46613,23,,,0,36,,46602,23,,,0,68,,46618,23,,,0,29,,46625,23,,,0,71,,46606,23,,,0,31,,46620,23,,,0,70,,46614,23,,,0,30,,46598,23,,,0,71,,46621,23,,,0,29,,46610,23,,,0,71,,46604,23,,,0,28,,46596,23,,,0,70,,46597,23,,,0,29,,46603,23,,,0,70,,46595,23,,,0,29,,46626,23,,,0,70,,46599,23,,,0,29,,46607,23,,,0,70,,46601,23,,,0,30,,46600,23,,,0,69,,46605,23,,,0,30,,46608,23,,,0,72,,46627,23,,,0,34,,46615,23,,,0,68,,46609,23,,,0,31,,46612,23,,,0,70,,46611,23,,,0,30,,46617,23,,,0,73,,46623,23,,,0,70,,46616,23,,,0,59,,46622,23,,,0,141,,46624,23,,,0,118,,46628,23,0,10 11 12,0
7200,'5041',604,,46629,23,,,0,97,,46630,23,,,0,33,,46631,23,,,0,67,,46632,23,,,0,29,,46633,23,,,0,70,,46634,23,,,0,30,,46635,23,,,0,70,,46636,23,,,0,30,,46637,23,,,0,28,,46638,23,,,0,70,,46639,23,,,0,30,,46640,23,,,0,70,,46641,23,,,0,30,,46642,23,,,0,69,,46643,23,,,0,30,,46644,23,,,0,70,,46645,23,,,0,30,,46646,23,,,0,70,,46647,23,,,0,30,,46648,23,,,0,70,,46649,23,,,0,30,,46650,23,,,0,70,,46651,23,,,0,30,,46652,23,,,0,70,,46653,23,,,0,30,,46654,23,,,0,71,,46655,23,,,0,72,,46656,23,,,0,29,,46657,23,,,0,30,,46658,23,,,0,99,,46659,23,,,0,142,,46660,23,,,0,120,,46661,23,0,10 11 12,0
7200,'5074',658,,46662,23,,,0,597,,46663,23,,,0,367,,46664,23,,,0
7200,'5077',658,,46665,23,,,0,597,,46666,23,,,0,367,,46667,23,,,0
7200,'5078',702,,46668,23,,,0,99,,46669,23,,,0,100,,46672,23,,,0,58,,46670,23,,,0,99,,46671,23,,,0,70,,46673,23,,,0,30,,46674,23,,,0,70,,46675,23,,,0,29,,46676,23,,,0,70,,46677,23,,,0,30,,46678,23,,,0,70,,46679,23,,,0,30,,46680,23,,,0,70,,46681,23,,,0,30,,46682,23,,,0,70,,46683,23,,,0,30,,46684,23,,,0,71,,46685,23,,,0,30,,46686,23,,,0,71,,46687,23,,,0,30,,46688,23,,,0,70,,46689,23,,,0,71,,46690,23,,,0,59,,46691,23,,,0,141,,46692,23,,,0,103,,46693,23,,,0,36,,46694,23,0,10 11 12,0
7200,'5079',702,,46695,23,,,0,99,,46696,23,,,0,100,,46699,23,,,0,58,,46697,23,,,0,99,,46698,23,,,0,70,,46700,23,,,0,30,,46701,23,,,0,70,,46702,23,,,0,29,,46703,23,,,0,70,,46704,23,,,0,30,,46705,23,,,0,70,,46706,23,,,0,30,,46707,23,,,0,70,,46708,23,,,0,30,,46709,23,,,0,70,,46710,23,,,0,30,,46711,23,,,0,71,,46712,23,,,0,30,,46713,23,,,0,71,,46714,23,,,0,30,,46715,23,,,0,70,,46716,23,,,0,71,,46717,23,,,0,59,,46718,23,,,0,141,,46719,23,,,0,103,,46720,23,,,0,36,,46721,23,0,10 11 12,0
7500,'5036',528,,46884,25,0,13 14,0,19,,46885,25,0,13 14,0,57,,46886,25,0,13 14,0,20,,46887,25,0,13 14,0,17,,46883,25,0,13 14,0,18,,46888,25,0,13 14,0,55,,46889,25,0,13 14,0,16,,46890,25,0,13 14,0,18,,46891,25,0,13 14,0,62,,46892,25,0,13 14,0,22,,46893,25,0,13 14,0,26,,46894,25,0,13 14,0,69,,46895,25,0,13 14,0,74,,46896,25,0,13 14,0,27,,46897,25,0,13 14,0,30,,46898,25,0,13 14,0,68,,46899,25,0,13 14,0,30,,46900,25,0,13 14,0,70,,46901,25,0,13 14,0,30,,46902,25,0,13 14,0,69,,46903,25,0,13 14,0,30,,46904,25,0,13 14,0,63,,46905,25,0,13 14,0,31,,46906,25,0,13 14,0,75,,46907,25,0,13 14,0,29,,46908,25,0,13 14,0,71,,46909,25,0,13 14,0,25,,46910,25,0,13 14,0,60,,46911,25,0,13 14,0,21,,46912,25,0,13 14,0,17,,46913,25,0,13 14,0,61,,46914,25,0,13 14,0,19,,46915,25,0,13 14,0,28,,46916,25,0,13 14,0,76,,46917,25,0,13 14,0,108,,46918,25,0,13 14,0,96,,46919,25,0,13 14,0,104,,46920,25,0,13 14,0
7500,'5040',528,,46922,25,0,13 14,0,19,,46923,25,0,13 14,0,57,,46924,25,0,13 14,0,20,,46925,25,0,13 14,0,17,,46921,25,0,13 14,0,18,,46926,25,0,13 14,0,55,,46927,25,0,13 14,0,16,,46928,25,0,13 14,0,18,,46929,25,0,13 14,0,62,,46930,25,0,13 14,0,22,,46931,25,0,13 14,0,26,,46932,25,0,13 14,0,69,,46933,25,0,13 14,0,74,,46934,25,0,13 14,0,27,,46935,25,0,13 14,0,30,,46936,25,0,13 14,0,68,,46937,25,0,13 14,0,30,,46938,25,0,13 14,0,70,,46939,25,0,13 14,0,30,,46940,25,0,13 14,0,69,,46941,25,0,13 14,0,30,,46942,25,0,13 14,0,63,,46943,25,0,13 14,0,31,,46944,25,0,13 14,0,75,,46945,25,0,13 14,0,29,,46946,25,0,13 14,0,71,,46947,25,0,13 14,0,25,,46948,25,0,13 14,0,60,,46949,25,0,13 14,0,21,,46950,25,0,13 14,0,17,,46951,25,0,13 14,0,61,,46952,25,0,13 14,0,19,,46953,25,0,13 14,0,28,,46954,25,0,13 14,0,76,,46955,25,0,13 14,0,108,,46956,25,0,13 14,0,96,,46957,25,0,13 14,0,104,,46958,25,0,13 14,0,108,,46959,25,0,13 14,0
7500,'5041',644,,46961,25,0,13 14,0,93,,46962,25,0,13 14,0,98,,46963,25,0,13 14,0,70,,46983,25,0,47 48,0,25,,46960,25,0,13 14,0,28,,46984,25,0,47 48,0,70,,46964,25,0,13 14,0,30,,46985,25,0,47 48,0,70,,46965,25,0,13 14,0,30,,46966,25,0,13 14,0,71,,46967,25,0,13 14,0,29,,46968,25,0,13 14,0,71,,46969,25,0,13 14,0,24,,46970,25,0,13 14,0,76,,46971,25,0,13 14,0,30,,46972,25,0,13 14,0,70,,46973,25,0,13 14,0,71,,46974,25,0,13 14,0,30,,46975,25,0,13 14,0,25,,46986,25,0,47 48,0,75,,46976,25,0,13 14,0,70,,46987,25,0,47 48,0,32,,46977,25,0,13 14,0,101,,46978,25,0,13 14,0,102,,46979,25,0,13 14,0,98,,46980,25,0,13 14,0,106,,46981,25,0,13 14,0,102,,46982,25,0,13 14,0
7500,'5075',2347,,46988,25,0,13 14,0
7500,'5076',2347,,46989,25,0,13 14,0
7500,'5078',638,,46990,25,0,13 14,0,99,,46991,25,0,13 14,0,101,,46992,25,0,13 14,0,70,,47011,25,0,47 48,0,23,,46993,25,0,13 14,0,70,,47012,25,0,47 48,0,28,,46994,25,0,13 14,0,80,,47013,25,0,47 48,0,20,,46995,25,0,13 14,0,30,,46996,25,0,13 14,0,70,,46997,25,0,13 14,0,29,,46998,25,0,13 14,0,70,,46999,25,0,13 14,0,30,,47000,25,0,13 14,0,70,,47001,25,0,13 14,0,30,,47002,25,0,13 14,0,70,,47003,25,0,13 14,0,100,,47004,25,0,13 14,0,101,,47005,25,0,13 14,0,103,,47006,25,0,13 14,0,103,,47007,25,0,13 14,0,104,,47008,25,0,13 14,0,97,,47009,25,0,13 14,0,174,,47010,25,0,13 14,0
7500,'5079',638,,47014,25,0,13 14,0,99,,47015,25,0,13 14,0,101,,47016,25,0,13 14,0,70,,47035,25,0,47 48,0,23,,47017,25,0,13 14,0,70,,47036,25,0,47 48,0,28,,47018,25,0,13 14,0,80,,47037,25,0,47 48,0,20,,47019,25,0,13 14,0,30,,47020,25,0,13 14,0,70,,47021,25,0,13 14,0,29,,47022,25,0,13 14,0,70,,47023,25,0,13 14,0,30,,47024,25,0,13 14,0,70,,47025,25,0,13 14,0,30,,47026,25,0,13 14,0,70,,47027,25,0,13 14,0,100,,47028,25,0,13 14,0,101,,47029,25,0,13 14,0,103,,47030,25,0,13 14,0,103,,47031,25,0,13 14,0,104,,47032,25,0,13 14,0,97,,47033,25,0,13 14,0,174,,47034,25,0,13 14,0
