3200,'4623',639,,72098,1,,,0,81,,72099,1,,,0,80,,72103,1,,,0,110,,72104,1,,,0,100,,72102,1,,,0,105,,72105,1,,,0,105,,72101,1,,,0,104,,72106,1,,,0,105,,72107,1,,,0,111,,72108,1,,,0,105,,72109,1,,,0,73,,72100,21,,,0,32,,72110,1,,,0,150,,72111,1,,,0,100,,72112,1,,,0,100,,72114,1,,,0,100,,72113,1,,,0
3200,'4833',800,,72119,1,,,0,100,,72122,1,,,0,100,,72126,1,,,0,100,,72117,1,,,0,100,,72120,1,,,0,100,,72123,1,,,0,100,,72127,1,,,0,100,,72118,1,,,0,100,,72121,1,,,0,100,,72124,1,,,0,100,,72128,1,,,0,100,,72125,1,,,0,100,,72129,1,,,0,100,,72115,1,,,0,100,,72116,1,,,0
3200,'5015',800,,72134,1,,,0,100,,72137,1,,,0,100,,72141,1,,,0,100,,72132,1,,,0,100,,72135,1,,,0,100,,72138,1,,,0,100,,72142,1,,,0,100,,72133,1,,,0,100,,72136,1,,,0,100,,72139,1,,,0,100,,72143,1,,,0,100,,72140,1,,,0,100,,72144,1,,,0,100,,72130,1,,,0,100,,72131,1,,,0
3200,'5222',639,,72145,1,,,0,81,,72146,1,,,0,80,,72150,1,,,0,110,,72151,1,,,0,100,,72149,1,,,0,105,,72152,1,,,0,105,,72148,1,,,0,104,,72153,1,,,0,105,,72154,1,,,0,111,,72155,1,,,0,105,,72156,1,,,0,73,,72147,21,,,0,32,,72157,1,,,0,150,,72158,1,,,0,100,,72159,1,,,0,100,,72161,1,,,0,100,,72160,1,,,0
3200,'5365',800,,72162,1,,,0,100,,72163,1,,,0,100,,72164,1,,,0,100,,72166,1,,,0,100,,72167,1,,,0,100,,72165,1,,,0,100,,72171,1,,,0,100,,72170,1,,,0,100,,72168,1,,,0,100,,72169,1,,,0,100,,72173,1,,,0,100,,72172,1,,,0
3200,'5390',800,,72174,1,,,0,100,,72175,1,,,0,100,,72176,1,,,0,100,,72178,1,,,0,100,,72179,1,,,0,100,,72177,1,,,0,100,,72183,1,,,0,100,,72182,1,,,0,100,,72180,1,,,0,100,,72181,1,,,0,100,,72185,1,,,0,100,,72184,1,,,0
3500,'4623',710,,72277,16,4,,0,145,,72279,16,4,,0,151,,72280,16,4,,0,105,,72278,16,4,,0,105,,72281,16,4,,0,105,,72282,16,4,,0,105,,72286,16,4,,0,107,,72283,16,4,,0,109,,72284,16,4,,0,104,,72285,16,4,,0
3500,'5222',710,,72288,16,4,,0,145,,72290,16,4,,0,151,,72291,16,4,,0,105,,72289,16,4,,0,105,,72292,16,4,,0,105,,72293,16,4,,0,105,,72297,16,4,,0,107,,72294,16,4,,0,109,,72295,16,4,,0,104,,72296,16,4,,0
3900,'4623',643,,72403,7,,,0,77,,72390,7,,,0,33,,72404,7,,,0,67,,72391,7,,,0,30,,72388,7,,,0,76,,72382,7,,,0,28,,72398,7,,,0,69,,72389,7,,,0,30,,72383,7,,,0,70,,72400,7,,,0,30,,72392,7,,,0,70,,72384,7,,,0,31,,72399,7,,,0,70,,72393,7,,,0,30,,72386,7,,,0,71,,72401,7,,,0,32,,72394,7,,,0,73,,72385,7,,,0,74,,72402,7,,,0,34,,72395,7,,,0,71,,72387,7,,,0,29,,72405,7,,,0,73,,72396,7,,,0,40,,72408,7,,,0,76,,72397,7,,,0,83,,72407,7,,,0,107,,72406,7,,,0
3900,'4833',709,,72410,1,,,0,126,,72411,1,,,0,100,,72415,1,,,0,100,,72419,1,,,0,100,,72409,1,,,0,100,,72413,1,,,0,100,,72416,1,,,0,100,,72420,1,,,0,100,,72412,1,,,0,100,,72414,1,,,0,100,,72417,1,,,0,100,,72421,1,,,0,100,,72418,1,,,0
3900,'5015',709,,72423,1,,,0,126,,72424,1,,,0,100,,72428,1,,,0,100,,72432,1,,,0,100,,72422,1,,,0,100,,72426,1,,,0,100,,72429,1,,,0,100,,72433,1,,,0,100,,72425,1,,,0,100,,72427,1,,,0,100,,72430,1,,,0,100,,72434,1,,,0,100,,72431,1,,,0
3900,'5222',643,,72456,7,,,0,77,,72443,7,,,0,33,,72457,7,,,0,67,,72444,7,,,0,30,,72441,7,,,0,76,,72435,7,,,0,28,,72451,7,,,0,69,,72442,7,,,0,30,,72436,7,,,0,70,,72453,7,,,0,30,,72445,7,,,0,70,,72437,7,,,0,31,,72452,7,,,0,70,,72446,7,,,0,30,,72439,7,,,0,71,,72454,7,,,0,32,,72447,7,,,0,73,,72438,7,,,0,74,,72455,7,,,0,34,,72448,7,,,0,71,,72440,7,,,0,29,,72458,7,,,0,73,,72449,7,,,0,40,,72461,7,,,0,76,,72450,7,,,0,83,,72460,7,,,0,107,,72459,7,,,0
3900,'5365',835,,72463,1,,,0,100,,72462,1,,,0,100,,72464,1,,,0,100,,72466,1,,,0,100,,72465,1,,,0,100,,72470,1,,,0,100,,72467,1,,,0,100,,72468,1,,,0,100,,72469,1,,,0,100,,72471,1,,,0,100,,72472,1,,,0,100,,72473,1,,,0
3900,'5390',835,,72475,1,,,0,100,,72474,1,,,0,100,,72476,1,,,0,100,,72478,1,,,0,100,,72477,1,,,0,100,,72482,1,,,0,100,,72479,1,,,0,100,,72480,1,,,0,100,,72481,1,,,0,100,,72483,1,,,0,100,,72484,1,,,0,100,,72485,1,,,0
