3800,'4744',620,,12784,,,0,22,,12804,,,0,11,,12785,,,0,53,,12786,,,0,12,,12789,,,0,23,,12787,,,0,69,,12788,,,0,40,,12805,,,0,70,,12790,,,0,100,,12791,,,0,100,,12792,,,0,102,,12793,,,0,102,,12794,,,0,94,,12795,,,0,39,,12806,,,0,71,,12796,,,0,31,,12797,,,0,73,,12798,,,0,72,,12799,,,0,34,,12800,,,0,82,,12802,,,0,103,,12801,,,0,102,,12803,,,0
3800,'4870',620,,12808,,,0,22,,12828,,,0,11,,12809,,,0,53,,12810,,,0,12,,12813,,,0,23,,12811,,,0,69,,12812,,,0,40,,12829,,,0,70,,12814,,,0,100,,12815,,,0,100,,12816,,,0,102,,12817,,,0,102,,12818,,,0,94,,12819,,,0,39,,12830,,,0,71,,12820,,,0,31,,12821,,,0,73,,12822,,,0,72,,12823,,,0,34,,12824,,,0,82,,12826,,,0,103,,12825,,,0,102,,12827,,,0
3800,'4875',620,,12832,,,0,22,,12852,,,0,11,,12833,,,0,53,,12834,,,0,12,,12837,,,0,23,,12835,,,0,69,,12836,,,0,40,,12853,,,0,70,,12838,,,0,100,,12839,,,0,100,,12840,,,0,102,,12841,,,0,102,,12842,,,0,94,,12843,,,0,39,,12854,,,0,71,,12844,,,0,31,,12845,,,0,73,,12846,,,0,72,,12847,,,0,34,,12848,,,0,82,,12850,,,0,103,,12849,,,0,102,,12851,,,0
3801,'4744',656,,12856,,,0,69,,12857,,,0,30,,12860,,,0,68,,12858,,,0,34,,12876,,,0,85,,12859,,,0,90,,12861,,,0,97,,12862,,,0,102,,12863,,,0,103,,12864,,,0,103,,12865,,,0,107,,12866,,,0,90,,12867,,,0,73,,12868,,,0,25,,12869,,,0,24,,12870,,,0,65,,12872,,,0,28,,12873,,,0,76,,12871,,,0,100,,12874,,,0,104,,12875,,,0
3801,'4870',656,,12877,,,0,69,,12878,,,0,30,,12881,,,0,68,,12879,,,0,34,,12897,,,0,85,,12880,,,0,90,,12882,,,0,97,,12883,,,0,102,,12884,,,0,103,,12885,,,0,103,,12886,,,0,107,,12887,,,0,90,,12888,,,0,73,,12889,,,0,25,,12890,,,0,24,,12891,,,0,65,,12893,,,0,28,,12894,,,0,76,,12892,,,0,100,,12895,,,0,104,,12896,,,0
3801,'4875',656,,12898,,,0,69,,12899,,,0,30,,12902,,,0,68,,12900,,,0,34,,12918,,,0,85,,12901,,,0,90,,12903,,,0,97,,12904,,,0,102,,12905,,,0,103,,12906,,,0,103,,12907,,,0,107,,12908,,,0,90,,12909,,,0,73,,12910,,,0,25,,12911,,,0,24,,12912,,,0,65,,12914,,,0,28,,12915,,,0,76,,12913,,,0,100,,12916,,,0,104,,12917,,,0
5200,'4744',707,,13872,,,0,26,,13893,,,0,68,,13879,,,0,36,,13873,,,0,66,,13884,,,0,512,,13891,,,0,36,,13886,,,0,72,,13887,,,0,33,,13903,,,0,70,,13888,,,0,29,,13890,,,0,67,,13889,,,0
5200,'4870',707,,13939,,,0,26,,13960,,,0,68,,13946,,,0,36,,13940,,,0,66,,13951,,,0,512,,13958,,,0,36,,13953,,,0,72,,13954,,,0,33,,13970,,,0,70,,13955,,,0,29,,13957,,,0,67,,13956,,,0
5200,'4875',707,,13978,,,0,26,,13999,,,0,68,,13985,,,0,36,,13979,,,0,66,,13990,,,0,512,,13997,,,0,36,,13992,,,0,72,,13993,,,0,33,,14009,,,0,70,,13994,,,0,29,,13996,,,0,67,,13995,,,0
5201,'4744',741,,14143,,,0,71,,14161,,,0,20,,14169,0,28 37 14,0,82,,14146,,,0,509,,14156,,,0,29,,14162,,,0,66,,14157,,,0,35,,14158,,,0,78,,14175,,,0,25,,14163,,,0,65,,14164,,,0
5201,'4870',741,,14210,,,0,71,,14228,,,0,20,,14236,0,28 37 14,0,82,,14213,,,0,509,,14223,,,0,29,,14229,,,0,66,,14224,,,0,35,,14225,,,0,78,,14242,,,0,25,,14230,,,0,65,,14231,,,0
5201,'4875',741,,14250,,,0,71,,14268,,,0,20,,14276,0,28 37 14,0,82,,14253,,,0,509,,14263,,,0,29,,14269,,,0,66,,14264,,,0,35,,14265,,,0,78,,14282,,,0,25,,14270,,,0,65,,14271,,,0
