7201,'5036',617,,46746,49,,,0,41,,46736,49,,,0,72,,46747,49,,,0,74,,46738,49,,,0,32,,46725,49,,,0,87,,46745,49,,,0,29,,46751,49,,,0,70,,46730,49,,,0,31,,46744,49,,,0,70,,46737,49,,,0,33,,46722,49,,,0,70,,46748,49,,,0,30,,46735,49,,,0,71,,46729,49,,,0,30,,46723,49,,,0,71,,46724,49,,,0,105,,46728,49,,,0,71,,46752,49,,,0,31,,46727,49,,,0,66,,46731,49,,,0,29,,46734,49,,,0,28,,46733,49,,,0,96,,46732,49,,,0,70,,46753,49,,,0,29,,46740,49,,,0,70,,46741,49,,,0,30,,46739,49,,,0,70,,46742,49,,,0,30,,46743,49,,,0,96,,46750,49,,,0,97,,46749,49,,,0,99,,46754,49,,,0
7201,'5040',617,,46782,49,,,0,41,,46772,49,,,0,72,,46783,49,,,0,74,,46774,49,,,0,32,,46758,49,,,0,20,,46760,49,,,0,67,,46781,49,,,0,29,,46787,49,,,0,70,,46765,49,,,0,31,,46780,49,,,0,70,,46773,49,,,0,33,,46755,49,,,0,70,,46784,49,,,0,30,,46771,49,,,0,71,,46764,49,,,0,30,,46756,49,,,0,71,,46757,49,,,0,75,,46759,49,,,0,30,,46763,49,,,0,71,,46788,49,,,0,31,,46762,49,,,0,66,,46766,49,,,0,29,,46770,49,,,0,28,,46768,49,,,0,69,,46769,49,,,0,27,,46767,49,,,0,70,,46789,49,,,0,29,,46776,49,,,0,70,,46777,49,,,0,30,,46775,49,,,0,70,,46778,49,,,0,30,,46779,49,,,0,96,,46786,49,,,0,97,,46785,49,,,0,99,,46790,49,,,0
7201,'5041',644,,46822,49,,,0,103,,46792,49,,,0,100,,46793,49,,,0,73,,46794,49,,,0,32,,46795,49,,,0,70,,46796,49,,,0,32,,46797,49,,,0,71,,46798,49,,,0,31,,46799,49,,,0,70,,46800,49,,,0,30,,46791,49,,,0,70,,46801,49,,,0,29,,46802,49,,,0,71,,46803,49,,,0,74,,46804,49,,,0,31,,46805,49,,,0,28,,46806,49,,,0,72,,46807,49,,,0,28,,46808,49,,,0,67,,46809,49,,,0,27,,46810,49,,,0,70,,46811,49,,,0,28,,46812,49,,,0,70,,46813,49,,,0,28,,46814,49,,,0,70,,46815,49,,,0,31,,46816,49,,,0,69,,46817,49,,,0,30,,46818,49,,,0,100,,46819,49,,,0,97,,46820,49,,,0,98,,46821,49,,,0
7201,'5074',856,,46823,49,,,0,644,,46824,49,,,0,327,,46825,49,,,0
7201,'5077',856,,46827,49,,,0,647,,46826,49,,,0,324,,46828,49,,,0
7201,'5078',746,,46830,49,,,0,101,,46831,49,,,0,101,,46832,49,,,0,106,,46833,49,,,0,100,,46834,49,,,0,70,,46835,49,,,0,30,,46829,49,,,0,70,,46836,49,,,0,30,,46837,49,,,0,70,,46839,49,,,0,30,,46840,49,,,0,71,,46841,49,,,0,29,,46838,49,,,0,70,,46842,49,,,0,29,,46843,49,,,0,70,,46844,49,,,0,34,,46845,49,,,0,68,,46846,49,,,0,31,,46847,49,,,0,69,,46848,49,,,0,30,,46849,49,,,0,69,,46850,49,,,0,30,,46851,49,,,0,70,,46852,49,,,0,29,,46853,49,,,0,95,,46854,49,,,0,98,,46855,49,,,0
7201,'5079',746,,46857,49,,,0,101,,46858,49,,,0,101,,46859,49,,,0,106,,46860,49,,,0,100,,46861,49,,,0,70,,46862,49,,,0,30,,46856,49,,,0,70,,46863,49,,,0,30,,46864,49,,,0,70,,46866,49,,,0,30,,46867,49,,,0,71,,46868,49,,,0,29,,46865,49,,,0,70,,46869,49,,,0,29,,46870,49,,,0,70,,46871,49,,,0,34,,46872,49,,,0,68,,46873,49,,,0,31,,46874,49,,,0,69,,46875,49,,,0,30,,46876,49,,,0,69,,46877,49,,,0,30,,46878,49,,,0,70,,46879,49,,,0,29,,46880,49,,,0,95,,46881,49,,,0,98,,46882,49,,,0
7501,'5036',611,,47038,44,,,0,30,,47039,44,,,0,63,,47040,44,,,0,21,,47041,44,,,0,24,,47042,44,,,0,66,,47043,44,,,0,19,,47044,44,,,0,16,,47045,44,,,0,68,,47046,44,,,0,32,,47047,46,,,0,79,,47048,46,,,0,30,,47049,46,,,0,74,,47050,46,,,0,68,,47051,46,,,0,30,,47052,46,,,0,71,,47053,46,,,0,30,,47054,46,,,0,70,,47055,46,,,0,33,,47056,46,,,0,72,,47057,46,,,0,27,,47076,20,,,0,6,,47058,46,,,0,19,,47074,46,,,0,44,,47075,20,,,0,6,,47059,46,,,0,19,,47060,46,,,0,14,,47061,46,,,0,9,,47062,44,,,0,49,,47063,25,,,0,3,,47077,20,,,0,7,,47064,46,,,0,27,,47065,46,,,0,67,,47066,46,,,0,29,,47067,46,,,0,99,,47068,46,,,0,96,,47069,46,,,0,100,,47070,46,,,0,98,,47071,46,,,0
7501,'5040',611,,47078,44,,,0,30,,47079,44,,,0,63,,47080,44,,,0,21,,47081,44,,,0,24,,47082,44,,,0,66,,47083,44,,,0,19,,47084,44,,,0,16,,47085,44,,,0,68,,47086,44,,,0,32,,47087,46,,,0,79,,47088,46,,,0,30,,47089,46,,,0,74,,47090,46,,,0,68,,47091,46,,,0,30,,47092,46,,,0,71,,47093,46,,,0,30,,47094,46,,,0,70,,47095,46,,,0,33,,47096,46,,,0,72,,47097,46,,,0,27,,47116,20,,,0,6,,47098,46,,,0,19,,47114,46,,,0,44,,47115,20,,,0,6,,47099,46,,,0,19,,47100,46,,,0,14,,47101,46,,,0,9,,47102,44,,,0,49,,47103,25,,,0,3,,47117,20,,,0,7,,47104,46,,,0,27,,47105,46,,,0,67,,47106,46,,,0,29,,47107,46,,,0,99,,47108,46,,,0,96,,47109,46,,,0,100,,47110,46,,,0,98,,47111,46,,,0
7501,'5041',814,,47119,44,,,0,101,,47120,44,,,0,113,,47121,46,,,0,72,,47144,25,,,0,32,,47122,46,,,0,68,,47141,25,,,0,33,,47123,46,,,0,70,,47124,46,,,0,30,,47125,46,,,0,70,,47126,46,,,0,30,,47127,46,,,0,74,,47128,46,,,0,30,,47129,46,,,0,70,,47130,46,,,0,30,,47131,46,,,0,70,,47132,46,,,0,30,,47133,46,,,0,67,,47142,25,,,0,29,,47134,46,,,0,25,,47143,25,,,0,69,,47135,46,,,0,99,,47136,46,,,0,100,,47137,46,,,0,100,,47138,46,,,0
7501,'5078',915,,47147,44,,,0,110,,47148,46,,,0,101,,47149,46,,,0,104,,47150,46,,,0,71,,47151,46,,,0,30,,47152,46,,,0,70,,47153,46,,,0,30,,47154,46,,,0,71,,47155,46,,,0,31,,47156,46,,,0,70,,47157,46,,,0,30,,47158,46,,,0,67,,47167,25,,,0,33,,47159,46,,,0,101,,47160,46,,,0,99,,47161,46,,,0,98,,47162,46,,,0,99,,47163,46,,,0,100,,47164,46,,,0
7501,'5079',915,,47170,44,,,0,110,,47171,46,,,0,101,,47172,46,,,0,104,,47173,46,,,0,71,,47174,46,,,0,30,,47175,46,,,0,70,,47176,46,,,0,30,,47177,46,,,0,71,,47178,46,,,0,31,,47179,46,,,0,70,,47180,46,,,0,30,,47181,46,,,0,67,,47190,25,,,0,33,,47182,46,,,0,101,,47183,46,,,0,99,,47184,46,,,0,98,,47185,46,,,0,99,,47186,46,,,0,100,,47187,46,,,0
