201,'4623',609,,63441,28,0,46 37,0,21,,63433,28,0,46 37,0,26,,63450,28,0,46 37,0,69,,63445,28,0,46 37,0,32,,63434,28,0,46 37,0,71,,63449,28,0,46 37,0,72,,63439,28,0,46 37,0,30,,63435,28,0,46 37,0,73,,63447,28,0,46 37,0,39,,63440,28,0,46 37,0,79,,63436,28,0,46 37,0,79,,63438,28,0,46 37,0,40,,63437,28,0,46 37,0,80,,63446,28,0,46 37,0,80,,63443,28,0,46 37,0,17,,63448,2,0,46 37,0,35,,63444,28,0,46 37,0,74,,63442,28,0,46 37,0,77,,63452,28,0,46 37,0,36,,63453,28,0,46 37,0,75,,63451,28,0,46 37,0,37,,63454,28,0,46 37,0,86,,63455,28,0,46 37,0,65,,63457,28,0,46 37,0,41,,63456,28,0,46 37,0,83,,63458,28,0,46 37,0,81,,63459,28,0,46 37,0,38,,63460,28,0,46 37,0,80,,63461,28,0,46 37,0,81,,63463,28,0,46 37,0,40,,63462,28,0,46 37,0,72,,63464,28,0,46 37,0,31,,63465,2,0,46 37,0
201,'4833',652,,63486,28,0,46 37,0,158,,63487,28,0,46 37,0,22,,63473,2,0,46 37,0,103,,63481,28,0,46 37,0,80,,63474,28,0,46 37,0,37,,63466,2,0,46 37,0,60,,63484,28,0,46 37,0,39,,63475,28,0,46 37,0,80,,63467,28,0,46 37,0,78,,63470,28,0,46 37,0,39,,63469,28,0,46 37,0,80,,63479,28,0,46 37,0,80,,63471,28,0,46 37,0,41,,63468,28,0,46 37,0,81,,63472,28,0,46 37,0,75,,63480,28,0,46 37,0,41,,63483,28,0,46 37,0,80,,63482,28,0,46 37,0,77,,63485,28,0,46 37,0,35,,63476,28,0,46 37,0,80,,63477,28,0,46 37,0,85,,63478,28,0,46 37,0,41,,63491,28,0,46 37,0,81,,63488,28,0,46 37,0,83,,63489,28,0,46 37,0,40,,63490,28,0,46 37,0,76,,63492,28,0,46 37,0,30,,63493,2,0,46 37,0
201,'5015',652,,63514,28,0,46 37,0,158,,63515,28,0,46 37,0,22,,63501,2,0,46 37,0,103,,63509,28,0,46 37,0,80,,63502,28,0,46 37,0,37,,63494,2,0,46 37,0,60,,63512,28,0,46 37,0,39,,63503,28,0,46 37,0,80,,63495,28,0,46 37,0,78,,63498,28,0,46 37,0,39,,63497,28,0,46 37,0,80,,63507,28,0,46 37,0,80,,63499,28,0,46 37,0,41,,63496,28,0,46 37,0,81,,63500,28,0,46 37,0,75,,63508,28,0,46 37,0,41,,63511,28,0,46 37,0,80,,63510,28,0,46 37,0,77,,63513,28,0,46 37,0,35,,63504,28,0,46 37,0,80,,63505,28,0,46 37,0,85,,63506,28,0,46 37,0,41,,63519,28,0,46 37,0,81,,63516,28,0,46 37,0,83,,63517,28,0,46 37,0,40,,63518,28,0,46 37,0,76,,63520,28,0,46 37,0,30,,63521,2,0,46 37,0
201,'5222',609,,63530,28,0,46 37,0,21,,63522,28,0,46 37,0,26,,63539,28,0,46 37,0,69,,63534,28,0,46 37,0,32,,63523,28,0,46 37,0,71,,63538,28,0,46 37,0,72,,63528,28,0,46 37,0,30,,63524,28,0,46 37,0,73,,63536,28,0,46 37,0,39,,63529,28,0,46 37,0,79,,63525,28,0,46 37,0,79,,63527,28,0,46 37,0,40,,63526,28,0,46 37,0,80,,63535,28,0,46 37,0,80,,63532,28,0,46 37,0,17,,63537,2,0,46 37,0,35,,63533,28,0,46 37,0,74,,63531,28,0,46 37,0,77,,63541,28,0,46 37,0,36,,63542,28,0,46 37,0,75,,63540,28,0,46 37,0,37,,63543,28,0,46 37,0,86,,63544,28,0,46 37,0,65,,63546,28,0,46 37,0,41,,63545,28,0,46 37,0,83,,63547,28,0,46 37,0,81,,63548,28,0,46 37,0,38,,63549,28,0,46 37,0,80,,63550,28,0,46 37,0,81,,63552,28,0,46 37,0,40,,63551,28,0,46 37,0,72,,63553,28,0,46 37,0
201,'5365',638,,63568,28,0,46 37,0,120,,63575,28,0,46 37,0,158,,63569,28,0,46 37,0,99,,63556,2,0,46 37,0,37,,63576,28,0,46 37,0,60,,63554,2,0,46 37,0,40,,63555,28,0,46 37,0,79,,63566,28,0,46 37,0,79,,63562,28,0,46 37,0,40,,63561,28,0,46 37,0,80,,63557,28,0,46 37,0,80,,63558,28,0,46 37,0,40,,63567,28,0,46 37,0,81,,63563,28,0,46 37,0,76,,63559,28,0,46 37,0,40,,63560,28,0,46 37,0,81,,63564,28,0,46 37,0,77,,63573,28,0,46 37,0,40,,63565,28,0,46 37,0,80,,63572,28,0,46 37,0,81,,63571,28,0,46 37,0,40,,63574,28,0,46 37,0,81,,63570,28,0,46 37,0,81,,63577,28,0,46 37,0,41,,63578,28,0,46 37,0
201,'5390',638,,63593,28,0,46 37,0,120,,63600,28,0,46 37,0,158,,63594,28,0,46 37,0,99,,63581,2,0,46 37,0,37,,63601,28,0,46 37,0,60,,63579,2,0,46 37,0,40,,63580,28,0,46 37,0,79,,63591,28,0,46 37,0,79,,63587,28,0,46 37,0,40,,63586,28,0,46 37,0,80,,63582,28,0,46 37,0,80,,63583,28,0,46 37,0,40,,63592,28,0,46 37,0,81,,63588,28,0,46 37,0,76,,63584,28,0,46 37,0,40,,63585,28,0,46 37,0,81,,63589,28,0,46 37,0,77,,63598,28,0,46 37,0,40,,63590,28,0,46 37,0,80,,63597,28,0,46 37,0,81,,63596,28,0,46 37,0,40,,63599,28,0,46 37,0,81,,63595,28,0,46 37,0,81,,63602,28,0,46 37,0,41,,63603,28,0,46 37,0
300,'4623',626,,63632,33,,,0,74,,63631,35,,,0,36,,63630,33,,,0,81,,63629,35,,,0,37,,63628,33,,,0,75,,63627,35,,,0,30,,63620,37,,,0,69,,63621,35,,,0,30,,63619,37,,,0,70,,63618,35,,,0,30,,63624,37,,,0,75,,63616,35,,,0,70,,63617,37,,,0,30,,63623,35,,,0,71,,63615,37,,,0,33,,63614,35,,,0,75,,63622,37,,,0,35,,63613,35,,,0,74,,63612,35,,,0,33,,63625,35,,,0,73,,63611,33,,,0,74,,63610,35,,,0,27,,63626,33,,,0,30,,63609,35,,,0,70,,63608,33,,,0,25,,63606,35,,,0,65,,63605,33,,,0,30,,63604,35,,,0
300,'4833',704,,63656,33,,,0,30,,63639,35,,,0,69,,63633,33,,,0,30,,63648,35,,,0,70,,63641,33,,,0,30,,63658,35,,,0,70,,63647,33,,,0,30,,63634,35,,,0,69,,63655,37,,,0,30,,63646,35,,,0,70,,63637,37,,,0,30,,63659,35,,,0,70,,63649,37,,,0,31,,63636,35,,,0,69,,63643,37,,,0,34,,63635,35,,,0,69,,63642,37,,,0,40,,63640,35,,,0,70,,63644,33,,,0,38,,63638,35,,,0,64,,63645,33,,,0,36,,63651,35,,,0,68,,63652,33,,,0,32,,63650,35,,,0,65,,63653,33,,,0,30,,63654,35,,,0,70,,63660,33,,,0,30,,63657,35,,,0
300,'5015',704,,63685,33,,,0,30,,63668,35,,,0,69,,63662,33,,,0,30,,63677,35,,,0,70,,63670,33,,,0,30,,63687,35,,,0,70,,63676,33,,,0,30,,63663,35,,,0,69,,63684,37,,,0,30,,63675,35,,,0,70,,63666,37,,,0,30,,63688,35,,,0,70,,63678,37,,,0,31,,63665,35,,,0,69,,63672,37,,,0,34,,63664,35,,,0,69,,63671,37,,,0,40,,63669,35,,,0,70,,63673,33,,,0,38,,63667,35,,,0,64,,63674,33,,,0,36,,63680,35,,,0,68,,63681,33,,,0,32,,63679,35,,,0,65,,63682,33,,,0,30,,63683,35,,,0,70,,63689,33,,,0,30,,63686,35,,,0
300,'5222',626,,63719,33,,,0,74,,63718,35,,,0,36,,63717,33,,,0,81,,63716,35,,,0,37,,63715,33,,,0,75,,63714,35,,,0,30,,63707,37,,,0,69,,63708,35,,,0,30,,63706,37,,,0,70,,63705,35,,,0,30,,63711,37,,,0,75,,63703,35,,,0,70,,63704,37,,,0,30,,63710,35,,,0,71,,63702,37,,,0,33,,63701,35,,,0,75,,63709,37,,,0,35,,63700,35,,,0,74,,63699,35,,,0,33,,63712,35,,,0,73,,63698,33,,,0,74,,63697,35,,,0,27,,63713,33,,,0,30,,63696,35,,,0,70,,63695,33,,,0,25,,63693,35,,,0,65,,63692,33,,,0,30,,63691,35,,,0
300,'5365',718,,63734,33,,,0,85,,63722,35,,,0,40,,63735,33,,,0,85,,63729,35,,,0,75,,63733,33,,,0,40,,63720,35,,,0,59,,63730,33,,,0,31,,63725,35,,,0,69,,63721,33,,,0,30,,63726,35,,,0,70,,63724,33,,,0,30,,63723,35,,,0,70,,63727,33,,,0,37,,63728,35,,,0,67,,63731,33,,,0,41,,63732,35,,,0,65,,63739,33,,,0,33,,63736,35,,,0,68,,63737,33,,,0,30,,63738,35,,,0,70,,63741,33,,,0,30,,63740,35,,,0,70,,63742,33,,,0,35,,63743,35,,,0
300,'5390',718,,63759,33,,,0,85,,63747,35,,,0,40,,63760,33,,,0,85,,63754,35,,,0,75,,63758,33,,,0,40,,63745,35,,,0,59,,63755,33,,,0,31,,63750,35,,,0,69,,63746,33,,,0,30,,63751,35,,,0,70,,63749,33,,,0,30,,63748,35,,,0,70,,63752,33,,,0,37,,63753,35,,,0,67,,63756,33,,,0,41,,63757,35,,,0,65,,63764,33,,,0,33,,63761,35,,,0,68,,63762,33,,,0,30,,63763,35,,,0,70,,63766,33,,,0,30,,63765,35,,,0,70,,63767,33,,,0,35,,63768,35,,,0
501,'4623',641,,64775,23,,,0,71,,64780,23,,,0,28,,64772,23,,,0,72,,64774,23,,,0,32,,64778,23,,,0,71,,64773,23,,,0,30,,64776,23,,,0,77,,64779,23,,,0,80,,64777,23,,,0,39,,64787,23,,,0,79,,64782,23,,,0,80,,64783,23,,,0,40,,64781,23,,,0,94,,64784,23,,,0,76,,64786,23,,,0,35,,64785,23,,,0,77,,64788,23,,,0,34,,64792,23,,,0,75,,64790,23,,,0,81,,64791,23,,,0,110,,64789,23,,,0,82,,64793,23,,,0,42,,64794,23,,,0
501,'4833',731,,64803,23,,,0,120,,64805,23,,,0,60,,64797,2,,,0,44,,64802,23,,,0,79,,64796,23,,,0,98,,64804,23,,,0,79,,64795,23,,,0,39,,64811,23,,,0,78,,64800,23,,,0,79,,64801,23,,,0,41,,64798,23,,,0,80,,64799,23,,,0,81,,64809,23,,,0,41,,64812,23,,,0,75,,64808,23,,,0,81,,64810,23,,,0,37,,64814,23,,,0,75,,64813,23,,,0,40,,64806,23,,,0,85,,64807,23,,,0
501,'5015',731,,64823,23,,,0,120,,64825,23,,,0,60,,64817,2,,,0,44,,64822,23,,,0,79,,64816,23,,,0,98,,64824,23,,,0,79,,64815,23,,,0,39,,64831,23,,,0,78,,64820,23,,,0,79,,64821,23,,,0,41,,64818,23,,,0,80,,64819,23,,,0,81,,64829,23,,,0,41,,64832,23,,,0,75,,64828,23,,,0,81,,64830,23,,,0,37,,64834,23,,,0,75,,64833,23,,,0,40,,64826,23,,,0,85,,64827,23,,,0
501,'5222',641,,64838,23,,,0,71,,64843,23,,,0,28,,64835,23,,,0,72,,64837,23,,,0,32,,64841,23,,,0,71,,64836,23,,,0,30,,64839,23,,,0,77,,64842,23,,,0,80,,64840,23,,,0,39,,64850,23,,,0,79,,64845,23,,,0,80,,64846,23,,,0,40,,64844,23,,,0,94,,64847,23,,,0,76,,64849,23,,,0,35,,64848,23,,,0,77,,64851,23,,,0,34,,64855,23,,,0,75,,64853,23,,,0,81,,64854,23,,,0,110,,64852,23,,,0,82,,64856,23,,,0,42,,64857,23,,,0
501,'5365',718,,64872,23,,,0,119,,64871,23,,,0,118,,64870,23,,,0,79,,64864,23,,,0,98,,64867,23,,,0,79,,64863,23,,,0,40,,64859,23,,,0,79,,64858,23,,,0,80,,64874,23,,,0,40,,64866,23,,,0,80,,64862,23,,,0,80,,64861,23,,,0,42,,64860,23,,,0,75,,64873,23,,,0,80,,64868,23,,,0,36,,64865,23,,,0,82,,64869,23,,,0
501,'5390',718,,64889,23,,,0,119,,64888,23,,,0,118,,64887,23,,,0,79,,64881,23,,,0,98,,64884,23,,,0,79,,64880,23,,,0,40,,64876,23,,,0,79,,64875,23,,,0,80,,64891,23,,,0,40,,64883,23,,,0,80,,64879,23,,,0,80,,64878,23,,,0,42,,64877,23,,,0,75,,64890,23,,,0,80,,64885,23,,,0,36,,64882,23,,,0,82,,64886,23,,,0
1001,'4623',622,,66237,22,0,46 37,0,82,,66236,22,0,46 37,0,36,,66228,22,0,46 37,0,76,,66227,22,0,46 37,0,84,,66230,22,0,46 37,0,40,,66226,22,0,46 37,0,95,,66235,22,0,46 37,0,115,,66231,22,0,46 37,0,90,,66225,22,0,46 37,0,75,,66229,22,0,46 37,0,86,,66224,22,0,46 37,0,42,,66234,22,0,46 37,0,95,,66223,22,0,46 37,0,81,,66232,22,0,46 37,0,88,,66222,22,0,46 37,0,40,,66233,22,0,46 37,0,61,,66221,22,0,46 37,0,31,,66218,22,0,46 37,0,96,,66220,22,0,46 37,0,101,,66219,22,0,46 37,0
1001,'4833',719,,66247,22,0,46 37,0,101,,66250,22,0,46 37,0,101,,66238,22,0,46 37,0,96,,66242,22,0,46 37,0,108,,66244,22,0,46 37,0,110,,66243,22,0,46 37,0,96,,66240,22,0,46 37,0,100,,66239,22,0,46 37,0,100,,66241,22,0,46 37,0,103,,66245,22,0,46 37,0,103,,66246,22,0,46 37,0,100,,66248,22,0,46 37,0,99,,66249,22,0,46 37,0,99,,66251,22,0,46 37,0
1001,'5015',719,,66261,22,0,46 37,0,101,,66264,22,0,46 37,0,101,,66252,22,0,46 37,0,96,,66256,22,0,46 37,0,108,,66258,22,0,46 37,0,110,,66257,22,0,46 37,0,96,,66254,22,0,46 37,0,100,,66253,22,0,46 37,0,100,,66255,22,0,46 37,0,103,,66259,22,0,46 37,0,103,,66260,22,0,46 37,0,100,,66262,22,0,46 37,0,99,,66263,22,0,46 37,0,99,,66265,22,0,46 37,0
1001,'5222',622,,66285,22,0,46 37,0,82,,66284,22,0,46 37,0,36,,66276,22,0,46 37,0,76,,66275,22,0,46 37,0,84,,66278,22,0,46 37,0,40,,66274,22,0,46 37,0,95,,66283,22,0,46 37,0,115,,66279,22,0,46 37,0,90,,66273,22,0,46 37,0,75,,66277,22,0,46 37,0,86,,66272,22,0,46 37,0,42,,66282,22,0,46 37,0,95,,66271,22,0,46 37,0,81,,66280,22,0,46 37,0,88,,66270,22,0,46 37,0,40,,66281,22,0,46 37,0,61,,66269,22,0,46 37,0,31,,66266,22,0,46 37,0,96,,66268,22,0,46 37,0,101,,66267,22,0,46 37,0
1001,'5365',720,,66291,22,0,46 37,0,100,,66290,22,0,46 37,0,99,,66287,22,0,46 37,0,104,,66288,22,0,46 37,0,100,,66294,22,0,46 37,0,110,,66293,22,0,46 37,0,90,,66286,22,0,46 37,0,107,,66289,22,0,46 37,0,100,,66292,22,0,46 37,0,99,,66296,22,0,46 37,0,103,,66295,22,0,46 37,0,105,,66297,22,0,46 37,0,99,,66298,22,0,46 37,0
1001,'5390',720,,66305,22,0,46 37,0,100,,66304,22,0,46 37,0,99,,66301,22,0,46 37,0,104,,66302,22,0,46 37,0,100,,66308,22,0,46 37,0,110,,66307,22,0,46 37,0,90,,66300,22,0,46 37,0,107,,66303,22,0,46 37,0,100,,66306,22,0,46 37,0,99,,66310,22,0,46 37,0,103,,66309,22,0,46 37,0,105,,66311,22,0,46 37,0,99,,66312,22,0,46 37,0
3001,'4623',628,,71560,31,,,0,31,,71561,31,,,0,75,,71562,31,,,0,69,,71563,31,,,0,30,,71564,31,,,0,73,,71565,31,,,0,27,,71566,31,,,0,70,,71567,31,,,0,29,,71568,31,,,0,71,,71569,31,,,0,31,,71570,31,,,0,70,,71571,31,,,0,32,,71572,31,,,0,70,,71573,31,,,0,30,,71574,31,,,0,71,,71575,31,,,0,30,,71576,31,,,0,71,,71577,31,,,0,35,,71578,31,,,0,72,,71579,31,,,0,33,,71580,31,,,0,72,,71581,31,,,0,31,,71582,31,,,0,68,,71583,31,,,0,27,,71584,31,,,0,75,,71585,31,,,0,79,,71586,31,,,0,37,,71587,31,,,0,94,,71588,31,,,0,99,,71589,31,,,0,108,,71590,31,,,0,90,,71591,31,,,0
3001,'4833',655,,71593,31,,,0,88,,71594,31,,,0,81,,71595,31,,,0,33,,71592,31,,,0,71,,71596,31,,,0,72,,71597,31,,,0,32,,71598,31,,,0,69,,71599,31,,,0,30,,71600,31,,,0,70,,71601,31,,,0,30,,71602,31,,,0,69,,71603,31,,,0,29,,71604,31,,,0,30,,71605,31,,,0,70,,71606,31,,,0,30,,71607,31,,,0,70,,71608,31,,,0,30,,71609,31,,,0,71,,71610,31,,,0,70,,71611,31,,,0,30,,71612,31,,,0,70,,71613,31,,,0,35,,71614,31,,,0,80,,71615,31,,,0,40,,71616,31,,,0,80,,71617,31,,,0,95,,71618,31,,,0,100,,71619,31,,,0,110,,71620,31,,,0,91,,71621,31,,,0
3001,'5015',655,,71623,31,,,0,88,,71624,31,,,0,81,,71625,31,,,0,33,,71622,31,,,0,71,,71626,31,,,0,72,,71627,31,,,0,32,,71628,31,,,0,69,,71629,31,,,0,30,,71630,31,,,0,70,,71631,31,,,0,30,,71632,31,,,0,69,,71633,31,,,0,29,,71634,31,,,0,30,,71635,31,,,0,70,,71636,31,,,0,30,,71637,31,,,0,70,,71638,31,,,0,30,,71639,31,,,0,71,,71640,31,,,0,70,,71641,31,,,0,30,,71642,31,,,0,70,,71643,31,,,0,35,,71644,31,,,0,80,,71645,31,,,0,40,,71646,31,,,0,80,,71647,31,,,0,95,,71648,31,,,0,100,,71649,31,,,0,110,,71650,31,,,0,91,,71651,31,,,0
3001,'5222',628,,71652,31,,,0,31,,71653,31,,,0,75,,71654,31,,,0,69,,71655,31,,,0,30,,71656,31,,,0,73,,71657,31,,,0,27,,71658,31,,,0,70,,71659,31,,,0,29,,71660,31,,,0,71,,71661,31,,,0,31,,71662,31,,,0,70,,71663,31,,,0,32,,71664,31,,,0,70,,71665,31,,,0,30,,71666,31,,,0,71,,71667,31,,,0,30,,71668,31,,,0,71,,71669,31,,,0,35,,71670,31,,,0,72,,71671,31,,,0,33,,71672,31,,,0,72,,71673,31,,,0,31,,71674,31,,,0,68,,71675,31,,,0,27,,71676,31,,,0,75,,71677,31,,,0,79,,71678,31,,,0,37,,71679,31,,,0,94,,71680,31,,,0,99,,71681,31,,,0,108,,71682,31,,,0,90,,71683,31,,,0
3001,'5365',756,,71684,31,,,0,102,,71685,31,,,0,82,,71686,31,,,0,80,,71687,31,,,0,39,,71688,31,,,0,70,,71689,31,,,0,30,,71690,31,,,0,70,,71691,31,,,0,30,,71692,31,,,0,70,,71693,31,,,0,30,,71694,31,,,0,70,,71695,31,,,0,30,,71696,31,,,0,70,,71697,31,,,0,30,,71698,31,,,0,70,,71699,31,,,0,30,,71700,31,,,0,70,,71701,31,,,0,71,,71702,31,,,0,35,,71703,31,,,0,80,,71704,31,,,0,40,,71705,31,,,0,80,,71706,31,,,0,95,,71707,31,,,0,100,,71708,31,,,0,106,,71709,31,,,0,104,,71710,31,,,0
3001,'5390',756,,71711,31,,,0,102,,71712,31,,,0,82,,71713,31,,,0,80,,71714,31,,,0,39,,71715,31,,,0,70,,71716,31,,,0,30,,71717,31,,,0,70,,71718,31,,,0,30,,71719,31,,,0,70,,71720,31,,,0,30,,71721,31,,,0,70,,71722,31,,,0,30,,71723,31,,,0,70,,71724,31,,,0,30,,71725,31,,,0,70,,71726,31,,,0,30,,71727,31,,,0,70,,71728,31,,,0,71,,71729,31,,,0,35,,71730,31,,,0,80,,71731,31,,,0,40,,71732,31,,,0,80,,71733,31,,,0,95,,71734,31,,,0,100,,71735,31,,,0,106,,71736,31,,,0,104,,71737,31,,,0
3101,'4623',608,,71919,27,,,0,36,,71920,27,,,0,75,,71921,27,,,0,29,,71922,27,,,0,70,,71918,27,,,0,30,,71923,27,,,0,70,,71924,27,,,0,30,,71925,27,,,0,69,,71926,27,,,0,30,,71927,27,,,0,69,,71928,27,,,0,33,,71929,27,,,0,71,,71930,27,,,0,31,,71931,27,,,0,70,,71932,27,,,0,30,,71933,27,,,0,71,,71934,27,,,0,29,,71935,27,,,0,74,,71936,27,,,0,33,,71937,27,,,0,71,,71938,27,,,0,76,,71939,27,,,0,31,,71940,27,,,0,68,,71941,27,,,0,29,,71942,27,,,0,68,,71943,27,,,0,41,,71944,27,,,0,73,,71945,27,,,0,86,,71946,27,,,0,100,,71947,27,,,0,99,,71948,27,,,0,101,,71949,27,,,0
3101,'4833',716,,71951,27,,,0,87,,71952,27,,,0,38,,71953,27,,,0,71,,71954,27,,,0,32,,71955,27,,,0,72,,71956,27,,,0,30,,71957,27,,,0,70,,71958,27,,,0,30,,71959,27,,,0,70,,71960,27,,,0,29,,71961,27,,,0,69,,71962,27,,,0,30,,71963,27,,,0,70,,71964,27,,,0,30,,71965,27,,,0,70,,71966,27,,,0,30,,71967,27,,,0,71,,71968,27,,,0,30,,71969,27,,,0,70,,71970,27,,,0,30,,71971,27,,,0,70,,71972,27,,,0,40,,71973,27,,,0,80,,71974,27,,,0,80,,71975,27,,,0,85,,71976,27,,,0,100,,71977,27,,,0,100,,71978,27,,,0,110,,71979,27,,,0
3101,'5015',716,,71981,27,,,0,87,,71982,27,,,0,38,,71983,27,,,0,71,,71984,27,,,0,32,,71985,27,,,0,72,,71986,27,,,0,30,,71987,27,,,0,70,,71988,27,,,0,30,,71989,27,,,0,70,,71990,27,,,0,29,,71991,27,,,0,69,,71992,27,,,0,30,,71993,27,,,0,70,,71994,27,,,0,30,,71995,27,,,0,70,,71996,27,,,0,30,,71997,27,,,0,71,,71998,27,,,0,30,,71999,27,,,0,70,,72000,27,,,0,30,,72001,27,,,0,70,,72002,27,,,0,40,,72003,27,,,0,80,,72004,27,,,0,80,,72005,27,,,0,85,,72006,27,,,0,100,,72007,27,,,0,100,,72008,27,,,0,110,,72009,27,,,0
3101,'5222',608,,72012,27,,,0,36,,72013,27,,,0,75,,72014,27,,,0,29,,72015,27,,,0,70,,72011,27,,,0,30,,72016,27,,,0,70,,72017,27,,,0,30,,72018,27,,,0,69,,72019,27,,,0,30,,72020,27,,,0,69,,72021,27,,,0,33,,72022,27,,,0,71,,72023,27,,,0,31,,72024,27,,,0,70,,72025,27,,,0,30,,72026,27,,,0,71,,72027,27,,,0,29,,72028,27,,,0,74,,72029,27,,,0,33,,72030,27,,,0,71,,72031,27,,,0,76,,72032,27,,,0,31,,72033,27,,,0,68,,72034,27,,,0,29,,72035,27,,,0,68,,72036,27,,,0,41,,72037,27,,,0,73,,72038,27,,,0,86,,72039,27,,,0,100,,72040,27,,,0,99,,72041,27,,,0,101,,72042,27,,,0
3101,'5365',726,,72045,27,,,0,102,,72046,27,,,0,92,,72047,27,,,0,80,,72048,27,,,0,39,,72044,27,,,0,75,,72049,27,,,0,30,,72050,27,,,0,70,,72051,27,,,0,30,,72052,27,,,0,70,,72053,27,,,0,30,,72054,27,,,0,70,,72055,27,,,0,30,,72056,27,,,0,70,,72057,27,,,0,30,,72058,27,,,0,70,,72059,27,,,0,30,,72060,27,,,0,70,,72061,27,,,0,31,,72062,27,,,0,70,,72063,27,,,0,40,,72064,27,,,0,80,,72065,27,,,0,80,,72066,27,,,0,87,,72067,27,,,0,98,,72068,27,,,0,100,,72069,27,,,0,105,,72070,27,,,0
3101,'5390',726,,72072,27,,,0,102,,72073,27,,,0,92,,72074,27,,,0,80,,72075,27,,,0,39,,72071,27,,,0,75,,72076,27,,,0,30,,72077,27,,,0,70,,72078,27,,,0,30,,72079,27,,,0,70,,72080,27,,,0,30,,72081,27,,,0,70,,72082,27,,,0,30,,72083,27,,,0,70,,72084,27,,,0,30,,72085,27,,,0,70,,72086,27,,,0,30,,72087,27,,,0,70,,72088,27,,,0,31,,72089,27,,,0,70,,72090,27,,,0,40,,72091,27,,,0,80,,72092,27,,,0,80,,72093,27,,,0,87,,72094,27,,,0,98,,72095,27,,,0,100,,72096,27,,,0,105,,72097,27,,,0
3201,'4623',731,,72186,36,,,0,84,,72188,36,,,0
3201,'5222',731,,72234,36,,,0,84,,72236,36,,,0
4700,'4623',711,,72836,52,,,0,30,,72835,52,,,0,69,,72834,52,,,0
4700,'5222',711,,72839,52,,,0,30,,72838,52,,,0,69,,72837,52,,,0
4800,'4623',711,,72848,56,,,0,29,,72847,56,,,0,70,,72846,56,,,0
4800,'5222',711,,72851,56,,,0,29,,72850,56,,,0,70,,72849,56,,,0
5300,'4623',746,,73343,49,,,0
5300,'5222',746,,73368,49,,,0
6100,'4623',612,,74420,76,,,0,45,,74400,76,,,0,56,,74421,76,,,0,23,,74402,76,,,0,66,,74398,76,,,0,19,,74389,76,,,0,18,,74397,76,,,0,68,,74392,76,,,0
6100,'5222',612,,74514,76,,,0,45,,74494,76,,,0,56,,74515,76,,,0,23,,74496,76,,,0,66,,74492,76,,,0,19,,74483,76,,,0,18,,74491,76,,,0,68,,74486,76,,,0
6500,'4623',637,,74769,61,,,0,106,,74768,61,,,0,68,,74767,61,,,0,41,,74766,61,,,0
6500,'5222',637,,74773,61,,,0,106,,74772,61,,,0,68,,74771,61,,,0,41,,74770,61,,,0
7001,'4623',746,,74935,19,,,0,106,,74929,19,,,0,99,,74938,19,,,0,101,,74930,19,,,0,105,,74931,19,,,0,101,,74944,19,,,0,98,,74942,19,,,0,146,,74932,19,,,0,104,,74937,19,,,0,97,,74940,19,,,0,27,,74933,19,,,0,71,,74934,19,,,0,54,,74936,19,,,0,95,,74939,19,,,0,99,,74946,19,,,0,101,,74941,19,,,0,97,,74945,19,,,0,100,,74943,19,,,0
7001,'4833',948,,74947,19,,,0,103,,74948,19,,,0,102,,74949,19,,,0,103,,74950,19,,,0,101,,74951,19,,,0,144,,74952,19,,,0,58,,74953,19,,,0,97,,74954,19,,,0,96,,74955,19,,,0,95,,74956,19,,,0,100,,74957,19,,,0,99,,74960,19,,,0,98,,74958,19,,,0,103,,74961,19,,,0,96,,74959,19,,,0
7001,'5015',948,,74962,19,,,0,103,,74963,19,,,0,102,,74964,19,,,0,103,,74965,19,,,0,101,,74966,19,,,0,144,,74967,19,,,0,58,,74968,19,,,0,97,,74969,19,,,0,96,,74970,19,,,0,95,,74971,19,,,0,100,,74972,19,,,0,99,,74975,19,,,0,98,,74973,19,,,0,103,,74976,19,,,0,96,,74974,19,,,0
7001,'5222',746,,74983,19,,,0,106,,74977,19,,,0,99,,74986,19,,,0,101,,74978,19,,,0,105,,74979,19,,,0,101,,74992,19,,,0,98,,74990,19,,,0,146,,74980,19,,,0,104,,74985,19,,,0,97,,74988,19,,,0,27,,74981,19,,,0,71,,74982,19,,,0,54,,74984,19,,,0,95,,74987,19,,,0,99,,74994,19,,,0,101,,74989,19,,,0,97,,74993,19,,,0,100,,74991,19,,,0
7001,'5365',946,,74995,19,,,0,100,,75009,19,,,0,102,,74996,19,,,0,100,,74997,19,,,0,105,,74998,19,,,0,100,,74999,19,,,0,103,,75000,19,,,0,95,,75001,19,,,0,102,,75002,19,,,0,96,,75003,19,,,0,100,,75004,19,,,0,100,,75005,19,,,0,99,,75006,19,,,0,101,,75010,19,,,0,97,,75007,19,,,0,95,,75008,19,,,0
7001,'5390',946,,75011,19,,,0,100,,75025,19,,,0,102,,75012,19,,,0,100,,75013,19,,,0,105,,75014,19,,,0,100,,75015,19,,,0,103,,75016,19,,,0,95,,75017,19,,,0,102,,75018,19,,,0,96,,75019,19,,,0,100,,75020,19,,,0,100,,75021,19,,,0,99,,75022,19,,,0,101,,75026,19,,,0,97,,75023,19,,,0,95,,75024,19,,,0
7101,'4623',648,,75035,39,,,0,72,,75034,39,,,0,91,,75033,39,,,0
7101,'5222',648,,75038,39,,,0,72,,75037,39,,,0,91,,75036,39,,,0
7201,'4623',630,,75253,60,,,0,82,,75243,60,,,0,33,,75254,60,,,0,75,,75245,60,,,0,33,,75230,60,,,0,60,,75231,60,,,0,27,,75252,60,,,0,69,,75258,60,,,0,30,,75236,60,,,0,71,,75251,60,,,0,31,,75244,60,,,0,75,,75227,60,,,0,30,,75255,60,,,0,70,,75242,60,,,0,31,,75234,60,,,0,70,,75228,60,,,0,31,,75229,60,,,0,73,,75235,60,,,0,34,,75233,60,,,0,71,,75259,60,,,0,31,,75232,60,,,0,65,,75237,60,,,0,27,,75241,60,,,0,67,,75239,60,,,0,29,,75240,60,,,0,67,,75238,60,,,0,28,,75260,60,,,0,68,,75247,60,,,0,30,,75248,60,,,0,70,,75246,60,,,0,30,,75249,60,,,0,70,,75250,60,,,0,96,,75257,60,,,0,55,,75256,60,,,0,98,,75261,60,,,0
7201,'4833',657,,75293,60,,,0,145,,75263,60,,,0,100,,75264,60,,,0,33,,75265,60,,,0,73,,75266,60,,,0,30,,75267,60,,,0,73,,75268,60,,,0,31,,75269,60,,,0,71,,75270,60,,,0,30,,75271,60,,,0,73,,75262,60,,,0,30,,75272,60,,,0,70,,75273,60,,,0,31,,75274,60,,,0,75,,75275,60,,,0,29,,75276,60,,,0,68,,75277,60,,,0,32,,75278,60,,,0,68,,75279,60,,,0,26,,75280,60,,,0,65,,75281,60,,,0,30,,75282,60,,,0,68,,75283,60,,,0,29,,75284,60,,,0,68,,75285,60,,,0,30,,75286,60,,,0,71,,75287,60,,,0,28,,75288,60,,,0,70,,75289,60,,,0,100,,75290,60,,,0,96,,75291,60,,,0,56,,75292,60,,,0
7201,'5015',657,,75325,60,,,0,145,,75295,60,,,0,100,,75296,60,,,0,33,,75297,60,,,0,73,,75298,60,,,0,30,,75299,60,,,0,73,,75300,60,,,0,31,,75301,60,,,0,71,,75302,60,,,0,30,,75303,60,,,0,73,,75294,60,,,0,30,,75304,60,,,0,70,,75305,60,,,0,31,,75306,60,,,0,75,,75307,60,,,0,29,,75308,60,,,0,68,,75309,60,,,0,32,,75310,60,,,0,68,,75311,60,,,0,26,,75312,60,,,0,65,,75313,60,,,0,30,,75314,60,,,0,68,,75315,60,,,0,29,,75316,60,,,0,68,,75317,60,,,0,30,,75318,60,,,0,71,,75319,60,,,0,28,,75320,60,,,0,70,,75321,60,,,0,100,,75322,60,,,0,96,,75323,60,,,0,56,,75324,60,,,0
7201,'5222',630,,75352,60,,,0,82,,75342,60,,,0,33,,75353,60,,,0,75,,75344,60,,,0,33,,75329,60,,,0,60,,75330,60,,,0,27,,75351,60,,,0,69,,75357,60,,,0,30,,75335,60,,,0,71,,75350,60,,,0,31,,75343,60,,,0,75,,75326,60,,,0,30,,75354,60,,,0,70,,75341,60,,,0,31,,75333,60,,,0,70,,75327,60,,,0,31,,75328,60,,,0,73,,75334,60,,,0,34,,75332,60,,,0,71,,75358,60,,,0,31,,75331,60,,,0,65,,75336,60,,,0,27,,75340,60,,,0,67,,75338,60,,,0,29,,75339,60,,,0,67,,75337,60,,,0,28,,75359,60,,,0,68,,75346,60,,,0,30,,75347,60,,,0,70,,75345,60,,,0,30,,75348,60,,,0,70,,75349,60,,,0,96,,75356,60,,,0,55,,75355,60,,,0,98,,75360,60,,,0
7201,'5365',800,,75362,60,,,0,102,,75363,60,,,0,102,,75364,60,,,0,106,,75365,60,,,0,101,,75367,60,,,0,31,,75368,60,,,0,70,,75361,60,,,0,31,,75366,60,,,0,70,,75369,60,,,0,31,,75371,60,,,0,69,,75372,60,,,0,31,,75373,60,,,0,69,,75370,60,,,0,29,,75374,60,,,0,69,,75375,60,,,0,30,,75376,60,,,0,73,,75377,60,,,0,28,,75378,60,,,0,69,,75379,60,,,0,29,,75380,60,,,0,70,,75382,60,,,0,29,,75381,60,,,0,70,,75383,60,,,0,29,,75384,60,,,0,69,,75385,60,,,0,95,,75386,60,,,0,55,,75387,60,,,0
7201,'5390',800,,75389,60,,,0,102,,75390,60,,,0,102,,75391,60,,,0,106,,75392,60,,,0,101,,75394,60,,,0,31,,75395,60,,,0,70,,75388,60,,,0,31,,75393,60,,,0,70,,75396,60,,,0,31,,75398,60,,,0,69,,75399,60,,,0,31,,75400,60,,,0,69,,75397,60,,,0,29,,75401,60,,,0,69,,75402,60,,,0,30,,75403,60,,,0,73,,75404,60,,,0,28,,75405,60,,,0,69,,75406,60,,,0,29,,75407,60,,,0,70,,75409,60,,,0,29,,75408,60,,,0,70,,75410,60,,,0,29,,75411,60,,,0,69,,75412,60,,,0,95,,75413,60,,,0,55,,75414,60,,,0
7501,'4623',624,,75617,55,,,0,30,,75618,55,,,0,63,,75619,55,,,0,22,,75620,55,,,0,65,,75621,55,,,0,27,,75622,55,,,0,19,,75623,55,,,0,55,,75624,55,,,0,28,,75625,55,,,0,72,,75626,57,,,0,39,,75627,57,,,0,71,,75628,57,,,0,35,,75629,57,,,0,68,,75630,57,,,0,30,,75631,57,,,0,71,,75632,57,,,0,30,,75633,57,,,0,70,,75634,57,,,0,14,,75657,36,,,0,19,,75635,57,,,0,55,,75658,36,,,0,18,,75636,57,,,0,15,,75659,36,,,0,14,,75655,31,,,0,46,,75637,57,,,0,20,,75653,57,,,0,4,,75654,31,,,0,6,,75638,57,,,0,19,,75639,57,,,0,54,,75640,57,,,0,9,,75641,57,,,0,9,,75642,36,,,0,2,,75656,31,,,0,7,,75643,57,,,0,10,,75660,36,,,0,16,,75644,57,,,0,50,,75661,36,,,0,16,,75645,57,,,0,28,,75646,57,,,0,96,,75647,57,,,0,96,,75648,57,,,0,100,,75649,57,,,0,98,,75650,57,,,0
7501,'4833',827,,75663,55,,,0,102,,75664,55,,,0,115,,75665,57,,,0,74,,75688,36,,,0,32,,75666,57,,,0,69,,75685,36,,,0,33,,75667,57,,,0,70,,75668,57,,,0,14,,75689,36,,,0,18,,75669,57,,,0,52,,75690,36,,,0,18,,75670,57,,,0,12,,75691,36,,,0,18,,75671,57,,,0,55,,75692,36,,,0,18,,75672,57,,,0,12,,75693,36,,,0,18,,75673,57,,,0,52,,75694,36,,,0,17,,75674,57,,,0,8,,75695,36,,,0,21,,75675,57,,,0,51,,75696,36,,,0,18,,75676,57,,,0,12,,75697,36,,,0,18,,75677,57,,,0,67,,75686,36,,,0,29,,75678,57,,,0,64,,75687,36,,,0,29,,75679,57,,,0,98,,75680,57,,,0,100,,75681,57,,,0,100,,75682,57,,,0
7501,'5015',827,,75699,55,,,0,102,,75700,55,,,0,115,,75701,57,,,0,74,,75724,36,,,0,32,,75702,57,,,0,69,,75721,36,,,0,33,,75703,57,,,0,70,,75704,57,,,0,14,,75725,36,,,0,18,,75705,57,,,0,52,,75726,36,,,0,18,,75706,57,,,0,12,,75727,36,,,0,18,,75707,57,,,0,55,,75728,36,,,0,18,,75708,57,,,0,12,,75729,36,,,0,18,,75709,57,,,0,52,,75730,36,,,0,17,,75710,57,,,0,8,,75731,36,,,0,21,,75711,57,,,0,51,,75732,36,,,0,18,,75712,57,,,0,12,,75733,36,,,0,18,,75713,57,,,0,67,,75722,36,,,0,29,,75714,57,,,0,64,,75723,36,,,0,29,,75715,57,,,0,98,,75716,57,,,0,100,,75717,57,,,0,100,,75718,57,,,0
7501,'5222',624,,75734,55,,,0,30,,75735,55,,,0,63,,75736,55,,,0,22,,75737,55,,,0,65,,75738,55,,,0,27,,75739,55,,,0,19,,75740,55,,,0,55,,75741,55,,,0,28,,75742,55,,,0,72,,75743,57,,,0,39,,75744,57,,,0,71,,75745,57,,,0,35,,75746,57,,,0,68,,75747,57,,,0,30,,75748,57,,,0,71,,75749,57,,,0,30,,75750,57,,,0,70,,75751,57,,,0,14,,75774,36,,,0,19,,75752,57,,,0,55,,75775,36,,,0,18,,75753,57,,,0,15,,75776,36,,,0,14,,75772,31,,,0,46,,75754,57,,,0,20,,75770,57,,,0,4,,75771,31,,,0,6,,75755,57,,,0,19,,75756,57,,,0,54,,75757,57,,,0,9,,75758,57,,,0,9,,75759,36,,,0,2,,75773,31,,,0,7,,75760,57,,,0,10,,75777,36,,,0,16,,75761,57,,,0,50,,75778,36,,,0,16,,75762,57,,,0,28,,75763,57,,,0,96,,75764,57,,,0,96,,75765,57,,,0,100,,75766,57,,,0,98,,75767,57,,,0
7501,'5365',929,,75781,55,,,0,111,,75782,57,,,0,102,,75783,57,,,0,104,,75784,57,,,0,71,,75785,57,,,0,13,,75802,36,,,0,18,,75786,57,,,0,70,,75787,57,,,0,12,,75803,36,,,0,18,,75788,57,,,0,53,,75804,36,,,0,18,,75789,57,,,0,13,,75805,36,,,0,18,,75790,57,,,0,52,,75806,36,,,0,17,,75791,57,,,0,12,,75807,36,,,0,18,,75792,57,,,0,52,,75808,36,,,0,15,,75801,36,,,0,15,,75809,36,,,0,18,,75793,57,,,0,67,,75810,36,,,0,33,,75794,57,,,0,66,,75811,36,,,0,32,,75795,57,,,0,98,,75796,57,,,0,99,,75797,57,,,0,100,,75798,57,,,0
7501,'5390',929,,75814,55,,,0,111,,75815,57,,,0,102,,75816,57,,,0,104,,75817,57,,,0,71,,75818,57,,,0,13,,75835,36,,,0,18,,75819,57,,,0,70,,75820,57,,,0,12,,75836,36,,,0,18,,75821,57,,,0,53,,75837,36,,,0,18,,75822,57,,,0,13,,75838,36,,,0,18,,75823,57,,,0,52,,75839,36,,,0,17,,75824,57,,,0,12,,75840,36,,,0,18,,75825,57,,,0,52,,75841,36,,,0,15,,75834,36,,,0,15,,75842,36,,,0,18,,75826,57,,,0,67,,75843,36,,,0,33,,75827,57,,,0,66,,75844,36,,,0,32,,75828,57,,,0,98,,75829,57,,,0,99,,75830,57,,,0,100,,75831,57,,,0
9500,'4623',511,,76368,23,0,15,0,25,,76346,23,0,15,0,17,,76345,23,0,15,0,56,,76319,23,0,15,0,14,,76366,23,0,15,0,14,,76327,23,0,15,0,11,,76326,23,0,15,0,11,,76353,23,0,15,0,48,,76322,23,0,15,0,7,,76324,23,0,15,0,7,,76350,23,0,15,0,9,,76281,23,0,15,0,6,,76329,23,0,15,0,8,,76283,23,0,15,0,8,,76325,23,0,15,0,48,,76284,23,0,15,0,8,,76308,23,0,15,0,7,,76367,23,0,15,0,9,,76280,23,0,15,0,8,,76307,23,0,15,0,10,,76323,23,0,15,0,9,,76370,23,0,15,0,51,,76297,23,0,15,0,10,,76305,23,0,15,0,10,,76348,23,0,15,0,10,,76343,23,0,15,0,11,,76286,23,0,15,0,10,,76301,23,0,15,0,50,,76282,23,0,15,0,10,,76306,23,0,15,0,11,,76364,23,0,15,0,11,,76310,23,0,15,0,12,,76363,23,0,15,0,12,,76293,23,0,15,0,53,,76313,23,0,15,0,12,,76349,23,0,15,0,12,,76338,23,0,15,0,12,,76289,23,0,15,0,52,,76300,23,0,15,0,12,,76309,23,0,15,0,12,,76357,23,0,15,0,12,,76316,23,0,15,0,12,,76360,23,0,15,0,52,,76292,23,0,15,0,13,,76312,23,0,15,0,12,,76347,23,0,15,0,12,,76342,23,0,15,0,13,,76287,23,0,15,0,52,,76299,23,0,15,0,10,,76273,23,0,15,0,10,,76304,23,0,15,0,9,,76356,23,0,15,0,10,,76277,23,0,15,0,10,,76318,23,0,15,0,50,,76358,23,0,15,0,10,,76294,23,0,15,0,12,,76311,23,0,15,0,11,,76274,23,0,15,0,12,,76340,23,0,15,0,10,,76341,23,0,15,0,51,,76288,23,0,15,0,8,,76298,23,0,15,0,11,,76276,23,0,15,0,11,,76303,23,0,15,0,11,,76352,23,0,15,0,11,,76279,23,0,15,0,50,,76291,23,0,15,0,10,,76359,23,0,15,0,10,,76295,23,0,15,0,12,,76302,23,0,15,0,12,,76290,23,0,15,0,53,,76337,23,0,15,0,10,,76335,23,0,15,0,12,,76285,23,0,15,0,12,,76275,23,0,15,0,14,,76355,23,0,15,0,53,,76278,23,0,15,0,12,,76361,23,0,15,0,12,,76296,23,0,15,0,15,,76320,23,0,15,0,55,,76339,23,0,15,0,15,,76331,23,0,15,0,14,,76317,23,0,15,0,15,,76351,23,0,15,0,55,,76314,23,0,15,0,15,,76369,23,0,15,0,15,,76321,23,0,15,0,20,,76336,23,0,15,0,61,,76333,23,0,15,0,20,,76354,23,0,15,0,20,,76315,23,0,15,0,70,,76328,23,0,15,0,32,,76330,23,0,15,0,69,,76362,23,0,15,0,30,,76344,23,0,15,0,70,,76334,23,0,15,0,28,,76332,23,0,15,0,70,,76365,23,0,15,0
9500,'4833',626,,76371,23,0,15,0,32,,76372,23,0,15,0,62,,76373,23,0,15,0,16,,76374,23,0,15,0,15,,76375,23,0,15,0,55,,76376,23,0,15,0,16,,76377,23,0,15,0,16,,76378,23,0,15,0,15,,76379,23,0,15,0,54,,76380,23,0,15,0,15,,76381,23,0,15,0,15,,76382,23,0,15,0,15,,76383,23,0,15,0,55,,76384,23,0,15,0,14,,76385,23,0,15,0,15,,76386,23,0,15,0,15,,76387,23,0,15,0,55,,76388,23,0,15,0,15,,76389,23,0,15,0,15,,76390,23,0,15,0,14,,76391,23,0,15,0,53,,76392,23,0,15,0,12,,76393,23,0,15,0,12,,76394,23,0,15,0,12,,76395,23,0,15,0,12,,76396,23,0,15,0,52,,76397,23,0,15,0,12,,76398,23,0,15,0,11,,76399,23,0,15,0,12,,76400,23,0,15,0,12,,76401,23,0,15,0,53,,76402,23,0,15,0,12,,76403,23,0,15,0,12,,76404,23,0,15,0,12,,76405,23,0,15,0,11,,76406,23,0,15,0,52,,76407,23,0,15,0,12,,76408,23,0,15,0,12,,76409,23,0,15,0,12,,76410,23,0,15,0,12,,76411,23,0,15,0,52,,76412,23,0,15,0,12,,76413,23,0,15,0,12,,76414,23,0,15,0,13,,76415,23,0,15,0,12,,76416,23,0,15,0,52,,76417,23,0,15,0,13,,76418,23,0,15,0,12,,76419,23,0,15,0,12,,76420,23,0,15,0,12,,76421,23,0,15,0,53,,76422,23,0,15,0,12,,76423,23,0,15,0,13,,76424,23,0,15,0,15,,76425,23,0,15,0,55,,76426,23,0,15,0,15,,76427,23,0,15,0,15,,76428,23,0,15,0,15,,76429,23,0,15,0,55,,76430,23,0,15,0,15,,76431,23,0,15,0,15,,76432,23,0,15,0,16,,76433,23,0,15,0,55,,76434,23,0,15,0,15,,76435,23,0,15,0,15,,76436,23,0,15,0,20,,76437,23,0,15,0,60,,76438,23,0,15,0,20,,76439,23,0,15,0,20,,76440,23,0,15,0,71,,76441,23,0,15,0,30,,76442,23,0,15,0,69,,76443,23,0,15,0,30,,76444,23,0,15,0
9500,'5015',626,,76445,23,0,15,0,32,,76446,23,0,15,0,62,,76447,23,0,15,0,16,,76448,23,0,15,0,15,,76449,23,0,15,0,55,,76450,23,0,15,0,16,,76451,23,0,15,0,16,,76452,23,0,15,0,15,,76453,23,0,15,0,54,,76454,23,0,15,0,15,,76455,23,0,15,0,15,,76456,23,0,15,0,15,,76457,23,0,15,0,55,,76458,23,0,15,0,14,,76459,23,0,15,0,15,,76460,23,0,15,0,15,,76461,23,0,15,0,55,,76462,23,0,15,0,15,,76463,23,0,15,0,15,,76464,23,0,15,0,14,,76465,23,0,15,0,53,,76466,23,0,15,0,12,,76467,23,0,15,0,12,,76468,23,0,15,0,12,,76469,23,0,15,0,12,,76470,23,0,15,0,52,,76471,23,0,15,0,12,,76472,23,0,15,0,11,,76473,23,0,15,0,12,,76474,23,0,15,0,12,,76475,23,0,15,0,53,,76476,23,0,15,0,12,,76477,23,0,15,0,12,,76478,23,0,15,0,12,,76479,23,0,15,0,11,,76480,23,0,15,0,52,,76481,23,0,15,0,12,,76482,23,0,15,0,12,,76483,23,0,15,0,12,,76484,23,0,15,0,12,,76485,23,0,15,0,52,,76486,23,0,15,0,12,,76487,23,0,15,0,12,,76488,23,0,15,0,13,,76489,23,0,15,0,12,,76490,23,0,15,0,52,,76491,23,0,15,0,13,,76492,23,0,15,0,12,,76493,23,0,15,0,12,,76494,23,0,15,0,12,,76495,23,0,15,0,53,,76496,23,0,15,0,12,,76497,23,0,15,0,13,,76498,23,0,15,0,15,,76499,23,0,15,0,55,,76500,23,0,15,0,15,,76501,23,0,15,0,15,,76502,23,0,15,0,15,,76503,23,0,15,0,55,,76504,23,0,15,0,15,,76505,23,0,15,0,15,,76506,23,0,15,0,16,,76507,23,0,15,0,55,,76508,23,0,15,0,15,,76509,23,0,15,0,15,,76510,23,0,15,0,20,,76511,23,0,15,0,60,,76512,23,0,15,0,20,,76513,23,0,15,0,20,,76514,23,0,15,0,71,,76515,23,0,15,0,30,,76516,23,0,15,0,69,,76517,23,0,15,0,30,,76518,23,0,15,0,68,,76519,23,0,15,0,30,,76520,23,0,15,0,70,,76521,23,0,15,0
9500,'5222',511,,76614,23,0,15,0,25,,76593,23,0,15,0,17,,76592,23,0,15,0,56,,76568,23,0,15,0,14,,76612,23,0,15,0,14,,76576,23,0,15,0,11,,76575,23,0,15,0,11,,76600,23,0,15,0,48,,76571,23,0,15,0,7,,76573,23,0,15,0,7,,76597,23,0,15,0,9,,76530,23,0,15,0,6,,76578,23,0,15,0,8,,76532,23,0,15,0,8,,76574,23,0,15,0,48,,76533,23,0,15,0,8,,76557,23,0,15,0,7,,76613,23,0,15,0,9,,76529,23,0,15,0,8,,76556,23,0,15,0,10,,76572,23,0,15,0,9,,76616,23,0,15,0,51,,76546,23,0,15,0,10,,76554,23,0,15,0,10,,76595,23,0,15,0,10,,76590,23,0,15,0,11,,76535,23,0,15,0,10,,76550,23,0,15,0,50,,76531,23,0,15,0,10,,76555,23,0,15,0,11,,76611,23,0,15,0,11,,76559,23,0,15,0,12,,76610,23,0,15,0,12,,76542,23,0,15,0,53,,76562,23,0,15,0,12,,76596,23,0,15,0,12,,76585,23,0,15,0,12,,76538,23,0,15,0,52,,76549,23,0,15,0,12,,76558,23,0,15,0,12,,76604,23,0,15,0,12,,76565,23,0,15,0,12,,76607,23,0,15,0,52,,76541,23,0,15,0,13,,76561,23,0,15,0,12,,76594,23,0,15,0,12,,76589,23,0,15,0,13,,76536,23,0,15,0,52,,76548,23,0,15,0,10,,76522,23,0,15,0,10,,76553,23,0,15,0,9,,76603,23,0,15,0,10,,76526,23,0,15,0,10,,76567,23,0,15,0,50,,76605,23,0,15,0,10,,76543,23,0,15,0,12,,76560,23,0,15,0,11,,76523,23,0,15,0,12,,76587,23,0,15,0,10,,76588,23,0,15,0,51,,76537,23,0,15,0,8,,76547,23,0,15,0,11,,76525,23,0,15,0,11,,76552,23,0,15,0,11,,76599,23,0,15,0,11,,76528,23,0,15,0,50,,76540,23,0,15,0,10,,76606,23,0,15,0,10,,76544,23,0,15,0,12,,76551,23,0,15,0,12,,76539,23,0,15,0,53,,76584,23,0,15,0,10,,76582,23,0,15,0,12,,76534,23,0,15,0,12,,76524,23,0,15,0,14,,76602,23,0,15,0,53,,76527,23,0,15,0,12,,76608,23,0,15,0,12,,76545,23,0,15,0,15,,76569,23,0,15,0,55,,76586,23,0,15,0,15,,76580,23,0,15,0,14,,76566,23,0,15,0,15,,76598,23,0,15,0,55,,76563,23,0,15,0,15,,76615,23,0,15,0,15,,76570,23,0,15,0,20,,76583,23,0,15,0,61,,76581,23,0,15,0,20,,76601,23,0,15,0,20,,76564,23,0,15,0,70,,76577,23,0,15,0,32,,76579,23,0,15,0,69,,76609,23,0,15,0,30,,76591,23,0,15,0
9500,'5365',629,,76617,23,0,15,0,30,,76619,23,0,15,0,60,,76620,23,0,15,0,20,,76621,23,0,15,0,20,,76622,23,0,15,0,55,,76623,23,0,15,0,15,,76618,23,0,15,0,15,,76624,23,0,15,0,15,,76625,23,0,15,0,55,,76626,23,0,15,0,15,,76627,23,0,15,0,15,,76628,23,0,15,0,14,,76629,23,0,15,0,55,,76630,23,0,15,0,15,,76632,23,0,15,0,15,,76633,23,0,15,0,15,,76631,23,0,15,0,55,,76634,23,0,15,0,15,,76635,23,0,15,0,15,,76636,23,0,15,0,15,,76637,23,0,15,0,55,,76684,23,0,15,0,15,,76638,23,0,15,0,15,,76683,23,0,15,0,14,,76639,23,0,15,0,55,,76682,23,0,15,0,15,,76640,23,0,15,0,15,,76641,23,0,15,0,15,,76642,23,0,15,0,55,,76643,23,0,15,0,15,,76644,23,0,15,0,15,,76645,23,0,15,0,15,,76646,23,0,15,0,55,,76647,23,0,15,0,13,,76648,23,0,15,0,12,,76649,23,0,15,0,12,,76650,23,0,15,0,53,,76651,23,0,15,0,12,,76652,23,0,15,0,12,,76653,23,0,15,0,13,,76654,23,0,15,0,12,,76655,23,0,15,0,52,,76656,23,0,15,0,12,,76657,23,0,15,0,14,,76658,23,0,15,0,15,,76659,23,0,15,0,56,,76660,23,0,15,0,15,,76661,23,0,15,0,15,,76662,23,0,15,0,15,,76663,23,0,15,0,55,,76664,23,0,15,0,15,,76665,23,0,15,0,15,,76666,23,0,15,0,15,,76667,23,0,15,0,56,,76668,23,0,15,0,15,,76669,23,0,15,0,15,,76670,23,0,15,0,15,,76671,23,0,15,0,55,,76672,23,0,15,0,15,,76674,23,0,15,0,15,,76675,23,0,15,0,20,,76673,23,0,15,0,60,,76676,23,0,15,0,20,,76677,23,0,15,0,20,,76678,23,0,15,0,71,,76679,23,0,15,0,30,,76680,23,0,15,0,70,,76681,23,0,15,0
9500,'5390',629,,76685,23,0,15,0,30,,76687,23,0,15,0,60,,76688,23,0,15,0,20,,76689,23,0,15,0,20,,76690,23,0,15,0,55,,76691,23,0,15,0,15,,76686,23,0,15,0,15,,76692,23,0,15,0,15,,76693,23,0,15,0,55,,76694,23,0,15,0,15,,76695,23,0,15,0,15,,76696,23,0,15,0,14,,76697,23,0,15,0,55,,76698,23,0,15,0,15,,76700,23,0,15,0,15,,76701,23,0,15,0,15,,76699,23,0,15,0,55,,76702,23,0,15,0,15,,76703,23,0,15,0,15,,76704,23,0,15,0,15,,76705,23,0,15,0,55,,76752,23,0,15,0,15,,76706,23,0,15,0,15,,76751,23,0,15,0,14,,76707,23,0,15,0,55,,76750,23,0,15,0,15,,76708,23,0,15,0,15,,76709,23,0,15,0,15,,76710,23,0,15,0,55,,76711,23,0,15,0,15,,76712,23,0,15,0,15,,76713,23,0,15,0,15,,76714,23,0,15,0,55,,76715,23,0,15,0,13,,76716,23,0,15,0,12,,76717,23,0,15,0,12,,76718,23,0,15,0,53,,76719,23,0,15,0,12,,76720,23,0,15,0,12,,76721,23,0,15,0,13,,76722,23,0,15,0,12,,76723,23,0,15,0,52,,76724,23,0,15,0,12,,76725,23,0,15,0,14,,76726,23,0,15,0,15,,76727,23,0,15,0,56,,76728,23,0,15,0,15,,76729,23,0,15,0,15,,76730,23,0,15,0,15,,76731,23,0,15,0,55,,76732,23,0,15,0,15,,76733,23,0,15,0,15,,76734,23,0,15,0,15,,76735,23,0,15,0,56,,76736,23,0,15,0,15,,76737,23,0,15,0,15,,76738,23,0,15,0,15,,76739,23,0,15,0,55,,76740,23,0,15,0,15,,76742,23,0,15,0,15,,76743,23,0,15,0,20,,76741,23,0,15,0,60,,76744,23,0,15,0,20,,76745,23,0,15,0,20,,76746,23,0,15,0,71,,76747,23,0,15,0,30,,76748,23,0,15,0,70,,76749,23,0,15,0
24007001,'4623',1150,,77800,18,,,0,201,,77801,18,,,0,208,,77802,18,,,0,195,,77803,18,,,0,190,,77804,18,,,0,200,,77805,18,,,0
24007001,'4833',941,,77813,18,,,0,208,,77806,18,,,0,101,,77814,18,,,0,100,,77807,18,,,0,104,,77815,18,,,0,100,,77808,18,,,0,193,,77809,18,,,0,95,,77817,18,,,0,99,,77810,18,,,0,99,,77816,18,,,0,99,,77811,18,,,0
24007001,'5015',1149,,77818,18,,,0,201,,77819,18,,,0,204,,77820,18,,,0,193,,77821,18,,,0,194,,77822,18,,,0,198,,77823,18,,,0
24007001,'5222',1150,,77826,18,,,0,201,,77827,18,,,0,208,,77828,18,,,0,195,,77829,18,,,0,190,,77830,18,,,0,200,,77831,18,,,0
24007001,'5365',1141,,77832,18,,,0,207,,77833,18,,,0,100,,77839,18,,,0,104,,77834,18,,,0,197,,77835,18,,,0,194,,77836,18,,,0,198,,77837,18,,,0
24007001,'5390',1038,,77848,18,,,0,103,,77840,18,,,0,103,,77849,18,,,0,104,,77841,18,,,0,100,,77847,18,,,0,104,,77842,18,,,0,97,,77850,18,,,0,100,,77843,18,,,0,96,,77851,18,,,0,98,,77844,18,,,0,198,,77845,18,,,0
