3800,'4623',612,,72301,10,,,0,33,,72302,10,,,0,70,,72299,10,,,0,24,,72298,10,,,0,71,,72306,10,,,0,30,,72300,10,,,0,69,,72304,10,,,0,101,,72305,10,,,0,101,,72303,10,,,0,101,,72307,10,,,0,101,,72309,10,,,0,94,,72314,10,,,0,39,,72311,10,,,0,70,,72316,10,,,0,30,,72308,10,,,0,71,,72310,10,,,0,36,,72313,10,,,0,73,,72312,10,,,0,84,,72318,10,,,0,104,,72315,10,,,0,102,,72317,10,,,0
3800,'5222',612,,72322,10,,,0,33,,72323,10,,,0,70,,72320,10,,,0,24,,72319,10,,,0,71,,72327,10,,,0,30,,72321,10,,,0,69,,72325,10,,,0,101,,72326,10,,,0,101,,72324,10,,,0,101,,72328,10,,,0,101,,72330,10,,,0,94,,72335,10,,,0,39,,72332,10,,,0,70,,72337,10,,,0,30,,72329,10,,,0,71,,72331,10,,,0,36,,72334,10,,,0,73,,72333,10,,,0,84,,72339,10,,,0,104,,72336,10,,,0,102,,72338,10,,,0
4600,'4623',601,,72784,10,,,0,17,,72796,10,,,0,28,,72786,10,,,0,69,,72785,10,,,0,37,,72797,10,,,0,100,,72793,10,,,0,94,,72787,10,,,0,378,,72789,10,,,0,110,,72788,10,,,0,73,,72790,10,,,0,37,,72794,10,,,0,96,,72791,10,,,0,68,,72792,10,,,0,49,,72795,10,,,0
4600,'5222',601,,72798,10,,,0,17,,72810,10,,,0,28,,72800,10,,,0,69,,72799,10,,,0,37,,72811,10,,,0,100,,72807,10,,,0,94,,72801,10,,,0,378,,72803,10,,,0,110,,72802,10,,,0,73,,72804,10,,,0,37,,72808,10,,,0,96,,72805,10,,,0,68,,72806,10,,,0,49,,72809,10,,,0
5201,'4623',526,,73154,41,,,0,77,,73163,41,,,0,39,,73174,41,,,0,78,,73155,41,,,0,28,,73148,41,,,0,69,,73164,41,,,0,34,,73149,41,,,0,63,,73175,41,,,0,33,,73158,41,,,0,75,,73165,41,,,0,30,,73150,41,,,0,70,,73177,41,,,0,28,,73157,41,,,0,77,,73167,41,,,0,74,,73151,41,,,0,30,,73176,41,,,0,70,,73156,41,,,0,30,,73166,41,,,0,69,,73168,41,,,0,31,,73152,41,,,0,26,,73178,41,,,0,75,,73159,41,,,0,76,,73169,41,,,0,23,,73170,41,,,0,23,,73153,41,,,0,62,,73179,41,,,0,30,,73160,41,,,0,69,,73172,41,,,0,29,,73171,41,,,0,72,,73180,41,,,0,27,,73161,41,,,0,68,,73173,41,,,0,101,,73181,41,,,0,98,,73182,41,,,0,98,,73183,41,,,0
5201,'4833',707,,73193,41,,,0,32,,73203,41,,,0,70,,73201,41,,,0,32,,73184,41,,,0,70,,73191,41,,,0,30,,73210,41,,,0,70,,73188,41,,,0,33,,73185,41,,,0,70,,73192,41,,,0,30,,73211,41,,,0,73,,73189,41,,,0,32,,73186,41,,,0,75,,73195,41,,,0,28,,73213,41,,,0,75,,73190,41,,,0,75,,73200,41,,,0,35,,73194,41,,,0,69,,73212,41,,,0,30,,73187,41,,,0,70,,73198,41,,,0,23,,73206,41,,,0,25,,73197,41,,,0,64,,73202,41,,,0,25,,73199,41,,,0,69,,73196,41,,,0,28,,73209,41,,,0,72,,73204,41,,,0,30,,73208,41,,,0,70,,73205,41,,,0,94,,73214,41,,,0,103,,73215,41,,,0,99,,73216,41,,,0
5201,'5015',707,,73226,41,,,0,32,,73236,41,,,0,70,,73234,41,,,0,32,,73217,41,,,0,70,,73224,41,,,0,30,,73243,41,,,0,70,,73221,41,,,0,33,,73218,41,,,0,70,,73225,41,,,0,30,,73244,41,,,0,73,,73222,41,,,0,32,,73219,41,,,0,75,,73228,41,,,0,28,,73246,41,,,0,75,,73223,41,,,0,75,,73233,41,,,0,35,,73227,41,,,0,69,,73245,41,,,0,30,,73220,41,,,0,70,,73231,41,,,0,23,,73239,41,,,0,25,,73230,41,,,0,64,,73235,41,,,0,25,,73232,41,,,0,69,,73229,41,,,0,28,,73242,41,,,0,72,,73237,41,,,0,30,,73241,41,,,0,70,,73238,41,,,0,94,,73247,41,,,0,103,,73248,41,,,0,99,,73249,41,,,0
5201,'5222',526,,73256,41,,,0,77,,73265,41,,,0,39,,73276,41,,,0,78,,73257,41,,,0,28,,73250,41,,,0,69,,73266,41,,,0,34,,73251,41,,,0,63,,73277,41,,,0,33,,73260,41,,,0,75,,73267,41,,,0,30,,73252,41,,,0,70,,73279,41,,,0,28,,73259,41,,,0,77,,73269,41,,,0,74,,73253,41,,,0,30,,73278,41,,,0,70,,73258,41,,,0,30,,73268,41,,,0,69,,73270,41,,,0,31,,73254,41,,,0,26,,73280,41,,,0,75,,73261,41,,,0,76,,73271,41,,,0,23,,73272,41,,,0,23,,73255,41,,,0,62,,73281,41,,,0,30,,73262,41,,,0,69,,73274,41,,,0,29,,73273,41,,,0,72,,73282,41,,,0,27,,73263,41,,,0,68,,73275,41,,,0,101,,73283,41,,,0,98,,73284,41,,,0,98,,73285,41,,,0
5201,'5365',738,,73291,41,,,0,70,,73307,41,,,0,31,,73299,41,,,0,71,,73287,41,,,0,30,,73294,41,,,0,71,,73301,41,,,0,31,,73296,41,,,0,70,,73288,41,,,0,32,,73293,41,,,0,70,,73302,41,,,0,30,,73298,41,,,0,76,,73286,41,,,0,29,,73292,41,,,0,75,,73305,41,,,0,35,,73297,41,,,0,75,,73312,41,,,0,69,,73290,41,,,0,30,,73304,41,,,0,69,,73295,41,,,0,30,,73300,41,,,0,69,,73289,41,,,0,30,,73303,41,,,0,79,,73306,41,,,0,100,,73308,41,,,0,99,,73309,41,,,0,100,,73310,41,,,0,99,,73311,41,,,0
5201,'5390',738,,73318,41,,,0,70,,73334,41,,,0,31,,73326,41,,,0,71,,73314,41,,,0,30,,73321,41,,,0,71,,73328,41,,,0,31,,73323,41,,,0,70,,73315,41,,,0,32,,73320,41,,,0,70,,73329,41,,,0,30,,73325,41,,,0,76,,73313,41,,,0,29,,73319,41,,,0,75,,73332,41,,,0,35,,73324,41,,,0,75,,73339,41,,,0,69,,73317,41,,,0,30,,73331,41,,,0,69,,73322,41,,,0,30,,73327,41,,,0,69,,73316,41,,,0,30,,73330,41,,,0,79,,73333,41,,,0,100,,73335,41,,,0,99,,73336,41,,,0,100,,73337,41,,,0,99,,73338,41,,,0
9500,'4623',446,,76368,4,0,15,0,64,,76346,4,0,15,0,16,,76345,4,0,15,0,16,,76319,4,0,15,0,14,,76366,4,0,15,0,50,,76327,4,0,15,0,11,,76326,4,0,15,0,10,,76353,4,0,15,0,7,,76322,4,0,15,0,7,,76324,4,0,15,0,7,,76350,4,0,15,0,8,,76281,4,0,15,0,46,,76329,4,0,15,0,7,,76283,4,0,15,0,8,,76325,4,0,15,0,7,,76284,4,0,15,0,8,,76308,4,0,15,0,7,,76367,4,0,15,0,8,,76280,4,0,15,0,8,,76307,4,0,15,0,50,,76323,4,0,15,0,11,,76370,4,0,15,0,11,,76297,4,0,15,0,10,,76305,4,0,15,0,11,,76348,4,0,15,0,11,,76343,4,0,15,0,50,,76286,4,0,15,0,10,,76301,4,0,15,0,10,,76282,4,0,15,0,10,,76306,4,0,15,0,11,,76364,4,0,15,0,50,,76310,4,0,15,0,12,,76363,4,0,15,0,12,,76293,4,0,15,0,12,,76313,4,0,15,0,12,,76349,4,0,15,0,52,,76338,4,0,15,0,12,,76289,4,0,15,0,12,,76300,4,0,15,0,12,,76309,4,0,15,0,11,,76357,4,0,15,0,12,,76316,4,0,15,0,52,,76360,4,0,15,0,12,,76292,4,0,15,0,13,,76312,4,0,15,0,12,,76347,4,0,15,0,52,,76342,4,0,15,0,13,,76287,4,0,15,0,12,,76299,4,0,15,0,10,,76273,4,0,15,0,10,,76304,4,0,15,0,10,,76356,4,0,15,0,50,,76277,4,0,15,0,10,,76318,4,0,15,0,10,,76358,4,0,15,0,10,,76294,4,0,15,0,9,,76311,4,0,15,0,11,,76274,4,0,15,0,50,,76340,4,0,15,0,10,,76341,4,0,15,0,11,,76288,4,0,15,0,9,,76298,4,0,15,0,11,,76276,4,0,15,0,11,,76303,4,0,15,0,51,,76352,4,0,15,0,11,,76279,4,0,15,0,11,,76291,4,0,15,0,11,,76359,4,0,15,0,10,,76295,4,0,15,0,52,,76302,4,0,15,0,12,,76290,4,0,15,0,13,,76337,4,0,15,0,13,,76335,4,0,15,0,13,,76285,4,0,15,0,53,,76275,4,0,15,0,14,,76355,4,0,15,0,13,,76278,4,0,15,0,12,,76361,4,0,15,0,12,,76296,4,0,15,0,55,,76320,4,0,15,0,15,,76339,4,0,15,0,16,,76331,4,0,15,0,15,,76317,4,0,15,0,55,,76351,4,0,15,0,15,,76314,4,0,15,0,15,,76369,4,0,15,0,15,,76321,4,0,15,0,60,,76336,4,0,15,0,21,,76333,4,0,15,0,61,,76354,4,0,15,0,20,,76315,4,0,15,0,30,,76328,4,0,15,0,73,,76330,4,0,15,0,31,,76362,4,0,15,0,70,,76344,4,0,15,0,30,,76334,4,0,15,0,71,,76332,4,0,15,0,30,,76365,4,0,15,0
9500,'4833',559,,76371,4,0,15,0,72,,76372,4,0,15,0,23,,76373,4,0,15,0,55,,76374,4,0,15,0,15,,76375,4,0,15,0,15,,76376,4,0,15,0,15,,76377,4,0,15,0,55,,76378,4,0,15,0,15,,76379,4,0,15,0,14,,76380,4,0,15,0,13,,76381,4,0,15,0,55,,76382,4,0,15,0,15,,76383,4,0,15,0,15,,76384,4,0,15,0,14,,76385,4,0,15,0,54,,76386,4,0,15,0,14,,76387,4,0,15,0,15,,76388,4,0,15,0,14,,76389,4,0,15,0,55,,76390,4,0,15,0,14,,76391,4,0,15,0,13,,76392,4,0,15,0,12,,76393,4,0,15,0,11,,76394,4,0,15,0,52,,76395,4,0,15,0,12,,76396,4,0,15,0,12,,76397,4,0,15,0,12,,76398,4,0,15,0,11,,76399,4,0,15,0,52,,76400,4,0,15,0,12,,76401,4,0,15,0,12,,76402,4,0,15,0,12,,76403,4,0,15,0,11,,76404,4,0,15,0,52,,76405,4,0,15,0,11,,76406,4,0,15,0,11,,76407,4,0,15,0,12,,76408,4,0,15,0,13,,76409,4,0,15,0,52,,76410,4,0,15,0,12,,76411,4,0,15,0,13,,76412,4,0,15,0,13,,76413,4,0,15,0,12,,76414,4,0,15,0,53,,76415,4,0,15,0,12,,76416,4,0,15,0,12,,76417,4,0,15,0,13,,76418,4,0,15,0,12,,76419,4,0,15,0,53,,76420,4,0,15,0,12,,76421,4,0,15,0,13,,76422,4,0,15,0,12,,76423,4,0,15,0,13,,76424,4,0,15,0,56,,76425,4,0,15,0,15,,76426,4,0,15,0,16,,76427,4,0,15,0,15,,76428,4,0,15,0,56,,76429,4,0,15,0,15,,76430,4,0,15,0,15,,76431,4,0,15,0,15,,76432,4,0,15,0,57,,76433,4,0,15,0,15,,76434,4,0,15,0,15,,76435,4,0,15,0,54,,76436,4,0,15,0,20,,76437,4,0,15,0,21,,76438,4,0,15,0,60,,76439,4,0,15,0,20,,76440,4,0,15,0,31,,76441,4,0,15,0,71,,76442,4,0,15,0,32,,76443,4,0,15,0,70,,76444,4,0,15,0
9500,'5015',559,,76445,4,0,15,0,72,,76446,4,0,15,0,23,,76447,4,0,15,0,55,,76448,4,0,15,0,15,,76449,4,0,15,0,15,,76450,4,0,15,0,15,,76451,4,0,15,0,55,,76452,4,0,15,0,15,,76453,4,0,15,0,14,,76454,4,0,15,0,13,,76455,4,0,15,0,55,,76456,4,0,15,0,15,,76457,4,0,15,0,15,,76458,4,0,15,0,14,,76459,4,0,15,0,54,,76460,4,0,15,0,14,,76461,4,0,15,0,15,,76462,4,0,15,0,14,,76463,4,0,15,0,55,,76464,4,0,15,0,14,,76465,4,0,15,0,13,,76466,4,0,15,0,12,,76467,4,0,15,0,11,,76468,4,0,15,0,52,,76469,4,0,15,0,12,,76470,4,0,15,0,12,,76471,4,0,15,0,12,,76472,4,0,15,0,11,,76473,4,0,15,0,52,,76474,4,0,15,0,12,,76475,4,0,15,0,12,,76476,4,0,15,0,12,,76477,4,0,15,0,11,,76478,4,0,15,0,52,,76479,4,0,15,0,11,,76480,4,0,15,0,11,,76481,4,0,15,0,12,,76482,4,0,15,0,13,,76483,4,0,15,0,52,,76484,4,0,15,0,12,,76485,4,0,15,0,13,,76486,4,0,15,0,13,,76487,4,0,15,0,12,,76488,4,0,15,0,53,,76489,4,0,15,0,12,,76490,4,0,15,0,12,,76491,4,0,15,0,13,,76492,4,0,15,0,12,,76493,4,0,15,0,53,,76494,4,0,15,0,12,,76495,4,0,15,0,13,,76496,4,0,15,0,12,,76497,4,0,15,0,13,,76498,4,0,15,0,56,,76499,4,0,15,0,15,,76500,4,0,15,0,16,,76501,4,0,15,0,15,,76502,4,0,15,0,56,,76503,4,0,15,0,15,,76504,4,0,15,0,15,,76505,4,0,15,0,15,,76506,4,0,15,0,57,,76507,4,0,15,0,15,,76508,4,0,15,0,15,,76509,4,0,15,0,54,,76510,4,0,15,0,20,,76511,4,0,15,0,21,,76512,4,0,15,0,60,,76513,4,0,15,0,20,,76514,4,0,15,0,31,,76515,4,0,15,0,71,,76516,4,0,15,0,32,,76517,4,0,15,0,70,,76518,4,0,15,0,30,,76519,4,0,15,0,70,,76520,4,0,15,0,30,,76521,4,0,15,0
9500,'5222',446,,76614,4,0,15,0,64,,76593,4,0,15,0,16,,76592,4,0,15,0,16,,76568,4,0,15,0,14,,76612,4,0,15,0,50,,76576,4,0,15,0,11,,76575,4,0,15,0,10,,76600,4,0,15,0,7,,76571,4,0,15,0,7,,76573,4,0,15,0,7,,76597,4,0,15,0,8,,76530,4,0,15,0,46,,76578,4,0,15,0,7,,76532,4,0,15,0,8,,76574,4,0,15,0,7,,76533,4,0,15,0,8,,76557,4,0,15,0,7,,76613,4,0,15,0,8,,76529,4,0,15,0,8,,76556,4,0,15,0,50,,76572,4,0,15,0,11,,76616,4,0,15,0,11,,76546,4,0,15,0,10,,76554,4,0,15,0,11,,76595,4,0,15,0,11,,76590,4,0,15,0,50,,76535,4,0,15,0,10,,76550,4,0,15,0,10,,76531,4,0,15,0,10,,76555,4,0,15,0,11,,76611,4,0,15,0,50,,76559,4,0,15,0,12,,76610,4,0,15,0,12,,76542,4,0,15,0,12,,76562,4,0,15,0,12,,76596,4,0,15,0,52,,76585,4,0,15,0,12,,76538,4,0,15,0,12,,76549,4,0,15,0,12,,76558,4,0,15,0,11,,76604,4,0,15,0,12,,76565,4,0,15,0,52,,76607,4,0,15,0,12,,76541,4,0,15,0,13,,76561,4,0,15,0,12,,76594,4,0,15,0,52,,76589,4,0,15,0,13,,76536,4,0,15,0,12,,76548,4,0,15,0,10,,76522,4,0,15,0,10,,76553,4,0,15,0,10,,76603,4,0,15,0,50,,76526,4,0,15,0,10,,76567,4,0,15,0,10,,76605,4,0,15,0,10,,76543,4,0,15,0,9,,76560,4,0,15,0,11,,76523,4,0,15,0,50,,76587,4,0,15,0,10,,76588,4,0,15,0,11,,76537,4,0,15,0,9,,76547,4,0,15,0,11,,76525,4,0,15,0,11,,76552,4,0,15,0,51,,76599,4,0,15,0,11,,76528,4,0,15,0,11,,76540,4,0,15,0,11,,76606,4,0,15,0,10,,76544,4,0,15,0,52,,76551,4,0,15,0,12,,76539,4,0,15,0,13,,76584,4,0,15,0,13,,76582,4,0,15,0,13,,76534,4,0,15,0,53,,76524,4,0,15,0,14,,76602,4,0,15,0,13,,76527,4,0,15,0,12,,76608,4,0,15,0,12,,76545,4,0,15,0,55,,76569,4,0,15,0,15,,76586,4,0,15,0,16,,76580,4,0,15,0,15,,76566,4,0,15,0,55,,76598,4,0,15,0,15,,76563,4,0,15,0,15,,76615,4,0,15,0,15,,76570,4,0,15,0,60,,76583,4,0,15,0,21,,76581,4,0,15,0,61,,76601,4,0,15,0,20,,76564,4,0,15,0,30,,76577,4,0,15,0,73,,76579,4,0,15,0,31,,76609,4,0,15,0,70,,76591,4,0,15,0
9500,'5365',602,,76617,4,0,15,0,30,,76619,4,0,15,0,20,,76620,4,0,15,0,60,,76621,4,0,15,0,20,,76622,4,0,15,0,15,,76623,4,0,15,0,54,,76618,4,0,15,0,15,,76624,4,0,15,0,14,,76625,4,0,15,0,14,,76626,4,0,15,0,15,,76627,4,0,15,0,55,,76628,4,0,15,0,13,,76629,4,0,15,0,15,,76630,4,0,15,0,15,,76632,4,0,15,0,55,,76633,4,0,15,0,14,,76631,4,0,15,0,15,,76634,4,0,15,0,14,,76635,4,0,15,0,55,,76636,4,0,15,0,15,,76637,4,0,15,0,15,,76684,4,0,15,0,15,,76638,4,0,15,0,55,,76683,4,0,15,0,14,,76639,4,0,15,0,14,,76682,4,0,15,0,15,,76640,4,0,15,0,55,,76641,4,0,15,0,15,,76642,4,0,15,0,15,,76643,4,0,15,0,14,,76644,4,0,15,0,55,,76645,4,0,15,0,15,,76646,4,0,15,0,15,,76647,4,0,15,0,13,,76648,4,0,15,0,52,,76649,4,0,15,0,13,,76650,4,0,15,0,13,,76651,4,0,15,0,11,,76652,4,0,15,0,12,,76653,4,0,15,0,53,,76654,4,0,15,0,12,,76655,4,0,15,0,13,,76656,4,0,15,0,12,,76657,4,0,15,0,14,,76658,4,0,15,0,55,,76659,4,0,15,0,18,,76660,4,0,15,0,15,,76661,4,0,15,0,15,,76662,4,0,15,0,56,,76663,4,0,15,0,15,,76664,4,0,15,0,15,,76665,4,0,15,0,15,,76666,4,0,15,0,55,,76667,4,0,15,0,17,,76668,4,0,15,0,16,,76669,4,0,15,0,55,,76670,4,0,15,0,15,,76671,4,0,15,0,15,,76672,4,0,15,0,15,,76674,4,0,15,0,55,,76675,4,0,15,0,21,,76673,4,0,15,0,20,,76676,4,0,15,0,60,,76677,4,0,15,0,20,,76678,4,0,15,0,32,,76679,4,0,15,0,70,,76680,4,0,15,0,30,,76681,4,0,15,0
9500,'5390',602,,76685,4,0,15,0,30,,76687,4,0,15,0,20,,76688,4,0,15,0,60,,76689,4,0,15,0,20,,76690,4,0,15,0,15,,76691,4,0,15,0,54,,76686,4,0,15,0,15,,76692,4,0,15,0,14,,76693,4,0,15,0,14,,76694,4,0,15,0,15,,76695,4,0,15,0,55,,76696,4,0,15,0,13,,76697,4,0,15,0,15,,76698,4,0,15,0,15,,76700,4,0,15,0,55,,76701,4,0,15,0,14,,76699,4,0,15,0,15,,76702,4,0,15,0,14,,76703,4,0,15,0,55,,76704,4,0,15,0,15,,76705,4,0,15,0,15,,76752,4,0,15,0,15,,76706,4,0,15,0,55,,76751,4,0,15,0,14,,76707,4,0,15,0,14,,76750,4,0,15,0,15,,76708,4,0,15,0,55,,76709,4,0,15,0,15,,76710,4,0,15,0,15,,76711,4,0,15,0,14,,76712,4,0,15,0,55,,76713,4,0,15,0,15,,76714,4,0,15,0,15,,76715,4,0,15,0,13,,76716,4,0,15,0,52,,76717,4,0,15,0,13,,76718,4,0,15,0,13,,76719,4,0,15,0,11,,76720,4,0,15,0,12,,76721,4,0,15,0,53,,76722,4,0,15,0,12,,76723,4,0,15,0,13,,76724,4,0,15,0,12,,76725,4,0,15,0,14,,76726,4,0,15,0,55,,76727,4,0,15,0,18,,76728,4,0,15,0,15,,76729,4,0,15,0,15,,76730,4,0,15,0,56,,76731,4,0,15,0,15,,76732,4,0,15,0,15,,76733,4,0,15,0,15,,76734,4,0,15,0,55,,76735,4,0,15,0,17,,76736,4,0,15,0,16,,76737,4,0,15,0,55,,76738,4,0,15,0,15,,76739,4,0,15,0,15,,76740,4,0,15,0,15,,76742,4,0,15,0,55,,76743,4,0,15,0,21,,76741,4,0,15,0,20,,76744,4,0,15,0,60,,76745,4,0,15,0,20,,76746,4,0,15,0,32,,76747,4,0,15,0,70,,76748,4,0,15,0,30,,76749,4,0,15,0
24005100,'4623',641,,77774,8,,,0,67,,77771,8,,,0,27,,77773,8,,,0,70,,77772,8,,,0,810,,77776,8,,,0,31,,77775,8,,,0
24005100,'5222',641,,77780,8,,,0,67,,77777,8,,,0,27,,77779,8,,,0,70,,77778,8,,,0,810,,77782,8,,,0,31,,77781,8,,,0
