2401,'4487',712,,8659,,,0,108,,8658,,,0,105,,8660,,,0,100,,8656,,,0,103,,8653,,,0,98,,8654,,,0,95,,8655,,,0,101,,8662,,,0,98,,8657,,,0,102,,8661,,,0,104,,8663,,,0,127,,8664,,,0,164,,8665,,,0,130,,8666,,,0,170,,8667,,,0,118,,8668,,,0
2401,'4743',712,,8675,,,0,108,,8674,,,0,105,,8676,,,0,100,,8672,,,0,103,,8669,,,0,98,,8670,,,0,95,,8671,,,0,101,,8678,,,0,98,,8673,,,0,102,,8677,,,0,104,,8679,,,0,127,,8680,,,0,164,,8681,,,0,130,,8682,,,0,170,,8683,,,0,118,,8684,,,0
2401,'4744',522,,8696,,,0,93,,8692,,,0,90,,8685,,,0,46,,8688,,,0,74,,8693,,,0,96,,8690,,,0,105,,8687,,,0,100,,8686,,,0,101,,8695,,,0,100,,8691,,,0,113,,8689,,,0,102,,8694,,,0,90,,8697,,,0,89,,8699,,,0,34,,8698,,,0,89,,8700,,,0,85,,8701,,,0,102,,8702,,,0,115,,8703,,,0,168,,8704,,,0,120,,8705,,,0
2401,'4745',819,,8706,,,0,130,,8707,,,0,174,,8708,,,0,127,,8709,,,0,172,,8710,,,0,132,,8711,,,0,169,,8712,,,0,128,,8713,,,0,169,,8714,,,0,125,,8715,,,0,168,,8716,,,0
2401,'4870',522,,8728,,,0,93,,8724,,,0,90,,8717,,,0,46,,8720,,,0,74,,8725,,,0,96,,8722,,,0,105,,8719,,,0,100,,8718,,,0,101,,8727,,,0,100,,8723,,,0,113,,8721,,,0,102,,8726,,,0,90,,8729,,,0,89,,8731,,,0,34,,8730,,,0,89,,8732,,,0,85,,8733,,,0,102,,8734,,,0,115,,8735,,,0,168,,8736,,,0,120,,8737,,,0
2401,'4875',522,,8749,,,0,93,,8745,,,0,90,,8738,,,0,46,,8741,,,0,74,,8746,,,0,96,,8743,,,0,105,,8740,,,0,100,,8739,,,0,101,,8748,,,0,100,,8744,,,0,113,,8742,,,0,102,,8747,,,0,90,,8750,,,0,89,,8752,,,0,34,,8751,,,0,89,,8753,,,0,85,,8754,,,0,102,,8755,,,0,115,,8756,,,0,168,,8757,,,0,120,,8758,,,0
2401,'4876',712,,8765,,,0,108,,8764,,,0,105,,8766,,,0,100,,8762,,,0,103,,8759,,,0,98,,8760,,,0,95,,8761,,,0,101,,8768,,,0,98,,8763,,,0,102,,8767,,,0,104,,8769,,,0,127,,8770,,,0,164,,8771,,,0,130,,8772,,,0,170,,8773,,,0,118,,8774,,,0
2401,'4877',819,,8775,,,0,130,,8776,,,0,174,,8777,,,0,127,,8778,,,0,172,,8779,,,0,132,,8780,,,0,169,,8781,,,0,128,,8782,,,0,169,,8783,,,0,125,,8784,,,0,168,,8785,,,0
2501,'4487',753,,8917,,,0,100,,8914,,,0,106,,8916,,,0,143,,8915,,,0,99,,8923,,,0,55,,8920,,,0,100,,8919,,,0,99,,8918,,,0,100,,8921,,,0,101,,8922,,,0,158,,8924,,,0,127,,8925,,,0,165,,8926,,,0,129,,8927,,,0,170,,8928,,,0
2501,'4743',753,,8932,,,0,100,,8929,,,0,106,,8931,,,0,143,,8930,,,0,99,,8938,,,0,55,,8935,,,0,100,,8934,,,0,99,,8933,,,0,100,,8936,,,0,101,,8937,,,0,158,,8939,,,0,127,,8940,,,0,165,,8941,,,0,129,,8942,,,0,170,,8943,,,0
2501,'4744',649,,8948,,,0,81,,8951,,,0,81,,8945,0,6 7,0,39,,8944,,,0,150,,8954,,,0,101,,8950,,,0,101,,8947,,,0,100,,8946,,,0,100,,8949,,,0,115,,8953,,,0,94,,8952,,,0,95,,8955,,,0,39,,8956,,,0,81,,8957,,,0,83,,8958,,,0,93,,8959,,,0,103,,8960,,,0,130,,8961,,,0,169,,8962,,,0
2501,'4745',909,,8964,,,0,131,,8963,,,0,170,,8965,,,0,131,,8966,,,0,172,,8967,,,0,131,,8968,,,0,167,,8969,,,0,129,,8970,,,0,169,,8971,,,0,125,,8972,,,0,169,,8973,,,0
2501,'4870',649,,8978,,,0,81,,8981,,,0,81,,8975,0,6 7,0,39,,8974,,,0,150,,8984,,,0,101,,8980,,,0,101,,8977,,,0,100,,8976,,,0,100,,8979,,,0,115,,8983,,,0,94,,8982,,,0,134,,8985,,,0,81,,8986,,,0,83,,8987,,,0,93,,8988,,,0,103,,8989,,,0,130,,8990,,,0,169,,8991,,,0
2501,'4872',1706,,8992,,,0
2501,'4873',1706,,8993,,,0
2501,'4875',649,,8998,,,0,81,,9001,,,0,81,,8995,0,6 7,0,39,,8994,,,0,150,,9004,,,0,101,,9000,,,0,101,,8997,,,0,100,,8996,,,0,100,,8999,,,0,115,,9003,,,0,94,,9002,,,0,95,,9005,,,0,39,,9006,,,0,81,,9007,,,0,83,,9008,,,0,93,,9009,,,0,103,,9010,,,0,130,,9011,,,0,169,,9012,,,0
2501,'4876',753,,9016,,,0,100,,9013,,,0,106,,9015,,,0,143,,9014,,,0,99,,9022,,,0,55,,9019,,,0,100,,9018,,,0,99,,9017,,,0,100,,9020,,,0,101,,9021,,,0,158,,9023,,,0,127,,9024,,,0,165,,9025,,,0,129,,9026,,,0,170,,9027,,,0
2501,'4877',909,,9029,,,0,131,,9028,,,0,170,,9030,,,0,131,,9031,,,0,172,,9032,,,0,131,,9033,,,0,167,,9034,,,0,129,,9035,,,0,169,,9036,,,0,125,,9037,,,0,169,,9038,,,0
4000,'4487',715,,13308,,,0,130,,13309,,,0,100,,13299,,,0,100,,13302,,,0,100,,13304,,,0,101,,13310,,,0,100,,13300,,,0,100,,13301,,,0,100,,13305,,,0,100,,13311,,,0,100,,13303,,,0,99,,13307,,,0,100,,13306,,,0,95,,13312,,,0
4000,'4743',715,,13322,,,0,130,,13323,,,0,100,,13313,,,0,100,,13316,,,0,100,,13318,,,0,101,,13324,,,0,100,,13314,,,0,100,,13315,,,0,100,,13319,,,0,100,,13325,,,0,100,,13317,,,0,99,,13321,,,0,100,,13320,,,0,95,,13326,,,0
4000,'4744',635,,13340,,,0,84,,13331,,,0,22,,13336,,,0,67,,13341,,,0,112,,13329,,,0,99,,13338,,,0,100,,13332,,,0,100,,13339,,,0,100,,13330,,,0,97,,13342,,,0,99,,13334,,,0,38,,13327,,,0,74,,13343,,,0,29,,13328,,,0,74,,13333,,,0,98,,13344,,,0,100,,13335,,,0,130,,13337,,,0,385,,13345,,,0
4000,'4745',810,,13347,,,0,135,,13346,,,0,100,,13348,,,0,100,,13349,,,0,101,,13350,,,0,100,,13351,,,0,100,,13354,,,0,100,,13353,,,0,100,,13352,,,0,100,,13355,,,0,99,,13356,,,0,100,,13357,,,0
4000,'4870',635,,13371,,,0,84,,13362,,,0,22,,13367,,,0,67,,13372,,,0,112,,13360,,,0,99,,13369,,,0,100,,13363,,,0,100,,13370,,,0,100,,13361,,,0,97,,13373,,,0,99,,13365,,,0,38,,13358,,,0,74,,13374,,,0,29,,13359,,,0,74,,13364,,,0,98,,13375,,,0,100,,13366,,,0,130,,13368,,,0,385,,13376,,,0
4000,'4875',635,,13390,,,0,84,,13381,,,0,22,,13386,,,0,67,,13391,,,0,112,,13379,,,0,99,,13388,,,0,100,,13382,,,0,100,,13389,,,0,100,,13380,,,0,97,,13392,,,0,99,,13384,,,0,38,,13377,,,0,74,,13393,,,0,29,,13378,,,0,74,,13383,,,0,98,,13394,,,0,100,,13385,,,0,130,,13387,,,0,385,,13395,,,0
4000,'4876',715,,13405,,,0,130,,13406,,,0,100,,13396,,,0,100,,13399,,,0,100,,13401,,,0,101,,13407,,,0,100,,13397,,,0,100,,13398,,,0,100,,13402,,,0,100,,13408,,,0,100,,13400,,,0,99,,13404,,,0,100,,13403,,,0,95,,13409,,,0
4000,'4877',810,,13411,,,0,135,,13410,,,0,100,,13412,,,0,100,,13413,,,0,101,,13414,,,0,100,,13415,,,0,100,,13418,,,0,100,,13417,,,0,100,,13416,,,0,100,,13419,,,0,99,,13420,,,0,100,,13421,,,0
4601,'4744',659,,13601,,,0,148,,13602,,,0,126,,13603,,,0,93,,13608,,,0,380,,13604,,,0,121,,13606,,,0,31,,13607,,,0,79,,13612,,,0,86,,13610,,,0,27,,13609,,,0,89,,13611,,,0
4601,'4870',659,,13613,,,0,148,,13614,,,0,126,,13615,,,0,93,,13620,,,0,380,,13616,,,0,121,,13618,,,0,31,,13619,,,0,79,,13624,,,0,86,,13622,,,0,27,,13621,,,0,89,,13623,,,0
4601,'4875',659,,13625,,,0,148,,13626,,,0,126,,13627,,,0,93,,13632,,,0,380,,13628,,,0,121,,13630,,,0,31,,13631,,,0,79,,13636,,,0,86,,13634,,,0,27,,13633,,,0,89,,13635,,,0
