'4731',3800,55800,,'',0,6700,,'',0,2400,,'',0,5200,,'',0,1400,,'',0,1200,,'',0,2300,,'',0,6800,,'',0,4000,,'',0,6800,,'',0,9900,,'',0,10100,,'',0,10300,,'',0,10100,,'',0,9500,,'',0,7900,,'',0,3100,,'',0,7100,,'',0,3300,,'',0,7100,,'',0,3400,,'',0,8100,,'',0,10300,,'',0,10200,,'',0
'4737',3800,55800,,'',0,6700,,'',0,2400,,'',0,5200,,'',0,1400,,'',0,1200,,'',0,2300,,'',0,6800,,'',0,4000,,'',0,6800,,'',0,9900,,'',0,10100,,'',0,10300,,'',0,10100,,'',0,9500,,'',0,7900,,'',0,3100,,'',0,7100,,'',0,3300,,'',0,7100,,'',0,3400,,'',0,8100,,'',0,10300,,'',0,10200,,'',0
'4744',3800,55800,,'',0,6700,,'',0,2400,,'',0,5200,,'',0,1400,,'',0,1200,,'',0,2300,,'',0,6800,,'',0,4000,,'',0,6800,,'',0,9900,,'',0,10100,,'',0,10300,,'',0,10100,,'',0,9500,,'',0,7900,,'',0,3100,,'',0,7100,,'',0,3300,,'',0,7100,,'',0,3400,,'',0,8100,,'',0,10300,,'',0,10200,,'',0
'4731',4600,60800,,'',0,1700,,'',0,2500,,'',0,6700,,'',0,3900,,'',0,10100,,'',0,9700,,'',0,37800,,'',0,11000,,'',0,7400,,'',0,3700,,'',0,9500,,'',0,7000,,'',0,8700,,'',0
'4737',4600,60800,,'',0,1700,,'',0,2500,,'',0,6700,,'',0,3900,,'',0,10100,,'',0,9700,,'',0,37800,,'',0,11000,,'',0,7400,,'',0,3700,,'',0,9500,,'',0,7000,,'',0,8700,,'',0
'4744',4600,60800,,'',0,1700,,'',0,2500,,'',0,6700,,'',0,3900,,'',0,10100,,'',0,9700,,'',0,37800,,'',0,11000,,'',0,7400,,'',0,3700,,'',0,9500,,'',0,7000,,'',0,8700,,'',0
'4731',4800,64400,,'',0,6500,,'',0,2800,,'',0
'4737',4800,64400,,'',0,6500,,'',0,2800,,'',0
'4744',4800,64400,,'',0,6500,,'',0,2800,,'',0
'4731',6100,55200,,'',0,7900,,'',0,1500,,'',0,6100,,'',0,2400,,'',0,1900,,'',0,5800,,'',0,2800,,'',0
'4737',6100,55200,,'',0,7900,,'',0,1500,,'',0,6100,,'',0,2400,,'',0,1900,,'',0,5800,,'',0,2800,,'',0
'4744',6100,55200,,'',0,7900,,'',0,1500,,'',0,6100,,'',0,2400,,'',0,1900,,'',0,5800,,'',0,2800,,'',0
'4487',9500,60700,0,'Blink',0,3200,0,'Blink',0,6200,0,'Blink',0,1500,0,'Blink',0,1500,0,'Blink',0,1500,0,'Blink',0,5500,0,'Blink',0,1500,0,'Blink',0,1500,0,'Blink',0,1400,0,'Blink',0,1400,0,'Blink',0,5500,0,'Blink',0,1500,0,'Blink',0,1500,0,'Blink',0,1400,0,'Blink',0,5400,0,'Blink',0,1400,0,'Blink',0,1500,0,'Blink',0,1400,0,'Blink',0,5500,0,'Blink',0,1400,0,'Blink',0,1300,0,'Blink',0,1200,0,'Blink',0,5100,0,'Blink',0,1200,0,'Blink',0,1200,0,'Blink',0,1200,0,'Blink',0,1200,0,'Blink',0,1100,0,'Blink',0,5200,0,'Blink',0,1200,0,'Blink',0,1300,0,'Blink',0,1200,0,'Blink',0,1100,0,'Blink',0,5200,0,'Blink',0,1100,0,'Blink',0,1100,0,'Blink',0,1200,0,'Blink',0,1300,0,'Blink',0,5200,0,'Blink',0,1200,0,'Blink',0,1300,0,'Blink',0,1200,0,'Blink',0,1200,0,'Blink',0,5300,0,'Blink',0,1200,0,'Blink',0,1200,0,'Blink',0,1300,0,'Blink',0,5200,0,'Blink',0,1300,0,'Blink',0,1200,0,'Blink',0,1300,0,'Blink',0,1200,0,'Blink',0,5300,0,'Blink',0,1600,0,'Blink',0,1500,0,'Blink',0,1600,0,'Blink',0,5500,0,'Blink',0,1600,0,'Blink',0,1500,0,'Blink',0,1500,0,'Blink',0,5500,0,'Blink',0,1600,0,'Blink',0,1500,0,'Blink',0,1500,0,'Blink',0,5500,0,'Blink',0,2000,0,'Blink',0,2000,0,'Blink',0,6000,0,'Blink',0,2000,0,'Blink',0,3100,0,'Blink',0,7100,0,'Blink',0,7100,0,'Blink',0,3000,0,'Blink',0
'4731',9500,45900,0,'Blink',0,5800,0,'Blink',0,1700,0,'Blink',0,1500,0,'Blink',0,5500,0,'Blink',0,1000,0,'Blink',0,1100,0,'Blink',0,1000,0,'Blink',0,700,0,'Blink',0,800,0,'Blink',0,400,0,'Blink',0,300,0,'Blink',0,4700,0,'Blink',0,700,0,'Blink',0,800,0,'Blink',0,800,0,'Blink',0,700,0,'Blink',0,800,0,'Blink',0,700,0,'Blink',0,900,0,'Blink',0,4800,0,'Blink',0,1000,0,'Blink',0,1000,0,'Blink',0,1000,0,'Blink',0,1000,0,'Blink',0,1000,0,'Blink',0,5100,0,'Blink',0,1100,0,'Blink',0,1100,0,'Blink',0,1000,0,'Blink',0,1000,0,'Blink',0,1000,0,'Blink',0,5000,0,'Blink',0,1100,0,'Blink',0,1200,0,'Blink',0,1200,0,'Blink',0,1200,0,'Blink',0,5200,0,'Blink',0,1200,0,'Blink',0,1200,0,'Blink',0,1200,0,'Blink',0,1200,0,'Blink',0,5200,0,'Blink',0,1200,0,'Blink',0,1300,0,'Blink',0,1200,0,'Blink',0,1200,0,'Blink',0,5200,0,'Blink',0,1200,0,'Blink',0,1200,0,'Blink',0,1100,0,'Blink',0,1000,0,'Blink',0,5000,0,'Blink',0,1000,0,'Blink',0,1000,0,'Blink',0,1000,0,'Blink',0,1000,0,'Blink',0,1100,0,'Blink',0,5000,0,'Blink',0,1100,0,'Blink',0,1000,0,'Blink',0,1000,0,'Blink',0,1000,0,'Blink',0,1000,0,'Blink',0,5000,0,'Blink',0,1200,0,'Blink',0,1100,0,'Blink',0,1000,0,'Blink',0,1100,0,'Blink',0,900,0,'Blink',0,5200,0,'Blink',0,1300,0,'Blink',0,1200,0,'Blink',0,1300,0,'Blink',0,5300,0,'Blink',0,1300,0,'Blink',0,1400,0,'Blink',0,1300,0,'Blink',0,1200,0,'Blink',0,5200,0,'Blink',0,1500,0,'Blink',0,1500,0,'Blink',0,1600,0,'Blink',0,5500,0,'Blink',0,1500,0,'Blink',0,1500,0,'Blink',0,1500,0,'Blink',0,5500,0,'Blink',0,2000,0,'Blink',0,2000,0,'Blink',0,6100,0,'Blink',0,2000,0,'Blink',0,3000,0,'Blink',0,7200,0,'Blink',0,7100,0,'Blink',0,3000,0,'Blink',0
'4737',9500,45900,0,'Blink',0,5800,0,'Blink',0,1700,0,'Blink',0,1500,0,'Blink',0,5500,0,'Blink',0,1000,0,'Blink',0,1100,0,'Blink',0,1000,0,'Blink',0,700,0,'Blink',0,800,0,'Blink',0,400,0,'Blink',0,300,0,'Blink',0,4700,0,'Blink',0,700,0,'Blink',0,800,0,'Blink',0,800,0,'Blink',0,700,0,'Blink',0,800,0,'Blink',0,700,0,'Blink',0,900,0,'Blink',0,4800,0,'Blink',0,1000,0,'Blink',0,1000,0,'Blink',0,1000,0,'Blink',0,1000,0,'Blink',0,1000,0,'Blink',0,5100,0,'Blink',0,1100,0,'Blink',0,1100,0,'Blink',0,1000,0,'Blink',0,1000,0,'Blink',0,1000,0,'Blink',0,5000,0,'Blink',0,1100,0,'Blink',0,1200,0,'Blink',0,1200,0,'Blink',0,1200,0,'Blink',0,5200,0,'Blink',0,1200,0,'Blink',0,1200,0,'Blink',0,1200,0,'Blink',0,1200,0,'Blink',0,5200,0,'Blink',0,1200,0,'Blink',0,1300,0,'Blink',0,1200,0,'Blink',0,1200,0,'Blink',0,5200,0,'Blink',0,1200,0,'Blink',0,1200,0,'Blink',0,1100,0,'Blink',0,1000,0,'Blink',0,5000,0,'Blink',0,1000,0,'Blink',0,1000,0,'Blink',0,1000,0,'Blink',0,1000,0,'Blink',0,1100,0,'Blink',0,5000,0,'Blink',0,1100,0,'Blink',0,1000,0,'Blink',0,1000,0,'Blink',0,1000,0,'Blink',0,1000,0,'Blink',0,5000,0,'Blink',0,1200,0,'Blink',0,1100,0,'Blink',0,1000,0,'Blink',0,1100,0,'Blink',0,900,0,'Blink',0,5200,0,'Blink',0,1300,0,'Blink',0,1200,0,'Blink',0,1300,0,'Blink',0,5300,0,'Blink',0,1300,0,'Blink',0,1400,0,'Blink',0,1300,0,'Blink',0,1200,0,'Blink',0,5200,0,'Blink',0,1500,0,'Blink',0,1500,0,'Blink',0,1600,0,'Blink',0,5500,0,'Blink',0,1500,0,'Blink',0,1500,0,'Blink',0,1500,0,'Blink',0,5500,0,'Blink',0,2000,0,'Blink',0,2000,0,'Blink',0,6100,0,'Blink',0,2000,0,'Blink',0,3000,0,'Blink',0,7200,0,'Blink',0,7100,0,'Blink',0,3000,0,'Blink',0,7000,0,'Blink',0,3100,0,'Blink',0,7000,0,'Blink',0
'4740',9500,60700,0,'Blink',0,3200,0,'Blink',0,6200,0,'Blink',0,1500,0,'Blink',0,1500,0,'Blink',0,1500,0,'Blink',0,5500,0,'Blink',0,1500,0,'Blink',0,1500,0,'Blink',0,1400,0,'Blink',0,1400,0,'Blink',0,5500,0,'Blink',0,1500,0,'Blink',0,1500,0,'Blink',0,1400,0,'Blink',0,5400,0,'Blink',0,1400,0,'Blink',0,1500,0,'Blink',0,1400,0,'Blink',0,5500,0,'Blink',0,1400,0,'Blink',0,1300,0,'Blink',0,1200,0,'Blink',0,5100,0,'Blink',0,1200,0,'Blink',0,1200,0,'Blink',0,1200,0,'Blink',0,1200,0,'Blink',0,1100,0,'Blink',0,5200,0,'Blink',0,1200,0,'Blink',0,1300,0,'Blink',0,1200,0,'Blink',0,1100,0,'Blink',0,5200,0,'Blink',0,1100,0,'Blink',0,1100,0,'Blink',0,1200,0,'Blink',0,1300,0,'Blink',0,5200,0,'Blink',0,1200,0,'Blink',0,1300,0,'Blink',0,1200,0,'Blink',0,1200,0,'Blink',0,5300,0,'Blink',0,1200,0,'Blink',0,1200,0,'Blink',0,1300,0,'Blink',0,5200,0,'Blink',0,1300,0,'Blink',0,1200,0,'Blink',0,1300,0,'Blink',0,1200,0,'Blink',0,5300,0,'Blink',0,1600,0,'Blink',0,1500,0,'Blink',0,1600,0,'Blink',0,5500,0,'Blink',0,1600,0,'Blink',0,1500,0,'Blink',0,1500,0,'Blink',0,5500,0,'Blink',0,1600,0,'Blink',0,1500,0,'Blink',0,1500,0,'Blink',0,5500,0,'Blink',0,2000,0,'Blink',0,2000,0,'Blink',0,6000,0,'Blink',0,2000,0,'Blink',0,3100,0,'Blink',0,7100,0,'Blink',0,7100,0,'Blink',0,3000,0,'Blink',0,7000,0,'Blink',0,3000,0,'Blink',0,7000,0,'Blink',0
'4742',9500,60900,0,'Blink',0,3000,0,'Blink',0,2000,0,'Blink',0,6000,0,'Blink',0,2000,0,'Blink',0,1500,0,'Blink',0,5400,0,'Blink',0,1500,0,'Blink',0,1400,0,'Blink',0,1400,0,'Blink',0,5500,0,'Blink',0,1500,0,'Blink',0,1400,0,'Blink',0,1500,0,'Blink',0,5500,0,'Blink',0,1500,0,'Blink',0,1400,0,'Blink',0,1500,0,'Blink',0,5400,0,'Blink',0,1500,0,'Blink',0,1500,0,'Blink',0,1500,0,'Blink',0,5500,0,'Blink',0,1500,0,'Blink',0,1400,0,'Blink',0,1400,0,'Blink',0,5500,0,'Blink',0,1500,0,'Blink',0,1500,0,'Blink',0,1500,0,'Blink',0,5400,0,'Blink',0,1500,0,'Blink',0,1500,0,'Blink',0,1500,0,'Blink',0,1300,0,'Blink',0,5200,0,'Blink',0,1300,0,'Blink',0,1300,0,'Blink',0,1100,0,'Blink',0,1200,0,'Blink',0,5300,0,'Blink',0,1200,0,'Blink',0,1300,0,'Blink',0,1200,0,'Blink',0,5400,0,'Blink',0,1500,0,'Blink',0,1800,0,'Blink',0,1500,0,'Blink',0,5500,0,'Blink',0,1600,0,'Blink',0,1500,0,'Blink',0,1500,0,'Blink',0,5500,0,'Blink',0,1500,0,'Blink',0,1700,0,'Blink',0,1500,0,'Blink',0,5500,0,'Blink',0,1500,0,'Blink',0,1500,0,'Blink',0,1500,0,'Blink',0,5500,0,'Blink',0,2100,0,'Blink',0,2000,0,'Blink',0,6000,0,'Blink',0,2000,0,'Blink',0,7200,0,'Blink',0,3000,0,'Blink',0,7000,0,'Blink',0
'4743',9500,60700,0,'Blink',0,3200,0,'Blink',0,6200,0,'Blink',0,1500,0,'Blink',0,1500,0,'Blink',0,1500,0,'Blink',0,5500,0,'Blink',0,1500,0,'Blink',0,1500,0,'Blink',0,1400,0,'Blink',0,1400,0,'Blink',0,5500,0,'Blink',0,1500,0,'Blink',0,1500,0,'Blink',0,1400,0,'Blink',0,5400,0,'Blink',0,1400,0,'Blink',0,1500,0,'Blink',0,1400,0,'Blink',0,5500,0,'Blink',0,1400,0,'Blink',0,1300,0,'Blink',0,1200,0,'Blink',0,5100,0,'Blink',0,1200,0,'Blink',0,1200,0,'Blink',0,1200,0,'Blink',0,1200,0,'Blink',0,1100,0,'Blink',0,5200,0,'Blink',0,1200,0,'Blink',0,1300,0,'Blink',0,1200,0,'Blink',0,1100,0,'Blink',0,5200,0,'Blink',0,1100,0,'Blink',0,1100,0,'Blink',0,1200,0,'Blink',0,1300,0,'Blink',0,5200,0,'Blink',0,1200,0,'Blink',0,1300,0,'Blink',0,1200,0,'Blink',0,1200,0,'Blink',0,5300,0,'Blink',0,1200,0,'Blink',0,1200,0,'Blink',0,1300,0,'Blink',0,5200,0,'Blink',0,1300,0,'Blink',0,1200,0,'Blink',0,1300,0,'Blink',0,1200,0,'Blink',0,5300,0,'Blink',0,1600,0,'Blink',0,1500,0,'Blink',0,1600,0,'Blink',0,5500,0,'Blink',0,1600,0,'Blink',0,1500,0,'Blink',0,1500,0,'Blink',0,5500,0,'Blink',0,1600,0,'Blink',0,1500,0,'Blink',0,1500,0,'Blink',0,5500,0,'Blink',0,2000,0,'Blink',0,2000,0,'Blink',0,6000,0,'Blink',0,2000,0,'Blink',0,3100,0,'Blink',0,7100,0,'Blink',0,7100,0,'Blink',0,3000,0,'Blink',0
'4744',9500,45900,0,'Blink',0,5800,0,'Blink',0,1700,0,'Blink',0,1500,0,'Blink',0,5500,0,'Blink',0,1000,0,'Blink',0,1100,0,'Blink',0,1000,0,'Blink',0,700,0,'Blink',0,800,0,'Blink',0,400,0,'Blink',0,300,0,'Blink',0,4700,0,'Blink',0,700,0,'Blink',0,800,0,'Blink',0,800,0,'Blink',0,700,0,'Blink',0,800,0,'Blink',0,700,0,'Blink',0,900,0,'Blink',0,4800,0,'Blink',0,1000,0,'Blink',0,1000,0,'Blink',0,1000,0,'Blink',0,1000,0,'Blink',0,1000,0,'Blink',0,5100,0,'Blink',0,1100,0,'Blink',0,1100,0,'Blink',0,1000,0,'Blink',0,1000,0,'Blink',0,1000,0,'Blink',0,5000,0,'Blink',0,1100,0,'Blink',0,1200,0,'Blink',0,1200,0,'Blink',0,1200,0,'Blink',0,5200,0,'Blink',0,1200,0,'Blink',0,1200,0,'Blink',0,1200,0,'Blink',0,1200,0,'Blink',0,5200,0,'Blink',0,1200,0,'Blink',0,1300,0,'Blink',0,1200,0,'Blink',0,1200,0,'Blink',0,5200,0,'Blink',0,1200,0,'Blink',0,1200,0,'Blink',0,1100,0,'Blink',0,1000,0,'Blink',0,5000,0,'Blink',0,1000,0,'Blink',0,1000,0,'Blink',0,1000,0,'Blink',0,1000,0,'Blink',0,1100,0,'Blink',0,5000,0,'Blink',0,1100,0,'Blink',0,1000,0,'Blink',0,1000,0,'Blink',0,1000,0,'Blink',0,1000,0,'Blink',0,5000,0,'Blink',0,1200,0,'Blink',0,1100,0,'Blink',0,1000,0,'Blink',0,1100,0,'Blink',0,900,0,'Blink',0,5200,0,'Blink',0,1300,0,'Blink',0,1200,0,'Blink',0,1300,0,'Blink',0,5300,0,'Blink',0,1300,0,'Blink',0,1400,0,'Blink',0,1300,0,'Blink',0,1200,0,'Blink',0,5200,0,'Blink',0,1500,0,'Blink',0,1500,0,'Blink',0,1600,0,'Blink',0,5500,0,'Blink',0,1500,0,'Blink',0,1500,0,'Blink',0,1500,0,'Blink',0,5500,0,'Blink',0,2000,0,'Blink',0,2000,0,'Blink',0,6100,0,'Blink',0,2000,0,'Blink',0,3000,0,'Blink',0,7200,0,'Blink',0,7100,0,'Blink',0,3000,0,'Blink',0
'4745',9500,60900,0,'Blink',0,3000,0,'Blink',0,2000,0,'Blink',0,6000,0,'Blink',0,2000,0,'Blink',0,1500,0,'Blink',0,5400,0,'Blink',0,1500,0,'Blink',0,1400,0,'Blink',0,1400,0,'Blink',0,5500,0,'Blink',0,1500,0,'Blink',0,1400,0,'Blink',0,1500,0,'Blink',0,5500,0,'Blink',0,1500,0,'Blink',0,1400,0,'Blink',0,1500,0,'Blink',0,5400,0,'Blink',0,1500,0,'Blink',0,1500,0,'Blink',0,1500,0,'Blink',0,5500,0,'Blink',0,1500,0,'Blink',0,1400,0,'Blink',0,1400,0,'Blink',0,5500,0,'Blink',0,1500,0,'Blink',0,1500,0,'Blink',0,1500,0,'Blink',0,5400,0,'Blink',0,1500,0,'Blink',0,1500,0,'Blink',0,1500,0,'Blink',0,1300,0,'Blink',0,5200,0,'Blink',0,1300,0,'Blink',0,1300,0,'Blink',0,1100,0,'Blink',0,1200,0,'Blink',0,5300,0,'Blink',0,1200,0,'Blink',0,1300,0,'Blink',0,1200,0,'Blink',0,5400,0,'Blink',0,1500,0,'Blink',0,1800,0,'Blink',0,1500,0,'Blink',0,5500,0,'Blink',0,1600,0,'Blink',0,1500,0,'Blink',0,1500,0,'Blink',0,5500,0,'Blink',0,1500,0,'Blink',0,1700,0,'Blink',0,1500,0,'Blink',0,5500,0,'Blink',0,1500,0,'Blink',0,1500,0,'Blink',0,1500,0,'Blink',0,5500,0,'Blink',0,2100,0,'Blink',0,2000,0,'Blink',0,6000,0,'Blink',0,2000,0,'Blink',0,7200,0,'Blink',0,3000,0,'Blink',0,7000,0,'Blink',0
'4731',24005100,61900,,'',0,2800,,'',0,5800,,'',0,900,,'',0,1500,,'',0,2600,,'',0,5000,,'',0,3700,,'',0,10800,,'',0,10000,,'',0,10000,,'',0,10000,,'',0,10100,,'',0,10200,,'',0,14700,,'',0,2500,,'',0,3000,,'',0
'4737',24005100,61900,,'',0,2800,,'',0,5800,,'',0,900,,'',0,1500,,'',0,2600,,'',0,5000,,'',0,3700,,'',0,10800,,'',0,10000,,'',0,10000,,'',0,10000,,'',0,10100,,'',0,10200,,'',0,14700,,'',0,2500,,'',0,3000,,'',0
'4744',24005100,61900,,'',0,2800,,'',0,5800,,'',0,900,,'',0,1500,,'',0,2600,,'',0,5000,,'',0,3700,,'',0,10800,,'',0,10000,,'',0,10000,,'',0,10000,,'',0,10100,,'',0,10200,,'',0,14700,,'',0,2500,,'',0,3000,,'',0
