3800,'4623',616,,72301,14,,,0,34,,72302,14,,,0,70,,72299,14,,,0,24,,72298,14,,,0,72,,72306,14,,,0,30,,72300,14,,,0,68,,72304,14,,,0,101,,72305,14,,,0,101,,72303,14,,,0,102,,72307,14,,,0,101,,72309,14,,,0,94,,72314,14,,,0,39,,72311,14,,,0,71,,72316,14,,,0,30,,72308,14,,,0,71,,72310,14,,,0,35,,72313,14,,,0,73,,72312,14,,,0,83,,72318,14,,,0,104,,72315,14,,,0,102,,72317,14,,,0
3800,'5222',616,,72322,14,,,0,34,,72323,14,,,0,70,,72320,14,,,0,24,,72319,14,,,0,72,,72327,14,,,0,30,,72321,14,,,0,68,,72325,14,,,0,101,,72326,14,,,0,101,,72324,14,,,0,102,,72328,14,,,0,101,,72330,14,,,0,94,,72335,14,,,0,39,,72332,14,,,0,71,,72337,14,,,0,30,,72329,14,,,0,71,,72331,14,,,0,35,,72334,14,,,0,73,,72333,14,,,0,83,,72339,14,,,0,104,,72336,14,,,0,102,,72338,14,,,0
5401,'4623',535,,73486,6,,,0,169,,73489,6,,,0,130,,73490,6,,,0,217,,73491,6,,,0,198,,73487,6,,,0,171,,73492,6,,,0,105,,73488,6,,,0,185,,73493,6,,,0,191,,73494,6,,,0,200,,73495,6,,,0
5401,'4833',730,,73499,6,,,0,201,,73496,6,,,0,210,,73497,6,,,0,205,,73498,6,,,0,210,,73502,6,,,0,250,,73501,6,,,0,225,,73500,6,,,0
5401,'5015',730,,73509,6,,,0,201,,73506,6,,,0,210,,73507,6,,,0,205,,73508,6,,,0,210,,73505,6,,,0,250,,73504,6,,,0,225,,73503,6,,,0
5401,'5222',535,,73510,6,,,0,169,,73513,6,,,0,130,,73514,6,,,0,217,,73515,6,,,0,198,,73511,6,,,0,171,,73516,6,,,0,105,,73512,6,,,0,185,,73517,6,,,0,191,,73518,6,,,0,200,,73519,6,,,0
5401,'5365',730,,73522,6,,,0,201,,73523,6,,,0,210,,73520,6,,,0,205,,73521,6,,,0,210,,73524,6,,,0,250,,73526,6,,,0,225,,73525,6,,,0
5401,'5390',730,,73529,6,,,0,201,,73530,6,,,0,210,,73527,6,,,0,205,,73528,6,,,0,210,,73531,6,,,0,250,,73533,6,,,0,225,,73532,6,,,0
5501,'4623',633,,73582,6,,,0,168,,73583,6,,,0,205,,73588,6,,,0,136,,73584,6,,,0,199,,73585,6,,,0,107,,73586,6,,,0,195,,73587,6,,,0,194,,73590,6,,,0,194,,73589,6,,,0
5501,'4833',836,,73595,6,,,0,211,,73592,6,,,0,205,,73593,6,,,0,205,,73594,6,,,0,250,,73591,6,,,0,205,,73596,6,,,0
5501,'5015',836,,73602,6,,,0,211,,73599,6,,,0,205,,73600,6,,,0,205,,73601,6,,,0,250,,73597,6,,,0,205,,73598,6,,,0
5501,'5222',633,,73603,6,,,0,168,,73604,6,,,0,205,,73609,6,,,0,136,,73605,6,,,0,199,,73606,6,,,0,107,,73607,6,,,0,195,,73608,6,,,0,194,,73611,6,,,0,194,,73610,6,,,0
5501,'5365',836,,73612,6,,,0,211,,73614,6,,,0,205,,73615,6,,,0,205,,73613,6,,,0,250,,73617,6,,,0,204,,73616,6,,,0
5501,'5390',836,,73618,6,,,0,211,,73620,6,,,0,205,,73621,6,,,0,205,,73619,6,,,0,250,,73623,6,,,0,204,,73622,6,,,0
