7201,'4487',741,,16920,,,0,99,,16921,,,0,73,,16922,,,0,32,,16923,,,0,70,,16924,,,0,32,2,16925,,,0,70,2,16926,,,0,31,2,16927,,,0,70,2,16928,,,0,30,2,16919,,,0,70,2,16929,,,0,29,,16930,,,0,71,,16931,,,0,34,,16932,,,0,71,,16933,,,0,29,,16934,,,0,71,,16935,,,0,29,,16936,,,0,66,,16937,,,0,27,,16938,,,0,70,,16939,,,0,29,,16940,,,0,70,,16941,,,0,28,,16942,,,0,70,,16943,,,0,31,,16944,,,0,69,,16945,,,0,30,,16946,,,0,101,,16947,,,0,97,,16948,,,0,98,,16949,,,0
7201,'4744',612,,17008,,,0,41,,16998,,,0,71,,17009,,,0,33,,17000,,,0,72,,16984,,,0,20,,16985,,,0,67,,17007,,,0,29,,17013,,,0,70,,16991,,,0,30,,17006,,,0,70,,16999,,,0,33,,16981,,,0,70,,17010,,,0,30,,16997,,,0,71,,16989,,,0,30,,16982,,,0,71,2,16983,,,0,32,2,16990,,,0,72,2,16988,,,0,31,2,17014,,,0,72,2,16987,,,0,26,2,16992,,,0,68,2,16996,,,0,29,,16994,,,0,70,,16995,,,0,27,,16993,,,0,70,,17015,,,0,29,,17002,,,0,70,,17003,,,0,30,,17001,,,0,70,,17004,,,0,30,,17005,,,0,96,,17012,,,0,98,,17011,,,0,99,,17016,,,0
7201,'4745',740,,17018,,,0,100,,17019,,,0,101,,17020,,,0,106,,17021,,,0,100,,17022,,,0,70,,17023,,,0,30,,17017,,,0,70,2,17024,,,0,30,2,17025,,,0,70,2,17026,,,0,30,2,17027,,,0,71,2,17028,,,0,29,,17029,,,0,70,,17030,,,0,29,,17031,,,0,70,,17032,,,0,34,,17033,,,0,70,,17034,,,0,29,,17035,,,0,69,,17036,,,0,30,,17037,,,0,69,,17038,,,0,30,,17039,,,0,70,,17040,,,0,30,,17041,,,0,100,,17042,,,0,98,,17043,,,0
7201,'4947',612,,17068,,,0,41,,17058,,,0,71,,17069,,,0,33,,17060,,,0,72,,17047,,,0,87,,17067,,,0,29,,17073,,,0,70,,17052,,,0,30,,17066,,,0,70,,17059,,,0,33,,17044,,,0,70,,17070,,,0,30,,17057,,,0,71,,17051,,,0,30,,17045,,,0,71,2,17046,,,0,104,2,17050,,,0,31,2,17074,,,0,72,2,17049,,,0,26,2,17053,,,0,68,2,17056,,,0,29,,17055,,,0,97,,17054,,,0,70,,17075,,,0,29,,17062,,,0,70,,17063,,,0,30,,17061,,,0,70,,17064,,,0,30,,17065,,,0,96,,17072,,,0,98,,17071,,,0,99,,17076,,,0
7201,'4948',849,,17077,,,0,603,2,17078,,,0,368,,17079,,,0
7201,'4951',849,,17081,,,0,606,2,17080,,,0,365,,17082,,,0
7201,'4952',612,,17110,,,0,41,,17100,,,0,71,,17111,,,0,33,,17102,,,0,72,,17086,,,0,20,,17088,,,0,67,,17109,,,0,29,,17115,,,0,70,,17093,,,0,30,,17108,,,0,70,,17101,,,0,33,,17083,,,0,70,,17112,,,0,30,,17099,,,0,71,,17092,,,0,30,,17084,,,0,71,2,17085,,,0,35,2,17087,,,0,69,2,17091,,,0,31,2,17116,,,0,72,2,17090,,,0,26,2,17094,,,0,68,2,17098,,,0,29,,17096,,,0,70,,17097,,,0,27,,17095,,,0,70,,17117,,,0,29,,17104,,,0,70,,17105,,,0,30,,17103,,,0,70,,17106,,,0,30,,17107,,,0,96,,17114,,,0,98,,17113,,,0,99,,17118,,,0
7201,'4953',741,,17120,,,0,99,,17121,,,0,73,,17122,,,0,32,,17123,,,0,70,,17124,,,0,32,2,17125,,,0,70,2,17126,,,0,31,2,17127,,,0,70,2,17128,,,0,30,2,17119,,,0,70,2,17129,,,0,29,,17130,,,0,71,,17131,,,0,34,,17132,,,0,71,,17133,,,0,29,,17134,,,0,71,,17135,,,0,29,,17136,,,0,66,,17137,,,0,27,,17138,,,0,70,,17139,,,0,29,,17140,,,0,70,,17141,,,0,28,,17142,,,0,70,,17143,,,0,31,,17144,,,0,69,,17145,,,0,30,,17146,,,0,101,,17147,,,0,97,,17148,,,0,98,,17149,,,0
7201,'4954',740,,17151,,,0,100,,17152,,,0,101,,17153,,,0,106,,17154,,,0,100,,17155,,,0,70,,17156,,,0,30,,17150,,,0,70,2,17157,,,0,30,2,17158,,,0,70,2,17159,,,0,30,2,17160,,,0,71,2,17161,,,0,29,,17162,,,0,70,,17163,,,0,29,,17164,,,0,70,,17165,,,0,34,,17166,,,0,70,,17167,,,0,29,,17168,,,0,69,,17169,,,0,30,,17170,,,0,69,,17171,,,0,30,,17172,,,0,70,,17173,,,0,30,,17174,,,0,100,,17175,,,0,98,,17176,,,0
7501,'4487',808,3,17409,,,0,100,3,17410,,,0,113,3,22432,,,0,104,3,22433,,,0,101,3,17413,,,0,30,3,22434,,,0,70,3,17415,,,0,30,3,22435,,,0,70,3,17417,,,0,74,43,22436,,,0,30,3,22437,,,0,70,43,17420,,,0,30,3,17421,,,0,70,43,22438,,,0,30,3,22439,,,0,96,3,22440,,,0,95,3,22441,,,0,99,3,17426,,,0,100,3,22442,,,0,100,3,22443,,,0
7501,'4744',607,3,17454,,,0,28,3,17455,,,0,24,3,17456,,,0,59,3,17457,,,0,25,3,17458,,,0,65,3,17459,,,0,19,3,17460,,,0,20,3,17461,,,0,63,3,17462,,,0,32,3,17463,,,0,80,3,17464,,,0,30,3,17465,,,0,73,3,17466,,,0,29,3,17467,,,0,70,3,17468,,,0,31,3,17469,,,0,70,3,17470,,,0,30,3,17471,,,0,72,3,22444,,,0,73,43,17473,,,0,32,3,17474,,,0,22,3,17490,,,0,48,43,17475,,,0,18,3,17476,,,0,14,3,17477,,,0,9,3,17478,,,0,15,3,22445,,,0,45,3,17480,,,0,27,3,17481,,,0,27,3,17482,,,0,69,3,17483,,,0,99,3,17484,,,0,97,3,17485,,,0,100,3,22446,,,0,98,3,17487,,,0
7501,'4745',908,3,17493,,,0,110,3,22448,,,0,101,3,22449,,,0,104,3,17496,,,0,31,3,17497,,,0,70,3,22450,,,0,30,3,17499,,,0,70,3,22451,,,0,31,3,17501,,,0,71,3,17502,,,0,30,3,22452,,,0,70,3,17504,,,0,100,3,22453,,,0,101,3,22454,,,0,99,3,22455,,,0,99,3,17508,,,0,99,3,22456,,,0,100,3,17510,,,0
7501,'4947',607,3,17513,,,0,28,3,17514,,,0,24,3,17515,,,0,59,3,17516,,,0,25,3,17517,,,0,65,3,17518,,,0,19,3,17519,,,0,20,3,17520,,,0,63,3,17521,,,0,32,3,17522,,,0,80,3,17523,,,0,30,3,17524,,,0,73,3,17525,,,0,29,3,17526,,,0,70,3,17527,,,0,31,3,17528,,,0,70,3,17529,,,0,30,3,17530,,,0,72,3,22457,,,0,73,43,17532,,,0,32,3,17533,,,0,22,3,17547,,,0,48,43,17534,,,0,18,3,17535,,,0,14,3,17536,,,0,9,3,17537,,,0,15,3,22458,,,0,45,3,17539,,,0,27,3,17540,,,0,27,3,17541,,,0,69,3,17542,,,0,99,3,17543,,,0,197,3,22459,,,0,98,3,17545,,,0
7501,'4949',2022,3,17550,,,0
7501,'4950',2022,3,17548,,,0
7501,'4952',607,3,17552,,,0,28,3,17553,,,0,24,3,17554,,,0,59,3,17555,,,0,25,3,17556,,,0,65,3,17557,,,0,19,3,17558,,,0,20,3,17559,,,0,63,3,17560,,,0,32,3,17561,,,0,80,3,17562,,,0,30,3,17563,,,0,73,3,17564,,,0,29,3,17565,,,0,70,3,17566,,,0,31,3,17567,,,0,70,3,17568,,,0,30,3,17569,,,0,72,3,22461,,,0,73,43,17571,,,0,32,3,17572,,,0,22,3,17588,,,0,48,43,17573,,,0,18,3,17574,,,0,14,3,17575,,,0,9,3,17576,,,0,15,3,22462,,,0,45,3,17578,,,0,27,3,17579,,,0,27,3,17580,,,0,69,3,17581,,,0,99,3,17582,,,0,97,3,17583,,,0,100,3,22463,,,0,98,3,17585,,,0
7501,'4953',808,3,17590,,,0,100,3,17591,,,0,113,3,17592,,,0,104,3,17593,,,0,101,3,17594,,,0,30,3,17595,,,0,70,3,17596,,,0,30,3,22465,,,0,70,3,17598,,,0,74,43,17599,,,0,30,3,22466,,,0,70,43,17601,,,0,30,3,22467,,,0,70,43,22468,,,0,30,3,17604,,,0,96,3,22469,,,0,95,3,17606,,,0,99,3,17607,,,0,100,3,17608,,,0,100,3,22470,,,0
7501,'4954',908,3,17614,,,0,110,3,22471,,,0,101,3,22472,,,0,104,3,17617,,,0,31,3,17618,,,0,70,3,17619,,,0,30,3,22473,,,0,70,3,17621,,,0,31,3,17622,,,0,71,3,22474,,,0,30,3,17624,,,0,70,3,22475,,,0,100,3,17626,,,0,101,3,17627,,,0,99,3,22476,,,0,99,3,17629,,,0,99,3,17630,,,0,100,3,17631,,,0
