801,'5036',647,,38812,16,,,0,76,,38813,16,,,0,24,,38814,16,,,0,66,,38815,16,,,0,35,,38816,16,,,0,85,,38811,16,,,0,84,,38817,16,,,0,32,,38833,16,,,0,82,,38818,16,,,0,85,,38819,16,,,0,39,,38820,16,,,0,85,,38821,16,,,0,87,,38822,16,,,0,27,,38823,16,0,8 9,0,57,,38824,16,,,0,32,,38834,16,,,0,74,,38825,16,,,0,36,,38826,16,,,0,84,,38827,16,,,0,70,,38835,16,,,0,32,,38828,16,,,0,74,,38829,16,,,0,87,,38830,16,,,0,57,,38831,16,,,0,84,,38832,16,,,0
801,'5040',647,,38837,16,,,0,76,,38838,16,,,0,24,,38839,16,,,0,66,,38840,16,,,0,35,,38841,16,,,0,85,,38836,16,,,0,84,,38842,16,,,0,32,,38858,16,,,0,82,,38843,16,,,0,85,,38844,16,,,0,39,,38845,16,,,0,85,,38846,16,,,0,87,,38847,16,,,0,27,,38848,16,0,8 9,0,57,,38849,16,,,0,32,,38859,16,,,0,74,,38850,16,,,0,36,,38851,16,,,0,84,,38852,16,,,0,70,,38860,16,,,0,32,,38853,16,,,0,74,,38854,16,,,0,87,,38855,16,,,0,57,,38856,16,,,0,84,,38857,16,,,0
801,'5041',723,,38862,16,0,8 9,0,85,,38863,16,0,8 9,0,45,,38864,16,0,8 9,0,87,,38865,16,0,8 9,0,85,,38866,16,0,8 9,0,91,,38867,16,0,8 9,0,88,,38868,16,0,8 9,0,51,,38869,16,0,8 9,0,92,,38861,16,0,8 9,0,90,,38870,16,0,8 9,0,92,,38871,16,0,8 9,0,90,,38872,16,0,8 9,0,91,,38873,16,0,8 9,0,46,,38874,16,0,8 9,0,84,,38875,16,0,8 9,0
801,'5078',939,,38877,16,0,8 9,0,86,,38878,16,0,8 9,0,90,,38879,16,0,8 9,0,88,,38880,16,0,8 9,0,50,,38876,16,0,8 9,0,92,,38881,16,0,8 9,0,91,,38882,16,0,8 9,0,92,,38883,16,0,8 9,0,90,,38884,16,0,8 9,0,91,,38885,16,0,8 9,0,46,,38886,16,0,8 9,0
801,'5079',939,,38888,16,0,8 9,0,86,,38889,16,0,8 9,0,90,,38890,16,0,8 9,0,88,,38891,16,0,8 9,0,50,,38887,16,0,8 9,0,92,,38892,16,0,8 9,0,91,,38893,16,0,8 9,0,92,,38894,16,0,8 9,0,90,,38895,16,0,8 9,0,91,,38896,16,0,8 9,0,46,,38897,16,0,8 9,0
1400,'5036',617,,39603,42,,,0,20,,39611,42,,,0,18,,39622,42,,,0,56,,39604,42,,,0,15,,39632,42,,,0,14,,39612,42,,,0,14,,39651,42,,,0,53,,39614,42,,,0,14,,39605,42,,,0,15,,39623,42,,,0,13,,39608,42,,,0,55,,39640,42,,,0,14,,39615,42,,,0,12,,39606,42,,,0,14,,39624,42,,,0,12,,39609,42,,,0,54,,39652,42,,,0,15,,39616,42,,,0,15,,39610,42,,,0,16,,39625,42,,,0,55,,39607,42,,,0,15,,39639,42,,,0,15,,39613,42,,,0,16,,39620,42,,,0,55,,39619,42,,,0,15,,39655,42,,,0,15,,39621,42,,,0,15,,39669,42,,,0,55,,39618,42,,,0,15,,39630,42,,,0,15,,39617,42,,,0,15,,39631,42,,,0,55,,39629,42,,,0,15,,39626,42,,,0,15,,39653,42,,,0,15,,39654,42,,,0,56,,39628,42,,,0,16,,39627,42,,,0,15,,39641,42,,,0,15,,39638,42,,,0,55,,39636,42,,,0,15,,39637,42,,,0,15,,39635,42,,,0,15,,39671,42,,,0,55,,39633,42,,,0,14,,39642,42,,,0,14,,39634,42,,,0,15,,39665,42,,,0,54,,39648,42,,,0,15,,39643,42,,,0,15,,39645,42,,,0,15,,39644,42,,,0,55,,39646,42,,,0,14,,39647,42,,,0,31,,39649,42,,,0,59,,39650,42,,,0,19,,39660,42,,,0,20,,39659,42,,,0,60,,39656,42,,,0,20,,39661,42,,,0,20,,39657,42,,,0,59,,39658,42,,,0,21,,39662,42,,,0,70,,39666,42,,,0,30,,39664,42,,,0,70,,39667,42,,,0,29,,39668,42,,,0
1400,'5040',617,,39672,42,,,0,20,,39680,42,,,0,18,,39691,42,,,0,56,,39673,42,,,0,15,,39701,42,,,0,14,,39681,42,,,0,14,,39721,42,,,0,53,,39683,42,,,0,14,,39674,42,,,0,15,,39692,42,,,0,13,,39677,42,,,0,55,,39709,42,,,0,14,,39684,42,,,0,12,,39675,42,,,0,14,,39693,42,,,0,12,,39678,42,,,0,54,,39722,42,,,0,15,,39685,42,,,0,15,,39679,42,,,0,16,,39694,42,,,0,55,,39676,42,,,0,15,,39708,42,,,0,15,,39682,42,,,0,16,,39689,42,,,0,55,,39688,42,,,0,15,,39725,42,,,0,15,,39690,42,,,0,15,,39739,42,,,0,55,,39687,42,,,0,15,,39699,42,,,0,15,,39686,42,,,0,15,,39700,42,,,0,55,,39698,42,,,0,15,,39695,42,,,0,15,,39723,42,,,0,15,,39724,42,,,0,56,,39697,42,,,0,16,,39696,42,,,0,15,,39710,42,,,0,15,,39707,42,,,0,55,,39705,42,,,0,15,,39706,42,,,0,15,,39704,42,,,0,15,,39745,42,,,0,55,,39702,42,,,0,14,,39712,42,,,0,14,,39703,42,,,0,15,,39735,42,,,0,54,,39718,42,,,0,15,,39713,42,,,0,15,,39715,42,,,0,15,,39714,42,,,0,55,,39716,42,,,0,14,,39717,42,,,0,15,,39711,42,,,0,16,,39719,42,,,0,59,,39720,42,,,0,19,,39730,42,,,0,20,,39729,42,,,0,60,,39726,42,,,0,20,,39731,42,,,0,20,,39727,42,,,0,59,,39728,42,,,0,21,,39732,42,,,0,70,,39736,42,,,0,30,,39734,42,,,0,70,,39737,42,,,0,29,,39738,42,,,0,70,,39741,42,,,0,30,,39743,42,,,0,70,,39740,42,,,0,30,,39742,42,,,0
1400,'5041',655,,39770,42,,,0,61,,39771,42,,,0,19,,39754,42,,,0,19,,39769,42,,,0,56,,39748,42,,,0,15,,39753,42,,,0,15,,39752,42,,,0,15,,39768,42,,,0,55,,39766,42,,,0,15,,39751,42,,,0,15,,39747,42,,,0,15,,39767,42,,,0,55,,39746,42,,,0,16,,39756,42,,,0,15,,39758,42,,,0,15,,39772,42,,,0,56,,39774,42,,,0,15,,39759,42,,,0,16,,39750,42,,,0,16,,39773,42,,,0,56,,39749,42,,,0,16,,39755,42,,,0,15,,39762,42,,,0,55,,39775,42,,,0,15,,39760,42,,,0,15,,39776,42,,,0,15,,39761,42,,,0,55,,39763,42,,,0,15,,39777,42,,,0,16,,39765,42,,,0,15,,39757,42,,,0,56,,39764,42,,,0,15,,39788,42,,,0,15,,39786,42,,,0,15,,39789,42,,,0,55,,39783,42,,,0,15,,39782,42,,,0,14,,39779,42,,,0,15,,39790,42,,,0,54,,39784,42,,,0,15,,39785,42,,,0,15,,39792,42,,,0,15,,39787,42,,,0,55,,39780,42,,,0,15,,39781,42,,,0,14,,39791,42,,,0,14,,39778,42,,,0,14,,39796,42,,,0,55,,39793,42,,,0,15,,39794,42,,,0,15,,39795,42,,,0,16,,39797,42,,,0,60,,39799,42,,,0,20,,39800,42,,,0,20,,39801,42,,,0,60,,39802,42,,,0,19,,39798,42,,,0,20,,39806,42,,,0,60,,39805,42,,,0,21,,39804,42,,,0,67,,39803,42,,,0,30,,39807,42,,,0,70,,39808,42,,,0,30,,39809,42,,,0,70,,39810,42,,,0,29,,39811,42,,,0,68,,39812,42,,,0,29,,39813,42,,,0
1400,'5075',1940,,39814,42,,,0
1400,'5076',1940,,39815,42,,,0
1400,'5078',647,,39860,42,,,0,70,,39848,42,,,0,30,,39870,42,,,0,64,,39855,42,,,0,20,,39826,42,,,0,15,,39873,42,,,0,55,,39854,42,,,0,16,,39839,42,,,0,15,,39846,42,,,0,16,,39867,42,,,0,55,,39830,42,,,0,15,,39858,42,,,0,15,,39827,42,,,0,15,,39857,42,,,0,55,,39831,42,,,0,15,,39840,42,,,0,15,,39847,42,,,0,15,,39869,42,,,0,55,,39829,42,,,0,16,,39859,42,,,0,15,,39832,42,,,0,16,,39856,42,,,0,55,,39828,42,,,0,15,,39837,42,,,0,14,,39817,42,,,0,15,,39844,42,,,0,55,,39866,42,,,0,15,,39819,42,,,0,15,,39853,42,,,0,15,,39823,42,,,0,55,,39850,42,,,0,15,,39824,42,,,0,15,,39835,42,,,0,15,,39816,42,,,0,55,,39843,42,,,0,15,,39865,42,,,0,15,,39822,42,,,0,15,,39851,42,,,0,55,,39820,42,,,0,15,,39852,42,,,0,15,,39821,42,,,0,15,,39838,42,,,0,55,,39818,42,,,0,14,,39845,42,,,0,15,,39868,42,,,0,15,,39825,42,,,0,54,,39862,42,,,0,18,,39864,42,,,0,20,,39834,42,,,0,60,,39836,42,,,0,20,,39849,42,,,0,21,,39872,42,,,0,69,,39861,42,,,0,29,,39833,42,,,0,70,,39841,42,,,0,30,,39871,42,,,0,69,,39863,42,,,0,29,,39842,42,,,0
1400,'5079',647,,39918,42,,,0,70,,39906,42,,,0,30,,39928,42,,,0,64,,39913,42,,,0,20,,39884,42,,,0,15,,39931,42,,,0,55,,39912,42,,,0,16,,39897,42,,,0,15,,39904,42,,,0,16,,39925,42,,,0,55,,39888,42,,,0,15,,39916,42,,,0,15,,39885,42,,,0,15,,39915,42,,,0,55,,39889,42,,,0,15,,39898,42,,,0,15,,39905,42,,,0,15,,39927,42,,,0,55,,39887,42,,,0,16,,39917,42,,,0,15,,39890,42,,,0,16,,39914,42,,,0,55,,39886,42,,,0,15,,39895,42,,,0,14,,39875,42,,,0,15,,39902,42,,,0,55,,39924,42,,,0,15,,39877,42,,,0,15,,39911,42,,,0,15,,39881,42,,,0,55,,39908,42,,,0,15,,39882,42,,,0,15,,39893,42,,,0,15,,39874,42,,,0,55,,39901,42,,,0,15,,39923,42,,,0,15,,39880,42,,,0,15,,39909,42,,,0,55,,39878,42,,,0,15,,39910,42,,,0,15,,39879,42,,,0,15,,39896,42,,,0,55,,39876,42,,,0,14,,39903,42,,,0,15,,39926,42,,,0,15,,39883,42,,,0,54,,39920,42,,,0,18,,39922,42,,,0,20,,39892,42,,,0,60,,39894,42,,,0,20,,39907,42,,,0,21,,39930,42,,,0,69,,39919,42,,,0,29,,39891,42,,,0,70,,39899,42,,,0,30,,39929,42,,,0,69,,39921,42,,,0,29,,39900,42,,,0
