3201,'5036',734,,44063,37,4,,0,84,,44064,37,4,,0
3201,'5040',734,,44081,37,4,,0,84,,44082,37,4,,0
4700,'5036',715,,44662,53,4,,0,25,,44661,53,4,,0,66,,44660,53,4,,0
4700,'5040',715,,44665,53,4,,0,25,,44664,53,4,,0,66,,44663,53,4,,0
4800,'5036',713,,44674,57,4,,0,28,,44673,57,4,,0,70,,44672,57,4,,0
4800,'5040',713,,44677,57,4,,0,28,,44676,57,4,,0,70,,44675,57,4,,0
5300,'5036',750,,45099,50,4,,0
5300,'5040',750,,45110,50,4,,0
6100,'5036',614,,46009,77,4,,0,45,,46007,77,4,,0,56,,46010,77,4,,0,24,,46011,77,4,,0,66,,46013,77,4,,0,19,,46017,77,4,,0,18,,46024,77,4,,0,68,,46026,77,4,,0
6100,'5040',614,,46044,77,4,,0,45,,46042,77,4,,0,56,,46045,77,4,,0,24,,46046,77,4,,0,66,,46048,77,4,,0,19,,46052,77,4,,0,18,,46059,77,4,,0,68,,46061,77,4,,0
6500,'5036',640,,46333,62,4,,0,106,,46335,62,4,,0,68,,46336,62,4,,0,41,,46334,62,4,,0
6500,'5040',640,,46337,62,4,,0,106,,46339,62,4,,0,68,,46340,62,4,,0,41,,46338,62,4,,0
7001,'5036',748,,46474,20,4,,0,108,,46469,20,4,,0,97,,46477,20,4,,0,99,,46470,20,4,,0,206,,46483,20,4,,0,101,,46481,20,4,,0,142,,46471,20,4,,0,106,,46476,20,4,,0,99,,46479,20,4,,0,27,,46472,20,4,,0,71,,46473,20,4,,0,52,,46475,20,4,,0,97,,46478,20,4,,0,99,,46485,20,4,,0,100,,46480,20,4,,0,97,,46484,20,4,,0,99,,46482,20,4,,0
7001,'5040',748,,46492,20,4,,0,108,,46486,20,4,,0,97,,46495,20,4,,0,99,,46487,20,4,,0,106,,46488,20,4,,0,100,,46501,20,4,,0,101,,46499,20,4,,0,142,,46489,20,4,,0,106,,46494,20,4,,0,99,,46497,20,4,,0,27,,46490,20,4,,0,71,,46491,20,4,,0,52,,46493,20,4,,0,97,,46496,20,4,,0,99,,46503,20,4,,0,100,,46498,20,4,,0,97,,46502,20,4,,0,99,,46500,20,4,,0
7001,'5041',951,,46504,20,4,,0,103,,46505,20,4,,0,102,,46506,20,4,,0,103,,46507,20,4,,0,142,,46508,20,4,,0,104,,46509,20,4,,0,98,,46510,20,4,,0,56,,46511,20,4,,0,96,,46512,20,4,,0,95,,46513,20,4,,0,100,,46514,20,4,,0,99,,46517,20,4,,0,98,,46515,20,4,,0,199,,46516,20,4,,0
7001,'5074',1158,,46518,20,4,,0
7001,'5077',1158,,46519,20,4,,0
7001,'5078',949,,46520,20,4,,0,100,,46534,20,4,,0,102,,46521,20,4,,0,100,,46522,20,4,,0,105,,46523,20,4,,0,100,,46524,20,4,,0,103,,46525,20,4,,0,95,,46526,20,4,,0,102,,46527,20,4,,0,96,,46528,20,4,,0,100,,46529,20,4,,0,100,,46530,20,4,,0,99,,46531,20,4,,0,100,,46535,20,4,,0,97,,46532,20,4,,0,95,,46533,20,4,,0
7001,'5079',949,,46536,20,4,,0,100,,46550,20,4,,0,102,,46537,20,4,,0,100,,46538,20,4,,0,105,,46539,20,4,,0,100,,46540,20,4,,0,103,,46541,20,4,,0,95,,46542,20,4,,0,102,,46543,20,4,,0,96,,46544,20,4,,0,100,,46545,20,4,,0,100,,46546,20,4,,0,99,,46547,20,4,,0,100,,46551,20,4,,0,97,,46548,20,4,,0,95,,46549,20,4,,0
7101,'5036',650,,46560,40,4,,0,73,,46559,40,4,,0,91,,46558,40,4,,0
7101,'5040',650,,46563,40,4,,0,73,,46562,40,4,,0,91,,46561,40,4,,0
7201,'5036',632,,46746,61,4,,0,82,,46736,61,4,,0,34,,46747,61,4,,0,75,,46738,61,4,,0,33,,46725,61,4,,0,87,,46745,61,4,,0,69,,46751,61,4,,0,30,,46730,61,4,,0,71,,46744,61,4,,0,31,,46737,61,4,,0,75,,46722,61,4,,0,30,,46748,61,4,,0,70,,46735,61,4,,0,31,,46729,61,4,,0,70,,46723,61,4,,0,31,,46724,61,4,,0,107,,46728,61,4,,0,71,,46752,61,4,,0,71,,46727,61,4,,0,25,,46731,61,4,,0,27,,46734,61,4,,0,67,,46733,61,4,,0,96,,46732,61,4,,0,27,,46753,61,4,,0,68,,46740,61,4,,0,30,,46741,61,4,,0,70,,46739,61,4,,0,30,,46742,61,4,,0,70,,46743,61,4,,0,96,,46750,61,4,,0,95,,46749,61,4,,0,58,,46754,61,4,,0
7201,'5040',632,,46782,61,4,,0,82,,46772,61,4,,0,34,,46783,61,4,,0,75,,46774,61,4,,0,33,,46758,61,4,,0,60,,46760,61,4,,0,27,,46781,61,4,,0,69,,46787,61,4,,0,30,,46765,61,4,,0,71,,46780,61,4,,0,31,,46773,61,4,,0,75,,46755,61,4,,0,30,,46784,61,4,,0,70,,46771,61,4,,0,31,,46764,61,4,,0,70,,46756,61,4,,0,31,,46757,61,4,,0,76,,46759,61,4,,0,31,,46763,61,4,,0,71,,46788,61,4,,0,71,,46762,61,4,,0,25,,46766,61,4,,0,27,,46770,61,4,,0,67,,46768,61,4,,0,29,,46769,61,4,,0,67,,46767,61,4,,0,27,,46789,61,4,,0,68,,46776,61,4,,0,30,,46777,61,4,,0,70,,46775,61,4,,0,30,,46778,61,4,,0,70,,46779,61,4,,0,96,,46786,61,4,,0,95,,46785,61,4,,0,58,,46790,61,4,,0
7201,'5041',659,,46822,61,4,,0,145,,46792,61,4,,0,101,,46793,61,4,,0,33,,46794,61,4,,0,73,,46795,61,4,,0,30,,46796,61,4,,0,73,,46797,61,4,,0,31,,46798,61,4,,0,71,,46799,61,4,,0,30,,46800,61,4,,0,73,,46791,61,4,,0,30,,46801,61,4,,0,70,,46802,61,4,,0,32,,46803,61,4,,0,75,,46804,61,4,,0,28,,46805,61,4,,0,68,,46806,61,4,,0,32,,46807,61,4,,0,68,,46808,61,4,,0,26,,46809,61,4,,0,65,,46810,61,4,,0,30,,46811,61,4,,0,68,,46812,61,4,,0,28,,46813,61,4,,0,68,,46814,61,4,,0,30,,46815,61,4,,0,71,,46816,61,4,,0,28,,46817,61,4,,0,70,,46818,61,4,,0,100,,46819,61,4,,0,96,,46820,61,4,,0,56,,46821,61,4,,0
7201,'5074',916,,46823,61,4,,0,608,,46824,61,4,,0,324,,46825,61,4,,0
7201,'5077',916,,46827,61,4,,0,611,,46826,61,4,,0,321,,46828,61,4,,0
7201,'5078',802,,46830,61,4,,0,102,,46831,61,4,,0,103,,46832,61,4,,0,106,,46833,61,4,,0,101,,46834,61,4,,0,31,,46835,61,4,,0,70,,46829,61,4,,0,31,,46836,61,4,,0,70,,46837,61,4,,0,31,,46839,61,4,,0,69,,46840,61,4,,0,31,,46841,61,4,,0,69,,46838,61,4,,0,29,,46842,61,4,,0,69,,46843,61,4,,0,30,,46844,61,4,,0,73,,46845,61,4,,0,28,,46846,61,4,,0,69,,46847,61,4,,0,29,,46848,61,4,,0,69,,46849,61,4,,0,29,,46850,61,4,,0,70,,46851,61,4,,0,29,,46852,61,4,,0,69,,46853,61,4,,0,95,,46854,61,4,,0,55,,46855,61,4,,0
7201,'5079',802,,46857,61,4,,0,102,,46858,61,4,,0,103,,46859,61,4,,0,106,,46860,61,4,,0,101,,46861,61,4,,0,31,,46862,61,4,,0,70,,46856,61,4,,0,31,,46863,61,4,,0,70,,46864,61,4,,0,31,,46866,61,4,,0,69,,46867,61,4,,0,31,,46868,61,4,,0,69,,46865,61,4,,0,29,,46869,61,4,,0,69,,46870,61,4,,0,30,,46871,61,4,,0,73,,46872,61,4,,0,28,,46873,61,4,,0,69,,46874,61,4,,0,29,,46875,61,4,,0,69,,46876,61,4,,0,29,,46877,61,4,,0,70,,46878,61,4,,0,29,,46879,61,4,,0,69,,46880,61,4,,0,95,,46881,61,4,,0,55,,46882,61,4,,0
9500,'5036',514,,47643,24,4,,0,25,,47633,24,4,,0,18,,47631,24,4,,0,55,,47630,24,4,,0,16,,47632,24,4,,0,12,,47621,24,4,,0,11,,47624,24,4,,0,52,,47644,24,4,,0,8,,47615,24,4,,0,9,,47616,24,4,,0,7,,47622,24,4,,0,8,,47604,24,4,,0,8,,47617,24,4,,0,9,,47611,24,4,,0,49,,47608,24,4,,0,7,,47613,24,4,,0,8,,47602,24,4,,0,7,,47634,24,4,,0,9,,47601,24,4,,0,8,,47599,24,4,,0,9,,47598,24,4,,0,9,,47642,24,4,,0,50,,47600,24,4,,0,10,,47593,24,4,,0,9,,47623,24,4,,0,10,,47591,24,4,,0,11,,47635,24,4,,0,10,,47597,24,4,,0,50,,47606,24,4,,0,10,,47595,24,4,,0,10,,47590,24,4,,0,10,,47581,24,4,,0,11,,47583,24,4,,0,52,,47641,24,4,,0,13,,47580,24,4,,0,12,,47618,24,4,,0,12,,47576,24,4,,0,12,,47636,24,4,,0,53,,47603,24,4,,0,12,,47596,24,4,,0,12,,47574,24,4,,0,12,,47584,24,4,,0,12,,47575,24,4,,0,53,,47639,24,4,,0,13,,47573,24,4,,0,12,,47619,24,4,,0,12,,47571,24,4,,0,12,,47637,24,4,,0,52,,47605,24,4,,0,11,,47592,24,4,,0,10,,47570,24,4,,0,10,,47568,24,4,,0,10,,47582,24,4,,0,10,,47569,24,4,,0,51,,47577,24,4,,0,10,,47640,24,4,,0,11,,47572,24,4,,0,11,,47620,24,4,,0,11,,47564,24,4,,0,50,,47563,24,4,,0,10,,47638,24,4,,0,12,,47607,24,4,,0,10,,47594,24,4,,0,10,,47561,24,4,,0,11,,47559,24,4,,0,51,,47587,24,4,,0,9,,47648,24,4,,0,11,,47579,24,4,,0,8,,47645,24,4,,0,12,,47558,24,4,,0,13,,47629,24,4,,0,51,,47565,24,4,,0,13,,47557,24,4,,0,13,,47610,24,4,,0,11,,47560,24,4,,0,13,,47556,24,4,,0,52,,47588,24,4,,0,12,,47578,24,4,,0,12,,47647,24,4,,0,15,,47628,24,4,,0,55,,47567,24,4,,0,15,,47612,24,4,,0,15,,47562,24,4,,0,15,,47555,24,4,,0,55,,47589,24,4,,0,15,,47646,24,4,,0,15,,47626,24,4,,0,20,,47566,24,4,,0,60,,47614,24,4,,0,20,,47554,24,4,,0,20,,47585,24,4,,0,70,,47627,24,4,,0,30,,47609,24,4,,0,70,,47586,24,4,,0,30,,47625,24,4,,0
9500,'5040',514,,47741,24,4,,0,25,,47731,24,4,,0,18,,47729,24,4,,0,55,,47728,24,4,,0,16,,47730,24,4,,0,12,,47719,24,4,,0,11,,47722,24,4,,0,52,,47742,24,4,,0,8,,47713,24,4,,0,9,,47714,24,4,,0,7,,47720,24,4,,0,8,,47702,24,4,,0,8,,47715,24,4,,0,9,,47709,24,4,,0,49,,47706,24,4,,0,7,,47711,24,4,,0,8,,47700,24,4,,0,7,,47732,24,4,,0,9,,47699,24,4,,0,8,,47697,24,4,,0,9,,47696,24,4,,0,9,,47740,24,4,,0,50,,47698,24,4,,0,10,,47691,24,4,,0,9,,47721,24,4,,0,10,,47689,24,4,,0,11,,47733,24,4,,0,10,,47695,24,4,,0,50,,47704,24,4,,0,10,,47693,24,4,,0,10,,47688,24,4,,0,10,,47679,24,4,,0,11,,47681,24,4,,0,52,,47739,24,4,,0,13,,47678,24,4,,0,12,,47716,24,4,,0,12,,47674,24,4,,0,12,,47734,24,4,,0,53,,47701,24,4,,0,12,,47694,24,4,,0,12,,47672,24,4,,0,12,,47682,24,4,,0,12,,47673,24,4,,0,53,,47737,24,4,,0,13,,47671,24,4,,0,12,,47717,24,4,,0,12,,47669,24,4,,0,12,,47735,24,4,,0,52,,47703,24,4,,0,11,,47690,24,4,,0,10,,47668,24,4,,0,10,,47666,24,4,,0,10,,47680,24,4,,0,10,,47667,24,4,,0,51,,47675,24,4,,0,10,,47738,24,4,,0,11,,47670,24,4,,0,11,,47718,24,4,,0,11,,47662,24,4,,0,50,,47661,24,4,,0,10,,47736,24,4,,0,12,,47705,24,4,,0,10,,47692,24,4,,0,10,,47659,24,4,,0,11,,47657,24,4,,0,51,,47685,24,4,,0,9,,47746,24,4,,0,11,,47677,24,4,,0,8,,47743,24,4,,0,12,,47656,24,4,,0,13,,47727,24,4,,0,51,,47663,24,4,,0,13,,47655,24,4,,0,13,,47708,24,4,,0,11,,47658,24,4,,0,13,,47653,24,4,,0,52,,47686,24,4,,0,12,,47676,24,4,,0,12,,47745,24,4,,0,15,,47726,24,4,,0,55,,47665,24,4,,0,15,,47710,24,4,,0,15,,47660,24,4,,0,15,,47651,24,4,,0,55,,47687,24,4,,0,15,,47744,24,4,,0,15,,47724,24,4,,0,20,,47664,24,4,,0,60,,47712,24,4,,0,20,,47649,24,4,,0,20,,47683,24,4,,0,70,,47725,24,4,,0,30,,47707,24,4,,0,70,,47684,24,4,,0,30,,47723,24,4,,0,70,,47654,24,4,,0,29,,47650,24,4,,0,70,,47652,24,4,,0
9500,'5041',629,,47747,24,4,,0,72,,47748,24,4,,0,22,,47749,24,4,,0,16,,47750,24,4,,0,15,,47751,24,4,,0,55,,47752,24,4,,0,16,,47753,24,4,,0,16,,47754,24,4,,0,15,,47755,24,4,,0,54,,47756,24,4,,0,15,,47757,24,4,,0,15,,47758,24,4,,0,15,,47759,24,4,,0,55,,47760,24,4,,0,15,,47761,24,4,,0,15,,47762,24,4,,0,15,,47763,24,4,,0,55,,47764,24,4,,0,15,,47765,24,4,,0,15,,47766,24,4,,0,14,,47767,24,4,,0,53,,47768,24,4,,0,12,,47769,24,4,,0,12,,47770,24,4,,0,12,,47771,24,4,,0,12,,47772,24,4,,0,52,,47773,24,4,,0,12,,47774,24,4,,0,12,,47775,24,4,,0,12,,47776,24,4,,0,12,,47777,24,4,,0,53,,47778,24,4,,0,12,,47779,24,4,,0,12,,47780,24,4,,0,12,,47781,24,4,,0,11,,47782,24,4,,0,52,,47783,24,4,,0,12,,47784,24,4,,0,12,,47785,24,4,,0,12,,47786,24,4,,0,12,,47787,24,4,,0,52,,47788,24,4,,0,12,,47789,24,4,,0,12,,47790,24,4,,0,13,,47791,24,4,,0,12,,47792,24,4,,0,52,,47793,24,4,,0,12,,47794,24,4,,0,12,,47795,24,4,,0,12,,47796,24,4,,0,12,,47797,24,4,,0,53,,47798,24,4,,0,12,,47799,24,4,,0,13,,47800,24,4,,0,15,,47801,24,4,,0,55,,47802,24,4,,0,15,,47803,24,4,,0,15,,47804,24,4,,0,15,,47805,24,4,,0,55,,47806,24,4,,0,15,,47807,24,4,,0,15,,47808,24,4,,0,15,,47809,24,4,,0,55,,47810,24,4,,0,15,,47811,24,4,,0,15,,47812,24,4,,0,20,,47813,24,4,,0,60,,47814,24,4,,0,20,,47815,24,4,,0,20,,47816,24,4,,0,71,,47817,24,4,,0,30,,47818,24,4,,0,69,,47819,24,4,,0,30,,47820,24,4,,0,68,,47821,24,4,,0,30,,47822,24,4,,0,70,,47823,24,4,,0
9500,'5078',632,,47825,24,4,,0,70,,47826,24,4,,0,20,,47827,24,4,,0,20,,47828,24,4,,0,60,,47829,24,4,,0,15,,47830,24,4,,0,15,,47824,24,4,,0,15,,47831,24,4,,0,55,,47832,24,4,,0,15,,47833,24,4,,0,15,,47834,24,4,,0,15,,47835,24,4,,0,55,,47836,24,4,,0,15,,47837,24,4,,0,15,,47839,24,4,,0,15,,47840,24,4,,0,55,,47838,24,4,,0,15,,47841,24,4,,0,15,,47842,24,4,,0,15,,47843,24,4,,0,55,,47844,24,4,,0,15,,47891,24,4,,0,15,,47845,24,4,,0,15,,47890,24,4,,0,54,,47846,24,4,,0,15,,47889,24,4,,0,15,,47847,24,4,,0,15,,47848,24,4,,0,55,,47849,24,4,,0,15,,47850,24,4,,0,15,,47851,24,4,,0,15,,47852,24,4,,0,55,,47853,24,4,,0,15,,47854,24,4,,0,13,,47855,24,4,,0,12,,47856,24,4,,0,12,,47857,24,4,,0,53,,47858,24,4,,0,12,,47859,24,4,,0,12,,47860,24,4,,0,13,,47861,24,4,,0,12,,47862,24,4,,0,52,,47863,24,4,,0,12,,47864,24,4,,0,14,,47865,24,4,,0,15,,47866,24,4,,0,56,,47867,24,4,,0,15,,47868,24,4,,0,15,,47869,24,4,,0,15,,47870,24,4,,0,55,,47871,24,4,,0,15,,47872,24,4,,0,15,,47873,24,4,,0,15,,47874,24,4,,0,55,,47875,24,4,,0,15,,47876,24,4,,0,15,,47877,24,4,,0,15,,47878,24,4,,0,55,,47879,24,4,,0,15,,47880,24,4,,0,15,,47881,24,4,,0,20,,47882,24,4,,0,60,,47883,24,4,,0,20,,47884,24,4,,0,20,,47885,24,4,,0,71,,47886,24,4,,0,30,,47887,24,4,,0,70,,47888,24,4,,0
9500,'5079',632,,47893,24,4,,0,70,,47894,24,4,,0,20,,47895,24,4,,0,20,,47896,24,4,,0,60,,47897,24,4,,0,15,,47898,24,4,,0,15,,47892,24,4,,0,15,,47899,24,4,,0,55,,47900,24,4,,0,15,,47901,24,4,,0,15,,47902,24,4,,0,15,,47903,24,4,,0,55,,47904,24,4,,0,15,,47905,24,4,,0,15,,47907,24,4,,0,15,,47908,24,4,,0,55,,47906,24,4,,0,15,,47909,24,4,,0,15,,47910,24,4,,0,15,,47911,24,4,,0,55,,47912,24,4,,0,15,,47959,24,4,,0,15,,47913,24,4,,0,15,,47958,24,4,,0,54,,47914,24,4,,0,15,,47957,24,4,,0,15,,47915,24,4,,0,15,,47916,24,4,,0,55,,47917,24,4,,0,15,,47918,24,4,,0,15,,47919,24,4,,0,15,,47920,24,4,,0,55,,47921,24,4,,0,15,,47922,24,4,,0,13,,47923,24,4,,0,12,,47924,24,4,,0,12,,47925,24,4,,0,53,,47926,24,4,,0,12,,47927,24,4,,0,12,,47928,24,4,,0,13,,47929,24,4,,0,12,,47930,24,4,,0,52,,47931,24,4,,0,12,,47932,24,4,,0,14,,47933,24,4,,0,15,,47934,24,4,,0,56,,47935,24,4,,0,15,,47936,24,4,,0,15,,47937,24,4,,0,15,,47938,24,4,,0,55,,47939,24,4,,0,15,,47940,24,4,,0,15,,47941,24,4,,0,15,,47942,24,4,,0,55,,47943,24,4,,0,15,,47944,24,4,,0,15,,47945,24,4,,0,15,,47946,24,4,,0,55,,47947,24,4,,0,15,,47948,24,4,,0,15,,47949,24,4,,0,20,,47950,24,4,,0,60,,47951,24,4,,0,20,,47952,24,4,,0,20,,47953,24,4,,0,71,,47954,24,4,,0,30,,47955,24,4,,0,70,,47956,24,4,,0
24007001,'5036',1151,,48889,19,4,,0,201,,48890,19,4,,0,250,,48891,19,4,,0,198,,48892,19,4,,0,146,,48893,19,4,,0,200,,48894,19,4,,0
24007001,'5040',1151,,48896,19,4,,0,201,,48897,19,4,,0,250,,48898,19,4,,0,198,,48899,19,4,,0,146,,48900,19,4,,0,200,,48901,19,4,,0
24007001,'5041',1152,,48902,19,4,,0,201,,48903,19,4,,0,205,,48904,19,4,,0,192,,48905,19,4,,0,194,,48906,19,4,,0,198,,48907,19,4,,0
24007001,'5078',1144,,48909,19,4,,0,207,,48910,19,4,,0,204,,48911,19,4,,0,197,,48912,19,4,,0,194,,48913,19,4,,0,197,,48914,19,4,,0
24007001,'5079',936,,48923,19,4,,0,102,,48926,19,4,,0,106,,48916,19,4,,0,100,,48924,19,4,,0,107,,48917,19,4,,0,95,,48927,19,4,,0,109,,48918,19,4,,0,92,,48925,19,4,,0,105,,48919,19,4,,0,89,,48928,19,4,,0,105,,48920,19,4,,0,91,,48929,19,4,,0,106,,48921,19,4,,0
