200,'4623',545,,63268,3,,,0,80,,63260,3,,,0,20,,63255,3,,,0,70,,63269,3,,,0,31,,63263,3,,,0,70,,63254,3,,,0,31,,63267,3,,,0,71,,63264,3,,,0,15,,63252,3,0,5,0,70,,63253,3,,,0,38,,63256,3,,,0,80,,63257,3,,,0,80,,63266,3,,,0,40,,63259,3,,,0,80,,63258,3,,,0,80,,63265,3,,,0,37,,63261,3,,,0,76,,63262,3,,,0,37,,63270,3,,,0,76,,63271,3,,,0,73,,63274,3,0,5,0,17,,63273,3,,,0,34,,63272,3,,,0,80,,63277,3,,,0,90,,63275,3,,,0,80,,63276,3,,,0,20,,63279,3,0,5,0,22,,63281,3,,,0,60,,63278,3,0,5,0,20,,63280,3,,,0,78,,63282,3,,,0,40,,63283,3,,,0,80,,63284,3,,,0,80,,63285,3,,,0,30,,63286,3,0,5,0,28,,63287,3,0,5,0
200,'4833',556,,63307,3,,,0,152,,63310,3,,,0,118,,63308,3,,,0,80,,63296,3,,,0,45,,63309,3,,,0,80,,63294,3,,,0,80,,63288,3,,,0,40,,63295,3,,,0,80,,63289,3,,,0,80,,63302,3,,,0,41,,63290,3,,,0,80,,63293,3,,,0,80,,63292,3,,,0,40,,63291,3,,,0,80,,63305,3,,,0,79,,63306,3,,,0,35,,63304,3,,,0,80,,63298,3,,,0,75,,63299,3,,,0,20,,63297,3,0,5,0,35,,63301,3,,,0,60,,63303,3,0,5,0,20,,63300,3,,,0,65,,63315,3,0,5,0,20,,63316,3,,,0,80,,63313,3,,,0,40,,63312,3,,,0,80,,63314,3,,,0,80,,63311,3,,,0,35,,63317,3,0,5,0
200,'5015',556,,63337,3,,,0,152,,63340,3,,,0,118,,63338,3,,,0,80,,63326,3,,,0,45,,63339,3,,,0,80,,63324,3,,,0,80,,63318,3,,,0,40,,63325,3,,,0,80,,63319,3,,,0,80,,63332,3,,,0,41,,63320,3,,,0,80,,63323,3,,,0,80,,63322,3,,,0,40,,63321,3,,,0,80,,63335,3,,,0,79,,63336,3,,,0,35,,63334,3,,,0,80,,63328,3,,,0,75,,63329,3,,,0,20,,63327,3,0,5,0,35,,63331,3,,,0,60,,63333,3,0,5,0,20,,63330,3,,,0,65,,63345,3,0,5,0,20,,63346,3,,,0,80,,63343,3,,,0,40,,63342,3,,,0,80,,63344,3,,,0,80,,63341,3,,,0,35,,63347,3,0,5,0
200,'5222',545,,63364,3,,,0,80,,63356,3,,,0,20,,63351,3,,,0,70,,63365,3,,,0,31,,63359,3,,,0,70,,63350,3,,,0,31,,63363,3,,,0,71,,63360,3,,,0,15,,63348,3,0,5,0,70,,63349,3,,,0,38,,63352,3,,,0,80,,63353,3,,,0,80,,63362,3,,,0,40,,63355,3,,,0,80,,63354,3,,,0,80,,63361,3,,,0,37,,63357,3,,,0,76,,63358,3,,,0,37,,63366,3,,,0,76,,63367,3,,,0,73,,63370,3,0,5,0,17,,63369,3,,,0,34,,63368,3,,,0,80,,63373,3,,,0,90,,63371,3,,,0,80,,63372,3,,,0,20,,63375,3,0,5,0,22,,63377,3,,,0,60,,63374,3,0,5,0,20,,63376,3,,,0,78,,63378,3,,,0,40,,63379,3,,,0,80,,63380,3,,,0,80,,63381,3,,,0,30,,63382,3,0,5,0
200,'5365',651,,63405,3,,,0,160,,63404,3,,,0,120,,63403,3,,,0,100,,63384,3,,,0,80,,63402,3,,,0,40,,63390,3,,,0,80,,63388,3,,,0,80,,63383,3,,,0,40,,63385,3,,,0,80,,63396,3,,,0,80,,63391,3,,,0,40,,63386,3,,,0,80,,63389,3,,,0,80,,63387,3,,,0,35,,63397,3,,,0,80,,63393,3,,,0,75,,63392,3,0,5,0,20,,63398,3,,,0,20,,63395,3,0,5,0,60,,63394,3,,,0,40,,63400,3,,,0,80,,63401,3,,,0,80,,63399,3,,,0,40,,63406,3,,,0,80,,63407,3,,,0
200,'5390',651,,63430,3,,,0,160,,63429,3,,,0,120,,63428,3,,,0,100,,63409,3,,,0,80,,63427,3,,,0,40,,63415,3,,,0,80,,63413,3,,,0,80,,63408,3,,,0,40,,63410,3,,,0,80,,63421,3,,,0,80,,63416,3,,,0,40,,63411,3,,,0,80,,63414,3,,,0,80,,63412,3,,,0,35,,63422,3,,,0,80,,63418,3,,,0,75,,63417,3,0,5,0,20,,63423,3,,,0,20,,63420,3,0,5,0,60,,63419,3,,,0,40,,63425,3,,,0,80,,63426,3,,,0,80,,63424,3,,,0,40,,63431,3,,,0,80,,63432,3,,,0
201,'4833',2504,,63493,17,4,,0
201,'5015',2504,,63521,17,4,,0
201,'5365',2359,,63578,43,4,,0
201,'5390',2359,,63603,43,4,,0
500,'4623',605,,64666,3,,,0,95,,64659,3,,,0,31,,64661,3,,,0,70,,64658,3,,,0,31,,64660,3,,,0,70,,64663,3,,,0,46,,64662,3,,,0,73,,64671,3,,,0,80,,64668,3,,,0,40,,64664,3,,,0,80,,64665,3,,,0,80,,64667,3,,,0,40,,64672,3,,,0,80,,64669,3,,,0,35,,64670,3,,,0,76,,64674,3,,,0,77,,64673,3,,,0,34,,64675,3,,,0,91,,64676,3,,,0,77,,64677,3,,,0,45,,64679,3,,,0,85,,64678,3,,,0
500,'4833',631,,64691,3,,,0,116,,64687,3,,,0,99,,64690,3,,,0,80,,64681,3,,,0,85,,64688,3,,,0,40,,64682,3,,,0,80,,64697,3,,,0,80,,64689,3,,,0,40,,64680,3,,,0,81,,64686,3,,,0,80,,64683,3,,,0,40,,64693,3,,,0,80,,64684,3,,,0,80,,64685,3,,,0,39,,64694,3,,,0,75,,64695,3,,,0,80,,64696,3,,,0,40,,64692,3,,,0,90,,64698,3,,,0
500,'5015',631,,64710,3,,,0,116,,64706,3,,,0,99,,64709,3,,,0,80,,64700,3,,,0,85,,64707,3,,,0,40,,64701,3,,,0,80,,64716,3,,,0,80,,64708,3,,,0,40,,64699,3,,,0,81,,64705,3,,,0,80,,64702,3,,,0,40,,64712,3,,,0,80,,64703,3,,,0,80,,64704,3,,,0,39,,64713,3,,,0,75,,64714,3,,,0,80,,64715,3,,,0,40,,64711,3,,,0,90,,64717,3,,,0
500,'5222',605,,64726,3,,,0,95,,64719,3,,,0,31,,64721,3,,,0,70,,64718,3,,,0,31,,64720,3,,,0,70,,64723,3,,,0,46,,64722,3,,,0,73,,64731,3,,,0,80,,64728,3,,,0,40,,64724,3,,,0,80,,64725,3,,,0,80,,64727,3,,,0,40,,64732,3,,,0,80,,64729,3,,,0,35,,64730,3,,,0,76,,64734,3,,,0,77,,64733,3,,,0,34,,64735,3,,,0,91,,64736,3,,,0,77,,64737,3,,,0,45,,64739,3,,,0,85,,64738,3,,,0
500,'5365',731,,64753,3,,,0,120,,64752,3,,,0,160,,64751,3,,,0,40,,64746,3,,,0,80,,64740,3,,,0,80,,64741,3,,,0,40,,64754,3,,,0,80,,64747,3,,,0,80,,64744,3,,,0,40,,64742,3,,,0,80,,64743,3,,,0,80,,64755,3,,,0,40,,64748,3,,,0,75,,64745,3,,,0,80,,64749,3,,,0,40,,64750,3,,,0
500,'5390',731,,64769,3,,,0,120,,64768,3,,,0,160,,64767,3,,,0,40,,64762,3,,,0,80,,64756,3,,,0,80,,64757,3,,,0,40,,64770,3,,,0,80,,64763,3,,,0,80,,64760,3,,,0,40,,64758,3,,,0,80,,64759,3,,,0,80,,64771,3,,,0,40,,64764,3,,,0,75,,64761,3,,,0,80,,64765,3,,,0,40,,64766,3,,,0
