4801,'4744',1728,,13664,,,0,28,,13665,,,0,68,,13666,,,0
4801,'4947',1728,,13667,,,0,28,,13668,,,0,68,,13669,,,0
4801,'4952',1728,,13670,,,0,28,,13671,,,0,68,,13672,,,0
5301,'4487',806,,14421,,,0,202,,14422,,,0,214,,14420,,,0,209,,14417,,,0,211,,14418,,,0,209,,14419,,,0,200,,14416,,,0
5301,'4744',820,,14432,,,0,114,,14430,,,0,200,,14431,,,0,122,,14435,,,0,173,,14434,,,0,193,,14436,,,0,101,,14433,,,0,129,,14437,,,0,167,,14438,,,0,129,,14439,,,0
5301,'4745',806,,14443,,,0,201,,14440,,,0,213,,14441,,,0,211,,14444,,,0,209,,14442,,,0,210,,14445,,,0,202,,14446,,,0
5301,'4947',820,,14449,,,0,114,,14447,,,0,200,,14448,,,0,122,,14452,,,0,173,,14451,,,0,193,,14453,,,0,101,,14450,,,0,129,,14454,,,0,167,,14455,,,0,129,,14456,,,0
5301,'4952',820,,14459,,,0,114,,14457,,,0,200,,14458,,,0,122,,14462,,,0,173,,14461,,,0,193,,14463,,,0,101,,14460,,,0,129,,14464,,,0,167,,14465,,,0,129,,14466,,,0
5301,'4953',806,,14472,,,0,202,,14473,,,0,214,,14471,,,0,209,,14468,,,0,211,,14469,,,0,209,,14470,,,0,200,,14467,,,0
5301,'4954',806,,14477,,,0,201,,14474,,,0,213,,14475,,,0,211,,14478,,,0,209,,14476,,,0,210,,14479,,,0,202,,14480,,,0
5400,'4487',729,,14487,,,0,205,,14486,,,0,211,,14483,,,0,208,,14484,,,0,206,,14485,,,0,248,,14482,,,0,203,,14481,,,0
5400,'4744',633,,14495,,,0,101,,14499,,,0,171,,14498,,,0,202,,14496,,,0,136,,14497,,,0,203,,14501,,,0,106,,14500,,,0,192,,14502,,,0,193,,14503,,,0,190,,14504,,,0
5400,'4745',728,,14505,,,0,204,,14507,,,0,212,,14508,,,0,207,,14509,,,0,205,,14506,,,0,250,,14510,,,0,202,,14511,,,0
5400,'4947',633,,14512,,,0,101,,14516,,,0,171,,14515,,,0,202,,14513,,,0,136,,14514,,,0,203,,14518,,,0,106,,14517,,,0,192,,14519,,,0,193,,14520,,,0,190,,14521,,,0
5400,'4952',633,,14522,,,0,101,,14526,,,0,171,,14525,,,0,202,,14523,,,0,136,,14524,,,0,203,,14528,,,0,106,,14527,,,0,192,,14529,,,0,193,,14530,,,0,190,,14531,,,0
5400,'4953',729,,14538,,,0,205,,14537,,,0,211,,14534,,,0,208,,14535,,,0,206,,14536,,,0,248,,14533,,,0,203,,14532,,,0
5400,'4954',728,,14539,,,0,204,,14541,,,0,212,,14542,,,0,207,,14543,,,0,205,,14540,,,0,250,,14544,,,0,202,,14545,,,0
5500,'4487',827,,14617,,,0,202,,14613,,,0,214,,14614,,,0,204,,14615,,,0,210,,14616,,,0,248,,14612,,,0,224,,14611,,,0
5500,'4744',633,,14625,,,0,172,,14627,,,0,133,,14626,,,0,214,,14628,,,0,198,,14629,,,0,177,,14630,,,0,106,,14631,,,0,179,,14632,,,0,147,,14633,,,0,197,,14634,,,0
5500,'4745',825,,14635,,,0,203,,14638,,,0,214,,14637,,,0,206,,14636,,,0,210,,14640,,,0,247,,14641,,,0,221,,14639,,,0
5500,'4947',633,,14642,,,0,172,,14644,,,0,133,,14643,,,0,214,,14645,,,0,198,,14646,,,0,177,,14647,,,0,106,,14648,,,0,179,,14649,,,0,147,,14650,,,0,197,,14651,,,0
5500,'4952',633,,14652,,,0,172,,14654,,,0,133,,14653,,,0,214,,14655,,,0,198,,14656,,,0,177,,14657,,,0,106,,14658,,,0,179,,14659,,,0,147,,14660,,,0,197,,14661,,,0
5500,'4953',827,,14668,,,0,202,,14664,,,0,214,,14665,,,0,204,,14666,,,0,210,,14667,,,0,248,,14663,,,0,224,,14662,,,0
5500,'4954',825,,14669,,,0,203,,14672,,,0,214,,14671,,,0,206,,14670,,,0,210,,14674,,,0,247,,14675,,,0,221,,14673,,,0
5701,'4487',640,,14882,,,0,108,,14872,,,0,100,,14883,,,0,105,,14886,,,0,104,,14884,,,0,145,,14885,,,0,111,,14871,,,0,99,,14877,,,0,110,,14881,,,0,101,,14878,,,0,109,,14873,,,0,89,,14875,,,0,111,,14879,,,0,99,,14880,,,0,99,,14876,,,0,113,,14874,,,0
5701,'4744',616,,14903,,,0,90,,14907,,,0,45,,14912,,,0,82,,14924,,,0,9,,14905,,,0,83,,14906,,,0,85,,14904,,,0,46,,14908,,,0,85,,14909,,,0,85,,14910,,,0,86,,14911,,,0,45,,14913,,,0,91,,14914,,,0,99,,14923,,,0,73,,14915,,,0,82,,14916,,,0,45,,14917,,,0,82,,14919,,,0,90,,14918,,,0,99,,14920,,,0,114,,14921,,,0,109,,14922,,,0
5701,'4745',748,,14928,,,0,100,,14925,,,0,105,,14927,,,0,101,,14926,,,0,147,,14929,,,0,110,,14932,,,0,100,,14930,,,0,110,,14933,,,0,100,,14931,,,0,109,,14937,,,0,90,,14939,,,0,112,,14938,,,0,100,,14936,,,0,98,,14935,,,0,85,,14934,,,0
5701,'4947',616,,14940,,,0,90,,14944,,,0,45,,14949,,,0,82,,14961,,,0,9,,14942,,,0,83,,14943,,,0,85,,14941,,,0,46,,14945,,,0,85,,14946,,,0,85,,14947,,,0,86,,14948,,,0,45,,14950,,,0,91,,14951,,,0,99,,14960,,,0,73,,14952,,,0,82,,14953,,,0,45,,14954,,,0,82,,14956,,,0,90,,14955,,,0,99,,14957,,,0,114,,14958,,,0,109,,14959,,,0
5701,'4952',616,,14962,,,0,90,,14966,,,0,45,,14971,,,0,82,,14983,,,0,9,,14964,,,0,83,,14965,,,0,85,,14963,,,0,46,,14967,,,0,85,,14968,,,0,85,,14969,,,0,86,,14970,,,0,45,,14972,,,0,91,,14973,,,0,99,,14982,,,0,73,,14974,,,0,82,,14975,,,0,45,,14976,,,0,82,,14978,,,0,90,,14977,,,0,99,,14979,,,0,114,,14980,,,0,109,,14981,,,0
5701,'4953',640,,14995,,,0,108,,14985,,,0,100,,14996,,,0,105,,14999,,,0,104,,14997,,,0,145,,14998,,,0,111,,14984,,,0,99,,14990,,,0,110,,14994,,,0,101,,14991,,,0,109,,14986,,,0,89,,14988,,,0,111,,14992,,,0,99,,14993,,,0,99,,14989,,,0,113,,14987,,,0
5701,'4954',748,,15003,,,0,100,,15000,,,0,105,,15002,,,0,101,,15001,,,0,147,,15004,,,0,110,,15007,,,0,100,,15005,,,0,110,,15008,,,0,100,,15006,,,0,109,,15012,,,0,90,,15014,,,0,112,,15013,,,0,100,,15011,,,0,98,,15010,,,0,85,,15009,,,0
5800,'4487',706,,15027,,,0,100,,15028,,,0,101,,15029,,,0,106,,15030,,,0,106,,15025,,,0,105,,15026,,,0,100,,15024,,,0,112,,15022,,,0,100,,15023,,,0,109,,15021,,,0,99,,15016,,,0,104,,15017,,,0,99,,15018,,,0,105,,15019,,,0,154,,15020,,,0,110,,15015,,,0
5800,'4744',633,,15051,,,0,71,,15060,,,0,41,,15048,,,0,80,,15047,,,0,25,,15054,,,0,70,,15050,,,0,83,,15049,,,0,46,,15052,,,0,85,,15053,,,0,85,,15055,,,0,85,,15057,,,0,46,,15056,,,0,90,,15058,,,0,63,,15068,,,0,19,,15059,,,0,20,,15069,,,0,63,,15061,,,0,51,,15062,,,0,85,,15063,,,0,87,,15064,,,0,85,,15065,,,0,144,,15066,,,0,150,,15067,,,0,108,,15070,,,0
5800,'4745',805,,15071,,,0,102,,15075,,,0,105,,15072,,,0,107,,15076,,,0,105,,15074,,,0,100,,15077,,,0,111,,15073,,,0,100,,15078,,,0,109,,15079,,,0,99,,15081,,,0,103,,15080,,,0,100,,15082,,,0,105,,15083,,,0,199,,15084,,,0
5800,'4947',633,,15089,,,0,71,,15098,,,0,41,,15086,,,0,80,,15085,,,0,25,,15092,,,0,70,,15088,,,0,83,,15087,,,0,46,,15090,,,0,85,,15091,,,0,85,,15093,,,0,85,,15095,,,0,46,,15094,,,0,90,,15096,,,0,63,,15106,,,0,19,,15097,,,0,20,,15107,,,0,63,,15099,,,0,51,,15100,,,0,85,,15101,,,0,87,,15102,,,0,85,,15103,,,0,144,,15104,,,0,150,,15105,,,0,108,,15108,,,0
5800,'4952',633,,15113,,,0,71,,15122,,,0,41,,15110,,,0,80,,15109,,,0,25,,15116,,,0,70,,15112,,,0,83,,15111,,,0,46,,15114,,,0,85,,15115,,,0,85,,15117,,,0,85,,15119,,,0,46,,15118,,,0,90,,15120,,,0,63,,15130,,,0,19,,15121,,,0,20,,15131,,,0,63,,15123,,,0,51,,15124,,,0,85,,15125,,,0,87,,15126,,,0,85,,15127,,,0,144,,15128,,,0,150,,15129,,,0,108,,15132,,,0
5800,'4953',706,,15145,,,0,100,,15146,,,0,101,,15147,,,0,106,,15148,,,0,106,,15143,,,0,105,,15144,,,0,100,,15142,,,0,112,,15140,,,0,100,,15141,,,0,109,,15139,,,0,99,,15134,,,0,104,,15135,,,0,99,,15136,,,0,105,,15137,,,0,154,,15138,,,0,110,,15133,,,0
5800,'4954',805,,15149,,,0,102,,15153,,,0,105,,15150,,,0,107,,15154,,,0,105,,15152,,,0,100,,15155,,,0,111,,15151,,,0,100,,15156,,,0,109,,15157,,,0,99,,15159,,,0,103,,15158,,,0,100,,15160,,,0,105,,15161,,,0,199,,15162,,,0
5900,'4487',801,,15327,,,0,102,,15326,,,0,103,,15325,,,0,102,,15324,,,0,105,,15323,,,0,106,,15322,,,0,106,,15321,,,0,105,,15320,,,0,103,,15319,,,0,105,,15315,,,0,104,,15316,,,0,104,,15317,,,0,102,,15318,,,0,107,,15314,,,0
5900,'4744',654,,15345,,,0,103,,15346,,,0,82,,15342,,,0,107,,15343,,,0,94,,15344,,,0,101,,15347,,,0,102,,15348,,,0,103,,15349,,,0,112,,15350,,,0,144,,15351,,,0,43,,15352,,,0,81,,15353,,,0,82,,15358,,,0,44,,15354,,,0,97,,15355,,,0,99,,15356,,,0,110,,15357,,,0
5900,'4745',801,,15359,,,0,101,,15360,,,0,102,,15361,,,0,102,,15363,,,0,106,,15362,,,0,106,,15367,,,0,105,,15365,,,0,107,,15366,,,0,104,,15364,,,0,105,,15369,,,0,102,,15370,,,0,105,,15368,,,0,102,,15371,,,0
5900,'4947',654,,15375,,,0,103,,15376,,,0,82,,15372,,,0,107,,15373,,,0,94,,15374,,,0,101,,15377,,,0,102,,15378,,,0,103,,15379,,,0,112,,15380,,,0,144,,15381,,,0,43,,15382,,,0,81,,15383,,,0,82,,15388,,,0,44,,15384,,,0,97,,15385,,,0,99,,15386,,,0,110,,15387,,,0
5900,'4952',654,,15392,,,0,103,,15393,,,0,82,,15389,,,0,107,,15390,,,0,94,,15391,,,0,101,,15394,,,0,102,,15395,,,0,103,,15396,,,0,112,,15397,,,0,144,,15398,,,0,43,,15399,,,0,81,,15400,,,0,82,,15405,,,0,44,,15401,,,0,97,,15402,,,0,99,,15403,,,0,110,,15404,,,0
5900,'4953',801,,15419,,,0,102,,15418,,,0,103,,15417,,,0,102,,15416,,,0,105,,15415,,,0,106,,15414,,,0,106,,15413,,,0,105,,15412,,,0,103,,15411,,,0,105,,15407,,,0,104,,15408,,,0,104,,15409,,,0,102,,15410,,,0,107,,15406,,,0
5900,'4954',801,,15420,,,0,101,,15421,,,0,102,,15422,,,0,102,,15424,,,0,106,,15423,,,0,106,,15428,,,0,105,,15426,,,0,107,,15427,,,0,104,,15425,,,0,105,,15430,,,0,102,,15431,,,0,105,,15429,,,0,102,,15432,,,0
6000,'4487',730,,15564,,,0,101,,15565,,,0,102,,15563,,,0,102,,15562,,,0,107,,15561,,,0,105,,15560,,,0,105,,15559,,,0,106,,15558,,,0,146,,15556,,,0,102,,15557,,,0,101,,15552,,,0,103,,15553,,,0,104,,15554,,,0,119,,15555,,,0
6000,'4744',700,,15586,,,0,33,,15581,,,0,71,,15589,,,0,106,,15583,,,0,101,,15582,,,0,101,,15584,,,0,98,,15585,,,0,103,,15587,,,0,102,,15588,,,0,112,,15590,,,0,31,,15598,,,0,70,,15580,,,0,80,,15596,,,0,41,,15591,,,0,82,,15592,,,0,80,,15595,,,0,102,,15593,,,0,104,,15594,,,0,111,,15597,,,0
6000,'4745',832,,15599,,,0,102,,15600,,,0,102,,15602,,,0,107,,15601,,,0,105,,15606,,,0,105,,15605,,,0,105,,15604,,,0,144,,15603,,,0,101,,15609,,,0,102,,15610,,,0,104,,15611,,,0,104,,15608,,,0,120,,15607,,,0
6000,'4947',700,,15618,,,0,33,,15613,,,0,71,,15621,,,0,106,,15615,,,0,101,,15614,,,0,101,,15616,,,0,98,,15617,,,0,103,,15619,,,0,102,,15620,,,0,112,,15622,,,0,31,,15630,,,0,70,,15612,,,0,80,,15628,,,0,41,,15623,,,0,82,,15624,,,0,80,,15627,,,0,102,,15625,,,0,104,,15626,,,0,111,,15629,,,0
6000,'4952',700,,15637,,,0,33,,15632,,,0,71,,15640,,,0,106,,15634,,,0,101,,15633,,,0,101,,15635,,,0,98,,15636,,,0,103,,15638,,,0,102,,15639,,,0,85,,15644,,,0,27,,15641,,,0,101,,15631,,,0,80,,15648,,,0,41,,15642,,,0,82,,15643,,,0,80,,15647,,,0,102,,15645,,,0,104,,15646,,,0,111,,15649,,,0
6000,'4953',730,,15662,,,0,101,,15663,,,0,102,,15661,,,0,102,,15660,,,0,107,,15659,,,0,105,,15658,,,0,105,,15657,,,0,106,,15656,,,0,146,,15654,,,0,102,,15655,,,0,101,,15650,,,0,103,,15651,,,0,104,,15652,,,0,119,,15653,,,0
6000,'4954',832,,15664,,,0,102,,15665,,,0,102,,15667,,,0,107,,15666,,,0,105,,15671,,,0,105,,15670,,,0,105,,15669,,,0,144,,15668,,,0,101,,15674,,,0,102,,15675,,,0,104,,15676,,,0,104,,15673,,,0,120,,15672,,,0
6100,'4487',659,,15800,0,30 14,0,99,,15801,0,30 14,0,82,,15799,0,30 14,0,99,,15802,0,30 14,0,96,,15803,0,30 14,0,82,,15804,0,30 14,0,35,,15805,0,30 14,0,88,,15806,0,30 14,0,75,,15807,0,30 14,0,35,,15808,0,30 14,0,76,,15809,0,30 14,0,76,,15810,0,30 14,0,37,,15811,0,30 14,0,77,,15812,0,30 14,0,25,,15813,0,30 14,0,78,,15814,0,30 14,0,81,,15815,0,30 14,0,32,,15816,0,30 14,0,71,,15817,0,30 14,0,30,,15818,0,30 14,0,73,,15819,0,30 14,0,43,,15820,0,30 14,0,81,,15821,0,30 14,0,81,,15822,0,30 14,0,103,,15823,0,30 14,0,32,,15824,0,30 14,0,100,,15825,0,30 14,0
6100,'4744',844,,15867,0,30 14,0,80,,15856,0,30 14,0,76,,22363,0,30 14,0,24,,15871,0,30 14,0,76,,15863,0,30 14,0,48,,22364,0,30 14,0,76,,15869,0,30 14,0,35,,15864,0,30 14,0,74,,22365,0,30 14,0,80,,15873,0,30 14,0,30,,15868,0,30 14,0,80,,22366,0,30 14,0,33,,15875,0,30 14,0,67,,15891,0,30 14,0,15,,15876,0,30 14,0,65,,15879,0,30 14,0,39,,15883,0,30 14,0,68,,15878,0,30 14,0,25,,15877,0,30 14,0,67,,15882,0,30 14,0,32,,15884,0,30 14,0,70,,15880,0,30 14,0,30,,15881,0,30 14,0,95,,15885,0,30 14,0,81,,15886,0,30 14,0,104,,15887,0,30 14,0,32,,15888,0,30 14,0,100,,15889,0,30 14,0,73,,15890,0,30 14,0
6100,'4745',702,,15892,0,30 14,0,104,,15893,0,30 14,0,43,,15894,0,30 14,0,97,,15895,0,30 14,0,83,,15896,0,30 14,0,86,,15897,0,30 14,0,97,,15898,0,30 14,0,44,,15899,0,30 14,0,101,,15900,0,30 14,0,93,,15901,0,30 14,0,103,,15902,0,30 14,0,77,,15903,0,30 14,0,102,,15904,0,30 14,0,86,,15905,0,30 14,0,102,,15906,0,30 14,0,86,,15907,0,30 14,0,46,,15908,0,30 14,0,101,,15909,0,30 14,0,92,,15910,0,30 14,0,101,,15911,0,30 14,0
6100,'4947',844,,15925,0,30 14,0,80,,15914,0,30 14,0,76,,22367,0,30 14,0,24,,15929,0,30 14,0,76,,15921,0,30 14,0,48,,22368,0,30 14,0,76,,15927,0,30 14,0,35,,15922,0,30 14,0,74,,22369,0,30 14,0,80,,15931,0,30 14,0,30,,15926,0,30 14,0,80,,22370,0,30 14,0,33,,15933,0,30 14,0,67,,15949,0,30 14,0,15,,15934,0,30 14,0,65,,15937,0,30 14,0,39,,15941,0,30 14,0,68,,15936,0,30 14,0,25,,15935,0,30 14,0,67,,15940,0,30 14,0,32,,15942,0,30 14,0,70,,15938,0,30 14,0,30,,15939,0,30 14,0,95,,15943,0,30 14,0,81,,15944,0,30 14,0,104,,15945,0,30 14,0,32,,15946,0,30 14,0,100,,15947,0,30 14,0,73,,15948,0,30 14,0
6100,'4952',844,,15962,0,30 14,0,80,,15951,0,30 14,0,76,,22371,0,30 14,0,24,,15966,0,30 14,0,76,,15958,0,30 14,0,48,,22372,0,30 14,0,76,,15964,0,30 14,0,35,,15959,0,30 14,0,74,,22373,0,30 14,0,80,,15968,0,30 14,0,30,,15963,0,30 14,0,68,,15987,0,30 14,0,12,,22374,0,30 14,0,33,,15970,0,30 14,0,82,,15971,0,30 14,0,65,,15974,0,30 14,0,39,,15978,0,30 14,0,68,,15973,0,30 14,0,25,,15972,0,30 14,0,67,,15977,0,30 14,0,32,,15979,0,30 14,0,70,,15975,0,30 14,0,30,,15976,0,30 14,0,95,,15980,0,30 14,0,81,,15981,0,30 14,0,104,,15983,0,30 14,0,32,,15984,0,30 14,0,100,,15985,0,30 14,0,73,,15986,0,30 14,0
6100,'4953',659,,15989,0,30 14,0,99,,15990,0,30 14,0,82,,15988,0,30 14,0,99,,15991,0,30 14,0,96,,15992,0,30 14,0,82,,15993,0,30 14,0,35,,15994,0,30 14,0,88,,15995,0,30 14,0,75,,15996,0,30 14,0,35,,15997,0,30 14,0,76,,15998,0,30 14,0,76,,15999,0,30 14,0,37,,16000,0,30 14,0,77,,16001,0,30 14,0,25,,16002,0,30 14,0,78,,16003,0,30 14,0,81,,16004,0,30 14,0,32,,16005,0,30 14,0,71,,16006,0,30 14,0,30,,16007,0,30 14,0,73,,16008,0,30 14,0,43,,16009,0,30 14,0,81,,16010,0,30 14,0,81,,16011,0,30 14,0,103,,16012,0,30 14,0,32,,16013,0,30 14,0,100,,16014,0,30 14,0
6100,'4954',702,,16017,0,30 14,0,104,,16018,0,30 14,0,43,,16019,0,30 14,0,97,,16020,0,30 14,0,83,,16021,0,30 14,0,86,,16022,0,30 14,0,97,,16023,0,30 14,0,44,,16024,0,30 14,0,101,,16025,0,30 14,0,93,,16026,0,30 14,0,103,,16027,0,30 14,0,77,,16028,0,30 14,0,102,,16029,0,30 14,0,86,,16030,0,30 14,0,102,,16031,0,30 14,0,86,,16032,0,30 14,0,46,,16033,0,30 14,0,101,,16034,0,30 14,0,92,,16035,0,30 14,0,101,,16036,0,30 14,0
6400,'4744',745,,16287,,,0,507,,16289,,,0,580,,16291,,,0
6400,'4947',745,,16294,,,0,507,,16296,,,0,580,,16298,,,0
6400,'4952',745,,16301,,,0,507,,16303,,,0,580,,16305,,,0
9501,'4487',638,,18880,0,15,0,78,,18881,0,15,0,20,,18882,0,15,0,20,,18883,0,15,0,60,,18884,0,15,0,15,,18885,0,15,0,15,,18879,0,15,0,55,,18886,0,15,0,16,,18887,0,15,0,15,,18888,0,15,0,17,,18889,0,15,0,55,,18890,0,15,0,16,,18891,0,15,0,15,,18892,0,15,0,16,,18893,0,15,0,55,,18894,0,15,0,16,,18895,0,15,0,16,,18896,0,15,0,15,,18897,0,15,0,57,,18898,0,15,0,15,,18899,0,15,0,15,,18900,0,15,0,14,,18901,0,15,0,53,,18902,0,15,0,12,,18903,0,15,0,12,,18904,0,15,0,12,,18905,0,15,0,12,,18906,0,15,0,52,,18907,0,15,0,12,,18908,0,15,0,12,,18909,0,15,0,12,,18910,0,15,0,13,,18912,0,15,0,53,,18913,0,15,0,12,,18911,0,15,0,12,,18914,0,15,0,12,,18915,0,15,0,13,,18916,0,15,0,52,,18917,0,15,0,12,,18918,0,15,0,11,,18919,0,15,0,11,,18920,0,15,0,12,,18921,0,15,0,51,,18922,0,15,0,11,,18923,0,15,0,12,,18924,0,15,0,12,,18925,0,15,0,12,,18926,0,15,0,52,,18927,0,15,0,12,,18928,0,15,0,12,,18929,0,15,0,12,,18930,0,15,0,12,,18931,0,15,0,52,,18932,0,15,0,12,,18933,0,15,0,12,,18934,0,15,0,14,,18935,0,15,0,15,,18936,0,15,0,54,,18937,0,15,0,14,,18938,0,15,0,15,,18939,0,15,0,15,,18940,0,15,0,55,,18941,0,15,0,15,,18942,0,15,0,14,,18943,0,15,0,15,,18944,0,15,0,55,,18945,0,15,0,15,,18946,0,15,0,20,,18947,0,15,0,60,,18948,0,15,0,19,,18949,0,15,0,20,,18950,0,15,0,66,,18951,0,15,0,28,,18952,0,15,0,70,,18953,0,15,0
9501,'4744',514,,19124,0,15,0,26,,19110,0,15,0,67,,19118,0,15,0,21,,19108,0,15,0,15,,19098,0,15,0,12,,19102,0,15,0,54,,19096,0,15,0,12,,19109,0,15,0,12,,19087,0,15,0,13,,19085,0,15,0,13,,19117,0,15,0,54,,19084,0,15,0,12,,19103,0,15,0,13,,19082,0,15,0,13,,19083,0,15,0,51,,19088,0,15,0,12,,19079,0,15,0,11,,19077,0,15,0,12,,19075,0,15,0,12,,19074,0,15,0,52,,19119,0,15,0,12,,19073,0,15,0,12,,19099,0,15,0,12,,19066,0,15,0,13,,19114,0,15,0,52,,19090,0,15,0,11,,19078,0,15,0,13,,19063,0,15,0,12,,19064,0,15,0,13,,19057,0,15,0,52,,19116,0,15,0,13,,19058,0,15,0,12,,19097,0,15,0,12,,19056,0,15,0,12,,19111,0,15,0,52,,19086,0,15,0,12,,19080,0,15,0,11,,19054,0,15,0,12,,19065,0,15,0,10,,19051,0,15,0,10,,19060,0,15,0,51,,19115,0,15,0,10,,19052,0,15,0,11,,19100,0,15,0,10,,19050,0,15,0,10,,19049,0,15,0,50,,19113,0,15,0,12,,19089,0,15,0,11,,19076,0,15,0,11,,19042,0,15,0,11,,19043,0,15,0,11,,19067,0,15,0,51,,19044,0,15,0,10,,19059,0,15,0,10,,19122,0,15,0,10,,19037,0,15,0,9,,19053,0,15,0,8,,19101,0,15,0,48,,19046,0,15,0,7,,19038,0,15,0,8,,19036,0,15,0,8,,19112,0,15,0,8,,19094,0,15,0,7,,19081,0,15,0,6,,19126,0,15,0,1,,19039,0,15,0,6,,19034,0,15,0,47,,19035,0,15,0,7,,19071,0,15,0,8,,19125,0,15,0,9,,19062,0,15,0,7,,19055,0,15,0,7,,19123,0,15,0,10,,19033,0,15,0,10,,19106,0,15,0,49,,19047,0,15,0,11,,19032,0,15,0,12,,19091,0,15,0,12,,19041,0,15,0,11,,19031,0,15,0,51,,19072,0,15,0,12,,19061,0,15,0,12,,19121,0,15,0,14,,19107,0,15,0,13,,19048,0,15,0,55,,19095,0,15,0,15,,19040,0,15,0,15,,19030,0,15,0,15,,19068,0,15,0,55,,19120,0,15,0,14,,19105,0,15,0,19,,19045,0,15,0,60,,19092,0,15,0,19,,19029,0,15,0,20,,19069,0,15,0,66,,19104,0,15,0,29,,19093,0,15,0,70,,19070,0,15,0
9501,'4745',723,,19127,0,15,0,30,,19128,0,15,0,59,,19129,0,15,0,20,,19130,0,15,0,20,,19131,0,15,0,55,,19132,0,15,0,15,,19133,0,15,0,16,,19134,0,15,0,15,,19135,0,15,0,56,,19136,0,15,0,15,,19137,0,15,0,15,,19138,0,15,0,16,,19139,0,15,0,55,,19140,0,15,0,15,,19141,0,15,0,16,,19142,0,15,0,15,,19143,0,15,0,56,,19144,0,15,0,16,,19145,0,15,0,15,,19146,0,15,0,15,,19147,0,15,0,55,,19148,0,15,0,15,,19149,0,15,0,15,,19150,0,15,0,15,,19151,0,15,0,56,,19152,0,15,0,15,,19153,0,15,0,15,,19154,0,15,0,15,,19155,0,15,0,55,,19156,0,15,0,15,,19157,0,15,0,15,,19158,0,15,0,15,,19159,0,15,0,56,,19160,0,15,0,13,,19161,0,15,0,12,,19162,0,15,0,11,,19163,0,15,0,53,,19164,0,15,0,12,,19165,0,15,0,12,,19166,0,15,0,12,,19167,0,15,0,12,,19168,0,15,0,52,,19169,0,15,0,12,,19170,0,15,0,14,,19171,0,15,0,15,,19172,0,15,0,14,,19173,0,15,0,54,,19174,0,15,0,14,,19175,0,15,0,15,,19176,0,15,0,15,,19177,0,15,0,55,,19178,0,15,0,15,,19179,0,15,0,15,,19180,0,15,0,13,,19181,0,15,0,55,,19182,0,15,0,15,,19183,0,15,0,15,,19184,0,15,0,15,,19185,0,15,0,55,,19186,0,15,0,15,,19187,0,15,0,19,,19188,0,15,0,60,,19189,0,15,0,18,,19190,0,15,0,20,,19191,0,15,0,67,,19192,0,15,0,30,,19193,0,15,0
9501,'4947',514,,19289,0,15,0,26,,19275,0,15,0,67,,19283,0,15,0,21,,19273,0,15,0,15,,19263,0,15,0,12,,19267,0,15,0,54,,19261,0,15,0,12,,19274,0,15,0,12,,19252,0,15,0,13,,19250,0,15,0,13,,19282,0,15,0,54,,19249,0,15,0,12,,19268,0,15,0,13,,19247,0,15,0,13,,19248,0,15,0,51,,19253,0,15,0,12,,19244,0,15,0,11,,19242,0,15,0,12,,19240,0,15,0,12,,19239,0,15,0,52,,19284,0,15,0,12,,19238,0,15,0,12,,19264,0,15,0,12,,19231,0,15,0,13,,19279,0,15,0,52,,19255,0,15,0,11,,19243,0,15,0,13,,19228,0,15,0,12,,19229,0,15,0,13,,19222,0,15,0,52,,19281,0,15,0,13,,19223,0,15,0,12,,19262,0,15,0,12,,19221,0,15,0,12,,19276,0,15,0,52,,19251,0,15,0,12,,19245,0,15,0,11,,19219,0,15,0,12,,19230,0,15,0,10,,19216,0,15,0,10,,19225,0,15,0,51,,19280,0,15,0,10,,19217,0,15,0,11,,19265,0,15,0,10,,19215,0,15,0,10,,19214,0,15,0,50,,19278,0,15,0,12,,19254,0,15,0,11,,19241,0,15,0,11,,19207,0,15,0,11,,19208,0,15,0,11,,19232,0,15,0,51,,19209,0,15,0,10,,19224,0,15,0,10,,19287,0,15,0,10,,19202,0,15,0,9,,19218,0,15,0,8,,19266,0,15,0,48,,19211,0,15,0,7,,19203,0,15,0,8,,19201,0,15,0,8,,19277,0,15,0,8,,19259,0,15,0,7,,19246,0,15,0,6,,19291,0,15,0,1,,19204,0,15,0,6,,19199,0,15,0,47,,19200,0,15,0,7,,19236,0,15,0,8,,19290,0,15,0,9,,19227,0,15,0,7,,19220,0,15,0,7,,19288,0,15,0,10,,19198,0,15,0,10,,19271,0,15,0,49,,19212,0,15,0,11,,19197,0,15,0,12,,19256,0,15,0,12,,19206,0,15,0,11,,19196,0,15,0,51,,19237,0,15,0,12,,19226,0,15,0,12,,19286,0,15,0,14,,19272,0,15,0,13,,19213,0,15,0,55,,19260,0,15,0,15,,19205,0,15,0,15,,19195,0,15,0,15,,19233,0,15,0,55,,19285,0,15,0,14,,19270,0,15,0,19,,19210,0,15,0,60,,19257,0,15,0,19,,19194,0,15,0,20,,19234,0,15,0,66,,19269,0,15,0,29,,19258,0,15,0,70,,19235,0,15,0
9501,'4952',514,,19391,0,15,0,26,,19377,0,15,0,67,,19385,0,15,0,21,,19375,0,15,0,15,,19365,0,15,0,12,,19369,0,15,0,54,,19363,0,15,0,12,,19376,0,15,0,12,,19354,0,15,0,13,,19352,0,15,0,13,,19384,0,15,0,54,,19351,0,15,0,12,,19370,0,15,0,13,,19349,0,15,0,13,,19350,0,15,0,51,,19355,0,15,0,12,,19346,0,15,0,11,,19344,0,15,0,12,,19342,0,15,0,12,,19341,0,15,0,52,,19386,0,15,0,12,,19340,0,15,0,12,,19366,0,15,0,12,,19333,0,15,0,13,,19381,0,15,0,52,,19357,0,15,0,11,,19345,0,15,0,13,,19330,0,15,0,12,,19331,0,15,0,13,,19324,0,15,0,52,,19383,0,15,0,13,,19325,0,15,0,12,,19364,0,15,0,12,,19323,0,15,0,12,,19378,0,15,0,52,,19353,0,15,0,12,,19347,0,15,0,11,,19321,0,15,0,12,,19332,0,15,0,10,,19318,0,15,0,10,,19327,0,15,0,51,,19382,0,15,0,10,,19319,0,15,0,11,,19367,0,15,0,10,,19317,0,15,0,10,,19316,0,15,0,50,,19380,0,15,0,12,,19356,0,15,0,11,,19343,0,15,0,11,,19309,0,15,0,11,,19310,0,15,0,11,,19334,0,15,0,51,,19311,0,15,0,10,,19326,0,15,0,10,,19389,0,15,0,10,,19304,0,15,0,9,,19320,0,15,0,8,,19368,0,15,0,48,,19313,0,15,0,7,,19305,0,15,0,8,,19303,0,15,0,8,,19379,0,15,0,8,,19361,0,15,0,7,,19348,0,15,0,6,,19393,0,15,0,1,,19306,0,15,0,6,,19301,0,15,0,47,,19302,0,15,0,7,,19338,0,15,0,8,,19392,0,15,0,9,,19329,0,15,0,7,,19322,0,15,0,7,,19390,0,15,0,10,,19299,0,15,0,10,,19373,0,15,0,49,,19314,0,15,0,11,,19298,0,15,0,12,,19358,0,15,0,12,,19308,0,15,0,11,,19295,0,15,0,51,,19339,0,15,0,12,,19328,0,15,0,12,,19388,0,15,0,14,,19374,0,15,0,13,,19315,0,15,0,55,,19362,0,15,0,15,,19307,0,15,0,15,,19294,0,15,0,15,,19335,0,15,0,55,,19387,0,15,0,14,,19372,0,15,0,19,,19312,0,15,0,60,,19359,0,15,0,19,,19292,0,15,0,20,,19336,0,15,0,66,,19371,0,15,0,29,,19360,0,15,0,70,,19337,0,15,0,29,,19297,0,15,0,70,,19300,0,15,0,30,,19293,0,15,0,70,,19296,0,15,0
9501,'4953',638,,19395,0,15,0,78,,19396,0,15,0,20,,19397,0,15,0,20,,19398,0,15,0,60,,19399,0,15,0,15,,19400,0,15,0,15,,19394,0,15,0,55,,19401,0,15,0,16,,19402,0,15,0,15,,19403,0,15,0,17,,19404,0,15,0,55,,19405,0,15,0,16,,19406,0,15,0,15,,19407,0,15,0,16,,19408,0,15,0,55,,19409,0,15,0,16,,19410,0,15,0,16,,19411,0,15,0,15,,19412,0,15,0,57,,19413,0,15,0,15,,19414,0,15,0,15,,19415,0,15,0,14,,19416,0,15,0,53,,19417,0,15,0,12,,19418,0,15,0,12,,19419,0,15,0,12,,19420,0,15,0,12,,19421,0,15,0,52,,19422,0,15,0,12,,19423,0,15,0,12,,19424,0,15,0,12,,19425,0,15,0,13,,19426,0,15,0,53,,19427,0,15,0,12,,19428,0,15,0,12,,19429,0,15,0,12,,19430,0,15,0,13,,19431,0,15,0,52,,19432,0,15,0,12,,19433,0,15,0,11,,19434,0,15,0,11,,19435,0,15,0,12,,19436,0,15,0,51,,19437,0,15,0,11,,19438,0,15,0,12,,19439,0,15,0,12,,19440,0,15,0,12,,19441,0,15,0,52,,19442,0,15,0,12,,19443,0,15,0,12,,19444,0,15,0,12,,19445,0,15,0,12,,19446,0,15,0,52,,19447,0,15,0,12,,19448,0,15,0,12,,19449,0,15,0,14,,19450,0,15,0,15,,19451,0,15,0,54,,19452,0,15,0,14,,19453,0,15,0,15,,19454,0,15,0,15,,19455,0,15,0,55,,19456,0,15,0,15,,19457,0,15,0,14,,19458,0,15,0,15,,19459,0,15,0,55,,19460,0,15,0,15,,19461,0,15,0,20,,19462,0,15,0,60,,19463,0,15,0,19,,19464,0,15,0,20,,19465,0,15,0,66,,19466,0,15,0,28,,19467,0,15,0,70,,19468,0,15,0,30,,19469,0,15,0,68,,19470,0,15,0,30,,19471,0,15,0,70,,19472,0,15,0
9501,'4954',723,,19473,0,15,0,30,,19474,0,15,0,59,,19475,0,15,0,20,,19476,0,15,0,20,,19477,0,15,0,55,,19478,0,15,0,15,,19479,0,15,0,16,,19480,0,15,0,15,,19481,0,15,0,56,,19482,0,15,0,15,,19483,0,15,0,15,,19484,0,15,0,16,,19485,0,15,0,55,,19486,0,15,0,15,,19487,0,15,0,16,,19488,0,15,0,15,,19489,0,15,0,56,,19490,0,15,0,16,,19491,0,15,0,15,,19492,0,15,0,15,,19493,0,15,0,55,,19494,0,15,0,15,,19495,0,15,0,15,,19496,0,15,0,15,,19497,0,15,0,56,,19498,0,15,0,15,,19499,0,15,0,15,,19500,0,15,0,15,,19501,0,15,0,55,,19502,0,15,0,15,,19503,0,15,0,15,,19504,0,15,0,15,,19505,0,15,0,56,,19506,0,15,0,13,,19507,0,15,0,12,,19508,0,15,0,11,,19509,0,15,0,53,,19510,0,15,0,12,,19511,0,15,0,12,,19512,0,15,0,12,,19513,0,15,0,12,,19514,0,15,0,52,,19515,0,15,0,12,,19516,0,15,0,14,,19517,0,15,0,15,,19518,0,15,0,14,,19519,0,15,0,54,,19520,0,15,0,14,,19521,0,15,0,15,,19522,0,15,0,15,,19523,0,15,0,55,,19524,0,15,0,15,,19525,0,15,0,15,,19526,0,15,0,13,,19527,0,15,0,55,,19528,0,15,0,15,,19529,0,15,0,15,,19530,0,15,0,15,,19531,0,15,0,55,,19532,0,15,0,15,,19533,0,15,0,19,,19534,0,15,0,60,,19535,0,15,0,18,,19536,0,15,0,20,,19537,0,15,0,67,,19538,0,15,0,30,,19539,0,15,0
24005101,'4744',1559,,20395,4,,0
24005101,'4947',1559,,20413,4,,0
24005101,'4952',1559,,20431,4,,0
