4700,'4744',620,,13639,,,0,19,,13638,,,0,63,,13637,,,0
4700,'4870',620,,13642,,,0,19,,13641,,,0,63,,13640,,,0
4700,'4875',620,,13645,,,0,19,,13644,,,0,63,,13643,,,0
4701,'4744',1715,,13646,,,0,30,,13647,,,0,65,,13648,,,0
4701,'4870',1715,,13649,,,0,30,,13650,,,0,65,,13651,,,0
4701,'4875',1715,,13652,,,0,30,,13653,,,0,65,,13654,,,0
5800,'4487',657,,15027,,,0,100,,15028,,,0,101,,15029,,,0,146,,15030,,,0,105,,15025,,,0,105,,15026,,,0,100,,15024,,,0,111,,15022,,,0,100,,15023,,,0,110,,15021,,,0,99,,15016,,,0,104,,15017,,,0,100,,15018,,,0,105,,15019,,,0,114,,15020,,,0,150,,15015,,,0
5800,'4743',657,,15043,,,0,100,,15044,,,0,101,,15045,,,0,146,,15046,,,0,105,,15041,,,0,105,,15042,,,0,100,,15040,,,0,111,,15038,,,0,100,,15039,,,0,110,,15037,,,0,99,,15032,,,0,104,,15033,,,0,100,,15034,,,0,105,,15035,,,0,114,,15036,,,0,150,,15031,,,0
5800,'4744',624,,15051,,,0,31,,15060,,,0,79,,15048,,,0,79,,15047,,,0,23,,15054,,,0,74,,15050,,,0,43,,15049,,,0,86,,15052,,,0,85,,15053,,,0,85,,15055,,,0,45,,15057,,,0,86,,15056,,,0,86,,15058,,,0,23,,15068,,,0,62,,15059,,,0,16,,15069,,,0,27,,15061,,,0,92,,15062,,,0,85,,15063,,,0,87,,15064,,,0,85,,15065,,,0,145,,15066,,,0,110,,15067,,,0,149,,15070,,,0
5800,'4745',756,,15071,,,0,102,,15075,,,0,145,,15072,,,0,106,,15076,,,0,105,,15074,,,0,100,,15077,,,0,111,,15073,,,0,100,,15078,,,0,109,,15079,,,0,100,,15081,,,0,103,,15080,,,0,100,,15082,,,0,105,,15083,,,0,199,,15084,,,0
5800,'4870',624,,15089,,,0,31,,15098,,,0,79,,15086,,,0,79,,15085,,,0,23,,15092,,,0,74,,15088,,,0,43,,15087,,,0,86,,15090,,,0,85,,15091,,,0,85,,15093,,,0,45,,15095,,,0,86,,15094,,,0,86,,15096,,,0,23,,15106,,,0,62,,15097,,,0,16,,15107,,,0,27,,15099,,,0,92,,15100,,,0,85,,15101,,,0,87,,15102,,,0,85,,15103,,,0,145,,15104,,,0,110,,15105,,,0,149,,15108,,,0
5800,'4875',624,,15113,,,0,31,,15122,,,0,79,,15110,,,0,79,,15109,,,0,23,,15116,,,0,74,,15112,,,0,43,,15111,,,0,86,,15114,,,0,85,,15115,,,0,85,,15117,,,0,45,,15119,,,0,86,,15118,,,0,86,,15120,,,0,23,,15130,,,0,62,,15121,,,0,16,,15131,,,0,27,,15123,,,0,92,,15124,,,0,85,,15125,,,0,87,,15126,,,0,85,,15127,,,0,145,,15128,,,0,110,,15129,,,0,149,,15132,,,0
5800,'4876',657,,15145,,,0,100,,15146,,,0,101,,15147,,,0,146,,15148,,,0,105,,15143,,,0,105,,15144,,,0,100,,15142,,,0,111,,15140,,,0,100,,15141,,,0,110,,15139,,,0,99,,15134,,,0,104,,15135,,,0,100,,15136,,,0,105,,15137,,,0,114,,15138,,,0,150,,15133,,,0
5800,'4877',756,,15149,,,0,102,,15153,,,0,145,,15150,,,0,106,,15154,,,0,105,,15152,,,0,100,,15155,,,0,111,,15151,,,0,100,,15156,,,0,109,,15157,,,0,100,,15159,,,0,103,,15158,,,0,100,,15160,,,0,105,,15161,,,0,199,,15162,,,0
