3801,'4623',705,,72340,34,,,0,31,,72344,34,,,0,68,,72342,34,,,0,30,,72343,34,,,0,70,,72341,34,,,0,43,,72348,34,,,0,94,,72345,34,,,0,99,,72346,34,,,0,102,,72347,34,,,0,104,,72349,34,,,0,102,,72350,34,,,0,107,,72356,34,,,0,92,,72353,34,,,0,72,,72359,34,,,0,24,,72351,34,,,0,64,,72352,34,,,0,24,,72357,34,,,0,27,,72354,34,,,0,77,,72360,34,,,0,100,,72355,34,,,0,103,,72358,34,,,0
3801,'5222',705,,72361,34,,,0,31,,72365,34,,,0,68,,72363,34,,,0,30,,72364,34,,,0,70,,72362,34,,,0,43,,72369,34,,,0,94,,72366,34,,,0,99,,72367,34,,,0,102,,72368,34,,,0,104,,72370,34,,,0,102,,72371,34,,,0,107,,72377,34,,,0,92,,72374,34,,,0,72,,72380,34,,,0,24,,72372,34,,,0,64,,72373,34,,,0,24,,72378,34,,,0,27,,72375,34,,,0,77,,72381,34,,,0,100,,72376,34,,,0,103,,72379,34,,,0
4601,'4623',717,,72822,27,,,0,109,,72812,27,,,0,125,,72814,27,,,0,95,,72813,27,,,0,383,,72815,27,,,0,125,,72817,27,,,0,74,,72816,27,,,0,77,,72820,27,,,0,42,,72818,27,,,0,63,,72819,27,,,0,47,,72821,27,,,0
4601,'5222',717,,72833,27,,,0,109,,72823,27,,,0,125,,72825,27,,,0,95,,72824,27,,,0,383,,72826,27,,,0,125,,72828,27,,,0,74,,72827,27,,,0,77,,72831,27,,,0,42,,72829,27,,,0,63,,72830,27,,,0,47,,72832,27,,,0
5200,'4623',500,,72979,13,,,0,30,,72988,13,,,0,72,,72968,13,,,0,18,,72956,13,,,0,22,,72980,13,,,0,61,,72961,13,,,0,27,,72989,13,,,0,74,,72969,13,,,0,26,,72957,13,,,0,28,,72981,13,,,0,73,,72962,13,,,0,26,,72990,13,,,0,70,,72963,13,,,0,75,,72970,13,,,0,32,,72958,13,,,0,71,,72982,13,,,0,29,,72964,13,,,0,78,,72971,13,,,0,34,,72959,13,,,0,71,,72983,13,,,0,30,,72965,13,,,0,72,,72972,13,,,0,31,,72973,13,,,0,71,,72960,13,,,0,28,,72984,13,,,0,70,,72966,13,,,0,35,,72974,13,,,0,69,,72975,13,,,0,36,,72985,13,,,0,68,,72967,13,,,0,29,,72977,13,,,0,69,,72976,13,,,0,32,,72986,13,,,0,95,,72978,13,,,0,100,,72987,13,,,0,102,,72991,13,,,0
5200,'4833',632,,73009,13,,,0,70,,73008,13,,,0,41,,73003,13,,,0,74,,73011,13,,,0,30,,73006,13,,,0,73,,72992,13,,,0,30,,72999,13,,,0,70,,73018,13,,,0,30,,72997,13,,,0,74,,72994,13,,,0,32,,73000,13,,,0,72,,73020,13,,,0,75,,72995,13,,,0,33,,72993,13,,,0,76,,73002,13,,,0,26,,73019,13,,,0,74,,72998,13,,,0,32,,73005,13,,,0,75,,73001,13,,,0,29,,73016,13,,,0,70,,72996,13,,,0,30,,73007,13,,,0,62,,73013,13,,,0,25,,73004,13,,,0,24,,73012,13,,,0,65,,73015,13,,,0,29,,73014,13,,,0,68,,73010,13,,,0,30,,73017,13,,,0,100,,73021,13,,,0,94,,73022,13,,,0,109,,73023,13,,,0
5200,'5015',632,,73041,13,,,0,70,,73040,13,,,0,41,,73035,13,,,0,74,,73043,13,,,0,30,,73038,13,,,0,73,,73024,13,,,0,30,,73031,13,,,0,70,,73050,13,,,0,30,,73029,13,,,0,74,,73026,13,,,0,32,,73032,13,,,0,72,,73052,13,,,0,75,,73027,13,,,0,33,,73025,13,,,0,76,,73034,13,,,0,26,,73051,13,,,0,74,,73030,13,,,0,32,,73037,13,,,0,75,,73033,13,,,0,29,,73048,13,,,0,70,,73028,13,,,0,30,,73039,13,,,0,62,,73045,13,,,0,25,,73036,13,,,0,24,,73044,13,,,0,65,,73047,13,,,0,29,,73046,13,,,0,68,,73042,13,,,0,30,,73049,13,,,0,100,,73053,13,,,0,94,,73054,13,,,0,109,,73055,13,,,0
5200,'5222',500,,73079,13,,,0,30,,73088,13,,,0,72,,73068,13,,,0,18,,73056,13,,,0,22,,73080,13,,,0,61,,73061,13,,,0,27,,73089,13,,,0,74,,73069,13,,,0,26,,73057,13,,,0,28,,73081,13,,,0,73,,73062,13,,,0,26,,73090,13,,,0,70,,73063,13,,,0,75,,73070,13,,,0,32,,73058,13,,,0,71,,73082,13,,,0,29,,73064,13,,,0,78,,73071,13,,,0,34,,73059,13,,,0,71,,73083,13,,,0,30,,73065,13,,,0,72,,73072,13,,,0,31,,73073,13,,,0,71,,73060,13,,,0,28,,73084,13,,,0,70,,73066,13,,,0,35,,73074,13,,,0,69,,73075,13,,,0,36,,73085,13,,,0,68,,73067,13,,,0,29,,73077,13,,,0,69,,73076,13,,,0,32,,73086,13,,,0,95,,73078,13,,,0,100,,73087,13,,,0,102,,73091,13,,,0
5200,'5365',702,,73113,13,,,0,32,,73095,13,,,0,80,,73098,13,,,0,31,,73112,13,,,0,72,,73106,13,,,0,31,,73094,13,,,0,71,,73097,13,,,0,31,,73108,13,,,0,71,,73102,13,,,0,30,,73093,13,,,0,73,,73096,13,,,0,30,,73111,13,,,0,71,,73104,13,,,0,78,,73092,13,,,0,29,,73100,13,,,0,74,,73110,13,,,0,35,,73103,13,,,0,73,,73119,13,,,0,29,,73099,13,,,0,70,,73109,13,,,0,29,,73105,13,,,0,70,,73107,13,,,0,29,,73101,13,,,0,69,,73115,13,,,0,39,,73114,13,,,0,100,,73116,13,,,0,98,,73118,13,,,0,108,,73117,13,,,0
5200,'5390',702,,73141,13,,,0,32,,73123,13,,,0,80,,73126,13,,,0,31,,73140,13,,,0,72,,73134,13,,,0,31,,73122,13,,,0,71,,73125,13,,,0,31,,73136,13,,,0,71,,73130,13,,,0,30,,73121,13,,,0,73,,73124,13,,,0,30,,73139,13,,,0,71,,73132,13,,,0,78,,73120,13,,,0,29,,73128,13,,,0,74,,73138,13,,,0,35,,73131,13,,,0,73,,73147,13,,,0,29,,73127,13,,,0,70,,73137,13,,,0,29,,73133,13,,,0,70,,73135,13,,,0,29,,73129,13,,,0,69,,73143,13,,,0,39,,73142,13,,,0,100,,73144,13,,,0,98,,73146,13,,,0,108,,73145,13,,,0
9501,'4623',509,,76839,7,0,15,0,26,,76851,21,0,15,0,67,,76852,21,0,15,0,23,,76828,21,0,15,0,12,,76814,21,0,15,0,12,,76807,21,0,15,0,54,,76809,21,0,15,0,12,,76850,21,0,15,0,12,,76790,21,0,15,0,12,,76792,21,0,15,0,13,,76853,21,0,15,0,53,,76791,21,0,15,0,12,,76827,21,0,15,0,13,,76811,21,0,15,0,13,,76765,21,0,15,0,12,,76779,21,0,15,0,53,,76789,21,0,15,0,11,,76840,21,0,15,0,12,,76795,21,0,15,0,12,,76846,21,0,15,0,12,,76755,21,0,15,0,54,,76798,21,0,15,0,12,,76826,21,0,15,0,12,,76820,21,0,15,0,12,,76766,21,0,15,0,12,,76780,21,0,15,0,51,,76788,21,0,15,0,12,,76843,21,0,15,0,13,,76794,21,0,15,0,12,,76838,21,0,15,0,12,,76776,21,0,15,0,53,,76793,21,0,15,0,12,,76829,21,0,15,0,12,,76819,21,0,15,0,12,,76769,21,0,15,0,12,,76781,21,0,15,0,52,,76806,21,0,15,0,12,,76836,21,0,15,0,10,,76763,21,0,15,0,10,,76802,21,0,15,0,10,,76835,21,0,15,0,50,,76774,21,0,15,0,10,,76785,21,0,15,0,11,,76754,21,0,15,0,10,,76825,21,0,15,0,11,,76822,21,0,15,0,10,,76767,21,0,15,0,52,,76778,21,0,15,0,11,,76753,21,0,15,0,11,,76787,21,0,15,0,10,,76837,21,0,15,0,11,,76760,21,0,15,0,10,,76801,21,0,15,0,51,,76842,21,0,15,0,11,,76775,21,0,15,0,12,,76786,21,0,15,0,9,,76773,21,0,15,0,8,,76782,21,0,15,0,8,,76823,21,0,15,0,49,,76817,21,0,15,0,7,,76770,21,0,15,0,8,,76768,21,0,15,0,6,,76777,21,0,15,0,6,,76758,21,0,15,0,6,,76784,21,0,15,0,7,,76799,21,0,15,0,7,,76834,21,0,15,0,47,,76762,21,0,15,0,8,,76772,21,0,15,0,9,,76845,21,0,15,0,8,,76759,21,0,15,0,7,,76756,21,0,15,0,9,,76783,21,0,15,0,10,,76771,21,0,15,0,51,,76818,21,0,15,0,10,,76821,21,0,15,0,12,,76764,21,0,15,0,12,,76757,21,0,15,0,11,,76833,21,0,15,0,52,,76761,21,0,15,0,12,,76844,21,0,15,0,12,,76805,21,0,15,0,15,,76803,21,0,15,0,15,,76816,21,0,15,0,55,,76815,21,0,15,0,12,,76800,21,0,15,0,15,,76830,21,0,15,0,15,,76796,21,0,15,0,55,,76831,21,0,15,0,15,,76804,21,0,15,0,20,,76824,21,0,15,0,59,,76812,21,0,15,0,18,,76832,21,0,15,0,20,,76797,21,0,15,0,67,,76808,21,0,15,0,29,,76813,21,0,15,0,69,,76841,21,0,15,0,29,,76810,21,0,15,0,70,,76847,21,0,15,0,30,,76848,21,0,15,0,70,,76849,21,0,15,0
9501,'4833',633,,76855,21,0,15,0,78,,76856,21,0,15,0,20,,76857,21,0,15,0,19,,76858,21,0,15,0,60,,76859,21,0,15,0,15,,76860,21,0,15,0,15,,76854,21,0,15,0,15,,76861,21,0,15,0,57,,76862,21,0,15,0,15,,76863,21,0,15,0,16,,76864,21,0,15,0,15,,76865,21,0,15,0,56,,76866,21,0,15,0,15,,76867,21,0,15,0,16,,76868,21,0,15,0,55,,76869,21,0,15,0,16,,76870,21,0,15,0,15,,76871,21,0,15,0,15,,76872,21,0,15,0,57,,76873,21,0,15,0,15,,76874,21,0,15,0,15,,76875,21,0,15,0,14,,76876,21,0,15,0,53,,76877,21,0,15,0,12,,76878,21,0,15,0,12,,76879,21,0,15,0,12,,76880,21,0,15,0,12,,76881,21,0,15,0,52,,76882,21,0,15,0,12,,76883,21,0,15,0,12,,76884,21,0,15,0,12,,76885,21,0,15,0,13,,76886,21,0,15,0,53,,76887,21,0,15,0,12,,76888,21,0,15,0,12,,76889,21,0,15,0,12,,76890,21,0,15,0,13,,76891,21,0,15,0,52,,76892,21,0,15,0,12,,76893,21,0,15,0,11,,76894,21,0,15,0,12,,76895,21,0,15,0,12,,76896,21,0,15,0,51,,76897,21,0,15,0,11,,76898,21,0,15,0,12,,76899,21,0,15,0,12,,76900,21,0,15,0,12,,76901,21,0,15,0,52,,76902,21,0,15,0,12,,76903,21,0,15,0,12,,76904,21,0,15,0,12,,76905,21,0,15,0,12,,76906,21,0,15,0,52,,76907,21,0,15,0,12,,76908,21,0,15,0,12,,76909,21,0,15,0,14,,76910,21,0,15,0,15,,76911,21,0,15,0,55,,76912,21,0,15,0,14,,76913,21,0,15,0,15,,76914,21,0,15,0,15,,76915,21,0,15,0,54,,76916,21,0,15,0,15,,76917,21,0,15,0,14,,76918,21,0,15,0,15,,76919,21,0,15,0,55,,76920,21,0,15,0,15,,76921,21,0,15,0,20,,76922,21,0,15,0,60,,76923,21,0,15,0,20,,76924,21,0,15,0,20,,76925,21,0,15,0,66,,76926,21,0,15,0,28,,76927,21,0,15,0,70,,76928,21,0,15,0
9501,'5015',633,,76930,21,0,15,0,78,,76931,21,0,15,0,20,,76932,21,0,15,0,19,,76933,21,0,15,0,60,,76934,21,0,15,0,15,,76935,21,0,15,0,15,,76929,21,0,15,0,15,,76936,21,0,15,0,57,,76937,21,0,15,0,15,,76938,21,0,15,0,16,,76939,21,0,15,0,15,,76940,21,0,15,0,56,,76941,21,0,15,0,15,,76942,21,0,15,0,16,,76943,21,0,15,0,55,,76944,21,0,15,0,16,,76945,21,0,15,0,15,,76946,21,0,15,0,15,,76947,21,0,15,0,57,,76948,21,0,15,0,15,,76949,21,0,15,0,15,,76950,21,0,15,0,14,,76951,21,0,15,0,53,,76952,21,0,15,0,12,,76953,21,0,15,0,12,,76954,21,0,15,0,12,,76955,21,0,15,0,12,,76956,21,0,15,0,52,,76957,21,0,15,0,12,,76958,21,0,15,0,12,,76959,21,0,15,0,12,,76960,21,0,15,0,13,,76961,21,0,15,0,53,,76962,21,0,15,0,12,,76963,21,0,15,0,12,,76964,21,0,15,0,12,,76965,21,0,15,0,13,,76966,21,0,15,0,52,,76967,21,0,15,0,12,,76968,21,0,15,0,11,,76969,21,0,15,0,12,,76970,21,0,15,0,12,,76971,21,0,15,0,51,,76972,21,0,15,0,11,,76973,21,0,15,0,12,,76974,21,0,15,0,12,,76975,21,0,15,0,12,,76976,21,0,15,0,52,,76977,21,0,15,0,12,,76978,21,0,15,0,12,,76979,21,0,15,0,12,,76980,21,0,15,0,12,,76981,21,0,15,0,52,,76982,21,0,15,0,12,,76983,21,0,15,0,12,,76984,21,0,15,0,14,,76985,21,0,15,0,15,,76986,21,0,15,0,55,,76987,21,0,15,0,14,,76988,21,0,15,0,15,,76989,21,0,15,0,15,,76990,21,0,15,0,54,,76991,21,0,15,0,15,,76992,21,0,15,0,14,,76993,21,0,15,0,15,,76994,21,0,15,0,55,,76995,21,0,15,0,15,,76996,21,0,15,0,20,,76997,21,0,15,0,60,,76998,21,0,15,0,20,,76999,21,0,15,0,20,,77000,21,0,15,0,66,,77001,21,0,15,0,28,,77002,21,0,15,0,70,,77003,21,0,15,0,30,,77004,21,0,15,0,68,,77005,21,0,15,0,30,,77006,21,0,15,0,70,,77007,21,0,15,0
9501,'5222',509,,77093,7,0,15,0,26,,77102,21,0,15,0,67,,77103,21,0,15,0,23,,77082,21,0,15,0,12,,77068,21,0,15,0,12,,77062,21,0,15,0,54,,77064,21,0,15,0,12,,77101,21,0,15,0,12,,77045,21,0,15,0,12,,77047,21,0,15,0,13,,77104,21,0,15,0,53,,77046,21,0,15,0,12,,77081,21,0,15,0,13,,77065,21,0,15,0,13,,77020,21,0,15,0,12,,77034,21,0,15,0,53,,77044,21,0,15,0,11,,77094,21,0,15,0,12,,77050,21,0,15,0,12,,77100,21,0,15,0,12,,77010,21,0,15,0,54,,77053,21,0,15,0,12,,77080,21,0,15,0,12,,77074,21,0,15,0,12,,77021,21,0,15,0,12,,77035,21,0,15,0,51,,77043,21,0,15,0,12,,77097,21,0,15,0,13,,77049,21,0,15,0,12,,77092,21,0,15,0,12,,77031,21,0,15,0,53,,77048,21,0,15,0,12,,77083,21,0,15,0,12,,77073,21,0,15,0,12,,77024,21,0,15,0,12,,77036,21,0,15,0,52,,77061,21,0,15,0,12,,77090,21,0,15,0,10,,77018,21,0,15,0,10,,77057,21,0,15,0,10,,77089,21,0,15,0,50,,77029,21,0,15,0,10,,77040,21,0,15,0,11,,77009,21,0,15,0,10,,77079,21,0,15,0,11,,77076,21,0,15,0,10,,77022,21,0,15,0,52,,77033,21,0,15,0,11,,77008,21,0,15,0,11,,77042,21,0,15,0,10,,77091,21,0,15,0,11,,77015,21,0,15,0,10,,77056,21,0,15,0,51,,77096,21,0,15,0,11,,77030,21,0,15,0,12,,77041,21,0,15,0,9,,77028,21,0,15,0,8,,77037,21,0,15,0,8,,77077,21,0,15,0,49,,77071,21,0,15,0,7,,77025,21,0,15,0,8,,77023,21,0,15,0,6,,77032,21,0,15,0,6,,77013,21,0,15,0,6,,77039,21,0,15,0,7,,77054,21,0,15,0,7,,77088,21,0,15,0,47,,77017,21,0,15,0,8,,77027,21,0,15,0,9,,77099,21,0,15,0,8,,77014,21,0,15,0,7,,77011,21,0,15,0,9,,77038,21,0,15,0,10,,77026,21,0,15,0,51,,77072,21,0,15,0,10,,77075,21,0,15,0,12,,77019,21,0,15,0,12,,77012,21,0,15,0,11,,77087,21,0,15,0,52,,77016,21,0,15,0,12,,77098,21,0,15,0,12,,77060,21,0,15,0,15,,77058,21,0,15,0,15,,77070,21,0,15,0,55,,77069,21,0,15,0,12,,77055,21,0,15,0,15,,77084,21,0,15,0,15,,77051,21,0,15,0,55,,77085,21,0,15,0,15,,77059,21,0,15,0,20,,77078,21,0,15,0,59,,77066,21,0,15,0,18,,77086,21,0,15,0,20,,77052,21,0,15,0,67,,77063,21,0,15,0,29,,77067,21,0,15,0,69,,77095,21,0,15,0
9501,'5365',717,,77105,21,0,15,0,30,,77106,21,0,15,0,59,,77107,21,0,15,0,20,,77108,21,0,15,0,20,,77109,21,0,15,0,55,,77110,21,0,15,0,15,,77111,21,0,15,0,16,,77112,21,0,15,0,15,,77113,21,0,15,0,57,,77114,21,0,15,0,15,,77115,21,0,15,0,15,,77116,21,0,15,0,16,,77121,21,0,15,0,55,,77117,21,0,15,0,15,,77118,21,0,15,0,15,,77119,21,0,15,0,15,,77122,21,0,15,0,56,,77123,21,0,15,0,16,,77120,21,0,15,0,15,,77124,21,0,15,0,15,,77125,21,0,15,0,55,,77126,21,0,15,0,15,,77127,21,0,15,0,15,,77128,21,0,15,0,15,,77129,21,0,15,0,56,,77130,21,0,15,0,15,,77131,21,0,15,0,15,,77132,21,0,15,0,15,,77133,21,0,15,0,55,,77134,21,0,15,0,15,,77135,21,0,15,0,15,,77136,21,0,15,0,15,,77137,21,0,15,0,56,,77138,21,0,15,0,13,,77139,21,0,15,0,12,,77140,21,0,15,0,11,,77141,21,0,15,0,13,,77142,21,0,15,0,52,,77143,21,0,15,0,12,,77144,21,0,15,0,12,,77145,21,0,15,0,12,,77146,21,0,15,0,12,,77147,21,0,15,0,52,,77148,21,0,15,0,14,,77149,21,0,15,0,15,,77150,21,0,15,0,14,,77151,21,0,15,0,55,,77152,21,0,15,0,14,,77153,21,0,15,0,15,,77154,21,0,15,0,15,,77155,21,0,15,0,55,,77156,21,0,15,0,15,,77157,21,0,15,0,15,,77158,21,0,15,0,12,,77159,21,0,15,0,55,,77160,21,0,15,0,15,,77161,21,0,15,0,15,,77162,21,0,15,0,15,,77163,21,0,15,0,55,,77164,21,0,15,0,15,,77166,21,0,15,0,20,,77165,21,0,15,0,20,,77167,21,0,15,0,58,,77168,21,0,15,0,20,,77169,21,0,15,0,72,,77170,21,0,15,0,30,,77171,21,0,15,0
9501,'5390',717,,77172,21,0,15,0,30,,77173,21,0,15,0,59,,77174,21,0,15,0,20,,77175,21,0,15,0,20,,77176,21,0,15,0,55,,77177,21,0,15,0,15,,77178,21,0,15,0,16,,77179,21,0,15,0,15,,77180,21,0,15,0,57,,77181,21,0,15,0,15,,77182,21,0,15,0,15,,77183,21,0,15,0,16,,77188,21,0,15,0,55,,77184,21,0,15,0,15,,77185,21,0,15,0,15,,77186,21,0,15,0,15,,77189,21,0,15,0,56,,77190,21,0,15,0,16,,77187,21,0,15,0,15,,77191,21,0,15,0,15,,77192,21,0,15,0,55,,77193,21,0,15,0,15,,77194,21,0,15,0,15,,77195,21,0,15,0,15,,77196,21,0,15,0,56,,77197,21,0,15,0,15,,77198,21,0,15,0,15,,77199,21,0,15,0,15,,77200,21,0,15,0,55,,77201,21,0,15,0,15,,77202,21,0,15,0,15,,77203,21,0,15,0,15,,77204,21,0,15,0,56,,77205,21,0,15,0,13,,77206,21,0,15,0,12,,77207,21,0,15,0,11,,77208,21,0,15,0,13,,77209,21,0,15,0,52,,77210,21,0,15,0,12,,77211,21,0,15,0,12,,77212,21,0,15,0,12,,77213,21,0,15,0,12,,77214,21,0,15,0,52,,77215,21,0,15,0,14,,77216,21,0,15,0,15,,77217,21,0,15,0,14,,77218,21,0,15,0,55,,77219,21,0,15,0,14,,77220,21,0,15,0,15,,77221,21,0,15,0,15,,77222,21,0,15,0,55,,77223,21,0,15,0,15,,77224,21,0,15,0,15,,77225,21,0,15,0,12,,77226,21,0,15,0,55,,77227,21,0,15,0,15,,77228,21,0,15,0,15,,77229,21,0,15,0,15,,77230,21,0,15,0,55,,77231,21,0,15,0,15,,77233,21,0,15,0,20,,77232,21,0,15,0,20,,77234,21,0,15,0,58,,77235,21,0,15,0,20,,77236,21,0,15,0,72,,77237,21,0,15,0,30,,77238,21,0,15,0
24005101,'4623',803,,77788,22,,,0,31,,77787,22,,,0,725,,77786,22,,,0,65,,77785,22,,,0,76,,77784,22,,,0,27,,77790,22,,,0,21,,77789,22,,,0,65,,77783,22,,,0
24005101,'5222',803,,77796,22,,,0,31,,77795,22,,,0,725,,77794,22,,,0,65,,77793,22,,,0,76,,77792,22,,,0,27,,77798,22,,,0,21,,77797,22,,,0,65,,77791,22,,,0
