2201,'4487',719,,8328,,,0,38,,8339,,,0,68,,8324,,,0,29,,8318,,,0,70,,8327,,,0,30,,8340,,,0,68,,8323,,,0,29,,8322,,,0,71,,8325,,,0,28,,8320,,,0,68,,8344,,,0,30,,8321,,,0,67,,8326,,,0,30,,8319,,,0,70,,8332,,,0,32,,8343,,,0,69,,8334,,,0,32,,8330,,,0,71,,8333,,,0,34,,8335,,,0,71,,8331,,,0,31,,8329,,,0,70,,8337,,,0,32,,8336,,,0,68,,8342,,,0,28,,8338,,,0,73,,8345,,,0,31,,8341,,,0,88,,8346,0,5,0
2201,'4744',601,,8393,,,0,28,,8383,,,0,89,,8377,,,0,26,,8382,,,0,70,,8394,,,0,31,,8384,,,0,103,,8378,,,0,69,,8381,,,0,30,,8395,,,0,98,,8398,,,0,69,,8376,,,0,29,,8385,,,0,99,,8386,,,0,71,,8399,,,0,100,,8387,,,0,33,,8396,,,0,70,,8388,,,0,100,,8379,,,0,37,,8389,,,0,99,,8390,,,0,71,,8380,,,0,103,,8397,,,0,31,,8392,,,0,89,,8391,0,5,0
2201,'4745',747,,8408,,,0,80,,8409,,,0,29,,8400,,,0,67,,8401,,,0,30,,8411,,,0,69,,8410,,,0,29,,8402,,,0,70,,8404,,,0,30,,8405,,,0,70,,8403,,,0,28,,8407,,,0,69,,8406,,,0,30,,8413,,,0,70,,8414,,,0,31,,8412,,,0,70,,8416,,,0,35,,8415,,,0,70,,8418,,,0,30,,8417,,,0,70,,8419,,,0,32,,8420,,,0,70,,8421,,,0,91,,8422,0,5,0,102,,8423,0,5,0,111,,8424,0,5,0
2201,'4947',601,,8442,,,0,28,,8432,,,0,89,,8426,,,0,26,,8431,,,0,70,,8443,,,0,31,,8433,,,0,103,,8427,,,0,69,,8430,,,0,30,,8444,,,0,98,,8447,,,0,69,,8425,,,0,29,,8434,,,0,99,,8435,,,0,71,,8448,,,0,100,,8436,,,0,33,,8445,,,0,70,,8437,,,0,100,,8428,,,0,37,,8438,,,0,99,,8439,,,0,71,,8429,,,0,103,,8446,,,0,31,,8441,,,0,89,,8440,0,5,0
2201,'4952',601,,8466,,,0,28,,8456,,,0,89,,8450,,,0,26,,8455,,,0,70,,8467,,,0,31,,8457,,,0,103,,8451,,,0,69,,8454,,,0,30,,8468,,,0,98,,8471,,,0,69,,8449,,,0,29,,8458,,,0,99,,8459,,,0,71,,8472,,,0,100,,8460,,,0,33,,8469,,,0,70,,8461,,,0,100,,8452,,,0,37,,8462,,,0,99,,8463,,,0,71,,8453,,,0,103,,8470,,,0,31,,8465,,,0,89,,8464,0,5,0
2201,'4953',719,,8483,,,0,38,,8494,,,0,68,,8479,,,0,29,,8473,,,0,70,,8482,,,0,30,,8495,,,0,68,,8478,,,0,29,,8477,,,0,71,,8480,,,0,28,,8475,,,0,68,,8499,,,0,30,,8476,,,0,67,,8481,,,0,30,,8474,,,0,70,,8487,,,0,32,,8498,,,0,69,,8489,,,0,32,,8485,,,0,71,,8488,,,0,34,,8490,,,0,71,,8486,,,0,31,,8484,,,0,70,,8492,,,0,32,,8491,,,0,68,,8497,,,0,28,,8493,,,0,73,,8500,,,0,31,,8496,,,0,88,,8501,0,5,0
2201,'4954',747,,8510,,,0,80,,8511,,,0,29,,8502,,,0,67,,8503,,,0,30,,8513,,,0,69,,8512,,,0,29,,8504,,,0,70,,8506,,,0,30,,8507,,,0,70,,8505,,,0,28,,8509,,,0,69,,8508,,,0,30,,8515,,,0,70,,8516,,,0,31,,8514,,,0,70,,8518,,,0,35,,8517,,,0,70,,8520,,,0,30,,8519,,,0,70,,8521,,,0,32,,8522,,,0,70,,8523,,,0,91,,8524,0,5,0,102,,8525,0,5,0,111,,8526,0,5,0
1002201,'4744',701,,19890,,,0,216,,19889,,,0,200,,19885,,,0,197,,19887,,,0,130,,19884,,,0,65,,19883,0,5,0,139,,19891,,,0,174,,19888,,,0,134,,19886,,,0
1002201,'4947',701,,19898,,,0,216,,19897,,,0,200,,19893,,,0,197,,19895,,,0,130,,19892,,,0,204,,19899,,,0,174,,19896,,,0,134,,19894,,,0
1002201,'4949',1410,,19901,0,5,0
1002201,'4950',1509,,19900,0,5,0
1002201,'4952',701,,19909,,,0,216,,19908,,,0,200,,19904,,,0,197,,19906,,,0,96,,19902,0,5,0,34,,19903,,,0,204,,19910,,,0,174,,19907,,,0,134,,19905,,,0
