300,'5036',606,,36808,4,,,0,30,,36807,4,,,0,76,,36806,4,,,0,38,,36805,4,,,0,79,,36804,4,,,0,74,,36803,4,,,0,29,,36796,4,,,0,70,,36797,4,,,0,28,,36795,4,,,0,29,,36794,4,,,0,70,,36800,4,,,0,74,,36792,4,,,0,31,,36793,4,,,0,69,,36799,4,,,0,30,,36791,4,,,0,74,,36790,4,,,0,33,,36798,4,,,0,76,,36789,4,,,0,34,,36788,4,,,0,73,,36801,4,,,0,78,,36787,4,,,0,31,,36786,4,,,0,72,,36802,4,,,0,29,,36785,4,,,0,72,,36784,4,,,0,23,,36782,4,,,0,28,,36781,4,,,0,68,,36780,4,,,0,89,,36783,4,0,5,0
300,'5040',606,,36837,4,,,0,30,,36836,4,,,0,76,,36835,4,,,0,38,,36834,4,,,0,79,,36833,4,,,0,74,,36832,4,,,0,29,,36825,4,,,0,70,,36826,4,,,0,28,,36824,4,,,0,29,,36823,4,,,0,70,,36829,4,,,0,74,,36821,4,,,0,31,,36822,4,,,0,69,,36828,4,,,0,30,,36820,4,,,0,74,,36819,4,,,0,33,,36827,4,,,0,76,,36818,4,,,0,34,,36817,4,,,0,73,,36830,4,,,0,78,,36816,4,,,0,31,,36815,4,,,0,72,,36831,4,,,0,29,,36814,4,,,0,72,,36813,4,,,0,23,,36811,4,,,0,28,,36810,4,,,0,68,,36809,4,,,0,89,,36812,4,0,5,0
300,'5041',644,,36861,4,,,0,67,,36845,4,,,0,31,,36839,4,,,0,66,,36853,4,,,0,33,,36846,4,,,0,66,,36863,4,,,0,33,,36852,4,,,0,67,,36838,4,,,0,25,,36860,4,,,0,72,,36851,4,,,0,28,,36842,4,,,0,71,,36864,4,,,0,29,,36854,4,,,0,72,,36841,4,,,0,28,,36848,4,,,0,75,,36840,4,,,0,28,,36847,4,,,0,81,,36843,4,,,0,33,,36849,4,,,0,77,,36844,4,,,0,26,,36850,4,,,0,75,,36856,4,,,0,31,,36857,4,,,0,70,,36855,4,,,0,27,,36858,4,,,0,69,,36859,4,,,0,33,,36865,4,,,0,68,,36862,4,,,0,88,,36866,4,0,5,0
300,'5078',658,,36881,4,,,0,82,,36869,4,,,0,81,,36882,4,,,0,82,,36876,4,,,0,37,,36880,4,,,0,78,,36867,4,,,0,20,,36877,4,,,0,69,,36872,4,,,0,31,,36868,4,,,0,67,,36873,4,,,0,32,,36871,4,,,0,67,,36870,4,,,0,33,,36874,4,,,0,75,,36875,4,,,0,29,,36878,4,,,0,79,,36879,4,,,0,28,,36886,4,,,0,71,,36883,4,,,0,30,,36884,4,,,0,68,,36885,4,,,0,34,,36888,4,,,0,68,,36887,4,,,0,32,,36889,4,,,0,73,,36890,4,,,0,87,,36891,4,0,5,0
300,'5079',658,,36906,4,,,0,82,,36894,4,,,0,81,,36907,4,,,0,82,,36901,4,,,0,37,,36905,4,,,0,78,,36892,4,,,0,20,,36902,4,,,0,69,,36897,4,,,0,31,,36893,4,,,0,67,,36898,4,,,0,32,,36896,4,,,0,67,,36895,4,,,0,33,,36899,4,,,0,75,,36900,4,,,0,29,,36903,4,,,0,79,,36904,4,,,0,28,,36911,4,,,0,71,,36908,4,,,0,30,,36909,4,,,0,68,,36910,4,,,0,34,,36913,4,,,0,68,,36912,4,,,0,32,,36914,4,,,0,73,,36915,4,,,0,87,,36916,4,0,5,0
700,'5036',604,,38410,16,0,5,0,27,,38408,16,0,5,0,17,,38421,16,0,5,0,54,,38404,16,0,5,0,15,,38415,16,0,5,0,13,,38394,16,0,5,0,17,,38425,16,0,5,0,56,,38401,16,0,5,0,20,,38411,16,0,5,0,18,,38395,16,0,5,0,18,,38399,16,0,5,0,65,,38413,16,0,5,0,26,,38433,16,0,5,0,70,,38430,16,0,5,0,30,,38431,16,0,5,0,70,,38407,16,0,5,0,31,,38434,16,0,5,0,70,,38429,16,0,5,0,30,,38428,16,0,5,0,71,,38432,16,0,5,0,30,,38406,16,0,5,0,69,,38417,16,0,5,0,20,,38396,16,0,5,0,59,,38409,16,0,5,0,14,,38435,16,0,5,0,6,,38402,16,0,5,0,20,,38427,16,0,5,0,17,,38397,16,0,5,0,58,,38416,16,0,5,0,18,,38405,16,0,5,0,19,,38398,16,0,5,0,59,,38412,16,0,5,0,18,,38403,16,0,5,0,16,,38418,16,0,5,0,57,,38400,16,0,5,0,16,,38424,16,0,5,0,31,,38420,16,0,5,0,70,,38422,16,0,5,0,33,,38414,16,0,5,0,69,,38423,16,0,5,0,30,,38426,16,0,5,0,71,,38419,16,0,5,0
700,'5040',604,,38452,16,0,5,0,27,,38450,16,0,5,0,17,,38463,16,0,5,0,54,,38446,16,0,5,0,15,,38457,16,0,5,0,13,,38436,16,0,5,0,17,,38467,16,0,5,0,56,,38443,16,0,5,0,20,,38453,16,0,5,0,18,,38437,16,0,5,0,18,,38441,16,0,5,0,65,,38455,16,0,5,0,26,,38475,16,0,5,0,70,,38472,16,0,5,0,30,,38473,16,0,5,0,70,,38449,16,0,5,0,31,,38476,16,0,5,0,70,,38471,16,0,5,0,30,,38470,16,0,5,0,71,,38474,16,0,5,0,30,,38448,16,0,5,0,69,,38459,16,0,5,0,20,,38438,16,0,5,0,59,,38451,16,0,5,0,14,,38477,16,0,5,0,6,,38444,16,0,5,0,20,,38469,16,0,5,0,17,,38439,16,0,5,0,58,,38458,16,0,5,0,18,,38447,16,0,5,0,19,,38440,16,0,5,0,59,,38454,16,0,5,0,18,,38445,16,0,5,0,16,,38460,16,0,5,0,57,,38442,16,0,5,0,16,,38466,16,0,5,0,31,,38462,16,0,5,0,70,,38464,16,0,5,0,33,,38456,16,0,5,0,69,,38465,16,0,5,0,30,,38468,16,0,5,0,71,,38461,16,0,5,0
700,'5041',651,,38499,16,0,5,0,85,,38506,16,0,5,0,80,,38489,16,0,5,0,29,,38500,16,0,5,0,79,,38481,16,0,5,0,29,,38501,16,0,5,0,71,,38484,16,0,5,0,31,,38492,16,0,5,0,70,,38478,16,0,5,0,31,,38479,16,0,5,0,70,,38502,16,0,5,0,30,,38485,16,0,5,0,70,,38493,16,0,5,0,28,,38480,16,0,5,0,72,,38482,16,0,5,0,30,,38503,16,0,5,0,70,,38486,16,0,5,0,30,,38494,16,0,5,0,70,,38483,16,0,5,0,30,,38488,16,0,5,0,71,,38504,16,0,5,0,30,,38487,16,0,5,0,68,,38496,16,0,5,0,29,,38491,16,0,5,0,68,,38490,16,0,5,0,31,,38505,16,0,5,0,70,,38495,16,0,5,0,28,,38497,16,0,5,0,70,,38498,16,0,5,0
700,'5078',717,,38523,16,0,5,0,35,,38525,16,0,5,0,84,,38511,16,0,5,0,77,,38524,16,0,5,0,41,,38526,16,0,5,0,70,,38507,16,0,5,0,30,,38512,16,0,5,0,70,,38514,16,0,5,0,29,,38509,16,0,5,0,71,,38513,16,0,5,0,30,,38510,16,0,5,0,70,,38508,16,0,5,0,30,,38515,16,0,5,0,70,,38516,16,0,5,0,30,,38517,16,0,5,0,70,,38518,16,0,5,0,30,,38520,16,0,5,0,70,,38519,16,0,5,0,30,,38522,16,0,5,0,70,,38521,16,0,5,0,30,,38527,16,0,5,0,69,,38530,16,0,5,0,30,,38529,16,0,5,0,70,,38528,16,0,5,0,30,,38532,16,0,5,0,71,,38531,16,0,5,0
700,'5079',717,,38549,16,0,5,0,35,,38551,16,0,5,0,84,,38537,16,0,5,0,77,,38550,16,0,5,0,41,,38552,16,0,5,0,70,,38533,16,0,5,0,30,,38538,16,0,5,0,70,,38540,16,0,5,0,29,,38535,16,0,5,0,71,,38539,16,0,5,0,30,,38536,16,0,5,0,70,,38534,16,0,5,0,30,,38541,16,0,5,0,70,,38542,16,0,5,0,30,,38543,16,0,5,0,70,,38544,16,0,5,0,30,,38546,16,0,5,0,70,,38545,16,0,5,0,30,,38548,16,0,5,0,70,,38547,16,0,5,0,30,,38553,16,0,5,0,69,,38556,16,0,5,0,30,,38555,16,0,5,0,70,,38554,16,0,5,0,30,,38558,16,0,5,0,71,,38557,16,0,5,0
14000700,'5036',2150,,48747,16,0,5,0,70,,48750,16,0,5,0,32,,48748,16,0,5,0,69,,48749,16,0,5,0,31,,48751,16,0,5,0,70,,48752,16,0,5,0
14000700,'5040',2150,,48753,16,0,5,0,70,,48756,16,0,5,0,32,,48754,16,0,5,0,69,,48755,16,0,5,0,31,,48757,16,0,5,0,70,,48758,16,0,5,0
14000700,'5041',2149,,48759,16,0,5,0,74,,48760,16,0,5,0,30,,48761,16,0,5,0,69,,48762,16,0,5,0,30,,48763,16,0,5,0,72,,48764,16,0,5,0
14000700,'5078',2052,,48765,16,0,5,0,71,,48766,16,0,5,0,30,,48767,16,0,5,0,100,,48768,16,0,5,0,99,,48769,16,0,5,0
14000700,'5079',2052,,48770,16,0,5,0,71,,48771,16,0,5,0,30,,48772,16,0,5,0,100,,48773,16,0,5,0,99,,48774,16,0,5,0
