901,'4744',1726,,4060,,,0,79,,4057,,,0
901,'4870',1726,,4068,,,0,79,,4065,,,0
901,'4875',1726,,4076,,,0,79,,4073,,,0
2100,'4487',853,,7518,0,18 19,0,387,,7509,0,18 19,0,199,,7510,0,18 19,0,202,,7524,0,18 19,0,199,,7519,0,18 19,0
2100,'4743',853,,7545,0,18 19,0,387,,7536,0,18 19,0,199,,7537,0,18 19,0,202,,7551,0,18 19,0,199,,7546,0,18 19,0
2100,'4744',632,,7562,0,5,0,7,,7564,,,0,70,,7572,,,0,18,,7563,,,0,16,,7571,,,0,58,,7573,,,0,11,,7608,,,0,5,,7583,,,0,16,,7575,,,0,14,,7582,,,0,76,,7595,,,0,78,,7574,,,0,41,,7585,,,0,80,,7576,,,0,21,,7586,0,18 19,0,61,,7568,,,0,41,,7577,,,0,80,,7579,,,0,78,,7605,,,0,19,,7587,,,0,17,,7578,,,0,75,,7607,,,0,18,,7597,,,0,17,,7596,,,0,60,,7594,,,0,18,,7593,,,0,19,,7604,0,18 19,0,58,,7591,,,0,17,,7592,,,0,17,,7588,,,0
2100,'4745',913,,7613,0,18 19,0,322,,7611,0,18 19,0,203,,7617,0,18 19,0,200,,7623,0,18 19,0,197,,7629,0,18 19,0
2100,'4870',632,,7634,0,5,0,7,,7636,,,0,70,,7644,,,0,18,,7635,,,0,16,,7643,,,0,58,,7645,,,0,11,,7679,,,0,5,,7655,,,0,16,,7647,,,0,14,,7654,,,0,76,,7666,,,0,78,,7646,,,0,41,,7657,,,0,80,,7648,,,0,21,,7658,0,18 19,0,61,,7640,,,0,41,,7649,,,0,80,,7651,,,0,78,,7676,,,0,19,,7659,,,0,17,,7650,,,0,75,,7678,,,0,18,,7668,,,0,17,,7667,,,0,78,,7665,,,0,19,,7675,0,18 19,0,58,,7663,,,0,17,,7664,,,0,17,,7660,,,0
2100,'4872',1609,,7680,,,0
2100,'4873',1609,,7681,,,0
2100,'4875',632,,7682,0,5,0,7,,7684,,,0,70,,7692,,,0,18,,7683,,,0,16,,7691,,,0,58,,7693,,,0,11,,7728,,,0,5,,7703,,,0,16,,7695,,,0,14,,7702,,,0,76,,7715,,,0,78,,7694,,,0,41,,7705,,,0,80,,7696,,,0,21,,7706,0,18 19,0,61,,7688,,,0,41,,7697,,,0,80,,7699,,,0,78,,7725,,,0,19,,7707,,,0,17,,7698,,,0,75,,7727,,,0,18,,7717,,,0,17,,7716,,,0,60,,7714,,,0,18,,7713,,,0,19,,7724,0,18 19,0,58,,7711,,,0,17,,7712,,,0,17,,7708,,,0
2100,'4876',853,,7739,0,18 19,0,387,,7730,0,18 19,0,199,,7731,0,18 19,0,202,,7745,0,18 19,0,199,,7740,0,18 19,0
2100,'4877',913,,7760,0,18 19,0,322,,7758,0,18 19,0,203,,7764,0,18 19,0,200,,7770,0,18 19,0,197,,7776,0,18 19,0
3800,'4744',611,,12807,,,0,27,,12784,,,0,64,,12804,,,0,13,,12785,,,0,18,,12786,,,0,15,,12789,,,0,63,,12787,,,0,28,,12788,,,0,74,,12805,,,0,27,,12790,,,0,99,,12791,,,0,101,,12792,,,0,103,,12793,,,0,101,,12794,,,0,98,,12795,,,0,81,,12806,,,0,32,,12796,,,0,70,,12797,,,0,31,,12798,,,0,70,,12799,,,0,32,,12800,,,0,80,,12802,,,0,102,,12801,,,0,102,,12803,,,0
3800,'4870',611,,12831,,,0,27,,12808,,,0,64,,12828,,,0,13,,12809,,,0,18,,12810,,,0,15,,12813,,,0,63,,12811,,,0,28,,12812,,,0,74,,12829,,,0,27,,12814,,,0,99,,12815,,,0,101,,12816,,,0,103,,12817,,,0,101,,12818,,,0,98,,12819,,,0,81,,12830,,,0,32,,12820,,,0,70,,12821,,,0,31,,12822,,,0,70,,12823,,,0,32,,12824,,,0,80,,12826,,,0,102,,12825,,,0,102,,12827,,,0
3800,'4875',611,,12855,,,0,27,,12832,,,0,64,,12852,,,0,13,,12833,,,0,18,,12834,,,0,15,,12837,,,0,63,,12835,,,0,28,,12836,,,0,74,,12853,,,0,27,,12838,,,0,99,,12839,,,0,101,,12840,,,0,103,,12841,,,0,101,,12842,,,0,98,,12843,,,0,81,,12854,,,0,32,,12844,,,0,70,,12845,,,0,31,,12846,,,0,70,,12847,,,0,32,,12848,,,0,80,,12850,,,0,102,,12849,,,0,102,,12851,,,0
