2500,'4623',601,,69396,19,,,0,34,,69415,19,,,0,73,,69400,19,,,0,38,,69413,19,,,0,68,,69397,19,,,0,94,,69398,19,,,0,105,,69399,19,,,0,101,,69401,19,,,0,100,,69402,19,,,0,99,,69403,19,,,0,100,,69404,19,,,0,98,,69408,9,,,0,39,,69406,19,,,0,84,,69407,19,,,0,98,,69405,19,,,0,102,,69409,19,,,0,100,,69410,19,,,0,121,,69411,19,,,0,168,,69412,19,,,0,130,,69414,19,0,5,0
2500,'4833',745,,69422,19,,,0,109,,69420,19,,,0,154,,69424,19,,,0,101,,69418,19,,,0,100,,69416,19,,,0,98,,69417,19,,,0,100,,69419,19,,,0,99,,69423,19,,,0,100,,69421,19,,,0,101,,69425,19,,,0,102,,69426,19,,,0,124,,69427,19,,,0,121,,69428,19,,,0,169,,69429,19,,,0,130,,69430,19,0,5,0
2500,'5015',745,,69437,19,,,0,109,,69435,19,,,0,154,,69439,19,,,0,101,,69433,19,,,0,100,,69431,19,,,0,98,,69432,19,,,0,100,,69434,19,,,0,99,,69438,19,,,0,100,,69436,19,,,0,101,,69440,19,,,0,102,,69441,19,,,0,124,,69442,19,,,0,121,,69443,19,,,0,169,,69444,19,,,0,130,,69445,19,0,5,0
2500,'5222',601,,69446,19,,,0,34,,69465,19,,,0,73,,69450,19,,,0,38,,69463,19,,,0,68,,69447,19,,,0,94,,69448,19,,,0,105,,69449,19,,,0,101,,69451,19,,,0,100,,69452,19,,,0,99,,69453,19,,,0,100,,69454,19,,,0,98,,69458,9,,,0,39,,69456,19,,,0,84,,69457,19,,,0,98,,69455,19,,,0,102,,69459,19,,,0,100,,69460,19,,,0,121,,69461,19,,,0,168,,69462,19,,,0,130,,69464,19,0,5,0
2500,'5365',736,,69468,19,,,0,168,,69466,19,,,0,129,,69467,19,,,0,170,,69469,19,,,0,132,,69470,19,,,0,169,,69471,19,,,0,133,,69472,19,,,0,169,,69473,19,,,0,130,,69474,19,,,0,120,,69475,19,,,0,168,,69476,19,,,0
2500,'5390',736,,69479,19,,,0,168,,69477,19,,,0,129,,69478,19,,,0,170,,69480,19,,,0,132,,69481,19,,,0,169,,69482,19,,,0,133,,69483,19,,,0,169,,69484,19,,,0,130,,69485,19,,,0,120,,69486,19,,,0,168,,69487,19,,,0
4001,'4623',618,,72698,34,,,0,96,,72692,34,,,0,30,,72700,34,,,0,94,,72686,34,,,0,97,,72696,34,,,0,100,,72687,34,,,0,100,,72695,34,,,0,102,,72688,34,,,0,101,,72697,34,,,0,101,,72689,34,,,0,111,,72699,34,,,0,76,,72684,34,,,0,74,,72691,34,,,0,30,,72685,34,,,0,73,,72702,34,,,0,44,,72690,34,,,0,97,,72701,34,,,0,95,,72693,34,,,0,164,,72694,34,,,0
4001,'4833',652,,72712,34,,,0,168,,72715,34,,,0,102,,72703,34,,,0,100,,72705,34,,,0,101,,72711,34,,,0,101,,72713,34,,,0,100,,72704,34,,,0,100,,72706,34,,,0,100,,72709,34,,,0,100,,72714,34,,,0,100,,72707,34,,,0,98,,72708,34,,,0,99,,72710,34,,,0,97,,72716,34,,,0,130,,72717,34,,,0
4001,'5015',652,,72727,34,,,0,168,,72730,34,,,0,102,,72718,34,,,0,100,,72720,34,,,0,101,,72726,34,,,0,101,,72728,34,,,0,100,,72719,34,,,0,100,,72721,34,,,0,100,,72724,34,,,0,100,,72729,34,,,0,100,,72722,34,,,0,98,,72723,34,,,0,99,,72725,34,,,0,97,,72731,34,,,0,130,,72732,34,,,0
4001,'5222',618,,72747,34,,,0,96,,72741,34,,,0,30,,72749,34,,,0,94,,72735,34,,,0,97,,72745,34,,,0,100,,72736,34,,,0,100,,72744,34,,,0,102,,72737,34,,,0,101,,72746,34,,,0,101,,72738,34,,,0,111,,72748,34,,,0,76,,72733,34,,,0,74,,72740,34,,,0,30,,72734,34,,,0,73,,72751,34,,,0,44,,72739,34,,,0,97,,72750,34,,,0,95,,72742,34,,,0,164,,72743,34,,,0
4001,'5365',748,,72753,34,,,0,173,,72752,34,,,0,101,,72754,34,,,0,100,,72755,34,,,0,102,,72757,34,,,0,100,,72756,34,,,0,100,,72761,34,,,0,100,,72759,34,,,0,100,,72760,34,,,0,99,,72758,34,,,0,98,,72763,34,,,0,99,,72762,34,,,0,98,,72764,34,,,0
4001,'5390',748,,72766,34,,,0,173,,72765,34,,,0,101,,72767,34,,,0,100,,72768,34,,,0,102,,72770,34,,,0,100,,72769,34,,,0,100,,72774,34,,,0,100,,72772,34,,,0,100,,72773,34,,,0,99,,72771,34,,,0,98,,72776,34,,,0,99,,72775,34,,,0,98,,72777,34,,,0
4600,'4623',619,,72784,34,,,0,20,,72796,34,,,0,72,,72786,34,,,0,30,,72785,34,,,0,76,,72797,34,,,0,96,,72793,34,,,0,94,,72787,34,,,0,339,,72789,34,,,0,112,,72788,34,,,0,73,,72790,34,,,0,77,,72794,34,,,0,95,,72791,34,,,0,28,,72792,34,,,0,87,,72795,34,,,0
4600,'5222',619,,72798,34,,,0,20,,72810,34,,,0,72,,72800,34,,,0,30,,72799,34,,,0,76,,72811,34,,,0,96,,72807,34,,,0,94,,72801,34,,,0,339,,72803,34,,,0,112,,72802,34,,,0,73,,72804,34,,,0,77,,72808,34,,,0,95,,72805,34,,,0,28,,72806,34,,,0,87,,72809,34,,,0
