7200,'4623',618,,75063,46,,,0,29,,75057,46,,,0,79,,75046,46,,,0,28,,75062,46,,,0,70,,75069,46,,,0,30,,75050,46,,,0,71,,75064,46,,,0,29,,75058,46,,,0,70,,75042,46,,,0,31,,75065,46,,,0,69,,75054,46,,,0,32,,75048,46,,,0,68,,75040,46,,,0,30,,75041,46,,,0,69,,75047,46,,,0,30,,75039,46,,,0,70,,75070,46,,,0,30,,75043,46,,,0,70,,75051,46,,,0,30,,75045,46,,,0,70,,75044,46,,,0,29,,75049,46,,,0,71,,75052,46,,,0,30,,75071,46,,,0,73,,75059,46,,,0,28,,75053,46,,,0,71,,75056,46,,,0,29,,75055,46,,,0,70,,75061,46,,,0,33,,75067,46,,,0,70,,75060,46,,,0,99,,75066,46,,,0,100,,75068,46,,,0,116,,75072,46,0,10 11 12,0
7200,'4833',628,,75073,46,,,0,99,,75074,46,,,0,32,,75075,46,,,0,69,,75076,46,,,0,29,,75077,46,,,0,70,,75078,46,,,0,30,,75079,46,,,0,70,,75080,46,,,0,30,,75081,46,,,0,68,,75082,46,,,0,30,,75083,46,,,0,70,,75084,46,,,0,30,,75085,46,,,0,70,,75086,46,,,0,29,,75087,46,,,0,70,,75088,46,,,0,30,,75089,46,,,0,70,,75090,46,,,0,30,,75091,46,,,0,70,,75092,46,,,0,30,,75093,46,,,0,70,,75094,46,,,0,30,,75095,46,,,0,70,,75096,46,,,0,30,,75097,46,,,0,70,,75098,46,,,0,31,,75099,46,,,0,71,,75100,46,,,0,30,,75101,46,,,0,70,,75102,46,,,0,100,,75103,46,,,0,100,,75104,46,,,0,118,,75105,46,0,10 11 12,0
7200,'5015',628,,75106,46,,,0,99,,75107,46,,,0,32,,75108,46,,,0,69,,75109,46,,,0,29,,75110,46,,,0,70,,75111,46,,,0,30,,75112,46,,,0,70,,75113,46,,,0,30,,75114,46,,,0,68,,75115,46,,,0,30,,75116,46,,,0,70,,75117,46,,,0,30,,75118,46,,,0,70,,75119,46,,,0,29,,75120,46,,,0,70,,75121,46,,,0,30,,75122,46,,,0,70,,75123,46,,,0,30,,75124,46,,,0,70,,75125,46,,,0,30,,75126,46,,,0,70,,75127,46,,,0,30,,75128,46,,,0,70,,75129,46,,,0,30,,75130,46,,,0,70,,75131,46,,,0,31,,75132,46,,,0,71,,75133,46,,,0,30,,75134,46,,,0,70,,75135,46,,,0,100,,75136,46,,,0,100,,75137,46,,,0,118,,75138,46,0,10 11 12,0
7200,'5222',618,,75163,46,,,0,29,,75157,46,,,0,79,,75146,46,,,0,28,,75162,46,,,0,70,,75169,46,,,0,30,,75150,46,,,0,71,,75164,46,,,0,29,,75158,46,,,0,70,,75142,46,,,0,31,,75165,46,,,0,69,,75154,46,,,0,32,,75148,46,,,0,68,,75140,46,,,0,30,,75141,46,,,0,69,,75147,46,,,0,30,,75139,46,,,0,70,,75170,46,,,0,30,,75143,46,,,0,70,,75151,46,,,0,30,,75145,46,,,0,70,,75144,46,,,0,29,,75149,46,,,0,71,,75152,46,,,0,30,,75171,46,,,0,73,,75159,46,,,0,28,,75153,46,,,0,71,,75156,46,,,0,29,,75155,46,,,0,70,,75161,46,,,0,33,,75167,46,,,0,70,,75160,46,,,0,99,,75166,46,,,0,100,,75168,46,,,0,116,,75172,46,0,10 11 12,0
7200,'5365',727,,75173,46,,,0,100,,75174,46,,,0,100,,75177,46,,,0,99,,75175,46,,,0,99,,75176,46,,,0,30,,75178,46,,,0,70,,75179,46,,,0,30,,75180,46,,,0,69,,75181,46,,,0,30,,75182,46,,,0,70,,75183,46,,,0,30,,75184,46,,,0,70,,75185,46,,,0,30,,75186,46,,,0,70,,75187,46,,,0,30,,75188,46,,,0,70,,75189,46,,,0,31,,75190,46,,,0,70,,75191,46,,,0,31,,75192,46,,,0,70,,75193,46,,,0,30,,75194,46,,,0,71,,75195,46,,,0,99,,75196,46,,,0,100,,75197,46,,,0,102,,75198,46,,,0,75,,75199,46,0,10 11 12,0
7200,'5390',727,,75200,46,,,0,100,,75201,46,,,0,100,,75204,46,,,0,99,,75202,46,,,0,99,,75203,46,,,0,30,,75205,46,,,0,70,,75206,46,,,0,30,,75207,46,,,0,69,,75208,46,,,0,30,,75209,46,,,0,70,,75210,46,,,0,30,,75211,46,,,0,70,,75212,46,,,0,30,,75213,46,,,0,70,,75214,46,,,0,30,,75215,46,,,0,70,,75216,46,,,0,31,,75217,46,,,0,70,,75218,46,,,0,31,,75219,46,,,0,70,,75220,46,,,0,30,,75221,46,,,0,71,,75222,46,,,0,99,,75223,46,,,0,100,,75224,46,,,0,102,,75225,46,,,0,75,,75226,46,0,10 11 12,0
8100,'4623',617,,75845,22,,,0,189,,75846,22,,,0,123,,75847,22,,,0,96,,75848,22,,,0,100,,75849,22,,,0,100,,75850,22,,,0,100,,75851,22,,,0,100,,75852,22,,,0,100,,75853,22,,,0,101,,75854,22,,,0,100,,75855,22,,,0,87,,75856,22,,,0,115,,75857,22,,,0,99,,75858,22,,,0,107,,75859,22,0,44 49,0
8100,'4833',828,,75860,22,,,0,100,,75861,22,,,0,99,,75862,22,,,0,99,,75863,22,,,0,101,,75864,22,,,0,100,,75865,22,,,0,101,,75866,22,,,0,100,,75867,22,,,0,100,,75868,22,,,0,100,,75869,22,,,0,100,,75870,22,,,0,101,,75871,22,,,0,100,,75872,22,,,0,101,,75873,22,0,44 49,0
8100,'5015',828,,75874,22,,,0,100,,75875,22,,,0,99,,75876,22,,,0,99,,75877,22,,,0,101,,75878,22,,,0,100,,75879,22,,,0,101,,75880,22,,,0,100,,75881,22,,,0,100,,75882,22,,,0,100,,75883,22,,,0,100,,75884,22,,,0,101,,75885,22,,,0,100,,75886,22,,,0,101,,75887,22,0,44 49,0
8100,'5222',617,,75888,22,,,0,189,,75889,22,,,0,123,,75890,22,,,0,96,,75891,22,,,0,100,,75892,22,,,0,100,,75893,22,,,0,100,,75894,22,,,0,100,,75895,22,,,0,100,,75896,22,,,0,101,,75897,22,,,0,100,,75898,22,,,0,87,,75899,22,,,0,115,,75900,22,,,0,99,,75901,22,,,0,107,,75902,22,0,44 49,0
8100,'5365',827,,75904,22,,,0,101,,75903,22,,,0,99,,75905,22,,,0,100,,75906,22,,,0,100,,75907,22,,,0,100,,75908,22,,,0,100,,75909,22,,,0,100,,75910,22,,,0,100,,75911,22,,,0,100,,75912,22,,,0,100,,75913,22,,,0,101,,75914,22,,,0,102,,75915,22,,,0,104,,75916,22,0,44 49,0
8100,'5390',827,,75918,22,,,0,101,,75917,22,,,0,99,,75919,22,,,0,100,,75920,22,,,0,100,,75921,22,,,0,100,,75922,22,,,0,100,,75923,22,,,0,100,,75924,22,,,0,100,,75925,22,,,0,100,,75926,22,,,0,100,,75927,22,,,0,101,,75928,22,,,0,102,,75929,22,,,0,104,,75930,22,0,44 49,0
