3000,'4487',630,,11527,,,0,100,,11528,,,0,78,,11529,,,0,38,,11530,,,0,71,,11531,,,0,32,,11532,,,0,72,,11533,,,0,30,,22224,,,0,70,,11535,,,0,30,,11536,,,0,70,,11537,,,0,29,,11538,,,0,70,,11539,,,0,30,,11540,,,0,70,,11541,,,0,30,,11542,,,0,70,,11543,,,0,30,,11544,,,0,70,,11545,,,0,30,,11546,,,0,70,,11547,,,0,30,,11548,,,0,70,,11549,,,0,80,,11550,,,0,40,,11551,,,0,80,,11552,,,0,85,,11553,,,0,100,,11554,,,0,100,,11555,,,0,110,,11556,,,0
3000,'4744',542,,11587,,,0,90,,11588,,,0,72,,11589,,,0,31,,11590,,,0,71,,11591,,,0,32,,11592,,,0,70,,22225,,,0,30,,11594,,,0,70,,11595,,,0,30,,11596,,,0,70,,11597,,,0,30,,11598,,,0,70,,11599,,,0,30,,11600,,,0,70,,11601,,,0,30,,11602,,,0,67,,11603,,,0,32,,11604,,,0,71,,22226,,,0,32,,11606,,,0,77,,11607,,,0,30,,11608,,,0,73,,11609,,,0,31,,11610,,,0,67,,11611,,,0,28,,11612,,,0,68,,11613,,,0,33,,11614,,,0,73,,11615,,,0,86,,11616,,,0,100,,11617,,,0,100,,11618,,,0,110,,11619,,,0
3000,'4745',741,,11620,,,0,100,,11621,,,0,84,,11622,,,0,80,,11623,,,0,40,,11624,,,0,75,,11625,,,0,30,,11626,,,0,70,,11627,,,0,30,,11628,,,0,70,,11629,,,0,30,,11630,,,0,70,,11631,,,0,30,,11632,,,0,70,,11633,,,0,30,,11634,,,0,70,,11635,,,0,30,,11636,,,0,70,,11637,,,0,30,,11638,,,0,70,,11639,,,0,80,,11640,,,0,40,,11641,,,0,80,,11642,,,0,87,,11643,,,0,98,,11644,,,0,100,,22227,,,0
3000,'4947',542,,11646,,,0,90,,11647,,,0,72,,11648,,,0,31,,11649,,,0,71,,11650,,,0,32,,11651,,,0,70,,22228,,,0,30,,11653,,,0,70,,11654,,,0,30,,11655,,,0,70,,11656,,,0,30,,11657,,,0,70,,11658,,,0,30,,11659,,,0,70,,11660,,,0,30,,11661,,,0,67,,11662,,,0,32,,11663,,,0,71,,22229,,,0,32,,11665,,,0,77,,11666,,,0,30,,11667,,,0,73,,11668,,,0,31,,11669,,,0,67,,11670,,,0,28,,11671,,,0,68,,11672,,,0,33,,11673,,,0,73,,11674,,,0,86,,11675,,,0,100,,11676,,,0,100,,11677,,,0,110,,11678,,,0
3000,'4952',542,,11679,,,0,90,,11680,,,0,72,,11681,,,0,31,,11682,,,0,71,,11683,,,0,32,,11684,,,0,70,,22230,,,0,30,,11686,,,0,70,,11687,,,0,30,,11688,,,0,70,,11689,,,0,30,,11690,,,0,70,,11691,,,0,30,,11692,,,0,70,,11693,,,0,30,,11694,,,0,67,,11695,,,0,32,,11696,,,0,71,,22231,,,0,32,,11698,,,0,77,,11699,,,0,30,,11700,,,0,73,,11701,,,0,31,,11702,,,0,67,,11703,,,0,28,,11704,,,0,68,,11705,,,0,33,,11706,,,0,73,,11707,,,0,86,,11708,,,0,100,,11709,,,0,100,,11710,,,0,110,,11711,,,0
3000,'4953',630,,11712,,,0,100,,11713,,,0,78,,11714,,,0,38,,22232,,,0,71,,11716,,,0,32,,11717,,,0,72,,11718,,,0,30,,11719,,,0,70,,22233,,,0,30,,11721,,,0,70,,11722,,,0,29,,11723,,,0,70,,11724,,,0,30,,11725,,,0,70,,11726,,,0,30,,11727,,,0,70,,11728,,,0,30,,11729,,,0,70,,11730,,,0,30,,11731,,,0,70,,11732,,,0,30,,11733,,,0,70,,11734,,,0,80,,11735,,,0,40,,11736,,,0,80,,11737,,,0,85,,11738,,,0,100,,11739,,,0,100,,11740,,,0,110,,11741,,,0
3000,'4954',741,,11742,,,0,100,,11743,,,0,84,,11744,,,0,80,,22234,,,0,40,,11746,,,0,75,,22235,,,0,30,,11748,,,0,70,,11749,,,0,30,,11750,,,0,70,,11751,,,0,30,,11752,,,0,70,,11753,,,0,30,,22236,,,0,70,,11755,,,0,30,,11756,,,0,70,,11757,,,0,30,,11758,,,0,70,,11759,,,0,30,,22237,,,0,70,,22238,,,0,80,,11762,,,0,40,,11763,,,0,80,,11764,,,0,87,,22239,,,0,98,,22240,,,0,100,,11767,,,0
3001,'4487',657,,11769,4,,0,88,,11770,4,,0,81,,11771,4,,0,33,,11768,4,,0,71,,11772,4,,0,72,,11773,4,,0,32,,11774,4,,0,69,,22241,4,,0,30,,22242,4,,0,70,,11777,4,,0,30,,11778,4,,0,69,,22243,4,,0,29,,22244,4,,0,70,,22245,4,,0,30,,11782,4,,0,70,,22246,4,,0,30,,22247,4,,0,70,,11785,4,,0,31,,11786,4,,0,70,,11787,4,,0,30,,11788,4,,0,70,,11789,4,,0,35,,22248,4,,0,80,,11791,4,,0,40,,22249,4,,0,80,,11793,4,,0,95,,11794,4,,0,100,,22250,4,,0,108,,11796,4,,0,92,,11797,4,,0
3001,'4744',630,,11828,4,,0,71,,11829,4,,0,34,,11830,4,,0,70,,11831,4,,0,30,,11832,4,,0,73,,11833,4,,0,27,,11834,4,,0,70,,11835,4,,0,29,,11836,4,,0,71,,22251,4,,0,31,,11838,4,,0,70,,11839,4,,0,32,,22252,4,,0,70,,11841,4,,0,30,,11842,4,,0,71,,22253,4,,0,30,,11844,4,,0,71,,11845,4,,0,36,,22254,4,,0,72,,11847,4,,0,33,,11848,4,,0,73,,22255,4,,0,30,,11850,4,,0,67,,11851,4,,0,27,,22256,4,,0,75,,11853,4,,0,79,,11854,4,,0,37,,11855,4,,0,94,,11856,4,,0,99,,11857,4,,0,106,,11858,4,,0,88,,22257,4,,0
3001,'4745',758,,11860,4,,0,142,,11861,4,,0,42,,11862,4,,0,80,,11863,4,,0,79,,11864,4,,0,30,,11865,4,,0,70,,11866,4,,0,30,,11867,4,,0,70,,22258,4,,0,30,,22259,4,,0,70,,11870,4,,0,30,,11871,4,,0,70,,11872,4,,0,30,,22260,4,,0,70,,11874,4,,0,30,,11875,4,,0,70,,11876,4,,0,30,,11877,4,,0,71,,11878,4,,0,35,,11879,4,,0,80,,22261,4,,0,40,,11881,4,,0,80,,22262,4,,0,95,,11883,4,,0,100,,11884,4,,0,105,,11885,4,,0,104,,11886,4,,0
3001,'4947',630,,11887,4,,0,71,,11888,4,,0,34,,11889,4,,0,70,,11890,4,,0,30,,11891,4,,0,73,,11892,4,,0,27,,11893,4,,0,70,,11894,4,,0,29,,11895,4,,0,71,,22263,4,,0,31,,11897,4,,0,70,,11898,4,,0,32,,22264,4,,0,70,,11900,4,,0,30,,11901,4,,0,71,,22265,4,,0,30,,11903,4,,0,71,,11904,4,,0,36,,22266,4,,0,72,,11906,4,,0,33,,11907,4,,0,73,,22267,4,,0,30,,11909,4,,0,67,,11910,4,,0,27,,22268,4,,0,75,,11912,4,,0,79,,11913,4,,0,37,,11914,4,,0,94,,11915,4,,0,99,,11916,4,,0,194,,22269,4,,0
3001,'4949',2338,,11919,4,,0
3001,'4950',2338,,11918,4,,0
3001,'4952',630,,11920,4,,0,71,,11921,4,,0,34,,11922,4,,0,70,,11923,4,,0,30,,11924,4,,0,73,,11925,4,,0,27,,11926,4,,0,70,,11927,4,,0,29,,11928,4,,0,71,,22270,4,,0,31,,11930,4,,0,70,,11931,4,,0,32,,22271,4,,0,70,,11933,4,,0,30,,11934,4,,0,71,,22272,4,,0,30,,11936,4,,0,71,,11937,4,,0,36,,22273,4,,0,72,,11939,4,,0,33,,11940,4,,0,73,,22274,4,,0,30,,11942,4,,0,67,,11943,4,,0,27,,22275,4,,0,75,,11945,4,,0,79,,11946,4,,0,37,,11947,4,,0,94,,11948,4,,0,99,,11949,4,,0,106,,11950,4,,0,88,,22276,4,,0
3001,'4953',657,,11953,4,,0,88,,11954,4,,0,81,,11955,4,,0,33,,11952,4,,0,71,,11956,4,,0,72,,11957,4,,0,32,,11958,4,,0,69,,11959,4,,0,30,,11960,4,,0,70,,11961,4,,0,30,,11962,4,,0,69,,11963,4,,0,29,,11964,4,,0,70,,11965,4,,0,30,,11966,4,,0,70,,11967,4,,0,30,,22277,4,,0,70,,11969,4,,0,31,,11970,4,,0,70,,11971,4,,0,30,,11972,4,,0,70,,11973,4,,0,35,,22278,4,,0,80,,11975,4,,0,40,,22279,4,,0,80,,11977,4,,0,95,,11978,4,,0,100,,22280,4,,0,108,,11980,4,,0,92,,11981,4,,0
3001,'4954',758,,11982,4,,0,142,,11983,4,,0,42,,11984,4,,0,80,,11985,4,,0,79,,11986,4,,0,30,,22281,4,,0,70,,11988,4,,0,30,,11989,4,,0,70,,11990,4,,0,30,,11991,4,,0,70,,11992,4,,0,30,,11993,4,,0,70,,22282,4,,0,30,,22283,4,,0,70,,11996,4,,0,30,,11997,4,,0,70,,11998,4,,0,30,,11999,4,,0,71,,22284,4,,0,35,,12001,4,,0,80,,12002,4,,0,40,,22285,4,,0,80,,12004,4,,0,95,,12005,4,,0,100,,12006,4,,0,105,,12007,4,,0,104,,22286,4,,0
3100,'4487',700,,12009,,,0,48,,12010,,,0,81,,12011,,,0,73,,12012,,,0,31,,12013,,,0,72,,12014,,,0,32,,12015,,,0,69,,22287,,,0,30,,22288,,,0,70,,22289,,,0,30,,22290,,,0,69,,22291,,,0,30,,22292,,,0,70,,22293,,,0,30,,12023,,,0,70,,22294,,,0,30,,22295,,,0,70,,12026,,,0,30,,12027,,,0,70,,12028,,,0,30,,12029,,,0,70,,12030,,,0,35,,22296,,,0,80,,12032,,,0,80,,22297,,,0,40,,12034,,,0,95,,12035,,,0,100,,22298,,,0,116,,12037,,,0,94,,12038,,,0
3100,'4744',612,,12069,,,0,36,,12070,,,0,72,,12071,,,0,30,,12072,,,0,72,,12073,,,0,31,,12074,,,0,70,,12075,,,0,30,,22299,,,0,70,,12077,,,0,30,,12078,,,0,70,,22300,,,0,30,,12080,,,0,70,,12081,,,0,30,,22301,,,0,70,,12083,,,0,28,,12084,,,0,70,,22302,,,0,31,,12086,,,0,72,,12087,,,0,34,,22303,,,0,74,,12089,,,0,71,,12090,,,0,33,,22304,,,0,69,,12092,,,0,27,,12093,,,0,68,,22305,,,0,28,,12095,,,0,77,,12096,,,0,38,,12097,,,0,94,,12098,,,0,99,,12099,,,0,113,,12100,,,0,97,,12101,,,0
3100,'4745',700,,12102,,,0,111,,12103,,,0,94,,12104,,,0,40,,12105,,,0,80,,12106,,,0,80,,12107,,,0,30,,12108,,,0,70,,12109,,,0,30,,12110,,,0,70,,12111,,,0,30,,12112,,,0,70,,22306,,,0,30,,12114,,,0,70,,12115,,,0,30,,12116,,,0,70,,12117,,,0,30,,22307,,,0,70,,12119,,,0,30,,12120,,,0,70,,12121,,,0,35,,12122,,,0,80,,22308,,,0,80,,12124,,,0,40,,22309,,,0,95,,12126,,,0,100,,12127,,,0,113,,12128,,,0
3100,'4947',612,,12129,,,0,36,,12130,,,0,72,,12131,,,0,30,,12132,,,0,72,,12133,,,0,31,,12134,,,0,70,,12135,,,0,30,,22310,,,0,70,,12137,,,0,30,,12138,,,0,70,,22311,,,0,30,,12140,,,0,70,,12141,,,0,30,,22312,,,0,70,,12143,,,0,28,,12144,,,0,70,,22313,,,0,31,,12146,,,0,72,,12147,,,0,34,,22314,,,0,74,,12149,,,0,71,,12150,,,0,33,,22315,,,0,69,,12152,,,0,27,,12153,,,0,68,,22316,,,0,28,,12155,,,0,77,,12156,,,0,38,,12157,,,0,94,,12158,,,0,99,,12159,,,0,210,,12160,,,0
3100,'4949',2349,,12162,,,0
3100,'4950',2349,,12161,,,0
3100,'4952',612,,12163,,,0,36,,12164,,,0,72,,12165,,,0,30,,12166,,,0,72,,12167,,,0,31,,12168,,,0,70,,12169,,,0,30,,22317,,,0,70,,12171,,,0,30,,12172,,,0,70,,22318,,,0,30,,12174,,,0,70,,12175,,,0,30,,22319,,,0,70,,12177,,,0,28,,12178,,,0,70,,22320,,,0,31,,12180,,,0,72,,12181,,,0,34,,22321,,,0,74,,12183,,,0,71,,12184,,,0,33,,22322,,,0,69,,12186,,,0,27,,12187,,,0,68,,22323,,,0,28,,12189,,,0,77,,12190,,,0,38,,12191,,,0,94,,12192,,,0,99,,12193,,,0,113,,12194,,,0,97,,12195,,,0
3100,'4953',700,,12196,,,0,48,,12197,,,0,81,,12198,,,0,73,,12199,,,0,31,,12200,,,0,72,,12201,,,0,32,,12202,,,0,69,,12203,,,0,30,,12204,,,0,70,,22324,,,0,30,,12206,,,0,69,,12207,,,0,30,,12208,,,0,70,,12209,,,0,30,,12210,,,0,70,,12211,,,0,30,,22325,,,0,70,,12213,,,0,30,,12214,,,0,70,,12215,,,0,30,,12216,,,0,70,,12217,,,0,35,,22326,,,0,80,,12219,,,0,80,,22327,,,0,40,,12221,,,0,95,,12222,,,0,100,,22328,,,0,116,,12224,,,0,94,,12225,,,0
3100,'4954',700,,12226,,,0,111,,12227,,,0,94,,12228,,,0,40,,12229,,,0,80,,12230,,,0,80,,12231,,,0,30,,12232,,,0,70,,22329,,,0,30,,12234,,,0,70,,12235,,,0,30,,12236,,,0,70,,12237,,,0,30,,22330,,,0,70,,22331,,,0,30,,12240,,,0,70,,12241,,,0,30,,12242,,,0,70,,22332,,,0,30,,12244,,,0,70,,22333,,,0,35,,22334,,,0,80,,12247,,,0,80,,22335,,,0,40,,12249,,,0,95,,12250,,,0,100,,12251,,,0,113,,12252,,,0
3101,'4487',718,,12253,4,,0,87,,12254,4,,0,38,,12255,4,,0,71,,12256,4,,0,32,,12257,4,,0,72,,12258,4,,0,30,,22336,4,,0,70,,12260,4,,0,30,,12261,4,,0,70,,12262,4,,0,29,,12263,4,,0,69,,12264,4,,0,30,,12265,4,,0,70,,12266,4,,0,30,,12267,4,,0,70,,12268,4,,0,30,,12269,4,,0,71,,12270,4,,0,30,,12271,4,,0,70,,12272,4,,0,30,,12273,4,,0,70,,12274,4,,0,40,,12275,4,,0,80,,12276,4,,0,80,,12277,4,,0,85,,12278,4,,0,100,,12279,4,,0,100,,12280,4,,0,110,,12281,4,,0
3101,'4744',610,,12314,4,,0,36,,12315,4,,0,74,,12316,4,,0,30,,12317,4,,0,70,,12313,4,,0,30,,12318,4,,0,70,,12319,4,,0,30,,12320,4,,0,69,,22337,4,,0,30,,12322,4,,0,69,,12323,4,,0,33,,12324,4,,0,71,,12325,4,,0,31,,12326,4,,0,70,,12327,4,,0,30,,12328,4,,0,71,,12329,4,,0,29,,12330,4,,0,74,,12331,4,,0,74,,12332,4,,0,31,,12333,4,,0,76,,12334,4,,0,31,,12335,4,,0,68,,12336,4,,0,28,,12337,4,,0,68,,12338,4,,0,41,,12339,4,,0,73,,12340,4,,0,86,,12341,4,,0,100,,12342,4,,0,99,,12343,4,,0,100,,12344,4,,0
3101,'4745',728,,12347,4,,0,102,,12348,4,,0,92,,12349,4,,0,80,,12350,4,,0,39,,12346,4,,0,75,,12351,4,,0,30,,12352,4,,0,70,,12353,4,,0,30,,12354,4,,0,70,,12355,4,,0,30,,12356,4,,0,70,,12357,4,,0,30,,12358,4,,0,70,,12359,4,,0,30,,12360,4,,0,70,,12361,4,,0,30,,12362,4,,0,70,,12363,4,,0,31,,12364,4,,0,70,,12365,4,,0,40,,12366,4,,0,80,,12367,4,,0,80,,12368,4,,0,87,,12369,4,,0,98,,12370,4,,0,100,,22338,4,,0,105,,22339,4,,0
3101,'4947',610,,12374,4,,0,36,,12375,4,,0,74,,12376,4,,0,30,,12377,4,,0,70,,12373,4,,0,30,,12378,4,,0,70,,12379,4,,0,30,,12380,4,,0,69,,22340,4,,0,30,,12382,4,,0,69,,12383,4,,0,33,,12384,4,,0,71,,12385,4,,0,31,,12386,4,,0,70,,12387,4,,0,30,,12388,4,,0,71,,12389,4,,0,29,,12390,4,,0,74,,12391,4,,0,74,,12392,4,,0,31,,12393,4,,0,76,,12394,4,,0,31,,12395,4,,0,68,,12396,4,,0,28,,12397,4,,0,68,,12398,4,,0,41,,12399,4,,0,73,,12400,4,,0,86,,12401,4,,0,100,,12402,4,,0,99,,12403,4,,0,100,,12404,4,,0
3101,'4952',610,,12407,4,,0,36,,12408,4,,0,74,,12409,4,,0,30,,12410,4,,0,70,,12406,4,,0,30,,12411,4,,0,70,,12412,4,,0,30,,12413,4,,0,69,,22341,4,,0,30,,12415,4,,0,69,,12416,4,,0,33,,12417,4,,0,71,,12418,4,,0,31,,12419,4,,0,70,,12420,4,,0,30,,12421,4,,0,71,,12422,4,,0,29,,12423,4,,0,74,,12424,4,,0,74,,12425,4,,0,31,,12426,4,,0,76,,12427,4,,0,31,,12428,4,,0,68,,12429,4,,0,28,,12430,4,,0,68,,12431,4,,0,41,,12432,4,,0,73,,12433,4,,0,86,,12434,4,,0,100,,12435,4,,0,99,,12436,4,,0,100,,12437,4,,0
3101,'4953',718,,12439,4,,0,87,,12440,4,,0,38,,12441,4,,0,71,,12442,4,,0,32,,12443,4,,0,72,,12444,4,,0,30,,12445,4,,0,70,,22342,4,,0,30,,12447,4,,0,70,,12448,4,,0,29,,12449,4,,0,69,,12450,4,,0,30,,12451,4,,0,70,,12452,4,,0,30,,12453,4,,0,70,,12454,4,,0,30,,12455,4,,0,71,,12456,4,,0,30,,12457,4,,0,70,,12458,4,,0,30,,12459,4,,0,70,,12460,4,,0,40,,12461,4,,0,80,,12462,4,,0,80,,12463,4,,0,85,,12464,4,,0,100,,12465,4,,0,100,,12466,4,,0,110,,12467,4,,0
3101,'4954',728,,12470,4,,0,102,,12471,4,,0,92,,12472,4,,0,80,,22343,4,,0,39,,12469,4,,0,75,,22344,4,,0,30,,12475,4,,0,70,,12476,4,,0,30,,12477,4,,0,70,,12478,4,,0,30,,12479,4,,0,70,,12480,4,,0,30,,22345,4,,0,70,,12482,4,,0,30,,12483,4,,0,70,,12484,4,,0,30,,12485,4,,0,70,,12486,4,,0,31,,22346,4,,0,70,,22347,4,,0,40,,12489,4,,0,80,,12490,4,,0,80,,12491,4,,0,87,,22348,4,,0,98,,22349,4,,0,100,,12494,4,,0,105,,12495,4,,0
7500,'4487',611,,17178,0,13 14,0,93,,22388,0,13 14,0,97,,22389,0,13 14,0,53,,17177,0,13 14,0,97,,17181,0,13 14,0,98,,17182,0,13 14,0,70,,22390,0,13 14,0,30,,22391,0,13 14,0,69,,17185,0,13 14,0,31,,17186,0,13 14,0,63,,17187,0,13 14,0,36,,22392,0,13 14,0,70,,17189,0,13 14,0,30,,22393,0,13 14,0,70,,17191,0,13 14,0,30,,22394,0,13 14,0,102,,17193,0,13 14,0,103,,22395,0,13 14,0,102,,22396,0,13 14,0,103,,22397,0,13 14,0,100,,17197,0,13 14,0,148,,22398,0,13 14,0,102,,22399,0,13 14,0
7500,'4744',458,,17224,0,13 14,0,58,,17225,0,13 14,0,15,,17226,0,13 14,0,18,,17227,0,13 14,0,57,,17223,0,13 14,0,16,,17228,0,13 14,0,15,,17229,0,13 14,0,15,,17230,0,13 14,0,56,,17231,0,13 14,0,23,,17232,0,13 14,0,22,,17233,0,13 14,0,65,,17234,0,13 14,0,31,,17235,0,13 14,0,76,,17236,0,13 14,0,26,,17237,0,13 14,0,70,,17238,0,13 14,0,27,,22400,0,13 14,0,69,,17240,0,13 14,0,30,,17241,0,13 14,0,70,,17242,0,13 14,0,28,,17243,0,13 14,0,70,,17244,0,13 14,0,23,,17245,0,13 14,0,71,,17246,0,13 14,0,34,,17247,0,13 14,0,67,,17248,0,13 14,0,30,,17249,0,13 14,0,65,,17250,0,13 14,0,20,,17251,0,13 14,0,20,,17252,0,13 14,0,60,,17253,0,13 14,0,23,,17254,0,13 14,0,20,,22401,0,13 14,0,67,,17256,0,13 14,0,38,,17257,0,13 14,0,149,,17258,0,13 14,0,57,,17259,0,13 14,0,149,,22402,0,13 14,0,109,,17261,0,13 14,0
7500,'4745',606,,17262,0,13 14,0,97,,22403,0,13 14,0,101,,22404,0,13 14,0,52,,17265,0,13 14,0,97,,22405,0,13 14,0,99,,22406,0,13 14,0,69,,22407,0,13 14,0,30,,17269,0,13 14,0,69,,17270,0,13 14,0,29,,17271,0,13 14,0,70,,22408,0,13 14,0,30,,22409,0,13 14,0,69,,17274,0,13 14,0,30,,22410,0,13 14,0,100,,22411,0,13 14,0,101,,17277,0,13 14,0,107,,22412,0,13 14,0,144,,17279,0,13 14,0,102,,22413,0,13 14,0,57,,17281,0,13 14,0,177,,17282,0,13 14,0
7500,'4947',458,,17284,0,13 14,0,58,,17285,0,13 14,0,15,,17286,0,13 14,0,18,,17287,0,13 14,0,57,,17283,0,13 14,0,16,,17288,0,13 14,0,15,,17289,0,13 14,0,15,,17290,0,13 14,0,56,,17291,0,13 14,0,23,,17292,0,13 14,0,22,,17293,0,13 14,0,65,,17294,0,13 14,0,31,,17295,0,13 14,0,76,,17296,0,13 14,0,26,,17297,0,13 14,0,70,,17298,0,13 14,0,27,,22414,0,13 14,0,69,,17300,0,13 14,0,30,,17301,0,13 14,0,70,,17302,0,13 14,0,28,,17303,0,13 14,0,70,,17304,0,13 14,0,23,,17305,0,13 14,0,71,,17306,0,13 14,0,34,,17307,0,13 14,0,67,,17308,0,13 14,0,30,,17309,0,13 14,0,105,,17310,0,13 14,0,60,,17311,0,13 14,0,23,,17312,0,13 14,0,20,,22415,0,13 14,0,67,,17314,0,13 14,0,38,,17315,0,13 14,0,149,,17316,0,13 14,0,206,,22416,0,13 14,0,109,,17318,0,13 14,0
7500,'4949',1605,,17322,0,13 14,0,20,,17323,0,13 14,0,434,,17324,0,13 14,0
7500,'4950',1605,,17319,0,13 14,0,20,,17320,0,13 14,0,434,,17321,0,13 14,0
7500,'4952',458,,17326,0,13 14,0,58,,17327,0,13 14,0,15,,17328,0,13 14,0,18,,17329,0,13 14,0,57,,17325,0,13 14,0,16,,17330,0,13 14,0,15,,17331,0,13 14,0,15,,17332,0,13 14,0,56,,17333,0,13 14,0,23,,17334,0,13 14,0,22,,17335,0,13 14,0,65,,17336,0,13 14,0,31,,17337,0,13 14,0,76,,17338,0,13 14,0,26,,17339,0,13 14,0,70,,17340,0,13 14,0,27,,22417,0,13 14,0,69,,17342,0,13 14,0,30,,17343,0,13 14,0,70,,17344,0,13 14,0,28,,17345,0,13 14,0,70,,17346,0,13 14,0,23,,17347,0,13 14,0,71,,17348,0,13 14,0,34,,17349,0,13 14,0,67,,17350,0,13 14,0,30,,17351,0,13 14,0,65,,17352,0,13 14,0,20,,17353,0,13 14,0,20,,17354,0,13 14,0,60,,17355,0,13 14,0,23,,17356,0,13 14,0,20,,22418,0,13 14,0,67,,17358,0,13 14,0,38,,17359,0,13 14,0,149,,17360,0,13 14,0,57,,17361,0,13 14,0,149,,22419,0,13 14,0,109,,17363,0,13 14,0
7500,'4953',611,,17365,0,13 14,0,93,,17366,0,13 14,0,97,,17367,0,13 14,0,53,,17364,0,13 14,0,97,,17368,0,13 14,0,98,,17369,0,13 14,0,70,,17370,0,13 14,0,30,,22420,0,13 14,0,69,,17372,0,13 14,0,31,,22421,0,13 14,0,63,,17374,0,13 14,0,36,,17375,0,13 14,0,70,,17376,0,13 14,0,30,,22422,0,13 14,0,70,,17378,0,13 14,0,30,,17379,0,13 14,0,102,,17380,0,13 14,0,103,,17381,0,13 14,0,102,,22423,0,13 14,0,103,,17383,0,13 14,0,100,,17384,0,13 14,0,148,,17385,0,13 14,0,102,,22424,0,13 14,0
7500,'4954',606,,17387,0,13 14,0,97,,22425,0,13 14,0,101,,22426,0,13 14,0,52,,17390,0,13 14,0,97,,17391,0,13 14,0,99,,17392,0,13 14,0,69,,22427,0,13 14,0,30,,22428,0,13 14,0,69,,17395,0,13 14,0,29,,22429,0,13 14,0,70,,17397,0,13 14,0,30,,17398,0,13 14,0,69,,17399,0,13 14,0,30,,17400,0,13 14,0,100,,22430,0,13 14,0,101,,17402,0,13 14,0,107,,17403,0,13 14,0,144,,17404,0,13 14,0,102,,17405,0,13 14,0,57,,17406,0,13 14,0,177,,22431,0,13 14,0
7501,'4487',828,,17409,4,,0,102,,17410,4,,0,115,,22432,4,,0,106,,22433,4,,0,102,,17413,4,,0,70,,22434,4,,0,32,,17415,4,,0,70,,22435,4,,0,30,,17417,4,,0,73,,22436,4,,0,30,,22437,4,,0,69,,17420,4,,0,29,,17421,4,,0,69,,22438,4,,0,30,,22439,4,,0,96,,22440,4,,0,93,,22441,4,,0,98,,17426,4,,0,100,,22442,4,,0,100,,22443,4,,0
7501,'4744',626,,17454,4,,0,29,,17455,4,,0,64,,17456,4,,0,21,,17457,4,,0,66,,17458,4,,0,26,,17459,4,,0,19,,17460,4,,0,59,,17461,4,,0,23,,17462,4,,0,72,,17463,4,,0,40,,17464,4,,0,71,,17465,4,,0,33,,17466,4,,0,70,,17467,4,,0,30,,17468,4,,0,71,,17469,4,,0,30,,17470,4,,0,70,,17471,4,,0,33,,22444,4,,0,74,,17473,4,,0,74,,17474,4,,0,23,,17490,4,,0,8,,17475,4,,0,18,,17476,4,,0,54,,17477,4,,0,9,,17478,4,,0,13,,22445,4,,0,5,,17480,4,,0,26,,17481,4,,0,66,,17482,4,,0,28,,17483,4,,0,96,,17484,4,,0,96,,17485,4,,0,100,,22446,4,,0,98,,17487,4,,0
7501,'4745',929,,17493,4,,0,112,,22448,4,,0,102,,22449,4,,0,104,,17496,4,,0,71,,17497,4,,0,31,,22450,4,,0,70,,17499,4,,0,30,,22451,4,,0,71,,17501,4,,0,31,,17502,4,,0,69,,22452,4,,0,30,,17504,4,,0,100,,22453,4,,0,100,,22454,4,,0,98,,22455,4,,0,97,,17508,4,,0,99,,22456,4,,0,100,,17510,4,,0
7501,'4947',626,,17513,4,,0,29,,17514,4,,0,64,,17515,4,,0,21,,17516,4,,0,66,,17517,4,,0,26,,17518,4,,0,19,,17519,4,,0,59,,17520,4,,0,23,,17521,4,,0,72,,17522,4,,0,40,,17523,4,,0,71,,17524,4,,0,33,,17525,4,,0,70,,17526,4,,0,30,,17527,4,,0,71,,17528,4,,0,30,,17529,4,,0,70,,17530,4,,0,33,,22457,4,,0,74,,17532,4,,0,74,,17533,4,,0,23,,17547,4,,0,8,,17534,4,,0,18,,17535,4,,0,54,,17536,4,,0,9,,17537,4,,0,13,,22458,4,,0,5,,17539,4,,0,26,,17540,4,,0,66,,17541,4,,0,28,,17542,4,,0,96,,17543,4,,0,196,,22459,4,,0,98,,17545,4,,0
7501,'4949',2043,,17550,4,,0
7501,'4950',2043,,17548,4,,0
7501,'4952',626,,17552,4,,0,29,,17553,4,,0,64,,17554,4,,0,21,,17555,4,,0,66,,17556,4,,0,26,,17557,4,,0,19,,17558,4,,0,59,,17559,4,,0,23,,17560,4,,0,72,,17561,4,,0,40,,17562,4,,0,71,,17563,4,,0,33,,17564,4,,0,70,,17565,4,,0,30,,17566,4,,0,71,,17567,4,,0,30,,17568,4,,0,70,,17569,4,,0,33,,22461,4,,0,74,,17571,4,,0,74,,17572,4,,0,23,,17588,4,,0,8,,17573,4,,0,18,,17574,4,,0,54,,17575,4,,0,9,,17576,4,,0,13,,22462,4,,0,5,,17578,4,,0,26,,17579,4,,0,66,,17580,4,,0,28,,17581,4,,0,96,,17582,4,,0,96,,17583,4,,0,100,,22463,4,,0,98,,17585,4,,0
7501,'4953',828,,17590,4,,0,102,,17591,4,,0,115,,17592,4,,0,106,,17593,4,,0,102,,17594,4,,0,70,,17595,4,,0,32,,17596,4,,0,70,,22465,4,,0,30,,17598,4,,0,73,,17599,4,,0,30,,22466,4,,0,69,,17601,4,,0,29,,22467,4,,0,69,,22468,4,,0,30,,17604,4,,0,96,,22469,4,,0,93,,17606,4,,0,98,,17607,4,,0,100,,17608,4,,0,100,,22470,4,,0
7501,'4954',929,,17614,4,,0,112,,22471,4,,0,102,,22472,4,,0,104,,17617,4,,0,71,,17618,4,,0,31,,17619,4,,0,70,,22473,4,,0,30,,17621,4,,0,71,,17622,4,,0,31,,22474,4,,0,69,,17624,4,,0,30,,22475,4,,0,100,,17626,4,,0,100,,17627,4,,0,98,,22476,4,,0,97,,17629,4,,0,99,,17630,4,,0,100,,17631,4,,0
