601,'4487',608,,2742,,,0,23,,2743,,,0,20,,2744,,,0,78,,2745,,,0,16,,20662,,,0,60,,2747,,,0,33,,2748,,,0,14,,20663,,,0,55,,2750,,,0,28,,20664,,,0,13,,2752,,,0,53,,20661,,,0,23,,2753,,,0,12,,2754,,,0,12,,2755,,,0,64,,2756,,,0,11,,2757,,,0,12,,2758,,,0,24,,20665,,,0,52,,2760,,,0,12,,2761,,,0,23,,2762,,,0,12,,2763,,,0,52,,2764,,,0,24,,2765,,,0,10,,2766,,,0,11,,2767,,,0,60,,2768,,,0,10,,2769,,,0,11,,2770,,,0,21,,2771,,,0,51,,2772,,,0,10,,2773,,,0,21,,2774,,,0,10,,2775,,,0,10,,2776,,,0,61,,20666,,,0,10,,2778,,,0,10,,2779,,,0,11,,20667,,,0,64,,2781,,,0,12,,2782,,,0,12,,20668,,,0,13,,2784,,,0,64,,2785,,,0,12,,2786,,,0,13,,2787,,,0,15,,20669,,,0,70,,2789,,,0,15,,2790,,,0,15,,2791,,,0,76,,2792,,,0,18,,2793,,,0,76,,20670,,,0,18,,2795,,,0,82,,20671,,,0,25,,2797,,,0,95,,20672,,,0,65,,2799,,,0,31,,20673,,,0
601,'4744',548,,2910,,,0,55,,2904,,,0,29,,2898,,,0,24,,2909,,,0,56,,2875,,,0,15,,2894,,,0,7,,2867,,,0,15,,2897,,,0,56,,2885,,,0,13,,2876,,,0,19,,20674,,,0,17,,2893,,,0,57,,2899,,,0,16,,2864,,,0,20,,2878,,,0,62,,2870,,,0,23,,2900,,,0,23,,2887,,,0,63,,2906,,,0,24,,2895,,,0,64,,2912,,,0,24,,2879,,,0,25,,2869,,,0,66,,2901,,,0,23,,2886,,,0,61,,2880,,,0,20,,2868,,,0,20,,2896,,,0,60,,2911,,,0,19,,2861,,,0,11,,2863,,,0,5,,2881,,,0,10,,2908,,,0,60,,2862,,,0,19,,2902,,,0,20,,2889,,,0,62,,2883,,,0,21,,2871,,,0,24,,2903,,,0,63,,2890,,,0,12,,2907,,,0,25,,2874,,,0,70,,2865,,,0,33,,2882,,,0,76,,2866,,,0,18,,2888,,,0,76,,2873,,,0,21,,2872,,,0,90,,2877,,,0,100,,2891,,,0,71,,2884,,,0,31,,2892,,,0
601,'4745',650,,2950,,,0,95,,2924,,,0,85,,2933,,,0,19,,2923,,,0,80,,2949,,,0,17,,2938,,,0,55,,2960,,,0,30,,2914,,,0,16,,2952,,,0,55,,2940,,,0,30,,2922,,,0,15,,2915,,,0,12,,2913,,,0,64,,2942,,,0,12,,2917,,,0,12,,2918,,,0,12,,2932,,,0,64,,2916,,,0,12,,2957,,,0,12,,2941,,,0,12,,2921,,,0,64,,2931,,,0,12,,2920,,,0,12,,2919,,,0,12,,2955,,,0,64,,2927,,,0,13,,2928,,,0,12,,2930,,,0,52,,2929,,,0,24,,2956,,,0,12,,2935,,,0,12,,2925,,,0,52,,2926,,,0,24,,2961,,,0,12,,2937,,,0,13,,20675,,,0,56,,2934,,,0,30,,2939,,,0,19,,2936,,,0,57,,2947,,,0,36,,2944,,,0,58,,2943,,,0,34,,2945,,,0,17,,2946,,,0,75,,2951,,,0,20,,20676,,,0,96,,2948,,,0,70,,2959,,,0,30,,2958,,,0
601,'4947',548,,3011,,,0,55,,3005,,,0,29,,2999,,,0,24,,3010,,,0,56,,2976,,,0,15,,2995,,,0,7,,2968,,,0,15,,2998,,,0,56,,2986,,,0,13,,2977,,,0,19,,20677,,,0,17,,2994,,,0,57,,3000,,,0,16,,2965,,,0,20,,2979,,,0,62,,2971,,,0,23,,3001,,,0,23,,2988,,,0,63,,3007,,,0,24,,2996,,,0,64,,3013,,,0,24,,2980,,,0,25,,2970,,,0,66,,3002,,,0,23,,2987,,,0,61,,2981,,,0,20,,2969,,,0,20,,2997,,,0,60,,3012,,,0,19,,2962,,,0,11,,2964,,,0,5,,2982,,,0,10,,3009,,,0,60,,2963,,,0,19,,3003,,,0,20,,2990,,,0,62,,2984,,,0,21,,2972,,,0,24,,3004,,,0,63,,2991,,,0,12,,3008,,,0,25,,2975,,,0,70,,2966,,,0,33,,2983,,,0,76,,2967,,,0,18,,2989,,,0,76,,2974,,,0,21,,2973,,,0,90,,2978,,,0,100,,2992,,,0,71,,2985,,,0,31,,2993,,,0
601,'4952',548,,3067,,,0,55,,3061,,,0,29,,3055,,,0,24,,3066,,,0,56,,3028,,,0,15,,3049,,,0,7,,3020,,,0,15,,3054,,,0,56,,3038,,,0,13,,3029,,,0,19,,20678,,,0,17,,3048,,,0,57,,3056,,,0,16,,3017,,,0,20,,3031,,,0,62,,3023,,,0,23,,3057,,,0,23,,3040,,,0,63,,3063,,,0,24,,3050,,,0,64,,3069,,,0,24,,3032,,,0,25,,3022,,,0,66,,3058,,,0,23,,3039,,,0,61,,3033,,,0,20,,3021,,,0,20,,3051,,,0,60,,3068,,,0,19,,3014,,,0,11,,3016,,,0,5,,3034,,,0,10,,3065,,,0,60,,3015,,,0,19,,3059,,,0,20,,3042,,,0,62,,3036,,,0,21,,3024,,,0,24,,3060,,,0,63,,3043,,,0,12,,3064,,,0,25,,3027,,,0,70,,3018,,,0,33,,3035,,,0,76,,3019,,,0,18,,3041,,,0,76,,3026,,,0,21,,3025,,,0,90,,3030,,,0,100,,3044,,,0,71,,3037,,,0,31,,3046,,,0,70,,3045,,,0,30,,3047,,,0,70,,3052,,,0,30,,3053,,,0
601,'4953',608,,3071,,,0,23,,3072,,,0,20,,3073,,,0,78,,3074,,,0,16,,3075,,,0,60,,3076,,,0,33,,3077,,,0,14,,3078,,,0,55,,3079,,,0,28,,3080,,,0,13,,20679,,,0,53,,3070,,,0,23,,3082,,,0,12,,3083,,,0,12,,3084,,,0,64,,3085,,,0,11,,3086,,,0,12,,3087,,,0,24,,3088,,,0,52,,20680,,,0,12,,3090,,,0,23,,3091,,,0,12,,3092,,,0,52,,3093,,,0,24,,20681,,,0,10,,3095,,,0,11,,20682,,,0,60,,3097,,,0,10,,3098,,,0,11,,3099,,,0,21,,20683,,,0,51,,3101,,,0,10,,3102,,,0,21,,3103,,,0,10,,3104,,,0,10,,3105,,,0,61,,3106,,,0,10,,3107,,,0,10,,3108,,,0,11,,20684,,,0,64,,3110,,,0,12,,3111,,,0,12,,3112,,,0,13,,3113,,,0,64,,3114,,,0,12,,3115,,,0,13,,3116,,,0,15,,3117,,,0,70,,3118,,,0,15,,3119,,,0,15,,3120,,,0,76,,3121,,,0,18,,3122,,,0,76,,3123,,,0,18,,3124,,,0,82,,3125,,,0,25,,3126,,,0,95,,20685,,,0,65,,3128,,,0,31,,20686,,,0,70,,3130,,,0,30,,20687,,,0,70,,3132,,,0,29,,20688,,,0
601,'4954',650,,3171,,,0,95,,3145,,,0,85,,3154,,,0,19,,3144,,,0,80,,3170,,,0,17,,3159,,,0,55,,3181,,,0,30,,3135,,,0,16,,3173,,,0,55,,3161,,,0,30,,3143,,,0,15,,20689,,,0,12,,3134,,,0,64,,3163,,,0,12,,20691,,,0,12,,3139,,,0,12,,3153,,,0,64,,20690,,,0,12,,3178,,,0,12,,3162,,,0,12,,20692,,,0,64,,3152,,,0,12,,3141,,,0,12,,3140,,,0,12,,3176,,,0,64,,3148,,,0,13,,3149,,,0,12,,20693,,,0,52,,3150,,,0,24,,20699,,,0,12,,3156,,,0,12,,3146,,,0,52,,3147,,,0,24,,3182,,,0,12,,3158,,,0,13,,3174,,,0,56,,3155,,,0,30,,20694,,,0,19,,3157,,,0,57,,20697,,,0,36,,20695,,,0,58,,3164,,,0,34,,20696,,,0,17,,3167,,,0,75,,20698,,,0,20,,3175,,,0,96,,3169,,,0,70,,20700,,,0,30,,3179,,,0
1000601,'4487',711,,19707,,,0,111,,22552,,,0,100,,19709,,,0,90,,19710,,,0,88,,19711,,,0,47,,19712,,,0,88,,19713,,,0,88,,22553,,,0,82,,19715,,,0,42,,22554,,,0,82,,19717,,,0,81,,22555,,,0,93,,19719,,,0,100,,19720,,,0,108,,19721,,,0,103,,22556,,,0,94,,22557,,,0,98,,19724,,,0,110,,19725,,,0
1000601,'4744',618,,19761,,,0,87,,19756,,,0,36,,19750,,,0,70,,19764,,,0,35,,19751,,,0,73,,19765,,,0,39,,19763,,,0,86,,19766,,,0,86,,19752,,,0,88,,19758,,,0,90,,19762,,,0,47,,19746,,,0,80,,19745,,,0,80,,19759,,,0,85,,19753,,,0,37,,19747,,,0,84,,19749,,,0,86,,19748,,,0,104,,19767,,,0,106,,19754,,,0,94,,19757,,,0,99,,19760,,,0,100,,19755,,,0
1000601,'4745',720,,19775,,,0,90,,19781,,,0,99,,19769,,,0,107,,19773,,,0,101,,19768,,,0,94,,19783,,,0,100,,19770,,,0,100,,19771,,,0,100,,19777,,,0,101,,19774,,,0,100,,19772,,,0,108,,19776,,,0,109,,19778,,,0,93,,19780,,,0,91,,19779,,,0,107,,19782,,,0
1000601,'4947',618,,19800,,,0,87,,19795,,,0,36,,19789,,,0,70,,19803,,,0,35,,19790,,,0,73,,19804,,,0,39,,19802,,,0,86,,19805,,,0,86,,19791,,,0,88,,19797,,,0,90,,19801,,,0,47,,19785,,,0,80,,19784,,,0,80,,19798,,,0,85,,19792,,,0,37,,19786,,,0,84,,19788,,,0,86,,19787,,,0,104,,19806,,,0,106,,19793,,,0,94,,19796,,,0,99,,19799,,,0,100,,19794,,,0
1000601,'4952',618,,19823,,,0,87,,19818,,,0,36,,19812,,,0,70,,19826,,,0,35,,19813,,,0,73,,19827,,,0,39,,19825,,,0,86,,19828,,,0,86,,19814,,,0,88,,19820,,,0,90,,19824,,,0,47,,19808,,,0,80,,19807,,,0,80,,19821,,,0,85,,19815,,,0,37,,19809,,,0,84,,19811,,,0,86,,19810,,,0,104,,19829,,,0,106,,19816,,,0,94,,19819,,,0,99,,19822,,,0,100,,19817,,,0
1000601,'4953',711,,19830,,,0,111,,19831,,,0,100,,19832,,,0,90,,19833,,,0,88,,19834,,,0,47,,19835,,,0,88,,22558,,,0,88,,19837,,,0,82,,19838,,,0,42,,19839,,,0,82,,19840,,,0,81,,19841,,,0,93,,19842,,,0,100,,19843,,,0,108,,19844,,,0,103,,19845,,,0,94,,22559,,,0,98,,19847,,,0,110,,19848,,,0
1000601,'4954',720,,19856,,,0,90,,19862,,,0,99,,19850,,,0,107,,19854,,,0,101,,19849,,,0,94,,19864,,,0,100,,22560,,,0,100,,19852,,,0,100,,19858,,,0,101,,22562,,,0,100,,22561,,,0,108,,19857,,,0,109,,22563,,,0,93,,22564,,,0,91,,19860,,,0,107,,22565,,,0
2000601,'4744',644,,20123,,,0,75,,20129,,,0,39,,20117,,,0,69,,20120,,,0,76,,20118,,,0,32,,20122,,,0,86,,20125,,,0,86,,20119,,,0,47,,20127,,,0,89,,20130,,,0,90,,20132,,,0,82,,20131,,,0,40,,20128,,,0,78,,20115,,,0,86,,20126,,,0,81,,20116,,,0,44,,20133,,,0,100,,20121,,,0,97,,20124,,,0
2000601,'4947',644,,20142,,,0,75,,20148,,,0,39,,20136,,,0,69,,20139,,,0,76,,20137,,,0,32,,20141,,,0,86,,20144,,,0,86,,20138,,,0,47,,20146,,,0,89,,20149,,,0,90,,20151,,,0,82,,20150,,,0,40,,20147,,,0,78,,20134,,,0,86,,20145,,,0,81,,20135,,,0,44,,20152,,,0,100,,20140,,,0,97,,20143,,,0
2000601,'4952',644,,20161,,,0,75,,20167,,,0,39,,20155,,,0,69,,20158,,,0,76,,20156,,,0,32,,20160,,,0,86,,20163,,,0,86,,20157,,,0,47,,20165,,,0,89,,20168,,,0,90,,20170,,,0,82,,20169,,,0,40,,20166,,,0,78,,20153,,,0,86,,20164,,,0,81,,20154,,,0,44,,20171,,,0,100,,20159,,,0,97,,20162,,,0
