100,'4744',718,,5,,,0,83,,4,,,0,723,,3,,,0,88,,2,,,0,99,,1,,,0
100,'4947',718,,10,,,0,83,,9,,,0,723,,8,,,0,88,,7,,,0,99,,6,,,0
100,'4952',718,,15,,,0,83,,14,,,0,723,,13,,,0,88,,12,,,0,99,,11,,,0
200,'4487',620,,20516,,,0,111,,20519,,,0,124,,20517,,,0,80,,39,,,0,88,,20518,,,0,80,,37,,,0,40,,31,,,0,81,,38,,,0,80,,32,,,0,41,,20514,,,0,81,,33,,,0,81,,36,,,0,40,,35,,,0,79,,34,,,0,79,,20515,,,0,39,,48,,,0,74,,47,,,0,40,,41,,,0,75,,42,,,0,94,,44,,,0,80,,43,,,0,45,,59,,,0,80,,56,,,0,80,,55,,,0,37,,57,,,0,78,,54,,,0
200,'4744',615,,107,,,0,38,,99,,,0,60,,94,,,0,32,,108,,,0,72,,102,,,0,32,,93,,,0,71,,106,,,0,29,,103,,,0,86,,92,,,0,78,,95,,,0,42,,96,,,0,81,,105,,,0,80,,98,,,0,41,,97,,,0,80,,104,,,0,79,,100,,,0,35,,101,,,0,76,,109,,,0,77,,110,,,0,47,,20521,,,0,72,,111,,,0,78,,116,,,0,49,,114,,,0,78,,115,,,0,82,,120,,,0,40,,119,,,0,78,,121,,,0,79,,122,,,0,39,,123,,,0,78,,124,,,0
200,'4745',716,,148,,,0,122,,147,,,0,162,,146,,,0,101,,127,,,0,41,,145,,,0,81,,133,,,0,80,,131,,,0,40,,126,,,0,82,,128,,,0,80,,139,,,0,40,,134,,,0,80,,129,,,0,79,,132,,,0,39,,130,,,0,74,,140,,,0,39,,136,,,0,94,,141,,,0,80,,137,,,0,80,,143,,,0,38,,144,,,0,80,,142,,,0,79,,149,,,0,39,,150,,,0
200,'4947',615,,167,,,0,38,,159,,,0,60,,154,,,0,32,,168,,,0,72,,162,,,0,32,,153,,,0,71,,166,,,0,29,,163,,,0,86,,152,,,0,78,,155,,,0,42,,156,,,0,81,,165,,,0,80,,158,,,0,41,,157,,,0,80,,164,,,0,79,,160,,,0,35,,161,,,0,76,,169,,,0,77,,170,,,0,47,,20523,,,0,72,,171,,,0,78,,176,,,0,49,,174,,,0,78,,175,,,0,82,,180,,,0,40,,179,,,0,78,,181,,,0,79,,182,,,0,39,,183,,,0,78,,184,,,0
200,'4952',615,,202,,,0,38,,194,,,0,60,,189,,,0,32,,203,,,0,72,,197,,,0,32,,188,,,0,71,,201,,,0,29,,198,,,0,86,,187,,,0,78,,190,,,0,42,,191,,,0,81,,200,,,0,80,,193,,,0,41,,192,,,0,80,,199,,,0,79,,195,,,0,35,,196,,,0,76,,204,,,0,77,,205,,,0,47,,20525,,,0,72,,206,,,0,78,,211,,,0,49,,209,,,0,78,,210,,,0,82,,215,,,0,40,,214,,,0,78,,216,,,0,79,,217,,,0,39,,218,,,0,78,,219,,,0
200,'4953',620,,20533,,,0,111,,20536,,,0,124,,20534,,,0,80,,230,,,0,88,,20535,,,0,80,,228,,,0,40,,222,,,0,81,,229,,,0,80,,20527,,,0,41,,20531,,,0,81,,224,,,0,81,,227,,,0,40,,226,,,0,79,,20528,,,0,79,,20532,,,0,39,,239,,,0,74,,238,,,0,40,,232,,,0,75,,20529,,,0,94,,235,,,0,80,,20530,,,0,45,,250,,,0,80,,20537,,,0,80,,246,,,0,37,,20538,,,0,78,,245,,,0
200,'4954',716,,274,,,0,122,,273,,,0,162,,272,,,0,101,,253,,,0,41,,271,,,0,81,,259,,,0,80,,257,,,0,40,,252,,,0,82,,254,,,0,80,,265,,,0,40,,260,,,0,80,,255,,,0,79,,258,,,0,39,,256,,,0,74,,266,,,0,39,,262,,,0,94,,267,,,0,80,,263,,,0,80,,269,,,0,38,,270,,,0,80,,268,,,0,79,,275,,,0,39,,276,,,0
