4701,'4744',1704,,13646,,,0,30,,13647,,,0,66,,13648,,,0
4701,'4870',1704,,13649,,,0,30,,13650,,,0,66,,13651,,,0
4701,'4875',1704,,13652,,,0,30,,13653,,,0,66,,13654,,,0
4900,'4487',823,,13678,,,0,211,,13679,,,0,201,,13674,,,0,210,,13675,,,0,210,,13676,,,0,194,,13677,,,0,267,,13673,,,0
4900,'4743',823,,13685,,,0,211,,13686,,,0,201,,13681,,,0,210,,13682,,,0,210,,13683,,,0,194,,13684,,,0,267,,13680,,,0
4900,'4744',727,,13689,,,0,100,,13691,,,0,132,,13688,,,0,200,,13690,,,0,166,,13692,,,0,183,,13693,,,0,105,,13694,,,0,94,,13687,,,0,107,,13695,,,0,195,,13696,,,0,208,,13697,,,0
4900,'4745',823,,13699,,,0,210,,13698,,,0,201,,13700,,,0,210,,13701,,,0,210,,13703,,,0,194,,13704,,,0,268,,13702,,,0
4900,'4870',727,,13707,,,0,100,,13709,,,0,132,,13706,,,0,200,,13708,,,0,166,,13710,,,0,183,,13711,,,0,105,,13712,,,0,94,,13705,,,0,107,,13713,,,0,195,,13714,,,0,208,,13715,,,0
4900,'4875',727,,13718,,,0,100,,13720,,,0,132,,13717,,,0,200,,13719,,,0,166,,13721,,,0,183,,13722,,,0,105,,13723,,,0,94,,13716,,,0,107,,13724,,,0,195,,13725,,,0,208,,13726,,,0
4900,'4876',823,,13732,,,0,211,,13733,,,0,201,,13728,,,0,210,,13729,,,0,210,,13730,,,0,194,,13731,,,0,267,,13727,,,0
4900,'4877',823,,13735,,,0,210,,13734,,,0,201,,13736,,,0,210,,13737,,,0,210,,13739,,,0,194,,13740,,,0,268,,13738,,,0
5701,'4487',632,,14882,,,0,108,,14872,,,0,99,,14883,,,0,105,,14886,,,0,102,,14884,,,0,105,,14885,,,0,150,,14871,,,0,100,,14877,,,0,110,,14881,,,0,101,,14878,,,0,109,,14873,,,0,90,,14875,,,0,113,,14879,,,0,99,,14880,,,0,99,,14876,,,0,113,,14874,,,0
5701,'4743',632,,14898,,,0,108,,14888,,,0,99,,14899,,,0,105,,14902,,,0,102,,14900,,,0,105,,14901,,,0,150,,14887,,,0,100,,14893,,,0,110,,14897,,,0,101,,14894,,,0,109,,14889,,,0,90,,14891,,,0,113,,14895,,,0,99,,14896,,,0,99,,14892,,,0,113,,14890,,,0
5701,'4744',607,,14903,,,0,49,,14907,,,0,84,,14912,,,0,81,,14924,,,0,9,,14905,,,0,83,,14906,,,0,45,,14904,,,0,86,,14908,,,0,85,,14909,,,0,85,,14910,,,0,86,,14911,,,0,45,,14913,,,0,91,,14914,,,0,99,,14923,,,0,72,,14915,,,0,43,,14916,,,0,86,,14917,,,0,84,,14919,,,0,90,,14918,,,0,99,,14920,,,0,115,,14921,,,0,110,,14922,,,0
5701,'4745',740,,14928,,,0,99,,14925,,,0,105,,14927,,,0,100,,14926,,,0,107,,14929,,,0,150,,14932,,,0,100,,14930,,,0,110,,14933,,,0,100,,14931,,,0,109,,14937,,,0,90,,14939,,,0,114,,14938,,,0,100,,14936,,,0,98,,14935,,,0,85,,14934,,,0
5701,'4870',607,,14940,,,0,49,,14944,,,0,84,,14949,,,0,81,,14961,,,0,9,,14942,,,0,83,,14943,,,0,45,,14941,,,0,86,,14945,,,0,85,,14946,,,0,85,,14947,,,0,86,,14948,,,0,45,,14950,,,0,91,,14951,,,0,99,,14960,,,0,72,,14952,,,0,43,,14953,,,0,86,,14954,,,0,84,,14956,,,0,90,,14955,,,0,99,,14957,,,0,115,,14958,,,0,110,,14959,,,0
5701,'4875',607,,14962,,,0,49,,14966,,,0,84,,14971,,,0,81,,14983,,,0,9,,14964,,,0,83,,14965,,,0,45,,14963,,,0,86,,14967,,,0,85,,14968,,,0,85,,14969,,,0,86,,14970,,,0,45,,14972,,,0,91,,14973,,,0,99,,14982,,,0,72,,14974,,,0,43,,14975,,,0,86,,14976,,,0,84,,14978,,,0,90,,14977,,,0,99,,14979,,,0,115,,14980,,,0,110,,14981,,,0
5701,'4876',632,,14995,,,0,108,,14985,,,0,99,,14996,,,0,105,,14999,,,0,102,,14997,,,0,105,,14998,,,0,150,,14984,,,0,100,,14990,,,0,110,,14994,,,0,101,,14991,,,0,109,,14986,,,0,90,,14988,,,0,113,,14992,,,0,99,,14993,,,0,99,,14989,,,0,113,,14987,,,0
5701,'4877',740,,15003,,,0,99,,15000,,,0,105,,15002,,,0,100,,15001,,,0,107,,15004,,,0,150,,15007,,,0,100,,15005,,,0,110,,15008,,,0,100,,15006,,,0,109,,15012,,,0,90,,15014,,,0,114,,15013,,,0,100,,15011,,,0,98,,15010,,,0,85,,15009,,,0
