5300,'5036',1318,,45105,6,0,25 40,0,186,,45107,6,0,25 40,0,108,,45104,6,0,25 40,0,129,,45106,6,0,25 40,0,167,,45108,6,0,25 40,0,130,,45109,6,0,25 40,0
5300,'5040',1318,,45116,6,0,25 40,0,186,,45118,6,0,25 40,0,108,,45115,6,0,25 40,0,129,,45117,6,0,25 40,0,167,,45119,6,0,25 40,0,130,,45120,6,0,25 40,0
5300,'5041',1323,,45127,6,0,25 40,0,210,,45123,6,0,25 40,0,210,,45121,6,0,25 40,0,206,,45122,6,0,25 40,0
5300,'5078',1323,,45132,6,0,25 40,0,210,,45130,6,0,25 40,0,210,,45134,6,0,25 40,0,205,,45133,6,0,25 40,0
5300,'5079',1323,,45139,6,0,25 40,0,210,,45137,6,0,25 40,0,210,,45141,6,0,25 40,0,205,,45140,6,0,25 40,0
5301,'5036',806,,45144,28,,,0,115,,45142,28,,,0,199,,45143,28,,,0
5301,'5040',806,,45154,28,,,0,115,,45152,28,,,0,199,,45153,28,,,0
5301,'5041',756,,45167,28,,,0,200,,45168,28,,,0,254,,45166,28,,,0
5301,'5078',756,,45172,28,,,0,200,,45169,28,,,0,253,,45170,28,,,0
5301,'5079',756,,45179,28,,,0,200,,45176,28,,,0,253,,45177,28,,,0
