800,'4744',621,,3783,,,0,86,,3784,,,0,29,,3785,,,0,18,,3786,,,0,60,,3787,,,0,92,,3788,,,0,35,,3789,,,0,83,,3782,,,0,83,,3790,,,0,34,,3805,,,0,83,,3791,,,0,86,,3792,,,0,41,,3793,,,0,86,,3794,0,16,0,14,,3795,,,0,81,,3796,,,0,84,,3797,,,0,34,,3806,,,0,75,,3798,,,0,34,,3799,,,0,73,,3800,,,0,71,,3807,,,0,55,,3801,,,0,83,,3802,,,0,97,,3803,,,0,83,,3804,,,0
800,'4947',621,,3820,,,0,86,,3821,,,0,29,,3822,,,0,18,,3823,,,0,60,,3824,,,0,92,,3825,,,0,35,,3826,,,0,83,,3819,,,0,83,,3827,,,0,34,,3842,,,0,83,,3828,,,0,86,,3829,,,0,41,,3830,,,0,86,,3831,0,16,0,14,,3832,,,0,81,,3833,,,0,84,,3834,,,0,34,,3843,,,0,75,,3835,,,0,34,,3836,,,0,73,,3837,,,0,71,,3844,,,0,55,,3838,,,0,83,,3839,,,0,97,,3840,,,0,83,,3841,,,0
800,'4952',621,,3846,,,0,86,,3847,,,0,29,,3848,,,0,18,,3849,,,0,60,,3850,,,0,92,,3851,,,0,35,,3852,,,0,83,,3845,,,0,83,,3853,,,0,34,,3868,,,0,83,,3854,,,0,86,,3855,,,0,41,,3856,,,0,86,,3857,0,16,0,14,,3858,,,0,81,,3859,,,0,84,,3860,,,0,34,,3869,,,0,75,,3861,,,0,34,,3862,,,0,73,,3863,,,0,71,,3870,,,0,55,,3864,,,0,83,,3865,,,0,97,,3866,,,0,83,,3867,,,0
900,'4744',719,,4042,,,0,81,,4045,,,0
900,'4947',719,,4047,,,0,81,,4050,,,0
900,'4952',719,,4052,,,0,81,,4055,,,0
2101,'4487',638,,7811,,,0,70,,7793,,,0,31,,7802,,,0,70,,7785,,,0,30,,7812,,,0,69,,7794,,,0,29,,7803,,,0,67,,7781,,,0,28,,7783,,,0,68,,7804,,,0,30,,7788,,,0,29,,7796,,,0,68,,7782,,,0,30,,7784,,,0,68,,7805,,,0,30,,7789,,,0,72,,7797,,,0,31,,7786,,,0,70,,7787,,,0,74,,7806,,,0,30,,7790,,,0,70,,7799,,,0,31,,7792,,,0,71,,7791,,,0,31,,7807,,,0,71,,7795,,,0,36,,7798,,,0,76,,7800,,,0,29,,7809,,,0,70,,7801,,,0,32,,7810,,,0,70,,7808,,,0,30,,7813,,,0,105,,7814,,,0
2101,'4744',548,,7849,,,0,68,,7857,,,0,22,,7850,,,0,14,,7869,,,0,56,,7851,,,0,14,,7876,,,0,15,,7859,,,0,16,,7861,,,0,55,,7858,,,0,17,,7860,,,0,17,,7870,,,0,62,,7862,,,0,21,,7856,,,0,20,,20861,,,0,59,,7855,,,0,20,,7853,,,0,20,,7864,,,0,61,,7866,,,0,20,,7854,,,0,19,,7863,,,0,63,,20858,,,0,20,,7852,,,0,20,,7867,,,0,61,,7872,,,0,20,,7868,,,0,21,,7865,,,0,61,,7871,,,0,19,,7895,,,0,18,,20860,,,0,58,,7882,,,0,14,,7877,,,0,24,,7897,,,0,59,,7878,,,0,16,,7898,,,0,21,,7881,,,0,16,,7879,,,0,59,,7896,,,0,19,,20859,,,0,21,,7874,,,0,59,,7880,,,0,31,,7887,,,0,71,,7886,,,0,32,,20862,,,0,70,,7885,,,0,30,,7889,,,0,70,,7890,,,0,32,,20863,,,0,69,,7892,,,0,30,,7893,,,0,106,,20864,,,0
2101,'4745',646,,7912,,,0,80,,7902,,,0,80,,7913,,,0,36,,7911,,,0,64,,7899,,,0,27,,7901,,,0,70,,7914,,,0,29,,7900,,,0,70,,7915,,,0,29,,7904,,,0,70,,7903,,,0,30,,7916,,,0,28,,7905,,,0,69,,7917,,,0,30,,20865,,,0,70,,7919,,,0,31,,7907,,,0,72,,7908,,,0,73,,7909,,,0,30,,7910,,,0,71,,7906,,,0,30,,7920,,,0,72,,7921,,,0,35,,7922,,,0,105,,7923,,,0,101,,7924,,,0,103,,7925,,,0,100,,7926,,,0,103,,7927,,,0
2101,'4947',548,,7928,,,0,68,,7936,,,0,22,,7929,,,0,14,,7948,,,0,56,,7930,,,0,14,,7955,,,0,15,,7938,,,0,16,,7940,,,0,55,,7937,,,0,17,,7939,,,0,17,,7949,,,0,62,,7941,,,0,21,,7935,,,0,20,,20869,,,0,59,,7934,,,0,20,,7932,,,0,20,,7943,,,0,61,,7945,,,0,20,,7933,,,0,19,,7942,,,0,63,,20866,,,0,20,,7931,,,0,20,,7946,,,0,61,,7951,,,0,20,,7947,,,0,21,,7944,,,0,61,,7950,,,0,19,,7973,,,0,18,,20868,,,0,58,,7960,,,0,14,,7956,,,0,24,,7975,,,0,59,,7957,,,0,16,,7976,,,0,37,,7958,,,0,59,,7974,,,0,19,,20867,,,0,21,,7953,,,0,59,,7959,,,0,31,,7965,,,0,71,,7964,,,0,32,,20870,,,0,70,,7963,,,0,30,,7967,,,0,70,,7968,,,0,32,,20871,,,0,69,,7970,,,0,30,,7971,,,0,106,,20872,,,0
2101,'4949',1639,,7978,,,0
2101,'4950',1639,,7977,,,0
2101,'4952',548,,7979,,,0,68,,7987,,,0,22,,7980,,,0,14,,7999,,,0,56,,7981,,,0,14,,8006,,,0,15,,7989,,,0,16,,7991,,,0,55,,7988,,,0,17,,7990,,,0,17,,8000,,,0,62,,7992,,,0,21,,7986,,,0,20,,20876,,,0,59,,7985,,,0,20,,7983,,,0,20,,7994,,,0,61,,7996,,,0,20,,7984,,,0,19,,7993,,,0,63,,20873,,,0,20,,7982,,,0,20,,7997,,,0,61,,8002,,,0,20,,7998,,,0,21,,7995,,,0,61,,8001,,,0,19,,8025,,,0,18,,20875,,,0,58,,8012,,,0,14,,8007,,,0,24,,8027,,,0,59,,8008,,,0,16,,8028,,,0,21,,8011,,,0,16,,8009,,,0,59,,8026,,,0,19,,20874,,,0,21,,8004,,,0,59,,8010,,,0,31,,8017,,,0,71,,8016,,,0,32,,20877,,,0,70,,8015,,,0,30,,8019,,,0,70,,8020,,,0,32,,20878,,,0,69,,8022,,,0,30,,8023,,,0,106,,20879,,,0
2101,'4953',638,,8059,,,0,70,,8041,,,0,31,,8050,,,0,70,,8033,,,0,30,,8060,,,0,69,,8042,,,0,29,,8051,,,0,67,,8029,,,0,28,,8031,,,0,68,,8052,,,0,30,,8036,,,0,29,,8044,,,0,68,,8030,,,0,30,,8032,,,0,68,,8053,,,0,30,,8037,,,0,72,,8045,,,0,31,,8034,,,0,70,,8035,,,0,74,,8054,,,0,30,,8038,,,0,70,,8047,,,0,31,,8040,,,0,71,,8039,,,0,31,,8055,,,0,71,,8043,,,0,36,,8046,,,0,76,,8048,,,0,29,,8057,,,0,70,,8049,,,0,32,,8058,,,0,70,,8056,,,0,30,,8061,,,0,105,,8062,,,0
2101,'4954',646,,8076,,,0,80,,8066,,,0,80,,8077,,,0,36,,8075,,,0,64,,8063,,,0,27,,8065,,,0,70,,8078,,,0,29,,8064,,,0,70,,8079,,,0,29,,8068,,,0,70,,8067,,,0,30,,8080,,,0,28,,8069,,,0,69,,8081,,,0,30,,8082,,,0,70,,8083,,,0,31,,8071,,,0,72,,8072,,,0,73,,8073,,,0,30,,8074,,,0,71,,8070,,,0,30,,8084,,,0,72,,8085,,,0,35,,8086,,,0,105,,8087,,,0,101,,8088,,,0,103,,8089,,,0,100,,8090,,,0,103,,8091,,,0
3801,'4744',640,,12856,,,0,69,,12857,,,0,27,,12860,,,0,66,,12858,,,0,35,,12876,,,0,88,,12859,,,0,90,,12861,,,0,97,,12862,,,0,100,,12863,,,0,102,,12864,,,0,101,,12865,,,0,101,,12866,,,0,88,,12867,,,0,32,,12868,,,0,69,,12869,,,0,29,,12870,,,0,70,,12872,,,0,29,,12873,,,0,76,,12871,,,0,100,,12874,,,0,105,,12875,,,0
3801,'4947',640,,12877,,,0,69,,12878,,,0,27,,12881,,,0,66,,12879,,,0,35,,12897,,,0,88,,12880,,,0,90,,12882,,,0,97,,12883,,,0,100,,12884,,,0,102,,12885,,,0,101,,12886,,,0,101,,12887,,,0,88,,12888,,,0,32,,12889,,,0,69,,12890,,,0,29,,12891,,,0,70,,12893,,,0,29,,12894,,,0,76,,12892,,,0,100,,12895,,,0,105,,12896,,,0
3801,'4952',640,,12898,,,0,69,,12899,,,0,27,,12902,,,0,66,,12900,,,0,35,,12918,,,0,88,,12901,,,0,90,,12903,,,0,97,,12904,,,0,100,,12905,,,0,102,,12906,,,0,101,,12907,,,0,101,,12908,,,0,88,,12909,,,0,32,,12910,,,0,69,,12911,,,0,29,,12912,,,0,70,,12914,,,0,29,,12915,,,0,76,,12913,,,0,100,,12916,,,0,105,,12917,,,0
