7101,'4744',611,,16654,,,0,30,,16653,,,0,86,,16652,,,0
7101,'4870',611,,16657,,,0,30,,16656,,,0,86,,16655,,,0
7101,'4875',611,,16660,,,0,30,,16659,,,0,86,,16658,,,0
8701,'4744',629,,18030,,,0,197,,18031,,,0,201,,18032,,,0,199,,18033,,,0,199,,18034,,,0,203,,18035,,,0
8701,'4870',629,,18036,,,0,197,,18037,,,0,201,,18038,,,0,199,,18039,,,0,199,,18040,,,0,203,,18041,,,0
8701,'4875',629,,18042,,,0,197,,18043,,,0,201,,18044,,,0,199,,18045,,,0,199,,18046,,,0,203,,18047,,,0
8801,'4487',754,,18146,,,0,99,,18147,,,0,99,,18148,,,0,100,,18149,,,0,98,,18140,,,0,100,,18141,,,0,100,,18142,,,0,100,,18143,,,0,102,,18144,,,0,100,,18145,,,0,98,,18137,,,0,100,,18138,,,0,102,,18139,,,0,100,,18136,,,0
8801,'4743',754,,18160,,,0,99,,18161,,,0,99,,18162,,,0,100,,18163,,,0,98,,18154,,,0,100,,18155,,,0,100,,18156,,,0,100,,18157,,,0,102,,18158,,,0,100,,18159,,,0,98,,18151,,,0,100,,18152,,,0,102,,18153,,,0,100,,18150,,,0
8801,'4744',719,,18164,,,0,200,,18165,,,0,200,,18166,,,0,199,,18167,,,0,200,,18168,,,0,206,,18169,,,0,103,,18170,,,0
8801,'4745',755,,18179,,,0,94,,18180,,,0,100,,18181,,,0,100,,18182,,,0,100,,18183,,,0,100,,18184,,,0,99,,18174,,,0,100,,18175,,,0,101,,18176,,,0,101,,18177,,,0,102,,18178,,,0,99,,18172,,,0,100,,18173,,,0,98,,18171,,,0
8801,'4870',719,,18185,,,0,200,,18186,,,0,200,,18187,,,0,199,,18188,,,0,200,,18189,,,0,206,,18190,,,0,103,,18191,,,0
8801,'4875',719,,18192,,,0,200,,18193,,,0,200,,18194,,,0,199,,18195,,,0,200,,18196,,,0,206,,18197,,,0,103,,18198,,,0
8801,'4876',754,,18209,,,0,99,,18210,,,0,99,,18211,,,0,100,,18212,,,0,98,,18203,,,0,100,,18204,,,0,100,,18205,,,0,100,,18206,,,0,102,,18207,,,0,100,,18208,,,0,98,,18200,,,0,100,,18201,,,0,102,,18202,,,0,100,,18199,,,0
8801,'4877',755,,18221,,,0,94,,18222,,,0,100,,18223,,,0,100,,18224,,,0,100,,18225,,,0,100,,18226,,,0,99,,18216,,,0,100,,18217,,,0,101,,18218,,,0,101,,18219,,,0,102,,18220,,,0,99,,18214,,,0,100,,18215,,,0,98,,18213,,,0
1008801,'4744',647,,20011,,,0,106,,20012,,,0,96,,20013,,,0,100,,20014,,,0,100,,20010,,,0,99,,20015,,,0,100,,20016,,,0,100,,20017,,,0,100,,20018,,,0,100,,20019,,,0,100,,20020,,,0,108,,20021,,,0,99,,20022,,,0,71,,20023,,,0,101,,20024,,,0
1008801,'4870',647,,20026,,,0,106,,20027,,,0,96,,20028,,,0,100,,20029,,,0,100,,20025,,,0,99,,20030,,,0,100,,20031,,,0,100,,20032,,,0,100,,20033,,,0,100,,20034,,,0,100,,20035,,,0,108,,20036,,,0,99,,20037,,,0,71,,20038,,,0,101,,20039,,,0
1008801,'4875',647,,20041,,,0,106,,20042,,,0,96,,20043,,,0,100,,20044,,,0,100,,20040,,,0,99,,20045,,,0,100,,20046,,,0,100,,20047,,,0,100,,20048,,,0,100,,20049,,,0,100,,20050,,,0,108,,20051,,,0,99,,20052,,,0,71,,20053,,,0,101,,20054,,,0
