201,'5036',559,,36642,18,0,46 37,0,61,,36634,18,0,46 37,0,26,,36651,18,0,46 37,0,69,,36646,18,0,46 37,0,30,,36635,18,0,46 37,0,70,,36650,18,0,46 37,0,32,,36640,18,0,46 37,0,71,,36636,18,0,46 37,0,33,,36648,18,0,46 37,0,78,,36641,18,0,46 37,0,79,,36637,18,0,46 37,0,39,,36639,18,0,46 37,0,80,,36638,18,0,46 37,0,79,,36647,18,0,46 37,0,40,,36644,18,0,46 37,0,92,,36645,18,0,46 37,0,73,,36643,18,0,46 37,0,37,,36653,18,0,46 37,0,75,,36654,18,0,46 37,0,77,,36652,18,0,46 37,0,37,,36655,18,0,46 37,0,89,,36656,18,0,46 37,0,25,,36658,18,0,46 37,0,82,,36657,18,0,46 37,0,83,,36659,18,0,46 37,0,41,,36660,18,0,46 37,0,78,,36661,18,0,46 37,0,81,,36662,18,0,46 37,0,41,,36664,18,0,46 37,0,81,,36663,18,0,46 37,0,72,,36665,18,0,46 37,0
201,'5040',559,,36674,18,0,46 37,0,61,,36666,18,0,46 37,0,26,,36684,18,0,46 37,0,69,,36678,18,0,46 37,0,30,,36667,18,0,46 37,0,70,,36683,18,0,46 37,0,32,,36672,18,0,46 37,0,71,,36668,18,0,46 37,0,33,,36681,18,0,46 37,0,78,,36673,18,0,46 37,0,79,,36669,18,0,46 37,0,39,,36671,18,0,46 37,0,80,,36670,18,0,46 37,0,79,,36680,18,0,46 37,0,40,,36676,18,0,46 37,0,92,,36677,18,0,46 37,0,73,,36675,18,0,46 37,0,37,,36686,18,0,46 37,0,75,,36687,18,0,46 37,0,77,,36685,18,0,46 37,0,37,,36688,18,0,46 37,0,89,,36689,18,0,46 37,0,25,,36691,18,0,46 37,0,82,,36690,18,0,46 37,0,83,,36692,18,0,46 37,0,41,,36693,18,0,46 37,0,78,,36694,18,0,46 37,0,81,,36695,18,0,46 37,0,41,,36697,18,0,46 37,0,81,,36696,18,0,46 37,0,72,,36698,18,0,46 37,0
201,'5041',642,,36720,18,0,46 37,0,158,,36721,18,0,46 37,0,124,,36715,18,0,46 37,0,79,,36708,18,0,46 37,0,97,,36718,18,0,46 37,0,38,,36709,18,0,46 37,0,80,,36701,18,0,46 37,0,38,,36704,18,0,46 37,0,78,,36703,18,0,46 37,0,81,,36713,18,0,46 37,0,40,,36705,18,0,46 37,0,81,,36702,18,0,46 37,0,81,,36706,18,0,46 37,0,36,,36714,18,0,46 37,0,81,,36717,18,0,46 37,0,81,,36716,18,0,46 37,0,37,,36719,18,0,46 37,0,76,,36710,18,0,46 37,0,80,,36711,18,0,46 37,0,45,,36712,18,0,46 37,0,81,,36725,18,0,46 37,0,81,,36722,18,0,46 37,0,43,,36723,18,0,46 37,0,81,,36724,18,0,46 37,0,76,,36726,18,0,46 37,0
201,'5078',629,,36744,18,0,46 37,0,119,,36751,18,0,46 37,0,158,,36745,18,0,46 37,0,135,,36752,18,0,46 37,0,100,,36731,18,0,46 37,0,79,,36742,18,0,46 37,0,39,,36738,18,0,46 37,0,79,,36737,18,0,46 37,0,81,,36733,18,0,46 37,0,40,,36734,18,0,46 37,0,80,,36743,18,0,46 37,0,81,,36739,18,0,46 37,0,36,,36735,18,0,46 37,0,80,,36736,18,0,46 37,0,81,,36740,18,0,46 37,0,37,,36749,18,0,46 37,0,81,,36741,18,0,46 37,0,80,,36748,18,0,46 37,0,41,,36747,18,0,46 37,0,80,,36750,18,0,46 37,0,81,,36746,18,0,46 37,0,42,,36753,18,0,46 37,0,81,,36754,18,0,46 37,0
201,'5079',629,,36769,18,0,46 37,0,119,,36776,18,0,46 37,0,158,,36770,18,0,46 37,0,135,,36777,18,0,46 37,0,100,,36756,18,0,46 37,0,79,,36767,18,0,46 37,0,39,,36763,18,0,46 37,0,79,,36762,18,0,46 37,0,81,,36758,18,0,46 37,0,40,,36759,18,0,46 37,0,80,,36768,18,0,46 37,0,81,,36764,18,0,46 37,0,36,,36760,18,0,46 37,0,80,,36761,18,0,46 37,0,81,,36765,18,0,46 37,0,37,,36774,18,0,46 37,0,81,,36766,18,0,46 37,0,80,,36773,18,0,46 37,0,41,,36772,18,0,46 37,0,80,,36775,18,0,46 37,0,81,,36771,18,0,46 37,0,42,,36778,18,0,46 37,0,81,,36779,18,0,46 37,0
501,'5036',631,,37758,13,,,0,71,,37763,13,,,0,27,,37755,13,,,0,71,,37757,13,,,0,31,,37761,13,,,0,73,,37756,13,,,0,30,,37759,13,,,0,77,,37762,13,,,0,39,,37760,13,,,0,78,,37770,13,,,0,79,,37765,13,,,0,40,,37766,13,,,0,79,,37764,13,,,0,94,,37767,13,,,0,36,,37769,13,,,0,73,,37768,13,,,0,77,,37771,13,,,0,35,,37775,13,,,0,76,,37773,13,,,0,83,,37774,13,,,0,111,,37772,13,,,0,43,,37776,13,,,0,82,,37777,13,,,0
501,'5040',631,,37781,13,,,0,71,,37786,13,,,0,27,,37778,13,,,0,71,,37780,13,,,0,31,,37784,13,,,0,73,,37779,13,,,0,30,,37782,13,,,0,77,,37785,13,,,0,39,,37783,13,,,0,78,,37793,13,,,0,79,,37788,13,,,0,40,,37789,13,,,0,79,,37787,13,,,0,94,,37790,13,,,0,36,,37792,13,,,0,73,,37791,13,,,0,77,,37794,13,,,0,35,,37798,13,,,0,76,,37796,13,,,0,83,,37797,13,,,0,111,,37795,13,,,0,43,,37799,13,,,0,82,,37800,13,,,0
501,'5041',721,,37809,13,,,0,120,,37811,13,,,0,103,,37808,13,,,0,79,,37802,13,,,0,96,,37810,13,,,0,39,,37801,13,,,0,79,,37817,13,,,0,78,,37806,13,,,0,38,,37807,13,,,0,82,,37804,13,,,0,80,,37805,13,,,0,41,,37815,13,,,0,82,,37818,13,,,0,75,,37814,13,,,0,42,,37816,13,,,0,77,,37820,13,,,0,75,,37819,13,,,0,41,,37812,13,,,0,85,,37813,13,,,0
501,'5078',709,,37835,13,,,0,118,,37834,13,,,0,117,,37833,13,,,0,79,,37827,13,,,0,98,,37830,13,,,0,79,,37826,13,,,0,40,,37822,13,,,0,78,,37821,13,,,0,41,,37837,13,,,0,80,,37829,13,,,0,80,,37825,13,,,0,40,,37824,13,,,0,82,,37823,13,,,0,75,,37836,13,,,0,40,,37831,13,,,0,76,,37828,13,,,0,83,,37832,13,,,0
501,'5079',709,,37852,13,,,0,118,,37851,13,,,0,117,,37850,13,,,0,79,,37844,13,,,0,98,,37847,13,,,0,79,,37843,13,,,0,40,,37839,13,,,0,78,,37838,13,,,0,41,,37854,13,,,0,80,,37846,13,,,0,80,,37842,13,,,0,40,,37841,13,,,0,82,,37840,13,,,0,75,,37853,13,,,0,40,,37848,13,,,0,76,,37845,13,,,0,83,,37849,13,,,0
801,'5036',643,,38812,9,,,0,76,,38813,9,,,0,24,,38814,9,,,0,64,,38815,9,,,0,35,,38816,9,,,0,87,,38811,9,,,0,83,,38817,9,,,0,32,,38833,9,,,0,82,,38818,9,,,0,84,,38819,9,,,0,39,,38820,9,,,0,85,,38821,9,,,0,87,,38822,9,,,0,26,,38823,9,0,8 9,0,57,,38824,9,,,0,32,,38834,9,,,0,74,,38825,9,,,0,37,,38826,9,,,0,84,,38827,9,,,0,72,,38835,9,,,0,32,,38828,9,,,0,74,,38829,9,,,0,47,,38830,9,,,0,97,,38831,9,,,0,85,,38832,9,,,0
801,'5040',643,,38837,9,,,0,76,,38838,9,,,0,24,,38839,9,,,0,64,,38840,9,,,0,35,,38841,9,,,0,87,,38836,9,,,0,83,,38842,9,,,0,32,,38858,9,,,0,82,,38843,9,,,0,84,,38844,9,,,0,39,,38845,9,,,0,85,,38846,9,,,0,87,,38847,9,,,0,26,,38848,9,0,8 9,0,57,,38849,9,,,0,32,,38859,9,,,0,74,,38850,9,,,0,37,,38851,9,,,0,84,,38852,9,,,0,72,,38860,9,,,0,32,,38853,9,,,0,74,,38854,9,,,0,47,,38855,9,,,0,97,,38856,9,,,0,85,,38857,9,,,0
801,'5041',720,,38862,9,0,8 9,0,85,,38863,9,0,8 9,0,45,,38864,9,0,8 9,0,86,,38865,9,0,8 9,0,85,,38866,9,0,8 9,0,90,,38867,9,0,8 9,0,48,,38868,9,0,8 9,0,91,,38869,9,0,8 9,0,92,,38861,9,0,8 9,0,90,,38870,9,0,8 9,0,92,,38871,9,0,8 9,0,90,,38872,9,0,8 9,0,91,,38873,9,0,8 9,0,47,,38874,9,0,8 9,0,84,,38875,9,0,8 9,0
801,'5078',936,,38877,9,0,8 9,0,85,,38878,9,0,8 9,0,90,,38879,9,0,8 9,0,48,,38880,9,0,8 9,0,90,,38876,9,0,8 9,0,92,,38881,9,0,8 9,0,91,,38882,9,0,8 9,0,92,,38883,9,0,8 9,0,90,,38884,9,0,8 9,0,91,,38885,9,0,8 9,0,47,,38886,9,0,8 9,0
801,'5079',936,,38888,9,0,8 9,0,85,,38889,9,0,8 9,0,90,,38890,9,0,8 9,0,48,,38891,9,0,8 9,0,90,,38887,9,0,8 9,0,92,,38892,9,0,8 9,0,91,,38893,9,0,8 9,0,92,,38894,9,0,8 9,0,90,,38895,9,0,8 9,0,91,,38896,9,0,8 9,0,47,,38897,9,0,8 9,0
