4800,'4744',637,,13657,,,0,63,,13656,,,0,27,,13655,,,0
4800,'4947',637,,13660,,,0,63,,13659,,,0,27,,13658,,,0
4800,'4952',637,,13663,,,0,63,,13662,,,0,27,,13661,,,0
5200,'4487',654,,13824,,,0,70,,13823,,,0,81,,13818,,,0,35,,13825,,,0,72,,13820,,,0,33,,13807,,,0,70,,13814,,,0,30,,13833,,,0,72,,13812,,,0,35,,13809,,,0,73,,13815,,,0,32,,13835,,,0,75,,13810,,,0,73,,13808,,,0,36,,13817,,,0,66,,13834,,,0,34,,13813,,,0,72,,13819,,,0,35,,13816,,,0,68,,13831,,,0,30,,13811,,,0,69,,13822,,,0,22,,13828,,,0,64,,13821,,,0,24,,13826,,,0,24,,13830,,,0,68,,13829,,,0,28,,13827,,,0,70,,13832,,,0,100,,13836,,,0,93,,13837,,,0,108,,13838,,,0
5200,'4744',521,,13871,,,0,31,,13880,,,0,71,,13874,,,0,22,,13885,,,0,59,,13872,,,0,25,,13893,,,0,28,,13879,,,0,70,,13908,,,0,6,,13873,,,0,17,,13901,,,0,9,,13884,,,0,69,,13875,,,0,30,,13892,,,0,66,,13878,,,0,30,,13876,,,0,75,,13877,,,0,71,,13894,,,0,32,,13881,,,0,70,,13882,,,0,36,,13883,,,0,73,,13891,,,0,36,,13886,,,0,72,,13887,,,0,20,,13907,,,0,13,,13903,,,0,70,,13888,,,0,30,,13890,,,0,67,,13889,,,0,30,,13895,,,0,71,,13904,,,0,30,,13896,,,0,73,,13897,,,0,29,,13898,,,0,69,,13905,,,0,26,,13899,,,0,72,,13900,,,0,96,,13906,,,0,98,,13902,,,0,103,,13909,,,0
5200,'4745',724,,13932,,,0,32,,13914,,,0,81,,13917,,,0,72,,13931,,,0,32,,13925,,,0,72,,13912,,,0,31,,13916,,,0,72,,13927,,,0,31,,13921,,,0,72,,13911,,,0,33,,13915,,,0,70,,13930,,,0,31,,13923,,,0,78,,13910,,,0,70,,13919,,,0,34,,13929,,,0,74,,13922,,,0,33,,13913,,,0,68,,13918,,,0,30,,13928,,,0,68,,13924,,,0,30,,13926,,,0,68,,13920,,,0,29,,13934,,,0,79,,13933,,,0,99,,13935,,,0,98,,13937,,,0,106,,13936,,,0
5200,'4947',521,,13938,,,0,31,,13947,,,0,71,,13941,,,0,22,,13952,,,0,59,,13939,,,0,25,,13960,,,0,28,,13946,,,0,70,,13975,,,0,6,,13940,,,0,17,,13968,,,0,9,,13951,,,0,69,,13942,,,0,30,,13959,,,0,66,,13945,,,0,30,,13943,,,0,75,,13944,,,0,71,,13961,,,0,32,,13948,,,0,70,,13949,,,0,36,,13950,,,0,73,,13958,,,0,36,,13953,,,0,72,,13954,,,0,20,,13974,,,0,13,,13970,,,0,70,,13955,,,0,30,,13957,,,0,67,,13956,,,0,30,,13962,,,0,71,,13971,,,0,30,,13963,,,0,73,,13964,,,0,29,,13965,,,0,69,,13972,,,0,26,,13966,,,0,72,,13967,,,0,96,,13973,,,0,98,,13969,,,0,103,,13976,,,0
5200,'4952',521,,13977,,,0,31,,13986,,,0,71,,13980,,,0,22,,13991,,,0,59,,13978,,,0,25,,13999,,,0,28,,13985,,,0,70,,14014,,,0,6,,13979,,,0,17,,14007,,,0,9,,13990,,,0,69,,13981,,,0,30,,13998,,,0,66,,13984,,,0,30,,13982,,,0,75,,13983,,,0,71,,14000,,,0,32,,13987,,,0,70,,13988,,,0,36,,13989,,,0,73,,13997,,,0,30,,14013,,,0,6,,13992,,,0,72,,13993,,,0,33,,14009,,,0,70,,13994,,,0,30,,13996,,,0,67,,13995,,,0,30,,14001,,,0,71,,14010,,,0,30,,14002,,,0,73,,14003,,,0,29,,14004,,,0,69,,14011,,,0,26,,14005,,,0,72,,14006,,,0,96,,14012,,,0,98,,14008,,,0,103,,14015,,,0
5200,'4953',654,,14033,,,0,70,,14032,,,0,81,,14027,,,0,35,,14034,,,0,72,,14029,,,0,33,,14016,,,0,70,,14023,,,0,30,,14042,,,0,72,,14021,,,0,35,,14018,,,0,73,,14024,,,0,32,,14044,,,0,75,,14019,,,0,73,,14017,,,0,36,,14026,,,0,66,,14043,,,0,34,,14022,,,0,72,,14028,,,0,35,,14025,,,0,68,,14040,,,0,30,,14020,,,0,69,,14031,,,0,22,,14037,,,0,64,,14030,,,0,24,,14035,,,0,24,,14039,,,0,68,,14038,,,0,28,,14036,,,0,70,,14041,,,0,100,,14045,,,0,93,,14046,,,0,108,,14047,,,0
5200,'4954',724,,14070,,,0,32,,14052,,,0,81,,14055,,,0,72,,14069,,,0,32,,14063,,,0,72,,14050,,,0,31,,14054,,,0,72,,14065,,,0,31,,14059,,,0,72,,14049,,,0,33,,14053,,,0,70,,14068,,,0,31,,14061,,,0,78,,14048,,,0,70,,14057,,,0,34,,14067,,,0,74,,14060,,,0,33,,14051,,,0,68,,14056,,,0,30,,14066,,,0,68,,14062,,,0,30,,14064,,,0,68,,14058,,,0,29,,14072,,,0,79,,14071,,,0,99,,14073,,,0,98,,14075,,,0,106,,14074,,,0
6100,'4744',546,,15857,,,0,78,,15855,,,0,14,,15858,,,0,20,,15859,,,0,63,,15861,,,0,19,,15865,,,0,18,,15872,,,0,68,,15874,,,0
6100,'4947',546,,15915,,,0,78,,15913,,,0,14,,15916,,,0,20,,15917,,,0,63,,15919,,,0,19,,15923,,,0,18,,15930,,,0,68,,15932,,,0
6100,'4952',546,,15952,,,0,78,,15950,,,0,14,,15953,,,0,20,,15954,,,0,63,,15956,,,0,19,,15960,,,0,18,,15967,,,0,68,,15969,,,0
