5300,'4487',1329,,14354,0,25 40,0,210,,14350,0,25 40,0,210,,14348,0,25 40,0,204,,14349,0,25 40,0
5300,'4744',1324,,14368,0,25 40,0,188,,14370,0,25 40,0,106,,14367,0,25 40,0,129,,14369,0,25 40,0,167,,14371,0,25 40,0,130,,14372,0,25 40,0
5300,'4745',1329,,14377,0,25 40,0,210,,14375,0,25 40,0,210,,14379,0,25 40,0,205,,14378,0,25 40,0
5300,'4947',1324,,14386,0,25 40,0,188,,14388,0,25 40,0,106,,14385,0,25 40,0,129,,14387,0,25 40,0,167,,14389,0,25 40,0,130,,14390,0,25 40,0
5300,'4952',1324,,14397,0,25 40,0,188,,14399,0,25 40,0,106,,14396,0,25 40,0,129,,14398,0,25 40,0,167,,14400,0,25 40,0,130,,14401,0,25 40,0
5300,'4953',1329,,14408,0,25 40,0,210,,14404,0,25 40,0,210,,14402,0,25 40,0,204,,14403,0,25 40,0
5300,'4954',1329,,14413,0,25 40,0,210,,14411,0,25 40,0,210,,14415,0,25 40,0,205,,14414,0,25 40,0
5301,'4487',802,,14421,,,0,200,,14422,,,0,214,,14420,,,0
5301,'4744',814,,14432,,,0,114,,14430,,,0,200,,14431,,,0
5301,'4745',802,,14443,,,0,200,,14440,,,0,213,,14441,,,0
5301,'4947',814,,14449,,,0,114,,14447,,,0,200,,14448,,,0
5301,'4952',814,,14459,,,0,114,,14457,,,0,200,,14458,,,0
5301,'4953',802,,14472,,,0,200,,14473,,,0,214,,14471,,,0
5301,'4954',802,,14477,,,0,200,,14474,,,0,213,,14475,,,0
5701,'4487',635,,14882,,,0,108,,14872,,,0,99,,14883,,,0,105,,14886,,,0,103,,14884,,,0,105,,14885,,,0,150,,14871,,,0,100,,14877,,,0,110,,14881,,,0,101,,14878,,,0,109,,14873,,,0,89,,14875,,,0,113,,14879,,,0,99,,14880,,,0,99,,14876,,,0,113,,14874,,,0
5701,'4744',610,,14903,,,0,90,,14907,,,0,44,,14912,,,0,81,,14924,,,0,9,,14905,,,0,83,,14906,,,0,85,,14904,,,0,46,,14908,,,0,85,,14909,,,0,85,,14910,,,0,86,,14911,,,0,45,,14913,,,0,91,,14914,,,0,99,,14923,,,0,73,,14915,,,0,42,,14916,,,0,86,,14917,,,0,83,,14919,,,0,90,,14918,,,0,99,,14920,,,0,114,,14921,,,0,110,,14922,,,0
5701,'4745',743,,14928,,,0,99,,14925,,,0,105,,14927,,,0,100,,14926,,,0,107,,14929,,,0,150,,14932,,,0,100,,14930,,,0,110,,14933,,,0,100,,14931,,,0,109,,14937,,,0,90,,14939,,,0,114,,14938,,,0,100,,14936,,,0,98,,14935,,,0,85,,14934,,,0
5701,'4947',610,,14940,,,0,90,,14944,,,0,44,,14949,,,0,81,,14961,,,0,9,,14942,,,0,83,,14943,,,0,85,,14941,,,0,46,,14945,,,0,85,,14946,,,0,85,,14947,,,0,86,,14948,,,0,45,,14950,,,0,91,,14951,,,0,99,,14960,,,0,73,,14952,,,0,42,,14953,,,0,86,,14954,,,0,83,,14956,,,0,90,,14955,,,0,99,,14957,,,0,114,,14958,,,0,110,,14959,,,0
5701,'4952',610,,14962,,,0,90,,14966,,,0,44,,14971,,,0,81,,14983,,,0,9,,14964,,,0,83,,14965,,,0,85,,14963,,,0,46,,14967,,,0,85,,14968,,,0,85,,14969,,,0,86,,14970,,,0,45,,14972,,,0,91,,14973,,,0,99,,14982,,,0,73,,14974,,,0,42,,14975,,,0,86,,14976,,,0,83,,14978,,,0,90,,14977,,,0,99,,14979,,,0,114,,14980,,,0,110,,14981,,,0
5701,'4953',635,,14995,,,0,108,,14985,,,0,99,,14996,,,0,105,,14999,,,0,103,,14997,,,0,105,,14998,,,0,150,,14984,,,0,100,,14990,,,0,110,,14994,,,0,101,,14991,,,0,109,,14986,,,0,89,,14988,,,0,113,,14992,,,0,99,,14993,,,0,99,,14989,,,0,113,,14987,,,0
5701,'4954',743,,15003,,,0,99,,15000,,,0,105,,15002,,,0,100,,15001,,,0,107,,15004,,,0,150,,15007,,,0,100,,15005,,,0,110,,15008,,,0,100,,15006,,,0,109,,15012,,,0,90,,15014,,,0,114,,15013,,,0,100,,15011,,,0,98,,15010,,,0,85,,15009,,,0
