4701,'4744',1659,,13646,,,0,70,,13647,,,0,26,,13648,,,0
4701,'4870',1659,,13649,,,0,70,,13650,,,0,26,,13651,,,0
4701,'4875',1659,,13652,,,0,70,,13653,,,0,26,,13654,,,0
4900,'4487',819,,13678,,,0,210,,13679,,,0,201,,13674,,,0,210,,13675,,,0,210,,13676,,,0,194,,13677,,,0,268,,13673,,,0
4900,'4743',819,,13685,,,0,210,,13686,,,0,201,,13681,,,0,210,,13682,,,0,210,,13683,,,0,194,,13684,,,0,268,,13680,,,0
4900,'4744',721,,13689,,,0,100,,13691,,,0,133,,13688,,,0,200,,13690,,,0,166,,13692,,,0,181,,13693,,,0,106,,13694,,,0,95,,13687,,,0,107,,13695,,,0,195,,13696,,,0,209,,13697,,,0
4900,'4745',819,,13699,,,0,210,,13698,,,0,200,,13700,,,0,210,,13701,,,0,210,,13703,,,0,195,,13704,,,0,268,,13702,,,0
4900,'4870',721,,13707,,,0,100,,13709,,,0,133,,13706,,,0,200,,13708,,,0,166,,13710,,,0,181,,13711,,,0,106,,13712,,,0,95,,13705,,,0,107,,13713,,,0,195,,13714,,,0,209,,13715,,,0
4900,'4875',721,,13718,,,0,100,,13720,,,0,133,,13717,,,0,200,,13719,,,0,166,,13721,,,0,181,,13722,,,0,106,,13723,,,0,95,,13716,,,0,107,,13724,,,0,195,,13725,,,0,209,,13726,,,0
4900,'4876',819,,13732,,,0,210,,13733,,,0,201,,13728,,,0,210,,13729,,,0,210,,13730,,,0,194,,13731,,,0,268,,13727,,,0
4900,'4877',819,,13735,,,0,210,,13734,,,0,200,,13736,,,0,210,,13737,,,0,210,,13739,,,0,195,,13740,,,0,268,,13738,,,0
