3801,'4623',653,,72340,23,,,0,70,,72344,23,,,0,28,,72342,23,,,0,70,,72343,23,,,0,30,,72341,23,,,0,84,,72348,23,,,0,94,,72345,23,,,0,97,,72346,23,,,0,102,,72347,23,,,0,104,,72349,23,,,0,100,,72350,23,,,0,106,,72356,23,,,0,93,,72353,23,,,0,72,,72359,23,,,0,25,,72351,23,,,0,24,,72352,23,,,0,66,,72357,23,,,0,28,,72354,23,,,0,77,,72360,23,,,0,100,,72355,23,,,0,104,,72358,23,,,0
3801,'5222',653,,72361,23,,,0,70,,72365,23,,,0,28,,72363,23,,,0,70,,72364,23,,,0,30,,72362,23,,,0,84,,72369,23,,,0,94,,72366,23,,,0,97,,72367,23,,,0,102,,72368,23,,,0,104,,72370,23,,,0,100,,72371,23,,,0,106,,72377,23,,,0,93,,72374,23,,,0,72,,72380,23,,,0,25,,72372,23,,,0,24,,72373,23,,,0,66,,72378,23,,,0,28,,72375,23,,,0,77,,72381,23,,,0,100,,72376,23,,,0,104,,72379,23,,,0
4601,'4623',711,,72822,21,,,0,108,,72812,21,,,0,126,,72814,21,,,0,94,,72813,21,,,0,382,,72815,21,,,0,124,,72817,21,,,0,74,,72816,21,,,0,37,,72820,21,,,0,83,,72818,21,,,0,64,,72819,21,,,0,47,,72821,21,,,0
4601,'5222',711,,72833,21,,,0,108,,72823,21,,,0,126,,72825,21,,,0,94,,72824,21,,,0,382,,72826,21,,,0,124,,72828,21,,,0,74,,72827,21,,,0,37,,72831,21,,,0,83,,72829,21,,,0,64,,72830,21,,,0,47,,72832,21,,,0
4801,'4623',1656,,72852,20,,,0,63,,72854,20,,,0,28,,72853,20,,,0
4801,'5222',1656,,72855,20,,,0,63,,72857,20,,,0,28,,72856,20,,,0
5201,'4623',500,,73154,2,,,0,35,,73163,2,,,0,76,,73174,2,,,0,38,,73155,2,,,0,68,,73148,2,,,0,25,,73164,2,,,0,72,,73149,2,,,0,24,,73175,2,,,0,75,,73158,2,,,0,35,,73165,2,,,0,70,,73150,2,,,0,30,,73177,2,,,0,67,,73157,2,,,0,35,,73167,2,,,0,74,,73151,2,,,0,30,,73176,2,,,0,70,,73156,2,,,0,30,,73166,2,,,0,69,,73168,2,,,0,29,,73152,2,,,0,66,,73178,2,,,0,33,,73159,2,,,0,78,,73169,2,,,0,25,,73170,2,,,0,65,,73153,2,,,0,23,,73179,2,,,0,70,,73160,2,,,0,30,,73172,2,,,0,70,,73171,2,,,0,33,,73180,2,,,0,69,,73161,2,,,0,28,,73173,2,,,0,68,,73162,2,0,38 3 39 49,0,34,,73181,2,,,0,98,,73182,2,,,0,99,,73183,2,,,0
5201,'4833',641,,73193,2,,,0,70,,73203,2,,,0,30,,73201,2,,,0,71,,73184,2,,,0,30,,73191,2,,,0,70,,73210,2,,,0,30,,73188,2,,,0,70,,73185,2,,,0,30,,73192,2,,,0,70,,73211,2,,,0,30,,73189,2,,,0,70,,73186,2,,,0,35,,73195,2,,,0,70,,73213,2,,,0,35,,73190,2,,,0,75,,73200,2,,,0,75,,73194,2,,,0,30,,73212,2,,,0,70,,73187,2,,,0,30,,73198,2,,,0,25,,73206,2,,,0,65,,73197,2,,,0,25,,73202,2,,,0,65,,73199,2,,,0,30,,73196,2,,,0,70,,73209,2,,,0,32,,73204,2,,,0,70,,73208,2,,,0,30,,73205,2,,,0,65,,73207,2,0,38 3 39 49,0,30,,73214,2,,,0,103,,73215,2,,,0,100,,73216,2,,,0
5201,'5015',641,,73226,2,,,0,70,,73236,2,,,0,30,,73234,2,,,0,71,,73217,2,,,0,30,,73224,2,,,0,70,,73243,2,,,0,30,,73221,2,,,0,70,,73218,2,,,0,30,,73225,2,,,0,70,,73244,2,,,0,30,,73222,2,,,0,70,,73219,2,,,0,35,,73228,2,,,0,70,,73246,2,,,0,35,,73223,2,,,0,75,,73233,2,,,0,75,,73227,2,,,0,30,,73245,2,,,0,70,,73220,2,,,0,30,,73231,2,,,0,25,,73239,2,,,0,65,,73230,2,,,0,25,,73235,2,,,0,65,,73232,2,,,0,30,,73229,2,,,0,70,,73242,2,,,0,32,,73237,2,,,0,70,,73241,2,,,0,30,,73238,2,,,0,65,,73240,2,0,38 3 39 49,0,30,,73247,2,,,0,103,,73248,2,,,0,100,,73249,2,,,0
5201,'5222',500,,73256,2,,,0,35,,73265,2,,,0,76,,73276,2,,,0,38,,73257,2,,,0,68,,73250,2,,,0,25,,73266,2,,,0,72,,73251,2,,,0,24,,73277,2,,,0,75,,73260,2,,,0,35,,73267,2,,,0,70,,73252,2,,,0,30,,73279,2,,,0,67,,73259,2,,,0,35,,73269,2,,,0,74,,73253,2,,,0,30,,73278,2,,,0,70,,73258,2,,,0,30,,73268,2,,,0,69,,73270,2,,,0,29,,73254,2,,,0,66,,73280,2,,,0,33,,73261,2,,,0,78,,73271,2,,,0,25,,73272,2,,,0,65,,73255,2,,,0,23,,73281,2,,,0,70,,73262,2,,,0,30,,73274,2,,,0,70,,73273,2,,,0,33,,73282,2,,,0,69,,73263,2,,,0,28,,73275,2,,,0,68,,73264,2,0,38 3 39 49,0,34,,73283,2,,,0,98,,73284,2,,,0,99,,73285,2,,,0
5201,'5365',711,,73291,2,,,0,30,,73307,2,,,0,70,,73299,2,,,0,31,,73287,2,,,0,70,,73294,2,,,0,30,,73301,2,,,0,70,,73296,2,,,0,30,,73288,2,,,0,70,,73293,2,,,0,30,,73302,2,,,0,70,,73298,2,,,0,35,,73286,2,,,0,70,,73292,2,,,0,35,,73305,2,,,0,75,,73297,2,,,0,75,,73312,2,,,0,30,,73290,2,,,0,70,,73304,2,,,0,30,,73295,2,,,0,70,,73300,2,,,0,30,,73289,2,,,0,70,,73303,2,,,0,40,,73306,2,,,0,100,,73308,2,,,0,100,,73309,2,,,0,100,,73310,2,,,0,100,,73311,2,,,0
5201,'5390',711,,73318,2,,,0,30,,73334,2,,,0,70,,73326,2,,,0,31,,73314,2,,,0,70,,73321,2,,,0,30,,73328,2,,,0,70,,73323,2,,,0,30,,73315,2,,,0,70,,73320,2,,,0,30,,73329,2,,,0,70,,73325,2,,,0,35,,73313,2,,,0,70,,73319,2,,,0,35,,73332,2,,,0,75,,73324,2,,,0,75,,73339,2,,,0,30,,73317,2,,,0,70,,73331,2,,,0,30,,73322,2,,,0,70,,73327,2,,,0,30,,73316,2,,,0,70,,73330,2,,,0,40,,73333,2,,,0,100,,73335,2,,,0,100,,73336,2,,,0,100,,73337,2,,,0,100,,73338,2,,,0
6101,'4623',1542,,74595,20,,,0,76,,74581,20,,,0,34,,74564,20,,,0,63,,74566,20,,,0,12,,74563,20,,,0,22,,74569,20,,,0,76,,74568,20,,,0
6101,'5222',1542,,74687,20,,,0,76,,74674,20,,,0,34,,74657,20,,,0,63,,74659,20,,,0,12,,74656,20,,,0,22,,74662,20,,,0,76,,74661,20,,,0
9501,'4623',504,,76839,1,0,15,0,25,,76851,15,0,15,0,27,,76852,15,0,15,0,62,,76828,15,0,15,0,12,,76814,15,0,15,0,12,,76807,15,0,15,0,14,,76809,15,0,15,0,52,,76850,15,0,15,0,12,,76790,15,0,15,0,12,,76792,15,0,15,0,13,,76853,15,0,15,0,13,,76791,15,0,15,0,52,,76827,15,0,15,0,13,,76811,15,0,15,0,13,,76765,15,0,15,0,12,,76779,15,0,15,0,53,,76789,15,0,15,0,11,,76840,15,0,15,0,12,,76795,15,0,15,0,12,,76846,15,0,15,0,12,,76755,15,0,15,0,53,,76798,15,0,15,0,12,,76826,15,0,15,0,12,,76820,15,0,15,0,12,,76766,15,0,15,0,12,,76780,15,0,15,0,51,,76788,15,0,15,0,12,,76843,15,0,15,0,13,,76794,15,0,15,0,12,,76838,15,0,15,0,12,,76776,15,0,15,0,52,,76793,15,0,15,0,12,,76829,15,0,15,0,12,,76819,15,0,15,0,12,,76769,15,0,15,0,12,,76781,15,0,15,0,52,,76806,15,0,15,0,12,,76836,15,0,15,0,10,,76763,15,0,15,0,10,,76802,15,0,15,0,10,,76835,15,0,15,0,10,,76774,15,0,15,0,50,,76785,15,0,15,0,11,,76754,15,0,15,0,10,,76825,15,0,15,0,11,,76822,15,0,15,0,10,,76767,15,0,15,0,11,,76778,15,0,15,0,51,,76753,15,0,15,0,11,,76787,15,0,15,0,10,,76837,15,0,15,0,11,,76760,15,0,15,0,10,,76801,15,0,15,0,51,,76842,15,0,15,0,11,,76775,15,0,15,0,12,,76786,15,0,15,0,9,,76773,15,0,15,0,8,,76782,15,0,15,0,8,,76823,15,0,15,0,9,,76817,15,0,15,0,47,,76770,15,0,15,0,8,,76768,15,0,15,0,6,,76777,15,0,15,0,7,,76758,15,0,15,0,6,,76784,15,0,15,0,7,,76799,15,0,15,0,7,,76834,15,0,15,0,7,,76762,15,0,15,0,48,,76772,15,0,15,0,9,,76845,15,0,15,0,9,,76759,15,0,15,0,7,,76756,15,0,15,0,9,,76783,15,0,15,0,10,,76771,15,0,15,0,11,,76818,15,0,15,0,50,,76821,15,0,15,0,12,,76764,15,0,15,0,12,,76757,15,0,15,0,11,,76833,15,0,15,0,12,,76761,15,0,15,0,52,,76844,15,0,15,0,12,,76805,15,0,15,0,15,,76803,15,0,15,0,15,,76816,15,0,15,0,55,,76815,15,0,15,0,13,,76800,15,0,15,0,15,,76830,15,0,15,0,15,,76796,15,0,15,0,15,,76831,15,0,15,0,55,,76804,15,0,15,0,20,,76824,15,0,15,0,20,,76812,15,0,15,0,58,,76832,15,0,15,0,20,,76797,15,0,15,0,27,,76808,15,0,15,0,69,,76813,15,0,15,0,29,,76841,15,0,15,0,70,,76810,15,0,15,0,30,,76847,15,0,15,0,70,,76848,15,0,15,0,30,,76849,15,0,15,0
9501,'4833',628,,76855,15,0,15,0,77,,76856,15,0,15,0,20,,76857,15,0,15,0,19,,76858,15,0,15,0,60,,76859,15,0,15,0,15,,76860,15,0,15,0,15,,76854,15,0,15,0,15,,76861,15,0,15,0,56,,76862,15,0,15,0,15,,76863,15,0,15,0,16,,76864,15,0,15,0,15,,76865,15,0,15,0,56,,76866,15,0,15,0,15,,76867,15,0,15,0,15,,76868,15,0,15,0,15,,76869,15,0,15,0,56,,76870,15,0,15,0,15,,76871,15,0,15,0,15,,76872,15,0,15,0,16,,76873,15,0,15,0,55,,76874,15,0,15,0,15,,76875,15,0,15,0,14,,76876,15,0,15,0,13,,76877,15,0,15,0,52,,76878,15,0,15,0,12,,76879,15,0,15,0,13,,76880,15,0,15,0,12,,76881,15,0,15,0,12,,76882,15,0,15,0,52,,76883,15,0,15,0,12,,76884,15,0,15,0,12,,76885,15,0,15,0,13,,76886,15,0,15,0,13,,76887,15,0,15,0,52,,76888,15,0,15,0,12,,76889,15,0,15,0,12,,76890,15,0,15,0,13,,76891,15,0,15,0,12,,76892,15,0,15,0,52,,76893,15,0,15,0,11,,76894,15,0,15,0,12,,76895,15,0,15,0,12,,76896,15,0,15,0,11,,76897,15,0,15,0,51,,76898,15,0,15,0,12,,76899,15,0,15,0,12,,76900,15,0,15,0,12,,76901,15,0,15,0,12,,76902,15,0,15,0,52,,76903,15,0,15,0,12,,76904,15,0,15,0,12,,76905,15,0,15,0,12,,76906,15,0,15,0,12,,76907,15,0,15,0,52,,76908,15,0,15,0,12,,76909,15,0,15,0,15,,76910,15,0,15,0,15,,76911,15,0,15,0,55,,76912,15,0,15,0,14,,76913,15,0,15,0,15,,76914,15,0,15,0,15,,76915,15,0,15,0,55,,76916,15,0,15,0,15,,76917,15,0,15,0,14,,76918,15,0,15,0,15,,76919,15,0,15,0,15,,76920,15,0,15,0,55,,76921,15,0,15,0,20,,76922,15,0,15,0,20,,76923,15,0,15,0,60,,76924,15,0,15,0,20,,76925,15,0,15,0,66,,76926,15,0,15,0,28,,76927,15,0,15,0,30,,76928,15,0,15,0
9501,'5015',628,,76930,15,0,15,0,77,,76931,15,0,15,0,20,,76932,15,0,15,0,19,,76933,15,0,15,0,60,,76934,15,0,15,0,15,,76935,15,0,15,0,15,,76929,15,0,15,0,15,,76936,15,0,15,0,56,,76937,15,0,15,0,15,,76938,15,0,15,0,16,,76939,15,0,15,0,15,,76940,15,0,15,0,56,,76941,15,0,15,0,15,,76942,15,0,15,0,15,,76943,15,0,15,0,15,,76944,15,0,15,0,56,,76945,15,0,15,0,15,,76946,15,0,15,0,15,,76947,15,0,15,0,16,,76948,15,0,15,0,55,,76949,15,0,15,0,15,,76950,15,0,15,0,14,,76951,15,0,15,0,13,,76952,15,0,15,0,52,,76953,15,0,15,0,12,,76954,15,0,15,0,13,,76955,15,0,15,0,12,,76956,15,0,15,0,12,,76957,15,0,15,0,52,,76958,15,0,15,0,12,,76959,15,0,15,0,12,,76960,15,0,15,0,13,,76961,15,0,15,0,13,,76962,15,0,15,0,52,,76963,15,0,15,0,12,,76964,15,0,15,0,12,,76965,15,0,15,0,13,,76966,15,0,15,0,12,,76967,15,0,15,0,52,,76968,15,0,15,0,11,,76969,15,0,15,0,12,,76970,15,0,15,0,12,,76971,15,0,15,0,11,,76972,15,0,15,0,51,,76973,15,0,15,0,12,,76974,15,0,15,0,12,,76975,15,0,15,0,12,,76976,15,0,15,0,12,,76977,15,0,15,0,52,,76978,15,0,15,0,12,,76979,15,0,15,0,12,,76980,15,0,15,0,12,,76981,15,0,15,0,12,,76982,15,0,15,0,52,,76983,15,0,15,0,12,,76984,15,0,15,0,15,,76985,15,0,15,0,15,,76986,15,0,15,0,55,,76987,15,0,15,0,14,,76988,15,0,15,0,15,,76989,15,0,15,0,15,,76990,15,0,15,0,55,,76991,15,0,15,0,15,,76992,15,0,15,0,14,,76993,15,0,15,0,15,,76994,15,0,15,0,15,,76995,15,0,15,0,55,,76996,15,0,15,0,20,,76997,15,0,15,0,20,,76998,15,0,15,0,60,,76999,15,0,15,0,20,,77000,15,0,15,0,66,,77001,15,0,15,0,28,,77002,15,0,15,0,30,,77003,15,0,15,0,70,,77004,15,0,15,0,29,,77005,15,0,15,0,70,,77006,15,0,15,0,30,,77007,15,0,15,0
9501,'5222',504,,77093,1,0,15,0,25,,77102,15,0,15,0,27,,77103,15,0,15,0,62,,77082,15,0,15,0,12,,77068,15,0,15,0,12,,77062,15,0,15,0,14,,77064,15,0,15,0,52,,77101,15,0,15,0,12,,77045,15,0,15,0,12,,77047,15,0,15,0,13,,77104,15,0,15,0,13,,77046,15,0,15,0,52,,77081,15,0,15,0,13,,77065,15,0,15,0,13,,77020,15,0,15,0,12,,77034,15,0,15,0,53,,77044,15,0,15,0,11,,77094,15,0,15,0,12,,77050,15,0,15,0,12,,77100,15,0,15,0,12,,77010,15,0,15,0,53,,77053,15,0,15,0,12,,77080,15,0,15,0,12,,77074,15,0,15,0,12,,77021,15,0,15,0,12,,77035,15,0,15,0,51,,77043,15,0,15,0,12,,77097,15,0,15,0,13,,77049,15,0,15,0,12,,77092,15,0,15,0,12,,77031,15,0,15,0,52,,77048,15,0,15,0,12,,77083,15,0,15,0,12,,77073,15,0,15,0,12,,77024,15,0,15,0,12,,77036,15,0,15,0,52,,77061,15,0,15,0,12,,77090,15,0,15,0,10,,77018,15,0,15,0,10,,77057,15,0,15,0,10,,77089,15,0,15,0,10,,77029,15,0,15,0,50,,77040,15,0,15,0,11,,77009,15,0,15,0,10,,77079,15,0,15,0,11,,77076,15,0,15,0,10,,77022,15,0,15,0,11,,77033,15,0,15,0,51,,77008,15,0,15,0,11,,77042,15,0,15,0,10,,77091,15,0,15,0,11,,77015,15,0,15,0,10,,77056,15,0,15,0,51,,77096,15,0,15,0,11,,77030,15,0,15,0,12,,77041,15,0,15,0,9,,77028,15,0,15,0,8,,77037,15,0,15,0,8,,77077,15,0,15,0,9,,77071,15,0,15,0,47,,77025,15,0,15,0,8,,77023,15,0,15,0,6,,77032,15,0,15,0,7,,77013,15,0,15,0,6,,77039,15,0,15,0,7,,77054,15,0,15,0,7,,77088,15,0,15,0,7,,77017,15,0,15,0,48,,77027,15,0,15,0,9,,77099,15,0,15,0,9,,77014,15,0,15,0,7,,77011,15,0,15,0,9,,77038,15,0,15,0,10,,77026,15,0,15,0,11,,77072,15,0,15,0,50,,77075,15,0,15,0,12,,77019,15,0,15,0,12,,77012,15,0,15,0,11,,77087,15,0,15,0,12,,77016,15,0,15,0,52,,77098,15,0,15,0,12,,77060,15,0,15,0,15,,77058,15,0,15,0,15,,77070,15,0,15,0,55,,77069,15,0,15,0,13,,77055,15,0,15,0,15,,77084,15,0,15,0,15,,77051,15,0,15,0,15,,77085,15,0,15,0,55,,77059,15,0,15,0,20,,77078,15,0,15,0,20,,77066,15,0,15,0,58,,77086,15,0,15,0,20,,77052,15,0,15,0,27,,77063,15,0,15,0,69,,77067,15,0,15,0,29,,77095,15,0,15,0
9501,'5365',711,,77105,15,0,15,0,30,,77106,15,0,15,0,59,,77107,15,0,15,0,20,,77108,15,0,15,0,20,,77109,15,0,15,0,15,,77110,15,0,15,0,55,,77111,15,0,15,0,16,,77112,15,0,15,0,15,,77113,15,0,15,0,16,,77114,15,0,15,0,55,,77115,15,0,15,0,15,,77116,15,0,15,0,16,,77121,15,0,15,0,15,,77117,15,0,15,0,55,,77118,15,0,15,0,15,,77119,15,0,15,0,15,,77122,15,0,15,0,16,,77123,15,0,15,0,55,,77120,15,0,15,0,15,,77124,15,0,15,0,15,,77125,15,0,15,0,15,,77126,15,0,15,0,55,,77127,15,0,15,0,15,,77128,15,0,15,0,15,,77129,15,0,15,0,56,,77130,15,0,15,0,15,,77131,15,0,15,0,15,,77132,15,0,15,0,15,,77133,15,0,15,0,55,,77134,15,0,15,0,15,,77135,15,0,15,0,15,,77136,15,0,15,0,15,,77137,15,0,15,0,56,,77138,15,0,15,0,13,,77139,15,0,15,0,12,,77140,15,0,15,0,11,,77141,15,0,15,0,13,,77142,15,0,15,0,52,,77143,15,0,15,0,12,,77144,15,0,15,0,13,,77145,15,0,15,0,12,,77146,15,0,15,0,12,,77147,15,0,15,0,52,,77148,15,0,15,0,14,,77149,15,0,15,0,15,,77150,15,0,15,0,14,,77151,15,0,15,0,55,,77152,15,0,15,0,14,,77153,15,0,15,0,15,,77154,15,0,15,0,15,,77155,15,0,15,0,55,,77156,15,0,15,0,15,,77157,15,0,15,0,15,,77158,15,0,15,0,13,,77159,15,0,15,0,15,,77160,15,0,15,0,55,,77161,15,0,15,0,15,,77162,15,0,15,0,15,,77163,15,0,15,0,15,,77164,15,0,15,0,55,,77166,15,0,15,0,20,,77165,15,0,15,0,20,,77167,15,0,15,0,58,,77168,15,0,15,0,20,,77169,15,0,15,0,72,,77170,15,0,15,0,30,,77171,15,0,15,0
9501,'5390',711,,77172,15,0,15,0,30,,77173,15,0,15,0,59,,77174,15,0,15,0,20,,77175,15,0,15,0,20,,77176,15,0,15,0,15,,77177,15,0,15,0,55,,77178,15,0,15,0,16,,77179,15,0,15,0,15,,77180,15,0,15,0,16,,77181,15,0,15,0,55,,77182,15,0,15,0,15,,77183,15,0,15,0,16,,77188,15,0,15,0,15,,77184,15,0,15,0,55,,77185,15,0,15,0,15,,77186,15,0,15,0,15,,77189,15,0,15,0,16,,77190,15,0,15,0,55,,77187,15,0,15,0,15,,77191,15,0,15,0,15,,77192,15,0,15,0,15,,77193,15,0,15,0,55,,77194,15,0,15,0,15,,77195,15,0,15,0,15,,77196,15,0,15,0,56,,77197,15,0,15,0,15,,77198,15,0,15,0,15,,77199,15,0,15,0,15,,77200,15,0,15,0,55,,77201,15,0,15,0,15,,77202,15,0,15,0,15,,77203,15,0,15,0,15,,77204,15,0,15,0,56,,77205,15,0,15,0,13,,77206,15,0,15,0,12,,77207,15,0,15,0,11,,77208,15,0,15,0,13,,77209,15,0,15,0,52,,77210,15,0,15,0,12,,77211,15,0,15,0,13,,77212,15,0,15,0,12,,77213,15,0,15,0,12,,77214,15,0,15,0,52,,77215,15,0,15,0,14,,77216,15,0,15,0,15,,77217,15,0,15,0,14,,77218,15,0,15,0,55,,77219,15,0,15,0,14,,77220,15,0,15,0,15,,77221,15,0,15,0,15,,77222,15,0,15,0,55,,77223,15,0,15,0,15,,77224,15,0,15,0,15,,77225,15,0,15,0,13,,77226,15,0,15,0,15,,77227,15,0,15,0,55,,77228,15,0,15,0,15,,77229,15,0,15,0,15,,77230,15,0,15,0,15,,77231,15,0,15,0,55,,77233,15,0,15,0,20,,77232,15,0,15,0,20,,77234,15,0,15,0,58,,77235,15,0,15,0,20,,77236,15,0,15,0,72,,77237,15,0,15,0,30,,77238,15,0,15,0
24005101,'4623',756,,77788,16,,,0,71,,77787,16,,,0,723,,77786,16,,,0,65,,77785,16,,,0,36,,77784,16,,,0,67,,77790,16,,,0,22,,77789,16,,,0,65,,77783,16,,,0
24005101,'5222',756,,77796,16,,,0,71,,77795,16,,,0,723,,77794,16,,,0,65,,77793,16,,,0,36,,77792,16,,,0,67,,77798,16,,,0,22,,77797,16,,,0,65,,77791,16,,,0
