301,'4487',740,,739,,,0,68,,740,,,0,34,,737,,,0,68,,748,,,0,34,,741,,,0,68,,736,,,0,34,,747,,,0,68,,738,,,0,32,,735,,,0,68,,745,,,0,32,,744,,,0,69,,742,,,0,32,,746,,,0,69,,749,,,0,33,,743,,,0,72,,750,,,0,33,,751,,,0,77,,754,,,0,27,,753,,,0,72,,755,,,0,71,,752,,,0,32,,756,,,0,67,,759,,,0,26,,760,,,0,32,,758,,,0,67,,757,,,0,32,,762,,,0,67,,761,,,0
301,'4744',623,,819,,,0,79,,817,,,0,35,,816,,,0,84,,818,,,0,80,,815,,,0,35,,808,,,0,73,,807,,,0,31,,806,,,0,73,,809,,,0,28,,804,,,0,73,,805,,,0,30,,811,,,0,77,,803,,,0,28,,802,,,0,70,,810,,,0,37,,801,,,0,72,,800,,,0,76,,812,,,0,33,,799,,,0,75,,798,,,0,31,,814,,,0,70,,797,,,0,33,,796,,,0,64,,813,,,0,26,,795,,,0,72,,794,,,0,23,,792,,,0,25,,793,,,0,69,,791,,,0
301,'4745',756,,843,,,0,85,,840,,,0,82,,842,,,0,83,,839,,,0,38,,841,,,0,78,,832,,,0,23,,837,,,0,68,,836,,,0,33,,833,,,0,68,,838,,,0,33,,835,,,0,68,,821,,,0,32,,820,,,0,75,,824,,,0,30,,822,,,0,73,,831,,,0,32,,826,,,0,67,,827,,,0,30,,828,,,0,68,,825,,,0,31,,823,,,0,68,,830,,,0,31,,829,,,0,71,,834,,,0
301,'4947',623,,872,,,0,79,,870,,,0,35,,869,,,0,84,,871,,,0,80,,868,,,0,35,,861,,,0,73,,860,,,0,31,,859,,,0,73,,862,,,0,28,,857,,,0,73,,858,,,0,30,,864,,,0,77,,856,,,0,28,,855,,,0,70,,863,,,0,37,,854,,,0,72,,853,,,0,76,,865,,,0,33,,852,,,0,75,,851,,,0,31,,867,,,0,70,,850,,,0,33,,849,,,0,64,,866,,,0,26,,848,,,0,72,,847,,,0,23,,845,,,0,25,,846,,,0,69,,844,,,0
301,'4952',623,,901,,,0,79,,899,,,0,35,,898,,,0,84,,900,,,0,80,,897,,,0,35,,890,,,0,73,,889,,,0,31,,888,,,0,73,,891,,,0,28,,886,,,0,73,,887,,,0,30,,893,,,0,77,,885,,,0,28,,884,,,0,70,,892,,,0,37,,883,,,0,72,,882,,,0,76,,894,,,0,33,,881,,,0,75,,880,,,0,31,,896,,,0,70,,879,,,0,33,,878,,,0,64,,895,,,0,26,,877,,,0,72,,876,,,0,23,,874,,,0,25,,875,,,0,69,,873,,,0
301,'4953',740,,906,,,0,68,,907,,,0,34,,904,,,0,68,,915,,,0,34,,908,,,0,68,,903,,,0,34,,914,,,0,68,,905,,,0,32,,902,,,0,68,,912,,,0,32,,911,,,0,69,,909,,,0,32,,913,,,0,69,,916,,,0,33,,910,,,0,72,,917,,,0,33,,918,,,0,77,,921,,,0,27,,920,,,0,72,,922,,,0,71,,919,,,0,32,,923,,,0,67,,926,,,0,26,,927,,,0,32,,925,,,0,67,,924,,,0,32,,929,,,0,67,,928,,,0
301,'4954',756,,953,,,0,85,,950,,,0,82,,952,,,0,83,,949,,,0,38,,951,,,0,78,,942,,,0,23,,947,,,0,68,,946,,,0,33,,943,,,0,68,,948,,,0,33,,945,,,0,68,,931,,,0,32,,930,,,0,75,,934,,,0,30,,932,,,0,73,,941,,,0,32,,936,,,0,67,,937,,,0,30,,938,,,0,68,,935,,,0,31,,933,,,0,68,,940,,,0,31,,939,,,0,71,,944,,,0
801,'4487',723,,3898,0,8 9,0,85,,3899,0,8 9,0,45,,3900,0,8 9,0,86,,3901,0,8 9,0,85,,3902,0,8 9,0,91,,3903,0,8 9,0,88,,3904,0,8 9,0,51,,3905,0,8 9,0,92,,3897,0,8 9,0,90,,3906,0,8 9,0,92,,3907,0,8 9,0,90,,3908,0,8 9,0,91,,3909,0,8 9,0,46,,3910,0,8 9,0,84,,3911,0,8 9,0
801,'4744',646,,3928,,,0,58,,3929,,,0,18,,3930,,,0,24,,3931,,,0,65,,3932,,,0,35,,3933,,,0,86,,3927,,,0,84,,3934,,,0,32,,3950,,,0,82,,3935,,,0,84,,3936,,,0,39,,3937,,,0,85,,3938,,,0,88,,3939,,,0,26,,3940,0,8 9,0,57,,3941,,,0,32,,3951,,,0,74,,3942,,,0,37,,3943,,,0,83,,3944,,,0,71,,3952,,,0,32,,3945,,,0,74,,3946,,,0,47,,3947,,,0,97,,3948,,,0,85,,3949,,,0
801,'4745',939,,3954,0,8 9,0,85,,3955,0,8 9,0,90,,3956,0,8 9,0,88,,3957,0,8 9,0,50,,3953,0,8 9,0,92,,3958,0,8 9,0,91,,3959,0,8 9,0,92,,3960,0,8 9,0,90,,3961,0,8 9,0,91,,3962,0,8 9,0,47,,3963,0,8 9,0
801,'4947',646,,3965,,,0,58,,3966,,,0,18,,3967,,,0,24,,3968,,,0,65,,3969,,,0,35,,3970,,,0,86,,3964,,,0,84,,3971,,,0,32,,3987,,,0,82,,3972,,,0,84,,3973,,,0,39,,3974,,,0,85,,3975,,,0,88,,3976,,,0,26,,3977,0,8 9,0,57,,3978,,,0,32,,3988,,,0,74,,3979,,,0,37,,3980,,,0,83,,3981,,,0,71,,3989,,,0,32,,3982,,,0,74,,3983,,,0,47,,3984,,,0,97,,3985,,,0,85,,3986,,,0
801,'4952',646,,3991,,,0,58,,3992,,,0,18,,3993,,,0,24,,3994,,,0,65,,3995,,,0,35,,3996,,,0,86,,3990,,,0,84,,3997,,,0,32,,4013,,,0,82,,3998,,,0,84,,3999,,,0,39,,4000,,,0,85,,4001,,,0,88,,4002,,,0,26,,4003,0,8 9,0,57,,4004,,,0,32,,4014,,,0,74,,4005,,,0,37,,4006,,,0,83,,4007,,,0,71,,4015,,,0,32,,4008,,,0,74,,4009,,,0,47,,4010,,,0,97,,4011,,,0,85,,4012,,,0
801,'4953',723,,4017,0,8 9,0,85,,4018,0,8 9,0,45,,4019,0,8 9,0,86,,4020,0,8 9,0,85,,4021,0,8 9,0,91,,4022,0,8 9,0,88,,4023,0,8 9,0,51,,4024,0,8 9,0,92,,4016,0,8 9,0,90,,4025,0,8 9,0,92,,4026,0,8 9,0,90,,4027,0,8 9,0,91,,4028,0,8 9,0,46,,4029,0,8 9,0,84,,4030,0,8 9,0
801,'4954',939,,4032,0,8 9,0,85,,4033,0,8 9,0,90,,4034,0,8 9,0,88,,4035,0,8 9,0,50,,4031,0,8 9,0,92,,4036,0,8 9,0,91,,4037,0,8 9,0,92,,4038,0,8 9,0,90,,4039,0,8 9,0,91,,4040,0,8 9,0,47,,4041,0,8 9,0
1001,'4487',702,,4213,,,0,100,,4210,,,0,100,,4209,,,0,99,,4211,,,0,102,,4214,,,0,110,,4215,,,0,95,,4212,,,0,100,,4216,,,0,100,,4217,,,0,105,,4219,,,0,101,,4218,,,0,104,,4220,,,0,99,,4222,,,0,100,,4221,,,0
1001,'4744',604,,4256,,,0,41,,4255,,,0,73,,4247,,,0,34,,4246,,,0,84,,4249,,,0,82,,4245,,,0,95,,4254,,,0,115,,4250,,,0,90,,4244,,,0,35,,4248,,,0,85,,4243,,,0,80,,4253,,,0,91,,4242,,,0,40,,4251,,,0,90,,4241,,,0,82,,4252,,,0,24,,4240,,,0,73,,4237,,,0,98,,4239,,,0,102,,4238,,,0
1001,'4745',702,,4264,,,0,100,,4265,,,0,99,,4267,,,0,102,,4266,,,0,100,,4270,,,0,110,,4269,,,0,94,,4263,,,0,101,,4260,,,0,100,,4257,,,0,100,,4262,,,0,105,,4261,,,0,104,,4258,,,0,100,,4259,,,0,100,,4268,0,25 26,0
1001,'4947',604,,4290,,,0,41,,4289,,,0,73,,4281,,,0,34,,4280,,,0,84,,4283,,,0,82,,4279,,,0,95,,4288,,,0,115,,4284,,,0,90,,4278,,,0,35,,4282,,,0,85,,4277,,,0,80,,4287,,,0,91,,4276,,,0,40,,4285,,,0,90,,4275,,,0,82,,4286,,,0,24,,4274,,,0,73,,4271,,,0,98,,4273,,,0,102,,4272,,,0
1001,'4952',604,,4310,,,0,41,,4309,,,0,73,,4301,,,0,34,,4300,,,0,84,,4303,,,0,82,,4299,,,0,95,,4308,,,0,115,,4304,,,0,90,,4298,,,0,35,,4302,,,0,85,,4297,,,0,80,,4307,,,0,91,,4296,,,0,40,,4305,,,0,90,,4295,,,0,82,,4306,,,0,24,,4294,,,0,73,,4291,,,0,98,,4293,,,0,102,,4292,,,0
1001,'4953',702,,4315,,,0,100,,4312,,,0,100,,4311,,,0,99,,4313,,,0,102,,4316,,,0,110,,4317,,,0,95,,4314,,,0,100,,4318,,,0,100,,4319,,,0,105,,4321,,,0,101,,4320,,,0,104,,4322,,,0,99,,4324,,,0,100,,4323,,,0
1001,'4954',702,,4332,,,0,100,,4333,,,0,99,,4335,,,0,102,,4334,,,0,100,,4338,,,0,110,,4337,,,0,94,,4331,,,0,101,,4328,,,0,100,,4325,,,0,100,,4330,,,0,105,,4329,,,0,104,,4326,,,0,100,,4327,,,0,100,,4336,0,25 26,0
1400,'4487',654,,5284,,,0,61,,5285,,,0,20,,5268,,,0,18,,5283,,,0,56,,5262,,,0,15,,5267,,,0,15,,5266,,,0,15,,5282,,,0,55,,5280,,,0,15,,5265,,,0,15,,5261,,,0,15,,5281,,,0,55,,5260,,,0,16,,5270,,,0,15,,5272,,,0,15,,5286,,,0,56,,5288,,,0,15,,5273,,,0,16,,5264,,,0,16,,5287,,,0,56,,5263,,,0,16,,5269,,,0,15,,5276,,,0,55,,5289,,,0,15,,5274,,,0,15,,5290,,,0,15,,5275,,,0,55,,5277,,,0,15,,5291,,,0,16,,5279,,,0,15,,5271,,,0,56,,5278,,,0,15,,5302,,,0,15,,5300,,,0,15,,5303,,,0,55,,5297,,,0,15,,5296,,,0,14,,5293,,,0,15,,5304,,,0,54,,5298,,,0,15,,5299,,,0,15,,5306,,,0,15,,5301,,,0,55,,5294,,,0,15,,5295,,,0,14,,5305,,,0,14,,5292,,,0,14,,5310,,,0,55,,5307,,,0,15,,5308,,,0,15,,5309,,,0,16,,5311,,,0,60,,5313,,,0,20,,5314,,,0,20,,5315,,,0,60,,5316,,,0,19,,5312,,,0,20,,5320,,,0,60,,5319,,,0,21,,5318,,,0,67,,5317,,,0,30,,5321,,,0,70,,5322,,,0,30,,5323,,,0
1400,'4744',616,,5388,,,0,20,,5396,,,0,18,,5408,,,0,56,,5389,,,0,14,,5418,,,0,7,,5451,,,0,6,,20754,,,0,9,,5450,,,0,8,,5470,,,0,46,,5444,,,0,6,,5426,,,0,6,,5400,,,0,8,,5440,,,0,5,,5390,,,0,7,,5441,,,0,5,,5409,,,0,7,,5399,,,0,3,,5393,,,0,5,,5468,,,0,5,,5459,,,0,46,,5427,,,0,7,,5460,,,0,6,,5401,,,0,6,,5443,,,0,6,,5391,,,0,7,,5461,,,0,6,,5410,,,0,11,,20753,,,0,53,,5445,,,0,12,,5442,,,0,13,,5402,,,0,13,,5395,,,0,13,,5411,,,0,53,,5392,,,0,13,,5425,,,0,13,,5398,,,0,14,,5406,,,0,53,,20755,,,0,13,,5449,,,0,13,,5448,,,0,13,,5407,,,0,13,,5467,,,0,53,,5404,,,0,13,,5416,,,0,13,,5403,,,0,13,,5429,,,0,13,,5417,,,0,54,,5415,,,0,12,,20756,,,0,14,,5446,,,0,11,,5447,,,0,54,,5414,,,0,19,,5413,,,0,8,,5471,,,0,8,,5428,,,0,16,,5424,,,0,56,,5422,,,0,15,,5423,,,0,15,,5421,,,0,16,,5469,,,0,55,,5419,,,0,15,,5431,,,0,15,,5420,,,0,17,,5463,,,0,55,,5437,,,0,14,,5432,,,0,15,,5434,,,0,16,,5433,,,0,54,,5435,,,0,14,,5436,,,0,15,,5430,,,0,15,,5438,,,0,57,,5439,,,0,19,,5456,,,0,20,,5455,,,0,60,,5452,,,0,20,,5457,,,0,20,,5453,,,0,59,,5454,,,0,21,,5458,,,0,70,,5464,,,0,30,,5462,,,0,70,,5465,,,0,29,,5466,,,0
1400,'4745',647,,5516,,,0,70,,5504,,,0,30,,5526,,,0,64,,5511,,,0,20,,5482,,,0,15,,5529,,,0,55,,5510,,,0,15,,5495,,,0,15,,5502,,,0,16,,5523,,,0,55,,5486,,,0,15,,5514,,,0,15,,5483,,,0,15,,5513,,,0,55,,5487,,,0,15,,5496,,,0,15,,5503,,,0,15,,5525,,,0,55,,5485,,,0,16,,5515,,,0,15,,5488,,,0,16,,5512,,,0,55,,5484,,,0,15,,5493,,,0,14,,5473,,,0,15,,5500,,,0,55,,5522,,,0,15,,5475,,,0,15,,5509,,,0,15,,5479,,,0,55,,5506,,,0,15,,5480,,,0,15,,5491,,,0,15,,5472,,,0,55,,5499,,,0,15,,5521,,,0,15,,5478,,,0,15,,5507,,,0,55,,5476,,,0,15,,5508,,,0,15,,5477,,,0,15,,5494,,,0,55,,5474,,,0,14,,5501,,,0,15,,5524,,,0,15,,5481,,,0,54,,5518,,,0,18,,5520,,,0,20,,5490,,,0,20,,5492,,,0,60,,5505,,,0,21,,5528,,,0,69,,5517,,,0,29,,5489,,,0,70,,5497,,,0,30,,5527,,,0,69,,5519,,,0,29,,5498,,,0
1400,'4947',616,,5530,,,0,20,,5538,,,0,18,,5549,,,0,56,,5531,,,0,14,,5559,,,0,7,,5592,,,0,6,,20758,,,0,9,,5591,,,0,8,,5611,,,0,46,,5585,,,0,6,,5567,,,0,6,,5542,,,0,8,,5581,,,0,5,,5532,,,0,7,,5582,,,0,5,,5550,,,0,7,,5541,,,0,3,,5535,,,0,5,,5609,,,0,5,,5600,,,0,46,,5568,,,0,7,,5601,,,0,6,,5543,,,0,6,,5584,,,0,6,,5533,,,0,7,,5602,,,0,6,,5551,,,0,11,,20757,,,0,53,,5586,,,0,12,,5583,,,0,13,,5544,,,0,13,,5537,,,0,13,,5552,,,0,53,,5534,,,0,13,,5566,,,0,13,,5540,,,0,14,,5547,,,0,53,,20759,,,0,13,,5590,,,0,13,,5589,,,0,13,,5548,,,0,13,,5608,,,0,66,,5557,,,0,13,,5545,,,0,13,,5570,,,0,13,,5558,,,0,54,,5556,,,0,12,,20760,,,0,14,,5587,,,0,11,,5588,,,0,54,,5555,,,0,19,,5554,,,0,8,,5612,,,0,8,,5569,,,0,16,,5565,,,0,56,,5563,,,0,15,,5564,,,0,15,,5562,,,0,16,,5610,,,0,55,,5560,,,0,15,,5572,,,0,15,,5561,,,0,17,,5604,,,0,55,,5578,,,0,14,,5573,,,0,15,,5575,,,0,16,,5574,,,0,54,,5576,,,0,14,,5577,,,0,15,,5571,,,0,15,,5579,,,0,57,,5580,,,0,19,,5597,,,0,20,,5596,,,0,60,,5593,,,0,20,,5598,,,0,20,,5594,,,0,59,,5595,,,0,21,,5599,,,0,70,,5605,,,0,30,,5603,,,0,70,,5606,,,0,29,,5607,,,0
1400,'4949',1307,,5614,,,0
1400,'4950',1307,,5613,,,0
1400,'4952',616,,5617,,,0,20,,5625,,,0,18,,5637,,,0,56,,5618,,,0,14,,5647,,,0,7,,5680,,,0,6,,20762,,,0,9,,5679,,,0,8,,5703,,,0,46,,5673,,,0,6,,5655,,,0,6,,5629,,,0,8,,5669,,,0,5,,5619,,,0,7,,5670,,,0,5,,5638,,,0,7,,5628,,,0,3,,5622,,,0,5,,5701,,,0,5,,5688,,,0,46,,5656,,,0,7,,5689,,,0,6,,5630,,,0,6,,5672,,,0,6,,5620,,,0,7,,5690,,,0,6,,5639,,,0,11,,20761,,,0,53,,5674,,,0,12,,5671,,,0,13,,5631,,,0,13,,5624,,,0,13,,5640,,,0,53,,5621,,,0,13,,5654,,,0,13,,5627,,,0,14,,5635,,,0,53,,20763,,,0,13,,5678,,,0,13,,5677,,,0,13,,5636,,,0,13,,5696,,,0,53,,5633,,,0,13,,5645,,,0,13,,5632,,,0,13,,5658,,,0,13,,5646,,,0,54,,5644,,,0,12,,20764,,,0,14,,5675,,,0,11,,5676,,,0,54,,5643,,,0,19,,5642,,,0,8,,5704,,,0,8,,5657,,,0,16,,5653,,,0,56,,5651,,,0,15,,5652,,,0,15,,5650,,,0,16,,5702,,,0,55,,5648,,,0,15,,5660,,,0,15,,5649,,,0,17,,5692,,,0,55,,5666,,,0,14,,5661,,,0,15,,5663,,,0,16,,5662,,,0,54,,5664,,,0,14,,5665,,,0,15,,5659,,,0,15,,5667,,,0,57,,5668,,,0,19,,5685,,,0,20,,5684,,,0,60,,5681,,,0,20,,5686,,,0,20,,5682,,,0,59,,5683,,,0,21,,5687,,,0,70,,5693,,,0,30,,5691,,,0,70,,5694,,,0,29,,5695,,,0,70,,5698,,,0,30,,5700,,,0,70,,5697,,,0,30,,5699,,,0
1400,'4953',654,,5731,,,0,61,,5732,,,0,20,,5715,,,0,18,,5730,,,0,56,,5709,,,0,15,,5714,,,0,15,,5713,,,0,15,,5729,,,0,55,,5727,,,0,15,,5712,,,0,15,,5708,,,0,15,,5728,,,0,55,,5707,,,0,16,,5717,,,0,15,,5719,,,0,15,,5733,,,0,56,,5735,,,0,15,,5720,,,0,16,,5711,,,0,16,,5734,,,0,56,,5710,,,0,16,,5716,,,0,15,,5723,,,0,55,,5736,,,0,15,,5721,,,0,15,,5737,,,0,15,,5722,,,0,55,,5724,,,0,15,,5738,,,0,16,,5726,,,0,15,,5718,,,0,56,,5725,,,0,15,,5749,,,0,15,,5747,,,0,15,,5750,,,0,55,,5744,,,0,15,,5743,,,0,14,,5740,,,0,15,,5751,,,0,54,,5745,,,0,15,,5746,,,0,15,,5753,,,0,15,,5748,,,0,55,,5741,,,0,15,,5742,,,0,14,,5752,,,0,14,,5739,,,0,14,,5757,,,0,55,,5754,,,0,15,,5755,,,0,15,,5756,,,0,16,,5758,,,0,60,,5760,,,0,20,,5761,,,0,20,,5762,,,0,60,,5763,,,0,19,,5759,,,0,20,,5767,,,0,60,,5766,,,0,21,,5765,,,0,67,,5764,,,0,30,,5768,,,0,70,,5769,,,0,30,,5770,,,0,70,,5771,,,0,29,,5772,,,0,68,,5773,,,0,30,,5774,,,0
1400,'4954',647,,5819,,,0,70,,5807,,,0,30,,5829,,,0,64,,5814,,,0,20,,5785,,,0,15,,5832,,,0,55,,5813,,,0,15,,5798,,,0,15,,5805,,,0,16,,5826,,,0,55,,5789,,,0,15,,5817,,,0,15,,5786,,,0,15,,5816,,,0,55,,5790,,,0,15,,5799,,,0,15,,5806,,,0,15,,5828,,,0,55,,5788,,,0,16,,5818,,,0,15,,5791,,,0,16,,5815,,,0,55,,5787,,,0,15,,5796,,,0,14,,5776,,,0,15,,5803,,,0,55,,5825,,,0,15,,5778,,,0,15,,5812,,,0,15,,5782,,,0,55,,5809,,,0,15,,5783,,,0,15,,5794,,,0,15,,5775,,,0,55,,5802,,,0,15,,5824,,,0,15,,5781,,,0,15,,5810,,,0,55,,5779,,,0,15,,5811,,,0,15,,5780,,,0,15,,5797,,,0,55,,5777,,,0,14,,5804,,,0,15,,5827,,,0,15,,5784,,,0,54,,5821,,,0,18,,5823,,,0,20,,5793,,,0,20,,5795,,,0,60,,5808,,,0,21,,5831,,,0,69,,5820,,,0,29,,5792,,,0,70,,5800,,,0,30,,5830,,,0,69,,5822,,,0,29,,5801,,,0
