2200,'5036',1240,,41296,66,,,0,70,,41288,66,,,0,31,,41304,66,,,0,70,,41282,66,,,0,105,,41299,66,,,0,31,,41293,66,,,0,77,,41306,66,,,0,100,,41294,66,,,0,94,,41290,66,,,0
2200,'5040',1240,,41325,66,,,0,70,,41317,66,,,0,31,,41333,66,,,0,70,,41311,66,,,0,105,,41328,66,,,0,31,,41322,66,,,0,77,,41335,66,,,0,100,,41323,66,,,0,94,,41319,66,,,0
2201,'5036',550,,41433,6,,,0,67,,41423,6,,,0,112,,41422,12,,,0,25,,41434,12,,,0,76,,41424,12,,,0,106,,41418,12,,,0,69,,41421,12,,,0,29,,41435,12,,,0,98,,41438,12,,,0
2201,'5040',550,,41457,6,,,0,67,,41447,6,,,0,112,,41446,12,,,0,25,,41458,12,,,0,76,,41448,12,,,0,106,,41442,12,,,0,69,,41445,12,,,0,29,,41459,12,,,0,98,,41462,12,,,0
3800,'5036',630,,44167,26,,,0,75,,44168,26,,,0,16,,44169,26,,,0,14,,44172,26,,,0,23,,44170,26,,,0,68,,44171,26,,,0,77,,44187,26,,,0,27,,44173,26,,,0,100,,44174,26,,,0,101,,44175,26,,,0,102,,44176,26,,,0,101,,44177,26,,,0,95,,44178,26,,,0,79,,44188,26,,,0,31,,44179,26,,,0,71,,44180,26,,,0,35,,44181,26,,,0,70,,44182,26,,,0,34,,44183,26,,,0,81,,44185,26,,,0,102,,44184,26,,,0,102,,44186,26,,,0
3800,'5040',630,,44189,26,,,0,75,,44190,26,,,0,16,,44191,26,,,0,14,,44194,26,,,0,23,,44192,26,,,0,68,,44193,26,,,0,77,,44209,26,,,0,27,,44195,26,,,0,100,,44196,26,,,0,101,,44197,26,,,0,102,,44198,26,,,0,101,,44199,26,,,0,95,,44200,26,,,0,79,,44210,26,,,0,31,,44201,26,,,0,71,,44202,26,,,0,35,,44203,26,,,0,70,,44204,26,,,0,34,,44205,26,,,0,81,,44207,26,,,0,102,,44206,26,,,0,102,,44208,26,,,0
5300,'5036',643,,45100,32,0,25 40,0,75,,45099,32,,,0,184,,45102,32,0,25 40,0,143,,45101,32,0,25 40,0,170,,45103,32,0,25 40,0,133,,45105,41,0,25 40,0,190,,45107,41,0,25 40,0,104,,45104,41,0,25 40,0,168,,45106,41,0,25 40,0,126,,45108,41,0,25 40,0,170,,45109,41,0,25 40,0
5300,'5040',643,,45111,32,0,25 40,0,75,,45110,32,,,0,184,,45113,32,0,25 40,0,143,,45112,32,0,25 40,0,170,,45114,32,0,25 40,0,133,,45116,41,0,25 40,0,190,,45118,41,0,25 40,0,104,,45115,41,0,25 40,0,168,,45117,41,0,25 40,0,126,,45119,41,0,25 40,0,170,,45120,41,0,25 40,0
5300,'5041',723,,45124,32,0,25 40,0,201,,45125,32,0,25 40,0,211,,45126,32,0,25 40,0,218,,45127,41,0,25 40,0,250,,45123,41,0,25 40,0,209,,45121,41,0,25 40,0,204,,45122,41,0,25 40,0
5300,'5078',722,,45131,32,0,25 40,0,203,,45128,32,0,25 40,0,209,,45129,32,0,25 40,0,217,,45132,41,0,25 40,0,250,,45130,41,0,25 40,0,210,,45134,41,0,25 40,0,205,,45133,41,0,25 40,0
5300,'5079',722,,45138,32,0,25 40,0,203,,45135,32,0,25 40,0,209,,45136,32,0,25 40,0,217,,45139,41,0,25 40,0,250,,45137,41,0,25 40,0,210,,45141,41,0,25 40,0,205,,45140,41,0,25 40,0
1002200,'5036',1200,,48571,56,,,0,239,,48572,56,,,0,207,,48570,56,,,0,95,,48575,56,,,0,192,,48573,56,,,0
1002200,'5040',1200,,48577,56,,,0,239,,48578,56,,,0,207,,48576,56,,,0,95,,48581,56,,,0,192,,48579,56,,,0
1002201,'5036',652,,48588,12,,,0,256,,48587,12,,,0,200,,48583,12,,,0
1002201,'5040',652,,48597,12,,,0,256,,48596,12,,,0,200,,48592,12,,,0
