201,'4623',605,,63441,26,0,46 37,0,21,,63433,26,0,46 37,0,26,,63450,26,0,46 37,0,69,,63445,26,0,46 37,0,31,,63434,26,0,46 37,0,71,,63449,26,0,46 37,0,32,,63439,26,0,46 37,0,71,,63435,26,0,46 37,0,33,,63447,26,0,46 37,0,78,,63440,26,0,46 37,0,79,,63436,26,0,46 37,0,39,,63438,26,0,46 37,0,80,,63437,26,0,46 37,0,80,,63446,26,0,46 37,0,40,,63443,26,0,46 37,0,92,,63444,26,0,46 37,0,74,,63442,26,0,46 37,0,37,,63452,26,0,46 37,0,75,,63453,26,0,46 37,0,76,,63451,26,0,46 37,0,37,,63454,26,0,46 37,0,87,,63455,26,0,46 37,0,25,,63457,26,0,46 37,0,81,,63456,26,0,46 37,0,83,,63458,26,0,46 37,0,81,,63459,26,0,46 37,0,38,,63460,26,0,46 37,0,81,,63461,26,0,46 37,0,81,,63463,26,0,46 37,0,40,,63462,26,0,46 37,0,72,,63464,26,0,46 37,0
201,'4833',648,,63486,26,0,46 37,0,158,,63487,26,0,46 37,0,125,,63481,26,0,46 37,0,80,,63474,26,0,46 37,0,97,,63484,26,0,46 37,0,38,,63475,26,0,46 37,0,80,,63467,26,0,46 37,0,78,,63470,26,0,46 37,0,39,,63469,26,0,46 37,0,80,,63479,26,0,46 37,0,80,,63471,26,0,46 37,0,41,,63468,26,0,46 37,0,81,,63472,26,0,46 37,0,75,,63480,26,0,46 37,0,41,,63483,26,0,46 37,0,81,,63482,26,0,46 37,0,37,,63485,26,0,46 37,0,75,,63476,26,0,46 37,0,80,,63477,26,0,46 37,0,45,,63478,26,0,46 37,0,81,,63491,26,0,46 37,0,81,,63488,26,0,46 37,0,83,,63489,26,0,46 37,0,41,,63490,26,0,46 37,0,76,,63492,26,0,46 37,0
201,'5015',648,,63514,26,0,46 37,0,158,,63515,26,0,46 37,0,125,,63509,26,0,46 37,0,80,,63502,26,0,46 37,0,97,,63512,26,0,46 37,0,38,,63503,26,0,46 37,0,80,,63495,26,0,46 37,0,78,,63498,26,0,46 37,0,39,,63497,26,0,46 37,0,80,,63507,26,0,46 37,0,80,,63499,26,0,46 37,0,41,,63496,26,0,46 37,0,81,,63500,26,0,46 37,0,75,,63508,26,0,46 37,0,41,,63511,26,0,46 37,0,81,,63510,26,0,46 37,0,37,,63513,26,0,46 37,0,75,,63504,26,0,46 37,0,80,,63505,26,0,46 37,0,45,,63506,26,0,46 37,0,81,,63519,26,0,46 37,0,81,,63516,26,0,46 37,0,83,,63517,26,0,46 37,0,41,,63518,26,0,46 37,0,76,,63520,26,0,46 37,0
201,'5222',605,,63530,26,0,46 37,0,21,,63522,26,0,46 37,0,26,,63539,26,0,46 37,0,69,,63534,26,0,46 37,0,31,,63523,26,0,46 37,0,71,,63538,26,0,46 37,0,32,,63528,26,0,46 37,0,71,,63524,26,0,46 37,0,33,,63536,26,0,46 37,0,78,,63529,26,0,46 37,0,79,,63525,26,0,46 37,0,39,,63527,26,0,46 37,0,80,,63526,26,0,46 37,0,80,,63535,26,0,46 37,0,40,,63532,26,0,46 37,0,92,,63533,26,0,46 37,0,74,,63531,26,0,46 37,0,37,,63541,26,0,46 37,0,75,,63542,26,0,46 37,0,76,,63540,26,0,46 37,0,37,,63543,26,0,46 37,0,87,,63544,26,0,46 37,0,25,,63546,26,0,46 37,0,81,,63545,26,0,46 37,0,83,,63547,26,0,46 37,0,81,,63548,26,0,46 37,0,38,,63549,26,0,46 37,0,81,,63550,26,0,46 37,0,81,,63552,26,0,46 37,0,40,,63551,26,0,46 37,0,72,,63553,26,0,46 37,0
201,'5365',635,,63568,26,0,46 37,0,119,,63575,26,0,46 37,0,158,,63569,26,0,46 37,0,136,,63576,26,0,46 37,0,100,,63555,26,0,46 37,0,79,,63566,26,0,46 37,0,79,,63562,26,0,46 37,0,39,,63561,26,0,46 37,0,81,,63557,26,0,46 37,0,80,,63558,26,0,46 37,0,40,,63567,26,0,46 37,0,81,,63563,26,0,46 37,0,76,,63559,26,0,46 37,0,40,,63560,26,0,46 37,0,81,,63564,26,0,46 37,0,77,,63573,26,0,46 37,0,40,,63565,26,0,46 37,0,80,,63572,26,0,46 37,0,81,,63571,26,0,46 37,0,40,,63574,26,0,46 37,0,81,,63570,26,0,46 37,0,82,,63577,26,0,46 37,0,41,,63578,26,0,46 37,0
201,'5390',635,,63593,26,0,46 37,0,119,,63600,26,0,46 37,0,158,,63594,26,0,46 37,0,136,,63601,26,0,46 37,0,100,,63580,26,0,46 37,0,79,,63591,26,0,46 37,0,79,,63587,26,0,46 37,0,39,,63586,26,0,46 37,0,81,,63582,26,0,46 37,0,80,,63583,26,0,46 37,0,40,,63592,26,0,46 37,0,81,,63588,26,0,46 37,0,76,,63584,26,0,46 37,0,40,,63585,26,0,46 37,0,81,,63589,26,0,46 37,0,77,,63598,26,0,46 37,0,40,,63590,26,0,46 37,0,80,,63597,26,0,46 37,0,81,,63596,26,0,46 37,0,40,,63599,26,0,46 37,0,81,,63595,26,0,46 37,0,82,,63602,26,0,46 37,0,41,,63603,26,0,46 37,0
501,'4623',637,,64775,21,,,0,71,,64780,21,,,0,28,,64772,21,,,0,71,,64774,21,,,0,32,,64778,21,,,0,72,,64773,21,,,0,30,,64776,21,,,0,77,,64779,21,,,0,39,,64777,21,,,0,79,,64787,21,,,0,79,,64782,21,,,0,40,,64783,21,,,0,80,,64781,21,,,0,94,,64784,21,,,0,76,,64786,21,,,0,34,,64785,21,,,0,77,,64788,21,,,0,35,,64792,21,,,0,75,,64790,21,,,0,81,,64791,21,,,0,111,,64789,21,,,0,82,,64793,21,,,0,42,,64794,21,,,0
501,'4833',727,,64803,21,,,0,120,,64805,21,,,0,104,,64802,21,,,0,79,,64796,21,,,0,97,,64804,21,,,0,79,,64795,21,,,0,39,,64811,21,,,0,78,,64800,21,,,0,79,,64801,21,,,0,41,,64798,21,,,0,80,,64799,21,,,0,81,,64809,21,,,0,41,,64812,21,,,0,75,,64808,21,,,0,82,,64810,21,,,0,37,,64814,21,,,0,75,,64813,21,,,0,40,,64806,21,,,0,85,,64807,21,,,0
501,'5015',727,,64823,21,,,0,120,,64825,21,,,0,104,,64822,21,,,0,79,,64816,21,,,0,97,,64824,21,,,0,79,,64815,21,,,0,39,,64831,21,,,0,78,,64820,21,,,0,79,,64821,21,,,0,41,,64818,21,,,0,80,,64819,21,,,0,81,,64829,21,,,0,41,,64832,21,,,0,75,,64828,21,,,0,82,,64830,21,,,0,37,,64834,21,,,0,75,,64833,21,,,0,40,,64826,21,,,0,85,,64827,21,,,0
501,'5222',637,,64838,21,,,0,71,,64843,21,,,0,28,,64835,21,,,0,71,,64837,21,,,0,32,,64841,21,,,0,72,,64836,21,,,0,30,,64839,21,,,0,77,,64842,21,,,0,39,,64840,21,,,0,79,,64850,21,,,0,79,,64845,21,,,0,40,,64846,21,,,0,80,,64844,21,,,0,94,,64847,21,,,0,76,,64849,21,,,0,34,,64848,21,,,0,77,,64851,21,,,0,35,,64855,21,,,0,75,,64853,21,,,0,81,,64854,21,,,0,111,,64852,21,,,0,82,,64856,21,,,0,42,,64857,21,,,0
501,'5365',715,,64872,21,,,0,118,,64871,21,,,0,118,,64870,21,,,0,79,,64864,21,,,0,98,,64867,21,,,0,79,,64863,21,,,0,40,,64859,21,,,0,78,,64858,21,,,0,81,,64874,21,,,0,40,,64866,21,,,0,80,,64862,21,,,0,80,,64861,21,,,0,42,,64860,21,,,0,75,,64873,21,,,0,80,,64868,21,,,0,36,,64865,21,,,0,82,,64869,21,,,0
501,'5390',715,,64889,21,,,0,118,,64888,21,,,0,118,,64887,21,,,0,79,,64881,21,,,0,98,,64884,21,,,0,79,,64880,21,,,0,40,,64876,21,,,0,78,,64875,21,,,0,81,,64891,21,,,0,40,,64883,21,,,0,80,,64879,21,,,0,80,,64878,21,,,0,42,,64877,21,,,0,75,,64890,21,,,0,80,,64885,21,,,0,36,,64882,21,,,0,82,,64886,21,,,0
2701,'4623',543,,70558,31,,,0,81,,70557,31,,,0,26,,70563,31,,,0,62,,70570,31,,,0,31,,70588,31,,,0,68,,70564,31,,,0,25,,70598,31,,,0,69,,70599,31,,,0,19,,70577,31,,,0,22,,70615,31,,,0,62,,70597,31,,,0,25,,70571,31,,,0,67,,70560,31,,,0,26,,70559,31,,,0,28,,70561,31,,,0,67,,70562,31,,,0,27,,70576,31,,,0,67,,70596,31,,,0,26,,70565,31,,,0,66,,70566,31,,,0,27,,70569,31,,,0,25,,70567,31,,,0,68,,70568,31,,,0,87,,70589,31,,,0,33,,70605,31,,,0,72,,70607,31,,,0,29,,70590,31,,,0,68,,70582,31,,,0,12,,70580,31,,,0,13,,70608,31,,,0,13,,70583,31,,,0,55,,70584,31,,,0,15,,70585,31,,,0,21,,70586,31,,,0,63,,70587,31,,,0,26,,70592,31,,,0,68,,70593,31,,,0,29,,70594,31,,,0,27,,70595,31,,,0,69,,70591,31,,,0,29,,70601,31,,,0,74,,70604,31,,,0,79,,70602,31,,,0,36,,70603,31,,,0,82,,70612,31,,,0,80,,70613,31,,,0
2701,'4833',646,,70616,31,,,0,77,,70617,31,,,0,31,,70618,31,,,0,70,,70619,31,,,0,30,,70620,31,,,0,67,,70621,31,,,0,29,,70622,31,,,0,67,,70623,31,,,0,27,,70624,31,,,0,67,,70625,31,,,0,22,,70626,31,,,0,23,,70627,31,,,0,63,,70628,31,,,0,22,,70629,31,,,0,63,,70632,31,,,0,23,,70631,31,,,0,23,,70633,31,,,0,63,,70630,31,,,0,23,,70634,31,,,0,23,,70635,31,,,0,60,,70636,31,,,0,20,,70637,31,,,0,61,,70638,31,,,0,20,,70639,31,,,0,21,,70640,31,,,0,60,,70641,31,,,0,19,,70642,31,,,0,20,,70643,31,,,0,19,,70644,31,,,0,60,,70645,31,,,0,20,,70646,31,,,0,20,,70647,31,,,0,59,,70648,31,,,0,20,,70649,31,,,0,66,,70650,31,,,0,26,,70651,31,,,0,29,,70652,31,,,0,70,,70653,31,,,0,28,,70654,31,,,0,70,,70655,31,,,0,30,,70656,31,,,0,71,,70657,31,,,0,31,,70658,31,,,0,70,,70659,31,,,0,30,,70660,31,,,0
2701,'5015',646,,70661,31,,,0,77,,70662,31,,,0,31,,70663,31,,,0,70,,70664,31,,,0,30,,70665,31,,,0,67,,70666,31,,,0,29,,70667,31,,,0,67,,70668,31,,,0,27,,70669,31,,,0,67,,70670,31,,,0,22,,70671,31,,,0,23,,70672,31,,,0,63,,70673,31,,,0,22,,70674,31,,,0,63,,70677,31,,,0,23,,70676,31,,,0,23,,70678,31,,,0,63,,70675,31,,,0,23,,70679,31,,,0,23,,70680,31,,,0,60,,70681,31,,,0,20,,70682,31,,,0,61,,70683,31,,,0,20,,70684,31,,,0,21,,70685,31,,,0,60,,70686,31,,,0,19,,70687,31,,,0,20,,70688,31,,,0,19,,70689,31,,,0,60,,70690,31,,,0,20,,70691,31,,,0,20,,70692,31,,,0,59,,70693,31,,,0,20,,70694,31,,,0,66,,70695,31,,,0,26,,70696,31,,,0,29,,70697,31,,,0,70,,70698,31,,,0,28,,70699,31,,,0,70,,70700,31,,,0,30,,70701,31,,,0,71,,70702,31,,,0,31,,70703,31,,,0,70,,70704,31,,,0,30,,70705,31,,,0,67,,70706,31,,,0,28,,70707,31,,,0,70,,70708,31,,,0
2701,'5222',543,,70712,31,,,0,81,,70711,31,,,0,26,,70717,31,,,0,62,,70724,31,,,0,31,,70742,31,,,0,68,,70718,31,,,0,25,,70752,31,,,0,69,,70753,31,,,0,19,,70731,31,,,0,22,,70765,31,,,0,62,,70751,31,,,0,25,,70725,31,,,0,67,,70714,31,,,0,26,,70713,31,,,0,28,,70715,31,,,0,67,,70716,31,,,0,27,,70730,31,,,0,67,,70750,31,,,0,26,,70719,31,,,0,66,,70720,31,,,0,27,,70723,31,,,0,25,,70721,31,,,0,68,,70722,31,,,0,87,,70743,31,,,0,33,,70759,31,,,0,72,,70761,31,,,0,29,,70744,31,,,0,68,,70736,31,,,0,12,,70734,31,,,0,13,,70762,31,,,0,13,,70737,31,,,0,55,,70738,31,,,0,15,,70739,31,,,0,21,,70740,31,,,0,63,,70741,31,,,0,26,,70746,31,,,0,68,,70747,31,,,0,29,,70748,31,,,0,27,,70749,31,,,0,69,,70745,31,,,0,29,,70755,31,,,0,74,,70758,31,,,0,79,,70756,31,,,0,36,,70757,31,,,0
2701,'5365',715,,70766,31,,,0,42,,70767,31,,,0,70,,70768,31,,,0,29,,70769,31,,,0,73,,70770,31,,,0,71,,70771,31,,,0,29,,70772,31,,,0,29,,70773,31,,,0,67,,70774,31,,,0,27,,70775,31,,,0,65,,70776,31,,,0,25,,70777,31,,,0,63,,70778,31,,,0,24,,70779,31,,,0,22,,70780,31,,,0,64,,70781,31,,,0,23,,70782,31,,,0,63,,70783,31,,,0,23,,70784,31,,,0,23,,70785,31,,,0,63,,70786,31,,,0,23,,70787,31,,,0,21,,70788,31,,,0,63,,70789,31,,,0,23,,70790,31,,,0,62,,70791,31,,,0,23,,70792,31,,,0,22,,70793,31,,,0,64,,70794,31,,,0,25,,70795,31,,,0,65,,70796,31,,,0,28,,70797,31,,,0,29,,70798,31,,,0,70,,70799,31,,,0,30,,70800,31,,,0,75,,70801,31,,,0,80,,70802,31,,,0,38,,70803,31,,,0
2701,'5390',715,,70805,31,,,0,42,,70806,31,,,0,70,,70807,31,,,0,29,,70808,31,,,0,73,,70809,31,,,0,71,,70810,31,,,0,29,,70811,31,,,0,29,,70812,31,,,0,67,,70813,31,,,0,27,,70814,31,,,0,65,,70815,31,,,0,25,,70816,31,,,0,63,,70817,31,,,0,24,,70818,31,,,0,22,,70819,31,,,0,64,,70820,31,,,0,23,,70821,31,,,0,63,,70822,31,,,0,23,,70823,31,,,0,23,,70824,31,,,0,63,,70825,31,,,0,23,,70826,31,,,0,21,,70827,31,,,0,63,,70828,31,,,0,23,,70829,31,,,0,62,,70830,31,,,0,23,,70831,31,,,0,22,,70832,31,,,0,64,,70833,31,,,0,25,,70834,31,,,0,65,,70835,31,,,0,28,,70836,31,,,0,29,,70837,31,,,0,70,,70838,31,,,0,30,,70839,31,,,0,75,,70840,31,,,0,80,,70841,31,,,0,38,,70842,31,,,0
2801,'4623',610,,71113,36,,,0,28,,71118,36,,,0,64,,71114,36,,,0,22,,71116,36,,,0,13,,71117,36,,,0,14,,71136,36,,,0,53,,71115,36,,,0,13,,71149,36,,,0,12,,71119,36,,,0,13,,71132,36,,,0,12,,71121,36,,,0,60,,71120,36,,,0,20,,71123,36,,,0,23,,71162,36,,,0,63,,71122,36,,,0,26,,71124,36,,,0,67,,71137,36,,,0,26,,71147,36,,,0,68,,71128,36,,,0,27,,71125,36,,,0,67,,71126,36,,,0,27,,71127,36,,,0,26,,71130,36,,,0,66,,71135,36,,,0,27,,71148,36,,,0,67,,71131,36,,,0,29,,71129,36,,,0,16,,71155,36,,,0,73,,71133,36,,,0,71,,71134,36,,,0,31,,71156,36,,,0,70,,71150,36,,,0,130,,71140,36,,,0,22,,71139,36,,,0,65,,71141,36,,,0,27,,71142,36,,,0,68,,71143,36,,,0,28,,71144,36,,,0,68,,71145,36,,,0,29,,71146,36,,,0,70,,71152,36,,,0,38,,71153,36,,,0,77,,71151,36,,,0,80,,71154,36,,,0,41,,71159,36,,,0
2801,'4833',706,,71164,36,,,0,33,,71165,36,,,0,71,,71166,36,,,0,29,,71167,36,,,0,68,,71168,36,,,0,28,,71169,36,,,0,68,,71170,36,,,0,27,,71171,36,,,0,28,,71163,36,,,0,64,,71172,36,,,0,22,,71173,36,,,0,63,,71174,36,,,0,23,,71175,36,,,0,23,,71176,36,,,0,63,,71178,36,,,0,22,,71177,36,,,0,63,,71179,36,,,0,24,,71180,36,,,0,22,,71181,36,,,0,62,,71184,36,,,0,20,,71185,36,,,0,21,,71182,36,,,0,60,,71183,36,,,0,21,,71186,36,,,0,20,,71187,36,,,0,60,,71188,36,,,0,19,,71189,36,,,0,19,,71190,36,,,0,61,,71191,36,,,0,19,,71192,36,,,0,20,,71193,36,,,0,59,,71194,36,,,0,20,,71195,36,,,0,23,,71196,36,,,0,66,,71197,36,,,0,28,,71198,36,,,0,69,,71199,36,,,0,30,,71200,36,,,0,68,,71201,36,,,0,29,,71202,36,,,0,72,,71203,36,,,0,31,,71204,36,,,0,70,,71205,36,,,0,31,,71206,36,,,0,68,,71207,36,,,0
2801,'5015',706,,71209,36,,,0,33,,71210,36,,,0,71,,71211,36,,,0,29,,71212,36,,,0,68,,71213,36,,,0,28,,71214,36,,,0,68,,71215,36,,,0,27,,71216,36,,,0,28,,71208,36,,,0,64,,71217,36,,,0,22,,71218,36,,,0,63,,71219,36,,,0,23,,71220,36,,,0,23,,71221,36,,,0,63,,71223,36,,,0,22,,71222,36,,,0,63,,71224,36,,,0,24,,71225,36,,,0,22,,71226,36,,,0,62,,71229,36,,,0,20,,71230,36,,,0,21,,71227,36,,,0,60,,71228,36,,,0,21,,71231,36,,,0,20,,71232,36,,,0,60,,71233,36,,,0,19,,71234,36,,,0,19,,71235,36,,,0,61,,71236,36,,,0,19,,71237,36,,,0,20,,71238,36,,,0,59,,71239,36,,,0,20,,71240,36,,,0,23,,71241,36,,,0,66,,71242,36,,,0,28,,71243,36,,,0,69,,71244,36,,,0,30,,71245,36,,,0,68,,71246,36,,,0,29,,71247,36,,,0,72,,71248,36,,,0,31,,71249,36,,,0,70,,71250,36,,,0,31,,71251,36,,,0,68,,71252,36,,,0,27,,71253,36,,,0,69,,71254,36,,,0
2801,'5222',610,,71257,36,,,0,28,,71262,36,,,0,64,,71258,36,,,0,22,,71260,36,,,0,13,,71261,36,,,0,14,,71280,36,,,0,53,,71259,36,,,0,13,,71293,36,,,0,12,,71263,36,,,0,13,,71276,36,,,0,12,,71265,36,,,0,60,,71264,36,,,0,20,,71267,36,,,0,23,,71303,36,,,0,63,,71266,36,,,0,26,,71268,36,,,0,67,,71281,36,,,0,26,,71291,36,,,0,68,,71272,36,,,0,27,,71269,36,,,0,67,,71270,36,,,0,27,,71271,36,,,0,26,,71274,36,,,0,66,,71279,36,,,0,27,,71292,36,,,0,67,,71275,36,,,0,29,,71273,36,,,0,16,,71299,36,,,0,73,,71277,36,,,0,71,,71278,36,,,0,31,,71300,36,,,0,70,,71294,36,,,0,130,,71284,36,,,0,22,,71283,36,,,0,65,,71285,36,,,0,27,,71286,36,,,0,68,,71287,36,,,0,28,,71288,36,,,0,68,,71289,36,,,0,29,,71290,36,,,0,70,,71296,36,,,0,38,,71297,36,,,0,77,,71295,36,,,0,80,,71298,36,,,0
2801,'5365',645,,71305,36,,,0,96,,71306,36,,,0,70,,71307,36,,,0,30,,71308,36,,,0,70,,71304,36,,,0,33,,71309,36,,,0,71,,71310,36,,,0,29,,71311,36,,,0,67,,71312,36,,,0,27,,71313,36,,,0,66,,71314,36,,,0,25,,71315,36,,,0,24,,71316,36,,,0,64,,71317,36,,,0,23,,71318,36,,,0,63,,71319,36,,,0,23,,71320,36,,,0,23,,71321,36,,,0,63,,71322,36,,,0,23,,71323,36,,,0,23,,71324,36,,,0,63,,71325,36,,,0,22,,71326,36,,,0,62,,71327,36,,,0,23,,71328,36,,,0,23,,71329,36,,,0,62,,71330,36,,,0,23,,71331,36,,,0,23,,71332,36,,,0,65,,71333,36,,,0,25,,71334,36,,,0,66,,71335,36,,,0,28,,71336,36,,,0,70,,71337,36,,,0,30,,71338,36,,,0,70,,71339,36,,,0,40,,71340,36,,,0,78,,71341,36,,,0,83,,71342,36,,,0
2801,'5390',645,,71344,36,,,0,96,,71345,36,,,0,70,,71346,36,,,0,30,,71347,36,,,0,70,,71343,36,,,0,33,,71348,36,,,0,71,,71349,36,,,0,29,,71350,36,,,0,67,,71351,36,,,0,27,,71352,36,,,0,66,,71353,36,,,0,25,,71354,36,,,0,24,,71355,36,,,0,64,,71356,36,,,0,23,,71357,36,,,0,63,,71358,36,,,0,23,,71359,36,,,0,23,,71360,36,,,0,63,,71361,36,,,0,23,,71362,36,,,0,23,,71363,36,,,0,63,,71364,36,,,0,22,,71365,36,,,0,62,,71366,36,,,0,23,,71367,36,,,0,23,,71368,36,,,0,62,,71369,36,,,0,23,,71370,36,,,0,23,,71371,36,,,0,65,,71372,36,,,0,25,,71373,36,,,0,66,,71374,36,,,0,28,,71375,36,,,0,70,,71376,36,,,0,30,,71377,36,,,0,70,,71378,36,,,0,40,,71379,36,,,0,78,,71380,36,,,0,83,,71381,36,,,0
24002701,'4623',729,,77751,26,0,5,0,25,,77752,26,0,5,0,66,,77754,26,0,5,0,25,,77753,26,0,5,0
24002701,'5222',729,,77755,26,0,5,0,25,,77756,26,0,5,0,66,,77758,26,0,5,0,25,,77757,26,0,5,0
