6101,'4623',542,,74592,38,,,0,68,,74574,38,,,0,30,,74571,38,,,0,66,,74572,38,,,0,37,,74591,38,,,0,80,,74577,38,,,0,77,,74570,38,,,0,25,,74594,38,,,0,34,,74573,38,,,0,89,,74575,38,,,0,76,,74590,38,,,0,78,,74579,38,,,0,37,,74576,38,,,0,77,,74593,38,,,0,27,,74580,38,,,0,76,,74578,38,,,0,34,,74561,38,,,0,72,,74560,38,,,0,32,,74562,38,,,0,67,,74595,61,,,0,18,,74567,38,,,0,17,,74581,61,,,0,74,,74564,61,,,0,19,,74566,61,,,0,51,,74563,61,,,0,22,,74569,61,,,0,75,,74568,61,,,0,14,,74584,38,,,0,30,,74565,38,,,0,86,,74582,38,,,0,89,,74583,38,,,0,97,,74586,38,,,0,84,,74585,38,,,0,56,,74587,38,,,0,84,,74588,38,,,0,99,,74589,38,,,0
6101,'4833',613,,74596,37,,,0,97,,74597,38,,,0,38,,74598,38,,,0,101,,74599,38,,,0,84,,74600,38,,,0,90,,74601,38,,,0,31,,74602,38,,,0,88,,74603,38,,,0,72,,74604,38,,,0,32,,74605,38,,,0,84,,74606,38,,,0,77,,74607,38,,,0,36,,74608,38,,,0,76,,74609,38,,,0,26,,74610,38,,,0,76,,74611,38,,,0,38,,74612,38,,,0,73,,74613,38,,,0,74,,74614,38,,,0,36,,74615,38,,,0,76,,74616,38,,,0,36,,74617,38,,,0,81,,74618,38,,,0,83,,74619,38,,,0,97,,74620,38,,,0,86,,74621,38,,,0,99,,74622,38,,,0,42,,74623,38,,,0
6101,'5015',613,,74624,37,,,0,97,,74625,38,,,0,38,,74626,38,,,0,101,,74627,38,,,0,84,,74628,38,,,0,90,,74629,38,,,0,31,,74630,38,,,0,88,,74631,38,,,0,72,,74632,38,,,0,32,,74633,38,,,0,84,,74634,38,,,0,77,,74635,38,,,0,36,,74636,38,,,0,76,,74637,38,,,0,26,,74638,38,,,0,76,,74639,38,,,0,38,,74640,38,,,0,73,,74641,38,,,0,74,,74642,38,,,0,36,,74643,38,,,0,76,,74644,38,,,0,36,,74645,38,,,0,81,,74646,38,,,0,83,,74647,38,,,0,97,,74648,38,,,0,86,,74649,38,,,0,99,,74650,38,,,0,42,,74651,38,,,0,100,,74652,38,,,0
6101,'5222',542,,74684,38,,,0,68,,74667,38,,,0,30,,74664,38,,,0,66,,74665,38,,,0,37,,74683,38,,,0,80,,74670,38,,,0,77,,74663,38,,,0,25,,74686,38,,,0,34,,74666,38,,,0,89,,74668,38,,,0,76,,74682,38,,,0,78,,74672,38,,,0,37,,74669,38,,,0,77,,74685,38,,,0,27,,74673,38,,,0,76,,74671,38,,,0,34,,74654,38,,,0,72,,74653,38,,,0,32,,74655,38,,,0,67,,74687,61,,,0,18,,74660,38,,,0,17,,74674,61,,,0,74,,74657,61,,,0,19,,74659,61,,,0,51,,74656,61,,,0,22,,74662,61,,,0,75,,74661,61,,,0,14,,74677,38,,,0,30,,74658,38,,,0,86,,74675,38,,,0,89,,74676,38,,,0,97,,74679,38,,,0,84,,74678,38,,,0,56,,74680,38,,,0,84,,74681,38,,,0
6101,'5365',618,,74690,37,,,0,103,,74688,37,,,0,34,,74691,38,,,0,89,,74689,38,,,0,94,,74692,38,,,0,87,,74693,38,,,0,88,,74694,38,,,0,87,,74695,38,,,0,103,,74696,38,,,0,46,,74697,38,,,0,101,,74698,38,,,0,85,,74699,38,,,0,101,,74700,38,,,0,80,,74701,38,,,0,100,,74702,38,,,0,89,,74703,38,,,0,97,,74704,38,,,0,100,,74705,38,,,0,41,,74706,38,,,0,99,,74707,38,,,0,96,,74708,38,,,0
6101,'5390',618,,74711,37,,,0,103,,74709,37,,,0,34,,74712,38,,,0,89,,74710,38,,,0,94,,74713,38,,,0,87,,74714,38,,,0,88,,74715,38,,,0,87,,74716,38,,,0,103,,74717,38,,,0,46,,74718,38,,,0,101,,74719,38,,,0,85,,74720,38,,,0,101,,74721,38,,,0,80,,74722,38,,,0,100,,74723,38,,,0,89,,74724,38,,,0,97,,74725,38,,,0,100,,74726,38,,,0,41,,74727,38,,,0,99,,74728,38,,,0,96,,74729,38,,,0
6401,'4623',754,,74757,90,,,0,203,,74755,45,,,0,379,,74758,90,,,0,280,,74756,31,,,0
6401,'5222',754,,74764,90,,,0,203,,74762,45,,,0,379,,74765,90,,,0,280,,74763,31,,,0
6501,'4623',1715,,74774,56,,,0,26,,74777,56,,,0,70,,74776,56,,,0,29,,74775,56,,,0
6501,'5222',1715,,74778,56,,,0,26,,74781,56,,,0,70,,74780,56,,,0,29,,74779,56,,,0
