201,'4623',615,,63441,35,0,46 37,0,21,,63433,35,0,46 37,0,67,,63450,35,0,46 37,0,29,,63445,35,0,46 37,0,72,,63434,35,0,46 37,0,31,,63449,35,0,46 37,0,72,,63439,35,0,46 37,0,30,,63435,35,0,46 37,0,73,,63447,35,0,46 37,0,39,,63440,35,0,46 37,0,80,,63436,35,0,46 37,0,80,,63438,35,0,46 37,0,40,,63437,35,0,46 37,0,80,,63446,35,0,46 37,0,80,,63443,35,0,46 37,0,17,,63448,9,0,46 37,0,75,,63444,35,0,46 37,0,35,,63442,35,0,46 37,0,76,,63452,35,0,46 37,0,36,,63453,35,0,46 37,0,74,,63451,35,0,46 37,0,37,,63454,35,0,46 37,0,85,,63455,35,0,46 37,0,65,,63457,35,0,46 37,0,40,,63456,35,0,46 37,0,83,,63458,35,0,46 37,0,81,,63459,35,0,46 37,0,38,,63460,35,0,46 37,0,80,,63461,35,0,46 37,0,81,,63463,35,0,46 37,0,40,,63462,35,0,46 37,0,70,,63464,35,0,46 37,0,31,,63465,9,0,46 37,0
201,'4833',657,,63486,35,0,46 37,0,159,,63487,35,0,46 37,0,22,,63473,9,0,46 37,0,103,,63481,35,0,46 37,0,80,,63474,35,0,46 37,0,38,,63466,9,0,46 37,0,60,,63484,35,0,46 37,0,39,,63475,35,0,46 37,0,80,,63467,35,0,46 37,0,80,,63470,35,0,46 37,0,39,,63469,35,0,46 37,0,81,,63479,35,0,46 37,0,80,,63471,35,0,46 37,0,40,,63468,35,0,46 37,0,80,,63472,35,0,46 37,0,75,,63480,35,0,46 37,0,41,,63483,35,0,46 37,0,80,,63482,35,0,46 37,0,76,,63485,35,0,46 37,0,35,,63476,35,0,46 37,0,80,,63477,35,0,46 37,0,85,,63478,35,0,46 37,0,41,,63491,35,0,46 37,0,81,,63488,35,0,46 37,0,81,,63489,35,0,46 37,0,40,,63490,35,0,46 37,0,76,,63492,35,0,46 37,0,30,,63493,9,0,46 37,0
201,'5015',657,,63514,35,0,46 37,0,159,,63515,35,0,46 37,0,22,,63501,9,0,46 37,0,103,,63509,35,0,46 37,0,80,,63502,35,0,46 37,0,38,,63494,9,0,46 37,0,60,,63512,35,0,46 37,0,39,,63503,35,0,46 37,0,80,,63495,35,0,46 37,0,80,,63498,35,0,46 37,0,39,,63497,35,0,46 37,0,81,,63507,35,0,46 37,0,80,,63499,35,0,46 37,0,40,,63496,35,0,46 37,0,80,,63500,35,0,46 37,0,75,,63508,35,0,46 37,0,41,,63511,35,0,46 37,0,80,,63510,35,0,46 37,0,76,,63513,35,0,46 37,0,35,,63504,35,0,46 37,0,80,,63505,35,0,46 37,0,85,,63506,35,0,46 37,0,41,,63519,35,0,46 37,0,81,,63516,35,0,46 37,0,81,,63517,35,0,46 37,0,40,,63518,35,0,46 37,0,76,,63520,35,0,46 37,0,30,,63521,9,0,46 37,0
201,'5222',615,,63530,35,0,46 37,0,21,,63522,35,0,46 37,0,67,,63539,35,0,46 37,0,29,,63534,35,0,46 37,0,72,,63523,35,0,46 37,0,31,,63538,35,0,46 37,0,72,,63528,35,0,46 37,0,30,,63524,35,0,46 37,0,73,,63536,35,0,46 37,0,39,,63529,35,0,46 37,0,80,,63525,35,0,46 37,0,80,,63527,35,0,46 37,0,40,,63526,35,0,46 37,0,80,,63535,35,0,46 37,0,80,,63532,35,0,46 37,0,17,,63537,9,0,46 37,0,75,,63533,35,0,46 37,0,35,,63531,35,0,46 37,0,76,,63541,35,0,46 37,0,36,,63542,35,0,46 37,0,74,,63540,35,0,46 37,0,37,,63543,35,0,46 37,0,85,,63544,35,0,46 37,0,65,,63546,35,0,46 37,0,40,,63545,35,0,46 37,0,83,,63547,35,0,46 37,0,81,,63548,35,0,46 37,0,38,,63549,35,0,46 37,0,80,,63550,35,0,46 37,0,81,,63552,35,0,46 37,0,40,,63551,35,0,46 37,0,70,,63553,35,0,46 37,0
201,'5365',643,,63568,35,0,46 37,0,160,,63575,35,0,46 37,0,120,,63569,35,0,46 37,0,99,,63556,9,0,46 37,0,37,,63576,35,0,46 37,0,60,,63554,9,0,46 37,0,40,,63555,35,0,46 37,0,79,,63566,35,0,46 37,0,80,,63562,35,0,46 37,0,40,,63561,35,0,46 37,0,80,,63557,35,0,46 37,0,80,,63558,35,0,46 37,0,40,,63567,35,0,46 37,0,80,,63563,35,0,46 37,0,76,,63559,35,0,46 37,0,40,,63560,35,0,46 37,0,81,,63564,35,0,46 37,0,76,,63573,35,0,46 37,0,40,,63565,35,0,46 37,0,80,,63572,35,0,46 37,0,81,,63571,35,0,46 37,0,40,,63574,35,0,46 37,0,81,,63570,35,0,46 37,0,80,,63577,35,0,46 37,0,40,,63578,35,0,46 37,0
201,'5390',643,,63593,35,0,46 37,0,160,,63600,35,0,46 37,0,120,,63594,35,0,46 37,0,99,,63581,9,0,46 37,0,37,,63601,35,0,46 37,0,60,,63579,9,0,46 37,0,40,,63580,35,0,46 37,0,79,,63591,35,0,46 37,0,80,,63587,35,0,46 37,0,40,,63586,35,0,46 37,0,80,,63582,35,0,46 37,0,80,,63583,35,0,46 37,0,40,,63592,35,0,46 37,0,80,,63588,35,0,46 37,0,76,,63584,35,0,46 37,0,40,,63585,35,0,46 37,0,81,,63589,35,0,46 37,0,76,,63598,35,0,46 37,0,40,,63590,35,0,46 37,0,80,,63597,35,0,46 37,0,81,,63596,35,0,46 37,0,40,,63599,35,0,46 37,0,81,,63595,35,0,46 37,0,80,,63602,35,0,46 37,0,40,,63603,35,0,46 37,0
501,'4623',648,,64775,30,,,0,71,,64780,30,,,0,28,,64772,30,,,0,72,,64774,30,,,0,32,,64778,30,,,0,71,,64773,30,,,0,30,,64776,30,,,0,77,,64779,30,,,0,80,,64777,30,,,0,40,,64787,30,,,0,80,,64782,30,,,0,80,,64783,30,,,0,40,,64781,30,,,0,94,,64784,30,,,0,76,,64786,30,,,0,35,,64785,30,,,0,77,,64788,30,,,0,74,,64792,30,,,0,34,,64790,30,,,0,80,,64791,30,,,0,110,,64789,30,,,0,81,,64793,30,,,0,42,,64794,30,,,0
501,'4833',736,,64803,30,,,0,121,,64805,30,,,0,60,,64797,9,,,0,84,,64802,30,,,0,39,,64796,30,,,0,99,,64804,30,,,0,79,,64795,30,,,0,40,,64811,30,,,0,79,,64800,30,,,0,80,,64801,30,,,0,41,,64798,30,,,0,80,,64799,30,,,0,80,,64809,30,,,0,40,,64812,30,,,0,75,,64808,30,,,0,81,,64810,30,,,0,36,,64814,30,,,0,75,,64813,30,,,0,80,,64806,30,,,0,45,,64807,30,,,0
501,'5015',736,,64823,30,,,0,121,,64825,30,,,0,60,,64817,9,,,0,84,,64822,30,,,0,39,,64816,30,,,0,99,,64824,30,,,0,79,,64815,30,,,0,40,,64831,30,,,0,79,,64820,30,,,0,80,,64821,30,,,0,41,,64818,30,,,0,80,,64819,30,,,0,80,,64829,30,,,0,40,,64832,30,,,0,75,,64828,30,,,0,81,,64830,30,,,0,36,,64834,30,,,0,75,,64833,30,,,0,80,,64826,30,,,0,45,,64827,30,,,0
501,'5222',648,,64838,30,,,0,71,,64843,30,,,0,28,,64835,30,,,0,72,,64837,30,,,0,32,,64841,30,,,0,71,,64836,30,,,0,30,,64839,30,,,0,77,,64842,30,,,0,80,,64840,30,,,0,40,,64850,30,,,0,80,,64845,30,,,0,80,,64846,30,,,0,40,,64844,30,,,0,94,,64847,30,,,0,76,,64849,30,,,0,35,,64848,30,,,0,77,,64851,30,,,0,74,,64855,30,,,0,34,,64853,30,,,0,80,,64854,30,,,0,110,,64852,30,,,0,81,,64856,30,,,0,42,,64857,30,,,0
501,'5365',723,,64872,30,,,0,120,,64871,30,,,0,159,,64870,30,,,0,39,,64864,30,,,0,98,,64867,30,,,0,79,,64863,30,,,0,40,,64859,30,,,0,80,,64858,30,,,0,80,,64874,30,,,0,40,,64866,30,,,0,80,,64862,30,,,0,80,,64861,30,,,0,41,,64860,30,,,0,75,,64873,30,,,0,80,,64868,30,,,0,36,,64865,30,,,0,81,,64869,30,,,0
501,'5390',723,,64889,30,,,0,120,,64888,30,,,0,159,,64887,30,,,0,39,,64881,30,,,0,98,,64884,30,,,0,79,,64880,30,,,0,40,,64876,30,,,0,80,,64875,30,,,0,80,,64891,30,,,0,40,,64883,30,,,0,80,,64879,30,,,0,80,,64878,30,,,0,41,,64877,30,,,0,75,,64890,30,,,0,80,,64885,30,,,0,36,,64882,30,,,0,81,,64886,30,,,0
1000,'4623',629,,66142,5,,,0,84,,66134,5,,,0,36,,66133,5,,,0,78,,66132,5,,,0,84,,66135,5,,,0,39,,66131,5,,,0,95,,66138,5,,,0,155,,66136,5,,,0,50,,66130,5,,,0,76,,66139,5,,,0,86,,66129,5,,,0,42,,66141,5,,,0,96,,66128,5,,,0,81,,66140,5,,,0,87,,66127,5,,,0,40,,66137,5,,,0,61,,66126,5,,,0,30,,66124,5,,,0,94,,66125,5,,,0
1000,'4833',727,,66153,5,,,0,101,,66157,5,,,0,102,,66144,5,,,0,97,,66147,5,,,0,108,,66150,5,,,0,110,,66149,5,,,0,97,,66145,5,,,0,100,,66148,5,,,0,100,,66146,5,,,0,103,,66151,5,,,0,103,,66152,5,,,0,99,,66155,5,,,0,98,,66156,5,,,0
1000,'5015',727,,66167,5,,,0,101,,66171,5,,,0,102,,66158,5,,,0,97,,66161,5,,,0,108,,66164,5,,,0,110,,66163,5,,,0,97,,66159,5,,,0,100,,66162,5,,,0,100,,66160,5,,,0,103,,66165,5,,,0,103,,66166,5,,,0,99,,66169,5,,,0,98,,66170,5,,,0
1000,'5222',629,,66190,5,,,0,84,,66182,5,,,0,36,,66181,5,,,0,78,,66180,5,,,0,84,,66183,5,,,0,39,,66179,5,,,0,95,,66186,5,,,0,155,,66184,5,,,0,50,,66178,5,,,0,76,,66187,5,,,0,86,,66177,5,,,0,42,,66189,5,,,0,96,,66176,5,,,0,81,,66188,5,,,0,87,,66175,5,,,0,40,,66185,5,,,0,61,,66174,5,,,0,30,,66172,5,,,0,94,,66173,5,,,0
1000,'5365',727,,66196,5,,,0,101,,66195,5,,,0,99,,66193,5,,,0,104,,66192,5,,,0,102,,66199,5,,,0,110,,66198,5,,,0,90,,66194,5,,,0,107,,66197,5,,,0,100,,66201,5,,,0,99,,66200,5,,,0,102,,66203,5,,,0,104,,66202,5,,,0,99,,66204,5,,,0
1000,'5390',727,,66209,5,,,0,101,,66208,5,,,0,99,,66206,5,,,0,104,,66205,5,,,0,102,,66212,5,,,0,110,,66211,5,,,0,90,,66207,5,,,0,107,,66210,5,,,0,100,,66214,5,,,0,99,,66213,5,,,0,102,,66216,5,,,0,104,,66215,5,,,0,99,,66217,5,,,0
1001,'4623',2042,,66219,29,4,,0
1001,'4833',2041,,66251,29,4,,0
1001,'5015',2041,,66265,29,4,,0
1001,'5222',2042,,66267,29,4,,0
