2100,'4487',717,,7527,0,17,0,85,,7534,0,17,0,40,,7518,0,18 19,0,71,,7528,0,17,0,39,,7511,0,17,0,70,,7529,0,17,0,32,,7513,0,17,0,71,,7523,0,17,0,30,,7508,0,17,0,71,,7509,0,18 19,0,30,,7530,0,17,0,71,,7514,0,17,0,30,,7522,0,17,0,68,,7510,0,18 19,0,32,,7512,0,17,0,70,,7531,0,17,0,29,,7515,0,17,0,70,,7524,0,18 19,0,30,,7516,0,17,0,70,,7517,0,17,0,30,,7533,0,17,0,70,,7519,0,18 19,0,28,,7525,0,17,0,69,,7520,0,17,0,28,,7521,0,17,0,68,,7532,0,17,0,30,,7526,0,17,0
2100,'4743',717,,7554,0,17,0,85,,7561,0,17,0,40,,7545,0,18 19,0,71,,7555,0,17,0,39,,7538,0,17,0,70,,7556,0,17,0,32,,7540,0,17,0,71,,7550,0,17,0,30,,7535,0,17,0,71,,7536,0,18 19,0,30,,7557,0,17,0,71,,7541,0,17,0,30,,7549,0,17,0,68,,7537,0,18 19,0,32,,7539,0,17,0,70,,7558,0,17,0,29,,7542,0,17,0,70,,7551,0,18 19,0,30,,7543,0,17,0,70,,7544,0,17,0,30,,7560,0,17,0,70,,7546,0,18 19,0,28,,7552,0,17,0,69,,7547,0,17,0,28,,7548,0,17,0,68,,7559,0,17,0,30,,7553,0,17,0
2100,'4744',628,,7564,,,0,28,,7572,,,0,58,,7563,,,0,16,,7571,,,0,9,,7598,0,17,0,6,,7573,,,0,10,,7608,,,0,4,,7583,,,0,57,,7575,,,0,16,,7582,,,0,20,,7569,0,17,0,58,,7595,,,0,18,,7570,0,17,0,20,,7574,,,0,61,,7566,0,17,0,20,,7585,,,0,20,,7567,0,17,0,60,,7576,,,0,20,,7586,0,18 19,0,21,,7568,,,0,61,,7565,0,17,0,20,,7577,,,0,20,,7580,0,17,0,60,,7579,,,0,20,,7584,0,17,0,17,,7605,,,0,59,,7587,,,0,16,,7578,,,0,15,,7581,0,17,0,19,,7607,,,0,58,,7597,,,0,17,,7596,,,0,20,,7594,,,0,58,,7593,,,0,19,,7604,0,18 19,0,18,,7591,,,0,58,,7592,,,0,18,,7588,,,0,18,,7606,0,17,0,18,,7590,0,17,0,56,,7589,0,17,0,32,,7600,0,17,0,69,,7599,0,17,0,29,,7602,0,17,0,73,,7601,0,17,0,29,,7603,0,17,0
2100,'4745',742,,7626,0,17,0,75,,7625,0,17,0,85,,7613,0,18 19,0,37,,7624,0,17,0,83,,7627,0,17,0,30,,7609,0,17,0,70,,7612,0,17,0,30,,7615,0,17,0,70,,7611,0,18 19,0,31,,7614,0,17,0,70,,7610,0,17,0,30,,7616,0,17,0,70,,7617,0,18 19,0,30,,7619,0,17,0,70,,7620,0,17,0,30,,7618,0,17,0,70,,7623,0,18 19,0,30,,7621,0,17,0,70,,7622,0,17,0,29,,7628,0,17,0,70,,7629,0,18 19,0,28,,7631,0,17,0,69,,7630,0,17,0,30,,7633,0,17,0,70,,7632,0,17,0
2100,'4870',628,,7636,,,0,28,,7644,,,0,58,,7635,,,0,16,,7643,,,0,9,,7669,0,17,0,6,,7645,,,0,10,,7679,,,0,4,,7655,,,0,57,,7647,,,0,16,,7654,,,0,20,,7641,0,17,0,58,,7666,,,0,18,,7642,0,17,0,20,,7646,,,0,61,,7638,0,17,0,20,,7657,,,0,20,,7639,0,17,0,60,,7648,,,0,20,,7658,0,18 19,0,21,,7640,,,0,61,,7637,0,17,0,20,,7649,,,0,20,,7652,0,17,0,60,,7651,,,0,20,,7656,0,17,0,17,,7676,,,0,59,,7659,,,0,16,,7650,,,0,15,,7653,0,17,0,19,,7678,,,0,58,,7668,,,0,17,,7667,,,0,78,,7665,,,0,19,,7675,0,18 19,0,18,,7663,,,0,58,,7664,,,0,18,,7660,,,0,18,,7677,0,17,0,18,,7662,0,17,0,56,,7661,0,17,0,32,,7671,0,17,0,69,,7670,0,17,0,29,,7673,0,17,0,73,,7672,0,17,0,29,,7674,0,17,0
2100,'4872',1552,,7680,,,0
2100,'4873',1552,,7681,,,0
2100,'4875',628,,7684,,,0,28,,7692,,,0,58,,7683,,,0,16,,7691,,,0,9,,7718,0,17,0,6,,7693,,,0,10,,7728,,,0,4,,7703,,,0,57,,7695,,,0,16,,7702,,,0,20,,7689,0,17,0,58,,7715,,,0,18,,7690,0,17,0,20,,7694,,,0,61,,7686,0,17,0,20,,7705,,,0,20,,7687,0,17,0,60,,7696,,,0,20,,7706,0,18 19,0,21,,7688,,,0,61,,7685,0,17,0,20,,7697,,,0,20,,7700,0,17,0,60,,7699,,,0,20,,7704,0,17,0,17,,7725,,,0,59,,7707,,,0,16,,7698,,,0,15,,7701,0,17,0,19,,7727,,,0,58,,7717,,,0,17,,7716,,,0,20,,7714,,,0,58,,7713,,,0,19,,7724,0,18 19,0,18,,7711,,,0,58,,7712,,,0,18,,7708,,,0,18,,7726,0,17,0,18,,7710,0,17,0,56,,7709,0,17,0,32,,7720,0,17,0,69,,7719,0,17,0,29,,7722,0,17,0,73,,7721,0,17,0,29,,7723,0,17,0
2100,'4876',717,,7748,0,17,0,85,,7755,0,17,0,40,,7739,0,18 19,0,71,,7749,0,17,0,39,,7732,0,17,0,70,,7750,0,17,0,32,,7734,0,17,0,71,,7744,0,17,0,30,,7729,0,17,0,71,,7730,0,18 19,0,30,,7751,0,17,0,71,,7735,0,17,0,30,,7743,0,17,0,68,,7731,0,18 19,0,32,,7733,0,17,0,70,,7752,0,17,0,29,,7736,0,17,0,70,,7745,0,18 19,0,30,,7737,0,17,0,70,,7738,0,17,0,30,,7754,0,17,0,70,,7740,0,18 19,0,28,,7746,0,17,0,69,,7741,0,17,0,28,,7742,0,17,0,68,,7753,0,17,0,30,,7747,0,17,0
2100,'4877',742,,7773,0,17,0,75,,7772,0,17,0,85,,7760,0,18 19,0,37,,7771,0,17,0,83,,7774,0,17,0,30,,7756,0,17,0,70,,7759,0,17,0,30,,7762,0,17,0,70,,7758,0,18 19,0,31,,7761,0,17,0,70,,7757,0,17,0,30,,7763,0,17,0,70,,7764,0,18 19,0,30,,7766,0,17,0,70,,7767,0,17,0,30,,7765,0,17,0,70,,7770,0,18 19,0,30,,7768,0,17,0,70,,7769,0,17,0,29,,7775,0,17,0,70,,7776,0,18 19,0,28,,7778,0,17,0,69,,7777,0,17,0,30,,7780,0,17,0,70,,7779,0,17,0
2200,'4487',702,,8112,,,0,40,,8097,,,0,80,,8101,,,0,80,,8114,,,0,32,,8098,,,0,70,,8092,,,0,31,,8099,,,0,71,,8113,,,0,31,,8096,,,0,70,,8095,,,0,31,,8100,,,0,70,,8093,,,0,31,,8118,,,0,70,,8094,,,0,30,,8107,,,0,70,,8102,,,0,30,,8106,,,0,69,,8117,,,0,29,,8108,,,0,71,,8103,,,0,30,,8110,,,0,73,,8109,,,0,30,,8105,,,0,68,,8104,,,0,29,,8119,,,0,69,,8120,,,0,27,,8116,,,0,68,,8111,,,0
2200,'4743',702,,8142,,,0,40,,8127,,,0,80,,8131,,,0,80,,8144,,,0,32,,8128,,,0,70,,8122,,,0,31,,8129,,,0,71,,8143,,,0,31,,8126,,,0,70,,8125,,,0,31,,8130,,,0,70,,8123,,,0,31,,8148,,,0,70,,8124,,,0,30,,8137,,,0,70,,8132,,,0,30,,8136,,,0,69,,8147,,,0,29,,8138,,,0,71,,8133,,,0,30,,8140,,,0,73,,8139,,,0,30,,8135,,,0,68,,8134,,,0,29,,8149,,,0,69,,8150,,,0,27,,8146,,,0,68,,8141,,,0
2200,'4744',613,,8176,,,0,30,,8160,,,0,68,,8171,,,0,30,,8163,,,0,65,,8153,0,20 7,0,9,,8175,,,0,23,,8155,,,0,70,,8159,,,0,102,,8161,,,0,26,,8177,,,0,70,,8154,,,0,102,,8170,0,21 22,0,30,,8162,0,21 22,0,70,,8178,0,21 22,0,30,,8156,0,21 22,0,101,,8173,0,21 22,0,70,,8167,0,21 22,0,35,,8180,0,21 22,0,102,,8168,0,21 22,0,98,,8164,0,21 22,0,69,,8179,,,0,25,,8157,,,0,98,,8172,,,0,70,,8169,,,0,29,,8158,,,0,69,,8166,,,0
2200,'4745',751,,8184,,,0,101,,8185,,,0,80,,8186,,,0,70,,8181,,,0,32,,8182,,,0,70,,8183,,,0,30,,8188,,,0,69,,8189,,,0,32,,8187,,,0,70,,8190,,,0,30,,8191,,,0,70,,8199,,,0,30,,8198,,,0,70,,8192,,,0,30,,8193,,,0,70,,8194,,,0,30,,8195,,,0,72,,8196,,,0,30,,8197,,,0,70,,8200,,,0,29,,8201,,,0,68,,8202,,,0,30,,8203,,,0,115,,8204,,,0
2200,'4870',613,,8228,,,0,30,,8212,,,0,68,,8223,,,0,30,,8215,,,0,65,,8205,0,20 7,0,9,,8227,,,0,23,,8207,,,0,70,,8211,,,0,102,,8213,,,0,26,,8229,,,0,70,,8206,,,0,102,,8222,0,21 22,0,30,,8214,0,21 22,0,70,,8230,0,21 22,0,30,,8208,0,21 22,0,101,,8225,0,21 22,0,70,,8219,0,21 22,0,35,,8232,0,21 22,0,102,,8220,0,21 22,0,98,,8216,0,21 22,0,69,,8231,,,0,25,,8209,,,0,98,,8224,,,0,70,,8221,,,0,29,,8210,,,0,69,,8218,,,0
2200,'4875',613,,8259,,,0,30,,8243,,,0,68,,8254,,,0,30,,8246,,,0,65,,8236,0,20 7,0,9,,8258,,,0,23,,8238,,,0,70,,8242,,,0,102,,8244,,,0,26,,8260,,,0,70,,8237,,,0,102,,8253,0,21 22,0,30,,8245,0,21 22,0,70,,8261,0,21 22,0,30,,8239,0,21 22,0,101,,8256,0,21 22,0,70,,8250,0,21 22,0,35,,8263,0,21 22,0,102,,8251,0,21 22,0,98,,8247,0,21 22,0,69,,8262,,,0,25,,8240,,,0,98,,8255,,,0,70,,8252,,,0,29,,8241,,,0,69,,8249,,,0
2200,'4876',702,,8284,,,0,40,,8269,,,0,80,,8273,,,0,80,,8286,,,0,32,,8270,,,0,70,,8264,,,0,31,,8271,,,0,71,,8285,,,0,31,,8268,,,0,70,,8267,,,0,31,,8272,,,0,70,,8265,,,0,31,,8290,,,0,70,,8266,,,0,30,,8279,,,0,70,,8274,,,0,30,,8278,,,0,69,,8289,,,0,29,,8280,,,0,71,,8275,,,0,30,,8282,,,0,73,,8281,,,0,30,,8277,,,0,68,,8276,,,0,29,,8291,,,0,69,,8292,,,0,27,,8288,,,0,68,,8283,,,0
2200,'4877',751,,8297,,,0,101,,8298,,,0,80,,8299,,,0,70,,8294,,,0,32,,8295,,,0,70,,8296,,,0,30,,8301,,,0,69,,8302,,,0,32,,8300,,,0,70,,8303,,,0,30,,8304,,,0,70,,8312,,,0,30,,8311,,,0,70,,8305,,,0,30,,8306,,,0,70,,8307,,,0,30,,8308,,,0,72,,8309,,,0,30,,8310,,,0,70,,8313,,,0,29,,8314,,,0,68,,8315,,,0,30,,8316,,,0,115,,8317,,,0
1002200,'4744',941,,19869,,,0,195,,19866,0,21 22,0,272,,19867,0,21 22,0,208,,19865,0,21 22,0,99,,19870,0,21 22,0,195,,19868,0,21 22,0
1002200,'4870',941,,19875,,,0,195,,19872,0,21 22,0,272,,19873,0,21 22,0,208,,19871,0,21 22,0,99,,19876,0,21 22,0,195,,19874,0,21 22,0
1002200,'4875',941,,19881,,,0,195,,19878,0,21 22,0,272,,19879,0,21 22,0,208,,19877,0,21 22,0,99,,19882,0,21 22,0,195,,19880,0,21 22,0
14002100,'4487',2117,,20266,,,0,30,,20267,,,0,70,,20268,,,0,102,,20269,,,0,99,,20270,,,0
14002100,'4743',2117,,20271,,,0,30,,20272,,,0,70,,20273,,,0,102,,20274,,,0,99,,20275,,,0
14002100,'4744',2117,,20276,,,0,30,,20277,,,0,70,,20278,,,0,100,,20279,,,0,99,,20280,,,0
14002100,'4745',2119,,20281,,,0,100,,20282,,,0,100,,20283,,,0
14002100,'4870',2117,,20284,,,0,30,,20285,,,0,70,,20286,,,0,100,,20287,,,0,99,,20288,,,0
14002100,'4875',2117,,20289,,,0,30,,20290,,,0,70,,20291,,,0,100,,20292,,,0,99,,20293,,,0
14002100,'4876',2117,,20294,,,0,30,,20295,,,0,70,,20296,,,0,102,,20297,,,0,99,,20298,,,0
14002100,'4877',2119,,20299,,,0,100,,20300,,,0,100,,20301,,,0
