301,'4487',718,,739,,,0,30,,740,,,0,71,,737,,,0,30,,748,,,0,71,,741,,,0,30,,736,,,0,71,,747,,,0,30,,738,,,0,70,,735,,,0,30,,745,,,0,70,,744,,,0,30,,742,,,0,70,,746,,,0,31,,749,,,0,71,,743,,,0,34,,750,,,0,70,,751,,,0,80,,754,,,0,25,,753,,,0,75,,755,,,0,30,,752,,,0,74,,756,,,0,25,,759,,,0,69,,760,,,0,30,,758,,,0,70,,757,,,0,30,,762,,,0,70,,761,,,0
301,'4744',603,,819,,,0,37,,817,,,0,76,,816,,,0,37,,818,,,0,82,,815,,,0,76,,808,,,0,35,,807,,,0,71,,806,,,0,30,,809,,,0,70,,804,,,0,31,,805,,,0,70,,811,,,0,35,,803,,,0,70,,802,,,0,30,,810,,,0,72,,801,,,0,33,,800,,,0,75,,812,,,0,74,,799,,,0,35,,798,,,0,73,,814,,,0,32,,797,,,0,74,,796,,,0,24,,813,,,0,70,,795,,,0,30,,794,,,0,65,,792,,,0,24,,793,,,0,70,,791,,,0
301,'4745',734,,843,,,0,86,,840,,,0,80,,842,,,0,45,,839,,,0,76,,841,,,0,80,,832,,,0,20,,837,,,0,30,,836,,,0,70,,833,,,0,30,,838,,,0,71,,835,,,0,30,,821,,,0,70,,820,,,0,37,,824,,,0,68,,822,,,0,75,,831,,,0,30,,826,,,0,69,,827,,,0,30,,828,,,0,70,,825,,,0,29,,823,,,0,70,,830,,,0,30,,829,,,0,74,,834,,,0
301,'4947',603,,872,,,0,37,,870,,,0,76,,869,,,0,37,,871,,,0,82,,868,,,0,76,,861,,,0,35,,860,,,0,71,,859,,,0,30,,862,,,0,70,,857,,,0,31,,858,,,0,70,,864,,,0,35,,856,,,0,70,,855,,,0,30,,863,,,0,72,,854,,,0,33,,853,,,0,75,,865,,,0,74,,852,,,0,35,,851,,,0,73,,867,,,0,32,,850,,,0,74,,849,,,0,24,,866,,,0,70,,848,,,0,30,,847,,,0,65,,845,,,0,24,,846,,,0,70,,844,,,0
301,'4952',603,,901,,,0,37,,899,,,0,76,,898,,,0,37,,900,,,0,82,,897,,,0,76,,890,,,0,35,,889,,,0,71,,888,,,0,30,,891,,,0,70,,886,,,0,31,,887,,,0,70,,893,,,0,35,,885,,,0,70,,884,,,0,30,,892,,,0,72,,883,,,0,33,,882,,,0,75,,894,,,0,74,,881,,,0,35,,880,,,0,73,,896,,,0,32,,879,,,0,74,,878,,,0,24,,895,,,0,70,,877,,,0,30,,876,,,0,65,,874,,,0,24,,875,,,0,70,,873,,,0
301,'4953',718,,906,,,0,30,,907,,,0,71,,904,,,0,30,,915,,,0,71,,908,,,0,30,,903,,,0,71,,914,,,0,30,,905,,,0,70,,902,,,0,30,,912,,,0,70,,911,,,0,30,,909,,,0,70,,913,,,0,31,,916,,,0,71,,910,,,0,34,,917,,,0,70,,918,,,0,80,,921,,,0,25,,920,,,0,75,,922,,,0,30,,919,,,0,74,,923,,,0,25,,926,,,0,69,,927,,,0,30,,925,,,0,70,,924,,,0,30,,929,,,0,70,,928,,,0
301,'4954',734,,953,,,0,86,,950,,,0,80,,952,,,0,45,,949,,,0,76,,951,,,0,80,,942,,,0,20,,947,,,0,30,,946,,,0,70,,943,,,0,30,,948,,,0,71,,945,,,0,30,,931,,,0,70,,930,,,0,37,,934,,,0,68,,932,,,0,75,,941,,,0,30,,936,,,0,69,,937,,,0,30,,938,,,0,70,,935,,,0,29,,933,,,0,70,,940,,,0,30,,939,,,0,74,,944,,,0
600,'4487',548,,2305,,,0,70,,2306,,,0,84,,2307,,,0,20,,2308,,,0,35,,20615,,,0,60,,2310,,,0,18,,20616,,,0,70,,20617,,,0,15,,2304,,,0,15,,2313,,,0,66,,2314,,,0,13,,20618,,,0,12,,2316,,,0,12,,2317,,,0,64,,2318,,,0,12,,2319,,,0,12,,2320,,,0,24,,2321,,,0,52,,2322,,,0,12,,20619,,,0,24,,2324,,,0,12,,2325,,,0,52,,2326,,,0,24,,2327,,,0,12,,20620,,,0,12,,2329,,,0,60,,2330,,,0,10,,2331,,,0,10,,2332,,,0,21,,2333,,,0,51,,20621,,,0,10,,2335,,,0,21,,2336,,,0,11,,2337,,,0,10,,2338,,,0,60,,2339,,,0,11,,20622,,,0,10,,20623,,,0,20,,2342,,,0,51,,20624,,,0,12,,2344,,,0,12,,2345,,,0,24,,20625,,,0,52,,2347,,,0,12,,2348,,,0,12,,2349,,,0,25,,2350,,,0,55,,20626,,,0,15,,2352,,,0,30,,2353,,,0,55,,2354,,,0,17,,20627,,,0,76,,2356,,,0,18,,20628,,,0,35,,2358,,,0,61,,2359,,,0,20,,20629,,,0,90,,2361,,,0,95,,2362,,,0
600,'4744',543,,2457,,,0,70,,2463,,,0,31,,2456,,,0,64,,2467,,,0,24,,2461,,,0,24,,2430,,,0,58,,2427,,,0,20,,2439,,,0,19,,20631,,,0,61,,2453,,,0,24,,2469,,,0,64,,2441,,,0,22,,2433,,,0,24,,2459,,,0,63,,2448,,,0,24,,2465,,,0,24,,2455,,,0,64,,2468,,,0,24,,2440,,,0,65,,2431,,,0,26,,2458,,,0,63,,2449,,,0,21,,2442,,,0,20,,2432,,,0,60,,2454,,,0,17,,2424,,,0,14,,2452,,,0,17,,2422,,,0,54,,2423,,,0,16,,2437,,,0,15,,2471,,,0,14,,2460,,,0,54,,20630,,,0,16,,2426,,,0,14,,2445,,,0,15,,2436,,,0,57,,2470,,,0,17,,2429,,,0,24,,2466,,,0,64,,2434,,,0,29,,2428,,,0,73,,2443,,,0,18,,2435,,,0,76,,2450,,,0,18,,2444,,,0,78,,2438,,,0,20,,2451,,,0,100,,2446,,,0,99,,2447,,,0
600,'4745',632,,2497,,,0,70,,2511,,,0,55,,2481,,,0,65,,2509,,,0,80,,2483,,,0,20,,2473,,,0,37,,2493,,,0,55,,2520,,,0,16,,2482,,,0,72,,2513,,,0,15,,2496,,,0,15,,2472,,,0,70,,2474,,,0,12,,2476,,,0,12,,2516,,,0,12,,2500,,,0,64,,2475,,,0,12,,2486,,,0,12,,2477,,,0,12,,2480,,,0,64,,2499,,,0,12,,2478,,,0,12,,2479,,,0,12,,2487,,,0,64,,2490,,,0,12,,2517,,,0,12,,2501,,,0,12,,2491,,,0,64,,2489,,,0,12,,2488,,,0,12,,2485,,,0,12,,2515,,,0,64,,2484,,,0,12,,2495,,,0,12,,2494,,,0,12,,2521,,,0,65,,20632,,,0,15,,2492,,,0,15,,2498,,,0,73,,2502,,,0,17,,2508,,,0,18,,2503,,,0,75,,2504,,,0,17,,2507,,,0,74,,2512,,,0,17,,2514,,,0,18,,2505,,,0,88,,2510,,,0,97,,2519,,,0,29,,2518,,,0
600,'4947',543,,2557,,,0,70,,2563,,,0,31,,2556,,,0,64,,2567,,,0,24,,2561,,,0,24,,2530,,,0,58,,2527,,,0,20,,2539,,,0,19,,20634,,,0,61,,2553,,,0,24,,2569,,,0,64,,2541,,,0,22,,2533,,,0,24,,2559,,,0,63,,2548,,,0,24,,2565,,,0,24,,2555,,,0,64,,2568,,,0,24,,2540,,,0,65,,2531,,,0,26,,2558,,,0,63,,2549,,,0,21,,2542,,,0,20,,2532,,,0,60,,2554,,,0,17,,2524,,,0,14,,2552,,,0,17,,2522,,,0,54,,2523,,,0,16,,2537,,,0,15,,2571,,,0,14,,2560,,,0,54,,20633,,,0,16,,2526,,,0,14,,2545,,,0,15,,2536,,,0,57,,2570,,,0,17,,2529,,,0,24,,2566,,,0,64,,2534,,,0,29,,2528,,,0,73,,2543,,,0,18,,2535,,,0,76,,2550,,,0,18,,2544,,,0,78,,2538,,,0,20,,2551,,,0,100,,2546,,,0,99,,2547,,,0
600,'4952',543,,2612,,,0,70,,2618,,,0,31,,2611,,,0,64,,2622,,,0,24,,2616,,,0,24,,2580,,,0,58,,2577,,,0,20,,2589,,,0,19,,20636,,,0,61,,2606,,,0,24,,2624,,,0,64,,2591,,,0,22,,2583,,,0,24,,2614,,,0,63,,2598,,,0,24,,2620,,,0,24,,2608,,,0,64,,2623,,,0,24,,2590,,,0,65,,2581,,,0,26,,2613,,,0,63,,2599,,,0,21,,2592,,,0,20,,2582,,,0,60,,2607,,,0,17,,2574,,,0,14,,2602,,,0,17,,2572,,,0,54,,2573,,,0,16,,2587,,,0,15,,2626,,,0,14,,2615,,,0,54,,20635,,,0,16,,2576,,,0,14,,2595,,,0,15,,2586,,,0,57,,2625,,,0,17,,2579,,,0,24,,2621,,,0,64,,2584,,,0,29,,2578,,,0,73,,2593,,,0,18,,2585,,,0,76,,2600,,,0,18,,2594,,,0,78,,2588,,,0,20,,2601,,,0,100,,2596,,,0,99,,2597,,,0,30,,2603,,,0,70,,2605,,,0,30,,2604,,,0,70,,2609,,,0,30,,2610,,,0
600,'4953',548,,2628,,,0,70,,2629,,,0,84,,2630,,,0,20,,2631,,,0,35,,2632,,,0,60,,2633,,,0,18,,2634,,,0,70,,2635,,,0,15,,2627,,,0,15,,2636,,,0,66,,20637,,,0,13,,2638,,,0,12,,2639,,,0,12,,2640,,,0,64,,2641,,,0,12,,2642,,,0,12,,2643,,,0,24,,2644,,,0,52,,2645,,,0,12,,2646,,,0,24,,2647,,,0,12,,20638,,,0,52,,2649,,,0,24,,2650,,,0,12,,2651,,,0,12,,20639,,,0,60,,20640,,,0,10,,2654,,,0,10,,2655,,,0,21,,2656,,,0,51,,2657,,,0,10,,20641,,,0,21,,2659,,,0,11,,2660,,,0,10,,2661,,,0,60,,2662,,,0,11,,2663,,,0,10,,2664,,,0,20,,2665,,,0,51,,20642,,,0,12,,2667,,,0,12,,2668,,,0,24,,2669,,,0,52,,2670,,,0,12,,2671,,,0,12,,2672,,,0,25,,2673,,,0,55,,2674,,,0,15,,2675,,,0,30,,2676,,,0,55,,2677,,,0,17,,2678,,,0,76,,2679,,,0,18,,20643,,,0,35,,2681,,,0,61,,2682,,,0,20,,2683,,,0,90,,2684,,,0,95,,2685,,,0,30,,20644,,,0,69,,2687,,,0,30,,20645,,,0,70,,2689,,,0,29,,20646,,,0
600,'4954',632,,2716,,,0,70,,2730,,,0,55,,2700,,,0,65,,2728,,,0,80,,2702,,,0,20,,2692,,,0,37,,2712,,,0,55,,2739,,,0,16,,2701,,,0,72,,2732,,,0,15,,2715,,,0,15,,2691,,,0,70,,20647,,,0,12,,2695,,,0,12,,2735,,,0,12,,2719,,,0,64,,2694,,,0,12,,2705,,,0,12,,20648,,,0,12,,20650,,,0,64,,2718,,,0,12,,20649,,,0,12,,2698,,,0,12,,2706,,,0,64,,2709,,,0,12,,2736,,,0,12,,2720,,,0,12,,2710,,,0,64,,20652,,,0,12,,2707,,,0,12,,20651,,,0,12,,20659,,,0,64,,2703,,,0,12,,2714,,,0,12,,20653,,,0,12,,2740,,,0,65,,2725,,,0,15,,2711,,,0,15,,2717,,,0,73,,2721,,,0,17,,20657,,,0,18,,20654,,,0,75,,2723,,,0,17,,20656,,,0,74,,2731,,,0,17,,2733,,,0,18,,20655,,,0,88,,20658,,,0,97,,20660,,,0,29,,2737,,,0
1100,'4487',730,,4369,,,0,76,,4353,,,0,36,,4339,,,0,71,,4343,,,0,30,,4370,,,0,70,,4361,,,0,26,,4348,,,0,65,,4340,,,0,26,,4346,,,0,29,,4358,,,0,65,,4342,,,0,25,,4356,,,0,65,,4350,,,0,24,,4341,,,0,65,,4344,,,0,26,,4357,,,0,25,,4349,,,0,65,,4360,,,0,27,,4352,,,0,65,,4347,,,0,23,,4351,,,0,24,,4368,,,0,63,,4345,,,0,24,,4359,,,0,64,,4371,,,0,25,,4362,,,0,25,,4354,,,0,64,,4355,,,0,24,,4364,,,0,65,,4366,,,0,24,,4363,,,0,70,,4365,,,0,30,,4367,,,0,74,,4372,,,0,35,,4373,,,0,69,,4374,,,0,30,,4375,,,0,79,,4376,,,0
1100,'4744',543,,4455,,,0,71,,4448,,,0,31,,4431,,,0,60,,4460,,,0,20,,4437,,,0,18,,4457,,,0,58,,4440,,,0,16,,4420,,,0,16,,4446,,,0,19,,4423,,,0,59,,4441,,,0,19,,4461,,,0,24,,4436,,,0,64,,4458,,,0,27,,4421,,,0,65,,4449,,,0,25,,4439,,,0,66,,4463,,,0,26,,4438,,,0,25,,4454,,,0,65,,4422,,,0,25,,4450,,,0,64,,4435,,,0,18,,4416,,,0,18,,4462,,,0,58,,4433,,,0,18,,4415,,,0,19,,4456,,,0,20,,4424,,,0,59,,4426,,,0,20,,4447,,,0,18,,4432,,,0,56,,4419,,,0,15,,4464,,,0,17,,4434,,,0,17,,4425,,,0,58,,4459,,,0,14,,4418,,,0,18,,4417,,,0,58,,4442,,,0,24,,4429,,,0,70,,4430,,,0,34,,4452,,,0,70,,4427,,,0,35,,4428,,,0,70,,20733,,,0,33,,4451,,,0,70,,4445,,,0,30,,4444,,,0,85,,20734,,,0
1100,'4745',745,,4466,,,0,80,,4465,,,0,81,,4468,,,0,31,,4467,,,0,71,,4470,,,0,36,,4469,,,0,75,,4474,,,0,31,,4472,,,0,70,,4471,,,0,31,,4473,,,0,70,,4477,,,0,30,,4478,,,0,70,,4476,,,0,31,,4475,,,0,70,,4481,,,0,30,,4480,,,0,69,,4479,,,0,30,,4483,,,0,69,,4484,,,0,29,,4482,,,0,68,,4485,,,0,29,,4486,,,0,70,,4488,,,0,85,,4487,,,0,45,,4489,,,0,84,,4490,,,0,79,,4491,,,0,45,,4492,,,0,85,,4493,,,0
1100,'4947',543,,4534,,,0,71,,4527,,,0,31,,4510,,,0,60,,4539,,,0,20,,4516,,,0,18,,4536,,,0,58,,4519,,,0,16,,4499,,,0,16,,4525,,,0,19,,4502,,,0,59,,4520,,,0,19,,4540,,,0,24,,4515,,,0,64,,4537,,,0,27,,4500,,,0,65,,4528,,,0,25,,4518,,,0,66,,4542,,,0,26,,4517,,,0,25,,4533,,,0,65,,4501,,,0,25,,4529,,,0,64,,4514,,,0,18,,4495,,,0,18,,4541,,,0,58,,4512,,,0,18,,4494,,,0,19,,4535,,,0,20,,4503,,,0,59,,4505,,,0,20,,4526,,,0,18,,4511,,,0,56,,4498,,,0,15,,4543,,,0,17,,4513,,,0,17,,4504,,,0,58,,4538,,,0,14,,4497,,,0,18,,4496,,,0,58,,4521,,,0,24,,4508,,,0,70,,4509,,,0,34,,4531,,,0,70,,4506,,,0,35,,4507,,,0,70,,20735,,,0,33,,4530,,,0,70,,4524,,,0,30,,4523,,,0,85,,20736,,,0
1100,'4952',543,,4584,,,0,71,,4577,,,0,31,,4560,,,0,60,,4589,,,0,20,,4566,,,0,18,,4586,,,0,58,,4569,,,0,16,,4549,,,0,16,,4575,,,0,19,,4552,,,0,59,,4570,,,0,19,,4590,,,0,24,,4565,,,0,64,,4587,,,0,27,,4550,,,0,65,,4578,,,0,25,,4568,,,0,66,,4592,,,0,26,,4567,,,0,25,,4583,,,0,65,,4551,,,0,25,,4579,,,0,64,,4564,,,0,18,,4545,,,0,18,,4591,,,0,58,,4562,,,0,18,,4544,,,0,19,,4585,,,0,20,,4553,,,0,59,,4555,,,0,20,,4576,,,0,18,,4561,,,0,56,,4548,,,0,15,,4593,,,0,17,,4563,,,0,17,,4554,,,0,58,,4588,,,0,14,,4547,,,0,18,,4546,,,0,58,,4571,,,0,24,,4558,,,0,70,,4559,,,0,34,,4581,,,0,70,,4556,,,0,35,,4557,,,0,70,,20737,,,0,33,,4580,,,0,70,,4574,,,0,30,,4573,,,0,85,,20738,,,0
1100,'4953',730,,4624,,,0,76,,4608,,,0,36,,4594,,,0,71,,4598,,,0,30,,4625,,,0,70,,4616,,,0,26,,4603,,,0,65,,4595,,,0,26,,4601,,,0,29,,4613,,,0,65,,4597,,,0,25,,4611,,,0,65,,4605,,,0,24,,4596,,,0,65,,4599,,,0,26,,4612,,,0,25,,4604,,,0,65,,4615,,,0,27,,4607,,,0,65,,4602,,,0,23,,4606,,,0,24,,4623,,,0,63,,4600,,,0,24,,4614,,,0,64,,4626,,,0,25,,4617,,,0,25,,4609,,,0,64,,4610,,,0,24,,4619,,,0,65,,4621,,,0,24,,4618,,,0,70,,4620,,,0,30,,4622,,,0,74,,4627,,,0,35,,4628,,,0,69,,4629,,,0,30,,4630,,,0,79,,4631,,,0
1100,'4954',745,,4633,,,0,80,,4632,,,0,81,,4635,,,0,31,,4634,,,0,71,,4637,,,0,36,,4636,,,0,75,,4641,,,0,31,,4639,,,0,70,,4638,,,0,31,,4640,,,0,70,,4644,,,0,30,,4645,,,0,70,,4643,,,0,31,,4642,,,0,70,,4648,,,0,30,,4647,,,0,69,,4646,,,0,30,,4650,,,0,69,,4651,,,0,29,,4649,,,0,68,,4652,,,0,29,,4653,,,0,70,,4655,,,0,85,,4654,,,0,45,,4656,,,0,84,,4657,,,0,79,,4658,,,0,45,,4659,,,0,85,,4660,,,0
1400,'4487',648,,5284,,,0,61,,5285,,,0,19,,5268,,,0,18,,5283,,,0,56,,5262,,,0,15,,5267,,,0,15,,5266,,,0,15,,5282,,,0,55,,5280,,,0,15,,5265,,,0,15,,5261,,,0,15,,5281,,,0,55,,5260,,,0,15,,5270,,,0,15,,5272,,,0,15,,5286,,,0,56,,5288,,,0,15,,5273,,,0,16,,5264,,,0,15,,5287,,,0,56,,5263,,,0,16,,5269,,,0,15,,5276,,,0,15,,5289,,,0,55,,5274,,,0,15,,5290,,,0,15,,5275,,,0,15,,5277,,,0,55,,5291,,,0,16,,5279,,,0,15,,5271,,,0,16,,5278,,,0,55,,5302,,,0,15,,5300,,,0,15,,5303,,,0,15,,5297,,,0,55,,5296,,,0,14,,5293,,,0,15,,5304,,,0,14,,5298,,,0,55,,5299,,,0,15,,5306,,,0,15,,5301,,,0,15,,5294,,,0,55,,5295,,,0,14,,5305,,,0,15,,5292,,,0,14,,5310,,,0,55,,5307,,,0,15,,5308,,,0,15,,5309,,,0,16,,5311,,,0,60,,5313,,,0,20,,5314,,,0,20,,5315,,,0,60,,5316,,,0,20,,5312,,,0,20,,5320,,,0,60,,5319,,,0,21,,5318,,,0,27,,5317,,,0,70,,5321,,,0,30,,5322,,,0,70,,5323,,,0
1400,'4744',609,,5388,,,0,20,,5396,,,0,17,,5408,,,0,56,,5389,,,0,14,,5418,,,0,7,,5451,,,0,6,,20754,,,0,9,,5450,,,0,6,,5470,,,0,6,,5444,,,0,6,,5426,,,0,46,,5400,,,0,8,,5440,,,0,5,,5390,,,0,8,,5441,,,0,5,,5409,,,0,7,,5399,,,0,3,,5393,,,0,5,,5468,,,0,5,,5459,,,0,6,,5427,,,0,47,,5460,,,0,6,,5401,,,0,6,,5443,,,0,6,,5391,,,0,7,,5461,,,0,6,,5410,,,0,11,,20753,,,0,13,,5445,,,0,52,,5442,,,0,13,,5402,,,0,13,,5395,,,0,13,,5411,,,0,53,,5392,,,0,13,,5425,,,0,13,,5398,,,0,14,,5406,,,0,13,,20755,,,0,53,,5449,,,0,13,,5448,,,0,13,,5407,,,0,13,,5467,,,0,13,,5404,,,0,53,,5416,,,0,13,,5403,,,0,13,,5429,,,0,13,,5417,,,0,54,,5415,,,0,12,,20756,,,0,14,,5446,,,0,11,,5447,,,0,14,,5414,,,0,58,,5413,,,0,8,,5471,,,0,8,,5428,,,0,16,,5424,,,0,56,,5422,,,0,15,,5423,,,0,15,,5421,,,0,16,,5469,,,0,55,,5419,,,0,15,,5431,,,0,16,,5420,,,0,17,,5463,,,0,55,,5437,,,0,14,,5432,,,0,15,,5434,,,0,16,,5433,,,0,54,,5435,,,0,15,,5436,,,0,15,,5430,,,0,15,,5438,,,0,57,,5439,,,0,20,,5456,,,0,20,,5455,,,0,60,,5452,,,0,20,,5457,,,0,20,,5453,,,0,59,,5454,,,0,21,,5458,,,0,30,,5464,,,0,70,,5462,,,0,30,,5465,,,0,70,,5466,,,0
1400,'4745',640,,5516,,,0,70,,5504,,,0,30,,5526,,,0,64,,5511,,,0,20,,5482,,,0,15,,5529,,,0,15,,5510,,,0,55,,5495,,,0,15,,5502,,,0,15,,5523,,,0,15,,5486,,,0,55,,5514,,,0,15,,5483,,,0,15,,5513,,,0,15,,5487,,,0,55,,5496,,,0,15,,5503,,,0,15,,5525,,,0,15,,5485,,,0,56,,5515,,,0,15,,5488,,,0,15,,5512,,,0,15,,5484,,,0,55,,5493,,,0,14,,5473,,,0,15,,5500,,,0,15,,5522,,,0,55,,5475,,,0,15,,5509,,,0,15,,5479,,,0,15,,5506,,,0,55,,5480,,,0,15,,5491,,,0,15,,5472,,,0,15,,5499,,,0,55,,5521,,,0,15,,5478,,,0,15,,5507,,,0,15,,5476,,,0,55,,5508,,,0,15,,5477,,,0,15,,5494,,,0,15,,5474,,,0,54,,5501,,,0,15,,5524,,,0,15,,5481,,,0,15,,5518,,,0,58,,5520,,,0,20,,5490,,,0,20,,5492,,,0,60,,5505,,,0,21,,5528,,,0,70,,5517,,,0,29,,5489,,,0,70,,5497,,,0,30,,5527,,,0,69,,5519,,,0,29,,5498,,,0
1400,'4947',609,,5530,,,0,20,,5538,,,0,17,,5549,,,0,56,,5531,,,0,14,,5559,,,0,7,,5592,,,0,6,,20758,,,0,9,,5591,,,0,6,,5611,,,0,6,,5585,,,0,6,,5567,,,0,46,,5542,,,0,8,,5581,,,0,5,,5532,,,0,8,,5582,,,0,5,,5550,,,0,7,,5541,,,0,3,,5535,,,0,5,,5609,,,0,5,,5600,,,0,6,,5568,,,0,47,,5601,,,0,6,,5543,,,0,6,,5584,,,0,6,,5533,,,0,7,,5602,,,0,6,,5551,,,0,11,,20757,,,0,13,,5586,,,0,52,,5583,,,0,13,,5544,,,0,13,,5537,,,0,13,,5552,,,0,53,,5534,,,0,13,,5566,,,0,13,,5540,,,0,14,,5547,,,0,13,,20759,,,0,53,,5590,,,0,13,,5589,,,0,13,,5548,,,0,13,,5608,,,0,66,,5557,,,0,13,,5545,,,0,13,,5570,,,0,13,,5558,,,0,54,,5556,,,0,12,,20760,,,0,14,,5587,,,0,11,,5588,,,0,14,,5555,,,0,58,,5554,,,0,8,,5612,,,0,8,,5569,,,0,16,,5565,,,0,56,,5563,,,0,15,,5564,,,0,15,,5562,,,0,16,,5610,,,0,55,,5560,,,0,15,,5572,,,0,16,,5561,,,0,17,,5604,,,0,55,,5578,,,0,14,,5573,,,0,15,,5575,,,0,16,,5574,,,0,54,,5576,,,0,15,,5577,,,0,15,,5571,,,0,15,,5579,,,0,57,,5580,,,0,20,,5597,,,0,20,,5596,,,0,60,,5593,,,0,20,,5598,,,0,20,,5594,,,0,59,,5595,,,0,21,,5599,,,0,30,,5605,,,0,70,,5603,,,0,30,,5606,,,0,70,,5607,,,0
1400,'4949',1258,,5614,,,0
1400,'4950',1258,,5613,,,0
1400,'4952',609,,5617,,,0,20,,5625,,,0,17,,5637,,,0,56,,5618,,,0,14,,5647,,,0,7,,5680,,,0,6,,20762,,,0,9,,5679,,,0,6,,5703,,,0,6,,5673,,,0,6,,5655,,,0,46,,5629,,,0,8,,5669,,,0,5,,5619,,,0,8,,5670,,,0,5,,5638,,,0,7,,5628,,,0,3,,5622,,,0,5,,5701,,,0,5,,5688,,,0,6,,5656,,,0,47,,5689,,,0,6,,5630,,,0,6,,5672,,,0,6,,5620,,,0,7,,5690,,,0,6,,5639,,,0,11,,20761,,,0,13,,5674,,,0,52,,5671,,,0,13,,5631,,,0,13,,5624,,,0,13,,5640,,,0,53,,5621,,,0,13,,5654,,,0,13,,5627,,,0,14,,5635,,,0,13,,20763,,,0,53,,5678,,,0,13,,5677,,,0,13,,5636,,,0,13,,5696,,,0,13,,5633,,,0,53,,5645,,,0,13,,5632,,,0,13,,5658,,,0,13,,5646,,,0,54,,5644,,,0,12,,20764,,,0,14,,5675,,,0,11,,5676,,,0,14,,5643,,,0,58,,5642,,,0,8,,5704,,,0,8,,5657,,,0,16,,5653,,,0,56,,5651,,,0,15,,5652,,,0,15,,5650,,,0,16,,5702,,,0,55,,5648,,,0,15,,5660,,,0,16,,5649,,,0,17,,5692,,,0,55,,5666,,,0,14,,5661,,,0,15,,5663,,,0,16,,5662,,,0,54,,5664,,,0,15,,5665,,,0,15,,5659,,,0,15,,5667,,,0,57,,5668,,,0,20,,5685,,,0,20,,5684,,,0,60,,5681,,,0,20,,5686,,,0,20,,5682,,,0,59,,5683,,,0,21,,5687,,,0,30,,5693,,,0,70,,5691,,,0,30,,5694,,,0,70,,5695,,,0,30,,5698,,,0,70,,5700,,,0,30,,5697,,,0,70,,5699,,,0
1400,'4953',648,,5731,,,0,61,,5732,,,0,19,,5715,,,0,18,,5730,,,0,56,,5709,,,0,15,,5714,,,0,15,,5713,,,0,15,,5729,,,0,55,,5727,,,0,15,,5712,,,0,15,,5708,,,0,15,,5728,,,0,55,,5707,,,0,15,,5717,,,0,15,,5719,,,0,15,,5733,,,0,56,,5735,,,0,15,,5720,,,0,16,,5711,,,0,15,,5734,,,0,56,,5710,,,0,16,,5716,,,0,15,,5723,,,0,15,,5736,,,0,55,,5721,,,0,15,,5737,,,0,15,,5722,,,0,15,,5724,,,0,55,,5738,,,0,16,,5726,,,0,15,,5718,,,0,16,,5725,,,0,55,,5749,,,0,15,,5747,,,0,15,,5750,,,0,15,,5744,,,0,55,,5743,,,0,14,,5740,,,0,15,,5751,,,0,14,,5745,,,0,55,,5746,,,0,15,,5753,,,0,15,,5748,,,0,15,,5741,,,0,55,,5742,,,0,14,,5752,,,0,15,,5739,,,0,14,,5757,,,0,55,,5754,,,0,15,,5755,,,0,15,,5756,,,0,16,,5758,,,0,60,,5760,,,0,20,,5761,,,0,20,,5762,,,0,60,,5763,,,0,20,,5759,,,0,20,,5767,,,0,60,,5766,,,0,21,,5765,,,0,27,,5764,,,0,70,,5768,,,0,30,,5769,,,0,70,,5770,,,0,30,,5771,,,0,69,,5772,,,0,29,,5773,,,0,70,,5774,,,0
1400,'4954',640,,5819,,,0,70,,5807,,,0,30,,5829,,,0,64,,5814,,,0,20,,5785,,,0,15,,5832,,,0,15,,5813,,,0,55,,5798,,,0,15,,5805,,,0,15,,5826,,,0,15,,5789,,,0,55,,5817,,,0,15,,5786,,,0,15,,5816,,,0,15,,5790,,,0,55,,5799,,,0,15,,5806,,,0,15,,5828,,,0,15,,5788,,,0,56,,5818,,,0,15,,5791,,,0,15,,5815,,,0,15,,5787,,,0,55,,5796,,,0,14,,5776,,,0,15,,5803,,,0,15,,5825,,,0,55,,5778,,,0,15,,5812,,,0,15,,5782,,,0,15,,5809,,,0,55,,5783,,,0,15,,5794,,,0,15,,5775,,,0,15,,5802,,,0,55,,5824,,,0,15,,5781,,,0,15,,5810,,,0,15,,5779,,,0,55,,5811,,,0,15,,5780,,,0,15,,5797,,,0,15,,5777,,,0,54,,5804,,,0,15,,5827,,,0,15,,5784,,,0,15,,5821,,,0,58,,5823,,,0,20,,5793,,,0,20,,5795,,,0,60,,5808,,,0,21,,5831,,,0,70,,5820,,,0,29,,5792,,,0,70,,5800,,,0,30,,5830,,,0,69,,5822,,,0,29,,5801,,,0
2201,'4487',737,,8328,,,0,79,,8339,,,0,29,,8324,,,0,69,,8318,,,0,31,,8327,,,0,70,,8340,,,0,29,,8323,,,0,69,,8322,,,0,31,,8325,,,0,69,,8320,,,0,28,,8344,,,0,70,,8321,,,0,29,,8326,,,0,70,,8319,,,0,30,,8332,,,0,70,,8343,,,0,29,,8334,,,0,71,,8330,,,0,31,,8333,,,0,74,,8335,,,0,31,,8331,,,0,71,,8329,,,0,30,,8337,,,0,71,,8336,,,0,27,,8342,,,0,68,,8338,,,0,32,,8345,,,0,70,,8341,,,0
2201,'4744',620,,8393,,,0,29,,8383,,,0,90,,8377,,,0,67,,8382,,,0,33,,8394,,,0,71,,8384,,,0,99,,8378,,,0,30,,8381,,,0,70,,8395,,,0,98,,8398,,,0,30,,8376,,,0,69,,8385,,,0,100,,8386,,,0,32,,8399,,,0,102,,8387,,,0,71,,8396,,,0,30,,8388,,,0,98,,8379,,,0,75,,8389,,,0,98,,8390,,,0,31,,8380,,,0,101,,8397,,,0,71,,8392,,,0
2201,'4745',806,,8408,,,0,40,,8409,,,0,69,,8400,,,0,28,,8401,,,0,70,,8411,,,0,30,,8410,,,0,69,,8402,,,0,30,,8404,,,0,70,,8405,,,0,30,,8403,,,0,68,,8407,,,0,30,,8406,,,0,70,,8413,,,0,30,,8414,,,0,70,,8412,,,0,30,,8416,,,0,74,,8415,,,0,30,,8418,,,0,70,,8417,,,0,30,,8419,,,0,72,,8420,,,0,30,,8421,,,0
2201,'4947',620,,8442,,,0,29,,8432,,,0,90,,8426,,,0,67,,8431,,,0,33,,8443,,,0,71,,8433,,,0,99,,8427,,,0,30,,8430,,,0,70,,8444,,,0,98,,8447,,,0,30,,8425,,,0,69,,8434,,,0,100,,8435,,,0,32,,8448,,,0,102,,8436,,,0,71,,8445,,,0,30,,8437,,,0,98,,8428,,,0,75,,8438,,,0,98,,8439,,,0,31,,8429,,,0,101,,8446,,,0,71,,8441,,,0
2201,'4952',620,,8466,,,0,29,,8456,,,0,90,,8450,,,0,67,,8455,,,0,33,,8467,,,0,71,,8457,,,0,99,,8451,,,0,30,,8454,,,0,70,,8468,,,0,98,,8471,,,0,30,,8449,,,0,69,,8458,,,0,100,,8459,,,0,32,,8472,,,0,102,,8460,,,0,71,,8469,,,0,30,,8461,,,0,98,,8452,,,0,75,,8462,,,0,98,,8463,,,0,31,,8453,,,0,101,,8470,,,0,71,,8465,,,0
2201,'4953',737,,8483,,,0,79,,8494,,,0,29,,8479,,,0,69,,8473,,,0,31,,8482,,,0,70,,8495,,,0,29,,8478,,,0,69,,8477,,,0,31,,8480,,,0,69,,8475,,,0,28,,8499,,,0,70,,8476,,,0,29,,8481,,,0,70,,8474,,,0,30,,8487,,,0,70,,8498,,,0,29,,8489,,,0,71,,8485,,,0,31,,8488,,,0,74,,8490,,,0,31,,8486,,,0,71,,8484,,,0,30,,8492,,,0,71,,8491,,,0,27,,8497,,,0,68,,8493,,,0,32,,8500,,,0,70,,8496,,,0
2201,'4954',806,,8510,,,0,40,,8511,,,0,69,,8502,,,0,28,,8503,,,0,70,,8513,,,0,30,,8512,,,0,69,,8504,,,0,30,,8506,,,0,70,,8507,,,0,30,,8505,,,0,68,,8509,,,0,30,,8508,,,0,70,,8515,,,0,30,,8516,,,0,70,,8514,,,0,30,,8518,,,0,74,,8517,,,0,30,,8520,,,0,70,,8519,,,0,30,,8521,,,0,72,,8522,,,0,30,,8523,,,0
1000600,'4487',641,,19540,,,0,99,,19541,,,0,110,,19542,,,0,98,,22542,,,0,102,,19544,,,0,88,,19545,,,0,88,,19546,,,0,88,,19547,,,0,86,,19548,,,0,40,,19549,,,0,83,,19550,,,0,81,,19551,,,0,41,,19552,,,0,97,,19553,,,0,100,,19554,,,0,98,,19555,,,0,105,,19556,,,0,93,,22543,,,0,164,,19558,,,0,55,,22544,,,0
1000600,'4744',558,,19603,,,0,98,,19588,,,0,88,,19594,,,0,80,,19589,,,0,79,,19583,,,0,47,,19590,,,0,86,,19595,,,0,87,,19586,,,0,88,,19597,,,0,89,,19601,,,0,50,,19604,,,0,82,,19600,,,0,80,,19598,,,0,29,,19580,,,0,71,,19602,,,0,30,,19596,,,0,69,,19591,,,0,29,,19581,,,0,72,,19599,,,0,46,,19587,,,0,96,,19592,,,0,94,,19582,,,0,94,,19584,,,0,110,,19585,,,0,99,,19593,,,0
1000600,'4745',732,,19613,,,0,110,,19614,,,0,100,,19619,,,0,104,,19605,,,0,101,,19608,,,0,103,,19606,,,0,100,,19620,,,0,100,,19607,,,0,100,,19609,,,0,100,,19610,,,0,100,,19612,,,0,98,,19611,,,0,111,,19615,,,0,91,,19616,,,0,152,,22545,,,0,55,,19617,,,0
1000600,'4947',558,,19644,,,0,98,,19629,,,0,88,,19635,,,0,80,,19630,,,0,79,,19624,,,0,47,,19631,,,0,86,,19636,,,0,87,,19627,,,0,88,,19638,,,0,89,,19642,,,0,50,,19645,,,0,82,,19641,,,0,80,,19639,,,0,29,,19621,,,0,71,,19643,,,0,30,,19637,,,0,69,,19632,,,0,29,,19622,,,0,72,,19640,,,0,46,,19628,,,0,96,,19633,,,0,94,,19623,,,0,94,,19625,,,0,110,,19626,,,0,99,,19634,,,0
1000600,'4952',558,,19669,,,0,98,,19654,,,0,88,,19660,,,0,80,,19655,,,0,79,,19649,,,0,47,,19656,,,0,86,,19661,,,0,87,,19652,,,0,88,,19663,,,0,89,,19667,,,0,50,,19670,,,0,82,,19666,,,0,80,,19664,,,0,29,,19646,,,0,71,,19668,,,0,30,,19662,,,0,69,,19657,,,0,29,,19647,,,0,72,,19665,,,0,46,,19653,,,0,96,,19658,,,0,94,,19648,,,0,94,,19650,,,0,110,,19651,,,0,99,,19659,,,0
1000600,'4953',641,,19671,,,0,99,,19672,,,0,110,,19673,,,0,98,,19674,,,0,102,,19675,,,0,88,,19676,,,0,88,,22546,,,0,88,,19678,,,0,86,,19679,,,0,40,,19680,,,0,83,,19681,,,0,81,,19682,,,0,41,,19683,,,0,97,,19684,,,0,100,,19685,,,0,98,,19686,,,0,105,,19687,,,0,93,,19688,,,0,164,,19689,,,0,55,,22547,,,0
1000600,'4954',732,,19699,,,0,110,,19700,,,0,100,,19705,,,0,104,,19691,,,0,101,,19694,,,0,103,,22548,,,0,100,,19706,,,0,100,,19693,,,0,100,,19695,,,0,100,,19696,,,0,100,,19698,,,0,98,,22549,,,0,111,,22550,,,0,91,,22551,,,0,152,,19704,,,0,55,,19703,,,0
1002201,'4744',720,,19890,,,0,218,,19889,,,0,200,,19885,,,0,198,,19887,,,0,175,,19884,,,0,200,,19891,,,0,131,,19888,,,0,172,,19886,,,0
1002201,'4947',720,,19898,,,0,218,,19897,,,0,200,,19893,,,0,198,,19895,,,0,175,,19892,,,0,200,,19899,,,0,131,,19896,,,0,172,,19894,,,0
1002201,'4952',720,,19909,,,0,218,,19908,,,0,200,,19904,,,0,198,,19906,,,0,175,,19903,,,0,200,,19910,,,0,131,,19907,,,0,172,,19905,,,0
2000600,'4744',629,,20065,,,0,91,,20061,,,0,84,,20068,,,0,39,,20060,,,0,83,,20069,,,0,87,,20070,,,0,87,,20073,,,0,47,,20059,,,0,88,,20063,,,0,90,,20066,,,0,87,,20055,,,0,40,,20056,,,0,74,,20072,,,0,32,,20062,,,0,70,,20058,,,0,28,,20057,,,0,70,,20071,,,0,31,,20067,,,0,77,,20064,,,0,90,,20074,,,0
2000600,'4947',629,,20085,,,0,91,,20081,,,0,84,,20088,,,0,39,,20080,,,0,83,,20089,,,0,87,,20090,,,0,87,,20093,,,0,47,,20079,,,0,88,,20083,,,0,90,,20086,,,0,87,,20075,,,0,40,,20076,,,0,74,,20092,,,0,32,,20082,,,0,70,,20078,,,0,28,,20077,,,0,70,,20091,,,0,31,,20087,,,0,77,,20084,,,0,90,,20094,,,0
2000600,'4952',629,,20105,,,0,91,,20101,,,0,84,,20108,,,0,39,,20100,,,0,83,,20109,,,0,87,,20110,,,0,87,,20113,,,0,47,,20099,,,0,88,,20103,,,0,90,,20106,,,0,87,,20095,,,0,40,,20096,,,0,74,,20112,,,0,32,,20102,,,0,70,,20098,,,0,28,,20097,,,0,70,,20111,,,0,31,,20107,,,0,77,,20104,,,0,90,,20114,,,0
