8301,'4623',701,,76045,9,,,0,51,,76046,9,,,0,249,,76047,9,,,0,141,,76048,9,,,0,195,,76049,9,,,0,211,,76050,9,,,0,253,,76051,9,,,0,200,,76052,9,,,0
8301,'4833',937,,76056,9,,,0,300,,76054,9,,,0,305,,76055,9,,,0,300,,76053,9,,,0
8301,'5015',937,,76060,9,,,0,300,,76058,9,,,0,305,,76059,9,,,0,300,,76057,9,,,0
8301,'5222',701,,76061,9,,,0,51,,76062,9,,,0,249,,76063,9,,,0,141,,76064,9,,,0,195,,76065,9,,,0,211,,76066,9,,,0,253,,76067,9,,,0,200,,76068,9,,,0
8301,'5365',936,,76071,9,,,0,300,,76072,9,,,0,305,,76070,9,,,0,300,,76069,9,,,0
8301,'5390',936,,76075,9,,,0,300,,76076,9,,,0,305,,76074,9,,,0,300,,76073,9,,,0
8500,'4623',637,,76077,9,,,0,98,,76078,9,,,0,200,,76079,9,,,0,200,,76080,9,,,0,200,,76081,9,,,0,200,,76082,9,,,0,199,,76083,9,,,0,200,,76084,9,,,0
8500,'4833',842,,76087,9,,,0,300,,76088,9,,,0,306,,76085,9,,,0,299,,76086,9,,,0
8500,'5015',842,,76091,9,,,0,300,,76092,9,,,0,306,,76089,9,,,0,299,,76090,9,,,0
8500,'5222',637,,76093,9,,,0,98,,76094,9,,,0,200,,76095,9,,,0,200,,76096,9,,,0,200,,76097,9,,,0,200,,76098,9,,,0,199,,76099,9,,,0,200,,76100,9,,,0
8500,'5365',842,,76103,9,,,0,300,,76104,9,,,0,306,,76101,9,,,0,299,,76102,9,,,0
8500,'5390',842,,76107,9,,,0,300,,76108,9,,,0,306,,76105,9,,,0,299,,76106,9,,,0
