2100,'4623',633,,68523,3,0,18 19,0,500,,68515,31,0,18 19,0,512,,68525,31,0,18 19,0
2100,'4833',854,,68550,31,0,18 19,0,387,,68541,31,0,18 19,0,199,,68542,31,0,18 19,0,202,,68556,31,0,18 19,0,199,,68551,31,0,18 19,0
2100,'5015',854,,68577,31,0,18 19,0,387,,68568,31,0,18 19,0,199,,68569,31,0,18 19,0,202,,68583,31,0,18 19,0,199,,68578,31,0,18 19,0
2100,'5222',633,,68613,3,0,18 19,0,500,,68605,31,0,18 19,0,512,,68615,31,0,18 19,0
2100,'5365',914,,68634,31,0,18 19,0,322,,68632,31,0,18 19,0,203,,68638,31,0,18 19,0,200,,68644,31,0,18 19,0,197,,68650,31,0,18 19,0
2100,'5390',914,,68659,31,0,18 19,0,322,,68657,31,0,18 19,0,203,,68663,31,0,18 19,0,200,,68669,31,0,18 19,0,197,,68675,31,0,18 19,0
8300,'4623',659,,76015,10,,,0,244,,76016,10,,,0,140,,76017,10,,,0,207,,76018,10,,,0,198,,76019,10,,,0,252,,76020,10,,,0,208,,76021,10,,,0
8300,'4833',1045,,76024,10,,,0,300,,76025,10,,,0,305,,76023,10,,,0,300,,76022,10,,,0
8300,'5015',1045,,76028,10,,,0,300,,76029,10,,,0,305,,76027,10,,,0,300,,76026,10,,,0
8300,'5222',659,,76030,10,,,0,244,,76031,10,,,0,140,,76032,10,,,0,207,,76033,10,,,0,198,,76034,10,,,0,252,,76035,10,,,0,208,,76036,10,,,0
8300,'5365',1045,,76039,10,,,0,300,,76040,10,,,0,305,,76038,10,,,0,300,,76037,10,,,0
8300,'5390',1045,,76043,10,,,0,300,,76044,10,,,0,305,,76042,10,,,0,300,,76041,10,,,0
