7000,'4487',808,,16353,,,0,17,,16354,,,0,99,,16355,,,0,86,,16356,,,0,14,,16352,,,0,85,,16371,,,0,14,,16357,,,0,85,,16358,,,0,17,,16359,,,0,84,,16378,,,0,15,,16360,,,0,84,,16361,,,0,15,,16362,,,0,82,,16372,,,0,19,,16363,,,0,84,,16364,,,0,15,,16365,,,0,81,,16373,,,0,20,,16366,,,0,84,,16367,,,0,16,,16368,,,0,83,,16375,,,0,19,,16374,,,0,82,,16376,,,0,17,,16369,,,0,101,,16377,,,0,110,,16370,,,0
7000,'4744',626,,16409,,,0,94,,16406,,,0,104,,16410,,,0,100,,16404,,,0,100,,16407,,,0,99,,16418,,,0,100,,16416,,,0,100,,16405,,,0,100,,16412,,,0,100,,16414,,,0,100,,16408,,,0,100,,16411,,,0,103,,16413,,,0,198,,16415,,,0,208,,16417,,,0
7000,'4745',627,,16419,,,0,100,,16438,,,0,85,,16439,,,0,14,,16420,,,0,86,,16440,,,0,14,,16441,,,0,84,,16421,,,0,14,,16422,,,0,85,,16442,,,0,15,,16423,,,0,85,,16424,,,0,15,,16425,,,0,84,,16443,,,0,16,,16426,,,0,84,,16427,,,0,16,,16428,,,0,85,,16444,,,0,15,,16429,,,0,84,,16430,,,0,16,,16431,,,0,83,,16445,,,0,17,,16432,,,0,85,,16433,,,0,15,,16434,,,0,86,,16446,,,0,15,,16435,,,0,101,,16436,,,0,210,,16437,,,0
7000,'4947',626,,16451,,,0,94,,16449,,,0,104,,16452,,,0,100,,16447,,,0,199,,16460,,,0,100,,16458,,,0,100,,16448,,,0,100,,16454,,,0,100,,16456,,,0,100,,16450,,,0,100,,16453,,,0,103,,16455,,,0,198,,16457,,,0,208,,16459,,,0
7000,'4948',1024,,16461,,,0
7000,'4951',1024,,16462,,,0
7000,'4952',626,,16468,,,0,94,,16465,,,0,104,,16469,,,0,100,,16463,,,0,100,,16466,,,0,99,,16477,,,0,100,,16475,,,0,100,,16464,,,0,80,,16479,,,0,20,,16471,,,0,100,,16473,,,0,80,,16480,,,0,20,,16467,,,0,100,,16470,,,0,87,,16478,,,0,16,,16472,,,0,198,,16474,,,0,208,,16476,,,0
7000,'4953',808,,16482,,,0,17,,16483,,,0,99,,16484,,,0,86,,16485,,,0,14,,16481,,,0,99,,16486,,,0,85,,16487,,,0,17,,16488,,,0,99,,16489,,,0,84,,16490,,,0,15,,16491,,,0,101,,16492,,,0,84,,16493,,,0,15,,16494,,,0,101,,16495,,,0,84,,16496,,,0,16,,16497,,,0,201,,16498,,,0,211,,16499,,,0
7000,'4954',627,,16500,,,0,199,,16501,,,0,184,,16502,,,0,14,,16503,,,0,100,,16504,,,0,85,,16505,,,0,15,,16506,,,0,100,,16507,,,0,84,,16508,,,0,16,,16509,,,0,100,,16510,,,0,84,,16511,,,0,16,,16512,,,0,100,,16513,,,0,85,,16514,,,0,15,,16515,,,0,101,,16516,,,0,101,,16517,,,0,210,,16518,,,0
7100,'4744',1602,,16643,,,0,106,,16644,,,0,103,,16645,,,0
7100,'4947',1602,,16646,,,0,106,,16647,,,0,103,,16648,,,0
7100,'4952',1602,,16649,,,0,106,,16650,,,0,103,,16651,,,0
7200,'4487',628,,16661,,,0,99,,16662,,,0,32,,16663,,,0,69,,16664,,,0,29,,16665,,,0,70,,16666,,,0,30,,16667,,,0,70,,16668,,,0,30,,16669,,,0,69,,16670,,,0,30,,16671,,,0,70,,16672,,,0,30,,16673,,,0,70,,16674,,,0,29,,16675,,,0,70,,16676,,,0,30,,16677,,,0,70,,16678,,,0,30,,16679,,,0,70,,16680,,,0,30,,16681,,,0,70,,16682,,,0,30,,16683,,,0,70,,16684,,,0,30,,16685,,,0,70,,16686,,,0,31,,16687,,,0,70,,16688,,,0,30,,16689,,,0,70,,16690,,,0,100,,16691,,,0,100,,16692,,,0,118,,22387,0,10 11 12,0
7200,'4744',618,,16751,,,0,29,,16745,,,0,79,,16734,,,0,29,,16750,,,0,70,,16757,,,0,30,,16738,,,0,71,,16752,,,0,29,,16746,,,0,70,,16730,,,0,30,,16753,,,0,70,,16742,,,0,30,,16736,,,0,70,,16728,,,0,30,,16729,,,0,69,,16735,,,0,30,,16727,,,0,70,,16758,,,0,30,,16731,,,0,70,,16739,,,0,30,,16733,,,0,70,,16732,,,0,29,,16737,,,0,71,,16740,,,0,30,,16759,,,0,73,,16747,,,0,28,,16741,,,0,70,,16744,,,0,30,,16743,,,0,70,,16749,,,0,32,,16755,,,0,70,,16748,,,0,99,,16754,,,0,100,,16756,,,0,116,,16760,0,10 11 12,0
7200,'4745',727,,16762,,,0,100,,16763,,,0,100,,16764,,,0,100,,16765,,,0,99,,16761,,,0,30,,16766,,,0,70,,16767,,,0,30,,16768,,,0,69,,16769,,,0,30,,16770,,,0,70,,16771,,,0,30,,16772,,,0,70,,16773,,,0,30,,16774,,,0,70,,16775,,,0,30,,16776,,,0,70,,16777,,,0,30,,16778,,,0,70,,16779,,,0,31,,16780,,,0,70,,16781,,,0,30,,16782,,,0,71,,16783,,,0,99,,16784,,,0,100,,16785,,,0,102,,16786,,,0,75,,16787,0,10 11 12,0
7200,'4947',618,,16809,,,0,29,,16803,,,0,108,,16808,,,0,70,,16815,,,0,30,,16796,,,0,71,,16810,,,0,29,,16804,,,0,70,,16791,,,0,30,,16811,,,0,70,,16800,,,0,30,,16795,,,0,70,,16789,,,0,30,,16790,,,0,99,,16788,,,0,70,,16816,,,0,30,,16792,,,0,70,,16797,,,0,30,,16794,,,0,70,,16793,,,0,100,,16798,,,0,30,,16817,,,0,73,,16805,,,0,28,,16799,,,0,70,,16802,,,0,30,,16801,,,0,70,,16807,,,0,32,,16813,,,0,70,,16806,,,0,99,,16812,,,0,100,,16814,,,0,116,,16818,0,10 11 12,0
7200,'4948',726,,16819,,,0,598,,16820,,,0,329,,16821,,,0
7200,'4951',726,,16822,,,0,598,,16823,,,0,329,,16824,,,0
7200,'4952',618,,16849,,,0,29,,16843,,,0,79,,16832,,,0,29,,16848,,,0,70,,16855,,,0,30,,16836,,,0,71,,16850,,,0,29,,16844,,,0,70,,16828,,,0,30,,16851,,,0,70,,16840,,,0,30,,16834,,,0,70,,16826,,,0,30,,16827,,,0,69,,16833,,,0,30,,16825,,,0,70,,16856,,,0,30,,16829,,,0,70,,16837,,,0,30,,16831,,,0,70,,16830,,,0,29,,16835,,,0,71,,16838,,,0,30,,16857,,,0,73,,16845,,,0,28,,16839,,,0,70,,16842,,,0,30,,16841,,,0,70,,16847,,,0,32,,16853,,,0,70,,16846,,,0,99,,16852,,,0,100,,16854,,,0,116,,16858,0,10 11 12,0
7200,'4953',628,,16859,,,0,99,,16860,,,0,32,,16861,,,0,69,,16862,,,0,29,,16863,,,0,70,,16864,,,0,30,,16865,,,0,70,,16866,,,0,30,,16867,,,0,69,,16868,,,0,30,,16869,,,0,70,,16870,,,0,30,,16871,,,0,70,,16872,,,0,29,,16873,,,0,70,,16874,,,0,30,,16875,,,0,70,,16876,,,0,30,,16877,,,0,70,,16878,,,0,30,,16879,,,0,70,,16880,,,0,30,,16881,,,0,70,,16882,,,0,30,,16883,,,0,70,,16884,,,0,31,,16885,,,0,70,,16886,,,0,30,,16887,,,0,70,,16888,,,0,100,,16889,,,0,100,,16890,,,0,118,,16891,0,10 11 12,0
7200,'4954',727,,16893,,,0,100,,16894,,,0,100,,16895,,,0,100,,16896,,,0,99,,16892,,,0,30,,16897,,,0,70,,16898,,,0,30,,16899,,,0,69,,16900,,,0,30,,16901,,,0,70,,16902,,,0,30,,16903,,,0,70,,16904,,,0,30,,16905,,,0,70,,16906,,,0,30,,16907,,,0,70,,16908,,,0,30,,16909,,,0,70,,16910,,,0,31,,16911,,,0,70,,16912,,,0,30,,16913,,,0,71,,16914,,,0,99,,16915,,,0,100,,16916,,,0,102,,16917,,,0,75,,16918,0,10 11 12,0
8100,'4487',828,,22478,,,0,100,,22479,,,0,100,,17649,,,0,99,,17650,,,0,100,,17651,,,0,100,,22480,,,0,101,,17653,,,0,100,,22481,,,0,100,,22482,,,0,100,,22483,,,0,100,,17657,,,0,101,,22484,,,0,100,,22485,,,0,99,,22486,0,44,0
8100,'4744',616,,17675,,,0,189,,17676,,,0,123,,17677,,,0,98,,17678,,,0,100,,17679,,,0,100,,22487,,,0,100,,17681,,,0,100,,17682,,,0,100,,17683,,,0,100,,17685,,,0,100,,17686,,,0,85,,17687,,,0,116,,22488,,,0,100,,17689,,,0,105,,17690,0,44,0
8100,'4745',827,,22490,,,0,101,,22489,,,0,99,,17693,,,0,100,,22491,,,0,100,,22492,,,0,100,,17696,,,0,100,,17697,,,0,100,,22493,,,0,100,,22494,,,0,100,,22495,,,0,100,,17701,,,0,101,,22496,,,0,102,,17703,,,0,102,,22497,0,44,0
8100,'4947',616,,17705,,,0,189,,17706,,,0,123,,17707,,,0,98,,17708,,,0,100,,17709,,,0,100,,22498,,,0,100,,17711,,,0,100,,17712,,,0,100,,17713,,,0,100,,17715,,,0,100,,17716,,,0,201,,22499,,,0,100,,17718,,,0,105,,17719,0,44,0
8100,'4949',1811,,17721,,,0
8100,'4950',1811,,17720,,,0
8100,'4952',616,,17722,,,0,189,,17723,,,0,123,,17724,,,0,98,,17725,,,0,100,,17726,,,0,100,,22500,,,0,100,,17728,,,0,100,,17729,,,0,100,,17730,,,0,100,,17732,,,0,100,,17733,,,0,85,,17734,,,0,116,,22501,,,0,100,,17736,,,0,105,,17737,0,44,0
8100,'4953',828,,17738,,,0,100,,17739,,,0,100,,17740,,,0,99,,17741,,,0,100,,17742,,,0,100,,22502,,,0,101,,22503,,,0,100,,17745,,,0,100,,22504,,,0,100,,17747,,,0,100,,17748,,,0,101,,17749,,,0,100,,22505,,,0,99,,17751,0,44,0
8100,'4954',827,,22507,,,0,101,,22506,,,0,99,,17754,,,0,100,,17755,,,0,100,,17756,,,0,100,,22508,,,0,100,,22509,,,0,100,,17759,,,0,100,,17760,,,0,100,,22510,,,0,100,,17762,,,0,101,,17763,,,0,102,,17764,,,0,102,,17765,0,44,0
8500,'4487',912,,17967,,,0,300,,17968,,,0,306,,17965,,,0,299,,17966,,,0
8500,'4744',707,,17973,,,0,98,,17974,,,0,200,,17975,,,0,200,,17976,,,0,200,,17977,,,0,200,,17978,,,0,199,,17979,,,0,199,,17980,,,0
8500,'4745',912,,17983,,,0,300,,17984,,,0,306,,17981,,,0,299,,17982,,,0
8500,'4947',707,,17985,,,0,98,,17986,,,0,200,,17987,,,0,200,,17988,,,0,200,,17989,,,0,200,,17990,,,0,199,,17991,,,0,199,,17992,,,0
8500,'4952',707,,17993,,,0,98,,17994,,,0,200,,17995,,,0,200,,17996,,,0,200,,17997,,,0,200,,17998,,,0,199,,17999,,,0,199,,18000,,,0
8500,'4953',912,,18003,,,0,300,,18004,,,0,306,,18001,,,0,299,,18002,,,0
8500,'4954',912,,18007,,,0,300,,18008,,,0,306,,18005,,,0,299,,18006,,,0
8700,'4744',749,,18010,,,0,201,,18009,,,0,201,,18011,,,0,205,,18015,,,0,195,,18013,,,0,201,,18014,,,0
8700,'4947',749,,18017,,,0,201,,18016,,,0,201,,18018,,,0,205,,18022,,,0,195,,18020,,,0,201,,18021,,,0
8700,'4952',749,,18024,,,0,201,,18023,,,0,201,,18025,,,0,205,,18029,,,0,195,,18027,,,0,201,,18028,,,0
8800,'4487',825,,18056,,,0,98,,18057,,,0,100,,18058,,,0,100,,18059,,,0,100,,18060,,,0,99,,18061,,,0,100,,18052,,,0,100,,18053,,,0,100,,18054,,,0,100,,18055,,,0,98,,18049,,,0,100,,18050,,,0,101,,18051,,,0,100,,18048,,,0
8800,'4744',850,,18076,,,0,200,,18077,,,0,201,,18078,,,0,200,,18079,,,0,200,,18080,,,0,206,,18081,,,0
8800,'4745',825,,18090,,,0,94,,18091,,,0,100,,18092,,,0,101,,18093,,,0,101,,18094,,,0,100,,18095,,,0,99,,18086,,,0,99,,18087,,,0,100,,18088,,,0,101,,18089,,,0,102,,18083,,,0,99,,18084,,,0,99,,18085,,,0,98,,18082,,,0
8800,'4947',850,,18096,,,0,200,,18097,,,0,201,,18098,,,0,200,,18099,,,0,200,,18100,,,0,206,,18101,,,0
8800,'4952',850,,18102,,,0,200,,18103,,,0,201,,18104,,,0,200,,18105,,,0,200,,18106,,,0,206,,18107,,,0
8800,'4953',825,,18116,,,0,98,,18117,,,0,100,,18118,,,0,100,,18119,,,0,100,,18120,,,0,99,,18121,,,0,100,,18112,,,0,100,,18113,,,0,100,,18114,,,0,100,,18115,,,0,98,,18109,,,0,100,,18110,,,0,101,,18111,,,0,100,,18108,,,0
8800,'4954',825,,18130,,,0,94,,18131,,,0,100,,18132,,,0,101,,18133,,,0,101,,18134,,,0,100,,18135,,,0,99,,18126,,,0,99,,18127,,,0,100,,18128,,,0,101,,18129,,,0,102,,18123,,,0,99,,18124,,,0,99,,18125,,,0,98,,18122,,,0
