2601,'5036',557,,42177,7,,,0,62,,42178,7,,,0,17,,42179,7,,,0,14,,42176,7,,,0,55,,42185,7,,,0,16,,42196,7,,,0,15,,42191,7,,,0,12,,42207,7,,,0,56,,42187,7,,,0,15,,42192,7,,,0,12,,42189,7,,,0,15,,42195,7,,,0,55,,42186,7,,,0,14,,42194,7,,,0,15,,42202,7,,,0,15,,42188,7,,,0,55,,42190,7,,,0,15,,42197,7,,,0,15,,42206,7,,,0,15,,42182,7,,,0,55,,42180,7,,,0,15,,42183,7,,,0,14,,42193,7,,,0,14,,42198,7,,,0,15,,42203,7,,,0,55,,42199,7,,,0,15,,42200,7,,,0,15,,42204,7,,,0,15,,42205,7,,,0,55,,42201,7,,,0,14,,42184,7,,,0,12,,42225,7,,,0,13,,42181,7,,,0,53,,42221,7,,,0,14,,42219,7,,,0,14,,42212,7,,,0,10,,42211,7,,,0,15,,42213,7,,,0,55,,42210,7,,,0,15,,42208,7,,,0,15,,42220,7,,,0,14,,42215,7,,,0,55,,42226,7,,,0,15,,42224,7,,,0,16,,42218,7,,,0,14,,42216,7,,,0,55,,42223,7,,,0,15,,42217,7,,,0,15,,42209,7,,,0,15,,42171,7,,,0,55,,42170,7,,,0,16,,42172,7,,,0,15,,42175,7,,,0,15,,42173,7,,,0,55,,42214,7,,,0,15,,42222,7,,,0,20,,42169,7,,,0,60,,42174,7,,,0,39,,42165,7,,,0,60,,42161,7,,,0,20,,42168,7,,,0,30,,42160,7,,,0,71,,42163,7,,,0,72,,42164,7,,,0,30,,42166,7,,,0,70,,42167,7,,,0,31,,42162,7,,,0
2601,'5040',557,,42246,7,,,0,62,,42247,7,,,0,17,,42248,7,,,0,14,,42245,7,,,0,55,,42254,7,,,0,16,,42265,7,,,0,15,,42260,7,,,0,12,,42276,7,,,0,56,,42256,7,,,0,15,,42261,7,,,0,12,,42258,7,,,0,15,,42264,7,,,0,55,,42255,7,,,0,14,,42263,7,,,0,15,,42271,7,,,0,15,,42257,7,,,0,55,,42259,7,,,0,15,,42266,7,,,0,15,,42275,7,,,0,15,,42251,7,,,0,55,,42249,7,,,0,15,,42252,7,,,0,14,,42262,7,,,0,14,,42267,7,,,0,15,,42272,7,,,0,55,,42268,7,,,0,15,,42269,7,,,0,15,,42273,7,,,0,15,,42274,7,,,0,55,,42270,7,,,0,14,,42253,7,,,0,12,,42294,7,,,0,13,,42250,7,,,0,53,,42290,7,,,0,14,,42288,7,,,0,14,,42281,7,,,0,10,,42280,7,,,0,15,,42282,7,,,0,55,,42279,7,,,0,15,,42277,7,,,0,15,,42289,7,,,0,14,,42284,7,,,0,55,,42295,7,,,0,15,,42293,7,,,0,16,,42287,7,,,0,14,,42285,7,,,0,55,,42292,7,,,0,15,,42286,7,,,0,15,,42278,7,,,0,15,,42240,7,,,0,55,,42239,7,,,0,16,,42241,7,,,0,15,,42244,7,,,0,15,,42242,7,,,0,55,,42283,7,,,0,15,,42291,7,,,0,20,,42238,7,,,0,60,,42243,7,,,0,20,,42236,7,,,0,19,,42232,7,,,0,60,,42228,7,,,0,20,,42237,7,,,0,30,,42227,7,,,0,71,,42230,7,,,0,72,,42231,7,,,0,30,,42234,7,,,0,70,,42235,7,,,0,31,,42229,7,,,0,70,,42233,7,,,0
2601,'5041',624,,42297,7,,,0,30,,42298,7,,,0,65,,42299,7,,,0,17,,42300,7,,,0,17,,42301,7,,,0,57,,42302,7,,,0,17,,42303,7,,,0,17,,42304,7,,,0,57,,42305,7,,,0,17,,42306,7,,,0,17,,42307,7,,,0,17,,42308,7,,,0,57,,42309,7,,,0,17,,42310,7,,,0,17,,42311,7,,,0,57,,42312,7,,,0,17,,42313,7,,,0,17,,42296,7,,,0,17,,42314,7,,,0,57,,42315,7,,,0,17,,42316,7,,,0,17,,42317,7,,,0,16,,42318,7,,,0,57,,42319,7,,,0,17,,42320,7,,,0,17,,42321,7,,,0,56,,42322,7,,,0,17,,42323,7,,,0,17,,42324,7,,,0,16,,42325,7,,,0,56,,42326,7,,,0,16,,42327,7,,,0,16,,42328,7,,,0,57,,42329,7,,,0,17,,42330,7,,,0,17,,42331,7,,,0,18,,42332,7,,,0,57,,42333,7,,,0,18,,42334,7,,,0,20,,42335,7,,,0,60,,42336,7,,,0,20,,42337,7,,,0,21,,42338,7,,,0,60,,42339,7,,,0,20,,42340,7,,,0,18,,42341,7,,,0,60,,42342,7,,,0,20,,42343,7,,,0,20,,42344,7,,,0,60,,42345,7,,,0,20,,42346,7,,,0,20,,42347,7,,,0,60,,42348,7,,,0,22,,42349,7,,,0,31,,42350,7,,,0,70,,42351,7,,,0,71,,42352,7,,,0,30,,42353,7,,,0,71,,42354,7,,,0
2601,'5075',2028,,42355,7,,,0
2601,'5076',2028,,42356,7,,,0
2601,'5078',644,,42380,7,,,0,62,,42367,7,,,0,22,,42357,7,,,0,22,,42376,7,,,0,60,,42381,7,,,0,26,,42366,7,,,0,20,,42359,7,,,0,60,,42377,7,,,0,22,,42370,7,,,0,18,,42360,7,,,0,58,,42364,7,,,0,18,,42358,7,,,0,18,,42378,7,,,0,58,,42362,7,,,0,19,,42383,7,,,0,18,,42361,7,,,0,58,,42365,7,,,0,18,,42363,7,,,0,18,,42374,7,,,0,18,,42371,7,,,0,58,,42384,7,,,0,18,,42368,7,,,0,18,,42379,7,,,0,58,,42372,7,,,0,18,,42375,7,,,0,18,,42373,7,,,0,58,,42382,7,,,0,18,,42369,7,,,0,18,,42393,7,,,0,18,,42388,7,,,0,58,,42392,7,,,0,17,,42386,7,,,0,17,,42395,7,,,0,57,,42385,7,,,0,20,,42391,7,,,0,20,,42389,7,,,0,60,,42390,7,,,0,20,,42394,7,,,0,20,,42387,7,,,0,60,,42397,7,,,0,20,,42403,7,,,0,20,,42399,7,,,0,60,,42402,7,,,0,20,,42398,7,,,0,20,,42396,7,,,0,60,,42400,7,,,0,22,,42401,7,,,0,30,,42404,7,,,0,70,,42405,7,,,0,31,,42406,7,,,0,71,,42407,7,,,0
2601,'5079',644,,42431,7,,,0,62,,42418,7,,,0,22,,42408,7,,,0,22,,42427,7,,,0,60,,42432,7,,,0,26,,42417,7,,,0,20,,42410,7,,,0,60,,42428,7,,,0,22,,42421,7,,,0,18,,42411,7,,,0,58,,42415,7,,,0,18,,42409,7,,,0,18,,42429,7,,,0,58,,42413,7,,,0,19,,42434,7,,,0,18,,42412,7,,,0,58,,42416,7,,,0,18,,42414,7,,,0,18,,42425,7,,,0,18,,42422,7,,,0,58,,42435,7,,,0,18,,42419,7,,,0,18,,42430,7,,,0,58,,42423,7,,,0,18,,42426,7,,,0,18,,42424,7,,,0,58,,42433,7,,,0,18,,42420,7,,,0,18,,42444,7,,,0,18,,42439,7,,,0,58,,42443,7,,,0,17,,42437,7,,,0,17,,42446,7,,,0,57,,42436,7,,,0,20,,42442,7,,,0,20,,42440,7,,,0,60,,42441,7,,,0,20,,42445,7,,,0,20,,42438,7,,,0,60,,42448,7,,,0,20,,42454,7,,,0,20,,42450,7,,,0,60,,42453,7,,,0,20,,42449,7,,,0,20,,42447,7,,,0,60,,42451,7,,,0,22,,42452,7,,,0,30,,42455,7,,,0,70,,42456,7,,,0,31,,42457,7,,,0,71,,42458,7,,,0
4001,'5036',556,,44537,7,,,0,95,,44531,7,,,0,67,,44539,7,,,0,93,,44525,7,,,0,98,,44535,7,,,0,100,,44526,7,,,0,100,,44534,7,,,0,101,,44527,7,,,0,100,,44536,7,,,0,100,,44528,7,,,0,106,,44538,7,,,0,36,,44523,7,,,0,76,,44530,7,,,0,74,,44524,7,,,0,34,,44541,7,,,0,86,,44529,7,,,0,97,,44540,7,,,0,97,,44532,7,,,0,125,,44533,7,,,0
4001,'5040',556,,44556,7,,,0,95,,44550,7,,,0,67,,44558,7,,,0,93,,44544,7,,,0,98,,44554,7,,,0,100,,44545,7,,,0,100,,44553,7,,,0,101,,44546,7,,,0,100,,44555,7,,,0,100,,44547,7,,,0,106,,44557,7,,,0,36,,44542,7,,,0,76,,44549,7,,,0,74,,44543,7,,,0,34,,44560,7,,,0,86,,44548,7,,,0,97,,44559,7,,,0,97,,44551,7,,,0,125,,44552,7,,,0
4001,'5041',631,,44570,7,,,0,125,,44573,7,,,0,100,,44561,7,,,0,100,,44563,7,,,0,101,,44569,7,,,0,100,,44571,7,,,0,100,,44562,7,,,0,100,,44564,7,,,0,100,,44567,7,,,0,100,,44572,7,,,0,100,,44565,7,,,0,100,,44566,7,,,0,99,,44568,7,,,0,100,,44574,7,,,0,170,,44575,7,,,0
4001,'5078',725,,44577,7,,,0,131,,44576,7,,,0,100,,44578,7,,,0,100,,44579,7,,,0,101,,44581,7,,,0,100,,44580,7,,,0,100,,44585,7,,,0,100,,44583,7,,,0,100,,44584,7,,,0,99,,44582,7,,,0,100,,44587,7,,,0,100,,44586,7,,,0,100,,44588,7,,,0
4001,'5079',725,,44590,7,,,0,131,,44589,7,,,0,100,,44591,7,,,0,100,,44592,7,,,0,101,,44594,7,,,0,100,,44593,7,,,0,100,,44598,7,,,0,100,,44596,7,,,0,100,,44597,7,,,0,99,,44595,7,,,0,100,,44600,7,,,0,100,,44599,7,,,0,100,,44601,7,,,0
1002601,'5036',1505,,48602,7,,,0,13,,48601,5,,,0
1002601,'5040',1401,,48603,5,,,0,104,,48604,7,,,0
