201,'4623',616,,63441,37,0,46 37,0,21,,63433,37,0,46 37,0,67,,63450,37,0,46 37,0,30,,63445,37,0,46 37,0,72,,63434,37,0,46 37,0,31,,63449,37,0,46 37,0,72,,63439,37,0,46 37,0,30,,63435,37,0,46 37,0,73,,63447,37,0,46 37,0,39,,63440,37,0,46 37,0,80,,63436,37,0,46 37,0,79,,63438,37,0,46 37,0,40,,63437,37,0,46 37,0,80,,63446,37,0,46 37,0,80,,63443,37,0,46 37,0,17,,63448,11,0,46 37,0,76,,63444,37,0,46 37,0,34,,63442,37,0,46 37,0,77,,63452,37,0,46 37,0,35,,63453,37,0,46 37,0,74,,63451,37,0,46 37,0,77,,63454,37,0,46 37,0,46,,63455,37,0,46 37,0,65,,63457,37,0,46 37,0,40,,63456,37,0,46 37,0,82,,63458,37,0,46 37,0,81,,63459,37,0,46 37,0,38,,63460,37,0,46 37,0,80,,63461,37,0,46 37,0,81,,63463,37,0,46 37,0,40,,63462,37,0,46 37,0,70,,63464,37,0,46 37,0,31,,63465,11,0,46 37,0
201,'4833',658,,63486,37,0,46 37,0,159,,63487,37,0,46 37,0,22,,63473,11,0,46 37,0,103,,63481,37,0,46 37,0,80,,63474,37,0,46 37,0,79,,63466,11,0,46 37,0,20,,63484,37,0,46 37,0,79,,63475,37,0,46 37,0,40,,63467,37,0,46 37,0,79,,63470,37,0,46 37,0,39,,63469,37,0,46 37,0,81,,63479,37,0,46 37,0,80,,63471,37,0,46 37,0,40,,63468,37,0,46 37,0,81,,63472,37,0,46 37,0,75,,63480,37,0,46 37,0,41,,63483,37,0,46 37,0,80,,63482,37,0,46 37,0,75,,63485,37,0,46 37,0,35,,63476,37,0,46 37,0,80,,63477,37,0,46 37,0,85,,63478,37,0,46 37,0,41,,63491,37,0,46 37,0,81,,63488,37,0,46 37,0,81,,63489,37,0,46 37,0,40,,63490,37,0,46 37,0,76,,63492,37,0,46 37,0,70,,63493,11,0,46 37,0
201,'5015',658,,63514,37,0,46 37,0,159,,63515,37,0,46 37,0,22,,63501,11,0,46 37,0,103,,63509,37,0,46 37,0,80,,63502,37,0,46 37,0,79,,63494,11,0,46 37,0,20,,63512,37,0,46 37,0,79,,63503,37,0,46 37,0,40,,63495,37,0,46 37,0,79,,63498,37,0,46 37,0,39,,63497,37,0,46 37,0,81,,63507,37,0,46 37,0,80,,63499,37,0,46 37,0,40,,63496,37,0,46 37,0,81,,63500,37,0,46 37,0,75,,63508,37,0,46 37,0,41,,63511,37,0,46 37,0,80,,63510,37,0,46 37,0,75,,63513,37,0,46 37,0,35,,63504,37,0,46 37,0,80,,63505,37,0,46 37,0,85,,63506,37,0,46 37,0,41,,63519,37,0,46 37,0,81,,63516,37,0,46 37,0,81,,63517,37,0,46 37,0,40,,63518,37,0,46 37,0,76,,63520,37,0,46 37,0,70,,63521,11,0,46 37,0
201,'5222',616,,63530,37,0,46 37,0,21,,63522,37,0,46 37,0,67,,63539,37,0,46 37,0,30,,63534,37,0,46 37,0,72,,63523,37,0,46 37,0,31,,63538,37,0,46 37,0,72,,63528,37,0,46 37,0,30,,63524,37,0,46 37,0,73,,63536,37,0,46 37,0,39,,63529,37,0,46 37,0,80,,63525,37,0,46 37,0,79,,63527,37,0,46 37,0,40,,63526,37,0,46 37,0,80,,63535,37,0,46 37,0,80,,63532,37,0,46 37,0,17,,63537,11,0,46 37,0,76,,63533,37,0,46 37,0,34,,63531,37,0,46 37,0,77,,63541,37,0,46 37,0,35,,63542,37,0,46 37,0,74,,63540,37,0,46 37,0,77,,63543,37,0,46 37,0,46,,63544,37,0,46 37,0,65,,63546,37,0,46 37,0,40,,63545,37,0,46 37,0,82,,63547,37,0,46 37,0,81,,63548,37,0,46 37,0,38,,63549,37,0,46 37,0,80,,63550,37,0,46 37,0,81,,63552,37,0,46 37,0,40,,63551,37,0,46 37,0,70,,63553,37,0,46 37,0
201,'5365',644,,63568,37,0,46 37,0,160,,63575,37,0,46 37,0,120,,63569,37,0,46 37,0,99,,63556,11,0,46 37,0,77,,63576,37,0,46 37,0,20,,63554,11,0,46 37,0,80,,63555,37,0,46 37,0,40,,63566,37,0,46 37,0,80,,63562,37,0,46 37,0,80,,63561,37,0,46 37,0,40,,63557,37,0,46 37,0,80,,63558,37,0,46 37,0,80,,63567,37,0,46 37,0,40,,63563,37,0,46 37,0,76,,63559,37,0,46 37,0,40,,63560,37,0,46 37,0,80,,63564,37,0,46 37,0,76,,63573,37,0,46 37,0,40,,63565,37,0,46 37,0,80,,63572,37,0,46 37,0,81,,63571,37,0,46 37,0,40,,63574,37,0,46 37,0,81,,63570,37,0,46 37,0,80,,63577,37,0,46 37,0,40,,63578,37,0,46 37,0
201,'5390',644,,63593,37,0,46 37,0,160,,63600,37,0,46 37,0,120,,63594,37,0,46 37,0,99,,63581,11,0,46 37,0,77,,63601,37,0,46 37,0,20,,63579,11,0,46 37,0,80,,63580,37,0,46 37,0,40,,63591,37,0,46 37,0,80,,63587,37,0,46 37,0,80,,63586,37,0,46 37,0,40,,63582,37,0,46 37,0,80,,63583,37,0,46 37,0,80,,63592,37,0,46 37,0,40,,63588,37,0,46 37,0,76,,63584,37,0,46 37,0,40,,63585,37,0,46 37,0,80,,63589,37,0,46 37,0,76,,63598,37,0,46 37,0,40,,63590,37,0,46 37,0,80,,63597,37,0,46 37,0,81,,63596,37,0,46 37,0,40,,63599,37,0,46 37,0,81,,63595,37,0,46 37,0,80,,63602,37,0,46 37,0,40,,63603,37,0,46 37,0
501,'4623',649,,64775,32,,,0,71,,64780,32,,,0,29,,64772,32,,,0,72,,64774,32,,,0,32,,64778,32,,,0,71,,64773,32,,,0,30,,64776,32,,,0,77,,64779,32,,,0,80,,64777,32,,,0,40,,64787,32,,,0,79,,64782,32,,,0,80,,64783,32,,,0,40,,64781,32,,,0,95,,64784,32,,,0,76,,64786,32,,,0,35,,64785,32,,,0,76,,64788,32,,,0,74,,64792,32,,,0,34,,64790,32,,,0,81,,64791,32,,,0,110,,64789,32,,,0,80,,64793,32,,,0,42,,64794,32,,,0
501,'4833',737,,64803,32,,,0,121,,64805,32,,,0,60,,64797,11,,,0,84,,64802,32,,,0,39,,64796,32,,,0,100,,64804,32,,,0,79,,64795,32,,,0,80,,64811,32,,,0,38,,64800,32,,,0,80,,64801,32,,,0,41,,64798,32,,,0,80,,64799,32,,,0,80,,64809,32,,,0,81,,64812,32,,,0,35,,64808,32,,,0,81,,64810,32,,,0,35,,64814,32,,,0,75,,64813,32,,,0,80,,64806,32,,,0,45,,64807,32,,,0
501,'5015',737,,64823,32,,,0,121,,64825,32,,,0,60,,64817,11,,,0,84,,64822,32,,,0,39,,64816,32,,,0,100,,64824,32,,,0,79,,64815,32,,,0,80,,64831,32,,,0,38,,64820,32,,,0,80,,64821,32,,,0,41,,64818,32,,,0,80,,64819,32,,,0,80,,64829,32,,,0,81,,64832,32,,,0,35,,64828,32,,,0,81,,64830,32,,,0,35,,64834,32,,,0,75,,64833,32,,,0,80,,64826,32,,,0,45,,64827,32,,,0
501,'5222',649,,64838,32,,,0,71,,64843,32,,,0,29,,64835,32,,,0,72,,64837,32,,,0,32,,64841,32,,,0,71,,64836,32,,,0,30,,64839,32,,,0,77,,64842,32,,,0,80,,64840,32,,,0,40,,64850,32,,,0,79,,64845,32,,,0,80,,64846,32,,,0,40,,64844,32,,,0,95,,64847,32,,,0,76,,64849,32,,,0,35,,64848,32,,,0,76,,64851,32,,,0,74,,64855,32,,,0,34,,64853,32,,,0,81,,64854,32,,,0,110,,64852,32,,,0,80,,64856,32,,,0,42,,64857,32,,,0
501,'5365',724,,64872,32,,,0,120,,64871,32,,,0,159,,64870,32,,,0,39,,64864,32,,,0,98,,64867,32,,,0,80,,64863,32,,,0,80,,64859,32,,,0,40,,64858,32,,,0,80,,64874,32,,,0,80,,64866,32,,,0,40,,64862,32,,,0,80,,64861,32,,,0,81,,64860,32,,,0,35,,64873,32,,,0,80,,64868,32,,,0,35,,64865,32,,,0,81,,64869,32,,,0
501,'5390',724,,64889,32,,,0,120,,64888,32,,,0,159,,64887,32,,,0,39,,64881,32,,,0,98,,64884,32,,,0,80,,64880,32,,,0,80,,64876,32,,,0,40,,64875,32,,,0,80,,64891,32,,,0,80,,64883,32,,,0,40,,64879,32,,,0,80,,64878,32,,,0,81,,64877,32,,,0,35,,64890,32,,,0,80,,64885,32,,,0,35,,64882,32,,,0,81,,64886,32,,,0
