4701,'5036',1634,,44666,15,,,0,70,,44667,15,,,0,32,,44668,15,,,0
4701,'5040',1634,,44669,15,,,0,70,,44670,15,,,0,32,,44671,15,,,0
4801,'5036',1633,,44678,15,,,0,69,,44679,15,,,0,34,,44680,15,,,0
4801,'5040',1633,,44681,15,,,0,69,,44682,15,,,0,34,,44683,15,,,0
5301,'5036',1638,,45145,15,,,0
5301,'5040',1638,,45155,15,,,0
6101,'5036',1526,,46169,15,,,0,30,,46170,15,,,0,74,,46178,15,,,0,24,,46180,15,,,0,57,,46172,15,,,0,22,,46184,15,,,0,81,,46175,15,,,0
6101,'5040',1526,,46205,15,,,0,30,,46206,15,,,0,74,,46214,15,,,0,24,,46216,15,,,0,57,,46208,15,,,0,22,,46220,15,,,0,81,,46211,15,,,0
6501,'5036',1717,,46342,15,,,0,30,,46341,15,,,0
6501,'5040',1615,,46344,15,,,0,28,,46343,15,,,0,74,,46346,15,,,0,30,,46345,15,,,0
6501,'5075',1615,,46348,15,,,0,28,,46347,15,,,0
6501,'5076',1615,,46350,15,,,0,28,,46349,15,,,0
9501,'5036',520,,48041,10,0,15,0,26,,48049,10,0,15,0,59,,48039,10,0,15,0,14,,48029,10,0,15,0,12,,48033,10,0,15,0,14,,48027,10,0,15,0,12,,48040,10,0,15,0,52,,48018,10,0,15,0,13,,48016,10,0,15,0,12,,48048,10,0,15,0,13,,48015,10,0,15,0,12,,48034,10,0,15,0,52,,48013,10,0,15,0,13,,48014,10,0,15,0,13,,48019,10,0,15,0,12,,48010,10,0,15,0,52,,48008,10,0,15,0,12,,48006,10,0,15,0,12,,48005,10,0,15,0,12,,48050,10,0,15,0,12,,48004,10,0,15,0,52,,48030,10,0,15,0,12,,47997,10,0,15,0,12,,48045,10,0,15,0,12,,48021,10,0,15,0,11,,48009,10,0,15,0,53,,47994,10,0,15,0,12,,47995,10,0,15,0,12,,47988,10,0,15,0,12,,48047,10,0,15,0,12,,47989,10,0,15,0,52,,48028,10,0,15,0,12,,47987,10,0,15,0,12,,48042,10,0,15,0,12,,48017,10,0,15,0,12,,48011,10,0,15,0,51,,47985,10,0,15,0,11,,47996,10,0,15,0,10,,47982,10,0,15,0,10,,47991,10,0,15,0,10,,48046,10,0,15,0,10,,47983,10,0,15,0,50,,48031,10,0,15,0,10,,47981,10,0,15,0,10,,47980,10,0,15,0,10,,48044,10,0,15,0,10,,48020,10,0,15,0,11,,48007,10,0,15,0,50,,47973,10,0,15,0,10,,47974,10,0,15,0,10,,47998,10,0,15,0,11,,47975,10,0,15,0,10,,47990,10,0,15,0,10,,48053,10,0,15,0,50,,47968,10,0,15,0,9,,47984,10,0,15,0,8,,48032,10,0,15,0,8,,47977,10,0,15,0,8,,47969,10,0,15,0,8,,47967,10,0,15,0,8,,48043,10,0,15,0,48,,48025,10,0,15,0,8,,48012,10,0,15,0,8,,47970,10,0,15,0,7,,47965,10,0,15,0,8,,47966,10,0,15,0,8,,48002,10,0,15,0,8,,48056,10,0,15,0,10,,47993,10,0,15,0,48,,47986,10,0,15,0,8,,48054,10,0,15,0,10,,47964,10,0,15,0,10,,48037,10,0,15,0,10,,47978,10,0,15,0,11,,47963,10,0,15,0,52,,48022,10,0,15,0,12,,47972,10,0,15,0,11,,47962,10,0,15,0,11,,48003,10,0,15,0,12,,47992,10,0,15,0,52,,48052,10,0,15,0,14,,48038,10,0,15,0,15,,47979,10,0,15,0,15,,48026,10,0,15,0,55,,47971,10,0,15,0,15,,47961,10,0,15,0,15,,47999,10,0,15,0,15,,48051,10,0,15,0,54,,48036,10,0,15,0,20,,47976,10,0,15,0,20,,48023,10,0,15,0,60,,47960,10,0,15,0,20,,48000,10,0,15,0,27,,48035,10,0,15,0,69,,48024,10,0,15,0,30,,48001,10,0,15,0
9501,'5040',520,,48142,10,0,15,0,26,,48150,10,0,15,0,59,,48140,10,0,15,0,14,,48130,10,0,15,0,12,,48134,10,0,15,0,14,,48128,10,0,15,0,12,,48141,10,0,15,0,52,,48119,10,0,15,0,13,,48117,10,0,15,0,12,,48149,10,0,15,0,13,,48116,10,0,15,0,12,,48135,10,0,15,0,52,,48114,10,0,15,0,13,,48115,10,0,15,0,13,,48120,10,0,15,0,12,,48111,10,0,15,0,52,,48109,10,0,15,0,12,,48107,10,0,15,0,12,,48106,10,0,15,0,12,,48151,10,0,15,0,12,,48105,10,0,15,0,52,,48131,10,0,15,0,12,,48098,10,0,15,0,12,,48146,10,0,15,0,12,,48122,10,0,15,0,11,,48110,10,0,15,0,53,,48095,10,0,15,0,12,,48096,10,0,15,0,12,,48089,10,0,15,0,12,,48148,10,0,15,0,12,,48090,10,0,15,0,52,,48129,10,0,15,0,12,,48088,10,0,15,0,12,,48143,10,0,15,0,12,,48118,10,0,15,0,12,,48112,10,0,15,0,51,,48086,10,0,15,0,11,,48097,10,0,15,0,10,,48083,10,0,15,0,10,,48092,10,0,15,0,10,,48147,10,0,15,0,10,,48084,10,0,15,0,50,,48132,10,0,15,0,10,,48082,10,0,15,0,10,,48081,10,0,15,0,10,,48145,10,0,15,0,10,,48121,10,0,15,0,11,,48108,10,0,15,0,50,,48074,10,0,15,0,10,,48075,10,0,15,0,10,,48099,10,0,15,0,11,,48076,10,0,15,0,10,,48091,10,0,15,0,10,,48154,10,0,15,0,50,,48069,10,0,15,0,9,,48085,10,0,15,0,8,,48133,10,0,15,0,8,,48078,10,0,15,0,8,,48070,10,0,15,0,8,,48068,10,0,15,0,8,,48144,10,0,15,0,48,,48126,10,0,15,0,8,,48113,10,0,15,0,8,,48071,10,0,15,0,7,,48066,10,0,15,0,8,,48067,10,0,15,0,8,,48103,10,0,15,0,8,,48157,10,0,15,0,10,,48094,10,0,15,0,48,,48087,10,0,15,0,8,,48155,10,0,15,0,10,,48064,10,0,15,0,10,,48138,10,0,15,0,10,,48079,10,0,15,0,11,,48063,10,0,15,0,52,,48123,10,0,15,0,12,,48073,10,0,15,0,11,,48060,10,0,15,0,11,,48104,10,0,15,0,12,,48093,10,0,15,0,52,,48153,10,0,15,0,14,,48139,10,0,15,0,15,,48080,10,0,15,0,15,,48127,10,0,15,0,55,,48072,10,0,15,0,15,,48059,10,0,15,0,15,,48100,10,0,15,0,15,,48152,10,0,15,0,54,,48137,10,0,15,0,20,,48077,10,0,15,0,20,,48124,10,0,15,0,60,,48057,10,0,15,0,20,,48101,10,0,15,0,27,,48136,10,0,15,0,69,,48125,10,0,15,0,30,,48102,10,0,15,0,70,,48062,10,0,15,0,30,,48065,10,0,15,0,70,,48058,10,0,15,0,30,,48061,10,0,15,0
9501,'5041',618,,48159,10,0,15,0,36,,48160,10,0,15,0,60,,48161,10,0,15,0,19,,48162,10,0,15,0,20,,48163,10,0,15,0,55,,48164,10,0,15,0,15,,48158,10,0,15,0,15,,48165,10,0,15,0,16,,48166,10,0,15,0,55,,48167,10,0,15,0,16,,48168,10,0,15,0,15,,48169,10,0,15,0,16,,48170,10,0,15,0,55,,48171,10,0,15,0,15,,48172,10,0,15,0,15,,48173,10,0,15,0,16,,48174,10,0,15,0,55,,48175,10,0,15,0,15,,48176,10,0,15,0,16,,48177,10,0,15,0,15,,48178,10,0,15,0,55,,48179,10,0,15,0,14,,48180,10,0,15,0,13,,48181,10,0,15,0,12,,48182,10,0,15,0,52,,48183,10,0,15,0,12,,48184,10,0,15,0,12,,48185,10,0,15,0,12,,48186,10,0,15,0,12,,48187,10,0,15,0,52,,48188,10,0,15,0,12,,48189,10,0,15,0,13,,48190,10,0,15,0,13,,48191,10,0,15,0,12,,48192,10,0,15,0,52,,48193,10,0,15,0,12,,48194,10,0,15,0,13,,48195,10,0,15,0,12,,48196,10,0,15,0,12,,48197,10,0,15,0,51,,48198,10,0,15,0,12,,48199,10,0,15,0,12,,48200,10,0,15,0,11,,48201,10,0,15,0,12,,48202,10,0,15,0,52,,48203,10,0,15,0,12,,48204,10,0,15,0,12,,48205,10,0,15,0,12,,48206,10,0,15,0,12,,48207,10,0,15,0,52,,48208,10,0,15,0,12,,48209,10,0,15,0,12,,48210,10,0,15,0,12,,48211,10,0,15,0,12,,48212,10,0,15,0,52,,48213,10,0,15,0,15,,48214,10,0,15,0,15,,48215,10,0,15,0,15,,48216,10,0,15,0,54,,48217,10,0,15,0,15,,48218,10,0,15,0,15,,48219,10,0,15,0,15,,48220,10,0,15,0,55,,48221,10,0,15,0,14,,48222,10,0,15,0,15,,48223,10,0,15,0,15,,48224,10,0,15,0,55,,48225,10,0,15,0,20,,48226,10,0,15,0,20,,48227,10,0,15,0,60,,48228,10,0,15,0,20,,48229,10,0,15,0,26,,48230,10,0,15,0,69,,48231,10,0,15,0,30,,48232,10,0,15,0,70,,48233,10,0,15,0,29,,48234,10,0,15,0,70,,48235,10,0,15,0,30,,48236,10,0,15,0
9501,'5078',700,,48237,10,0,15,0,30,,48238,10,0,15,0,20,,48239,10,0,15,0,60,,48240,10,0,15,0,20,,48241,10,0,15,0,15,,48242,10,0,15,0,55,,48243,10,0,15,0,15,,48244,10,0,15,0,15,,48245,10,0,15,0,16,,48246,10,0,15,0,55,,48247,10,0,15,0,15,,48248,10,0,15,0,16,,48253,10,0,15,0,15,,48249,10,0,15,0,55,,48250,10,0,15,0,15,,48251,10,0,15,0,15,,48254,10,0,15,0,16,,48255,10,0,15,0,55,,48252,10,0,15,0,15,,48256,10,0,15,0,15,,48257,10,0,15,0,15,,48258,10,0,15,0,55,,48259,10,0,15,0,15,,48260,10,0,15,0,15,,48261,10,0,15,0,16,,48262,10,0,15,0,55,,48263,10,0,15,0,15,,48264,10,0,15,0,15,,48265,10,0,15,0,15,,48266,10,0,15,0,55,,48267,10,0,15,0,15,,48268,10,0,15,0,15,,48269,10,0,15,0,16,,48270,10,0,15,0,53,,48271,10,0,15,0,12,,48272,10,0,15,0,11,,48273,10,0,15,0,13,,48274,10,0,15,0,12,,48275,10,0,15,0,52,,48276,10,0,15,0,13,,48277,10,0,15,0,12,,48278,10,0,15,0,12,,48279,10,0,15,0,12,,48280,10,0,15,0,54,,48281,10,0,15,0,15,,48282,10,0,15,0,14,,48283,10,0,15,0,15,,48284,10,0,15,0,54,,48285,10,0,15,0,15,,48286,10,0,15,0,15,,48287,10,0,15,0,15,,48288,10,0,15,0,55,,48289,10,0,15,0,15,,48290,10,0,15,0,13,,48291,10,0,15,0,15,,48292,10,0,15,0,55,,48293,10,0,15,0,15,,48294,10,0,15,0,15,,48295,10,0,15,0,15,,48296,10,0,15,0,55,,48298,10,0,15,0,20,,48297,10,0,15,0,20,,48299,10,0,15,0,59,,48300,10,0,15,0,20,,48301,10,0,15,0,32,,48302,10,0,15,0,70,,48303,10,0,15,0
9501,'5079',700,,48304,10,0,15,0,30,,48305,10,0,15,0,20,,48306,10,0,15,0,60,,48307,10,0,15,0,20,,48308,10,0,15,0,15,,48309,10,0,15,0,55,,48310,10,0,15,0,15,,48311,10,0,15,0,15,,48312,10,0,15,0,16,,48313,10,0,15,0,55,,48314,10,0,15,0,15,,48315,10,0,15,0,16,,48320,10,0,15,0,15,,48316,10,0,15,0,55,,48317,10,0,15,0,15,,48318,10,0,15,0,15,,48321,10,0,15,0,16,,48322,10,0,15,0,55,,48319,10,0,15,0,15,,48323,10,0,15,0,15,,48324,10,0,15,0,15,,48325,10,0,15,0,55,,48326,10,0,15,0,15,,48327,10,0,15,0,15,,48328,10,0,15,0,16,,48329,10,0,15,0,55,,48330,10,0,15,0,15,,48331,10,0,15,0,15,,48332,10,0,15,0,15,,48333,10,0,15,0,55,,48334,10,0,15,0,15,,48335,10,0,15,0,15,,48336,10,0,15,0,16,,48337,10,0,15,0,53,,48338,10,0,15,0,12,,48339,10,0,15,0,11,,48340,10,0,15,0,13,,48341,10,0,15,0,12,,48342,10,0,15,0,52,,48343,10,0,15,0,13,,48344,10,0,15,0,12,,48345,10,0,15,0,12,,48346,10,0,15,0,12,,48347,10,0,15,0,54,,48348,10,0,15,0,15,,48349,10,0,15,0,14,,48350,10,0,15,0,15,,48351,10,0,15,0,54,,48352,10,0,15,0,15,,48353,10,0,15,0,15,,48354,10,0,15,0,15,,48355,10,0,15,0,55,,48356,10,0,15,0,15,,48357,10,0,15,0,13,,48358,10,0,15,0,15,,48359,10,0,15,0,55,,48360,10,0,15,0,15,,48361,10,0,15,0,15,,48362,10,0,15,0,15,,48363,10,0,15,0,55,,48365,10,0,15,0,20,,48364,10,0,15,0,20,,48366,10,0,15,0,59,,48367,10,0,15,0,20,,48368,10,0,15,0,32,,48369,10,0,15,0,70,,48370,10,0,15,0
