7100,'5036',1612,,46552,39,,,0,104,,46553,39,,,0,103,,46554,39,,,0
7100,'5040',1612,,46555,39,,,0,104,,46556,39,,,0,103,,46557,39,,,0
7200,'5036',625,,46585,58,,,0,29,,46579,58,,,0,149,,46584,58,,,0,31,,46591,58,,,0,70,,46572,58,,,0,30,,46586,58,,,0,69,,46580,58,,,0,30,,46567,58,,,0,71,,46587,58,,,0,29,,46576,58,,,0,72,,46571,58,,,0,28,,46565,58,,,0,70,,46566,58,,,0,100,,46564,58,,,0,30,,46592,58,,,0,70,,46568,58,,,0,30,,46573,58,,,0,70,,46570,58,,,0,30,,46569,58,,,0,100,,46574,58,,,0,70,,46593,58,,,0,32,,46581,58,,,0,68,,46575,58,,,0,31,,46578,58,,,0,69,,46577,58,,,0,30,,46583,58,,,0,71,,46589,58,,,0,30,,46582,58,,,0,100,,46588,58,,,0,99,,46590,58,,,0,117,,46594,58,0,10 11 12,0
7200,'5040',625,,46619,58,,,0,29,,46613,58,,,0,80,,46602,58,,,0,69,,46618,58,,,0,31,,46625,58,,,0,70,,46606,58,,,0,30,,46620,58,,,0,69,,46614,58,,,0,30,,46598,58,,,0,71,,46621,58,,,0,29,,46610,58,,,0,72,,46604,58,,,0,28,,46596,58,,,0,70,,46597,58,,,0,30,,46603,58,,,0,70,,46595,58,,,0,30,,46626,58,,,0,70,,46599,58,,,0,30,,46607,58,,,0,70,,46601,58,,,0,30,,46600,58,,,0,69,,46605,58,,,0,31,,46608,58,,,0,70,,46627,58,,,0,32,,46615,58,,,0,68,,46609,58,,,0,31,,46612,58,,,0,69,,46611,58,,,0,30,,46617,58,,,0,71,,46623,58,,,0,30,,46616,58,,,0,100,,46622,58,,,0,99,,46624,58,,,0,117,,46628,58,0,10 11 12,0
7200,'5041',634,,46629,58,,,0,100,,46630,58,,,0,71,,46631,58,,,0,30,,46632,58,,,0,69,,46633,58,,,0,30,,46634,58,,,0,70,,46635,58,,,0,30,,46636,58,,,0,70,,46637,58,,,0,30,,46638,58,,,0,70,,46639,58,,,0,30,,46640,58,,,0,70,,46641,58,,,0,30,,46642,58,,,0,69,,46643,58,,,0,30,,46644,58,,,0,70,,46645,58,,,0,30,,46646,58,,,0,70,,46647,58,,,0,30,,46648,58,,,0,70,,46649,58,,,0,30,,46650,58,,,0,70,,46651,58,,,0,30,,46652,58,,,0,70,,46653,58,,,0,30,,46654,58,,,0,71,,46655,58,,,0,30,,46656,58,,,0,70,,46657,58,,,0,30,,46658,58,,,0,100,,46659,58,,,0,100,,46660,58,,,0,117,,46661,58,0,10 11 12,0
7200,'5074',734,,46662,58,,,0,599,,46663,58,,,0,369,,46664,58,,,0
7200,'5077',734,,46665,58,,,0,599,,46666,58,,,0,369,,46667,58,,,0
7200,'5078',734,,46668,58,,,0,100,,46669,58,,,0,100,,46672,58,,,0,100,,46670,58,,,0,99,,46671,58,,,0,70,,46673,58,,,0,30,,46674,58,,,0,70,,46675,58,,,0,30,,46676,58,,,0,70,,46677,58,,,0,30,,46678,58,,,0,70,,46679,58,,,0,30,,46680,58,,,0,70,,46681,58,,,0,30,,46682,58,,,0,70,,46683,58,,,0,30,,46684,58,,,0,70,,46685,58,,,0,30,,46686,58,,,0,70,,46687,58,,,0,30,,46688,58,,,0,70,,46689,58,,,0,31,,46690,58,,,0,100,,46691,58,,,0,100,,46692,58,,,0,101,,46693,58,,,0,75,,46694,58,0,10 11 12,0
7200,'5079',734,,46695,58,,,0,100,,46696,58,,,0,100,,46699,58,,,0,100,,46697,58,,,0,99,,46698,58,,,0,70,,46700,58,,,0,30,,46701,58,,,0,70,,46702,58,,,0,30,,46703,58,,,0,70,,46704,58,,,0,30,,46705,58,,,0,70,,46706,58,,,0,30,,46707,58,,,0,70,,46708,58,,,0,30,,46709,58,,,0,70,,46710,58,,,0,30,,46711,58,,,0,70,,46712,58,,,0,30,,46713,58,,,0,70,,46714,58,,,0,30,,46715,58,,,0,70,,46716,58,,,0,31,,46717,58,,,0,100,,46718,58,,,0,100,,46719,58,,,0,101,,46720,58,,,0,75,,46721,58,0,10 11 12,0
8100,'5036',623,,47191,34,,,0,191,,47192,34,,,0,122,,47193,34,,,0,97,,47194,34,,,0,100,,47195,34,,,0,100,,47196,34,,,0,100,,47197,34,,,0,100,,47198,34,,,0,100,,47199,34,,,0,100,,47201,34,,,0,100,,47202,34,,,0,87,,47203,34,,,0,115,,47204,34,,,0,99,,47205,34,,,0
8100,'5040',623,,47207,34,,,0,191,,47208,34,,,0,122,,47209,34,,,0,97,,47210,34,,,0,100,,47211,34,,,0,100,,47212,34,,,0,100,,47213,34,,,0,100,,47214,34,,,0,100,,47215,34,,,0,100,,47217,34,,,0,100,,47218,34,,,0,87,,47219,34,,,0,115,,47220,34,,,0,99,,47221,34,,,0
8100,'5041',834,,47223,34,,,0,100,,47224,34,,,0,100,,47225,34,,,0,100,,47226,34,,,0,100,,47227,34,,,0,100,,47228,34,,,0,100,,47229,34,,,0,100,,47230,34,,,0,100,,47231,34,,,0,100,,47232,34,,,0,100,,47233,34,,,0,101,,47234,34,,,0,100,,47235,34,,,0
8100,'5078',834,,47238,34,,,0,100,,47237,34,,,0,100,,47239,34,,,0,100,,47240,34,,,0,100,,47241,34,,,0,100,,47242,34,,,0,100,,47243,34,,,0,100,,47244,34,,,0,100,,47245,34,,,0,100,,47246,34,,,0,100,,47247,34,,,0,100,,47248,34,,,0,102,,47249,34,,,0
8100,'5079',834,,47252,34,,,0,100,,47251,34,,,0,100,,47253,34,,,0,100,,47254,34,,,0,100,,47255,34,,,0,100,,47256,34,,,0,100,,47257,34,,,0,100,,47258,34,,,0,100,,47259,34,,,0,100,,47260,34,,,0,100,,47261,34,,,0,100,,47262,34,,,0,102,,47263,34,,,0
