4700,'4744',636,,13639,,,0,19,,13638,,,0,63,,13637,,,0
4700,'4947',636,,13642,,,0,19,,13641,,,0,63,,13640,,,0
4700,'4952',636,,13645,,,0,19,,13644,,,0,63,,13643,,,0
4701,'4744',1653,,13646,,,0,70,,13647,,,0,27,,13648,,,0
4701,'4947',1653,,13649,,,0,70,,13650,,,0,27,,13651,,,0
4701,'4952',1653,,13652,,,0,70,,13653,,,0,27,,13654,,,0
5701,'4487',625,,14882,,,0,107,,14872,,,0,99,,14883,,,0,105,,14886,,,0,101,,14884,,,0,105,,14885,,,0,110,,14871,,,0,100,,14877,,,0,150,,14881,,,0,101,,14878,,,0,109,,14873,,,0,90,,14875,,,0,114,,14879,,,0,100,,14880,,,0,99,,14876,,,0,113,,14874,,,0
5701,'4744',559,,14903,,,0,88,,14907,,,0,84,,14912,,,0,79,,14924,,,0,9,,14905,,,0,86,,14906,,,0,45,,14904,,,0,85,,14908,,,0,85,,14909,,,0,85,,14910,,,0,46,,14911,,,0,85,,14913,,,0,90,,14914,,,0,98,,14923,,,0,32,,14915,,,0,83,,14916,,,0,88,,14917,,,0,84,,14919,,,0,90,,14918,,,0,99,,14920,,,0,116,,14921,,,0,110,,14922,,,0
5701,'4745',732,,14928,,,0,99,,14925,,,0,105,,14927,,,0,100,,14926,,,0,106,,14929,,,0,110,,14932,,,0,100,,14930,,,0,150,,14933,,,0,100,,14931,,,0,110,,14937,,,0,90,,14939,,,0,114,,14938,,,0,100,,14936,,,0,99,,14935,,,0,85,,14934,,,0
5701,'4947',559,,14940,,,0,88,,14944,,,0,84,,14949,,,0,79,,14961,,,0,9,,14942,,,0,86,,14943,,,0,45,,14941,,,0,85,,14945,,,0,85,,14946,,,0,85,,14947,,,0,46,,14948,,,0,85,,14950,,,0,90,,14951,,,0,98,,14960,,,0,32,,14952,,,0,83,,14953,,,0,88,,14954,,,0,84,,14956,,,0,90,,14955,,,0,99,,14957,,,0,116,,14958,,,0,110,,14959,,,0
5701,'4952',559,,14962,,,0,88,,14966,,,0,84,,14971,,,0,79,,14983,,,0,9,,14964,,,0,86,,14965,,,0,45,,14963,,,0,85,,14967,,,0,85,,14968,,,0,85,,14969,,,0,46,,14970,,,0,85,,14972,,,0,90,,14973,,,0,98,,14982,,,0,32,,14974,,,0,83,,14975,,,0,88,,14976,,,0,84,,14978,,,0,90,,14977,,,0,99,,14979,,,0,116,,14980,,,0,110,,14981,,,0
5701,'4953',625,,14995,,,0,107,,14985,,,0,99,,14996,,,0,105,,14999,,,0,101,,14997,,,0,105,,14998,,,0,110,,14984,,,0,100,,14990,,,0,150,,14994,,,0,101,,14991,,,0,109,,14986,,,0,90,,14988,,,0,114,,14992,,,0,100,,14993,,,0,99,,14989,,,0,113,,14987,,,0
5701,'4954',732,,15003,,,0,99,,15000,,,0,105,,15002,,,0,100,,15001,,,0,106,,15004,,,0,110,,15007,,,0,100,,15005,,,0,150,,15008,,,0,100,,15006,,,0,110,,15012,,,0,90,,15014,,,0,114,,15013,,,0,100,,15011,,,0,99,,15010,,,0,85,,15009,,,0
