4801,'5036',1702,,44678,32,,,0,28,,44679,32,,,0,71,,44680,32,,,0
4801,'5040',1702,,44681,32,,,0,28,,44682,32,,,0,71,,44683,32,,,0
5201,'5036',507,,44937,14,,,0,35,,44934,14,,,0,78,,44941,14,,,0,37,,44936,14,,,0,65,,44947,14,,,0,28,,44935,14,,,0,73,,44953,14,,,0,21,,44961,14,0,28 37 14,0,3,,44942,14,,,0,75,,44938,14,,,0,35,,44939,14,,,0,69,,44951,14,,,0,30,,44943,14,,,0,68,,44940,14,,,0,35,,44944,14,,,0,74,,44952,14,,,0,70,,44945,14,,,0,30,,44946,14,,,0,70,,44966,14,,,0,29,,44948,14,,,0,20,,44972,14,0,38 3 39,0,50,,44954,14,,,0,26,,44949,14,,,0,74,,44950,14,,,0,39,,44967,14,,,0,63,,44955,14,,,0,25,,44956,14,,,0,22,,44957,14,,,0,70,,44958,14,,,0,29,,44968,14,,,0,70,,44959,14,,,0,33,,44960,14,,,0,69,,44962,14,,,0,28,,44970,14,,,0,67,,44963,14,0,38 3 39,0,35,,44964,14,,,0,98,,44969,14,,,0,99,,44965,14,,,0
5201,'5040',507,,44976,14,,,0,35,,44973,14,,,0,78,,44980,14,,,0,37,,44975,14,,,0,65,,44986,14,,,0,28,,44974,14,,,0,73,,44992,14,,,0,21,,45000,14,0,28 37 14,0,3,,44981,14,,,0,75,,44977,14,,,0,35,,44978,14,,,0,69,,44990,14,,,0,30,,44982,14,,,0,68,,44979,14,,,0,35,,44983,14,,,0,74,,44991,14,,,0,70,,44984,14,,,0,30,,44985,14,,,0,70,,45005,14,,,0,29,,44987,14,,,0,20,,45011,14,0,38 3 39,0,50,,44993,14,,,0,26,,44988,14,,,0,74,,44989,14,,,0,39,,45006,14,,,0,63,,44994,14,,,0,25,,44995,14,,,0,22,,44996,14,,,0,70,,44997,14,,,0,29,,45007,14,,,0,70,,44998,14,,,0,33,,44999,14,,,0,69,,45001,14,,,0,28,,45009,14,,,0,67,,45002,14,0,38 3 39,0,35,,45003,14,,,0,98,,45008,14,,,0,99,,45004,14,,,0
5201,'5041',648,,45021,14,,,0,71,,45031,14,,,0,30,,45029,14,,,0,71,,45012,14,,,0,30,,45019,14,,,0,70,,45038,14,,,0,30,,45016,14,,,0,70,,45013,14,,,0,30,,45020,14,,,0,70,,45039,14,,,0,30,,45017,14,,,0,71,,45014,14,,,0,35,,45023,14,,,0,70,,45041,14,,,0,75,,45018,14,,,0,35,,45028,14,,,0,75,,45022,14,,,0,30,,45040,14,,,0,70,,45015,14,,,0,30,,45026,14,,,0,65,,45034,14,,,0,25,,45025,14,,,0,24,,45030,14,,,0,65,,45027,14,,,0,30,,45024,14,,,0,70,,45037,14,,,0,32,,45032,14,,,0,70,,45036,14,,,0,30,,45033,14,,,0,65,,45035,14,0,38 3 39,0,30,,45042,14,,,0,103,,45043,14,,,0,100,,45044,14,,,0
5201,'5078',719,,45050,14,,,0,30,,45066,14,,,0,70,,45058,14,,,0,31,,45046,14,,,0,70,,45053,14,,,0,30,,45060,14,,,0,70,,45055,14,,,0,30,,45047,14,,,0,70,,45052,14,,,0,30,,45061,14,,,0,70,,45057,14,,,0,35,,45045,14,,,0,70,,45051,14,,,0,75,,45064,14,,,0,35,,45056,14,,,0,75,,45071,14,,,0,30,,45049,14,,,0,70,,45063,14,,,0,30,,45054,14,,,0,70,,45059,14,,,0,30,,45048,14,,,0,70,,45062,14,,,0,40,,45065,14,,,0,100,,45067,14,,,0,100,,45068,14,,,0,100,,45069,14,,,0,100,,45070,14,,,0
5201,'5079',719,,45077,14,,,0,30,,45093,14,,,0,70,,45085,14,,,0,31,,45073,14,,,0,70,,45080,14,,,0,30,,45087,14,,,0,70,,45082,14,,,0,30,,45074,14,,,0,70,,45079,14,,,0,30,,45088,14,,,0,70,,45084,14,,,0,35,,45072,14,,,0,70,,45078,14,,,0,75,,45091,14,,,0,35,,45083,14,,,0,75,,45098,14,,,0,30,,45076,14,,,0,70,,45090,14,,,0,30,,45081,14,,,0,70,,45086,14,,,0,30,,45075,14,,,0,70,,45089,14,,,0,40,,45092,14,,,0,100,,45094,14,,,0,100,,45095,14,,,0,100,,45096,14,,,0,100,,45097,14,,,0
6000,'5036',647,,45859,15,,,0,73,,45854,15,,,0,31,,45862,15,,,0,106,,45856,15,,,0,101,,45855,15,,,0,101,,45857,15,,,0,97,,45858,15,,,0,103,,45860,15,,,0,142,,45861,15,,,0,110,,45863,15,,,0,31,,45871,16,,,0,72,,45853,15,,,0,40,,45869,15,,,0,82,,45864,15,,,0,82,,45865,15,,,0,41,,45868,15,,,0,143,,45866,15,,,0,104,,45867,15,,,0,114,,45870,15,,,0
6000,'5040',647,,45878,15,,,0,73,,45873,15,,,0,31,,45881,15,,,0,106,,45875,15,,,0,101,,45874,15,,,0,101,,45876,15,,,0,97,,45877,15,,,0,103,,45879,15,,,0,142,,45880,15,,,0,43,,45885,16,,,0,67,,45882,15,,,0,103,,45872,15,,,0,40,,45889,15,,,0,82,,45883,15,,,0,82,,45884,15,,,0,41,,45888,15,,,0,143,,45886,15,,,0,104,,45887,15,,,0,114,,45890,15,,,0
6000,'5041',720,,45903,15,,,0,100,,45904,15,,,0,101,,45902,15,,,0,101,,45901,15,,,0,106,,45900,15,,,0,105,,45899,15,,,0,105,,45898,15,,,0,106,,45897,15,,,0,106,,45895,15,,,0,102,,45896,15,,,0,103,,45891,15,,,0,104,,45892,15,,,0,145,,45893,15,,,0,120,,45894,15,,,0
6000,'5078',821,,45905,15,,,0,101,,45906,15,,,0,101,,45908,15,,,0,106,,45907,15,,,0,105,,45912,15,,,0,105,,45911,15,,,0,105,,45910,15,,,0,105,,45909,15,,,0,102,,45915,15,,,0,103,,45916,15,,,0,104,,45917,15,,,0,145,,45914,15,,,0,120,,45913,15,,,0
6000,'5079',821,,45918,15,,,0,101,,45919,15,,,0,101,,45921,15,,,0,106,,45920,15,,,0,105,,45925,15,,,0,105,,45924,15,,,0,105,,45923,15,,,0,105,,45922,15,,,0,102,,45928,15,,,0,103,,45929,15,,,0,104,,45930,15,,,0,145,,45927,15,,,0,120,,45926,15,,,0
6001,'5036',727,,45935,28,0,28 37 14,0,79,,45933,28,0,28 37 14,0,33,,45934,28,0,28 37 14,0,79,,45932,28,0,28 37 14,0,92,,45931,28,0,28 37 14,0,101,,45936,28,0,28 37 14,0,101,,45937,28,0,28 37 14,0,103,,45938,28,0,28 37 14,0,111,,45939,28,0,28 37 14,0,98,,45940,28,0,28 37 14,0,90,,45941,28,0,28 37 14,0,44,,45942,28,0,28 37 14,0,81,,45947,28,0,28 37 14,0,85,,45944,28,0,28 37 14,0,99,,45943,28,0,28 37 14,0,99,,45945,28,0,28 37 14,0,110,,45946,28,0,28 37 14,0,107,,45948,28,0,28 37 14,0
6001,'5040',727,,45953,28,0,28 37 14,0,79,,45951,28,0,28 37 14,0,33,,45952,28,0,28 37 14,0,79,,45950,28,0,28 37 14,0,92,,45949,28,0,28 37 14,0,101,,45954,28,0,28 37 14,0,101,,45955,28,0,28 37 14,0,103,,45956,28,0,28 37 14,0,111,,45957,28,0,28 37 14,0,98,,45958,28,0,28 37 14,0,90,,45959,28,0,28 37 14,0,44,,45960,28,0,28 37 14,0,81,,45965,28,0,28 37 14,0,85,,45962,28,0,28 37 14,0,99,,45961,28,0,28 37 14,0,99,,45963,28,0,28 37 14,0,110,,45964,28,0,28 37 14,0,107,,45966,28,0,28 37 14,0
6001,'5041',737,,45978,28,0,28 37 14,0,101,,45979,28,0,28 37 14,0,100,,45980,28,0,28 37 14,0,101,,45977,28,0,28 37 14,0,105,,45976,28,0,28 37 14,0,105,,45975,28,0,28 37 14,0,106,,45974,28,0,28 37 14,0,145,,45973,28,0,28 37 14,0,104,,45972,28,0,28 37 14,0,105,,45971,28,0,28 37 14,0,105,,45970,28,0,28 37 14,0,105,,45969,28,0,28 37 14,0,104,,45968,28,0,28 37 14,0,107,,45967,28,0,28 37 14,0
6001,'5078',837,,45982,28,0,28 37 14,0,101,,45983,28,0,28 37 14,0,101,,45984,28,0,28 37 14,0,105,,45981,28,0,28 37 14,0,105,,45987,28,0,28 37 14,0,105,,45988,28,0,28 37 14,0,146,,45986,28,0,28 37 14,0,105,,45985,28,0,28 37 14,0,105,,45990,28,0,28 37 14,0,104,,45991,28,0,28 37 14,0,105,,45989,28,0,28 37 14,0,104,,45993,28,0,28 37 14,0,106,,45992,28,0,28 37 14,0
6001,'5079',837,,45995,28,0,28 37 14,0,101,,45996,28,0,28 37 14,0,101,,45997,28,0,28 37 14,0,105,,45994,28,0,28 37 14,0,105,,46000,28,0,28 37 14,0,105,,46001,28,0,28 37 14,0,146,,45999,28,0,28 37 14,0,105,,45998,28,0,28 37 14,0,105,,46003,28,0,28 37 14,0,104,,46004,28,0,28 37 14,0,105,,46002,28,0,28 37 14,0,104,,46006,28,0,28 37 14,0,106,,46005,28,0,28 37 14,0
