801,'4623',706,,66017,35,,,0,36,,66018,35,,,0,65,,66019,35,,,0,27,,66020,35,,,0,75,,66021,35,,,0,44,,66016,35,,,0,84,,66022,35,,,0,73,,66037,35,,,0,42,,66023,35,,,0,86,,66024,35,,,0,79,,66025,35,,,0,85,,66026,35,,,0,51,,66027,35,,,0,86,,66028,35,,,0,73,,66038,35,,,0,33,,66029,35,,,0,74,,66030,35,,,0,38,,66031,35,,,0,69,,66039,35,,,0,30,,66032,35,,,0,74,,66033,35,,,0,85,,66034,35,,,0,97,,66035,35,,,0,44,,66036,35,,,0
801,'4833',738,,66041,35,0,8 9,0,85,,66042,35,0,8 9,0,86,,66043,35,0,8 9,0,48,,66044,35,0,8 9,0,85,,66045,35,0,8 9,0,93,,66046,35,0,8 9,0,89,,66047,35,0,8 9,0,91,,66048,35,0,8 9,0,92,,66040,35,0,8 9,0,50,,66049,35,0,8 9,0,92,,66050,35,0,8 9,0,90,,66051,35,0,8 9,0,88,,66052,35,0,8 9,0,86,,66053,35,0,8 9,0,42,,66054,35,0,8 9,0
801,'5015',738,,66056,35,0,8 9,0,85,,66057,35,0,8 9,0,86,,66058,35,0,8 9,0,48,,66059,35,0,8 9,0,85,,66060,35,0,8 9,0,93,,66061,35,0,8 9,0,89,,66062,35,0,8 9,0,91,,66063,35,0,8 9,0,92,,66055,35,0,8 9,0,50,,66064,35,0,8 9,0,92,,66065,35,0,8 9,0,90,,66066,35,0,8 9,0,88,,66067,35,0,8 9,0,86,,66068,35,0,8 9,0,42,,66069,35,0,8 9,0
801,'5222',706,,66071,35,,,0,36,,66072,35,,,0,65,,66073,35,,,0,27,,66074,35,,,0,75,,66075,35,,,0,44,,66070,35,,,0,84,,66076,35,,,0,73,,66091,35,,,0,42,,66077,35,,,0,86,,66078,35,,,0,79,,66079,35,,,0,85,,66080,35,,,0,51,,66081,35,,,0,86,,66082,35,,,0,73,,66092,35,,,0,33,,66083,35,,,0,74,,66084,35,,,0,38,,66085,35,,,0,69,,66093,35,,,0,30,,66086,35,,,0,74,,66087,35,,,0,85,,66088,35,,,0,97,,66089,35,,,0,44,,66090,35,,,0
801,'5365',956,,66095,35,0,8 9,0,86,,66096,35,0,8 9,0,91,,66097,35,0,8 9,0,89,,66098,35,0,8 9,0,90,,66094,35,0,8 9,0,93,,66099,35,0,8 9,0,50,,66100,35,0,8 9,0,92,,66101,35,0,8 9,0,89,,66102,35,0,8 9,0,90,,66103,35,0,8 9,0,85,,66104,35,0,8 9,0
801,'5390',956,,66106,35,0,8 9,0,86,,66107,35,0,8 9,0,91,,66108,35,0,8 9,0,89,,66109,35,0,8 9,0,90,,66105,35,0,8 9,0,93,,66110,35,0,8 9,0,50,,66111,35,0,8 9,0,92,,66112,35,0,8 9,0,89,,66113,35,0,8 9,0,90,,66114,35,0,8 9,0,85,,66115,35,0,8 9,0
901,'4623',1707,,66121,24,,,0,41,,66120,24,,,0
901,'5222',1707,,66123,24,,,0,41,,66122,24,,,0
1101,'4623',612,,66594,50,,,0,32,,66586,50,,,0,61,,66569,50,,,0,23,,66576,50,,,0,21,,66554,50,,,0,60,,66571,50,,,0,20,,66590,50,,,0,20,,66567,50,,,0,60,,66587,50,,,0,18,,66562,50,,,0,19,,66555,50,,,0,61,,66580,50,,,0,25,,66570,50,,,0,26,,66592,50,,,0,65,,66566,50,,,0,26,,66589,50,,,0,65,,66556,50,,,0,25,,66579,50,,,0,65,,66563,50,,,0,26,,66595,50,,,0,25,,66568,50,,,0,67,,66588,50,,,0,25,,66550,50,,,0,59,,66548,50,,,0,18,,66578,50,,,0,20,,66572,50,,,0,56,,66549,50,,,0,17,,66593,50,,,0,17,,66564,50,,,0,20,,66551,50,,,0,58,,66585,50,,,0,19,,66553,50,,,0,20,,66552,50,,,0,58,,66577,50,,,0,21,,66565,50,,,0,23,,66591,50,,,0,54,,66557,50,,,0,17,,66560,50,,,0,20,,66583,50,,,0,70,,66558,50,,,0,34,,66561,50,,,0,70,,66559,50,,,0,34,,66584,50,,,0,69,,66573,50,,,0,35,,66574,50,,,0,67,,66575,50,,,0,28,,66582,50,,,0,85,,66581,50,,,0
1101,'4833',709,,66609,50,,,0,36,,66597,50,,,0,75,,66602,50,,,0,30,,66627,50,,,0,78,,66610,50,,,0,30,,66596,50,,,0,70,,66605,50,,,0,72,,66621,50,,,0,25,,66599,50,,,0,20,,66623,50,,,0,66,,66611,50,,,0,25,,66598,50,,,0,66,,66603,50,,,0,25,,66620,50,,,0,25,,66600,50,,,0,66,,66618,50,,,0,25,,66608,50,,,0,65,,66601,50,,,0,25,,66607,50,,,0,25,,66629,50,,,0,65,,66604,50,,,0,24,,66622,50,,,0,65,,66612,50,,,0,25,,66606,50,,,0,65,,66628,50,,,0,24,,66619,50,,,0,24,,66625,50,,,0,65,,66626,50,,,0,22,,66613,50,,,0,65,,66624,50,,,0,25,,66617,50,,,0,25,,66616,50,,,0,65,,66614,50,,,0,35,,66615,50,,,0,70,,66632,50,,,0,29,,66630,50,,,0,72,,66631,50,,,0,28,,66633,50,,,0,85,,66634,50,,,0
1101,'5015',709,,66648,50,,,0,36,,66636,50,,,0,75,,66641,50,,,0,30,,66666,50,,,0,78,,66649,50,,,0,30,,66635,50,,,0,70,,66644,50,,,0,72,,66660,50,,,0,25,,66638,50,,,0,20,,66662,50,,,0,66,,66650,50,,,0,25,,66637,50,,,0,66,,66642,50,,,0,25,,66659,50,,,0,25,,66639,50,,,0,66,,66657,50,,,0,25,,66647,50,,,0,65,,66640,50,,,0,25,,66646,50,,,0,25,,66668,50,,,0,65,,66643,50,,,0,24,,66661,50,,,0,65,,66651,50,,,0,25,,66645,50,,,0,65,,66667,50,,,0,24,,66658,50,,,0,24,,66664,50,,,0,65,,66665,50,,,0,22,,66652,50,,,0,65,,66663,50,,,0,25,,66656,50,,,0,25,,66655,50,,,0,65,,66653,50,,,0,35,,66654,50,,,0,70,,66671,50,,,0,29,,66669,50,,,0,72,,66670,50,,,0,28,,66672,50,,,0,85,,66673,50,,,0
1101,'5222',612,,66720,50,,,0,32,,66712,50,,,0,61,,66695,50,,,0,23,,66702,50,,,0,21,,66680,50,,,0,60,,66697,50,,,0,20,,66716,50,,,0,20,,66693,50,,,0,60,,66713,50,,,0,18,,66688,50,,,0,19,,66681,50,,,0,61,,66706,50,,,0,25,,66696,50,,,0,26,,66718,50,,,0,65,,66692,50,,,0,26,,66715,50,,,0,65,,66682,50,,,0,25,,66705,50,,,0,65,,66689,50,,,0,26,,66721,50,,,0,25,,66694,50,,,0,67,,66714,50,,,0,25,,66676,50,,,0,59,,66674,50,,,0,18,,66704,50,,,0,20,,66698,50,,,0,56,,66675,50,,,0,17,,66719,50,,,0,17,,66690,50,,,0,20,,66677,50,,,0,58,,66711,50,,,0,19,,66679,50,,,0,20,,66678,50,,,0,58,,66703,50,,,0,21,,66691,50,,,0,23,,66717,50,,,0,54,,66683,50,,,0,17,,66686,50,,,0,20,,66709,50,,,0,70,,66684,50,,,0,34,,66687,50,,,0,70,,66685,50,,,0,34,,66710,50,,,0,69,,66699,50,,,0,35,,66700,50,,,0,67,,66701,50,,,0,28,,66708,50,,,0,85,,66707,50,,,0
1101,'5365',729,,66722,50,,,0,85,,66727,50,,,0,86,,66724,50,,,0,46,,66723,50,,,0,76,,66725,50,,,0,32,,66726,50,,,0,71,,66728,50,,,0,30,,66729,50,,,0,68,,66730,50,,,0,30,,66731,50,,,0,71,,66733,50,,,0,27,,66735,50,,,0,70,,66734,50,,,0,30,,66732,50,,,0,71,,66736,50,,,0,30,,66737,50,,,0,69,,66738,50,,,0,30,,66739,50,,,0,70,,66741,50,,,0,29,,66740,50,,,0,70,,66743,50,,,0,29,,66742,50,,,0,70,,66745,50,,,0,35,,66744,50,,,0,83,,66746,50,,,0,80,,66747,50,,,0,84,,66748,50,,,0,43,,66749,50,,,0,78,,66750,50,,,0,78,,66751,50,,,0
1101,'5390',729,,66752,50,,,0,85,,66757,50,,,0,86,,66754,50,,,0,46,,66753,50,,,0,76,,66755,50,,,0,32,,66756,50,,,0,71,,66758,50,,,0,30,,66759,50,,,0,68,,66760,50,,,0,30,,66761,50,,,0,71,,66763,50,,,0,27,,66765,50,,,0,70,,66764,50,,,0,30,,66762,50,,,0,71,,66766,50,,,0,30,,66767,50,,,0,69,,66768,50,,,0,30,,66769,50,,,0,70,,66771,50,,,0,29,,66770,50,,,0,70,,66773,50,,,0,29,,66772,50,,,0,70,,66775,50,,,0,35,,66774,50,,,0,83,,66776,50,,,0,80,,66777,50,,,0,84,,66778,50,,,0,43,,66779,50,,,0,78,,66780,50,,,0,78,,66781,50,,,0
