301,'4487',736,,739,,,0,68,,740,,,0,33,,737,,,0,68,,748,,,0,34,,741,,,0,68,,736,,,0,34,,747,,,0,68,,738,,,0,32,,735,,,0,68,,745,,,0,32,,744,,,0,69,,742,,,0,32,,746,,,0,69,,749,,,0,33,,743,,,0,72,,750,,,0,32,,751,,,0,78,,754,,,0,26,,753,,,0,73,,755,,,0,31,,752,,,0,72,,756,,,0,27,,759,,,0,67,,760,,,0,31,,758,,,0,68,,757,,,0,32,,762,,,0,67,,761,,,0
301,'4744',618,,819,,,0,39,,817,,,0,75,,816,,,0,82,,818,,,0,41,,815,,,0,75,,808,,,0,74,,807,,,0,31,,806,,,0,72,,809,,,0,28,,804,,,0,73,,805,,,0,30,,811,,,0,77,,803,,,0,28,,802,,,0,70,,810,,,0,36,,801,,,0,71,,800,,,0,37,,812,,,0,73,,799,,,0,75,,798,,,0,32,,814,,,0,70,,797,,,0,33,,796,,,0,65,,813,,,0,26,,795,,,0,72,,794,,,0,23,,792,,,0,26,,793,,,0,68,,791,,,0
301,'4745',752,,843,,,0,84,,840,,,0,82,,842,,,0,83,,839,,,0,38,,841,,,0,78,,832,,,0,23,,837,,,0,68,,836,,,0,33,,833,,,0,68,,838,,,0,33,,835,,,0,68,,821,,,0,32,,820,,,0,75,,824,,,0,30,,822,,,0,73,,831,,,0,32,,826,,,0,67,,827,,,0,30,,828,,,0,68,,825,,,0,31,,823,,,0,68,,830,,,0,32,,829,,,0,71,,834,,,0
301,'4947',618,,872,,,0,39,,870,,,0,75,,869,,,0,82,,871,,,0,41,,868,,,0,75,,861,,,0,74,,860,,,0,31,,859,,,0,72,,862,,,0,28,,857,,,0,73,,858,,,0,30,,864,,,0,77,,856,,,0,28,,855,,,0,70,,863,,,0,36,,854,,,0,71,,853,,,0,37,,865,,,0,73,,852,,,0,75,,851,,,0,32,,867,,,0,70,,850,,,0,33,,849,,,0,65,,866,,,0,26,,848,,,0,72,,847,,,0,23,,845,,,0,26,,846,,,0,68,,844,,,0
301,'4952',618,,901,,,0,39,,899,,,0,75,,898,,,0,82,,900,,,0,41,,897,,,0,75,,890,,,0,74,,889,,,0,31,,888,,,0,72,,891,,,0,28,,886,,,0,73,,887,,,0,30,,893,,,0,77,,885,,,0,28,,884,,,0,70,,892,,,0,36,,883,,,0,71,,882,,,0,37,,894,,,0,73,,881,,,0,75,,880,,,0,32,,896,,,0,70,,879,,,0,33,,878,,,0,65,,895,,,0,26,,877,,,0,72,,876,,,0,23,,874,,,0,26,,875,,,0,68,,873,,,0
301,'4953',736,,906,,,0,68,,907,,,0,33,,904,,,0,68,,915,,,0,34,,908,,,0,68,,903,,,0,34,,914,,,0,68,,905,,,0,32,,902,,,0,68,,912,,,0,32,,911,,,0,69,,909,,,0,32,,913,,,0,69,,916,,,0,33,,910,,,0,72,,917,,,0,32,,918,,,0,78,,921,,,0,26,,920,,,0,73,,922,,,0,31,,919,,,0,72,,923,,,0,27,,926,,,0,67,,927,,,0,31,,925,,,0,68,,924,,,0,32,,929,,,0,67,,928,,,0
301,'4954',752,,953,,,0,84,,950,,,0,82,,952,,,0,83,,949,,,0,38,,951,,,0,78,,942,,,0,23,,947,,,0,68,,946,,,0,33,,943,,,0,68,,948,,,0,33,,945,,,0,68,,931,,,0,32,,930,,,0,75,,934,,,0,30,,932,,,0,73,,941,,,0,32,,936,,,0,67,,937,,,0,30,,938,,,0,68,,935,,,0,31,,933,,,0,68,,940,,,0,32,,939,,,0,71,,944,,,0
701,'4487',707,,3495,,,0,30,,3479,,,0,73,,3488,,,0,31,,3472,,,0,70,,3496,,,0,29,,3480,,,0,73,,3489,,,0,27,,3468,,,0,70,,3470,,,0,29,,3490,,,0,71,,3476,,,0,29,,3483,,,0,68,,3469,,,0,31,,3471,,,0,70,,3491,,,0,30,,3475,,,0,69,,3484,,,0,31,,3473,,,0,70,,3474,,,0,33,,3492,,,0,70,,3477,,,0,29,,3486,,,0,71,,3478,,,0,29,,3481,,,0,69,,3493,,,0,30,,3482,,,0,75,,3487,,,0,36,,3485,,,0,68,,3494,,,0
701,'4744',617,,3526,,,0,30,,3532,,,0,65,,3527,,,0,15,,3547,,,0,17,,3536,,,0,11,,3566,,,0,46,,3552,,,0,10,,3565,,,0,7,,3535,,,0,10,,3567,,,0,8,,3533,,,0,16,,3531,,,0,57,,3538,,,0,14,,3546,,,0,19,,3534,,,0,60,,3537,,,0,20,,20720,,,0,19,,3529,,,0,61,,3530,,,0,20,,3540,,,0,21,,3542,,,0,60,,3528,,,0,20,,3539,,,0,25,,20717,,,0,60,,3544,,,0,20,,3545,,,0,21,,3549,,,0,59,,3543,,,0,22,,3541,,,0,22,,3548,,,0,62,,3570,,,0,20,,20719,,,0,19,,3555,,,0,54,,3553,,,0,24,,3572,,,0,19,,3551,,,0,56,,3573,,,0,20,,3554,,,0,14,,3556,,,0,16,,3571,,,0,58,,20718,,,0,19,,3561,,,0,17,,3563,,,0,70,,3562,,,0,29,,3560,,,0,70,,20721,,,0,29,,3568,,,0,70,,3569,,,0
701,'4745',716,,3586,,,0,40,,3575,,,0,80,,3587,,,0,76,,3588,,,0,25,,3574,,,0,69,,3576,,,0,31,,3589,,,0,69,,3577,,,0,31,,3592,,,0,69,,3578,,,0,31,,3579,,,0,70,,3591,,,0,28,,3590,,,0,70,,3593,,,0,30,,20722,,,0,69,,3581,,,0,31,,3582,,,0,73,,3584,,,0,32,,3583,,,0,69,,3580,,,0,30,,3585,,,0,69,,3595,,,0,32,,3596,,,0,74,,3597,,,0,34,,3599,,,0,69,,3598,,,0
701,'4947',617,,3600,,,0,30,,3606,,,0,65,,3601,,,0,15,,3621,,,0,17,,3610,,,0,11,,3639,,,0,46,,3626,,,0,10,,3638,,,0,7,,3609,,,0,10,,3640,,,0,8,,3607,,,0,16,,3605,,,0,57,,3612,,,0,14,,3620,,,0,19,,3608,,,0,60,,3611,,,0,20,,20726,,,0,19,,3603,,,0,61,,3604,,,0,20,,3614,,,0,21,,3616,,,0,60,,3602,,,0,20,,3613,,,0,25,,20723,,,0,60,,3618,,,0,20,,3619,,,0,21,,3623,,,0,59,,3617,,,0,22,,3615,,,0,22,,3622,,,0,62,,3643,,,0,20,,20725,,,0,19,,3628,,,0,54,,3627,,,0,24,,3645,,,0,19,,3625,,,0,56,,3646,,,0,34,,3629,,,0,16,,3644,,,0,58,,20724,,,0,19,,3634,,,0,17,,3636,,,0,70,,3635,,,0,29,,3633,,,0,70,,20727,,,0,29,,3641,,,0,70,,3642,,,0
701,'4949',1726,,3648,,,0
701,'4950',1726,,3647,,,0
701,'4952',617,,3649,,,0,30,,3655,,,0,65,,3650,,,0,15,,3670,,,0,17,,3659,,,0,11,,3689,,,0,46,,3675,,,0,10,,3688,,,0,7,,3658,,,0,10,,3690,,,0,8,,3656,,,0,16,,3654,,,0,57,,3661,,,0,14,,3669,,,0,19,,3657,,,0,60,,3660,,,0,20,,20731,,,0,19,,3652,,,0,61,,3653,,,0,20,,3663,,,0,21,,3665,,,0,60,,3651,,,0,20,,3662,,,0,25,,20728,,,0,60,,3667,,,0,20,,3668,,,0,21,,3672,,,0,59,,3666,,,0,22,,3664,,,0,22,,3671,,,0,62,,3693,,,0,20,,20730,,,0,19,,3678,,,0,54,,3676,,,0,24,,3695,,,0,19,,3674,,,0,56,,3696,,,0,20,,3677,,,0,14,,3679,,,0,16,,3694,,,0,58,,20729,,,0,19,,3684,,,0,17,,3686,,,0,70,,3685,,,0,29,,3683,,,0,70,,20732,,,0,29,,3691,,,0,70,,3692,,,0
701,'4953',707,,3724,,,0,30,,3708,,,0,73,,3717,,,0,31,,3701,,,0,70,,3725,,,0,29,,3709,,,0,73,,3718,,,0,27,,3697,,,0,70,,3699,,,0,29,,3719,,,0,71,,3705,,,0,29,,3712,,,0,68,,3698,,,0,31,,3700,,,0,70,,3720,,,0,30,,3704,,,0,69,,3713,,,0,31,,3702,,,0,70,,3703,,,0,33,,3721,,,0,70,,3706,,,0,29,,3715,,,0,71,,3707,,,0,29,,3710,,,0,69,,3722,,,0,30,,3711,,,0,75,,3716,,,0,36,,3714,,,0,68,,3723,,,0
701,'4954',716,,3738,,,0,40,,3727,,,0,80,,3739,,,0,76,,3740,,,0,25,,3726,,,0,69,,3728,,,0,31,,3741,,,0,69,,3729,,,0,31,,3744,,,0,69,,3730,,,0,31,,3731,,,0,70,,3743,,,0,28,,3742,,,0,70,,3745,,,0,30,,3746,,,0,69,,3733,,,0,31,,3734,,,0,73,,3736,,,0,32,,3735,,,0,69,,3732,,,0,30,,3737,,,0,69,,3747,,,0,32,,3748,,,0,74,,3749,,,0,34,,3751,,,0,69,,3750,,,0
14000701,'4487',2150,,20218,,,0,72,,20219,,,0,30,,20221,,,0,69,,20220,,,0,35,,20222,,,0,67,,20223,,,0
14000701,'4744',2149,,20230,,,0,72,,22569,,,0,28,,20232,,,0,70,,20233,,,0,36,,20234,,,0,68,,22570,,,0
14000701,'4745',2049,,20236,,,0,70,,20238,,,0,40,,20237,,,0,62,,20239,,,0,99,,20240,,,0,103,,20241,,,0
14000701,'4947',2149,,20242,,,0,72,,22571,,,0,28,,20244,,,0,70,,20245,,,0,36,,20246,,,0,68,,22572,,,0
14000701,'4952',2149,,20248,,,0,72,,22573,,,0,28,,20250,,,0,70,,20251,,,0,36,,20252,,,0,68,,22574,,,0
14000701,'4953',2150,,20254,,,0,72,,20255,,,0,30,,20257,,,0,69,,20256,,,0,35,,20258,,,0,67,,20259,,,0
14000701,'4954',2049,,20260,,,0,70,,20262,,,0,40,,20261,,,0,62,,20263,,,0,99,,20264,,,0,103,,20265,,,0
