6101,'5036',539,,46154,34,,,0,68,,46155,34,,,0,28,,46158,34,,,0,67,,46168,34,,,0,38,,46164,34,,,0,80,,46153,34,,,0,37,,46156,34,,,0,64,,46167,34,,,0,34,,46160,34,,,0,88,,46157,34,,,0,77,,46165,34,,,0,37,,46161,34,,,0,78,,46159,34,,,0,77,,46166,34,,,0,26,,46162,34,,,0,77,,46163,34,,,0,34,,46171,34,,,0,72,,46173,34,,,0,31,,46176,34,,,0,69,,46169,57,,,0,17,,46181,34,,,0,14,,46170,57,,,0,74,,46178,57,,,0,20,,46180,57,,,0,54,,46172,57,,,0,21,,46184,57,,,0,36,,46175,57,,,0,53,,46177,34,,,0,30,,46179,34,,,0,86,,46183,34,,,0,89,,46182,34,,,0,97,,46185,34,,,0,44,,46187,34,,,0,97,,46188,34,,,0,84,,46186,34,,,0
6101,'5040',539,,46190,34,,,0,68,,46191,34,,,0,28,,46194,34,,,0,67,,46204,34,,,0,38,,46200,34,,,0,80,,46189,34,,,0,37,,46192,34,,,0,64,,46203,34,,,0,34,,46196,34,,,0,88,,46193,34,,,0,77,,46201,34,,,0,37,,46197,34,,,0,78,,46195,34,,,0,77,,46202,34,,,0,26,,46198,34,,,0,77,,46199,34,,,0,34,,46207,34,,,0,72,,46210,34,,,0,31,,46212,34,,,0,69,,46205,57,,,0,17,,46217,34,,,0,14,,46206,57,,,0,74,,46214,57,,,0,20,,46216,57,,,0,54,,46208,57,,,0,21,,46220,57,,,0,36,,46211,57,,,0,53,,46213,34,,,0,30,,46215,34,,,0,86,,46219,34,,,0,89,,46218,34,,,0,97,,46221,34,,,0,44,,46223,34,,,0,97,,46224,34,,,0,84,,46222,34,,,0,99,,46225,34,,,0
6101,'5041',610,,46226,33,,,0,97,,46227,34,,,0,38,,46228,34,,,0,101,,46229,34,,,0,83,,46230,34,,,0,90,,46231,34,,,0,31,,46232,34,,,0,88,,46233,34,,,0,72,,46234,34,,,0,32,,46235,34,,,0,84,,46236,34,,,0,78,,46237,34,,,0,36,,46238,34,,,0,75,,46239,34,,,0,26,,46240,34,,,0,76,,46241,34,,,0,38,,46242,34,,,0,73,,46243,34,,,0,74,,46244,34,,,0,36,,46245,34,,,0,76,,46246,34,,,0,36,,46247,34,,,0,81,,46248,34,,,0,83,,46249,34,,,0,97,,46250,34,,,0,46,,46251,34,,,0,99,,46252,34,,,0,83,,46253,34,,,0,100,,46254,34,,,0
6101,'5078',615,,46256,33,,,0,103,,46257,33,,,0,34,,46258,34,,,0,89,,46255,34,,,0,94,,46259,34,,,0,86,,46260,34,,,0,88,,46261,34,,,0,47,,46262,34,,,0,103,,46263,34,,,0,86,,46264,34,,,0,101,,46265,34,,,0,85,,46266,34,,,0,101,,46267,34,,,0,80,,46268,34,,,0,100,,46269,34,,,0,89,,46270,34,,,0,57,,46271,34,,,0,100,,46272,34,,,0,81,,46273,34,,,0,100,,46274,34,,,0,96,,46275,34,,,0
6101,'5079',615,,46277,33,,,0,103,,46278,33,,,0,34,,46279,34,,,0,89,,46276,34,,,0,94,,46280,34,,,0,86,,46281,34,,,0,88,,46282,34,,,0,47,,46283,34,,,0,103,,46284,34,,,0,86,,46285,34,,,0,101,,46286,34,,,0,85,,46287,34,,,0,101,,46288,34,,,0,80,,46289,34,,,0,100,,46290,34,,,0,89,,46291,34,,,0,57,,46292,34,,,0,100,,46293,34,,,0,81,,46294,34,,,0,100,,46295,34,,,0,96,,46296,34,,,0
6401,'5036',735,,46321,72,,,0,203,,46322,27,,,0,377,,46320,72,,,0,295,,46323,27,,,0
6401,'5040',735,,46328,72,,,0,203,,46329,27,,,0,377,,46327,72,,,0,295,,46330,27,,,0
6501,'5036',1807,,46342,52,,,0,28,,46341,52,,,0
6501,'5040',1711,,46344,52,,,0,26,,46343,52,,,0,70,,46346,52,,,0,28,,46345,52,,,0
6501,'5075',1711,,46348,52,,,0,26,,46347,52,,,0
6501,'5076',1711,,46350,52,,,0,26,,46349,52,,,0
