4700,'4744',641,,13639,,,0,59,,13638,,,0,24,,13637,,,0
4700,'4870',641,,13642,,,0,59,,13641,,,0,24,,13640,,,0
4700,'4875',641,,13645,,,0,59,,13644,,,0,24,,13643,,,0
4901,'4487',640,,13745,,,0,204,,13746,,,0,212,,13747,,,0,202,,13742,,,0,250,,13743,,,0,208,,13744,,,0,194,,13741,,,0
4901,'4743',640,,13752,,,0,204,,13753,,,0,212,,13754,,,0,202,,13749,,,0,250,,13750,,,0,208,,13751,,,0,194,,13748,,,0
4901,'4744',642,,13759,,,0,110,,13757,,,0,99,,13760,,,0,171,,13756,,,0,200,,13758,,,0,126,,13761,,,0,185,,13763,,,0,104,,13762,,,0,93,,13755,,,0,106,,13764,,,0,194,,13765,,,0
4901,'4745',844,,13767,,,0,211,,13766,,,0,202,,13768,,,0,248,,13769,,,0,210,,13770,,,0,194,,13771,,,0
4901,'4870',642,,13776,,,0,110,,13774,,,0,99,,13777,,,0,171,,13773,,,0,200,,13775,,,0,126,,13778,,,0,185,,13780,,,0,104,,13779,,,0,93,,13772,,,0,106,,13781,,,0,194,,13782,,,0
4901,'4875',642,,13787,,,0,110,,13785,,,0,99,,13788,,,0,171,,13784,,,0,200,,13786,,,0,126,,13789,,,0,185,,13791,,,0,104,,13790,,,0,93,,13783,,,0,106,,13792,,,0,194,,13793,,,0
4901,'4876',640,,13798,,,0,204,,13799,,,0,212,,13800,,,0,202,,13795,,,0,250,,13796,,,0,208,,13797,,,0,194,,13794,,,0
4901,'4877',844,,13802,,,0,211,,13801,,,0,202,,13803,,,0,248,,13804,,,0,210,,13805,,,0,194,,13806,,,0
5200,'4487',628,,13824,,,0,30,,13823,,,0,81,,13818,,,0,73,,13825,,,0,30,,13820,,,0,72,,13807,,,0,30,,13814,,,0,70,,13833,,,0,30,,13812,,,0,74,,13809,,,0,31,,13815,,,0,72,,13835,,,0,35,,13810,,,0,73,,13808,,,0,76,,13817,,,0,26,,13834,,,0,74,,13813,,,0,33,,13819,,,0,75,,13816,,,0,29,,13831,,,0,70,,13811,,,0,30,,13822,,,0,62,,13828,,,0,25,,13821,,,0,24,,13826,,,0,65,,13830,,,0,29,,13829,,,0,68,,13827,,,0,31,,13832,,,0,100,,13836,,,0,94,,13837,,,0,110,,13838,,,0
5200,'4743',628,,13856,,,0,30,,13855,,,0,81,,13850,,,0,73,,13857,,,0,30,,13852,,,0,72,,13839,,,0,30,,13846,,,0,70,,13865,,,0,30,,13844,,,0,74,,13841,,,0,31,,13847,,,0,72,,13867,,,0,35,,13842,,,0,73,,13840,,,0,76,,13849,,,0,26,,13866,,,0,74,,13845,,,0,33,,13851,,,0,75,,13848,,,0,29,,13863,,,0,70,,13843,,,0,30,,13854,,,0,62,,13860,,,0,25,,13853,,,0,24,,13858,,,0,65,,13862,,,0,29,,13861,,,0,68,,13859,,,0,31,,13864,,,0,100,,13868,,,0,94,,13869,,,0,110,,13870,,,0
5200,'4744',456,,13871,,,0,70,,13880,,,0,30,,13874,,,0,59,,13885,,,0,19,,13872,,,0,25,,13893,,,0,65,,13879,,,0,24,,13908,,,0,10,,13873,,,0,54,,13901,,,0,10,,13884,,,0,31,,13875,,,0,73,,13892,,,0,25,,13878,,,0,70,,13876,,,0,35,,13877,,,0,70,,13894,,,0,30,,13881,,,0,70,,13882,,,0,76,,13883,,,0,34,,13891,,,0,73,,13886,,,0,30,,13887,,,0,72,,13903,,,0,30,,13888,,,0,70,,13890,,,0,30,,13889,,,0,70,,13895,,,0,35,,13904,,,0,70,,13896,,,0,35,,13897,,,0,70,,13898,,,0,29,,13905,,,0,67,,13899,,,0,33,,13900,,,0,96,,13906,,,0,100,,13902,,,0,104,,13909,,,0
5200,'4745',658,,13932,,,0,72,,13914,,,0,80,,13917,,,0,30,,13931,,,0,72,,13925,,,0,31,,13912,,,0,70,,13916,,,0,31,,13927,,,0,71,,13921,,,0,30,,13911,,,0,73,,13915,,,0,30,,13930,,,0,71,,13923,,,0,38,,13910,,,0,69,,13919,,,0,74,,13929,,,0,35,,13922,,,0,73,,13913,,,0,29,,13918,,,0,70,,13928,,,0,29,,13924,,,0,70,,13926,,,0,29,,13920,,,0,70,,13934,,,0,39,,13933,,,0,100,,13935,,,0,99,,13937,,,0,108,,13936,,,0
5200,'4870',456,,13938,,,0,70,,13947,,,0,30,,13941,,,0,59,,13952,,,0,19,,13939,,,0,25,,13960,,,0,65,,13946,,,0,24,,13975,,,0,10,,13940,,,0,54,,13968,,,0,10,,13951,,,0,31,,13942,,,0,73,,13959,,,0,25,,13945,,,0,70,,13943,,,0,35,,13944,,,0,70,,13961,,,0,30,,13948,,,0,70,,13949,,,0,76,,13950,,,0,34,,13958,,,0,73,,13953,,,0,30,,13954,,,0,72,,13970,,,0,30,,13955,,,0,70,,13957,,,0,30,,13956,,,0,70,,13962,,,0,35,,13971,,,0,70,,13963,,,0,35,,13964,,,0,70,,13965,,,0,29,,13972,,,0,67,,13966,,,0,33,,13967,,,0,96,,13973,,,0,100,,13969,,,0,104,,13976,,,0
5200,'4875',456,,13977,,,0,70,,13986,,,0,30,,13980,,,0,59,,13991,,,0,19,,13978,,,0,25,,13999,,,0,65,,13985,,,0,24,,14014,,,0,10,,13979,,,0,54,,14007,,,0,10,,13990,,,0,31,,13981,,,0,73,,13998,,,0,25,,13984,,,0,70,,13982,,,0,35,,13983,,,0,70,,14000,,,0,30,,13987,,,0,70,,13988,,,0,76,,13989,,,0,34,,13997,,,0,73,,13992,,,0,30,,13993,,,0,72,,14009,,,0,30,,13994,,,0,70,,13996,,,0,30,,13995,,,0,70,,14001,,,0,35,,14010,,,0,70,,14002,,,0,35,,14003,,,0,70,,14004,,,0,29,,14011,,,0,67,,14005,,,0,33,,14006,,,0,96,,14012,,,0,100,,14008,,,0,104,,14015,,,0
5200,'4876',628,,14033,,,0,30,,14032,,,0,81,,14027,,,0,73,,14034,,,0,30,,14029,,,0,72,,14016,,,0,30,,14023,,,0,70,,14042,,,0,30,,14021,,,0,74,,14018,,,0,31,,14024,,,0,72,,14044,,,0,35,,14019,,,0,73,,14017,,,0,76,,14026,,,0,26,,14043,,,0,74,,14022,,,0,33,,14028,,,0,75,,14025,,,0,29,,14040,,,0,70,,14020,,,0,30,,14031,,,0,62,,14037,,,0,25,,14030,,,0,24,,14035,,,0,65,,14039,,,0,29,,14038,,,0,68,,14036,,,0,31,,14041,,,0,100,,14045,,,0,94,,14046,,,0,110,,14047,,,0
5200,'4877',658,,14070,,,0,72,,14052,,,0,80,,14055,,,0,30,,14069,,,0,72,,14063,,,0,31,,14050,,,0,70,,14054,,,0,31,,14065,,,0,71,,14059,,,0,30,,14049,,,0,73,,14053,,,0,30,,14068,,,0,71,,14061,,,0,38,,14048,,,0,69,,14057,,,0,74,,14067,,,0,35,,14060,,,0,73,,14051,,,0,29,,14056,,,0,70,,14066,,,0,29,,14062,,,0,70,,14064,,,0,29,,14058,,,0,70,,14072,,,0,39,,14071,,,0,100,,14073,,,0,99,,14075,,,0,108,,14074,,,0
5701,'4487',628,,14882,,,0,108,,14872,,,0,99,,14883,,,0,105,,14886,,,0,102,,14884,,,0,105,,14885,,,0,110,,14871,,,0,100,,14877,,,0,150,,14881,,,0,101,,14878,,,0,109,,14873,,,0,90,,14875,,,0,113,,14879,,,0,99,,14880,,,0,99,,14876,,,0,113,,14874,,,0
5701,'4743',628,,14898,,,0,108,,14888,,,0,99,,14899,,,0,105,,14902,,,0,102,,14900,,,0,105,,14901,,,0,110,,14887,,,0,100,,14893,,,0,150,,14897,,,0,101,,14894,,,0,109,,14889,,,0,90,,14891,,,0,113,,14895,,,0,99,,14896,,,0,99,,14892,,,0,113,,14890,,,0
5701,'4744',603,,14903,,,0,49,,14907,,,0,84,,14912,,,0,79,,14924,,,0,9,,14905,,,0,85,,14906,,,0,45,,14904,,,0,86,,14908,,,0,85,,14909,,,0,85,,14910,,,0,46,,14911,,,0,85,,14913,,,0,90,,14914,,,0,98,,14923,,,0,72,,14915,,,0,43,,14916,,,0,88,,14917,,,0,84,,14919,,,0,90,,14918,,,0,99,,14920,,,0,115,,14921,,,0,110,,14922,,,0
5701,'4745',736,,14928,,,0,99,,14925,,,0,105,,14927,,,0,100,,14926,,,0,107,,14929,,,0,110,,14932,,,0,100,,14930,,,0,150,,14933,,,0,100,,14931,,,0,109,,14937,,,0,90,,14939,,,0,114,,14938,,,0,100,,14936,,,0,98,,14935,,,0,85,,14934,,,0
5701,'4870',603,,14940,,,0,49,,14944,,,0,84,,14949,,,0,79,,14961,,,0,9,,14942,,,0,85,,14943,,,0,45,,14941,,,0,86,,14945,,,0,85,,14946,,,0,85,,14947,,,0,46,,14948,,,0,85,,14950,,,0,90,,14951,,,0,98,,14960,,,0,72,,14952,,,0,43,,14953,,,0,88,,14954,,,0,84,,14956,,,0,90,,14955,,,0,99,,14957,,,0,115,,14958,,,0,110,,14959,,,0
5701,'4875',603,,14962,,,0,49,,14966,,,0,84,,14971,,,0,79,,14983,,,0,9,,14964,,,0,85,,14965,,,0,45,,14963,,,0,86,,14967,,,0,85,,14968,,,0,85,,14969,,,0,46,,14970,,,0,85,,14972,,,0,90,,14973,,,0,98,,14982,,,0,72,,14974,,,0,43,,14975,,,0,88,,14976,,,0,84,,14978,,,0,90,,14977,,,0,99,,14979,,,0,115,,14980,,,0,110,,14981,,,0
5701,'4876',628,,14995,,,0,108,,14985,,,0,99,,14996,,,0,105,,14999,,,0,102,,14997,,,0,105,,14998,,,0,110,,14984,,,0,100,,14990,,,0,150,,14994,,,0,101,,14991,,,0,109,,14986,,,0,90,,14988,,,0,113,,14992,,,0,99,,14993,,,0,99,,14989,,,0,113,,14987,,,0
5701,'4877',736,,15003,,,0,99,,15000,,,0,105,,15002,,,0,100,,15001,,,0,107,,15004,,,0,110,,15007,,,0,100,,15005,,,0,150,,15008,,,0,100,,15006,,,0,109,,15012,,,0,90,,15014,,,0,114,,15013,,,0,100,,15011,,,0,98,,15010,,,0,85,,15009,,,0
