5300,'4623',1322,,73347,9,0,25 40,0,187,,73345,9,0,25 40,0,107,,73344,9,0,25 40,0,129,,73349,9,0,25 40,0,166,,73348,9,0,25 40,0,130,,73350,9,0,25 40,0
5300,'4833',1327,,73357,9,0,25 40,0,210,,73354,9,0,25 40,0,209,,73352,9,0,25 40,0,206,,73353,9,0,25 40,0
5300,'5015',1327,,73364,9,0,25 40,0,210,,73361,9,0,25 40,0,209,,73359,9,0,25 40,0,206,,73360,9,0,25 40,0
5300,'5222',1322,,73372,9,0,25 40,0,187,,73370,9,0,25 40,0,107,,73369,9,0,25 40,0,129,,73374,9,0,25 40,0,166,,73373,9,0,25 40,0,130,,73375,9,0,25 40,0
5300,'5365',1326,,73380,9,0,25 40,0,210,,73378,9,0,25 40,0,210,,73382,9,0,25 40,0,205,,73381,9,0,25 40,0
5300,'5390',1326,,73387,9,0,25 40,0,210,,73385,9,0,25 40,0,210,,73389,9,0,25 40,0,205,,73388,9,0,25 40,0
5301,'4623',810,,73390,32,,,0,116,,73399,32,,,0,199,,73391,32,,,0
5301,'4833',759,,73405,32,,,0,241,,73406,32,,,0,214,,73404,32,,,0
5301,'5015',759,,73412,32,,,0,241,,73413,32,,,0,214,,73411,32,,,0
5301,'5222',810,,73414,32,,,0,116,,73423,32,,,0,199,,73415,32,,,0
5301,'5365',759,,73427,32,,,0,200,,73424,32,,,0,253,,73425,32,,,0
5301,'5390',759,,73434,32,,,0,200,,73431,32,,,0,253,,73432,32,,,0
