200,'4623',552,,63268,14,,,0,80,,63260,14,,,0,20,,63255,14,,,0,71,,63269,14,,,0,31,,63263,14,,,0,71,,63254,14,,,0,31,,63267,14,,,0,70,,63264,14,,,0,15,,63252,14,0,5,0,71,,63253,14,,,0,38,,63256,14,,,0,80,,63257,14,,,0,80,,63266,14,,,0,40,,63259,14,,,0,80,,63258,14,,,0,80,,63265,14,,,0,37,,63261,14,,,0,76,,63262,14,,,0,77,,63270,14,,,0,36,,63271,14,,,0,73,,63274,14,0,5,0,17,,63273,14,,,0,33,,63272,14,,,0,80,,63277,14,,,0,89,,63275,14,,,0,80,,63276,14,,,0,20,,63279,14,0,5,0,22,,63281,14,,,0,60,,63278,14,0,5,0,20,,63280,14,,,0,78,,63282,14,,,0,40,,63283,14,,,0,79,,63284,14,,,0,79,,63285,14,,,0,30,,63286,14,0,5,0,68,,63287,14,0,5,0
200,'4833',603,,63307,14,,,0,112,,63310,14,,,0,119,,63308,14,,,0,80,,63296,14,,,0,86,,63309,14,,,0,40,,63294,14,,,0,80,,63288,14,,,0,80,,63295,14,,,0,40,,63289,14,,,0,80,,63302,14,,,0,81,,63290,14,,,0,40,,63293,14,,,0,80,,63292,14,,,0,80,,63291,14,,,0,40,,63305,14,,,0,79,,63306,14,,,0,35,,63304,14,,,0,80,,63298,14,,,0,75,,63299,14,,,0,20,,63297,14,0,5,0,75,,63301,14,,,0,20,,63303,14,0,5,0,20,,63300,14,,,0,65,,63315,14,0,5,0,20,,63316,14,,,0,80,,63313,14,,,0,40,,63312,14,,,0,78,,63314,14,,,0,80,,63311,14,,,0,35,,63317,14,0,5,0
200,'5015',603,,63337,14,,,0,112,,63340,14,,,0,119,,63338,14,,,0,80,,63326,14,,,0,86,,63339,14,,,0,40,,63324,14,,,0,80,,63318,14,,,0,80,,63325,14,,,0,40,,63319,14,,,0,80,,63332,14,,,0,81,,63320,14,,,0,40,,63323,14,,,0,80,,63322,14,,,0,80,,63321,14,,,0,40,,63335,14,,,0,79,,63336,14,,,0,35,,63334,14,,,0,80,,63328,14,,,0,75,,63329,14,,,0,20,,63327,14,0,5,0,75,,63331,14,,,0,20,,63333,14,0,5,0,20,,63330,14,,,0,65,,63345,14,0,5,0,20,,63346,14,,,0,80,,63343,14,,,0,40,,63342,14,,,0,78,,63344,14,,,0,80,,63341,14,,,0,35,,63347,14,0,5,0
200,'5222',552,,63364,14,,,0,80,,63356,14,,,0,20,,63351,14,,,0,71,,63365,14,,,0,31,,63359,14,,,0,71,,63350,14,,,0,31,,63363,14,,,0,70,,63360,14,,,0,15,,63348,14,0,5,0,71,,63349,14,,,0,38,,63352,14,,,0,80,,63353,14,,,0,80,,63362,14,,,0,40,,63355,14,,,0,80,,63354,14,,,0,80,,63361,14,,,0,37,,63357,14,,,0,76,,63358,14,,,0,77,,63366,14,,,0,36,,63367,14,,,0,73,,63370,14,0,5,0,17,,63369,14,,,0,33,,63368,14,,,0,80,,63373,14,,,0,89,,63371,14,,,0,80,,63372,14,,,0,20,,63375,14,0,5,0,22,,63377,14,,,0,60,,63374,14,0,5,0,20,,63376,14,,,0,78,,63378,14,,,0,40,,63379,14,,,0,79,,63380,14,,,0,79,,63381,14,,,0,30,,63382,14,0,5,0
200,'5365',658,,63405,14,,,0,160,,63404,14,,,0,121,,63403,14,,,0,101,,63384,14,,,0,80,,63402,14,,,0,80,,63390,14,,,0,40,,63388,14,,,0,80,,63383,14,,,0,80,,63385,14,,,0,40,,63396,14,,,0,80,,63391,14,,,0,80,,63386,14,,,0,40,,63389,14,,,0,80,,63387,14,,,0,35,,63397,14,,,0,80,,63393,14,,,0,75,,63392,14,0,5,0,19,,63398,14,,,0,20,,63395,14,0,5,0,60,,63394,14,,,0,40,,63400,14,,,0,79,,63401,14,,,0,80,,63399,14,,,0,40,,63406,14,,,0,80,,63407,14,,,0
200,'5390',658,,63430,14,,,0,160,,63429,14,,,0,121,,63428,14,,,0,101,,63409,14,,,0,80,,63427,14,,,0,80,,63415,14,,,0,40,,63413,14,,,0,80,,63408,14,,,0,80,,63410,14,,,0,40,,63421,14,,,0,80,,63416,14,,,0,80,,63411,14,,,0,40,,63414,14,,,0,80,,63412,14,,,0,35,,63422,14,,,0,80,,63418,14,,,0,75,,63417,14,0,5,0,19,,63423,14,,,0,20,,63420,14,0,5,0,60,,63419,14,,,0,40,,63425,14,,,0,79,,63426,14,,,0,80,,63424,14,,,0,40,,63431,14,,,0,80,,63432,14,,,0
301,'4623',634,,63796,6,,,0,75,,63795,6,,,0,37,,63797,6,,,0,81,,63794,6,,,0,77,,63787,6,,,0,35,,63786,6,,,0,70,,63785,6,,,0,30,,63788,6,,,0,70,,63783,6,,,0,31,,63784,6,,,0,70,,63790,6,,,0,35,,63782,6,,,0,70,,63781,6,,,0,30,,63789,6,,,0,71,,63780,6,,,0,33,,63779,6,,,0,75,,63791,6,,,0,35,,63778,6,,,0,75,,63777,6,,,0,73,,63793,6,,,0,32,,63776,6,,,0,74,,63775,6,,,0,25,,63792,6,,,0,70,,63774,6,,,0,30,,63773,6,,,0,65,,63771,6,,,0,25,,63772,6,,,0,30,,63770,6,,,0
301,'4833',713,,63820,6,,,0,30,,63806,6,,,0,70,,63799,6,,,0,30,,63812,6,,,0,70,,63807,6,,,0,30,,63823,6,,,0,70,,63811,6,,,0,31,,63800,6,,,0,69,,63822,6,,,0,30,,63814,6,,,0,71,,63802,6,,,0,30,,63824,6,,,0,70,,63813,6,,,0,31,,63801,6,,,0,70,,63808,6,,,0,34,,63805,6,,,0,71,,63803,6,,,0,39,,63804,6,,,0,70,,63809,6,,,0,76,,63815,6,,,0,24,,63810,6,,,0,74,,63817,6,,,0,28,,63816,6,,,0,72,,63818,6,,,0,25,,63819,6,,,0,30,,63825,6,,,0,70,,63821,6,,,0,30,,63826,6,,,0
301,'5015',713,,63848,6,,,0,30,,63834,6,,,0,70,,63827,6,,,0,30,,63840,6,,,0,70,,63835,6,,,0,30,,63851,6,,,0,70,,63839,6,,,0,31,,63828,6,,,0,69,,63850,6,,,0,30,,63842,6,,,0,71,,63830,6,,,0,30,,63852,6,,,0,70,,63841,6,,,0,31,,63829,6,,,0,70,,63836,6,,,0,34,,63833,6,,,0,71,,63831,6,,,0,39,,63832,6,,,0,70,,63837,6,,,0,76,,63843,6,,,0,24,,63838,6,,,0,74,,63845,6,,,0,28,,63844,6,,,0,72,,63846,6,,,0,25,,63847,6,,,0,30,,63853,6,,,0,70,,63849,6,,,0,30,,63854,6,,,0
301,'5222',634,,63881,6,,,0,75,,63880,6,,,0,37,,63882,6,,,0,81,,63879,6,,,0,77,,63872,6,,,0,35,,63871,6,,,0,70,,63870,6,,,0,30,,63873,6,,,0,70,,63868,6,,,0,31,,63869,6,,,0,70,,63875,6,,,0,35,,63867,6,,,0,70,,63866,6,,,0,30,,63874,6,,,0,71,,63865,6,,,0,33,,63864,6,,,0,75,,63876,6,,,0,35,,63863,6,,,0,75,,63862,6,,,0,73,,63878,6,,,0,32,,63861,6,,,0,74,,63860,6,,,0,25,,63877,6,,,0,70,,63859,6,,,0,30,,63858,6,,,0,65,,63856,6,,,0,25,,63857,6,,,0,30,,63855,6,,,0
301,'5365',728,,63897,6,,,0,85,,63885,6,,,0,40,,63898,6,,,0,85,,63891,6,,,0,75,,63896,6,,,0,40,,63884,6,,,0,60,,63892,6,,,0,31,,63887,6,,,0,69,,63886,6,,,0,30,,63893,6,,,0,71,,63890,6,,,0,30,,63889,6,,,0,70,,63888,6,,,0,37,,63894,6,,,0,68,,63895,6,,,0,81,,63901,6,,,0,23,,63899,6,,,0,33,,63900,6,,,0,67,,63905,6,,,0,30,,63903,6,,,0,70,,63902,6,,,0,30,,63904,6,,,0,70,,63906,6,,,0,35,,63907,6,,,0
301,'5390',728,,63921,6,,,0,85,,63909,6,,,0,40,,63922,6,,,0,85,,63915,6,,,0,75,,63920,6,,,0,40,,63908,6,,,0,60,,63916,6,,,0,31,,63911,6,,,0,69,,63910,6,,,0,30,,63917,6,,,0,71,,63914,6,,,0,30,,63913,6,,,0,70,,63912,6,,,0,37,,63918,6,,,0,68,,63919,6,,,0,81,,63925,6,,,0,23,,63923,6,,,0,33,,63924,6,,,0,67,,63929,6,,,0,30,,63927,6,,,0,70,,63926,6,,,0,30,,63928,6,,,0,70,,63930,6,,,0,35,,63931,6,,,0
500,'4623',612,,64666,14,,,0,95,,64659,14,,,0,32,,64661,14,,,0,71,,64658,14,,,0,31,,64660,14,,,0,69,,64663,14,,,0,47,,64662,14,,,0,73,,64671,14,,,0,80,,64668,14,,,0,40,,64664,14,,,0,80,,64665,14,,,0,81,,64667,14,,,0,39,,64672,14,,,0,80,,64669,14,,,0,75,,64670,14,,,0,36,,64674,14,,,0,77,,64673,14,,,0,34,,64675,14,,,0,91,,64676,14,,,0,76,,64677,14,,,0,84,,64679,14,,,0,45,,64678,14,,,0
500,'4833',638,,64691,14,,,0,116,,64687,14,,,0,100,,64690,14,,,0,81,,64681,14,,,0,85,,64688,14,,,0,80,,64682,14,,,0,40,,64697,14,,,0,80,,64689,14,,,0,80,,64680,14,,,0,41,,64686,14,,,0,80,,64683,14,,,0,80,,64693,14,,,0,40,,64684,14,,,0,80,,64685,14,,,0,79,,64694,14,,,0,35,,64695,14,,,0,80,,64696,14,,,0,40,,64692,14,,,0,90,,64698,14,,,0
500,'5015',638,,64710,14,,,0,116,,64706,14,,,0,100,,64709,14,,,0,81,,64700,14,,,0,85,,64707,14,,,0,80,,64701,14,,,0,40,,64716,14,,,0,80,,64708,14,,,0,80,,64699,14,,,0,41,,64705,14,,,0,80,,64702,14,,,0,80,,64712,14,,,0,40,,64703,14,,,0,80,,64704,14,,,0,79,,64713,14,,,0,35,,64714,14,,,0,80,,64715,14,,,0,40,,64711,14,,,0,90,,64717,14,,,0
500,'5222',612,,64726,14,,,0,95,,64719,14,,,0,32,,64721,14,,,0,71,,64718,14,,,0,31,,64720,14,,,0,69,,64723,14,,,0,47,,64722,14,,,0,73,,64731,14,,,0,80,,64728,14,,,0,40,,64724,14,,,0,80,,64725,14,,,0,81,,64727,14,,,0,39,,64732,14,,,0,80,,64729,14,,,0,75,,64730,14,,,0,36,,64734,14,,,0,77,,64733,14,,,0,34,,64735,14,,,0,91,,64736,14,,,0,76,,64737,14,,,0,84,,64739,14,,,0,45,,64738,14,,,0
500,'5365',738,,64753,14,,,0,120,,64752,14,,,0,162,,64751,14,,,0,80,,64746,14,,,0,40,,64740,14,,,0,80,,64741,14,,,0,80,,64754,14,,,0,40,,64747,14,,,0,80,,64744,14,,,0,80,,64742,14,,,0,40,,64743,14,,,0,80,,64755,14,,,0,80,,64748,14,,,0,35,,64745,14,,,0,80,,64749,14,,,0,40,,64750,14,,,0
500,'5390',738,,64769,14,,,0,120,,64768,14,,,0,162,,64767,14,,,0,80,,64762,14,,,0,40,,64756,14,,,0,80,,64757,14,,,0,80,,64770,14,,,0,40,,64763,14,,,0,80,,64760,14,,,0,80,,64758,14,,,0,40,,64759,14,,,0,80,,64771,14,,,0,80,,64764,14,,,0,35,,64761,14,,,0,80,,64765,14,,,0,40,,64766,14,,,0
