7501,'4487',956,,17411,,,0,103,,17412,,,0,141,,17413,,,0,30,,17414,,,0,70,,17415,,,0,30,,17416,,,0,70,,17417,,,0,34,,17418,,,0,70,,17419,,,0,30,,17420,,,0,70,,17421,,,0,31,,17422,,,0,70,,17423,,,0,96,,17424,,,0,56,,17425,,,0,99,,17426,,,0,100,,17427,,,0,100,,17428,,,0,94,,17429,0,28 29 14,0
7501,'4743',956,,17434,,,0,103,,17435,,,0,141,,17436,,,0,30,,17437,,,0,70,,17438,,,0,30,,17439,,,0,70,,17440,,,0,34,,17441,,,0,70,,17442,,,0,30,,17443,,,0,70,,17444,,,0,31,,17445,,,0,70,,17446,,,0,96,,17447,,,0,56,,17448,,,0,99,,17449,,,0,100,,17450,,,0,100,,17451,,,0,94,,17452,0,28 29 14,0
7501,'4744',918,,17463,,,0,40,,17464,,,0,70,,17465,,,0,72,,17466,,,0,29,,17467,,,0,30,,17468,,,0,71,,17469,,,0,70,,17470,,,0,30,,17471,,,0,71,,17472,,,0,31,,17473,,,0,70,,17474,,,0,23,,17490,,,0,8,,17475,,,0,18,,17476,,,0,54,,17477,,,0,25,,17479,,,0,5,,17480,,,0,68,,17481,,,0,28,,17482,,,0,70,,17483,,,0,99,,17484,,,0,57,,17485,,,0,100,,17486,,,0,99,,17487,,,0,93,,17488,0,28 29 14,0
7501,'4745',954,,17494,,,0,101,,17495,,,0,103,,17496,,,0,71,,17497,,,0,30,,17498,,,0,70,,17499,,,0,30,,17500,,,0,71,,17501,,,0,71,,17502,,,0,30,,17503,,,0,70,,17504,,,0,100,,17505,,,0,102,,17506,,,0,99,,17507,,,0,100,,17508,,,0,99,,17509,,,0,100,,17510,,,0,48,,17511,0,28 29 14,0
7501,'4870',918,,17522,,,0,40,,17523,,,0,70,,17524,,,0,72,,17525,,,0,29,,17526,,,0,30,,17527,,,0,71,,17528,,,0,70,,17529,,,0,30,,17530,,,0,71,,17531,,,0,31,,17532,,,0,70,,17533,,,0,23,,17547,,,0,8,,17534,,,0,18,,17535,,,0,54,,17536,,,0,25,,17538,,,0,5,,17539,,,0,68,,17540,,,0,28,,17541,,,0,70,,17542,,,0,99,,17543,,,0,157,,17544,,,0,99,,17545,,,0
7501,'4872',1957,,17548,,,0,292,,17549,0,28 29 14,0
7501,'4873',1957,,17550,,,0,292,,17551,0,28 29 14,0
7501,'4875',918,,17561,,,0,40,,17562,,,0,70,,17563,,,0,72,,17564,,,0,29,,17565,,,0,30,,17566,,,0,71,,17567,,,0,70,,17568,,,0,30,,17569,,,0,71,,17570,,,0,31,,17571,,,0,70,,17572,,,0,23,,17588,,,0,8,,17573,,,0,18,,17574,,,0,54,,17575,,,0,25,,17577,,,0,5,,17578,,,0,68,,17579,,,0,28,,17580,,,0,70,,17581,,,0,99,,17582,,,0,57,,17583,,,0,100,,17584,,,0,99,,17585,,,0,93,,17586,0,28 29 14,0
7501,'4876',956,,17592,,,0,103,,17593,,,0,141,,17594,,,0,30,,17595,,,0,70,,17596,,,0,30,,17597,,,0,70,,17598,,,0,34,,17599,,,0,70,,17600,,,0,30,,17601,,,0,70,,17602,,,0,31,,17603,,,0,70,,17604,,,0,96,,17605,,,0,56,,17606,,,0,99,,17607,,,0,100,,17608,,,0,100,,17609,,,0,94,,17610,0,28 29 14,0
7501,'4877',954,,17615,,,0,101,,17616,,,0,103,,17617,,,0,71,,17618,,,0,30,,17619,,,0,70,,17620,,,0,30,,17621,,,0,71,,17622,,,0,71,,17623,,,0,30,,17624,,,0,70,,17625,,,0,100,,17626,,,0,102,,17627,,,0,99,,17628,,,0,100,,17629,,,0,99,,17630,,,0,100,,17631,,,0,48,,17632,0,28 29 14,0
