5300,'4623',619,,73340,2,0,25 40,0,37,,73343,2,,,0,180,,73341,2,0,25 40,0,185,,73342,2,0,25 40,0,130,,73346,2,0,25 40,0,165,,73347,2,0,25 40,0,185,,73345,2,0,25 40,0,108,,73344,2,0,25 40,0,130,,73349,2,0,25 40,0,167,,73348,2,0,25 40,0,130,,73350,2,0,25 40,0
5300,'4833',701,,73351,2,0,25 40,0,200,,73355,2,0,25 40,0,210,,73356,2,0,25 40,0,210,,73357,2,0,25 40,0,210,,73354,2,0,25 40,0,210,,73352,2,0,25 40,0,206,,73353,2,0,25 40,0
5300,'5015',701,,73358,2,0,25 40,0,200,,73362,2,0,25 40,0,210,,73363,2,0,25 40,0,210,,73364,2,0,25 40,0,210,,73361,2,0,25 40,0,210,,73359,2,0,25 40,0,206,,73360,2,0,25 40,0
5300,'5222',619,,73365,2,0,25 40,0,37,,73368,2,,,0,180,,73366,2,0,25 40,0,185,,73367,2,0,25 40,0,130,,73371,2,0,25 40,0,165,,73372,2,0,25 40,0,185,,73370,2,0,25 40,0,108,,73369,2,0,25 40,0,130,,73374,2,0,25 40,0,167,,73373,2,0,25 40,0,130,,73375,2,0,25 40,0
5300,'5365',701,,73379,2,0,25 40,0,202,,73376,2,0,25 40,0,208,,73377,2,0,25 40,0,210,,73380,2,0,25 40,0,210,,73378,2,0,25 40,0,210,,73382,2,0,25 40,0,205,,73381,2,0,25 40,0
5300,'5390',701,,73386,2,0,25 40,0,202,,73383,2,0,25 40,0,208,,73384,2,0,25 40,0,210,,73387,2,0,25 40,0,210,,73385,2,0,25 40,0,210,,73389,2,0,25 40,0,205,,73388,2,0,25 40,0
6100,'4623',2618,,74424,36,4,,0
6100,'4833',2523,,74452,36,4,,0
6100,'5015',2523,,74480,36,4,,0,99,,74481,36,4,,0
6100,'5365',2420,,74538,36,4,,0
6100,'5390',2420,,74559,36,4,,0
