4800,'4623',616,,72848,6,,,0,27,,72847,6,,,0,69,,72846,6,,,0
4800,'5222',616,,72851,6,,,0,27,,72850,6,,,0,69,,72849,6,,,0
5200,'4623',505,,72979,21,,,0,31,,72988,21,,,0,72,,72968,21,,,0,18,,72956,21,,,0,22,,72980,21,,,0,61,,72961,21,,,0,28,,72989,21,,,0,74,,72969,21,,,0,27,,72957,21,,,0,68,,72981,21,,,0,32,,72962,21,,,0,67,,72990,21,,,0,30,,72963,21,,,0,75,,72970,21,,,0,32,,72958,21,,,0,71,,72982,21,,,0,29,,72964,21,,,0,78,,72971,21,,,0,34,,72959,21,,,0,71,,72983,21,,,0,30,,72965,21,,,0,74,,72972,21,,,0,72,,72973,21,,,0,31,,72960,21,,,0,68,,72984,21,,,0,28,,72966,21,,,0,74,,72974,21,,,0,29,,72975,21,,,0,76,,72985,21,,,0,28,,72967,21,,,0,69,,72977,21,,,0,29,,72976,21,,,0,71,,72986,21,,,0,54,,72978,21,,,0,100,,72987,21,,,0,142,,72991,21,,,0
5200,'4833',638,,73009,21,,,0,70,,73008,21,,,0,41,,73003,21,,,0,74,,73011,21,,,0,30,,73006,21,,,0,73,,72992,21,,,0,30,,72999,21,,,0,70,,73018,21,,,0,32,,72997,21,,,0,74,,72994,21,,,0,72,,73000,21,,,0,32,,73020,21,,,0,75,,72995,21,,,0,33,,72993,21,,,0,76,,73002,21,,,0,26,,73019,21,,,0,74,,72998,21,,,0,32,,73005,21,,,0,75,,73001,21,,,0,29,,73016,21,,,0,70,,72996,21,,,0,30,,73007,21,,,0,62,,73013,21,,,0,25,,73004,21,,,0,64,,73012,21,,,0,24,,73015,21,,,0,28,,73014,21,,,0,68,,73010,21,,,0,30,,73017,21,,,0,100,,73021,21,,,0,94,,73022,21,,,0,149,,73023,21,,,0
5200,'5015',638,,73041,21,,,0,70,,73040,21,,,0,41,,73035,21,,,0,74,,73043,21,,,0,30,,73038,21,,,0,73,,73024,21,,,0,30,,73031,21,,,0,70,,73050,21,,,0,32,,73029,21,,,0,74,,73026,21,,,0,72,,73032,21,,,0,32,,73052,21,,,0,75,,73027,21,,,0,33,,73025,21,,,0,76,,73034,21,,,0,26,,73051,21,,,0,74,,73030,21,,,0,32,,73037,21,,,0,75,,73033,21,,,0,29,,73048,21,,,0,70,,73028,21,,,0,30,,73039,21,,,0,62,,73045,21,,,0,25,,73036,21,,,0,64,,73044,21,,,0,24,,73047,21,,,0,28,,73046,21,,,0,68,,73042,21,,,0,30,,73049,21,,,0,100,,73053,21,,,0,94,,73054,21,,,0,149,,73055,21,,,0
5200,'5222',505,,73079,21,,,0,31,,73088,21,,,0,72,,73068,21,,,0,18,,73056,21,,,0,22,,73080,21,,,0,61,,73061,21,,,0,28,,73089,21,,,0,74,,73069,21,,,0,27,,73057,21,,,0,68,,73081,21,,,0,32,,73062,21,,,0,67,,73090,21,,,0,30,,73063,21,,,0,75,,73070,21,,,0,32,,73058,21,,,0,71,,73082,21,,,0,29,,73064,21,,,0,78,,73071,21,,,0,34,,73059,21,,,0,71,,73083,21,,,0,30,,73065,21,,,0,74,,73072,21,,,0,72,,73073,21,,,0,31,,73060,21,,,0,68,,73084,21,,,0,28,,73066,21,,,0,74,,73074,21,,,0,29,,73075,21,,,0,76,,73085,21,,,0,28,,73067,21,,,0,69,,73077,21,,,0,29,,73076,21,,,0,71,,73086,21,,,0,54,,73078,21,,,0,100,,73087,21,,,0,142,,73091,21,,,0
5200,'5365',708,,73113,21,,,0,32,,73095,21,,,0,80,,73098,21,,,0,31,,73112,21,,,0,72,,73106,21,,,0,31,,73094,21,,,0,71,,73097,21,,,0,32,,73108,21,,,0,71,,73102,21,,,0,31,,73093,21,,,0,73,,73096,21,,,0,70,,73111,21,,,0,31,,73104,21,,,0,78,,73092,21,,,0,29,,73100,21,,,0,74,,73110,21,,,0,35,,73103,21,,,0,73,,73119,21,,,0,29,,73099,21,,,0,70,,73109,21,,,0,28,,73105,21,,,0,70,,73107,21,,,0,29,,73101,21,,,0,69,,73115,21,,,0,39,,73114,21,,,0,99,,73116,21,,,0,98,,73118,21,,,0,148,,73117,21,,,0
5200,'5390',708,,73141,21,,,0,32,,73123,21,,,0,80,,73126,21,,,0,31,,73140,21,,,0,72,,73134,21,,,0,31,,73122,21,,,0,71,,73125,21,,,0,32,,73136,21,,,0,71,,73130,21,,,0,31,,73121,21,,,0,73,,73124,21,,,0,70,,73139,21,,,0,31,,73132,21,,,0,78,,73120,21,,,0,29,,73128,21,,,0,74,,73138,21,,,0,35,,73131,21,,,0,73,,73147,21,,,0,29,,73127,21,,,0,70,,73137,21,,,0,28,,73133,21,,,0,70,,73135,21,,,0,29,,73129,21,,,0,69,,73143,21,,,0,39,,73142,21,,,0,99,,73144,21,,,0,98,,73146,21,,,0,148,,73145,21,,,0
5501,'4623',637,,73582,12,,,0,169,,73583,12,,,0,205,,73588,12,,,0,136,,73584,12,,,0,200,,73585,12,,,0,107,,73586,12,,,0,195,,73587,12,,,0,193,,73590,12,,,0,194,,73589,12,,,0
5501,'4833',841,,73595,12,,,0,211,,73592,12,,,0,205,,73593,12,,,0,246,,73594,12,,,0,210,,73591,12,,,0,204,,73596,12,,,0
5501,'5015',841,,73602,12,,,0,211,,73599,12,,,0,205,,73600,12,,,0,246,,73601,12,,,0,210,,73597,12,,,0,204,,73598,12,,,0
5501,'5222',637,,73603,12,,,0,169,,73604,12,,,0,205,,73609,12,,,0,136,,73605,12,,,0,200,,73606,12,,,0,107,,73607,12,,,0,195,,73608,12,,,0,193,,73611,12,,,0,194,,73610,12,,,0
5501,'5365',840,,73612,12,,,0,212,,73614,12,,,0,205,,73615,12,,,0,245,,73613,12,,,0,210,,73617,12,,,0,204,,73616,12,,,0
5501,'5390',840,,73618,12,,,0,212,,73620,12,,,0,205,,73621,12,,,0,245,,73619,12,,,0,210,,73623,12,,,0,204,,73622,12,,,0
5900,'4623',646,,74034,21,,,0,100,,74035,21,,,0,80,,74049,21,,,0,112,,74050,21,,,0,92,,74036,21,,,0,101,,74037,21,,,0,102,,74038,21,,,0,103,,74039,21,,,0,111,,74040,21,,,0,101,,74043,21,,,0,86,,74042,21,,,0,84,,74044,21,,,0,82,,74041,21,,,0,43,,74045,21,,,0,99,,74046,21,,,0,99,,74047,21,,,0,109,,74048,21,,,0
5900,'4833',754,,74064,21,,,0,101,,74063,21,,,0,102,,74062,21,,,0,101,,74061,21,,,0,145,,74060,21,,,0,106,,74059,21,,,0,106,,74058,21,,,0,105,,74057,21,,,0,104,,74056,21,,,0,105,,74052,21,,,0,104,,74053,21,,,0,104,,74054,21,,,0,103,,74055,21,,,0,107,,74051,21,,,0
5900,'5015',754,,74078,21,,,0,101,,74077,21,,,0,102,,74076,21,,,0,101,,74075,21,,,0,145,,74074,21,,,0,106,,74073,21,,,0,106,,74072,21,,,0,105,,74071,21,,,0,104,,74070,21,,,0,105,,74066,21,,,0,104,,74067,21,,,0,104,,74068,21,,,0,103,,74069,21,,,0,107,,74065,21,,,0
5900,'5222',646,,74079,21,,,0,100,,74080,21,,,0,80,,74094,21,,,0,112,,74095,21,,,0,92,,74081,21,,,0,101,,74082,21,,,0,102,,74083,21,,,0,103,,74084,21,,,0,111,,74085,21,,,0,101,,74088,21,,,0,86,,74087,21,,,0,84,,74089,21,,,0,82,,74086,21,,,0,43,,74090,21,,,0,99,,74091,21,,,0,99,,74092,21,,,0,109,,74093,21,,,0
5900,'5365',754,,74096,21,,,0,100,,74097,21,,,0,102,,74098,21,,,0,101,,74100,21,,,0,146,,74099,21,,,0,105,,74104,21,,,0,105,,74102,21,,,0,107,,74103,21,,,0,105,,74101,21,,,0,105,,74106,21,,,0,102,,74107,21,,,0,105,,74105,21,,,0,103,,74108,21,,,0
5900,'5390',754,,74109,21,,,0,100,,74110,21,,,0,102,,74111,21,,,0,101,,74113,21,,,0,146,,74112,21,,,0,105,,74117,21,,,0,105,,74115,21,,,0,107,,74116,21,,,0,105,,74114,21,,,0,105,,74119,21,,,0,102,,74120,21,,,0,105,,74118,21,,,0,103,,74121,21,,,0
6101,'4623',520,,74592,6,,,0,28,,74574,6,,,0,68,,74571,6,,,0,26,,74572,6,,,0,77,,74591,6,,,0,37,,74577,6,,,0,79,,74570,6,,,0,66,,74594,6,,,0,34,,74573,6,,,0,89,,74575,6,,,0,76,,74590,6,,,0,36,,74579,6,,,0,77,,74576,6,,,0,37,,74593,6,,,0,66,,74580,6,,,0,36,,74578,6,,,0,72,,74561,6,,,0,30,,74560,6,,,0,73,,74562,6,,,0,27,,74595,29,,,0,57,,74567,6,,,0,19,,74581,29,,,0,74,,74564,29,,,0,22,,74566,29,,,0,12,,74563,29,,,0,62,,74569,29,,,0,35,,74568,29,,,0,13,,74584,6,,,0,70,,74565,6,,,0,86,,74582,6,,,0,49,,74583,6,,,0,98,,74586,6,,,0,86,,74585,6,,,0,97,,74587,6,,,0,85,,74588,6,,,0,99,,74589,6,,,0
6101,'4833',552,,74596,5,,,0,96,,74597,6,,,0,78,,74598,6,,,0,101,,74599,6,,,0,83,,74600,6,,,0,49,,74601,6,,,0,71,,74602,6,,,0,86,,74603,6,,,0,32,,74604,6,,,0,72,,74605,6,,,0,83,,74606,6,,,0,38,,74607,6,,,0,76,,74608,6,,,0,36,,74609,6,,,0,66,,74610,6,,,0,36,,74611,6,,,0,78,,74612,6,,,0,73,,74613,6,,,0,34,,74614,6,,,0,76,,74615,6,,,0,36,,74616,6,,,0,76,,74617,6,,,0,81,,74618,6,,,0,43,,74619,6,,,0,98,,74620,6,,,0,87,,74621,6,,,0,99,,74622,6,,,0,84,,74623,6,,,0
6101,'5015',552,,74624,5,,,0,96,,74625,6,,,0,78,,74626,6,,,0,101,,74627,6,,,0,83,,74628,6,,,0,49,,74629,6,,,0,71,,74630,6,,,0,86,,74631,6,,,0,32,,74632,6,,,0,72,,74633,6,,,0,83,,74634,6,,,0,38,,74635,6,,,0,76,,74636,6,,,0,36,,74637,6,,,0,66,,74638,6,,,0,36,,74639,6,,,0,78,,74640,6,,,0,73,,74641,6,,,0,34,,74642,6,,,0,76,,74643,6,,,0,36,,74644,6,,,0,76,,74645,6,,,0,81,,74646,6,,,0,43,,74647,6,,,0,98,,74648,6,,,0,87,,74649,6,,,0,99,,74650,6,,,0,84,,74651,6,,,0,100,,74652,6,,,0
6101,'5222',520,,74684,6,,,0,28,,74667,6,,,0,68,,74664,6,,,0,26,,74665,6,,,0,77,,74683,6,,,0,37,,74670,6,,,0,79,,74663,6,,,0,66,,74686,6,,,0,34,,74666,6,,,0,89,,74668,6,,,0,76,,74682,6,,,0,36,,74672,6,,,0,77,,74669,6,,,0,37,,74685,6,,,0,66,,74673,6,,,0,36,,74671,6,,,0,72,,74654,6,,,0,30,,74653,6,,,0,73,,74655,6,,,0,27,,74687,29,,,0,57,,74660,6,,,0,19,,74674,29,,,0,74,,74657,29,,,0,22,,74659,29,,,0,12,,74656,29,,,0,62,,74662,29,,,0,35,,74661,29,,,0,13,,74677,6,,,0,70,,74658,6,,,0,86,,74675,6,,,0,49,,74676,6,,,0,98,,74679,6,,,0,86,,74678,6,,,0,97,,74680,6,,,0,85,,74681,6,,,0
6101,'5365',557,,74690,5,,,0,102,,74688,5,,,0,74,,74691,6,,,0,89,,74689,6,,,0,94,,74692,6,,,0,86,,74693,6,,,0,47,,74694,6,,,0,86,,74695,6,,,0,102,,74696,6,,,0,86,,74697,6,,,0,101,,74698,6,,,0,85,,74699,6,,,0,101,,74700,6,,,0,40,,74701,6,,,0,100,,74702,6,,,0,90,,74703,6,,,0,97,,74704,6,,,0,100,,74705,6,,,0,82,,74706,6,,,0,100,,74707,6,,,0,96,,74708,6,,,0
6101,'5390',557,,74711,5,,,0,102,,74709,5,,,0,74,,74712,6,,,0,89,,74710,6,,,0,94,,74713,6,,,0,86,,74714,6,,,0,47,,74715,6,,,0,86,,74716,6,,,0,102,,74717,6,,,0,86,,74718,6,,,0,101,,74719,6,,,0,85,,74720,6,,,0,101,,74721,6,,,0,40,,74722,6,,,0,100,,74723,6,,,0,90,,74724,6,,,0,97,,74725,6,,,0,100,,74726,6,,,0,82,,74727,6,,,0,100,,74728,6,,,0,96,,74729,6,,,0
6401,'4623',638,,74757,6,,,0,578,,74758,6,,,0,500,,74753,6,0,34 35 36,0
6401,'5222',638,,74764,6,,,0,578,,74765,6,,,0,500,,74760,6,0,34 35 36,0
