300,'4487',718,,518,,,0,97,,523,,,0,99,,512,,,0,100,,514,,,0,99,,516,,,0,98,,519,,,0,100,,527,,,0,105,,526,,,0,110,,528,,,0,100,,530,,,0,106,,531,,,0,97,,536,,,0,102,,534,,,0,100,,538,,,0
300,'4743',718,,547,,,0,97,,552,,,0,99,,541,,,0,100,,543,,,0,99,,545,,,0,98,,548,,,0,100,,556,,,0,105,,555,,,0,110,,557,,,0,100,,559,,,0,106,,560,,,0,97,,565,,,0,102,,563,,,0,100,,567,,,0
300,'4744',642,,596,,,0,114,,594,,,0,153,,592,,,0,99,,586,,,0,98,,583,,,0,105,,581,,,0,100,,588,,,0,104,,579,,,0,109,,578,,,0,34,,577,,,0,73,,590,,,0,109,,575,,,0,99,,574,,,0,95,,571,,,0,96,,569,,,0
300,'4745',747,,619,,,0,164,,617,,,0,114,,609,,,0,89,,615,,,0,99,,618,,,0,99,,599,,,0,107,,610,,,0,103,,611,,,0,101,,602,,,0,101,,604,,,0,101,,603,,,0,106,,612,,,0
300,'4870',642,,650,,,0,114,,648,,,0,153,,646,,,0,99,,640,,,0,98,,637,,,0,105,,635,,,0,100,,642,,,0,104,,633,,,0,109,,632,,,0,34,,631,,,0,73,,644,,,0,109,,629,,,0,99,,628,,,0,95,,625,,,0,96,,623,,,0
300,'4875',642,,679,,,0,114,,677,,,0,153,,675,,,0,99,,669,,,0,98,,666,,,0,105,,664,,,0,100,,671,,,0,104,,662,,,0,109,,661,,,0,34,,660,,,0,73,,673,,,0,109,,658,,,0,99,,657,,,0,95,,654,,,0,96,,652,,,0
300,'4876',718,,688,,,0,97,,693,,,0,99,,682,,,0,100,,684,,,0,99,,686,,,0,98,,689,,,0,100,,697,,,0,105,,696,,,0,110,,698,,,0,100,,700,,,0,106,,701,,,0,97,,706,,,0,102,,704,,,0,100,,708,,,0
300,'4877',747,,731,,,0,164,,729,,,0,114,,721,,,0,89,,727,,,0,99,,730,,,0,99,,711,,,0,107,,722,,,0,103,,723,,,0,101,,714,,,0,101,,716,,,0,101,,715,,,0,106,,724,,,0
301,'4487',731,,739,,,0,101,,737,,,0,101,,741,,,0,102,,747,,,0,100,,735,,,0,100,,744,,,0,101,,746,,,0,102,,743,,,0,104,,751,,,0,104,,753,,,0,105,,752,,,0,99,,759,,,0,98,,758,,,0,100,,762,,,0
301,'4743',731,,767,,,0,101,,765,,,0,101,,769,,,0,102,,775,,,0,100,,763,,,0,100,,772,,,0,101,,774,,,0,102,,771,,,0,104,,779,,,0,104,,781,,,0,105,,780,,,0,99,,787,,,0,98,,786,,,0,100,,790,,,0
301,'4744',652,,817,,,0,155,,818,,,0,117,,808,,,0,177,,809,,,0,101,,805,,,0,106,,803,,,0,133,,801,,,0,108,,812,,,0,74,,799,,,0,35,,798,,,0,73,,814,,,0,70,,797,,,0,58,,813,,,0,99,,794,,,0,89,,793,,,0
301,'4745',747,,843,,,0,166,,842,,,0,121,,841,,,0,101,,837,,,0,100,,833,,,0,101,,835,,,0,100,,820,,,0,105,,822,,,0,105,,826,,,0,98,,828,,,0,99,,823,,,0,100,,829,,,0
301,'4870',652,,870,,,0,155,,871,,,0,117,,861,,,0,177,,862,,,0,101,,858,,,0,106,,856,,,0,133,,854,,,0,108,,865,,,0,74,,852,,,0,35,,851,,,0,73,,867,,,0,70,,850,,,0,58,,866,,,0,99,,847,,,0,89,,846,,,0
301,'4875',652,,899,,,0,155,,900,,,0,117,,890,,,0,177,,891,,,0,101,,887,,,0,106,,885,,,0,133,,883,,,0,108,,894,,,0,74,,881,,,0,35,,880,,,0,73,,896,,,0,70,,879,,,0,58,,895,,,0,99,,876,,,0,89,,875,,,0
301,'4876',731,,906,,,0,101,,904,,,0,101,,908,,,0,102,,914,,,0,100,,902,,,0,100,,911,,,0,101,,913,,,0,102,,910,,,0,104,,918,,,0,104,,920,,,0,105,,919,,,0,99,,926,,,0,98,,925,,,0,100,,929,,,0
301,'4877',747,,953,,,0,166,,952,,,0,121,,951,,,0,101,,947,,,0,100,,943,,,0,101,,945,,,0,100,,930,,,0,105,,932,,,0,105,,936,,,0,98,,938,,,0,99,,933,,,0,100,,939,,,0
