1101,'5036',616,,39312,56,,,0,32,,39304,56,,,0,61,,39287,56,,,0,24,,39294,56,,,0,21,,39272,56,,,0,61,,39289,56,,,0,20,,39308,56,,,0,20,,39285,56,,,0,59,,39305,56,,,0,18,,39280,56,,,0,19,,39273,56,,,0,61,,39298,56,,,0,25,,39288,56,,,0,66,,39310,56,,,0,25,,39284,56,,,0,26,,39307,56,,,0,65,,39274,56,,,0,25,,39297,56,,,0,66,,39281,56,,,0,26,,39313,56,,,0,65,,39286,56,,,0,28,,39306,56,,,0,25,,39268,56,,,0,59,,39266,56,,,0,18,,39296,56,,,0,20,,39290,56,,,0,56,,39267,56,,,0,17,,39311,56,,,0,17,,39282,56,,,0,60,,39269,56,,,0,18,,39303,56,,,0,18,,39271,56,,,0,18,,39270,56,,,0,60,,39295,56,,,0,20,,39283,56,,,0,23,,39309,56,,,0,54,,39275,56,,,0,17,,39278,56,,,0,20,,39301,56,,,0,69,,39276,56,,,0,34,,39279,56,,,0,70,,39277,56,,,0,34,,39302,56,,,0,69,,39291,56,,,0,75,,39292,56,,,0,27,,39293,56,,,0,28,,39300,56,,,0,85,,39299,56,,,0
1101,'5040',616,,39360,56,,,0,32,,39352,56,,,0,61,,39335,56,,,0,24,,39342,56,,,0,21,,39320,56,,,0,61,,39337,56,,,0,20,,39356,56,,,0,20,,39333,56,,,0,59,,39353,56,,,0,18,,39328,56,,,0,19,,39321,56,,,0,61,,39346,56,,,0,25,,39336,56,,,0,66,,39358,56,,,0,25,,39332,56,,,0,26,,39355,56,,,0,65,,39322,56,,,0,25,,39345,56,,,0,66,,39329,56,,,0,26,,39361,56,,,0,65,,39334,56,,,0,28,,39354,56,,,0,25,,39316,56,,,0,59,,39314,56,,,0,18,,39344,56,,,0,20,,39338,56,,,0,56,,39315,56,,,0,17,,39359,56,,,0,17,,39330,56,,,0,60,,39317,56,,,0,18,,39351,56,,,0,18,,39319,56,,,0,18,,39318,56,,,0,60,,39343,56,,,0,20,,39331,56,,,0,23,,39357,56,,,0,54,,39323,56,,,0,17,,39326,56,,,0,20,,39349,56,,,0,69,,39324,56,,,0,34,,39327,56,,,0,70,,39325,56,,,0,34,,39350,56,,,0,69,,39339,56,,,0,75,,39340,56,,,0,27,,39341,56,,,0,28,,39348,56,,,0,85,,39347,56,,,0
1101,'5041',713,,39375,56,,,0,36,,39363,56,,,0,75,,39368,56,,,0,30,,39393,56,,,0,79,,39376,56,,,0,70,,39362,56,,,0,30,,39371,56,,,0,72,,39387,56,,,0,25,,39365,56,,,0,20,,39389,56,,,0,66,,39377,56,,,0,25,,39364,56,,,0,67,,39369,56,,,0,25,,39386,56,,,0,25,,39366,56,,,0,66,,39384,56,,,0,25,,39374,56,,,0,65,,39367,56,,,0,25,,39373,56,,,0,65,,39395,56,,,0,25,,39370,56,,,0,24,,39388,56,,,0,65,,39378,56,,,0,24,,39372,56,,,0,65,,39394,56,,,0,24,,39385,56,,,0,24,,39391,56,,,0,65,,39392,56,,,0,22,,39379,56,,,0,65,,39390,56,,,0,25,,39383,56,,,0,25,,39382,56,,,0,65,,39380,56,,,0,35,,39381,56,,,0,70,,39398,56,,,0,29,,39396,56,,,0,71,,39397,56,,,0,28,,39399,56,,,0,85,,39400,56,,,0
1101,'5078',733,,39401,56,,,0,85,,39406,56,,,0,86,,39403,56,,,0,46,,39402,56,,,0,76,,39404,56,,,0,32,,39405,56,,,0,71,,39407,56,,,0,30,,39408,56,,,0,69,,39409,56,,,0,30,,39410,56,,,0,71,,39412,56,,,0,28,,39414,56,,,0,70,,39413,56,,,0,30,,39411,56,,,0,71,,39415,56,,,0,30,,39416,56,,,0,68,,39417,56,,,0,29,,39418,56,,,0,70,,39420,56,,,0,29,,39419,56,,,0,70,,39422,56,,,0,29,,39421,56,,,0,70,,39424,56,,,0,35,,39423,56,,,0,83,,39425,56,,,0,80,,39426,56,,,0,84,,39427,56,,,0,43,,39428,56,,,0,78,,39429,56,,,0,78,,39430,56,,,0
1101,'5079',733,,39431,56,,,0,85,,39436,56,,,0,86,,39433,56,,,0,46,,39432,56,,,0,76,,39434,56,,,0,32,,39435,56,,,0,71,,39437,56,,,0,30,,39438,56,,,0,69,,39439,56,,,0,30,,39440,56,,,0,71,,39442,56,,,0,28,,39444,56,,,0,70,,39443,56,,,0,30,,39441,56,,,0,71,,39445,56,,,0,30,,39446,56,,,0,68,,39447,56,,,0,29,,39448,56,,,0,70,,39450,56,,,0,29,,39449,56,,,0,70,,39452,56,,,0,29,,39451,56,,,0,70,,39454,56,,,0,35,,39453,56,,,0,83,,39455,56,,,0,80,,39456,56,,,0,84,,39457,56,,,0,43,,39458,56,,,0,78,,39459,56,,,0,78,,39460,56,,,0
2500,'5036',553,,41709,7,,,0,74,,41702,7,,,0,29,,41700,7,,,0,78,,41701,7,,,0,70,,41708,7,,,0,55,,41707,7,,,0,144,,41705,7,,,0,101,,41703,7,,,0,100,,41704,7,,,0,98,,41710,7,,,0,100,,41706,7,,,0,136,,41712,7,,,0,84,,41711,7,,,0,100,,41713,7,,,0,103,,41714,7,,,0,100,,41715,7,,,0,121,,41716,7,,,0,167,,41717,7,,,0,134,,41718,7,0,5,0
2500,'5040',553,,41729,7,,,0,74,,41721,7,,,0,29,,41719,7,,,0,78,,41720,7,,,0,70,,41727,7,,,0,55,,41726,7,,,0,144,,41724,7,,,0,101,,41722,7,,,0,100,,41723,7,,,0,98,,41730,7,,,0,100,,41725,7,,,0,136,,41732,7,,,0,84,,41731,7,,,0,100,,41733,7,,,0,103,,41734,7,,,0,100,,41735,7,,,0,121,,41736,7,,,0,167,,41737,7,,,0,134,,41738,7,0,5,0
2500,'5041',737,,41745,7,,,0,109,,41743,7,,,0,113,,41747,7,,,0,141,,41741,7,,,0,59,,41739,7,,,0,98,,41740,7,,,0,100,,41742,7,,,0,99,,41746,7,,,0,100,,41744,7,,,0,101,,41748,7,,,0,143,,41749,7,,,0,124,,41750,7,,,0,121,,41751,7,,,0,170,,41752,7,,,0,130,,41753,7,0,5,0
2500,'5078',728,,41758,7,,,0,127,,41756,7,,,0,169,,41757,7,,,0,130,,41759,7,,,0,172,,41760,7,,,0,129,,41761,7,,,0,173,,41762,7,,,0,129,,41763,7,,,0,170,,41764,7,,,0,122,,41765,7,,,0,168,,41766,7,,,0
2500,'5079',728,,41769,7,,,0,127,,41767,7,,,0,169,,41768,7,,,0,130,,41770,7,,,0,172,,41771,7,,,0,129,,41772,7,,,0,173,,41773,7,,,0,129,,41774,7,,,0,170,,41775,7,,,0,122,,41776,7,,,0,168,,41777,7,,,0
