4700,'5036',618,,44662,9,,,0,20,,44661,9,,,0,20,,44660,9,,,0
4700,'5040',618,,44665,9,,,0,20,,44664,9,,,0,20,,44663,9,,,0
4701,'5036',1709,,44666,43,,,0,30,,44667,43,,,0,69,,44668,43,,,0
4701,'5040',1709,,44669,43,,,0,30,,44670,43,,,0,69,,44671,43,,,0
5800,'5036',623,,45523,1,,,0,30,,45532,1,,,0,79,,45520,1,,,0,79,,45519,1,,,0,25,,45526,1,,,0,72,,45522,1,,,0,43,,45521,1,,,0,86,,45524,1,,,0,85,,45525,1,,,0,85,,45527,1,,,0,45,,45529,1,,,0,87,,45528,1,,,0,86,,45530,1,,,0,19,,45540,1,,,0,65,,45531,1,,,0,16,,45541,1,,,0,27,,45533,1,,,0,91,,45534,1,,,0,88,,45535,1,,,0,85,,45536,1,,,0,85,,45537,1,,,0,146,,45538,1,,,0,110,,45539,1,,,0,149,,45542,1,,,0
5800,'5040',623,,45547,1,,,0,30,,45556,1,,,0,79,,45544,1,,,0,79,,45543,1,,,0,25,,45550,1,,,0,72,,45546,1,,,0,43,,45545,1,,,0,86,,45548,1,,,0,85,,45549,1,,,0,85,,45551,1,,,0,45,,45553,1,,,0,87,,45552,1,,,0,86,,45554,1,,,0,19,,45564,1,,,0,65,,45555,1,,,0,16,,45565,1,,,0,27,,45557,1,,,0,91,,45558,1,,,0,88,,45559,1,,,0,85,,45560,1,,,0,85,,45561,1,,,0,146,,45562,1,,,0,110,,45563,1,,,0,149,,45566,1,,,0
5800,'5041',656,,45579,1,,,0,100,,45580,1,,,0,100,,45581,1,,,0,146,,45582,1,,,0,105,,45577,1,,,0,105,,45578,1,,,0,100,,45576,1,,,0,111,,45574,1,,,0,100,,45575,1,,,0,110,,45573,1,,,0,99,,45568,1,,,0,105,,45569,1,,,0,100,,45570,1,,,0,105,,45571,1,,,0,114,,45572,1,,,0,150,,45567,1,,,0
5800,'5078',755,,45583,1,,,0,101,,45587,1,,,0,145,,45584,1,,,0,106,,45588,1,,,0,105,,45586,1,,,0,100,,45589,1,,,0,111,,45585,1,,,0,100,,45590,1,,,0,109,,45591,1,,,0,100,,45593,1,,,0,104,,45592,1,,,0,100,,45594,1,,,0,105,,45595,1,,,0,199,,45596,1,,,0
5800,'5079',755,,45597,1,,,0,101,,45601,1,,,0,145,,45598,1,,,0,106,,45602,1,,,0,105,,45600,1,,,0,100,,45603,1,,,0,111,,45599,1,,,0,100,,45604,1,,,0,109,,45605,1,,,0,100,,45607,1,,,0,104,,45606,1,,,0,100,,45608,1,,,0,105,,45609,1,,,0,199,,45610,1,,,0
5801,'5036',623,,45611,14,4,,0,30,,45625,14,4,,0,79,,45612,14,4,,0,79,,45613,14,4,,0,25,,45619,15,4,,0,72,,45614,14,4,,0,43,,45615,14,4,,0,86,,45616,14,4,,0,85,,45617,14,4,,0,85,,45618,14,4,,0,45,,45621,14,4,,0,87,,45620,14,4,,0,86,,45622,14,4,,0,19,,45632,14,4,,0,65,,45623,14,4,,0,16,,45634,14,4,,0,27,,45624,14,4,,0,91,,45626,14,4,,0,88,,45627,14,4,,0,85,,45628,14,4,,0,85,,45629,14,4,,0,146,,45630,14,4,,0,110,,45631,14,4,,0,149,,45635,14,4,,0
5801,'5040',623,,45636,14,4,,0,30,,45650,14,4,,0,79,,45637,14,4,,0,79,,45638,14,4,,0,25,,45644,15,4,,0,72,,45639,14,4,,0,43,,45640,14,4,,0,86,,45641,14,4,,0,85,,45642,14,4,,0,85,,45643,14,4,,0,45,,45646,14,4,,0,87,,45645,14,4,,0,86,,45647,14,4,,0,19,,45657,14,4,,0,65,,45648,14,4,,0,16,,45659,14,4,,0,27,,45649,14,4,,0,91,,45651,14,4,,0,88,,45652,14,4,,0,85,,45653,14,4,,0,85,,45654,14,4,,0,146,,45655,14,4,,0,110,,45656,14,4,,0,149,,45660,14,4,,0
5801,'5041',656,,45673,14,4,,0,100,,45674,14,4,,0,100,,45675,14,4,,0,146,,45676,14,4,,0,105,,45672,14,4,,0,105,,45671,14,4,,0,100,,45670,14,4,,0,111,,45669,14,4,,0,100,,45667,14,4,,0,110,,45668,14,4,,0,99,,45662,14,4,,0,105,,45663,14,4,,0,100,,45664,14,4,,0,105,,45665,14,4,,0,114,,45666,14,4,,0,150,,45661,14,4,,0
5801,'5078',755,,45677,14,4,,0,101,,45683,14,4,,0,145,,45681,14,4,,0,106,,45684,14,4,,0,105,,45679,14,4,,0,100,,45682,14,4,,0,111,,45678,14,4,,0,100,,45685,14,4,,0,109,,45680,14,4,,0,100,,45688,14,4,,0,104,,45687,14,4,,0,100,,45689,14,4,,0,105,,45690,14,4,,0,199,,45686,14,4,,0
5801,'5079',755,,45691,14,4,,0,101,,45697,14,4,,0,145,,45695,14,4,,0,106,,45698,14,4,,0,105,,45693,14,4,,0,100,,45696,14,4,,0,111,,45692,14,4,,0,100,,45699,14,4,,0,109,,45694,14,4,,0,100,,45702,14,4,,0,104,,45701,14,4,,0,100,,45703,14,4,,0,105,,45704,14,4,,0,199,,45700,14,4,,0
