6000,'5036',645,,45859,10,,,0,73,,45854,10,,,0,31,,45862,10,,,0,106,,45856,10,,,0,101,,45855,10,,,0,101,,45857,10,,,0,97,,45858,10,,,0,103,,45860,10,,,0,102,,45861,10,,,0,149,,45863,10,,,0,31,,45871,11,,,0,72,,45853,10,,,0,41,,45869,10,,,0,82,,45864,10,,,0,82,,45865,10,,,0,41,,45868,10,,,0,143,,45866,10,,,0,104,,45867,10,,,0,114,,45870,10,,,0
6000,'5040',645,,45878,10,,,0,73,,45873,10,,,0,31,,45881,10,,,0,106,,45875,10,,,0,101,,45874,10,,,0,101,,45876,10,,,0,97,,45877,10,,,0,103,,45879,10,,,0,102,,45880,10,,,0,82,,45885,11,,,0,67,,45882,10,,,0,103,,45872,10,,,0,41,,45889,10,,,0,82,,45883,10,,,0,82,,45884,10,,,0,41,,45888,10,,,0,143,,45886,10,,,0,104,,45887,10,,,0,114,,45890,10,,,0
6000,'5041',718,,45903,10,,,0,100,,45904,10,,,0,101,,45902,10,,,0,101,,45901,10,,,0,106,,45900,10,,,0,105,,45899,10,,,0,105,,45898,10,,,0,106,,45897,10,,,0,106,,45895,10,,,0,102,,45896,10,,,0,103,,45891,10,,,0,104,,45892,10,,,0,145,,45893,10,,,0,120,,45894,10,,,0
6000,'5078',819,,45905,10,,,0,101,,45906,10,,,0,101,,45908,10,,,0,106,,45907,10,,,0,105,,45912,10,,,0,105,,45911,10,,,0,105,,45910,10,,,0,105,,45909,10,,,0,102,,45915,10,,,0,103,,45916,10,,,0,104,,45917,10,,,0,145,,45914,10,,,0,120,,45913,10,,,0
6000,'5079',819,,45918,10,,,0,101,,45919,10,,,0,101,,45921,10,,,0,106,,45920,10,,,0,105,,45925,10,,,0,105,,45924,10,,,0,105,,45923,10,,,0,105,,45922,10,,,0,102,,45928,10,,,0,103,,45929,10,,,0,104,,45930,10,,,0,145,,45927,10,,,0,120,,45926,10,,,0
6001,'5036',725,,45935,23,0,28 37 14,0,78,,45933,23,0,28 37 14,0,33,,45934,23,0,28 37 14,0,79,,45932,23,0,28 37 14,0,92,,45931,23,0,28 37 14,0,101,,45936,23,0,28 37 14,0,101,,45937,23,0,28 37 14,0,103,,45938,23,0,28 37 14,0,111,,45939,23,0,28 37 14,0,97,,45940,23,0,28 37 14,0,91,,45941,23,0,28 37 14,0,44,,45942,23,0,28 37 14,0,81,,45947,23,0,28 37 14,0,85,,45944,23,0,28 37 14,0,100,,45943,23,0,28 37 14,0,99,,45945,23,0,28 37 14,0,110,,45946,23,0,28 37 14,0,107,,45948,23,0,28 37 14,0
6001,'5040',725,,45953,23,0,28 37 14,0,78,,45951,23,0,28 37 14,0,33,,45952,23,0,28 37 14,0,79,,45950,23,0,28 37 14,0,92,,45949,23,0,28 37 14,0,101,,45954,23,0,28 37 14,0,101,,45955,23,0,28 37 14,0,103,,45956,23,0,28 37 14,0,111,,45957,23,0,28 37 14,0,97,,45958,23,0,28 37 14,0,91,,45959,23,0,28 37 14,0,44,,45960,23,0,28 37 14,0,81,,45965,23,0,28 37 14,0,85,,45962,23,0,28 37 14,0,100,,45961,23,0,28 37 14,0,99,,45963,23,0,28 37 14,0,110,,45964,23,0,28 37 14,0,107,,45966,23,0,28 37 14,0
6001,'5041',735,,45978,23,0,28 37 14,0,101,,45979,23,0,28 37 14,0,100,,45980,23,0,28 37 14,0,101,,45977,23,0,28 37 14,0,105,,45976,23,0,28 37 14,0,105,,45975,23,0,28 37 14,0,106,,45974,23,0,28 37 14,0,105,,45973,23,0,28 37 14,0,144,,45972,23,0,28 37 14,0,105,,45971,23,0,28 37 14,0,105,,45970,23,0,28 37 14,0,105,,45969,23,0,28 37 14,0,104,,45968,23,0,28 37 14,0,107,,45967,23,0,28 37 14,0
6001,'5078',835,,45982,23,0,28 37 14,0,101,,45983,23,0,28 37 14,0,101,,45984,23,0,28 37 14,0,105,,45981,23,0,28 37 14,0,105,,45987,23,0,28 37 14,0,105,,45988,23,0,28 37 14,0,106,,45986,23,0,28 37 14,0,145,,45985,23,0,28 37 14,0,105,,45990,23,0,28 37 14,0,104,,45991,23,0,28 37 14,0,105,,45989,23,0,28 37 14,0,104,,45993,23,0,28 37 14,0,106,,45992,23,0,28 37 14,0
6001,'5079',835,,45995,23,0,28 37 14,0,101,,45996,23,0,28 37 14,0,101,,45997,23,0,28 37 14,0,105,,45994,23,0,28 37 14,0,105,,46000,23,0,28 37 14,0,105,,46001,23,0,28 37 14,0,106,,45999,23,0,28 37 14,0,145,,45998,23,0,28 37 14,0,105,,46003,23,0,28 37 14,0,104,,46004,23,0,28 37 14,0,105,,46002,23,0,28 37 14,0,104,,46006,23,0,28 37 14,0,106,,46005,23,0,28 37 14,0
