801,'4744',722,,3928,,,0,18,,3929,,,0,19,,3930,,,0,67,,3931,,,0,25,,3932,,,0,75,,3933,,,0,82,,3927,,,0,44,,3934,,,0,74,,3950,,,0,82,,3935,,,0,46,,3936,,,0,81,,3937,,,0,85,,3938,,,0,92,,3939,,,0,46,,3941,,,0,74,,3951,,,0,73,,3942,,,0,33,,3943,,,0,75,,3944,,,0,28,,3952,,,0,70,,3945,,,0,33,,3946,,,0,85,,3947,,,0,97,,3948,,,0,83,,3949,,,0
801,'4870',722,,3965,,,0,18,,3966,,,0,19,,3967,,,0,67,,3968,,,0,25,,3969,,,0,75,,3970,,,0,82,,3964,,,0,44,,3971,,,0,74,,3987,,,0,82,,3972,,,0,46,,3973,,,0,81,,3974,,,0,85,,3975,,,0,92,,3976,,,0,46,,3978,,,0,74,,3988,,,0,73,,3979,,,0,33,,3980,,,0,75,,3981,,,0,28,,3989,,,0,70,,3982,,,0,33,,3983,,,0,85,,3984,,,0,97,,3985,,,0,83,,3986,,,0
801,'4875',722,,3991,,,0,18,,3992,,,0,19,,3993,,,0,67,,3994,,,0,25,,3995,,,0,75,,3996,,,0,82,,3990,,,0,44,,3997,,,0,74,,4013,,,0,82,,3998,,,0,46,,3999,,,0,81,,4000,,,0,85,,4001,,,0,92,,4002,,,0,46,,4004,,,0,74,,4014,,,0,73,,4005,,,0,33,,4006,,,0,75,,4007,,,0,28,,4015,,,0,70,,4008,,,0,33,,4009,,,0,85,,4010,,,0,97,,4011,,,0,83,,4012,,,0
901,'4744',1726,,4060,,,0,79,,4057,,,0
901,'4870',1726,,4068,,,0,79,,4065,,,0
901,'4875',1726,,4076,,,0,79,,4073,,,0
2100,'4487',727,,7527,0,17,0,86,,7534,0,17,0,40,,7518,0,18 19,0,71,,7528,0,17,0,79,,7511,0,17,0,30,,7529,0,17,0,73,,7513,0,17,0,31,,7523,0,17,0,70,,7508,0,17,0,33,,7509,0,18 19,0,69,,7530,0,17,0,31,,7514,0,17,0,70,,7522,0,17,0,29,,7510,0,18 19,0,72,,7512,0,17,0,30,,7531,0,17,0,69,,7515,0,17,0,30,,7524,0,18 19,0,70,,7516,0,17,0,30,,7517,0,17,0,69,,7533,0,17,0,30,,7519,0,18 19,0,67,,7525,0,17,0,29,,7520,0,17,0,68,,7521,0,17,0,28,,7532,0,17,0,70,,7526,0,17,0
2100,'4743',727,,7554,0,17,0,86,,7561,0,17,0,40,,7545,0,18 19,0,71,,7555,0,17,0,79,,7538,0,17,0,30,,7556,0,17,0,73,,7540,0,17,0,31,,7550,0,17,0,70,,7535,0,17,0,33,,7536,0,18 19,0,69,,7557,0,17,0,31,,7541,0,17,0,70,,7549,0,17,0,29,,7537,0,18 19,0,72,,7539,0,17,0,30,,7558,0,17,0,69,,7542,0,17,0,30,,7551,0,18 19,0,70,,7543,0,17,0,30,,7544,0,17,0,69,,7560,0,17,0,30,,7546,0,18 19,0,67,,7552,0,17,0,29,,7547,0,17,0,68,,7548,0,17,0,28,,7559,0,17,0,70,,7553,0,17,0
2100,'4744',639,,7564,,,0,70,,7572,,,0,18,,7563,,,0,16,,7571,,,0,10,,7598,0,17,0,47,,7573,,,0,11,,7608,,,0,5,,7583,,,0,16,,7575,,,0,14,,7582,,,0,59,,7569,0,17,0,18,,7595,,,0,18,,7570,0,17,0,60,,7574,,,0,21,,7566,0,17,0,20,,7585,,,0,60,,7567,0,17,0,20,,7576,,,0,21,,7586,0,18 19,0,61,,7568,,,0,20,,7565,0,17,0,21,,7577,,,0,59,,7580,0,17,0,21,,7579,,,0,20,,7584,0,17,0,58,,7605,,,0,19,,7587,,,0,16,,7578,,,0,14,,7581,0,17,0,61,,7607,,,0,18,,7597,,,0,17,,7596,,,0,60,,7594,,,0,18,,7593,,,0,19,,7604,0,18 19,0,58,,7591,,,0,18,,7592,,,0,17,,7588,,,0,20,,7606,0,17,0,55,,7590,0,17,0,15,,7589,0,17,0,72,,7600,0,17,0,29,,7599,0,17,0,29,,7602,0,17,0,73,,7601,0,17,0,69,,7603,0,17,0
2100,'4745',753,,7626,0,17,0,75,,7625,0,17,0,85,,7613,0,18 19,0,37,,7624,0,17,0,84,,7627,0,17,0,70,,7609,0,17,0,30,,7612,0,17,0,70,,7615,0,17,0,31,,7611,0,18 19,0,70,,7614,0,17,0,31,,7610,0,17,0,70,,7616,0,17,0,31,,7617,0,18 19,0,70,,7619,0,17,0,30,,7620,0,17,0,70,,7618,0,17,0,30,,7623,0,18 19,0,70,,7621,0,17,0,30,,7622,0,17,0,69,,7628,0,17,0,29,,7629,0,18 19,0,67,,7631,0,17,0,29,,7630,0,17,0,70,,7633,0,17,0,30,,7632,0,17,0
2100,'4870',639,,7636,,,0,70,,7644,,,0,18,,7635,,,0,16,,7643,,,0,10,,7669,0,17,0,47,,7645,,,0,11,,7679,,,0,5,,7655,,,0,16,,7647,,,0,14,,7654,,,0,59,,7641,0,17,0,18,,7666,,,0,18,,7642,0,17,0,60,,7646,,,0,21,,7638,0,17,0,20,,7657,,,0,60,,7639,0,17,0,20,,7648,,,0,21,,7658,0,18 19,0,61,,7640,,,0,20,,7637,0,17,0,21,,7649,,,0,59,,7652,0,17,0,21,,7651,,,0,20,,7656,0,17,0,58,,7676,,,0,19,,7659,,,0,16,,7650,,,0,14,,7653,0,17,0,61,,7678,,,0,18,,7668,,,0,17,,7667,,,0,78,,7665,,,0,19,,7675,0,18 19,0,58,,7663,,,0,18,,7664,,,0,17,,7660,,,0,20,,7677,0,17,0,55,,7662,0,17,0,15,,7661,0,17,0,72,,7671,0,17,0,29,,7670,0,17,0,29,,7673,0,17,0,73,,7672,0,17,0,69,,7674,0,17,0
2100,'4872',1608,,7680,,,0
2100,'4873',1608,,7681,,,0
2100,'4875',639,,7684,,,0,70,,7692,,,0,18,,7683,,,0,16,,7691,,,0,10,,7718,0,17,0,47,,7693,,,0,11,,7728,,,0,5,,7703,,,0,16,,7695,,,0,14,,7702,,,0,59,,7689,0,17,0,18,,7715,,,0,18,,7690,0,17,0,60,,7694,,,0,21,,7686,0,17,0,20,,7705,,,0,60,,7687,0,17,0,20,,7696,,,0,21,,7706,0,18 19,0,61,,7688,,,0,20,,7685,0,17,0,21,,7697,,,0,59,,7700,0,17,0,21,,7699,,,0,20,,7704,0,17,0,58,,7725,,,0,19,,7707,,,0,16,,7698,,,0,14,,7701,0,17,0,61,,7727,,,0,18,,7717,,,0,17,,7716,,,0,60,,7714,,,0,18,,7713,,,0,19,,7724,0,18 19,0,58,,7711,,,0,18,,7712,,,0,17,,7708,,,0,20,,7726,0,17,0,55,,7710,0,17,0,15,,7709,0,17,0,72,,7720,0,17,0,29,,7719,0,17,0,29,,7722,0,17,0,73,,7721,0,17,0,69,,7723,0,17,0
2100,'4876',727,,7748,0,17,0,86,,7755,0,17,0,40,,7739,0,18 19,0,71,,7749,0,17,0,79,,7732,0,17,0,30,,7750,0,17,0,73,,7734,0,17,0,31,,7744,0,17,0,70,,7729,0,17,0,33,,7730,0,18 19,0,69,,7751,0,17,0,31,,7735,0,17,0,70,,7743,0,17,0,29,,7731,0,18 19,0,72,,7733,0,17,0,30,,7752,0,17,0,69,,7736,0,17,0,30,,7745,0,18 19,0,70,,7737,0,17,0,30,,7738,0,17,0,69,,7754,0,17,0,30,,7740,0,18 19,0,67,,7746,0,17,0,29,,7741,0,17,0,68,,7742,0,17,0,28,,7753,0,17,0,70,,7747,0,17,0
2100,'4877',753,,7773,0,17,0,75,,7772,0,17,0,85,,7760,0,18 19,0,37,,7771,0,17,0,84,,7774,0,17,0,70,,7756,0,17,0,30,,7759,0,17,0,70,,7762,0,17,0,31,,7758,0,18 19,0,70,,7761,0,17,0,31,,7757,0,17,0,70,,7763,0,17,0,31,,7764,0,18 19,0,70,,7766,0,17,0,30,,7767,0,17,0,70,,7765,0,17,0,30,,7770,0,18 19,0,70,,7768,0,17,0,30,,7769,0,17,0,69,,7775,0,17,0,29,,7776,0,18 19,0,67,,7778,0,17,0,29,,7777,0,17,0,70,,7780,0,17,0,30,,7779,0,17,0
3800,'4744',611,,12807,,,0,27,,12784,,,0,64,,12804,,,0,13,,12785,,,0,17,,12786,,,0,15,,12789,,,0,63,,12787,,,0,28,,12788,,,0,75,,12805,,,0,27,,12790,,,0,99,,12791,,,0,101,,12792,,,0,103,,12793,,,0,101,,12794,,,0,97,,12795,,,0,81,,12806,,,0,32,,12796,,,0,70,,12797,,,0,31,,12798,,,0,70,,12799,,,0,33,,12800,,,0,80,,12802,,,0,102,,12801,,,0,102,,12803,,,0
3800,'4870',611,,12831,,,0,27,,12808,,,0,64,,12828,,,0,13,,12809,,,0,17,,12810,,,0,15,,12813,,,0,63,,12811,,,0,28,,12812,,,0,75,,12829,,,0,27,,12814,,,0,99,,12815,,,0,101,,12816,,,0,103,,12817,,,0,101,,12818,,,0,97,,12819,,,0,81,,12830,,,0,32,,12820,,,0,70,,12821,,,0,31,,12822,,,0,70,,12823,,,0,33,,12824,,,0,80,,12826,,,0,102,,12825,,,0,102,,12827,,,0
3800,'4875',611,,12855,,,0,27,,12832,,,0,64,,12852,,,0,13,,12833,,,0,17,,12834,,,0,15,,12837,,,0,63,,12835,,,0,28,,12836,,,0,75,,12853,,,0,27,,12838,,,0,99,,12839,,,0,101,,12840,,,0,103,,12841,,,0,101,,12842,,,0,97,,12843,,,0,81,,12854,,,0,32,,12844,,,0,70,,12845,,,0,31,,12846,,,0,70,,12847,,,0,33,,12848,,,0,80,,12850,,,0,102,,12849,,,0,102,,12851,,,0
14002100,'4487',2136,,20266,,,0,70,,20267,,,0,30,,20268,,,0,101,,20269,,,0,96,,20270,,,0
14002100,'4743',2136,,20271,,,0,70,,20272,,,0,30,,20273,,,0,101,,20274,,,0,96,,20275,,,0
14002100,'4744',2135,,20276,,,0,70,,20277,,,0,30,,20278,,,0,99,,20279,,,0,98,,20280,,,0
14002100,'4745',2136,,20281,,,0,100,,20282,,,0,99,,20283,,,0
14002100,'4870',2135,,20284,,,0,70,,20285,,,0,30,,20286,,,0,99,,20287,,,0,98,,20288,,,0
14002100,'4875',2135,,20289,,,0,70,,20290,,,0,30,,20291,,,0,99,,20292,,,0,98,,20293,,,0
14002100,'4876',2136,,20294,,,0,70,,20295,,,0,30,,20296,,,0,101,,20297,,,0,96,,20298,,,0
14002100,'4877',2136,,20299,,,0,100,,20300,,,0,99,,20301,,,0
