6100,'4623',520,,74420,20,,,0,38,,74400,20,,,0,55,,74421,20,,,0,20,,74402,20,,,0,24,,74398,20,,,0,60,,74389,20,,,0,17,,74397,20,,,0,68,,74392,20,,,0,13,,74418,2,0,30 14,0,34,,74404,2,0,30 14,0,80,,74401,2,0,30 14,0,25,,74419,2,0,30 14,0,76,,74399,2,0,30 14,0,86,,74408,2,0,30 14,0,36,,74422,2,0,30 14,0,76,,74407,2,0,30 14,0,74,,74406,2,0,30 14,0,39,,74423,2,0,30 14,0,70,,74405,2,0,30 14,0,40,,74403,2,0,30 14,0,72,,74388,2,0,30 14,0,82,,74390,2,0,30 14,0,27,,74391,2,0,30 14,0,78,,74393,2,0,30 14,0,32,,74411,2,0,30 14,0,67,,74396,2,0,30 14,0,25,,74395,2,0,30 14,0,72,,74394,2,0,30 14,0,31,,74410,2,0,30 14,0,70,,74409,2,0,30 14,0,95,,74414,2,0,30 14,0,41,,74413,2,0,30 14,0,105,,74415,2,0,30 14,0,73,,74412,2,0,30 14,0,100,,74416,2,0,30 14,0,35,,74417,2,0,30 14,0,100,,74424,2,0,30,0
6100,'4833',631,,74426,2,0,30 14,0,99,,74427,2,0,30 14,0,82,,74425,2,0,30 14,0,97,,74428,2,0,30 14,0,95,,74429,2,0,30 14,0,42,,74430,2,0,30 14,0,75,,74431,2,0,30 14,0,87,,74432,2,0,30 14,0,35,,74433,2,0,30 14,0,75,,74434,2,0,30 14,0,36,,74435,2,0,30 14,0,77,,74436,2,0,30 14,0,77,,74437,2,0,30 14,0,37,,74438,2,0,30 14,0,66,,74439,2,0,30 14,0,38,,74440,2,0,30 14,0,81,,74441,2,0,30 14,0,73,,74442,2,0,30 14,0,31,,74443,2,0,30 14,0,71,,74444,2,0,30 14,0,33,,74445,2,0,30 14,0,83,,74446,2,0,30 14,0,81,,74447,2,0,30 14,0,41,,74448,2,0,30 14,0,104,,74449,2,0,30 14,0,73,,74450,2,0,30 14,0,100,,74451,2,0,30 14,0,38,,74452,2,0,30,0
6100,'5015',631,,74454,2,0,30 14,0,99,,74455,2,0,30 14,0,82,,74453,2,0,30 14,0,97,,74456,2,0,30 14,0,95,,74457,2,0,30 14,0,42,,74458,2,0,30 14,0,75,,74459,2,0,30 14,0,87,,74460,2,0,30 14,0,35,,74461,2,0,30 14,0,75,,74462,2,0,30 14,0,36,,74463,2,0,30 14,0,77,,74464,2,0,30 14,0,77,,74465,2,0,30 14,0,37,,74466,2,0,30 14,0,66,,74467,2,0,30 14,0,38,,74468,2,0,30 14,0,81,,74469,2,0,30 14,0,73,,74470,2,0,30 14,0,31,,74471,2,0,30 14,0,71,,74472,2,0,30 14,0,33,,74473,2,0,30 14,0,83,,74474,2,0,30 14,0,81,,74475,2,0,30 14,0,41,,74476,2,0,30 14,0,104,,74477,2,0,30 14,0,73,,74478,2,0,30 14,0,100,,74479,2,0,30 14,0,38,,74480,2,0,30,0,100,,74481,2,0,30,0
6100,'5222',520,,74514,20,,,0,38,,74494,20,,,0,55,,74515,20,,,0,20,,74496,20,,,0,24,,74492,20,,,0,60,,74483,20,,,0,17,,74491,20,,,0,68,,74486,20,,,0,13,,74512,2,0,30 14,0,34,,74498,2,0,30 14,0,80,,74495,2,0,30 14,0,25,,74513,2,0,30 14,0,76,,74493,2,0,30 14,0,86,,74502,2,0,30 14,0,36,,74516,2,0,30 14,0,76,,74501,2,0,30 14,0,74,,74500,2,0,30 14,0,39,,74517,2,0,30 14,0,70,,74499,2,0,30 14,0,40,,74497,2,0,30 14,0,72,,74482,2,0,30 14,0,82,,74484,2,0,30 14,0,27,,74485,2,0,30 14,0,78,,74487,2,0,30 14,0,32,,74505,2,0,30 14,0,67,,74490,2,0,30 14,0,25,,74489,2,0,30 14,0,72,,74488,2,0,30 14,0,31,,74504,2,0,30 14,0,70,,74503,2,0,30 14,0,95,,74508,2,0,30 14,0,41,,74507,2,0,30 14,0,105,,74509,2,0,30 14,0,73,,74506,2,0,30 14,0,100,,74510,2,0,30 14,0,35,,74511,2,0,30 14,0
6100,'5365',635,,74518,2,0,30 14,0,104,,74519,2,0,30 14,0,83,,74520,2,0,30 14,0,95,,74521,2,0,30 14,0,42,,74522,2,0,30 14,0,86,,74523,2,0,30 14,0,97,,74524,2,0,30 14,0,82,,74525,2,0,30 14,0,101,,74526,2,0,30 14,0,94,,74527,2,0,30 14,0,103,,74528,2,0,30 14,0,79,,74529,2,0,30 14,0,102,,74530,2,0,30 14,0,47,,74531,2,0,30 14,0,103,,74532,2,0,30 14,0,86,,74533,2,0,30 14,0,86,,74534,2,0,30 14,0,101,,74535,2,0,30 14,0,94,,74536,2,0,30 14,0,101,,74537,2,0,30 14,0,35,,74538,2,0,30,0
6100,'5390',635,,74539,2,0,30 14,0,104,,74540,2,0,30 14,0,83,,74541,2,0,30 14,0,95,,74542,2,0,30 14,0,42,,74543,2,0,30 14,0,86,,74544,2,0,30 14,0,97,,74545,2,0,30 14,0,82,,74546,2,0,30 14,0,101,,74547,2,0,30 14,0,94,,74548,2,0,30 14,0,103,,74549,2,0,30 14,0,79,,74550,2,0,30 14,0,102,,74551,2,0,30 14,0,47,,74552,2,0,30 14,0,103,,74553,2,0,30 14,0,86,,74554,2,0,30 14,0,86,,74555,2,0,30 14,0,101,,74556,2,0,30 14,0,94,,74557,2,0,30 14,0,101,,74558,2,0,30 14,0,35,,74559,2,0,30,0
6400,'4623',851,,74744,2,0,32 33,0,280,,74739,2,,,0,370,,74740,2,0,32 33,0,225,,74741,2,,,0
6400,'5222',851,,74751,2,0,32 33,0,280,,74746,2,,,0,370,,74747,2,0,32 33,0,225,,74748,2,,,0
6500,'4623',538,,74769,11,,,0,101,,74768,11,,,0,63,,74767,11,,,0,40,,74766,11,,,0
6500,'5222',538,,74773,11,,,0,101,,74772,11,,,0,63,,74771,11,,,0,40,,74770,11,,,0
