3800,'5036',621,,44167,19,,,0,34,,44168,19,,,0,53,,44169,19,,,0,12,,44172,19,,,0,23,,44170,19,,,0,69,,44171,19,,,0,40,,44187,19,,,0,69,,44173,19,,,0,100,,44174,19,,,0,100,,44175,19,,,0,102,,44176,19,,,0,102,,44177,19,,,0,94,,44178,19,,,0,39,,44188,19,,,0,71,,44179,19,,,0,71,,44180,19,,,0,35,,44181,19,,,0,70,,44182,19,,,0,34,,44183,19,,,0,82,,44185,19,,,0,103,,44184,19,,,0,102,,44186,19,,,0
3800,'5040',621,,44189,19,,,0,34,,44190,19,,,0,53,,44191,19,,,0,12,,44194,19,,,0,23,,44192,19,,,0,69,,44193,19,,,0,40,,44209,19,,,0,69,,44195,19,,,0,100,,44196,19,,,0,100,,44197,19,,,0,102,,44198,19,,,0,102,,44199,19,,,0,94,,44200,19,,,0,39,,44210,19,,,0,71,,44201,19,,,0,71,,44202,19,,,0,35,,44203,19,,,0,70,,44204,19,,,0,34,,44205,19,,,0,82,,44207,19,,,0,103,,44206,19,,,0,102,,44208,19,,,0
4300,'5036',709,,44602,7,,,0,733,,44603,7,,,0,370,,44604,7,,,0
4300,'5040',709,,44605,7,,,0,733,,44606,7,,,0,370,,44607,7,,,0
4800,'5036',640,,44674,38,,,0,63,,44673,38,,,0,28,,44672,38,,,0
4800,'5040',640,,44677,38,,,0,63,,44676,38,,,0,28,,44675,38,,,0
5200,'5036',523,,44768,50,,,0,31,,44777,50,,,0,71,,44771,50,,,0,23,,44782,50,,,0,63,,44769,50,,,0,25,,44790,50,,,0,70,,44776,50,,,0,25,,44805,50,,,0,8,,44770,50,,,0,15,,44798,50,,,0,49,,44781,50,,,0,28,,44772,50,,,0,70,,44789,50,,,0,26,,44775,50,,,0,30,,44773,50,,,0,75,,44774,50,,,0,71,,44791,50,,,0,32,,44778,50,,,0,70,,44779,50,,,0,36,,44780,50,,,0,74,,44788,50,,,0,37,,44783,50,,,0,71,,44784,50,,,0,21,,44804,15,,,0,11,,44800,50,,,0,71,,44785,50,,,0,30,,44787,50,,,0,67,,44786,50,,,0,28,,44792,50,,,0,71,,44801,50,,,0,30,,44793,50,,,0,73,,44794,50,,,0,29,,44795,50,,,0,69,,44802,50,,,0,26,,44796,50,,,0,72,,44797,50,,,0,96,,44803,50,,,0,98,,44799,50,,,0,103,,44806,50,,,0
5200,'5040',523,,44807,50,,,0,31,,44816,50,,,0,71,,44810,50,,,0,23,,44821,50,,,0,63,,44808,50,,,0,25,,44829,50,,,0,70,,44815,50,,,0,25,,44844,50,,,0,8,,44809,50,,,0,15,,44837,50,,,0,49,,44820,50,,,0,28,,44811,50,,,0,70,,44828,50,,,0,26,,44814,50,,,0,30,,44812,50,,,0,75,,44813,50,,,0,71,,44830,50,,,0,32,,44817,50,,,0,70,,44818,50,,,0,36,,44819,50,,,0,74,,44827,50,,,0,32,,44843,15,,,0,5,,44822,50,,,0,71,,44823,50,,,0,32,,44839,50,,,0,71,,44824,50,,,0,30,,44826,50,,,0,67,,44825,50,,,0,28,,44831,50,,,0,71,,44840,50,,,0,30,,44832,50,,,0,73,,44833,50,,,0,29,,44834,50,,,0,69,,44841,50,,,0,26,,44835,50,,,0,72,,44836,50,,,0,96,,44842,50,,,0,98,,44838,50,,,0,103,,44845,50,,,0
5200,'5041',656,,44863,50,,,0,70,,44862,50,,,0,81,,44857,50,,,0,35,,44865,50,,,0,72,,44860,50,,,0,33,,44846,50,,,0,70,,44853,50,,,0,30,,44872,50,,,0,72,,44851,50,,,0,35,,44848,50,,,0,74,,44854,50,,,0,72,,44874,50,,,0,35,,44849,50,,,0,73,,44847,50,,,0,36,,44856,50,,,0,66,,44873,50,,,0,34,,44852,50,,,0,72,,44859,50,,,0,35,,44855,50,,,0,68,,44870,50,,,0,30,,44850,50,,,0,68,,44861,50,,,0,22,,44867,50,,,0,64,,44858,50,,,0,24,,44866,50,,,0,24,,44869,50,,,0,68,,44868,50,,,0,28,,44864,50,,,0,70,,44871,50,,,0,100,,44875,50,,,0,93,,44876,50,,,0,108,,44877,50,,,0
5200,'5078',726,,44899,50,,,0,32,,44881,50,,,0,81,,44884,50,,,0,72,,44898,50,,,0,32,,44892,50,,,0,72,,44880,50,,,0,32,,44883,50,,,0,72,,44894,50,,,0,31,,44888,50,,,0,72,,44879,50,,,0,33,,44882,50,,,0,70,,44897,50,,,0,31,,44890,50,,,0,78,,44878,50,,,0,70,,44886,50,,,0,34,,44896,50,,,0,73,,44889,50,,,0,33,,44905,50,,,0,68,,44885,50,,,0,30,,44895,50,,,0,68,,44891,50,,,0,30,,44893,50,,,0,68,,44887,50,,,0,29,,44901,50,,,0,79,,44900,50,,,0,99,,44902,50,,,0,98,,44904,50,,,0,106,,44903,50,,,0
5200,'5079',726,,44927,50,,,0,32,,44909,50,,,0,81,,44912,50,,,0,72,,44926,50,,,0,32,,44920,50,,,0,72,,44908,50,,,0,32,,44911,50,,,0,72,,44922,50,,,0,31,,44916,50,,,0,72,,44907,50,,,0,33,,44910,50,,,0,70,,44925,50,,,0,31,,44918,50,,,0,78,,44906,50,,,0,70,,44914,50,,,0,34,,44924,50,,,0,73,,44917,50,,,0,33,,44933,50,,,0,68,,44913,50,,,0,30,,44923,50,,,0,68,,44919,50,,,0,30,,44921,50,,,0,68,,44915,50,,,0,29,,44929,50,,,0,79,,44928,50,,,0,99,,44930,50,,,0,98,,44932,50,,,0,106,,44931,50,,,0
6100,'5036',549,,46009,58,,,0,78,,46007,58,,,0,15,,46010,58,,,0,60,,46011,58,,,0,23,,46013,58,,,0,19,,46017,58,,,0,58,,46024,58,,,0,29,,46026,58,,,0
6100,'5040',549,,46044,58,,,0,78,,46042,58,,,0,15,,46045,58,,,0,60,,46046,58,,,0,23,,46048,58,,,0,19,,46052,58,,,0,58,,46059,58,,,0,29,,46061,58,,,0
