800,'5041',715,,38780,1,,,0,85,,38781,1,,,0,45,,38782,1,,,0,85,,38775,1,,,0,90,,38776,1,,,0,85,,38774,1,,,0,50,,38777,1,,,0,90,,38778,1,,,0,90,,38779,1,,,0,92,,38783,1,,,0,90,,38784,1,,,0,93,,38785,1,,,0,48,,38786,1,,,0,87,,38787,1,,,0,85,,38788,1,,,0
800,'5078',845,,38790,1,,,0,85,,38791,1,,,0,90,,38792,1,,,0,85,,38793,1,,,0,50,,38794,1,,,0,90,,38789,1,,,0,90,,38795,1,,,0,92,,38796,1,,,0,90,,38797,1,,,0,93,,38798,1,,,0,48,,38799,1,,,0
800,'5079',845,,38801,1,,,0,85,,38802,1,,,0,90,,38803,1,,,0,85,,38804,1,,,0,50,,38805,1,,,0,90,,38800,1,,,0,90,,38806,1,,,0,92,,38807,1,,,0,90,,38808,1,,,0,93,,38809,1,,,0,48,,38810,1,,,0
801,'5036',1533,,38823,41,4,,0
801,'5040',1533,,38848,41,4,,0
801,'5041',745,,38862,41,4,,0,85,,38863,41,4,,0,86,,38864,41,4,,0,88,,38865,41,4,,0,45,,38866,41,4,,0,93,,38867,41,4,,0,89,,38868,41,4,,0,91,,38869,41,4,,0,93,,38861,41,4,,0,90,,38870,41,4,,0,52,,38871,41,4,,0,90,,38872,41,4,,0,88,,38873,41,4,,0,85,,38874,41,4,,0,82,,38875,41,4,,0
801,'5078',1003,,38877,41,4,,0,46,,38878,41,4,,0,91,,38879,41,4,,0,89,,38880,41,4,,0,91,,38876,41,4,,0,93,,38881,41,4,,0,90,,38882,41,4,,0,52,,38883,41,4,,0,89,,38884,41,4,,0,89,,38885,41,4,,0,85,,38886,41,4,,0
801,'5079',1003,,38888,41,4,,0,46,,38889,41,4,,0,91,,38890,41,4,,0,89,,38891,41,4,,0,91,,38887,41,4,,0,93,,38892,41,4,,0,90,,38893,41,4,,0,52,,38894,41,4,,0,89,,38895,41,4,,0,89,,38896,41,4,,0,85,,38897,41,4,,0
1100,'5036',548,,39103,1,,,0,70,,39086,1,,,0,21,,39115,1,,,0,16,,39092,1,,,0,58,,39112,1,,,0,16,,39095,1,,,0,15,,39075,1,,,0,15,,39101,1,,,0,59,,39078,1,,,0,18,,39096,1,,,0,21,,39116,1,,,0,66,,39091,1,,,0,25,,39113,1,,,0,65,,39076,1,,,0,25,,39104,1,,,0,65,,39094,1,,,0,24,,39118,1,,,0,25,,39093,1,,,0,65,,39109,1,,,0,25,,39077,1,,,0,67,,39105,1,,,0,24,,39090,1,,,0,18,,39071,1,,,0,56,,39117,1,,,0,17,,39088,1,,,0,17,,39070,1,,,0,17,,39111,1,,,0,62,,39079,1,,,0,19,,39081,1,,,0,19,,39102,1,,,0,59,,39087,1,,,0,18,,39074,1,,,0,17,,39119,1,,,0,58,,39089,1,,,0,18,,39080,1,,,0,18,,39114,1,,,0,55,,39073,1,,,0,18,,39072,1,,,0,19,,39097,1,,,0,66,,39084,1,,,0,31,,39085,1,,,0,75,,39107,1,,,0,30,,39082,1,,,0,75,,39083,1,,,0,31,,39098,1,,,0,74,,39106,1,,,0,30,,39100,1,,,0,71,,39099,1,,,0,84,,39108,1,,,0
1100,'5040',548,,39153,1,,,0,70,,39136,1,,,0,21,,39165,1,,,0,16,,39142,1,,,0,58,,39162,1,,,0,16,,39145,1,,,0,15,,39125,1,,,0,15,,39151,1,,,0,59,,39128,1,,,0,18,,39146,1,,,0,21,,39166,1,,,0,66,,39141,1,,,0,25,,39163,1,,,0,65,,39126,1,,,0,25,,39154,1,,,0,65,,39144,1,,,0,24,,39168,1,,,0,25,,39143,1,,,0,65,,39159,1,,,0,25,,39127,1,,,0,67,,39155,1,,,0,24,,39140,1,,,0,18,,39121,1,,,0,56,,39167,1,,,0,17,,39138,1,,,0,17,,39120,1,,,0,17,,39161,1,,,0,62,,39129,1,,,0,19,,39131,1,,,0,19,,39152,1,,,0,59,,39137,1,,,0,18,,39124,1,,,0,17,,39169,1,,,0,58,,39139,1,,,0,18,,39130,1,,,0,18,,39164,1,,,0,55,,39123,1,,,0,18,,39122,1,,,0,19,,39147,1,,,0,66,,39134,1,,,0,31,,39135,1,,,0,75,,39157,1,,,0,30,,39132,1,,,0,75,,39133,1,,,0,31,,39148,1,,,0,74,,39156,1,,,0,30,,39150,1,,,0,71,,39149,1,,,0,84,,39158,1,,,0
1100,'5041',705,,39200,1,,,0,35,,39184,1,,,0,75,,39170,1,,,0,30,,39174,1,,,0,70,,39201,1,,,0,30,,39192,1,,,0,65,,39179,1,,,0,25,,39171,1,,,0,65,,39177,1,,,0,27,,39189,1,,,0,25,,39173,1,,,0,65,,39187,1,,,0,24,,39181,1,,,0,64,,39172,1,,,0,25,,39175,1,,,0,25,,39188,1,,,0,65,,39180,1,,,0,25,,39191,1,,,0,67,,39183,1,,,0,25,,39178,1,,,0,65,,39182,1,,,0,25,,39199,1,,,0,24,,39176,1,,,0,64,,39190,1,,,0,25,,39202,1,,,0,65,,39193,1,,,0,25,,39185,1,,,0,25,,39186,1,,,0,65,,39195,1,,,0,25,,39197,1,,,0,65,,39194,1,,,0,30,,39196,1,,,0,70,,39198,1,,,0,35,,39203,1,,,0,75,,39204,1,,,0,30,,39205,1,,,0,70,,39206,1,,,0,80,,39207,1,,,0
1100,'5078',720,,39209,1,,,0,80,,39208,1,,,0,40,,39211,1,,,0,70,,39210,1,,,0,30,,39213,1,,,0,75,,39212,1,,,0,35,,39217,1,,,0,70,,39215,1,,,0,30,,39214,1,,,0,70,,39216,1,,,0,30,,39220,1,,,0,70,,39221,1,,,0,30,,39219,1,,,0,70,,39218,1,,,0,30,,39224,1,,,0,70,,39223,1,,,0,30,,39222,1,,,0,70,,39226,1,,,0,30,,39227,1,,,0,70,,39225,1,,,0,30,,39228,1,,,0,70,,39229,1,,,0,30,,39231,1,,,0,85,,39230,1,,,0,85,,39232,1,,,0,85,,39233,1,,,0,40,,39234,1,,,0,85,,39235,1,,,0,85,,39236,1,,,0
1100,'5079',720,,39238,1,,,0,80,,39237,1,,,0,40,,39240,1,,,0,70,,39239,1,,,0,30,,39242,1,,,0,75,,39241,1,,,0,35,,39246,1,,,0,70,,39244,1,,,0,30,,39243,1,,,0,70,,39245,1,,,0,30,,39249,1,,,0,70,,39250,1,,,0,30,,39248,1,,,0,70,,39247,1,,,0,30,,39253,1,,,0,70,,39252,1,,,0,30,,39251,1,,,0,70,,39255,1,,,0,30,,39256,1,,,0,70,,39254,1,,,0,30,,39257,1,,,0,70,,39258,1,,,0,30,,39260,1,,,0,85,,39259,1,,,0,85,,39261,1,,,0,85,,39262,1,,,0,40,,39263,1,,,0,85,,39264,1,,,0,85,,39265,1,,,0
1101,'5036',626,,39312,68,4,,0,32,,39304,68,4,,0,61,,39287,68,4,,0,24,,39294,68,4,,0,61,,39272,68,4,,0,21,,39289,68,4,,0,20,,39308,68,4,,0,60,,39285,68,4,,0,19,,39305,68,4,,0,18,,39280,68,4,,0,59,,39273,68,4,,0,21,,39298,68,4,,0,25,,39288,68,4,,0,66,,39310,68,4,,0,25,,39284,68,4,,0,66,,39307,68,4,,0,25,,39274,68,4,,0,25,,39297,68,4,,0,66,,39281,68,4,,0,27,,39313,68,4,,0,65,,39286,68,4,,0,29,,39306,68,4,,0,66,,39268,68,4,,0,19,,39266,68,4,,0,18,,39296,68,4,,0,60,,39290,68,4,,0,16,,39267,68,4,,0,19,,39311,68,4,,0,17,,39282,68,4,,0,59,,39269,68,4,,0,16,,39303,68,4,,0,17,,39271,68,4,,0,58,,39270,68,4,,0,20,,39295,68,4,,0,20,,39283,68,4,,0,63,,39309,68,4,,0,13,,39275,68,4,,0,17,,39278,68,4,,0,20,,39301,68,4,,0,69,,39276,68,4,,0,74,,39279,68,4,,0,30,,39277,68,4,,0,74,,39302,68,4,,0,29,,39291,68,4,,0,75,,39292,68,4,,0,26,,39293,68,4,,0,68,,39300,68,4,,0,45,,39299,68,4,,0
1101,'5040',626,,39360,68,4,,0,32,,39352,68,4,,0,61,,39335,68,4,,0,24,,39342,68,4,,0,61,,39320,68,4,,0,21,,39337,68,4,,0,20,,39356,68,4,,0,60,,39333,68,4,,0,19,,39353,68,4,,0,18,,39328,68,4,,0,59,,39321,68,4,,0,21,,39346,68,4,,0,25,,39336,68,4,,0,66,,39358,68,4,,0,25,,39332,68,4,,0,66,,39355,68,4,,0,25,,39322,68,4,,0,25,,39345,68,4,,0,66,,39329,68,4,,0,27,,39361,68,4,,0,65,,39334,68,4,,0,29,,39354,68,4,,0,66,,39316,68,4,,0,19,,39314,68,4,,0,18,,39344,68,4,,0,60,,39338,68,4,,0,16,,39315,68,4,,0,19,,39359,68,4,,0,17,,39330,68,4,,0,59,,39317,68,4,,0,16,,39351,68,4,,0,17,,39319,68,4,,0,58,,39318,68,4,,0,20,,39343,68,4,,0,20,,39331,68,4,,0,63,,39357,68,4,,0,13,,39323,68,4,,0,17,,39326,68,4,,0,20,,39349,68,4,,0,69,,39324,68,4,,0,74,,39327,68,4,,0,30,,39325,68,4,,0,74,,39350,68,4,,0,29,,39339,68,4,,0,75,,39340,68,4,,0,26,,39341,68,4,,0,68,,39348,68,4,,0,45,,39347,68,4,,0
1101,'5041',722,,39375,68,4,,0,37,,39363,68,4,,0,75,,39368,68,4,,0,70,,39393,68,4,,0,39,,39376,68,4,,0,70,,39362,68,4,,0,30,,39371,68,4,,0,72,,39387,68,4,,0,25,,39365,68,4,,0,60,,39389,68,4,,0,26,,39377,68,4,,0,25,,39364,68,4,,0,67,,39369,68,4,,0,25,,39386,68,4,,0,65,,39366,68,4,,0,26,,39384,68,4,,0,66,,39374,68,4,,0,25,,39367,68,4,,0,25,,39373,68,4,,0,65,,39395,68,4,,0,25,,39370,68,4,,0,63,,39388,68,4,,0,25,,39378,68,4,,0,24,,39372,68,4,,0,65,,39394,68,4,,0,24,,39385,68,4,,0,64,,39391,68,4,,0,25,,39392,68,4,,0,22,,39379,68,4,,0,65,,39390,68,4,,0,25,,39383,68,4,,0,65,,39382,68,4,,0,25,,39380,68,4,,0,75,,39381,68,4,,0,30,,39398,68,4,,0,69,,39396,68,4,,0,31,,39397,68,4,,0,68,,39399,68,4,,0,44,,39400,68,4,,0
1101,'5078',742,,39401,68,4,,0,85,,39406,68,4,,0,87,,39403,68,4,,0,86,,39402,68,4,,0,36,,39404,68,4,,0,72,,39405,68,4,,0,31,,39407,68,4,,0,70,,39408,68,4,,0,29,,39409,68,4,,0,70,,39410,68,4,,0,31,,39412,68,4,,0,68,,39414,68,4,,0,30,,39413,68,4,,0,70,,39411,68,4,,0,31,,39415,68,4,,0,70,,39416,68,4,,0,28,,39417,68,4,,0,69,,39418,68,4,,0,30,,39420,68,4,,0,69,,39419,68,4,,0,30,,39422,68,4,,0,69,,39421,68,4,,0,30,,39424,68,4,,0,75,,39423,68,4,,0,43,,39425,68,4,,0,80,,39426,68,4,,0,84,,39427,68,4,,0,43,,39428,68,4,,0,77,,39429,68,4,,0,78,,39430,68,4,,0
1101,'5079',742,,39431,68,4,,0,85,,39436,68,4,,0,87,,39433,68,4,,0,86,,39432,68,4,,0,36,,39434,68,4,,0,72,,39435,68,4,,0,31,,39437,68,4,,0,70,,39438,68,4,,0,29,,39439,68,4,,0,70,,39440,68,4,,0,31,,39442,68,4,,0,68,,39444,68,4,,0,30,,39443,68,4,,0,70,,39441,68,4,,0,31,,39445,68,4,,0,70,,39446,68,4,,0,28,,39447,68,4,,0,69,,39448,68,4,,0,30,,39450,68,4,,0,69,,39449,68,4,,0,30,,39452,68,4,,0,69,,39451,68,4,,0,30,,39454,68,4,,0,75,,39453,68,4,,0,43,,39455,68,4,,0,80,,39456,68,4,,0,84,,39457,68,4,,0,43,,39458,68,4,,0,77,,39459,68,4,,0,78,,39460,68,4,,0
