6100,'5036',529,,46009,35,,,0,75,,46007,35,,,0,13,,46010,35,,,0,20,,46011,35,,,0,20,,46013,35,,,0,59,,46017,35,,,0,19,,46024,35,,,0,69,,46026,35,,,0,19,,46019,17,0,30 14,0,80,,46008,17,0,30 14,0,36,,46012,17,0,30 14,0,64,,46023,17,0,30 14,0,36,,46015,17,0,30 14,0,88,,46014,17,0,30 14,0,76,,46021,17,0,30 14,0,35,,46016,17,0,30 14,0,74,,46018,17,0,30 14,0,39,,46025,17,0,30 14,0,70,,46020,17,0,30 14,0,79,,46022,17,0,30 14,0,33,,46027,17,0,30 14,0,82,,46028,17,0,30 14,0,26,,46030,17,0,30 14,0,79,,46034,17,0,30 14,0,30,,46029,17,0,30 14,0,93,,46033,17,0,30 14,0,72,,46035,17,0,30 14,0,31,,46031,17,0,30 14,0,70,,46032,17,0,30 14,0,95,,46036,17,0,30 14,0,41,,46037,17,0,30 14,0,104,,46038,17,0,30 14,0,73,,46039,17,0,30 14,0,100,,46040,17,0,30 14,0,75,,46041,17,0,30 14,0
6100,'5040',529,,46044,35,,,0,75,,46042,35,,,0,13,,46045,35,,,0,20,,46046,35,,,0,20,,46048,35,,,0,59,,46052,35,,,0,19,,46059,35,,,0,69,,46061,35,,,0,19,,46054,17,0,30 14,0,80,,46043,17,0,30 14,0,36,,46047,17,0,30 14,0,64,,46058,17,0,30 14,0,36,,46050,17,0,30 14,0,88,,46049,17,0,30 14,0,76,,46056,17,0,30 14,0,35,,46051,17,0,30 14,0,74,,46053,17,0,30 14,0,39,,46060,17,0,30 14,0,70,,46055,17,0,30 14,0,27,,46079,17,0,30 14,0,52,,46057,17,0,30 14,0,33,,46062,17,0,30 14,0,82,,46063,17,0,30 14,0,26,,46066,17,0,30 14,0,79,,46070,17,0,30 14,0,30,,46065,17,0,30 14,0,65,,46064,17,0,30 14,0,28,,46069,17,0,30 14,0,72,,46071,17,0,30 14,0,31,,46067,17,0,30 14,0,70,,46068,17,0,30 14,0,95,,46072,17,0,30 14,0,41,,46073,17,0,30 14,0,104,,46075,17,0,30 14,0,73,,46076,17,0,30 14,0,100,,46077,17,0,30 14,0,75,,46078,17,0,30 14,0,100,,46074,17,0,30,0
6100,'5041',640,,46081,17,0,30 14,0,99,,46082,17,0,30 14,0,82,,46080,17,0,30 14,0,98,,46083,17,0,30 14,0,95,,46084,17,0,30 14,0,42,,46085,17,0,30 14,0,75,,46086,17,0,30 14,0,87,,46087,17,0,30 14,0,35,,46088,17,0,30 14,0,75,,46089,17,0,30 14,0,76,,46090,17,0,30 14,0,37,,46091,17,0,30 14,0,77,,46092,17,0,30 14,0,37,,46093,17,0,30 14,0,66,,46094,17,0,30 14,0,38,,46095,17,0,30 14,0,81,,46096,17,0,30 14,0,72,,46097,17,0,30 14,0,31,,46098,17,0,30 14,0,71,,46099,17,0,30 14,0,33,,46100,17,0,30 14,0,83,,46101,17,0,30 14,0,81,,46102,17,0,30 14,0,41,,46103,17,0,30 14,0,103,,46104,17,0,30 14,0,73,,46105,17,0,30 14,0,100,,46106,17,0,30 14,0,78,,46107,17,0,30,0,100,,46108,17,0,30,0
6100,'5075',1815,,46109,17,0,30 14,0
6100,'5076',1815,,46110,17,0,30 14,0
6100,'5078',644,,46111,17,0,30 14,0,104,,46112,17,0,30 14,0,83,,46113,17,0,30 14,0,96,,46114,17,0,30 14,0,82,,46115,17,0,30 14,0,46,,46116,17,0,30 14,0,97,,46117,17,0,30 14,0,82,,46118,17,0,30 14,0,101,,46119,17,0,30 14,0,94,,46120,17,0,30 14,0,103,,46121,17,0,30 14,0,79,,46122,17,0,30 14,0,102,,46123,17,0,30 14,0,46,,46124,17,0,30 14,0,143,,46125,17,0,30 14,0,46,,46126,17,0,30 14,0,86,,46127,17,0,30 14,0,101,,46128,17,0,30 14,0,93,,46129,17,0,30 14,0,101,,46130,17,0,30 14,0,75,,46131,17,0,30,0
6100,'5079',644,,46132,17,0,30 14,0,104,,46133,17,0,30 14,0,83,,46134,17,0,30 14,0,96,,46135,17,0,30 14,0,82,,46136,17,0,30 14,0,46,,46137,17,0,30 14,0,97,,46138,17,0,30 14,0,82,,46139,17,0,30 14,0,101,,46140,17,0,30 14,0,94,,46141,17,0,30 14,0,103,,46142,17,0,30 14,0,79,,46143,17,0,30 14,0,102,,46144,17,0,30 14,0,46,,46145,17,0,30 14,0,143,,46146,17,0,30 14,0,46,,46147,17,0,30 14,0,86,,46148,17,0,30 14,0,101,,46149,17,0,30 14,0,93,,46150,17,0,30 14,0,101,,46151,17,0,30 14,0,75,,46152,17,0,30,0
6400,'5036',859,,46307,16,0,32 33,0,296,,46308,31,,,0,372,,46309,31,0,32 33,0,207,,46310,16,,,0
6400,'5040',859,,46314,16,0,32 33,0,296,,46315,31,,,0,372,,46316,31,0,32 33,0,207,,46317,16,,,0
6500,'5036',547,,46333,26,,,0,94,,46335,26,,,0,62,,46336,26,,,0,43,,46334,26,,,0
6500,'5040',547,,46337,26,,,0,94,,46339,26,,,0,62,,46340,26,,,0,43,,46338,26,,,0
