4800,'5036',619,,44674,10,,,0,20,,44673,10,,,0,66,,44672,10,,,0
4800,'5040',619,,44677,10,,,0,20,,44676,10,,,0,66,,44675,10,,,0
5200,'5036',507,,44768,25,,,0,31,,44777,25,,,0,70,,44771,25,,,0,20,,44782,25,,,0,19,,44769,25,,,0,63,,44790,25,,,0,29,,44776,25,,,0,65,,44805,25,,,0,10,,44770,25,,,0,16,,44798,25,,,0,10,,44781,25,,,0,70,,44772,25,,,0,31,,44789,25,,,0,66,,44775,25,,,0,30,,44773,25,,,0,75,,44774,25,,,0,31,,44791,25,,,0,71,,44778,25,,,0,30,,44779,25,,,0,76,,44780,25,,,0,34,,44788,25,,,0,74,,44783,25,,,0,31,,44784,25,,,0,74,,44800,25,,,0,71,,44785,25,,,0,31,,44787,25,,,0,68,,44786,25,,,0,29,,44792,25,,,0,71,,44801,25,,,0,30,,44793,25,,,0,74,,44794,25,,,0,29,,44795,25,,,0,69,,44802,25,,,0,27,,44796,25,,,0,72,,44797,25,,,0,96,,44803,25,,,0,58,,44799,25,,,0,143,,44806,25,,,0
5200,'5040',507,,44807,25,,,0,31,,44816,25,,,0,70,,44810,25,,,0,20,,44821,25,,,0,19,,44808,25,,,0,63,,44829,25,,,0,29,,44815,25,,,0,65,,44844,25,,,0,10,,44809,25,,,0,16,,44837,25,,,0,10,,44820,25,,,0,70,,44811,25,,,0,31,,44828,25,,,0,66,,44814,25,,,0,30,,44812,25,,,0,75,,44813,25,,,0,31,,44830,25,,,0,71,,44817,25,,,0,30,,44818,25,,,0,76,,44819,25,,,0,34,,44827,25,,,0,74,,44822,25,,,0,31,,44823,25,,,0,74,,44839,25,,,0,71,,44824,25,,,0,31,,44826,25,,,0,68,,44825,25,,,0,29,,44831,25,,,0,71,,44840,25,,,0,30,,44832,25,,,0,74,,44833,25,,,0,29,,44834,25,,,0,69,,44841,25,,,0,27,,44835,25,,,0,72,,44836,25,,,0,96,,44842,25,,,0,58,,44838,25,,,0,143,,44845,25,,,0
5200,'5041',640,,44863,25,,,0,70,,44862,25,,,0,41,,44857,25,,,0,74,,44865,25,,,0,31,,44860,25,,,0,73,,44846,25,,,0,30,,44853,25,,,0,70,,44872,25,,,0,72,,44851,25,,,0,34,,44848,25,,,0,73,,44854,25,,,0,32,,44874,25,,,0,75,,44849,25,,,0,33,,44847,25,,,0,76,,44856,25,,,0,26,,44873,25,,,0,74,,44852,25,,,0,32,,44859,25,,,0,75,,44855,25,,,0,69,,44870,25,,,0,30,,44850,25,,,0,29,,44861,25,,,0,62,,44867,25,,,0,25,,44858,25,,,0,64,,44866,25,,,0,24,,44869,25,,,0,68,,44868,25,,,0,28,,44864,25,,,0,70,,44871,25,,,0,100,,44875,25,,,0,54,,44876,25,,,0,148,,44877,25,,,0
5200,'5078',710,,44899,25,,,0,32,,44881,25,,,0,80,,44884,25,,,0,31,,44898,25,,,0,72,,44892,25,,,0,32,,44880,25,,,0,71,,44883,25,,,0,72,,44894,25,,,0,31,,44888,25,,,0,72,,44879,25,,,0,33,,44882,25,,,0,70,,44897,25,,,0,31,,44890,25,,,0,78,,44878,25,,,0,29,,44886,25,,,0,74,,44896,25,,,0,34,,44889,25,,,0,73,,44905,25,,,0,29,,44885,25,,,0,70,,44895,25,,,0,28,,44891,25,,,0,70,,44893,25,,,0,29,,44887,25,,,0,69,,44901,25,,,0,39,,44900,25,,,0,99,,44902,25,,,0,98,,44904,25,,,0,147,,44903,25,,,0
5200,'5079',710,,44927,25,,,0,32,,44909,25,,,0,80,,44912,25,,,0,31,,44926,25,,,0,72,,44920,25,,,0,32,,44908,25,,,0,71,,44911,25,,,0,72,,44922,25,,,0,31,,44916,25,,,0,72,,44907,25,,,0,33,,44910,25,,,0,70,,44925,25,,,0,31,,44918,25,,,0,78,,44906,25,,,0,29,,44914,25,,,0,74,,44924,25,,,0,34,,44917,25,,,0,73,,44933,25,,,0,29,,44913,25,,,0,70,,44923,25,,,0,28,,44919,25,,,0,70,,44921,25,,,0,29,,44915,25,,,0,69,,44929,25,,,0,39,,44928,25,,,0,99,,44930,25,,,0,98,,44932,25,,,0,147,,44931,25,,,0
5501,'5036',640,,45309,16,,,0,170,,45308,16,,,0,204,,45306,16,,,0,136,,45307,16,,,0,200,,45311,16,,,0,105,,45310,16,,,0,196,,45312,16,,,0,193,,45313,16,,,0,193,,45314,16,,,0
5501,'5040',640,,45318,16,,,0,170,,45317,16,,,0,204,,45315,16,,,0,136,,45316,16,,,0,200,,45320,16,,,0,105,,45319,16,,,0,196,,45321,16,,,0,193,,45322,16,,,0,193,,45323,16,,,0
5501,'5041',843,,45329,16,,,0,211,,45326,16,,,0,246,,45327,16,,,0,206,,45328,16,,,0,209,,45324,16,,,0,204,,45325,16,,,0
5501,'5078',842,,45330,16,,,0,212,,45332,16,,,0,205,,45333,16,,,0,245,,45331,16,,,0,210,,45335,16,,,0,204,,45334,16,,,0
5501,'5079',842,,45336,16,,,0,212,,45338,16,,,0,205,,45339,16,,,0,245,,45337,16,,,0,210,,45341,16,,,0,204,,45340,16,,,0
6401,'5036',640,,46321,10,,,0,579,,46320,10,,,0,500,,46324,10,0,34 35 36,0
6401,'5040',640,,46328,10,,,0,579,,46327,10,,,0,500,,46331,10,0,34 35 36,0
