1200,'5036',638,,39461,19,4,,0,80,,39462,19,4,,0,28,,39465,19,4,,0,72,,39468,19,4,,0,16,,39463,19,4,,0,71,,39467,19,4,,0,28,,39464,19,4,,0,85,,39466,19,4,,0,86,,39470,19,4,,0,44,,39469,19,4,,0,86,,39472,19,4,,0,84,,39471,19,4,,0,86,,39473,19,4,,0,47,,39474,19,4,,0,85,,39475,19,4,,0,100,,39476,19,4,,0,86,,39477,19,4,,0,84,,39478,19,4,,0,43,,39479,19,4,,0,92,,39480,19,4,,0
1200,'5040',638,,39481,19,4,,0,80,,39482,19,4,,0,28,,39485,19,4,,0,72,,39488,19,4,,0,16,,39483,19,4,,0,71,,39487,19,4,,0,28,,39484,19,4,,0,85,,39486,19,4,,0,86,,39490,19,4,,0,44,,39489,19,4,,0,86,,39492,19,4,,0,84,,39491,19,4,,0,86,,39493,19,4,,0,47,,39494,19,4,,0,85,,39495,19,4,,0,100,,39496,19,4,,0,86,,39497,19,4,,0,84,,39498,19,4,,0,43,,39499,19,4,,0,92,,39500,19,4,,0
1200,'5041',931,,39502,19,4,,0,102,,39507,19,4,,0,102,,39509,19,4,,0,100,,39501,19,4,,0,100,,39503,19,4,,0,99,,39506,19,4,,0,100,,39510,19,4,,0,100,,39504,19,4,,0,103,,39505,19,4,,0,99,,39508,19,4,,0,99,,39511,19,4,,0
1200,'5078',931,,39513,19,4,,0,102,,39512,19,4,,0,101,,39515,19,4,,0,100,,39514,19,4,,0,100,,39516,19,4,,0,100,,39518,19,4,,0,99,,39519,19,4,,0,100,,39517,19,4,,0,103,,39520,19,4,,0,99,,39521,19,4,,0,100,,39522,19,4,,0
1200,'5079',931,,39524,19,4,,0,102,,39523,19,4,,0,101,,39526,19,4,,0,100,,39525,19,4,,0,100,,39527,19,4,,0,100,,39529,19,4,,0,99,,39530,19,4,,0,100,,39528,19,4,,0,103,,39531,19,4,,0,99,,39532,19,4,,0,100,,39533,19,4,,0
1201,'5036',648,,39534,1,,,0,81,,39535,1,,,0,26,,39536,1,,,0,72,,39539,1,,,0,31,,39537,1,,,0,85,,39538,1,,,0,85,,39541,1,,,0,85,,39540,1,,,0,45,,39543,1,,,0,85,,39542,1,,,0,84,,39544,1,,,0,86,,39545,1,,,0,45,,39546,1,,,0,100,,39547,1,,,0,86,,39549,1,,,0,86,,39548,1,,,0,84,,39550,1,,,0,94,,39551,1,,,0
1201,'5040',648,,39552,1,,,0,81,,39553,1,,,0,26,,39554,1,,,0,72,,39557,1,,,0,31,,39555,1,,,0,85,,39556,1,,,0,85,,39559,1,,,0,85,,39558,1,,,0,45,,39561,1,,,0,85,,39560,1,,,0,84,,39562,1,,,0,86,,39563,1,,,0,45,,39564,1,,,0,100,,39565,1,,,0,86,,39567,1,,,0,86,,39566,1,,,0,84,,39568,1,,,0,94,,39569,1,,,0
1201,'5041',902,,39572,1,,,0,100,,39575,1,,,0,100,,39578,1,,,0,100,,39570,1,,,0,100,,39571,1,,,0,100,,39576,1,,,0,100,,39579,1,,,0,100,,39573,1,,,0,103,,39574,1,,,0,100,,39577,1,,,0,100,,39580,1,,,0
1201,'5078',902,,39581,1,,,0,100,,39582,1,,,0,100,,39585,1,,,0,100,,39583,1,,,0,100,,39584,1,,,0,100,,39586,1,,,0,100,,39588,1,,,0,100,,39587,1,,,0,103,,39589,1,,,0,100,,39590,1,,,0,100,,39591,1,,,0
1201,'5079',902,,39592,1,,,0,100,,39593,1,,,0,100,,39596,1,,,0,100,,39594,1,,,0,100,,39595,1,,,0,100,,39597,1,,,0,100,,39599,1,,,0,100,,39598,1,,,0,103,,39600,1,,,0,100,,39601,1,,,0,100,,39602,1,,,0
