3200,'4487',802,,12500,,,0,100,,12503,,,0,101,,12507,,,0,100,,12498,,,0,100,,12501,,,0,100,,12504,,,0,100,,12508,,,0,100,,12499,,,0,100,,12502,,,0,100,,12505,,,0,100,,12509,,,0,99,,12506,,,0,100,,12510,,,0,100,,12496,,,0,100,,12497,,,0
3200,'4744',641,,12526,,,0,81,,12527,,,0,81,,12528,,,0,111,,12529,,,0,99,,12530,,,0,105,,12531,,,0,105,,12532,,,0,104,,12533,,,0,105,,12534,,,0,111,,12535,,,0,105,,12536,,,0,72,,12541,,,0,33,,12537,,,0,150,,12538,,,0,100,,12539,,,0,100,,12540,,,0,99,,12542,,,0
3200,'4745',802,,12543,,,0,100,,12544,,,0,100,,12545,,,0,101,,12547,,,0,100,,12548,,,0,100,,12546,,,0,100,,12552,,,0,100,,12551,,,0,100,,12549,,,0,100,,12550,,,0,100,,12554,,,0,100,,22350,,,0
3200,'4947',641,,12555,,,0,81,,12556,,,0,81,,12557,,,0,111,,12558,,,0,99,,12559,,,0,105,,12560,,,0,105,,12561,,,0,104,,12562,,,0,105,,12563,,,0,111,,12564,,,0,105,,12565,,,0,72,,12570,,,0,33,,12566,,,0,150,,12567,,,0,100,,12568,,,0,100,,12569,,,0,99,,12571,,,0
3200,'4952',641,,12572,,,0,81,,12573,,,0,81,,12574,,,0,111,,12575,,,0,99,,12576,,,0,105,,12577,,,0,105,,12578,,,0,104,,12579,,,0,105,,12580,,,0,111,,12581,,,0,105,,12582,,,0,72,,12587,,,0,33,,12583,,,0,150,,12584,,,0,100,,12585,,,0,100,,12586,,,0,99,,12588,,,0
3200,'4953',802,,12593,,,0,100,,12596,,,0,101,,12600,,,0,100,,12591,,,0,100,,12594,,,0,100,,12597,,,0,100,,12601,,,0,100,,12592,,,0,100,,12595,,,0,100,,12598,,,0,100,,12602,,,0,99,,12599,,,0,100,,12603,,,0,100,,12589,,,0,100,,12590,,,0
3200,'4954',802,,12604,,,0,100,,12605,,,0,100,,12606,,,0,101,,12608,,,0,100,,12609,,,0,100,,12607,,,0,100,,12613,,,0,100,,12612,,,0,100,,12610,,,0,100,,12611,,,0,100,,12615,,,0,100,,12614,,,0
3900,'4487',712,,12920,,,0,126,,12921,,,0,100,,12925,,,0,100,,12929,,,0,100,,12919,,,0,100,,12923,,,0,100,,12926,,,0,100,,12930,,,0,100,,12922,,,0,100,,12924,,,0,100,,12927,,,0,100,,12931,,,0,100,,12928,,,0
3900,'4744',647,,12945,,,0,60,,22352,,,0,16,,12947,,,0,10,,12951,,,0,12,,12950,,,0,10,,12956,,,0,4,,12987,,,0,49,,12949,,,0,15,,12948,,,0,11,,12985,,,0,3,,12953,,,0,10,,12986,,,0,7,,12952,,,0,54,,12955,,,0,22,,12954,,,0,26,,12959,,,0,70,,12957,,,0,29,,12958,,,0,70,,12960,,,0,31,,12961,,,0,71,,12963,,,0,30,,12962,,,0,71,,12964,,,0,31,,12965,,,0,73,,12967,,,0,71,,12966,,,0,22,,12970,,,0,16,,12969,,,0,17,,12968,,,0,54,,12974,,,0,17,,12971,,,0,12,,12973,,,0,14,,12972,,,0,57,,12975,,,0,16,,12977,,,0,13,,12976,,,0,16,,12978,,,0,57,,12979,,,0,20,,12984,,,0,18,,12983,,,0,77,,12980,,,0,83,,22353,,,0,107,,12982,,,0
3900,'4745',838,,12989,,,0,100,,12988,,,0,100,,12990,,,0,100,,12992,,,0,100,,12991,,,0,100,,12996,,,0,100,,12993,,,0,100,,12994,,,0,100,,12995,,,0,100,,12997,,,0,100,,12998,,,0,100,,22354,,,0
3900,'4947',647,,13000,,,0,60,,22355,,,0,16,,13002,,,0,10,,13006,,,0,12,,13005,,,0,10,,13011,,,0,4,,13042,,,0,49,,13004,,,0,15,,13003,,,0,11,,13040,,,0,3,,13008,,,0,10,,13041,,,0,7,,13007,,,0,54,,13010,,,0,22,,13009,,,0,26,,13014,,,0,70,,13012,,,0,29,,13013,,,0,70,,13015,,,0,31,,13016,,,0,71,,13018,,,0,30,,13017,,,0,71,,13019,,,0,31,,13020,,,0,73,,13022,,,0,71,,13021,,,0,22,,13025,,,0,16,,13024,,,0,17,,13023,,,0,54,,13029,,,0,17,,13026,,,0,12,,13028,,,0,14,,13027,,,0,57,,13030,,,0,16,,13032,,,0,13,,13031,,,0,16,,13033,,,0,57,,13034,,,0,20,,13039,,,0,18,,13038,,,0,77,,13035,,,0,83,,22356,,,0,107,,13037,,,0
3900,'4952',647,,13043,,,0,60,,22357,,,0,16,,13045,,,0,10,,13049,,,0,12,,13048,,,0,10,,13054,,,0,4,,13085,,,0,49,,13047,,,0,15,,13046,,,0,11,,13083,,,0,3,,13051,,,0,10,,13084,,,0,7,,13050,,,0,54,,13053,,,0,22,,13052,,,0,26,,13057,,,0,70,,13055,,,0,29,,13056,,,0,70,,13058,,,0,31,,13059,,,0,71,,13061,,,0,30,,13060,,,0,71,,13062,,,0,31,,13063,,,0,73,,13065,,,0,71,,13064,,,0,22,,13068,,,0,16,,13067,,,0,17,,13066,,,0,54,,13072,,,0,17,,13069,,,0,12,,13071,,,0,14,,13070,,,0,57,,13073,,,0,16,,13075,,,0,13,,13074,,,0,16,,13076,,,0,57,,13077,,,0,20,,13082,,,0,18,,13081,,,0,77,,13078,,,0,83,,22358,,,0,107,,13080,,,0
3900,'4953',712,,13087,,,0,126,,13088,,,0,100,,13092,,,0,100,,13096,,,0,100,,13086,,,0,100,,13090,,,0,100,,13093,,,0,100,,13097,,,0,100,,13089,,,0,100,,13091,,,0,100,,13094,,,0,100,,13098,,,0,100,,13095,,,0
3900,'4954',838,,13100,,,0,100,,13099,,,0,100,,13101,,,0,100,,13103,,,0,100,,13102,,,0,100,,13107,,,0,100,,13104,,,0,100,,13105,,,0,100,,13106,,,0,100,,13108,,,0,100,,13109,,,0,100,,13110,,,0
1000601,'4487',654,,19707,,,0,149,,22552,,,0,99,,19709,,,0,49,,19710,,,0,88,,19711,,,0,87,,19712,,,0,87,,19713,,,0,87,,22553,,,0,42,,19715,,,0,82,,22554,,,0,82,,19717,,,0,43,,22555,,,0,93,,19719,,,0,101,,19720,,,0,109,,19721,,,0,103,,22556,,,0,94,,22557,,,0,99,,19724,,,0,110,,19725,,,0
1000601,'4744',601,,19761,,,0,47,,19756,,,0,72,,19750,,,0,29,,19764,,,0,74,,19751,,,0,35,,19765,,,0,79,,19763,,,0,86,,19766,,,0,86,,19752,,,0,48,,19758,,,0,90,,19762,,,0,86,,19746,,,0,80,,19745,,,0,39,,19759,,,0,83,,19753,,,0,76,,19747,,,0,44,,19749,,,0,91,,19748,,,0,105,,19767,,,0,107,,19754,,,0,95,,19757,,,0,100,,19760,,,0,101,,19755,,,0
1000601,'4745',702,,19775,,,0,50,,19781,,,0,97,,19769,,,0,106,,19773,,,0,101,,19768,,,0,94,,19783,,,0,100,,19770,,,0,100,,19771,,,0,100,,19777,,,0,101,,19774,,,0,101,,19772,,,0,149,,19776,,,0,110,,19778,,,0,93,,19780,,,0,51,,19779,,,0,148,,19782,,,0
1000601,'4947',601,,19800,,,0,47,,19795,,,0,72,,19789,,,0,29,,19803,,,0,74,,19790,,,0,35,,19804,,,0,79,,19802,,,0,86,,19805,,,0,86,,19791,,,0,48,,19797,,,0,90,,19801,,,0,86,,19785,,,0,80,,19784,,,0,39,,19798,,,0,83,,19792,,,0,76,,19786,,,0,44,,19788,,,0,91,,19787,,,0,105,,19806,,,0,107,,19793,,,0,95,,19796,,,0,100,,19799,,,0,101,,19794,,,0
1000601,'4952',601,,19823,,,0,47,,19818,,,0,72,,19812,,,0,29,,19826,,,0,74,,19813,,,0,35,,19827,,,0,79,,19825,,,0,86,,19828,,,0,86,,19814,,,0,48,,19820,,,0,90,,19824,,,0,86,,19808,,,0,80,,19807,,,0,39,,19821,,,0,83,,19815,,,0,76,,19809,,,0,44,,19811,,,0,91,,19810,,,0,105,,19829,,,0,107,,19816,,,0,95,,19819,,,0,100,,19822,,,0,101,,19817,,,0
1000601,'4953',654,,19830,,,0,149,,19831,,,0,99,,19832,,,0,49,,19833,,,0,88,,19834,,,0,87,,19835,,,0,87,,22558,,,0,87,,19837,,,0,42,,19838,,,0,82,,19839,,,0,82,,19840,,,0,43,,19841,,,0,93,,19842,,,0,101,,19843,,,0,109,,19844,,,0,103,,19845,,,0,94,,22559,,,0,99,,19847,,,0,110,,19848,,,0
1000601,'4954',702,,19856,,,0,50,,19862,,,0,97,,19850,,,0,106,,19854,,,0,101,,19849,,,0,94,,19864,,,0,100,,22560,,,0,100,,19852,,,0,100,,19858,,,0,101,,22562,,,0,101,,22561,,,0,149,,19857,,,0,110,,22563,,,0,93,,22564,,,0,51,,19860,,,0,148,,22565,,,0
