6101,'4487',625,,16038,,,0,97,,16039,,,0,79,,16040,,,0,101,,16041,,,0,44,,16042,,,0,91,,16043,,,0,71,,16044,,,0,49,,16045,,,0,72,,16046,,,0,72,,16047,,,0,44,,16048,,,0,77,,16049,,,0,36,,16050,,,0,75,,16051,,,0,26,,16052,,,0,76,,16053,,,0,78,,16054,,,0,33,,16055,,,0,74,,16056,,,0,36,,16057,,,0,75,,16058,,,0,76,,16059,,,0,41,,16060,,,0,83,,16061,,,0,97,,16062,,,0,85,,16063,,,0,99,,16064,,,0,41,,16065,,,0
6101,'4743',625,,16066,,,0,97,,16067,,,0,79,,16068,,,0,101,,16069,,,0,44,,16070,,,0,91,,16071,,,0,71,,16072,,,0,49,,16073,,,0,72,,16074,,,0,72,,16075,,,0,44,,16076,,,0,77,,16077,,,0,36,,16078,,,0,75,,16079,,,0,26,,16080,,,0,76,,16081,,,0,78,,16082,,,0,33,,16083,,,0,74,,16084,,,0,36,,16085,,,0,75,,16086,,,0,76,,16087,,,0,41,,16088,,,0,83,,16089,,,0,97,,16090,,,0,85,,16091,,,0,99,,16092,,,0,41,,16093,,,0
6101,'4744',758,,16105,,,0,82,,16094,,,0,75,,16097,,,0,23,,16108,,,0,75,,16101,,,0,88,,16098,,,0,37,,16106,,,0,77,,16102,,,0,38,,16100,,,0,77,,16107,,,0,26,,16103,,,0,78,,16104,,,0,77,,16112,,,0,30,,16115,,,0,3,,16114,,,0,69,,16117,,,0,29,,16110,,,0,17,,16122,,,0,54,,16111,,,0,32,,16119,,,0,59,,16121,,,0,14,,16113,,,0,20,,16125,,,0,76,,16116,,,0,13,,16118,,,0,30,,16120,,,0,86,,16124,,,0,89,,16123,,,0,97,,16126,,,0,82,,16128,,,0,97,,16129,,,0,42,,16127,,,0
6101,'4745',629,,16131,,,0,104,,16132,,,0,74,,16133,,,0,50,,16130,,,0,94,,16134,,,0,87,,16135,,,0,88,,16136,,,0,88,,16137,,,0,103,,16138,,,0,86,,16139,,,0,101,,16140,,,0,45,,16141,,,0,101,,16142,,,0,80,,16143,,,0,100,,16144,,,0,89,,16145,,,0,96,,16146,,,0,100,,16147,,,0,40,,16148,,,0,99,,16149,,,0,95,,16150,,,0
6101,'4870',758,,16162,,,0,82,,16151,,,0,75,,16154,,,0,23,,16165,,,0,75,,16158,,,0,88,,16155,,,0,37,,16163,,,0,77,,16159,,,0,38,,16157,,,0,77,,16164,,,0,26,,16160,,,0,78,,16161,,,0,77,,16169,,,0,30,,16172,,,0,3,,16171,,,0,69,,16174,,,0,29,,16167,,,0,17,,16179,,,0,54,,16168,,,0,32,,16176,,,0,59,,16178,,,0,14,,16170,,,0,20,,16182,,,0,76,,16173,,,0,13,,16175,,,0,30,,16177,,,0,86,,16181,,,0,89,,16180,,,0,97,,16183,,,0,82,,16185,,,0,97,,16186,,,0,42,,16184,,,0
6101,'4875',758,,16198,,,0,82,,16187,,,0,75,,16190,,,0,23,,16201,,,0,75,,16194,,,0,88,,16191,,,0,37,,16199,,,0,77,,16195,,,0,38,,16193,,,0,77,,16200,,,0,26,,16196,,,0,74,,16207,,,0,4,,16197,,,0,77,,16205,,,0,33,,16208,,,0,69,,16210,,,0,29,,16203,,,0,17,,16215,,,0,54,,16204,,,0,32,,16212,,,0,59,,16214,,,0,14,,16206,,,0,20,,16218,,,0,76,,16209,,,0,13,,16211,,,0,30,,16213,,,0,86,,16217,,,0,89,,16216,,,0,97,,16219,,,0,82,,16221,,,0,97,,16222,,,0,42,,16220,,,0,99,,16223,,,0
6101,'4876',625,,16224,,,0,97,,16225,,,0,79,,16226,,,0,101,,16227,,,0,44,,16228,,,0,91,,16229,,,0,71,,16230,,,0,49,,16231,,,0,72,,16232,,,0,72,,16233,,,0,44,,16234,,,0,77,,16235,,,0,36,,16236,,,0,75,,16237,,,0,26,,16238,,,0,76,,16239,,,0,78,,16240,,,0,33,,16241,,,0,74,,16242,,,0,36,,16243,,,0,75,,16244,,,0,76,,16245,,,0,41,,16246,,,0,83,,16247,,,0,97,,16248,,,0,85,,16249,,,0,99,,16250,,,0,41,,16251,,,0,99,,16252,,,0
6101,'4877',629,,16254,,,0,104,,16255,,,0,74,,16256,,,0,50,,16253,,,0,94,,16257,,,0,87,,16258,,,0,88,,16259,,,0,88,,16260,,,0,103,,16261,,,0,86,,16262,,,0,101,,16263,,,0,45,,16264,,,0,101,,16265,,,0,80,,16266,,,0,100,,16267,,,0,89,,16268,,,0,96,,16269,,,0,100,,16270,,,0,40,,16271,,,0,99,,16272,,,0,95,,16273,,,0
6301,'4744',841,,16275,,,0,260,,16274,,,0,342,,16276,,,0,263,,16277,,,0
6301,'4870',841,,16279,,,0,260,,16278,,,0,342,,16280,,,0,263,,16281,,,0
6301,'4875',841,,16283,,,0,260,,16282,,,0,342,,16284,,,0,263,,16285,,,0
