801,'4744',717,,3928,,,0,18,,3929,,,0,19,,3930,,,0,66,,3931,,,0,26,,3932,,,0,75,,3933,,,0,83,,3927,,,0,44,,3934,,,0,73,,3950,,,0,82,,3935,,,0,46,,3936,,,0,80,,3937,,,0,85,,3938,,,0,92,,3939,,,0,46,,3941,,,0,74,,3951,,,0,33,,3942,,,0,73,,3943,,,0,76,,3944,,,0,29,,3952,,,0,70,,3945,,,0,33,,3946,,,0,85,,3947,,,0,97,,3948,,,0,83,,3949,,,0
801,'4870',717,,3965,,,0,18,,3966,,,0,19,,3967,,,0,66,,3968,,,0,26,,3969,,,0,75,,3970,,,0,83,,3964,,,0,44,,3971,,,0,73,,3987,,,0,82,,3972,,,0,46,,3973,,,0,80,,3974,,,0,85,,3975,,,0,92,,3976,,,0,46,,3978,,,0,74,,3988,,,0,33,,3979,,,0,73,,3980,,,0,76,,3981,,,0,29,,3989,,,0,70,,3982,,,0,33,,3983,,,0,85,,3984,,,0,97,,3985,,,0,83,,3986,,,0
801,'4875',717,,3991,,,0,18,,3992,,,0,19,,3993,,,0,66,,3994,,,0,26,,3995,,,0,75,,3996,,,0,83,,3990,,,0,44,,3997,,,0,73,,4013,,,0,82,,3998,,,0,46,,3999,,,0,80,,4000,,,0,85,,4001,,,0,92,,4002,,,0,46,,4004,,,0,74,,4014,,,0,33,,4005,,,0,73,,4006,,,0,76,,4007,,,0,29,,4015,,,0,70,,4008,,,0,33,,4009,,,0,85,,4010,,,0,97,,4011,,,0,83,,4012,,,0
901,'4744',1721,,4060,,,0,79,,4057,,,0
901,'4870',1721,,4068,,,0,79,,4065,,,0
901,'4875',1721,,4076,,,0,79,,4073,,,0
2100,'4487',723,,7527,0,17,0,85,,7534,0,17,0,40,,7518,0,18 19,0,71,,7528,0,17,0,39,,7511,0,17,0,71,,7529,0,17,0,73,,7513,0,17,0,31,,7523,0,17,0,70,,7508,0,17,0,32,,7509,0,18 19,0,70,,7530,0,17,0,31,,7514,0,17,0,70,,7522,0,17,0,28,,7510,0,18 19,0,72,,7512,0,17,0,30,,7531,0,17,0,69,,7515,0,17,0,30,,7524,0,18 19,0,70,,7516,0,17,0,30,,7517,0,17,0,69,,7533,0,17,0,30,,7519,0,18 19,0,68,,7525,0,17,0,29,,7520,0,17,0,28,,7521,0,17,0,68,,7532,0,17,0,30,,7526,0,17,0
2100,'4743',723,,7554,0,17,0,85,,7561,0,17,0,40,,7545,0,18 19,0,71,,7555,0,17,0,39,,7538,0,17,0,71,,7556,0,17,0,73,,7540,0,17,0,31,,7550,0,17,0,70,,7535,0,17,0,32,,7536,0,18 19,0,70,,7557,0,17,0,31,,7541,0,17,0,70,,7549,0,17,0,28,,7537,0,18 19,0,72,,7539,0,17,0,30,,7558,0,17,0,69,,7542,0,17,0,30,,7551,0,18 19,0,70,,7543,0,17,0,30,,7544,0,17,0,69,,7560,0,17,0,30,,7546,0,18 19,0,68,,7552,0,17,0,29,,7547,0,17,0,28,,7548,0,17,0,68,,7559,0,17,0,30,,7553,0,17,0
2100,'4744',635,,7564,,,0,69,,7572,,,0,18,,7563,,,0,16,,7571,,,0,10,,7598,0,17,0,6,,7573,,,0,51,,7608,,,0,4,,7583,,,0,17,,7575,,,0,15,,7582,,,0,60,,7569,0,17,0,17,,7595,,,0,19,,7570,0,17,0,19,,7574,,,0,62,,7566,0,17,0,19,,7585,,,0,21,,7567,0,17,0,59,,7576,,,0,21,,7586,0,18 19,0,21,,7568,,,0,60,,7565,0,17,0,21,,7577,,,0,19,,7580,0,17,0,61,,7579,,,0,20,,7584,0,17,0,18,,7605,,,0,59,,7587,,,0,16,,7578,,,0,14,,7581,0,17,0,61,,7607,,,0,18,,7597,,,0,17,,7596,,,0,60,,7594,,,0,18,,7593,,,0,19,,7604,0,18 19,0,18,,7591,,,0,58,,7592,,,0,17,,7588,,,0,19,,7606,0,17,0,56,,7590,0,17,0,16,,7589,0,17,0,32,,7600,0,17,0,69,,7599,0,17,0,29,,7602,0,17,0,73,,7601,0,17,0,29,,7603,0,17,0
2100,'4745',748,,7626,0,17,0,75,,7625,0,17,0,85,,7613,0,18 19,0,37,,7624,0,17,0,85,,7627,0,17,0,70,,7609,0,17,0,30,,7612,0,17,0,70,,7615,0,17,0,30,,7611,0,18 19,0,71,,7614,0,17,0,30,,7610,0,17,0,70,,7616,0,17,0,31,,7617,0,18 19,0,70,,7619,0,17,0,30,,7620,0,17,0,70,,7618,0,17,0,30,,7623,0,18 19,0,70,,7621,0,17,0,30,,7622,0,17,0,69,,7628,0,17,0,29,,7629,0,18 19,0,28,,7631,0,17,0,69,,7630,0,17,0,30,,7633,0,17,0,70,,7632,0,17,0
2100,'4870',635,,7636,,,0,69,,7644,,,0,18,,7635,,,0,16,,7643,,,0,10,,7669,0,17,0,6,,7645,,,0,51,,7679,,,0,4,,7655,,,0,17,,7647,,,0,15,,7654,,,0,60,,7641,0,17,0,17,,7666,,,0,19,,7642,0,17,0,19,,7646,,,0,62,,7638,0,17,0,19,,7657,,,0,21,,7639,0,17,0,59,,7648,,,0,21,,7658,0,18 19,0,21,,7640,,,0,60,,7637,0,17,0,21,,7649,,,0,19,,7652,0,17,0,61,,7651,,,0,20,,7656,0,17,0,18,,7676,,,0,59,,7659,,,0,16,,7650,,,0,14,,7653,0,17,0,61,,7678,,,0,18,,7668,,,0,17,,7667,,,0,78,,7665,,,0,19,,7675,0,18 19,0,18,,7663,,,0,58,,7664,,,0,17,,7660,,,0,19,,7677,0,17,0,56,,7662,0,17,0,16,,7661,0,17,0,32,,7671,0,17,0,69,,7670,0,17,0,29,,7673,0,17,0,73,,7672,0,17,0,29,,7674,0,17,0
2100,'4872',1603,,7680,,,0
2100,'4873',1603,,7681,,,0
2100,'4875',635,,7684,,,0,69,,7692,,,0,18,,7683,,,0,16,,7691,,,0,10,,7718,0,17,0,6,,7693,,,0,51,,7728,,,0,4,,7703,,,0,17,,7695,,,0,15,,7702,,,0,60,,7689,0,17,0,17,,7715,,,0,19,,7690,0,17,0,19,,7694,,,0,62,,7686,0,17,0,19,,7705,,,0,21,,7687,0,17,0,59,,7696,,,0,21,,7706,0,18 19,0,21,,7688,,,0,60,,7685,0,17,0,21,,7697,,,0,19,,7700,0,17,0,61,,7699,,,0,20,,7704,0,17,0,18,,7725,,,0,59,,7707,,,0,16,,7698,,,0,14,,7701,0,17,0,61,,7727,,,0,18,,7717,,,0,17,,7716,,,0,60,,7714,,,0,18,,7713,,,0,19,,7724,0,18 19,0,18,,7711,,,0,58,,7712,,,0,17,,7708,,,0,19,,7726,0,17,0,56,,7710,0,17,0,16,,7709,0,17,0,32,,7720,0,17,0,69,,7719,0,17,0,29,,7722,0,17,0,73,,7721,0,17,0,29,,7723,0,17,0
2100,'4876',723,,7748,0,17,0,85,,7755,0,17,0,40,,7739,0,18 19,0,71,,7749,0,17,0,39,,7732,0,17,0,71,,7750,0,17,0,73,,7734,0,17,0,31,,7744,0,17,0,70,,7729,0,17,0,32,,7730,0,18 19,0,70,,7751,0,17,0,31,,7735,0,17,0,70,,7743,0,17,0,28,,7731,0,18 19,0,72,,7733,0,17,0,30,,7752,0,17,0,69,,7736,0,17,0,30,,7745,0,18 19,0,70,,7737,0,17,0,30,,7738,0,17,0,69,,7754,0,17,0,30,,7740,0,18 19,0,68,,7746,0,17,0,29,,7741,0,17,0,28,,7742,0,17,0,68,,7753,0,17,0,30,,7747,0,17,0
2100,'4877',748,,7773,0,17,0,75,,7772,0,17,0,85,,7760,0,18 19,0,37,,7771,0,17,0,85,,7774,0,17,0,70,,7756,0,17,0,30,,7759,0,17,0,70,,7762,0,17,0,30,,7758,0,18 19,0,71,,7761,0,17,0,30,,7757,0,17,0,70,,7763,0,17,0,31,,7764,0,18 19,0,70,,7766,0,17,0,30,,7767,0,17,0,70,,7765,0,17,0,30,,7770,0,18 19,0,70,,7768,0,17,0,30,,7769,0,17,0,69,,7775,0,17,0,29,,7776,0,18 19,0,28,,7778,0,17,0,69,,7777,0,17,0,30,,7780,0,17,0,70,,7779,0,17,0
