2401,'5036',521,,41631,38,,,0,93,,41627,38,,,0,90,,41620,38,,,0,45,,41623,38,,,0,74,,41628,38,,,0,97,,41625,38,,,0,105,,41622,38,,,0,100,,41621,38,,,0,101,,41630,38,,,0,100,,41626,38,,,0,112,,41624,38,,,0,102,,41629,38,,,0,91,,41632,38,,,0,88,,41634,38,,,0,35,,41633,38,,,0,89,,41635,38,,,0,85,,41636,38,,,0,102,,41637,38,,,0,115,,41638,38,,,0,168,,41639,38,,,0,120,,41640,38,,,0
2401,'5040',521,,41652,38,,,0,93,,41648,38,,,0,90,,41641,38,,,0,45,,41644,38,,,0,74,,41649,38,,,0,97,,41646,38,,,0,105,,41643,38,,,0,100,,41642,38,,,0,101,,41651,38,,,0,100,,41647,38,,,0,112,,41645,38,,,0,102,,41650,38,,,0,91,,41653,38,,,0,88,,41655,38,,,0,35,,41654,38,,,0,89,,41656,38,,,0,85,,41657,38,,,0,102,,41658,38,,,0,115,,41659,38,,,0,168,,41660,38,,,0,120,,41661,38,,,0
2401,'5041',711,,41668,38,,,0,108,,41667,38,,,0,105,,41669,38,,,0,100,,41665,38,,,0,103,,41662,38,,,0,98,,41663,38,,,0,95,,41664,38,,,0,101,,41671,38,,,0,98,,41666,38,,,0,102,,41670,38,,,0,104,,41672,38,,,0,127,,41673,38,,,0,164,,41674,38,,,0,130,,41675,38,,,0,170,,41676,38,,,0,118,,41677,38,,,0
2401,'5078',818,,41678,38,,,0,130,,41679,38,,,0,174,,41680,38,,,0,127,,41681,38,,,0,172,,41682,38,,,0,132,,41683,38,,,0,169,,41684,38,,,0,128,,41685,38,,,0,169,,41686,38,,,0,125,,41687,38,,,0,168,,41688,38,,,0
2401,'5079',818,,41689,38,,,0,130,,41690,38,,,0,174,,41691,38,,,0,127,,41692,38,,,0,172,,41693,38,,,0,132,,41694,38,,,0,169,,41695,38,,,0,128,,41696,38,,,0,169,,41697,38,,,0,125,,41698,38,,,0,168,,41699,38,,,0
2501,'5036',649,,41782,55,,,0,81,,41785,55,,,0,81,,41779,55,0,6 7,0,39,,41778,55,,,0,150,,41788,55,,,0,101,,41784,55,,,0,100,,41781,55,,,0,100,,41780,55,,,0,100,,41783,55,,,0,113,,41787,55,,,0,94,,41786,55,,,0,135,,41789,55,,,0,83,,41790,55,,,0,83,,41791,55,,,0,92,,41792,55,,,0,103,,41793,55,,,0,130,,41794,55,,,0,169,,41795,55,,,0
2501,'5040',649,,41800,55,,,0,81,,41803,55,,,0,81,,41797,55,0,6 7,0,39,,41796,55,,,0,150,,41806,55,,,0,101,,41802,55,,,0,100,,41799,55,,,0,100,,41798,55,,,0,100,,41801,55,,,0,113,,41805,55,,,0,94,,41804,55,,,0,97,,41807,55,,,0,38,,41808,55,,,0,83,,41809,55,,,0,83,,41810,55,,,0,92,,41811,55,,,0,103,,41812,55,,,0,130,,41813,55,,,0,169,,41814,55,,,0
2501,'5041',752,,41818,55,,,0,101,,41815,55,,,0,106,,41817,55,,,0,143,,41816,55,,,0,99,,41824,55,,,0,55,,41821,55,,,0,100,,41820,55,,,0,99,,41819,55,,,0,100,,41822,55,,,0,101,,41823,55,,,0,158,,41825,55,,,0,127,,41826,55,,,0,165,,41827,55,,,0,129,,41828,55,,,0,169,,41829,55,,,0
2501,'5075',1705,,41830,55,,,0
2501,'5076',1705,,41831,55,,,0
2501,'5078',908,,41833,55,,,0,132,,41832,55,,,0,170,,41834,55,,,0,131,,41835,55,,,0,172,,41836,55,,,0,131,,41837,55,,,0,167,,41838,55,,,0,129,,41839,55,,,0,169,,41840,55,,,0,124,,41841,55,,,0,169,,41842,55,,,0
2501,'5079',908,,41844,55,,,0,132,,41843,55,,,0,170,,41845,55,,,0,131,,41846,55,,,0,172,,41847,55,,,0,131,,41848,55,,,0,167,,41849,55,,,0,129,,41850,55,,,0,169,,41851,55,,,0,124,,41852,55,,,0,169,,41853,55,,,0
4000,'5036',634,,44460,7,,,0,84,,44451,7,,,0,22,,44456,7,,,0,67,,44461,7,,,0,112,,44449,7,,,0,99,,44458,7,,,0,100,,44452,7,,,0,100,,44459,7,,,0,100,,44450,7,,,0,97,,44462,7,,,0,99,,44454,7,,,0,38,,44447,7,,,0,74,,44463,7,,,0,29,,44448,7,,,0,74,,44453,7,,,0,98,,44464,7,,,0,100,,44455,7,,,0,130,,44457,7,,,0,385,,44465,7,,,0
4000,'5040',634,,44479,7,,,0,84,,44470,7,,,0,22,,44475,7,,,0,67,,44480,7,,,0,112,,44468,7,,,0,99,,44477,7,,,0,100,,44471,7,,,0,100,,44478,7,,,0,100,,44469,7,,,0,97,,44481,7,,,0,99,,44473,7,,,0,38,,44466,7,,,0,74,,44482,7,,,0,29,,44467,7,,,0,74,,44472,7,,,0,98,,44483,7,,,0,100,,44474,7,,,0,130,,44476,7,,,0,385,,44484,7,,,0
4000,'5041',714,,44494,7,,,0,130,,44495,7,,,0,100,,44485,7,,,0,100,,44488,7,,,0,100,,44490,7,,,0,101,,44496,7,,,0,100,,44486,7,,,0,100,,44487,7,,,0,100,,44491,7,,,0,100,,44497,7,,,0,100,,44489,7,,,0,99,,44493,7,,,0,100,,44492,7,,,0,95,,44498,7,,,0
4000,'5078',809,,44500,7,,,0,135,,44499,7,,,0,100,,44501,7,,,0,100,,44502,7,,,0,101,,44503,7,,,0,100,,44504,7,,,0,100,,44507,7,,,0,100,,44506,7,,,0,100,,44505,7,,,0,100,,44508,7,,,0,99,,44509,7,,,0,100,,44510,7,,,0
4000,'5079',809,,44512,7,,,0,135,,44511,7,,,0,100,,44513,7,,,0,100,,44514,7,,,0,101,,44515,7,,,0,100,,44516,7,,,0,100,,44519,7,,,0,100,,44518,7,,,0,100,,44517,7,,,0,100,,44520,7,,,0,99,,44521,7,,,0,100,,44522,7,,,0
4601,'5036',658,,44636,7,,,0,148,,44637,7,,,0,126,,44638,7,,,0,93,,44643,7,,,0,380,,44639,7,,,0,120,,44641,7,,,0,32,,44642,7,,,0,78,,44647,7,,,0,87,,44645,7,,,0,27,,44644,7,,,0,89,,44646,7,,,0
4601,'5040',658,,44648,7,,,0,148,,44649,7,,,0,126,,44650,7,,,0,93,,44655,7,,,0,380,,44651,7,,,0,120,,44653,7,,,0,32,,44654,7,,,0,78,,44659,7,,,0,87,,44657,7,,,0,27,,44656,7,,,0,89,,44658,7,,,0
