200,'5036',608,,36499,38,,,0,41,,36491,38,,,0,61,,36486,38,,,0,33,,36500,38,,,0,73,,36494,38,,,0,30,,36485,38,,,0,71,,36498,38,,,0,30,,36495,38,,,0,86,,36484,38,,,0,78,,36487,38,,,0,41,,36488,38,,,0,81,,36497,38,,,0,80,,36490,38,,,0,41,,36489,38,,,0,80,,36496,38,,,0,79,,36492,38,,,0,35,,36493,38,,,0,77,,36501,38,,,0,76,,36502,38,,,0,47,,36504,38,,,0,72,,36503,38,,,0,39,,36508,38,,,0,89,,36506,38,,,0,78,,36507,38,,,0,82,,36512,38,,,0,40,,36511,38,,,0,78,,36513,38,,,0,78,,36514,38,,,0,39,,36515,38,,,0,78,,36516,38,,,0
200,'5040',608,,36534,38,,,0,41,,36526,38,,,0,61,,36521,38,,,0,33,,36535,38,,,0,73,,36529,38,,,0,30,,36520,38,,,0,71,,36533,38,,,0,30,,36530,38,,,0,86,,36519,38,,,0,78,,36522,38,,,0,41,,36523,38,,,0,81,,36532,38,,,0,80,,36525,38,,,0,41,,36524,38,,,0,80,,36531,38,,,0,79,,36527,38,,,0,35,,36528,38,,,0,77,,36536,38,,,0,76,,36537,38,,,0,47,,36539,38,,,0,72,,36538,38,,,0,39,,36543,38,,,0,89,,36541,38,,,0,78,,36542,38,,,0,82,,36547,38,,,0,40,,36546,38,,,0,78,,36548,38,,,0,78,,36549,38,,,0,39,,36550,38,,,0,78,,36551,38,,,0
200,'5041',618,,36573,38,,,0,113,,36576,38,,,0,121,,36574,38,,,0,81,,36562,38,,,0,87,,36575,38,,,0,80,,36560,38,,,0,40,,36554,38,,,0,81,,36561,38,,,0,80,,36555,38,,,0,41,,36568,38,,,0,81,,36556,38,,,0,81,,36559,38,,,0,40,,36558,38,,,0,79,,36557,38,,,0,80,,36571,38,,,0,39,,36572,38,,,0,74,,36570,38,,,0,40,,36564,38,,,0,74,,36565,38,,,0,94,,36567,38,,,0,80,,36566,38,,,0,45,,36582,38,,,0,80,,36579,38,,,0,80,,36578,38,,,0,37,,36580,38,,,0,79,,36577,38,,,0
200,'5078',714,,36606,38,,,0,121,,36605,38,,,0,123,,36604,38,,,0,101,,36585,38,,,0,81,,36603,38,,,0,81,,36591,38,,,0,80,,36589,38,,,0,40,,36584,38,,,0,82,,36586,38,,,0,80,,36597,38,,,0,40,,36592,38,,,0,80,,36587,38,,,0,79,,36590,38,,,0,39,,36588,38,,,0,73,,36598,38,,,0,39,,36594,38,,,0,94,,36599,38,,,0,80,,36595,38,,,0,80,,36601,38,,,0,39,,36602,38,,,0,80,,36600,38,,,0,79,,36607,38,,,0,39,,36608,38,,,0
200,'5079',714,,36631,38,,,0,121,,36630,38,,,0,123,,36629,38,,,0,101,,36610,38,,,0,81,,36628,38,,,0,81,,36616,38,,,0,80,,36614,38,,,0,40,,36609,38,,,0,82,,36611,38,,,0,80,,36622,38,,,0,40,,36617,38,,,0,80,,36612,38,,,0,79,,36615,38,,,0,39,,36613,38,,,0,73,,36623,38,,,0,39,,36619,38,,,0,94,,36624,38,,,0,80,,36620,38,,,0,80,,36626,38,,,0,39,,36627,38,,,0,80,,36625,38,,,0,79,,36632,38,,,0,39,,36633,38,,,0
500,'5036',628,,37668,38,,,0,98,,37661,38,,,0,74,,37663,38,,,0,31,,37660,38,,,0,71,,37662,38,,,0,28,,37665,38,,,0,87,,37664,38,,,0,33,,37673,38,,,0,80,,37670,38,,,0,82,,37666,38,,,0,41,,37667,38,,,0,82,,37669,38,,,0,78,,37674,38,,,0,40,,37671,38,,,0,77,,37672,38,,,0,76,,37676,38,,,0,37,,37675,38,,,0,74,,37677,38,,,0,87,,37678,38,,,0,36,,37679,38,,,0,83,,37681,38,,,0,85,,37680,38,,,0
500,'5040',628,,37690,38,,,0,98,,37683,38,,,0,74,,37685,38,,,0,31,,37682,38,,,0,71,,37684,38,,,0,28,,37687,38,,,0,87,,37686,38,,,0,33,,37695,38,,,0,80,,37692,38,,,0,82,,37688,38,,,0,41,,37689,38,,,0,82,,37691,38,,,0,78,,37696,38,,,0,40,,37693,38,,,0,77,,37694,38,,,0,76,,37698,38,,,0,37,,37697,38,,,0,74,,37699,38,,,0,87,,37700,38,,,0,36,,37701,38,,,0,83,,37703,38,,,0,85,,37702,38,,,0
500,'5041',654,,37715,38,,,0,157,,37711,38,,,0,101,,37714,38,,,0,42,,37705,38,,,0,86,,37712,38,,,0,80,,37706,38,,,0,81,,37721,38,,,0,40,,37713,38,,,0,81,,37704,38,,,0,81,,37710,38,,,0,40,,37707,38,,,0,81,,37717,38,,,0,80,,37708,38,,,0,39,,37709,38,,,0,79,,37718,38,,,0,35,,37719,38,,,0,78,,37720,38,,,0,80,,37716,38,,,0,89,,37722,38,,,0
500,'5078',755,,37736,38,,,0,161,,37735,38,,,0,123,,37734,38,,,0,81,,37729,38,,,0,80,,37723,38,,,0,41,,37724,38,,,0,80,,37737,38,,,0,81,,37730,38,,,0,41,,37727,38,,,0,80,,37725,38,,,0,80,,37726,38,,,0,40,,37738,38,,,0,78,,37731,38,,,0,35,,37728,38,,,0,78,,37732,38,,,0,79,,37733,38,,,0
500,'5079',755,,37752,38,,,0,161,,37751,38,,,0,123,,37750,38,,,0,81,,37745,38,,,0,80,,37739,38,,,0,41,,37740,38,,,0,80,,37753,38,,,0,81,,37746,38,,,0,41,,37743,38,,,0,80,,37741,38,,,0,80,,37742,38,,,0,40,,37754,38,,,0,78,,37747,38,,,0,35,,37744,38,,,0,78,,37748,38,,,0,79,,37749,38,,,0
800,'5036',653,,38723,46,,,0,91,,38724,46,,,0,74,,38725,46,,,0,21,,38726,46,,,0,19,,38727,46,,,0,86,,38728,46,,,0,75,,38729,46,,,0,81,,38722,46,,,0,45,,38730,46,,,0,78,,38745,46,,,0,84,,38731,46,,,0,44,,38732,46,,,0,84,,38733,46,,,0,102,,38735,46,,,0,83,,38736,46,,,0,86,,38737,46,,,0,29,,38746,46,,,0,71,,38738,46,,,0,32,,38739,46,,,0,68,,38740,46,,,0,29,,38747,46,,,0,94,,38741,46,,,0,83,,38742,46,,,0,96,,38743,46,,,0,42,,38744,46,,,0
800,'5040',653,,38749,46,,,0,91,,38750,46,,,0,74,,38751,46,,,0,21,,38752,46,,,0,19,,38753,46,,,0,86,,38754,46,,,0,75,,38755,46,,,0,81,,38748,46,,,0,45,,38756,46,,,0,78,,38771,46,,,0,84,,38757,46,,,0,44,,38758,46,,,0,84,,38759,46,,,0,102,,38761,46,,,0,83,,38762,46,,,0,86,,38763,46,,,0,29,,38772,46,,,0,71,,38764,46,,,0,32,,38765,46,,,0,68,,38766,46,,,0,29,,38773,46,,,0,94,,38767,46,,,0,83,,38768,46,,,0,96,,38769,46,,,0,42,,38770,46,,,0
800,'5041',740,,38780,35,,,0,85,,38781,35,,,0,87,,38782,35,,,0,47,,38775,35,,,0,90,,38776,35,,,0,87,,38774,35,,,0,90,,38777,35,,,0,91,,38778,35,,,0,92,,38779,35,,,0,92,,38783,35,,,0,50,,38784,35,,,0,91,,38785,35,,,0,88,,38786,35,,,0,84,,38787,35,,,0,45,,38788,35,,,0
800,'5078',910,,38790,35,,,0,47,,38791,35,,,0,91,,38792,35,,,0,86,,38793,35,,,0,91,,38794,35,,,0,92,,38789,35,,,0,90,,38795,35,,,0,52,,38796,35,,,0,91,,38797,35,,,0,91,,38798,35,,,0,88,,38799,35,,,0
800,'5079',910,,38801,35,,,0,47,,38802,35,,,0,91,,38803,35,,,0,86,,38804,35,,,0,91,,38805,35,,,0,92,,38800,35,,,0,90,,38806,35,,,0,52,,38807,35,,,0,91,,38808,35,,,0,91,,38809,35,,,0,88,,38810,35,,,0
