800,'5036',626,,38723,12,,,0,87,,38724,12,,,0,29,,38725,12,,,0,59,,38726,12,,,0,22,,38727,12,,,0,89,,38728,12,,,0,35,,38729,12,,,0,82,,38722,12,,,0,83,,38730,12,,,0,35,,38745,12,,,0,84,,38731,12,,,0,85,,38732,12,,,0,43,,38733,12,,,0,87,,38734,12,0,16,0,54,,38735,12,,,0,42,,38736,12,,,0,84,,38737,12,,,0,32,,38746,12,,,0,74,,38738,12,,,0,72,,38739,12,,,0,33,,38740,12,,,0,71,,38747,12,,,0,95,,38741,12,,,0,43,,38742,12,,,0,97,,38743,12,,,0,83,,38744,12,,,0
800,'5040',626,,38749,12,,,0,87,,38750,12,,,0,29,,38751,12,,,0,59,,38752,12,,,0,22,,38753,12,,,0,89,,38754,12,,,0,35,,38755,12,,,0,82,,38748,12,,,0,83,,38756,12,,,0,35,,38771,12,,,0,84,,38757,12,,,0,85,,38758,12,,,0,43,,38759,12,,,0,87,,38760,12,0,16,0,54,,38761,12,,,0,42,,38762,12,,,0,84,,38763,12,,,0,32,,38772,12,,,0,74,,38764,12,,,0,72,,38765,12,,,0,33,,38766,12,,,0,71,,38773,12,,,0,95,,38767,12,,,0,43,,38768,12,,,0,97,,38769,12,,,0,83,,38770,12,,,0
900,'5036',725,,38898,19,,,0,82,,38899,19,,,0
900,'5040',725,,38900,19,,,0,82,,38901,19,,,0
2101,'5036',553,,41118,12,,,0,68,,41126,12,,,0,22,,41117,12,,,0,15,,41102,12,,,0,56,,41113,16,,,0,14,,41097,16,,,0,16,,41105,16,,,0,57,,41112,16,,,0,16,,41101,16,,,0,17,,41131,16,,,0,16,,41098,16,,,0,59,,41128,16,,,0,30,,41139,16,,,0,70,,41111,16,,,0,27,,41133,16,,,0,70,,41136,16,,,0,30,,41138,16,,,0,70,,41135,16,,,0,30,,41110,16,,,0,70,,41140,16,,,0,30,,41134,16,,,0,70,,41137,16,,,0,30,,41099,16,,,0,21,,41132,16,,,0,58,,41104,16,,,0,18,,41103,12,,,0,20,,41114,16,,,0,59,,41107,16,,,0,17,,41124,16,,,0,20,,41106,16,,,0,57,,41129,16,,,0,16,,41100,12,,,0,19,,41130,16,,,0,60,,41108,16,,,0,18,,41109,16,,,0,31,,41115,12,,,0,70,,41122,12,,,0,32,,41121,12,,,0,70,,41125,12,,,0,30,,41119,12,,,0,70,,41123,12,,,0,32,,41120,12,,,0,69,,41116,12,,,0,30,,41127,12,,,0,106,,41141,12,,,0
2101,'5040',553,,41163,12,,,0,68,,41171,12,,,0,22,,41162,12,,,0,15,,41147,12,,,0,56,,41158,16,,,0,14,,41142,16,,,0,16,,41150,16,,,0,57,,41157,16,,,0,16,,41146,16,,,0,17,,41176,16,,,0,16,,41143,16,,,0,59,,41173,16,,,0,30,,41184,16,,,0,70,,41156,16,,,0,27,,41178,16,,,0,70,,41181,16,,,0,30,,41183,16,,,0,70,,41180,16,,,0,30,,41155,16,,,0,70,,41185,16,,,0,30,,41179,16,,,0,70,,41182,16,,,0,30,,41144,16,,,0,21,,41177,16,,,0,58,,41149,16,,,0,18,,41148,12,,,0,20,,41159,16,,,0,59,,41152,16,,,0,17,,41169,16,,,0,20,,41151,16,,,0,57,,41174,16,,,0,16,,41145,12,,,0,19,,41175,16,,,0,60,,41153,16,,,0,18,,41154,16,,,0,31,,41160,12,,,0,70,,41167,12,,,0,32,,41166,12,,,0,70,,41170,12,,,0,30,,41164,12,,,0,70,,41168,12,,,0,32,,41165,12,,,0,69,,41161,12,,,0,30,,41172,12,,,0,106,,41186,12,,,0
2101,'5041',643,,41217,12,,,0,70,,41199,12,,,0,31,,41208,12,,,0,70,,41191,12,,,0,30,,41218,12,,,0,69,,41200,12,,,0,30,,41209,12,,,0,67,,41187,12,,,0,28,,41189,12,,,0,69,,41210,12,,,0,30,,41194,12,,,0,69,,41202,12,,,0,28,,41188,12,,,0,70,,41190,12,,,0,28,,41211,12,,,0,70,,41195,12,,,0,32,,41203,12,,,0,71,,41192,12,,,0,30,,41193,12,,,0,74,,41212,12,,,0,30,,41196,12,,,0,69,,41205,12,,,0,31,,41198,12,,,0,70,,41197,12,,,0,31,,41213,12,,,0,71,,41201,12,,,0,36,,41204,12,,,0,76,,41206,12,,,0,29,,41215,12,,,0,70,,41207,12,,,0,32,,41216,12,,,0,70,,41214,12,,,0,30,,41219,12,,,0,105,,41220,12,,,0
2101,'5078',651,,41234,12,,,0,80,,41224,12,,,0,80,,41235,12,,,0,36,,41233,12,,,0,65,,41221,12,,,0,27,,41223,12,,,0,70,,41236,12,,,0,29,,41222,12,,,0,70,,41237,12,,,0,29,,41226,12,,,0,70,,41225,12,,,0,30,,41238,12,,,0,68,,41227,12,,,0,29,,41239,12,,,0,70,,41240,12,,,0,30,,41241,12,,,0,71,,41229,12,,,0,32,,41230,12,,,0,73,,41231,12,,,0,29,,41232,12,,,0,71,,41228,12,,,0,30,,41242,12,,,0,72,,41243,12,,,0,35,,41244,12,,,0,105,,41245,12,,,0,101,,41246,12,,,0,103,,41247,12,,,0,100,,41248,12,,,0,103,,41249,12,,,0
2101,'5079',651,,41263,12,,,0,80,,41253,12,,,0,80,,41264,12,,,0,36,,41262,12,,,0,65,,41250,12,,,0,27,,41252,12,,,0,70,,41265,12,,,0,29,,41251,12,,,0,70,,41266,12,,,0,29,,41255,12,,,0,70,,41254,12,,,0,30,,41267,12,,,0,68,,41256,12,,,0,29,,41268,12,,,0,70,,41269,12,,,0,30,,41270,12,,,0,71,,41258,12,,,0,32,,41259,12,,,0,73,,41260,12,,,0,29,,41261,12,,,0,71,,41257,12,,,0,30,,41271,12,,,0,72,,41272,12,,,0,35,,41273,12,,,0,105,,41274,12,,,0,101,,41275,12,,,0,103,,41276,12,,,0,100,,41277,12,,,0,103,,41278,12,,,0
2201,'5036',604,,41433,31,,,0,28,,41423,31,,,0,90,,41417,24,,,0,26,,41422,37,,,0,70,,41434,37,,,0,32,,41424,37,,,0,101,,41418,37,,,0,69,,41421,37,,,0,30,,41435,37,,,0,98,,41438,37,,,0,69,,41416,24,,,0,29,,41425,24,,,0,100,,41426,24,,,0,71,,41439,24,,,0,101,,41427,24,,,0,32,,41436,24,,,0,70,,41428,24,,,0,99,,41419,24,,,0,37,,41429,24,,,0,99,,41430,24,,,0,71,,41420,24,,,0,103,,41437,24,,,0,71,,41432,24,,,0,49,,41431,24,0,5,0
2201,'5040',604,,41457,31,,,0,28,,41447,31,,,0,90,,41441,24,,,0,26,,41446,37,,,0,70,,41458,37,,,0,32,,41448,37,,,0,101,,41442,37,,,0,69,,41445,37,,,0,30,,41459,37,,,0,98,,41462,37,,,0,69,,41440,24,,,0,29,,41449,24,,,0,100,,41450,24,,,0,71,,41463,24,,,0,101,,41451,24,,,0,32,,41460,24,,,0,70,,41452,24,,,0,99,,41443,24,,,0,37,,41453,24,,,0,99,,41454,24,,,0,71,,41444,24,,,0,103,,41461,24,,,0,71,,41456,24,,,0,49,,41455,24,0,5,0
2201,'5041',722,,41474,24,,,0,78,,41485,24,,,0,28,,41470,24,,,0,29,,41464,24,,,0,70,,41473,24,,,0,30,,41486,24,,,0,68,,41469,24,,,0,29,,41468,24,,,0,71,,41471,24,,,0,28,,41466,24,,,0,68,,41490,24,,,0,30,,41467,24,,,0,67,,41472,24,,,0,30,,41465,24,,,0,70,,41478,24,,,0,32,,41489,24,,,0,69,,41480,24,,,0,32,,41476,24,,,0,71,,41479,24,,,0,34,,41481,24,,,0,71,,41477,24,,,0,31,,41475,24,,,0,70,,41483,24,,,0,72,,41482,24,,,0,28,,41488,24,,,0,28,,41484,24,,,0,73,,41491,24,,,0,71,,41487,24,,,0,48,,41492,24,0,5,0
2201,'5078',750,,41501,24,,,0,80,,41502,24,,,0,29,,41494,24,,,0,67,,41495,24,,,0,30,,41504,24,,,0,69,,41503,24,,,0,29,,41493,24,,,0,70,,41497,24,,,0,30,,41498,24,,,0,70,,41496,24,,,0,28,,41500,24,,,0,69,,41499,24,,,0,30,,41506,24,,,0,70,,41507,24,,,0,31,,41505,24,,,0,70,,41509,24,,,0,35,,41508,24,,,0,70,,41511,24,,,0,30,,41510,24,,,0,70,,41512,24,,,0,32,,41513,24,,,0,70,,41514,24,,,0,91,,41515,24,0,5,0,102,,41516,24,0,5,0,111,,41517,24,0,5,0
2201,'5079',750,,41526,24,,,0,80,,41527,24,,,0,29,,41519,24,,,0,67,,41520,24,,,0,30,,41529,24,,,0,69,,41528,24,,,0,29,,41518,24,,,0,70,,41522,24,,,0,30,,41523,24,,,0,70,,41521,24,,,0,28,,41525,24,,,0,69,,41524,24,,,0,30,,41531,24,,,0,70,,41532,24,,,0,31,,41530,24,,,0,70,,41534,24,,,0,35,,41533,24,,,0,70,,41536,24,,,0,30,,41535,24,,,0,70,,41537,24,,,0,32,,41538,24,,,0,70,,41539,24,,,0,91,,41540,24,0,5,0,102,,41541,24,0,5,0,111,,41542,24,0,5,0
1002201,'5036',704,,48588,25,,,0,216,,48587,25,,,0,200,,48583,25,,,0,197,,48585,12,,,0,132,,48582,12,,,0,203,,48589,12,,,0,173,,48586,12,,,0,134,,48584,12,,,0
1002201,'5040',704,,48597,25,,,0,216,,48596,25,,,0,200,,48592,25,,,0,197,,48594,12,,,0,98,,48590,12,0,5,0,34,,48591,12,,,0,203,,48598,12,,,0,173,,48595,12,,,0,134,,48593,12,,,0
1002201,'5075',1515,,48599,12,0,5,0
1002201,'5076',1415,,48600,12,0,5,0
