6100,'5036',530,,46009,36,,,0,75,,46007,36,,,0,13,,46010,36,,,0,20,,46011,36,,,0,20,,46013,36,,,0,59,,46017,36,,,0,19,,46024,36,,,0,69,,46026,36,,,0,19,,46019,18,0,30 14,0,80,,46008,18,0,30 14,0,36,,46012,18,0,30 14,0,64,,46023,18,0,30 14,0,36,,46015,18,0,30 14,0,88,,46014,18,0,30 14,0,76,,46021,18,0,30 14,0,35,,46016,18,0,30 14,0,74,,46018,18,0,30 14,0,39,,46025,18,0,30 14,0,70,,46020,18,0,30 14,0,79,,46022,18,0,30 14,0,33,,46027,18,0,30 14,0,82,,46028,18,0,30 14,0,26,,46030,18,0,30 14,0,79,,46034,18,0,30 14,0,30,,46029,18,0,30 14,0,93,,46033,18,0,30 14,0,72,,46035,18,0,30 14,0,31,,46031,18,0,30 14,0,70,,46032,18,0,30 14,0,95,,46036,18,0,30 14,0,41,,46037,18,0,30 14,0,104,,46038,18,0,30 14,0,73,,46039,18,0,30 14,0,100,,46040,18,0,30 14,0,75,,46041,18,0,30 14,0
6100,'5040',530,,46044,36,,,0,75,,46042,36,,,0,13,,46045,36,,,0,20,,46046,36,,,0,20,,46048,36,,,0,59,,46052,36,,,0,19,,46059,36,,,0,69,,46061,36,,,0,19,,46054,18,0,30 14,0,80,,46043,18,0,30 14,0,36,,46047,18,0,30 14,0,64,,46058,18,0,30 14,0,36,,46050,18,0,30 14,0,88,,46049,18,0,30 14,0,76,,46056,18,0,30 14,0,35,,46051,18,0,30 14,0,74,,46053,18,0,30 14,0,39,,46060,18,0,30 14,0,70,,46055,18,0,30 14,0,27,,46079,18,0,30 14,0,52,,46057,18,0,30 14,0,33,,46062,18,0,30 14,0,82,,46063,18,0,30 14,0,26,,46066,18,0,30 14,0,79,,46070,18,0,30 14,0,30,,46065,18,0,30 14,0,65,,46064,18,0,30 14,0,28,,46069,18,0,30 14,0,72,,46071,18,0,30 14,0,31,,46067,18,0,30 14,0,70,,46068,18,0,30 14,0,95,,46072,18,0,30 14,0,41,,46073,18,0,30 14,0,104,,46075,18,0,30 14,0,73,,46076,18,0,30 14,0,100,,46077,18,0,30 14,0,75,,46078,18,0,30 14,0,100,,46074,18,0,30,0
6100,'5041',641,,46081,18,0,30 14,0,99,,46082,18,0,30 14,0,82,,46080,18,0,30 14,0,98,,46083,18,0,30 14,0,95,,46084,18,0,30 14,0,42,,46085,18,0,30 14,0,75,,46086,18,0,30 14,0,87,,46087,18,0,30 14,0,35,,46088,18,0,30 14,0,75,,46089,18,0,30 14,0,76,,46090,18,0,30 14,0,37,,46091,18,0,30 14,0,77,,46092,18,0,30 14,0,37,,46093,18,0,30 14,0,66,,46094,18,0,30 14,0,78,,46095,18,0,30 14,0,41,,46096,18,0,30 14,0,72,,46097,18,0,30 14,0,31,,46098,18,0,30 14,0,71,,46099,18,0,30 14,0,33,,46100,18,0,30 14,0,83,,46101,18,0,30 14,0,81,,46102,18,0,30 14,0,41,,46103,18,0,30 14,0,103,,46104,18,0,30 14,0,73,,46105,18,0,30 14,0,100,,46106,18,0,30 14,0,78,,46107,18,0,30,0,100,,46108,18,0,30,0
6100,'5075',1816,,46109,18,0,30 14,0
6100,'5076',1816,,46110,18,0,30 14,0
6100,'5078',645,,46111,18,0,30 14,0,104,,46112,18,0,30 14,0,83,,46113,18,0,30 14,0,96,,46114,18,0,30 14,0,82,,46115,18,0,30 14,0,46,,46116,18,0,30 14,0,97,,46117,18,0,30 14,0,82,,46118,18,0,30 14,0,101,,46119,18,0,30 14,0,94,,46120,18,0,30 14,0,103,,46121,18,0,30 14,0,79,,46122,18,0,30 14,0,102,,46123,18,0,30 14,0,86,,46124,18,0,30 14,0,103,,46125,18,0,30 14,0,46,,46126,18,0,30 14,0,86,,46127,18,0,30 14,0,101,,46128,18,0,30 14,0,93,,46129,18,0,30 14,0,101,,46130,18,0,30 14,0,75,,46131,18,0,30,0
6100,'5079',645,,46132,18,0,30 14,0,104,,46133,18,0,30 14,0,83,,46134,18,0,30 14,0,96,,46135,18,0,30 14,0,82,,46136,18,0,30 14,0,46,,46137,18,0,30 14,0,97,,46138,18,0,30 14,0,82,,46139,18,0,30 14,0,101,,46140,18,0,30 14,0,94,,46141,18,0,30 14,0,103,,46142,18,0,30 14,0,79,,46143,18,0,30 14,0,102,,46144,18,0,30 14,0,86,,46145,18,0,30 14,0,103,,46146,18,0,30 14,0,46,,46147,18,0,30 14,0,86,,46148,18,0,30 14,0,101,,46149,18,0,30 14,0,93,,46150,18,0,30 14,0,101,,46151,18,0,30 14,0,75,,46152,18,0,30,0
6400,'5036',602,,46305,1,0,32 33,0,46,,46306,1,,,0,252,,46307,17,0,32 33,0,256,,46308,32,,,0,372,,46309,32,0,32 33,0,207,,46310,17,,,0,100,,46311,1,0,32 33,0
6400,'5040',602,,46312,1,0,32 33,0,46,,46313,1,,,0,252,,46314,17,0,32 33,0,256,,46315,32,,,0,372,,46316,32,0,32 33,0,207,,46317,17,,,0,100,,46318,1,0,32 33,0
6500,'5036',548,,46333,27,,,0,94,,46335,27,,,0,62,,46336,27,,,0,43,,46334,27,,,0
6500,'5040',548,,46337,27,,,0,94,,46339,27,,,0,62,,46340,27,,,0,43,,46338,27,,,0
