2200,'4487',715,,8112,,,0,40,,8097,,,0,80,,8101,,,0,80,,8114,,,0,32,,8098,,,0,70,,8092,,,0,32,,8099,,,0,72,,8113,,,0,32,,8096,,,0,71,,8095,,,0,31,,8100,,,0,70,,8093,,,0,31,,8118,,,0,70,,8094,,,0,30,,8107,,,0,70,,8102,,,0,30,,8106,,,0,69,,8117,,,0,29,,8108,,,0,71,,8103,,,0,30,,8110,,,0,72,,8109,,,0,30,,8105,,,0,67,,8104,,,0,29,,8119,,,0,69,,8120,,,0,27,,8116,,,0,68,,8111,,,0
2200,'4743',715,,8142,,,0,40,,8127,,,0,80,,8131,,,0,80,,8144,,,0,32,,8128,,,0,70,,8122,,,0,32,,8129,,,0,72,,8143,,,0,32,,8126,,,0,71,,8125,,,0,31,,8130,,,0,70,,8123,,,0,31,,8148,,,0,70,,8124,,,0,30,,8137,,,0,70,,8132,,,0,30,,8136,,,0,69,,8147,,,0,29,,8138,,,0,71,,8133,,,0,30,,8140,,,0,72,,8139,,,0,30,,8135,,,0,67,,8134,,,0,29,,8149,,,0,69,,8150,,,0,27,,8146,,,0,68,,8141,,,0
2200,'4744',627,,8176,,,0,31,,8160,,,0,70,,8171,,,0,73,,8163,,,0,35,,8175,,,0,22,,8155,,,0,67,,8159,,,0,102,,8161,,,0,26,,8177,,,0,70,,8154,,,0,103,,8170,0,21 22,0,30,,8162,0,21 22,0,70,,8178,0,21 22,0,30,,8156,0,21 22,0,102,,8173,0,21 22,0,64,,8152,,,0,7,,8167,0,21 22,0,77,,8180,0,21 22,0,102,,8168,0,21 22,0,95,,8164,0,21 22,0,27,,8179,,,0,24,,8157,,,0,97,,8172,,,0,70,,8169,,,0,29,,8158,,,0,68,,8166,,,0
2200,'4745',803,,8184,,,0,102,,8185,,,0,41,,8186,,,0,71,,8181,,,0,32,,8182,,,0,70,,8183,,,0,31,,8188,,,0,69,,8189,,,0,32,,8187,,,0,70,,8190,,,0,30,,8191,,,0,70,,8199,,,0,31,,8198,,,0,70,,8192,,,0,30,,8193,,,0,70,,8194,,,0,30,,8195,,,0,72,,8196,,,0,30,,8197,,,0,69,,8200,,,0,29,,8201,,,0,67,,8202,,,0,30,,8203,,,0,154,,8204,,,0
2200,'4870',627,,8228,,,0,31,,8212,,,0,70,,8223,,,0,73,,8215,,,0,35,,8227,,,0,22,,8207,,,0,67,,8211,,,0,102,,8213,,,0,26,,8229,,,0,70,,8206,,,0,103,,8222,0,21 22,0,30,,8214,0,21 22,0,70,,8230,0,21 22,0,30,,8208,0,21 22,0,102,,8225,0,21 22,0,71,,8219,0,21 22,0,77,,8232,0,21 22,0,102,,8220,0,21 22,0,95,,8216,0,21 22,0,27,,8231,,,0,24,,8209,,,0,97,,8224,,,0,70,,8221,,,0,29,,8210,,,0,68,,8218,,,0
2200,'4872',1522,,8233,,,0
2200,'4873',1419,,8234,,,0
2200,'4875',627,,8259,,,0,31,,8243,,,0,70,,8254,,,0,73,,8246,,,0,35,,8258,,,0,22,,8238,,,0,67,,8242,,,0,102,,8244,,,0,26,,8260,,,0,70,,8237,,,0,103,,8253,0,21 22,0,30,,8245,0,21 22,0,70,,8261,0,21 22,0,30,,8239,0,21 22,0,63,,8235,,,0,39,,8256,0,21 22,0,71,,8250,0,21 22,0,77,,8263,0,21 22,0,102,,8251,0,21 22,0,95,,8247,0,21 22,0,27,,8262,,,0,24,,8240,,,0,97,,8255,,,0,70,,8252,,,0,29,,8241,,,0,68,,8249,,,0
2200,'4876',715,,8284,,,0,40,,8269,,,0,80,,8273,,,0,80,,8286,,,0,32,,8270,,,0,70,,8264,,,0,32,,8271,,,0,72,,8285,,,0,32,,8268,,,0,71,,8267,,,0,31,,8272,,,0,70,,8265,,,0,31,,8290,,,0,70,,8266,,,0,30,,8279,,,0,70,,8274,,,0,30,,8278,,,0,69,,8289,,,0,29,,8280,,,0,71,,8275,,,0,30,,8282,,,0,72,,8281,,,0,30,,8277,,,0,67,,8276,,,0,29,,8291,,,0,69,,8292,,,0,27,,8288,,,0,68,,8283,,,0
2200,'4877',803,,8297,,,0,102,,8298,,,0,41,,8299,,,0,71,,8294,,,0,32,,8295,,,0,70,,8296,,,0,31,,8301,,,0,69,,8302,,,0,32,,8300,,,0,70,,8303,,,0,30,,8304,,,0,70,,8312,,,0,31,,8311,,,0,70,,8305,,,0,30,,8306,,,0,70,,8307,,,0,30,,8308,,,0,72,,8309,,,0,30,,8310,,,0,69,,8313,,,0,29,,8314,,,0,67,,8315,,,0,30,,8316,,,0,154,,8317,,,0
