300,'4487',645,,515,,,0,68,,518,,,0,30,,513,,,0,67,,523,,,0,32,,517,,,0,66,,512,,,0,33,,524,,,0,67,,514,,,0,26,,511,,,0,72,,516,,,0,27,,521,,,0,71,,519,,,0,29,,522,,,0,71,,527,,,0,29,,520,,,0,76,,526,,,0,29,,525,,,0,81,,528,,,0,29,,532,,,0,72,,530,,,0,34,,529,,,0,72,,531,,,0,29,,533,,,0,68,,536,,,0,33,,537,,,0,69,,534,,,0,33,,535,,,0,68,,538,,,0,87,,539,0,5,0
300,'4743',645,,544,,,0,68,,547,,,0,30,,542,,,0,67,,552,,,0,32,,546,,,0,66,,541,,,0,33,,553,,,0,67,,543,,,0,26,,540,,,0,72,,545,,,0,27,,550,,,0,71,,548,,,0,29,,551,,,0,71,,556,,,0,29,,549,,,0,76,,555,,,0,29,,554,,,0,81,,557,,,0,29,,561,,,0,72,,559,,,0,34,,558,,,0,72,,560,,,0,29,,562,,,0,68,,565,,,0,33,,566,,,0,69,,563,,,0,33,,564,,,0,68,,567,,,0,87,,568,0,5,0
300,'4744',606,,597,,,0,31,,596,,,0,76,,595,,,0,37,,594,,,0,80,,593,,,0,73,,592,,,0,29,,585,,,0,70,,586,,,0,28,,584,,,0,29,,583,,,0,70,,589,,,0,75,,581,,,0,30,,582,,,0,70,,588,,,0,30,,580,,,0,73,,579,,,0,34,,587,,,0,75,,578,,,0,34,,577,,,0,74,,590,,,0,78,,576,,,0,31,,575,,,0,72,,591,,,0,28,,574,,,0,72,,573,,,0,23,,571,,,0,28,,570,,,0,69,,569,,,0,88,,572,0,5,0
300,'4745',700,,622,,,0,41,,619,,,0,82,,621,,,0,82,,617,,,0,36,,620,,,0,78,,609,,,0,22,,616,,,0,67,,615,,,0,33,,608,,,0,66,,618,,,0,32,,613,,,0,67,,599,,,0,33,,598,,,0,74,,610,,,0,31,,600,,,0,72,,611,,,0,34,,605,,,0,67,,602,,,0,34,,601,,,0,67,,604,,,0,34,,606,,,0,68,,603,,,0,32,,607,,,0,74,,612,,,0,85,,614,0,5,0
300,'4870',606,,651,,,0,31,,650,,,0,76,,649,,,0,37,,648,,,0,80,,647,,,0,73,,646,,,0,29,,639,,,0,70,,640,,,0,28,,638,,,0,29,,637,,,0,70,,643,,,0,75,,635,,,0,30,,636,,,0,70,,642,,,0,30,,634,,,0,73,,633,,,0,34,,641,,,0,75,,632,,,0,34,,631,,,0,74,,644,,,0,78,,630,,,0,31,,629,,,0,72,,645,,,0,28,,628,,,0,72,,627,,,0,23,,625,,,0,28,,624,,,0,69,,623,,,0,88,,626,0,5,0
300,'4875',606,,680,,,0,31,,679,,,0,76,,678,,,0,37,,677,,,0,80,,676,,,0,73,,675,,,0,29,,668,,,0,70,,669,,,0,28,,667,,,0,29,,666,,,0,70,,672,,,0,75,,664,,,0,30,,665,,,0,70,,671,,,0,30,,663,,,0,73,,662,,,0,34,,670,,,0,75,,661,,,0,34,,660,,,0,74,,673,,,0,78,,659,,,0,31,,658,,,0,72,,674,,,0,28,,657,,,0,72,,656,,,0,23,,654,,,0,28,,653,,,0,69,,652,,,0,88,,655,0,5,0
300,'4876',645,,685,,,0,68,,688,,,0,30,,683,,,0,67,,693,,,0,32,,687,,,0,66,,682,,,0,33,,694,,,0,67,,684,,,0,26,,681,,,0,72,,686,,,0,27,,691,,,0,71,,689,,,0,29,,692,,,0,71,,697,,,0,29,,690,,,0,76,,696,,,0,29,,695,,,0,81,,698,,,0,29,,702,,,0,72,,700,,,0,34,,699,,,0,72,,701,,,0,29,,703,,,0,68,,706,,,0,33,,707,,,0,69,,704,,,0,33,,705,,,0,68,,708,,,0,87,,709,0,5,0
300,'4877',700,,734,,,0,41,,731,,,0,82,,733,,,0,82,,729,,,0,36,,732,,,0,78,,721,,,0,22,,728,,,0,67,,727,,,0,33,,720,,,0,66,,730,,,0,32,,725,,,0,67,,711,,,0,33,,710,,,0,74,,722,,,0,31,,712,,,0,72,,723,,,0,34,,717,,,0,67,,714,,,0,34,,713,,,0,67,,716,,,0,34,,718,,,0,68,,715,,,0,32,,719,,,0,74,,724,,,0,85,,726,0,5,0
700,'4487',652,,3204,,,0,85,,3211,,,0,80,,3194,,,0,29,,3205,,,0,79,,3186,,,0,29,,3206,,,0,70,,3189,,,0,31,,3197,,,0,70,,3183,,,0,31,,3184,,,0,70,,3207,,,0,30,,3190,,,0,70,,3198,,,0,28,,3185,,,0,72,,3187,,,0,30,,3208,,,0,70,,3191,,,0,31,,3199,,,0,70,,3188,,,0,30,,3193,,,0,71,,3209,,,0,30,,3192,,,0,68,,3201,,,0,29,,3196,,,0,68,,3195,,,0,31,,3210,,,0,70,,3200,,,0,28,,3202,,,0,70,,3203,,,0
700,'4743',652,,3233,,,0,85,,3240,,,0,80,,3223,,,0,29,,3234,,,0,79,,3215,,,0,29,,3235,,,0,70,,3218,,,0,31,,3226,,,0,70,,3212,,,0,31,,3213,,,0,70,,3236,,,0,30,,3219,,,0,70,,3227,,,0,28,,3214,,,0,72,,3216,,,0,30,,3237,,,0,70,,3220,,,0,31,,3228,,,0,70,,3217,,,0,30,,3222,,,0,71,,3238,,,0,30,,3221,,,0,68,,3230,,,0,29,,3225,,,0,68,,3224,,,0,31,,3239,,,0,70,,3229,,,0,28,,3231,,,0,70,,3232,,,0
700,'4744',605,,3241,,,0,27,,3253,,,0,17,,3242,,,0,54,,3252,,,0,14,,3250,,,0,14,,3261,,,0,17,,3251,,,0,55,,3262,,,0,20,,3247,,,0,18,,3275,,,0,18,,3248,,,0,61,,3249,,,0,21,,3243,,,0,60,,3265,,,0,20,,3244,,,0,20,,3254,,,0,60,,3266,,,0,20,,3246,,,0,20,,3245,,,0,60,,3255,,,0,20,,3257,,,0,20,,3258,,,0,60,,3264,,,0,17,,3285,,,0,19,,3267,,,0,16,,3256,,,0,55,,3259,,,0,17,,3287,,,0,18,,3263,,,0,57,,3260,,,0,14,,3288,,,0,6,,3273,,,0,18,,3276,,,0,19,,3284,,,0,58,,3274,,,0,18,,3270,,,0,19,,3268,,,0,59,,3286,,,0,18,,3271,,,0,16,,3277,,,0,58,,3272,,,0,16,,3269,,,0,31,,3281,,,0,70,,3278,,,0,33,,3279,,,0,69,,3280,,,0,30,,3282,,,0,71,,3283,,,0
700,'4745',718,,3305,,,0,35,,3307,,,0,84,,3293,,,0,77,,3306,,,0,41,,3308,,,0,70,,3289,,,0,30,,3294,,,0,70,,3296,,,0,29,,3291,,,0,71,,3295,,,0,30,,3292,,,0,70,,3290,,,0,30,,3297,,,0,70,,3298,,,0,30,,3299,,,0,70,,3300,,,0,30,,3302,,,0,70,,3301,,,0,30,,3304,,,0,70,,3303,,,0,30,,3309,,,0,69,,3312,,,0,30,,3311,,,0,70,,3310,,,0,30,,3314,,,0,71,,3313,,,0
700,'4870',605,,3315,,,0,27,,3327,,,0,17,,3316,,,0,54,,3326,,,0,14,,3324,,,0,14,,3335,,,0,17,,3325,,,0,55,,3336,,,0,20,,3321,,,0,18,,3347,,,0,18,,3322,,,0,61,,3323,,,0,21,,3317,,,0,60,,3339,,,0,20,,3318,,,0,20,,3328,,,0,60,,3340,,,0,20,,3320,,,0,20,,3319,,,0,60,,3329,,,0,20,,3331,,,0,20,,3332,,,0,60,,3338,,,0,17,,3357,,,0,19,,3341,,,0,16,,3330,,,0,55,,3333,,,0,17,,3359,,,0,18,,3337,,,0,57,,3334,,,0,14,,3360,,,0,24,,3348,,,0,19,,3356,,,0,58,,3346,,,0,18,,3344,,,0,19,,3342,,,0,59,,3358,,,0,18,,3345,,,0,16,,3349,,,0,74,,3343,,,0,31,,3353,,,0,70,,3350,,,0,33,,3351,,,0,69,,3352,,,0,30,,3354,,,0,71,,3355,,,0
700,'4872',1520,,3362,,,0,283,,3361,,,0
700,'4873',1520,,3364,,,0,283,,3363,,,0
700,'4875',605,,3365,,,0,27,,3377,,,0,17,,3366,,,0,54,,3376,,,0,14,,3374,,,0,14,,3385,,,0,17,,3375,,,0,55,,3386,,,0,20,,3371,,,0,18,,3399,,,0,18,,3372,,,0,61,,3373,,,0,21,,3367,,,0,60,,3389,,,0,20,,3368,,,0,20,,3378,,,0,60,,3390,,,0,20,,3370,,,0,20,,3369,,,0,60,,3379,,,0,20,,3381,,,0,20,,3382,,,0,60,,3388,,,0,17,,3409,,,0,19,,3391,,,0,16,,3380,,,0,55,,3383,,,0,17,,3411,,,0,18,,3387,,,0,57,,3384,,,0,14,,3412,,,0,6,,3397,,,0,18,,3400,,,0,19,,3408,,,0,58,,3398,,,0,18,,3394,,,0,19,,3392,,,0,59,,3410,,,0,18,,3395,,,0,16,,3401,,,0,58,,3396,,,0,16,,3393,,,0,31,,3405,,,0,70,,3402,,,0,33,,3403,,,0,69,,3404,,,0,30,,3406,,,0,71,,3407,,,0
700,'4876',652,,3434,,,0,85,,3441,,,0,80,,3424,,,0,29,,3435,,,0,79,,3416,,,0,29,,3436,,,0,70,,3419,,,0,31,,3427,,,0,70,,3413,,,0,31,,3414,,,0,70,,3437,,,0,30,,3420,,,0,70,,3428,,,0,28,,3415,,,0,72,,3417,,,0,30,,3438,,,0,70,,3421,,,0,31,,3429,,,0,70,,3418,,,0,30,,3423,,,0,71,,3439,,,0,30,,3422,,,0,68,,3431,,,0,29,,3426,,,0,68,,3425,,,0,31,,3440,,,0,70,,3430,,,0,28,,3432,,,0,70,,3433,,,0
700,'4877',718,,3458,,,0,35,,3460,,,0,84,,3446,,,0,77,,3459,,,0,41,,3461,,,0,70,,3442,,,0,30,,3447,,,0,70,,3449,,,0,29,,3444,,,0,71,,3448,,,0,30,,3445,,,0,70,,3443,,,0,30,,3450,,,0,70,,3451,,,0,30,,3452,,,0,70,,3453,,,0,30,,3455,,,0,70,,3454,,,0,30,,3457,,,0,70,,3456,,,0,30,,3462,,,0,69,,3465,,,0,30,,3464,,,0,70,,3463,,,0,30,,3467,,,0,71,,3466,,,0
14000700,'4487',2150,,20172,,,0,74,,20173,,,0,30,,20174,,,0,69,,20175,,,0,30,,20176,,,0,72,,20177,,,0
14000700,'4743',2150,,20178,,,0,74,,20179,,,0,30,,20180,,,0,69,,20181,,,0,30,,20182,,,0,72,,20183,,,0
14000700,'4744',2151,,20184,,,0,70,,20185,,,0,32,,20186,,,0,69,,20187,,,0,31,,20188,,,0,70,,20189,,,0
14000700,'4745',2053,,20190,,,0,71,,20191,,,0,30,,20192,,,0,100,,20193,,,0,99,,20194,,,0
14000700,'4870',2151,,20195,,,0,70,,20196,,,0,32,,20197,,,0,69,,20198,,,0,31,,20199,,,0,70,,20200,,,0
14000700,'4875',2151,,20201,,,0,70,,20202,,,0,32,,20203,,,0,69,,20204,,,0,31,,20205,,,0,70,,20206,,,0
14000700,'4876',2150,,20207,,,0,74,,20208,,,0,30,,20209,,,0,69,,20210,,,0,30,,20211,,,0,72,,20212,,,0
14000700,'4877',2053,,20213,,,0,71,,20214,,,0,30,,20215,,,0,100,,20216,,,0,99,,20217,,,0
