4700,'4744',629,,13639,,,0,19,,13638,,,0,63,,13637,,,0
4700,'4947',629,,13642,,,0,19,,13641,,,0,63,,13640,,,0
4700,'4952',629,,13645,,,0,19,,13644,,,0,63,,13643,,,0
4901,'4487',637,,13745,,,0,204,,13746,,,0,211,,13747,,,0,202,,13742,,,0,250,,13743,,,0,209,,13744,,,0,194,,13741,,,0
4901,'4744',638,,13759,,,0,109,,13757,,,0,99,,13760,,,0,172,,13756,,,0,200,,13758,,,0,126,,13761,,,0,185,,13763,,,0,104,,13762,,,0,93,,13755,,,0,106,,13764,,,0,194,,13765,,,0
4901,'4745',841,,13767,,,0,210,,13766,,,0,202,,13768,,,0,249,,13769,,,0,210,,13770,,,0,194,,13771,,,0
4901,'4947',638,,13776,,,0,109,,13774,,,0,99,,13777,,,0,172,,13773,,,0,200,,13775,,,0,126,,13778,,,0,185,,13780,,,0,104,,13779,,,0,93,,13772,,,0,106,,13781,,,0,194,,13782,,,0
4901,'4952',638,,13787,,,0,109,,13785,,,0,99,,13788,,,0,172,,13784,,,0,200,,13786,,,0,126,,13789,,,0,185,,13791,,,0,104,,13790,,,0,93,,13783,,,0,106,,13792,,,0,194,,13793,,,0
4901,'4953',637,,13798,,,0,204,,13799,,,0,211,,13800,,,0,202,,13795,,,0,250,,13796,,,0,209,,13797,,,0,194,,13794,,,0
4901,'4954',841,,13802,,,0,210,,13801,,,0,202,,13803,,,0,249,,13804,,,0,210,,13805,,,0,194,,13806,,,0
