3000,'4623',556,,71382,14,,,0,92,,71383,14,,,0,72,,71384,14,,,0,33,,71385,14,,,0,71,,71386,14,,,0,32,,71387,14,,,0,69,,71388,14,,,0,30,,71389,14,,,0,71,,71390,14,,,0,30,,71391,14,,,0,71,,71392,14,,,0,30,,71393,14,,,0,70,,71394,14,,,0,30,,71395,14,,,0,71,,71396,14,,,0,30,,71397,14,,,0,67,,71398,14,,,0,32,,71399,14,,,0,72,,71400,14,,,0,73,,71401,14,,,0,35,,71402,14,,,0,71,,71403,14,,,0,32,,71404,14,,,0,70,,71405,14,,,0,26,,71406,14,,,0,67,,71407,14,,,0,28,,71408,14,,,0,73,,71409,14,,,0,33,,71410,14,,,0,85,,71411,14,,,0,100,,71412,14,,,0,99,,71413,14,,,0,108,,71414,14,,,0
3000,'4833',645,,71415,14,,,0,100,,71416,14,,,0,78,,71417,14,,,0,78,,71418,14,,,0,33,,71419,14,,,0,72,,71420,14,,,0,33,,71421,14,,,0,71,,71422,14,,,0,30,,71423,14,,,0,70,,71424,14,,,0,30,,71425,14,,,0,69,,71426,14,,,0,32,,71427,14,,,0,70,,71428,14,,,0,30,,71429,14,,,0,70,,71430,14,,,0,31,,71431,14,,,0,69,,71432,14,,,0,30,,71433,14,,,0,69,,71434,14,,,0,30,,71435,14,,,0,69,,71436,14,,,0,30,,71437,14,,,0,79,,71438,14,,,0,40,,71439,14,,,0,78,,71440,14,,,0,85,,71441,14,,,0,100,,71442,14,,,0,100,,71443,14,,,0,107,,71444,14,,,0
3000,'5015',645,,71445,14,,,0,100,,71446,14,,,0,78,,71447,14,,,0,78,,71448,14,,,0,33,,71449,14,,,0,72,,71450,14,,,0,33,,71451,14,,,0,71,,71452,14,,,0,30,,71453,14,,,0,70,,71454,14,,,0,30,,71455,14,,,0,69,,71456,14,,,0,32,,71457,14,,,0,70,,71458,14,,,0,30,,71459,14,,,0,70,,71460,14,,,0,31,,71461,14,,,0,69,,71462,14,,,0,30,,71463,14,,,0,69,,71464,14,,,0,30,,71465,14,,,0,69,,71466,14,,,0,30,,71467,14,,,0,79,,71468,14,,,0,40,,71469,14,,,0,78,,71470,14,,,0,85,,71471,14,,,0,100,,71472,14,,,0,100,,71473,14,,,0,107,,71474,14,,,0
3000,'5222',556,,71475,14,,,0,92,,71476,14,,,0,72,,71477,14,,,0,33,,71478,14,,,0,71,,71479,14,,,0,32,,71480,14,,,0,69,,71481,14,,,0,30,,71482,14,,,0,71,,71483,14,,,0,30,,71484,14,,,0,71,,71485,14,,,0,30,,71486,14,,,0,70,,71487,14,,,0,30,,71488,14,,,0,71,,71489,14,,,0,30,,71490,14,,,0,67,,71491,14,,,0,32,,71492,14,,,0,72,,71493,14,,,0,73,,71494,14,,,0,35,,71495,14,,,0,71,,71496,14,,,0,32,,71497,14,,,0,70,,71498,14,,,0,26,,71499,14,,,0,67,,71500,14,,,0,28,,71501,14,,,0,73,,71502,14,,,0,33,,71503,14,,,0,85,,71504,14,,,0,100,,71505,14,,,0,99,,71506,14,,,0,108,,71507,14,,,0
3000,'5365',756,,71508,14,,,0,101,,71509,14,,,0,84,,71510,14,,,0,80,,71511,14,,,0,81,,71512,14,,,0,36,,71513,14,,,0,70,,71514,14,,,0,30,,71515,14,,,0,70,,71516,14,,,0,31,,71517,14,,,0,70,,71518,14,,,0,30,,71519,14,,,0,70,,71520,14,,,0,30,,71521,14,,,0,71,,71522,14,,,0,30,,71523,14,,,0,69,,71524,14,,,0,29,,71525,14,,,0,69,,71526,14,,,0,30,,71527,14,,,0,80,,71528,14,,,0,40,,71529,14,,,0,79,,71530,14,,,0,87,,71531,14,,,0,98,,71532,14,,,0,98,,71533,14,,,0
3000,'5390',756,,71534,14,,,0,101,,71535,14,,,0,84,,71536,14,,,0,80,,71537,14,,,0,81,,71538,14,,,0,36,,71539,14,,,0,70,,71540,14,,,0,30,,71541,14,,,0,70,,71542,14,,,0,31,,71543,14,,,0,70,,71544,14,,,0,30,,71545,14,,,0,70,,71546,14,,,0,30,,71547,14,,,0,71,,71548,14,,,0,30,,71549,14,,,0,69,,71550,14,,,0,29,,71551,14,,,0,69,,71552,14,,,0,30,,71553,14,,,0,80,,71554,14,,,0,40,,71555,14,,,0,79,,71556,14,,,0,87,,71557,14,,,0,98,,71558,14,,,0,98,,71559,14,,,0
3100,'4623',627,,71738,14,,,0,77,,71739,14,,,0,33,,71740,14,,,0,71,,71741,14,,,0,32,,71742,14,,,0,71,,71743,14,,,0,29,,71744,14,,,0,71,,71745,14,,,0,30,,71746,14,,,0,70,,71747,14,,,0,31,,71748,14,,,0,70,,71749,14,,,0,30,,71750,14,,,0,71,,71751,14,,,0,30,,71752,14,,,0,68,,71753,14,,,0,30,,71754,14,,,0,72,,71755,14,,,0,33,,71756,14,,,0,74,,71757,14,,,0,34,,71758,14,,,0,70,,71759,14,,,0,31,,71760,14,,,0,69,,71761,14,,,0,25,,71762,14,,,0,68,,71763,14,,,0,28,,71764,14,,,0,77,,71765,14,,,0,78,,71766,14,,,0,53,,71767,14,,,0,98,,71768,14,,,0,153,,71769,14,,,0,54,,71770,14,,,0
3100,'4833',715,,71771,14,,,0,88,,71772,14,,,0,41,,71773,14,,,0,75,,71774,14,,,0,31,,71775,14,,,0,72,,71776,14,,,0,33,,71777,14,,,0,70,,71778,14,,,0,30,,71779,14,,,0,70,,71780,14,,,0,30,,71781,14,,,0,71,,71782,14,,,0,30,,71783,14,,,0,70,,71784,14,,,0,30,,71785,14,,,0,71,,71786,14,,,0,29,,71787,14,,,0,70,,71788,14,,,0,29,,71789,14,,,0,70,,71790,14,,,0,29,,71791,14,,,0,70,,71792,14,,,0,34,,71793,14,,,0,80,,71794,14,,,0,79,,71795,14,,,0,39,,71796,14,,,0,95,,71797,14,,,0,100,,71798,14,,,0,156,,71799,14,,,0,51,,71800,14,,,0
3100,'5015',715,,71801,14,,,0,88,,71802,14,,,0,41,,71803,14,,,0,75,,71804,14,,,0,31,,71805,14,,,0,72,,71806,14,,,0,33,,71807,14,,,0,70,,71808,14,,,0,30,,71809,14,,,0,70,,71810,14,,,0,30,,71811,14,,,0,71,,71812,14,,,0,30,,71813,14,,,0,70,,71814,14,,,0,30,,71815,14,,,0,71,,71816,14,,,0,29,,71817,14,,,0,70,,71818,14,,,0,29,,71819,14,,,0,70,,71820,14,,,0,29,,71821,14,,,0,70,,71822,14,,,0,34,,71823,14,,,0,80,,71824,14,,,0,79,,71825,14,,,0,39,,71826,14,,,0,95,,71827,14,,,0,100,,71828,14,,,0,156,,71829,14,,,0,51,,71830,14,,,0
3100,'5222',627,,71831,14,,,0,77,,71832,14,,,0,33,,71833,14,,,0,71,,71834,14,,,0,32,,71835,14,,,0,71,,71836,14,,,0,29,,71837,14,,,0,71,,71838,14,,,0,30,,71839,14,,,0,70,,71840,14,,,0,31,,71841,14,,,0,70,,71842,14,,,0,30,,71843,14,,,0,71,,71844,14,,,0,30,,71845,14,,,0,68,,71846,14,,,0,30,,71847,14,,,0,72,,71848,14,,,0,33,,71849,14,,,0,74,,71850,14,,,0,34,,71851,14,,,0,70,,71852,14,,,0,31,,71853,14,,,0,69,,71854,14,,,0,25,,71855,14,,,0,68,,71856,14,,,0,28,,71857,14,,,0,77,,71858,14,,,0,78,,71859,14,,,0,53,,71860,14,,,0,98,,71861,14,,,0,153,,71862,14,,,0,54,,71863,14,,,0
3100,'5365',715,,71864,14,,,0,112,,71865,14,,,0,94,,71866,14,,,0,80,,71867,14,,,0,41,,71868,14,,,0,81,,71869,14,,,0,30,,71870,14,,,0,70,,71871,14,,,0,30,,71872,14,,,0,71,,71873,14,,,0,30,,71874,14,,,0,70,,71875,14,,,0,30,,71876,14,,,0,70,,71877,14,,,0,31,,71878,14,,,0,70,,71879,14,,,0,29,,71880,14,,,0,69,,71881,14,,,0,30,,71882,14,,,0,69,,71883,14,,,0,35,,71884,14,,,0,80,,71885,14,,,0,79,,71886,14,,,0,40,,71887,14,,,0,95,,71888,14,,,0,100,,71889,14,,,0,152,,71890,14,,,0
3100,'5390',715,,71891,14,,,0,112,,71892,14,,,0,94,,71893,14,,,0,80,,71894,14,,,0,41,,71895,14,,,0,81,,71896,14,,,0,30,,71897,14,,,0,70,,71898,14,,,0,30,,71899,14,,,0,71,,71900,14,,,0,30,,71901,14,,,0,70,,71902,14,,,0,30,,71903,14,,,0,70,,71904,14,,,0,31,,71905,14,,,0,70,,71906,14,,,0,29,,71907,14,,,0,69,,71908,14,,,0,30,,71909,14,,,0,69,,71910,14,,,0,35,,71911,14,,,0,80,,71912,14,,,0,79,,71913,14,,,0,40,,71914,14,,,0,95,,71915,14,,,0,100,,71916,14,,,0,152,,71917,14,,,0
3200,'4623',1705,,72100,13,,,0
3200,'5222',1705,,72147,13,,,0
4701,'4623',1631,,72842,13,,,0,69,,72840,13,,,0,31,,72841,13,,,0
4701,'5222',1631,,72845,13,,,0,69,,72843,13,,,0,31,,72844,13,,,0
4801,'4623',1631,,72852,13,,,0,28,,72854,13,,,0,72,,72853,13,,,0
4801,'5222',1631,,72855,13,,,0,28,,72857,13,,,0,72,,72856,13,,,0
5301,'4623',1635,,73395,13,,,0
5301,'5222',1635,,73419,13,,,0
6101,'4623',1523,,74595,13,,,0,31,,74581,13,,,0,73,,74564,13,,,0,24,,74566,13,,,0,57,,74563,13,,,0,23,,74569,13,,,0,80,,74568,13,,,0
6101,'5222',1523,,74687,13,,,0,31,,74674,13,,,0,73,,74657,13,,,0,24,,74659,13,,,0,57,,74656,13,,,0,23,,74662,13,,,0,80,,74661,13,,,0
6501,'4623',1613,,74774,13,,,0,28,,74777,13,,,0,75,,74776,13,,,0,29,,74775,13,,,0
6501,'5222',1613,,74778,13,,,0,28,,74781,13,,,0,75,,74780,13,,,0,29,,74779,13,,,0
7000,'4623',507,,74797,13,,,0,51,,74787,13,,,0,92,,74784,13,,,0,103,,74788,13,,,0,101,,74782,13,,,0,83,,74798,13,,,0,17,,74785,13,,,0,99,,74796,13,,,0,82,,74799,13,,,0,16,,74794,13,,,0,100,,74783,13,,,0,81,,74800,13,,,0,18,,74790,13,,,0,100,,74792,13,,,0,79,,74801,13,,,0,18,,74786,13,,,0,103,,74789,13,,,0,88,,74802,13,,,0,19,,74791,13,,,0,97,,74803,13,,,0,102,,74793,13,,,0,250,,74795,13,,,0
7000,'4833',505,,74825,13,,,0,95,,74824,13,,,0,100,,74826,13,,,0,43,,74805,13,,,0,14,,74806,13,,,0,98,,74807,13,,,0,87,,74808,13,,,0,13,,74804,13,,,0,98,,74809,13,,,0,84,,74810,13,,,0,16,,74811,13,,,0,83,,74827,13,,,0,16,,74812,13,,,0,85,,74813,13,,,0,15,,74814,13,,,0,101,,74815,13,,,0,84,,74816,13,,,0,15,,74817,13,,,0,83,,74828,13,,,0,18,,74818,13,,,0,84,,74819,13,,,0,17,,74820,13,,,0,84,,74829,13,,,0,19,,74823,13,,,0,85,,74830,13,,,0,15,,74821,13,,,0,253,,74822,13,,,0
7000,'5015',505,,74852,13,,,0,95,,74851,13,,,0,100,,74853,13,,,0,43,,74832,13,,,0,14,,74833,13,,,0,98,,74834,13,,,0,87,,74835,13,,,0,13,,74831,13,,,0,98,,74836,13,,,0,84,,74837,13,,,0,16,,74838,13,,,0,99,,74839,13,,,0,85,,74840,13,,,0,15,,74841,13,,,0,101,,74842,13,,,0,84,,74843,13,,,0,15,,74844,13,,,0,101,,74845,13,,,0,84,,74846,13,,,0,17,,74847,13,,,0,103,,74850,13,,,0,100,,74848,13,,,0,253,,74849,13,,,0
7000,'5222',507,,74869,13,,,0,51,,74859,13,,,0,92,,74856,13,,,0,103,,74860,13,,,0,101,,74854,13,,,0,83,,74870,13,,,0,17,,74857,13,,,0,99,,74868,13,,,0,82,,74871,13,,,0,16,,74866,13,,,0,100,,74855,13,,,0,81,,74872,13,,,0,18,,74862,13,,,0,100,,74864,13,,,0,79,,74873,13,,,0,18,,74858,13,,,0,103,,74861,13,,,0,88,,74874,13,,,0,19,,74863,13,,,0,97,,74875,13,,,0,102,,74865,13,,,0,250,,74867,13,,,0
7000,'5365',602,,74882,13,,,0,99,,74896,13,,,0,58,,74876,13,,,0,98,,74895,13,,,0,84,,74877,13,,,0,14,,74878,13,,,0,100,,74879,13,,,0,83,,74880,13,,,0,16,,74881,13,,,0,84,,74898,13,,,0,16,,74883,13,,,0,83,,74884,13,,,0,16,,74885,13,,,0,101,,74886,13,,,0,84,,74887,13,,,0,15,,74888,13,,,0,100,,74889,13,,,0,86,,74890,13,,,0,17,,74891,13,,,0,101,,74892,13,,,0,102,,74893,13,,,0,100,,74897,13,,,0,151,,74894,13,,,0
7000,'5390',602,,74905,13,,,0,99,,74919,13,,,0,44,,74922,13,,,0,14,,74899,13,,,0,84,,74923,13,,,0,14,,74918,13,,,0,84,,74900,13,,,0,14,,74901,13,,,0,85,,74924,13,,,0,15,,74902,13,,,0,83,,74903,13,,,0,16,,74904,13,,,0,84,,74921,13,,,0,16,,74906,13,,,0,84,,74907,13,,,0,15,,74908,13,,,0,86,,74925,13,,,0,15,,74909,13,,,0,84,,74910,13,,,0,15,,74911,13,,,0,82,,74926,13,,,0,18,,74912,13,,,0,86,,74913,13,,,0,17,,74914,13,,,0,84,,74927,13,,,0,17,,74915,13,,,0,85,,74928,13,,,0,17,,74916,13,,,0,100,,74920,13,,,0,151,,74917,13,,,0
7100,'4623',1523,,75027,13,,,0,105,,75028,13,,,0,106,,75029,13,,,0
7100,'5222',1523,,75030,13,,,0,105,,75031,13,,,0,106,,75032,13,,,0
7200,'4623',536,,75063,13,,,0,69,,75057,13,,,0,36,,75046,13,,,0,68,,75062,13,,,0,27,,75069,13,,,0,71,,75050,13,,,0,32,,75064,13,,,0,70,,75058,13,,,0,30,,75042,13,,,0,72,,75065,13,,,0,29,,75054,13,,,0,70,,75048,13,,,0,27,,75040,13,,,0,70,,75041,13,,,0,29,,75047,13,,,0,70,,75039,13,,,0,28,,75070,13,,,0,70,,75043,13,,,0,29,,75051,13,,,0,69,,75045,13,,,0,30,,75044,13,,,0,68,,75049,13,,,0,31,,75052,13,,,0,72,,75071,13,,,0,36,,75059,13,,,0,69,,75053,13,,,0,31,,75056,13,,,0,70,,75055,13,,,0,31,,75061,13,,,0,73,,75067,13,,,0,31,,75060,13,,,0,99,,75066,13,,,0,101,,75068,13,,,0,158,,75072,13,0,10 11 12,0
7200,'4833',548,,75073,13,,,0,97,,75074,13,,,0,73,,75075,13,,,0,27,,75076,13,,,0,69,,75077,13,,,0,30,,75078,13,,,0,70,,75079,13,,,0,30,,75080,13,,,0,70,,75081,13,,,0,27,,75082,13,,,0,69,,75083,13,,,0,30,,75084,13,,,0,69,,75085,13,,,0,30,,75086,13,,,0,69,,75087,13,,,0,30,,75088,13,,,0,70,,75089,13,,,0,30,,75090,13,,,0,70,,75091,13,,,0,30,,75092,13,,,0,70,,75093,13,,,0,30,,75094,13,,,0,70,,75095,13,,,0,31,,75096,13,,,0,70,,75097,13,,,0,31,,75098,13,,,0,71,,75099,13,,,0,32,,75100,13,,,0,70,,75101,13,,,0,30,,75102,13,,,0,99,,75103,13,,,0,102,,75104,13,,,0,160,,75105,13,0,10 11 12,0
7200,'5015',548,,75106,13,,,0,97,,75107,13,,,0,73,,75108,13,,,0,27,,75109,13,,,0,69,,75110,13,,,0,30,,75111,13,,,0,70,,75112,13,,,0,30,,75113,13,,,0,70,,75114,13,,,0,27,,75115,13,,,0,69,,75116,13,,,0,30,,75117,13,,,0,69,,75118,13,,,0,30,,75119,13,,,0,69,,75120,13,,,0,30,,75121,13,,,0,70,,75122,13,,,0,30,,75123,13,,,0,70,,75124,13,,,0,30,,75125,13,,,0,70,,75126,13,,,0,30,,75127,13,,,0,70,,75128,13,,,0,31,,75129,13,,,0,70,,75130,13,,,0,31,,75131,13,,,0,71,,75132,13,,,0,32,,75133,13,,,0,70,,75134,13,,,0,30,,75135,13,,,0,99,,75136,13,,,0,102,,75137,13,,,0,160,,75138,13,0,10 11 12,0
7200,'5222',536,,75163,13,,,0,69,,75157,13,,,0,36,,75146,13,,,0,68,,75162,13,,,0,27,,75169,13,,,0,71,,75150,13,,,0,32,,75164,13,,,0,70,,75158,13,,,0,30,,75142,13,,,0,72,,75165,13,,,0,29,,75154,13,,,0,70,,75148,13,,,0,27,,75140,13,,,0,70,,75141,13,,,0,29,,75147,13,,,0,70,,75139,13,,,0,28,,75170,13,,,0,70,,75143,13,,,0,29,,75151,13,,,0,69,,75145,13,,,0,30,,75144,13,,,0,68,,75149,13,,,0,31,,75152,13,,,0,72,,75171,13,,,0,36,,75159,13,,,0,69,,75153,13,,,0,31,,75156,13,,,0,70,,75155,13,,,0,31,,75161,13,,,0,73,,75167,13,,,0,31,,75160,13,,,0,99,,75166,13,,,0,101,,75168,13,,,0,158,,75172,13,0,10 11 12,0
7200,'5365',646,,75173,13,,,0,99,,75174,13,,,0,100,,75177,13,,,0,98,,75175,13,,,0,98,,75176,13,,,0,70,,75178,13,,,0,29,,75179,13,,,0,70,,75180,13,,,0,29,,75181,13,,,0,70,,75182,13,,,0,30,,75183,13,,,0,70,,75184,13,,,0,30,,75185,13,,,0,70,,75186,13,,,0,30,,75187,13,,,0,70,,75188,13,,,0,30,,75189,13,,,0,71,,75190,13,,,0,31,,75191,13,,,0,71,,75192,13,,,0,30,,75193,13,,,0,70,,75194,13,,,0,32,,75195,13,,,0,99,,75196,13,,,0,101,,75197,13,,,0,103,,75198,13,,,0,76,,75199,13,0,10 11 12,0
7200,'5390',646,,75200,13,,,0,99,,75201,13,,,0,100,,75204,13,,,0,98,,75202,13,,,0,98,,75203,13,,,0,70,,75205,13,,,0,29,,75206,13,,,0,70,,75207,13,,,0,29,,75208,13,,,0,70,,75209,13,,,0,30,,75210,13,,,0,70,,75211,13,,,0,30,,75212,13,,,0,70,,75213,13,,,0,30,,75214,13,,,0,70,,75215,13,,,0,30,,75216,13,,,0,71,,75217,13,,,0,31,,75218,13,,,0,71,,75219,13,,,0,30,,75220,13,,,0,70,,75221,13,,,0,32,,75222,13,,,0,99,,75223,13,,,0,101,,75224,13,,,0,103,,75225,13,,,0,76,,75226,13,0,10 11 12,0
9501,'4623',518,,76851,9,0,15,0,26,,76852,9,0,15,0,60,,76828,9,0,15,0,12,,76814,9,0,15,0,12,,76807,9,0,15,0,14,,76809,9,0,15,0,12,,76850,9,0,15,0,52,,76790,9,0,15,0,12,,76792,9,0,15,0,13,,76853,9,0,15,0,13,,76791,9,0,15,0,12,,76827,9,0,15,0,52,,76811,9,0,15,0,13,,76765,9,0,15,0,12,,76779,9,0,15,0,13,,76789,9,0,15,0,12,,76840,9,0,15,0,52,,76795,9,0,15,0,12,,76846,9,0,15,0,12,,76755,9,0,15,0,13,,76798,9,0,15,0,12,,76826,9,0,15,0,52,,76820,9,0,15,0,12,,76766,9,0,15,0,12,,76780,9,0,15,0,11,,76788,9,0,15,0,12,,76843,9,0,15,0,53,,76794,9,0,15,0,12,,76838,9,0,15,0,12,,76776,9,0,15,0,11,,76793,9,0,15,0,12,,76829,9,0,15,0,52,,76819,9,0,15,0,12,,76769,9,0,15,0,12,,76781,9,0,15,0,12,,76806,9,0,15,0,12,,76836,9,0,15,0,50,,76763,9,0,15,0,10,,76802,9,0,15,0,10,,76835,9,0,15,0,10,,76774,9,0,15,0,10,,76785,9,0,15,0,10,,76754,9,0,15,0,50,,76825,9,0,15,0,11,,76822,9,0,15,0,10,,76767,9,0,15,0,10,,76778,9,0,15,0,11,,76753,9,0,15,0,50,,76787,9,0,15,0,10,,76837,9,0,15,0,10,,76760,9,0,15,0,9,,76801,9,0,15,0,10,,76842,9,0,15,0,10,,76775,9,0,15,0,51,,76786,9,0,15,0,9,,76773,9,0,15,0,8,,76782,9,0,15,0,8,,76823,9,0,15,0,9,,76817,9,0,15,0,8,,76770,9,0,15,0,8,,76768,9,0,15,0,7,,76777,9,0,15,0,47,,76758,9,0,15,0,8,,76784,9,0,15,0,8,,76799,9,0,15,0,8,,76834,9,0,15,0,8,,76762,9,0,15,0,8,,76772,9,0,15,0,10,,76845,9,0,15,0,50,,76759,9,0,15,0,7,,76756,9,0,15,0,9,,76783,9,0,15,0,10,,76771,9,0,15,0,11,,76818,9,0,15,0,10,,76821,9,0,15,0,52,,76764,9,0,15,0,12,,76757,9,0,15,0,11,,76833,9,0,15,0,12,,76761,9,0,15,0,12,,76844,9,0,15,0,52,,76805,9,0,15,0,15,,76803,9,0,15,0,15,,76816,9,0,15,0,15,,76815,9,0,15,0,54,,76800,9,0,15,0,15,,76830,9,0,15,0,15,,76796,9,0,15,0,15,,76831,9,0,15,0,55,,76804,9,0,15,0,20,,76824,9,0,15,0,20,,76812,9,0,15,0,59,,76832,9,0,15,0,20,,76797,9,0,15,0,27,,76808,9,0,15,0,69,,76813,9,0,15,0,30,,76841,9,0,15,0,70,,76810,9,0,15,0,30,,76847,9,0,15,0,70,,76848,9,0,15,0,30,,76849,9,0,15,0
9501,'4833',616,,76855,9,0,15,0,36,,76856,9,0,15,0,60,,76857,9,0,15,0,19,,76858,9,0,15,0,20,,76859,9,0,15,0,55,,76860,9,0,15,0,15,,76854,9,0,15,0,15,,76861,9,0,15,0,16,,76862,9,0,15,0,55,,76863,9,0,15,0,15,,76864,9,0,15,0,15,,76865,9,0,15,0,16,,76866,9,0,15,0,55,,76867,9,0,15,0,15,,76868,9,0,15,0,15,,76869,9,0,15,0,16,,76870,9,0,15,0,55,,76871,9,0,15,0,15,,76872,9,0,15,0,16,,76873,9,0,15,0,15,,76874,9,0,15,0,55,,76875,9,0,15,0,14,,76876,9,0,15,0,13,,76877,9,0,15,0,12,,76878,9,0,15,0,52,,76879,9,0,15,0,12,,76880,9,0,15,0,12,,76881,9,0,15,0,12,,76882,9,0,15,0,12,,76883,9,0,15,0,52,,76884,9,0,15,0,12,,76885,9,0,15,0,13,,76886,9,0,15,0,13,,76887,9,0,15,0,12,,76888,9,0,15,0,52,,76889,9,0,15,0,12,,76890,9,0,15,0,13,,76891,9,0,15,0,12,,76892,9,0,15,0,12,,76893,9,0,15,0,51,,76894,9,0,15,0,12,,76895,9,0,15,0,12,,76896,9,0,15,0,11,,76897,9,0,15,0,12,,76898,9,0,15,0,52,,76899,9,0,15,0,12,,76900,9,0,15,0,12,,76901,9,0,15,0,12,,76902,9,0,15,0,12,,76903,9,0,15,0,52,,76904,9,0,15,0,12,,76905,9,0,15,0,12,,76906,9,0,15,0,12,,76907,9,0,15,0,12,,76908,9,0,15,0,52,,76909,9,0,15,0,15,,76910,9,0,15,0,15,,76911,9,0,15,0,15,,76912,9,0,15,0,54,,76913,9,0,15,0,15,,76914,9,0,15,0,15,,76915,9,0,15,0,15,,76916,9,0,15,0,55,,76917,9,0,15,0,15,,76918,9,0,15,0,15,,76919,9,0,15,0,15,,76920,9,0,15,0,55,,76921,9,0,15,0,20,,76922,9,0,15,0,20,,76923,9,0,15,0,60,,76924,9,0,15,0,20,,76925,9,0,15,0,26,,76926,9,0,15,0,69,,76927,9,0,15,0,30,,76928,9,0,15,0
9501,'5015',616,,76930,9,0,15,0,36,,76931,9,0,15,0,60,,76932,9,0,15,0,19,,76933,9,0,15,0,20,,76934,9,0,15,0,55,,76935,9,0,15,0,15,,76929,9,0,15,0,15,,76936,9,0,15,0,16,,76937,9,0,15,0,55,,76938,9,0,15,0,15,,76939,9,0,15,0,15,,76940,9,0,15,0,16,,76941,9,0,15,0,55,,76942,9,0,15,0,15,,76943,9,0,15,0,15,,76944,9,0,15,0,16,,76945,9,0,15,0,55,,76946,9,0,15,0,15,,76947,9,0,15,0,16,,76948,9,0,15,0,15,,76949,9,0,15,0,55,,76950,9,0,15,0,14,,76951,9,0,15,0,13,,76952,9,0,15,0,12,,76953,9,0,15,0,52,,76954,9,0,15,0,12,,76955,9,0,15,0,12,,76956,9,0,15,0,12,,76957,9,0,15,0,12,,76958,9,0,15,0,52,,76959,9,0,15,0,12,,76960,9,0,15,0,13,,76961,9,0,15,0,13,,76962,9,0,15,0,12,,76963,9,0,15,0,52,,76964,9,0,15,0,12,,76965,9,0,15,0,13,,76966,9,0,15,0,12,,76967,9,0,15,0,12,,76968,9,0,15,0,51,,76969,9,0,15,0,12,,76970,9,0,15,0,12,,76971,9,0,15,0,11,,76972,9,0,15,0,12,,76973,9,0,15,0,52,,76974,9,0,15,0,12,,76975,9,0,15,0,12,,76976,9,0,15,0,12,,76977,9,0,15,0,12,,76978,9,0,15,0,52,,76979,9,0,15,0,12,,76980,9,0,15,0,12,,76981,9,0,15,0,12,,76982,9,0,15,0,12,,76983,9,0,15,0,52,,76984,9,0,15,0,15,,76985,9,0,15,0,15,,76986,9,0,15,0,15,,76987,9,0,15,0,54,,76988,9,0,15,0,15,,76989,9,0,15,0,15,,76990,9,0,15,0,15,,76991,9,0,15,0,55,,76992,9,0,15,0,15,,76993,9,0,15,0,15,,76994,9,0,15,0,15,,76995,9,0,15,0,55,,76996,9,0,15,0,20,,76997,9,0,15,0,20,,76998,9,0,15,0,60,,76999,9,0,15,0,20,,77000,9,0,15,0,26,,77001,9,0,15,0,69,,77002,9,0,15,0,30,,77003,9,0,15,0,70,,77004,9,0,15,0,29,,77005,9,0,15,0,70,,77006,9,0,15,0,30,,77007,9,0,15,0
9501,'5222',518,,77102,9,0,15,0,26,,77103,9,0,15,0,60,,77082,9,0,15,0,12,,77068,9,0,15,0,12,,77062,9,0,15,0,14,,77064,9,0,15,0,12,,77101,9,0,15,0,52,,77045,9,0,15,0,12,,77047,9,0,15,0,13,,77104,9,0,15,0,13,,77046,9,0,15,0,12,,77081,9,0,15,0,52,,77065,9,0,15,0,13,,77020,9,0,15,0,12,,77034,9,0,15,0,13,,77044,9,0,15,0,12,,77094,9,0,15,0,52,,77050,9,0,15,0,12,,77100,9,0,15,0,12,,77010,9,0,15,0,13,,77053,9,0,15,0,12,,77080,9,0,15,0,52,,77074,9,0,15,0,12,,77021,9,0,15,0,12,,77035,9,0,15,0,11,,77043,9,0,15,0,12,,77097,9,0,15,0,53,,77049,9,0,15,0,12,,77092,9,0,15,0,12,,77031,9,0,15,0,11,,77048,9,0,15,0,12,,77083,9,0,15,0,52,,77073,9,0,15,0,12,,77024,9,0,15,0,12,,77036,9,0,15,0,12,,77061,9,0,15,0,12,,77090,9,0,15,0,50,,77018,9,0,15,0,10,,77057,9,0,15,0,10,,77089,9,0,15,0,10,,77029,9,0,15,0,10,,77040,9,0,15,0,10,,77009,9,0,15,0,50,,77079,9,0,15,0,11,,77076,9,0,15,0,10,,77022,9,0,15,0,10,,77033,9,0,15,0,11,,77008,9,0,15,0,50,,77042,9,0,15,0,10,,77091,9,0,15,0,10,,77015,9,0,15,0,9,,77056,9,0,15,0,10,,77096,9,0,15,0,10,,77030,9,0,15,0,51,,77041,9,0,15,0,9,,77028,9,0,15,0,8,,77037,9,0,15,0,8,,77077,9,0,15,0,9,,77071,9,0,15,0,8,,77025,9,0,15,0,8,,77023,9,0,15,0,7,,77032,9,0,15,0,47,,77013,9,0,15,0,8,,77039,9,0,15,0,8,,77054,9,0,15,0,8,,77088,9,0,15,0,8,,77017,9,0,15,0,8,,77027,9,0,15,0,10,,77099,9,0,15,0,50,,77014,9,0,15,0,7,,77011,9,0,15,0,9,,77038,9,0,15,0,10,,77026,9,0,15,0,11,,77072,9,0,15,0,10,,77075,9,0,15,0,52,,77019,9,0,15,0,12,,77012,9,0,15,0,11,,77087,9,0,15,0,12,,77016,9,0,15,0,12,,77098,9,0,15,0,52,,77060,9,0,15,0,15,,77058,9,0,15,0,15,,77070,9,0,15,0,15,,77069,9,0,15,0,54,,77055,9,0,15,0,15,,77084,9,0,15,0,15,,77051,9,0,15,0,15,,77085,9,0,15,0,55,,77059,9,0,15,0,20,,77078,9,0,15,0,20,,77066,9,0,15,0,59,,77086,9,0,15,0,20,,77052,9,0,15,0,27,,77063,9,0,15,0,69,,77067,9,0,15,0,30,,77095,9,0,15,0
9501,'5365',658,,77105,9,0,15,0,70,,77106,9,0,15,0,20,,77107,9,0,15,0,60,,77108,9,0,15,0,20,,77109,9,0,15,0,15,,77110,9,0,15,0,15,,77111,9,0,15,0,55,,77112,9,0,15,0,15,,77113,9,0,15,0,16,,77114,9,0,15,0,15,,77115,9,0,15,0,55,,77116,9,0,15,0,15,,77121,9,0,15,0,15,,77117,9,0,15,0,15,,77118,9,0,15,0,55,,77119,9,0,15,0,15,,77122,9,0,15,0,16,,77123,9,0,15,0,55,,77120,9,0,15,0,15,,77124,9,0,15,0,15,,77125,9,0,15,0,15,,77126,9,0,15,0,55,,77127,9,0,15,0,15,,77128,9,0,15,0,15,,77129,9,0,15,0,16,,77130,9,0,15,0,55,,77131,9,0,15,0,15,,77132,9,0,15,0,15,,77133,9,0,15,0,15,,77134,9,0,15,0,55,,77135,9,0,15,0,15,,77136,9,0,15,0,15,,77137,9,0,15,0,16,,77138,9,0,15,0,53,,77139,9,0,15,0,12,,77140,9,0,15,0,11,,77141,9,0,15,0,13,,77142,9,0,15,0,12,,77143,9,0,15,0,52,,77144,9,0,15,0,13,,77145,9,0,15,0,12,,77146,9,0,15,0,12,,77147,9,0,15,0,12,,77148,9,0,15,0,54,,77149,9,0,15,0,15,,77150,9,0,15,0,14,,77151,9,0,15,0,15,,77152,9,0,15,0,54,,77153,9,0,15,0,15,,77154,9,0,15,0,15,,77155,9,0,15,0,15,,77156,9,0,15,0,55,,77157,9,0,15,0,15,,77158,9,0,15,0,14,,77159,9,0,15,0,15,,77160,9,0,15,0,55,,77161,9,0,15,0,15,,77162,9,0,15,0,15,,77163,9,0,15,0,15,,77164,9,0,15,0,55,,77166,9,0,15,0,20,,77165,9,0,15,0,20,,77167,9,0,15,0,19,,77168,9,0,15,0,60,,77169,9,0,15,0,32,,77170,9,0,15,0,70,,77171,9,0,15,0
9501,'5390',658,,77172,9,0,15,0,70,,77173,9,0,15,0,20,,77174,9,0,15,0,60,,77175,9,0,15,0,20,,77176,9,0,15,0,15,,77177,9,0,15,0,15,,77178,9,0,15,0,55,,77179,9,0,15,0,15,,77180,9,0,15,0,16,,77181,9,0,15,0,15,,77182,9,0,15,0,55,,77183,9,0,15,0,15,,77188,9,0,15,0,15,,77184,9,0,15,0,15,,77185,9,0,15,0,55,,77186,9,0,15,0,15,,77189,9,0,15,0,16,,77190,9,0,15,0,55,,77187,9,0,15,0,15,,77191,9,0,15,0,15,,77192,9,0,15,0,15,,77193,9,0,15,0,55,,77194,9,0,15,0,15,,77195,9,0,15,0,15,,77196,9,0,15,0,16,,77197,9,0,15,0,55,,77198,9,0,15,0,15,,77199,9,0,15,0,15,,77200,9,0,15,0,15,,77201,9,0,15,0,55,,77202,9,0,15,0,15,,77203,9,0,15,0,15,,77204,9,0,15,0,16,,77205,9,0,15,0,53,,77206,9,0,15,0,12,,77207,9,0,15,0,11,,77208,9,0,15,0,13,,77209,9,0,15,0,12,,77210,9,0,15,0,52,,77211,9,0,15,0,13,,77212,9,0,15,0,12,,77213,9,0,15,0,12,,77214,9,0,15,0,12,,77215,9,0,15,0,54,,77216,9,0,15,0,15,,77217,9,0,15,0,14,,77218,9,0,15,0,15,,77219,9,0,15,0,54,,77220,9,0,15,0,15,,77221,9,0,15,0,15,,77222,9,0,15,0,15,,77223,9,0,15,0,55,,77224,9,0,15,0,15,,77225,9,0,15,0,14,,77226,9,0,15,0,15,,77227,9,0,15,0,55,,77228,9,0,15,0,15,,77229,9,0,15,0,15,,77230,9,0,15,0,15,,77231,9,0,15,0,55,,77233,9,0,15,0,20,,77232,9,0,15,0,20,,77234,9,0,15,0,19,,77235,9,0,15,0,60,,77236,9,0,15,0,32,,77237,9,0,15,0,70,,77238,9,0,15,0
