2200,'4487',643,,8112,,,0,80,,8097,,,0,80,,8101,,,0,40,,8114,,,0,70,,8098,,,0,30,,8092,,,0,71,,8099,,,0,31,,8113,,,0,71,,8096,,,0,30,,8095,,,0,71,,8100,,,0,30,,8093,,,0,69,,8118,,,0,30,,8094,,,0,70,,8107,,,0,30,,8102,,,0,70,,8106,,,0,30,,8117,,,0,69,,8108,,,0,31,,8103,,,0,70,,8110,,,0,33,,8109,,,0,70,,8105,,,0,29,,8104,,,0,70,,8119,,,0,30,,8120,,,0,67,,8116,,,0,28,,8111,,,0,70,,8115,0,5,0,30,,8121,0,5,0
2200,'4743',643,,8142,,,0,80,,8127,,,0,80,,8131,,,0,40,,8144,,,0,70,,8128,,,0,30,,8122,,,0,71,,8129,,,0,31,,8143,,,0,71,,8126,,,0,30,,8125,,,0,71,,8130,,,0,30,,8123,,,0,69,,8148,,,0,30,,8124,,,0,70,,8137,,,0,30,,8132,,,0,70,,8136,,,0,30,,8147,,,0,69,,8138,,,0,31,,8133,,,0,70,,8140,,,0,33,,8139,,,0,70,,8135,,,0,29,,8134,,,0,70,,8149,,,0,30,,8150,,,0,67,,8146,,,0,28,,8141,,,0,70,,8145,0,5,0,30,,8151,0,5,0
2200,'4744',554,,8176,,,0,68,,8160,,,0,28,,8171,,,0,70,,8163,,,0,33,,8175,,,0,62,,8155,,,0,30,,8159,,,0,104,,8161,,,0,66,,8177,,,0,30,,8154,,,0,100,,8170,0,21 22,0,70,,8162,0,21 22,0,30,,8178,0,21 22,0,70,,8156,0,21 22,0,99,,8173,0,21 22,0,29,,8167,0,21 22,0,75,,8180,0,21 22,0,102,,8168,0,21 22,0,100,,8164,0,21 22,0,30,,8179,,,0,66,,8157,,,0,99,,8172,,,0,30,,8169,,,0,70,,8158,,,0,30,,8166,,,0,70,,8174,0,5,0,30,,8165,0,5,0
2200,'4745',733,,8184,,,0,100,,8185,,,0,80,,8186,,,0,30,,8181,,,0,70,,8182,,,0,30,,8183,,,0,70,,8188,,,0,29,,8189,,,0,72,,8187,,,0,30,,8190,,,0,70,,8191,,,0,30,,8199,,,0,70,,8198,,,0,30,,8192,,,0,70,,8193,,,0,30,,8194,,,0,70,,8195,,,0,32,,8196,,,0,70,,8197,,,0,30,,8200,,,0,69,,8201,,,0,30,,8202,,,0,70,,8203,,,0
2200,'4870',554,,8228,,,0,68,,8212,,,0,28,,8223,,,0,70,,8215,,,0,33,,8227,,,0,62,,8207,,,0,30,,8211,,,0,104,,8213,,,0,66,,8229,,,0,30,,8206,,,0,100,,8222,0,21 22,0,70,,8214,0,21 22,0,30,,8230,0,21 22,0,70,,8208,0,21 22,0,99,,8225,0,21 22,0,29,,8219,0,21 22,0,75,,8232,0,21 22,0,102,,8220,0,21 22,0,100,,8216,0,21 22,0,30,,8231,,,0,66,,8209,,,0,99,,8224,,,0,30,,8221,,,0,70,,8210,,,0,30,,8218,,,0,70,,8226,0,5,0,30,,8217,0,5,0
2200,'4875',554,,8259,,,0,68,,8243,,,0,28,,8254,,,0,70,,8246,,,0,33,,8258,,,0,62,,8238,,,0,30,,8242,,,0,104,,8244,,,0,66,,8260,,,0,30,,8237,,,0,100,,8253,0,21 22,0,70,,8245,0,21 22,0,30,,8261,0,21 22,0,70,,8239,0,21 22,0,99,,8256,0,21 22,0,29,,8250,0,21 22,0,75,,8263,0,21 22,0,102,,8251,0,21 22,0,100,,8247,0,21 22,0,30,,8262,,,0,66,,8240,,,0,99,,8255,,,0,30,,8252,,,0,70,,8241,,,0,30,,8249,,,0,70,,8257,0,5,0,30,,8248,0,5,0
2200,'4876',643,,8284,,,0,80,,8269,,,0,80,,8273,,,0,40,,8286,,,0,70,,8270,,,0,30,,8264,,,0,71,,8271,,,0,31,,8285,,,0,71,,8268,,,0,30,,8267,,,0,71,,8272,,,0,30,,8265,,,0,69,,8290,,,0,30,,8266,,,0,70,,8279,,,0,30,,8274,,,0,70,,8278,,,0,30,,8289,,,0,69,,8280,,,0,31,,8275,,,0,70,,8282,,,0,33,,8281,,,0,70,,8277,,,0,29,,8276,,,0,70,,8291,,,0,30,,8292,,,0,67,,8288,,,0,28,,8283,,,0,70,,8287,0,5,0,30,,8293,0,5,0
2200,'4877',733,,8297,,,0,100,,8298,,,0,80,,8299,,,0,30,,8294,,,0,70,,8295,,,0,30,,8296,,,0,70,,8301,,,0,29,,8302,,,0,72,,8300,,,0,30,,8303,,,0,70,,8304,,,0,30,,8312,,,0,70,,8311,,,0,30,,8305,,,0,70,,8306,,,0,30,,8307,,,0,70,,8308,,,0,32,,8309,,,0,70,,8310,,,0,30,,8313,,,0,69,,8314,,,0,30,,8315,,,0,70,,8316,,,0
2701,'4487',639,,10409,,,0,76,,10410,,,0,31,,10411,,,0,70,,10412,,,0,29,,10413,,,0,69,,10414,,,0,28,,10415,,,0,67,,10416,,,0,26,,10417,,,0,67,,10418,,,0,22,,10419,,,0,23,,10420,,,0,63,,10421,,,0,22,,10422,,,0,23,,10423,,,0,62,,10424,,,0,23,,10425,,,0,63,,10426,,,0,23,,10427,,,0,22,,10428,,,0,61,,10429,,,0,21,,10430,,,0,21,,10431,,,0,60,,10432,,,0,21,,10433,,,0,20,,10434,,,0,59,,10435,,,0,19,,10436,,,0,20,,10437,,,0,61,,10438,,,0,20,,10439,,,0,20,,10440,,,0,59,,10441,,,0,20,,10442,,,0,25,,10443,,,0,67,,10444,,,0,29,,10445,,,0,70,,10446,,,0,28,,10447,,,0,70,,10448,,,0,31,,10449,,,0,72,,10450,,,0,30,,10451,,,0,70,,10452,,,0,28,,10453,,,0
2701,'4743',639,,10454,,,0,76,,10455,,,0,31,,10456,,,0,70,,10457,,,0,29,,10458,,,0,69,,10459,,,0,28,,10460,,,0,67,,10461,,,0,26,,10462,,,0,67,,10463,,,0,22,,10464,,,0,23,,10465,,,0,63,,10466,,,0,22,,10467,,,0,23,,10468,,,0,62,,10469,,,0,23,,10470,,,0,63,,10471,,,0,23,,10472,,,0,22,,10473,,,0,61,,10474,,,0,21,,10475,,,0,21,,10476,,,0,60,,10477,,,0,21,,10478,,,0,20,,10479,,,0,59,,10480,,,0,19,,10481,,,0,20,,10482,,,0,61,,10483,,,0,20,,10484,,,0,20,,10485,,,0,59,,10486,,,0,20,,10487,,,0,25,,10488,,,0,67,,10489,,,0,29,,10490,,,0,70,,10491,,,0,28,,10492,,,0,70,,10493,,,0,31,,10494,,,0,72,,10495,,,0,30,,10496,,,0,70,,10497,,,0,28,,10498,,,0
2701,'4744',535,,10500,,,0,82,,10499,,,0,27,,10505,,,0,62,,10512,,,0,29,,10530,,,0,67,,10506,,,0,24,,10540,,,0,28,,10541,,,0,60,,10519,,,0,24,,10554,,,0,62,,10539,,,0,24,,10513,,,0,27,,10502,,,0,66,,10501,,,0,27,,10503,,,0,67,,10504,,,0,27,,10518,,,0,67,,10538,,,0,26,,10507,,,0,26,,10508,,,0,67,,10511,,,0,25,,10509,,,0,66,,10510,,,0,19,,10555,,,0,13,,10553,,,0,56,,10531,,,0,32,,10547,,,0,72,,10549,,,0,31,,10532,,,0,69,,10524,,,0,13,,10522,,,0,13,,10550,,,0,13,,10525,,,0,55,,10526,,,0,16,,10527,,,0,20,,10528,,,0,63,,10529,,,0,26,,10534,,,0,28,,10535,,,0,69,,10536,,,0,27,,10537,,,0,69,,10533,,,0,28,,10543,,,0,76,,10546,,,0,79,,10544,,,0,36,,10545,,,0
2701,'4745',707,,10556,,,0,41,,10557,,,0,70,,10558,,,0,29,,10559,,,0,73,,10560,,,0,32,,10561,,,0,69,,10562,,,0,29,,10563,,,0,67,,10564,,,0,27,,10565,,,0,65,,10566,,,0,25,,10567,,,0,23,,10568,,,0,64,,10569,,,0,22,,10570,,,0,64,,10571,,,0,23,,10572,,,0,23,,10573,,,0,63,,10574,,,0,23,,10575,,,0,63,,10576,,,0,23,,10577,,,0,21,,10578,,,0,63,,10579,,,0,23,,10580,,,0,22,,10581,,,0,63,,10582,,,0,22,,10583,,,0,64,,10584,,,0,25,,10585,,,0,25,,10586,,,0,68,,10587,,,0,29,,10588,,,0,70,,10589,,,0,30,,10590,,,0,75,,10591,,,0,80,,10592,,,0,40,,10593,,,0
2701,'4870',535,,10596,,,0,82,,10595,,,0,27,,10601,,,0,62,,10608,,,0,29,,10626,,,0,67,,10602,,,0,24,,10636,,,0,28,,10637,,,0,60,,10615,,,0,24,,10650,,,0,62,,10635,,,0,24,,10609,,,0,27,,10598,,,0,66,,10597,,,0,27,,10599,,,0,67,,10600,,,0,27,,10614,,,0,67,,10634,,,0,26,,10603,,,0,26,,10604,,,0,67,,10607,,,0,25,,10605,,,0,66,,10606,,,0,19,,10651,,,0,13,,10649,,,0,56,,10627,,,0,32,,10643,,,0,72,,10645,,,0,31,,10628,,,0,69,,10620,,,0,13,,10618,,,0,13,,10646,,,0,13,,10621,,,0,55,,10622,,,0,16,,10623,,,0,20,,10624,,,0,63,,10625,,,0,26,,10630,,,0,28,,10631,,,0,69,,10632,,,0,27,,10633,,,0,69,,10629,,,0,28,,10639,,,0,76,,10642,,,0,79,,10640,,,0,36,,10641,,,0
2701,'4875',535,,10653,,,0,82,,10652,,,0,27,,10658,,,0,62,,10665,,,0,29,,10683,,,0,67,,10659,,,0,24,,10693,,,0,28,,10694,,,0,60,,10672,,,0,24,,10711,,,0,62,,10692,,,0,24,,10666,,,0,27,,10655,,,0,66,,10654,,,0,27,,10656,,,0,67,,10657,,,0,27,,10671,,,0,67,,10691,,,0,26,,10660,,,0,26,,10661,,,0,64,,10700,,,0,3,,10664,,,0,25,,10662,,,0,66,,10663,,,0,88,,10684,,,0,32,,10701,,,0,72,,10703,,,0,31,,10685,,,0,69,,10677,,,0,13,,10675,,,0,13,,10704,,,0,13,,10678,,,0,55,,10679,,,0,16,,10680,,,0,20,,10681,,,0,63,,10682,,,0,26,,10687,,,0,28,,10688,,,0,69,,10689,,,0,27,,10690,,,0,69,,10686,,,0,28,,10696,,,0,76,,10699,,,0,79,,10697,,,0,36,,10698,,,0,82,,10708,,,0,80,,10709,,,0
2701,'4876',639,,10712,,,0,76,,10713,,,0,31,,10714,,,0,70,,10715,,,0,29,,10716,,,0,69,,10717,,,0,28,,10718,,,0,67,,10719,,,0,26,,10720,,,0,67,,10721,,,0,22,,10722,,,0,23,,10723,,,0,63,,10724,,,0,22,,10725,,,0,23,,10726,,,0,62,,10727,,,0,23,,10728,,,0,63,,10729,,,0,23,,10730,,,0,22,,10731,,,0,61,,10732,,,0,21,,10733,,,0,21,,10734,,,0,60,,10735,,,0,21,,10736,,,0,20,,10737,,,0,59,,10738,,,0,19,,10739,,,0,20,,10740,,,0,61,,10741,,,0,20,,10742,,,0,20,,10743,,,0,59,,10744,,,0,20,,10745,,,0,25,,10746,,,0,67,,10747,,,0,29,,10748,,,0,70,,10749,,,0,28,,10750,,,0,70,,10751,,,0,31,,10752,,,0,72,,10753,,,0,30,,10754,,,0,70,,10755,,,0,28,,10756,,,0,68,,10757,,,0,28,,10758,,,0,70,,10759,,,0
2701,'4877',707,,10762,,,0,41,,10763,,,0,70,,10764,,,0,29,,10765,,,0,73,,10766,,,0,32,,10767,,,0,69,,10768,,,0,29,,10769,,,0,67,,10770,,,0,27,,10771,,,0,65,,10772,,,0,25,,10773,,,0,23,,10774,,,0,64,,10775,,,0,22,,10776,,,0,64,,10777,,,0,23,,10778,,,0,23,,10779,,,0,63,,10780,,,0,23,,10781,,,0,63,,10782,,,0,23,,10783,,,0,21,,10784,,,0,63,,10785,,,0,23,,10786,,,0,22,,10787,,,0,63,,10788,,,0,22,,10789,,,0,64,,10790,,,0,25,,10791,,,0,25,,10792,,,0,68,,10793,,,0,29,,10794,,,0,70,,10795,,,0,30,,10796,,,0,75,,10797,,,0,80,,10798,,,0,40,,10799,,,0
2801,'4487',659,,11165,,,0,72,,11166,,,0,72,,11167,,,0,27,,11168,,,0,29,,11169,,,0,69,,11170,,,0,27,,11171,,,0,67,,11172,,,0,27,,11164,,,0,64,,11173,,,0,22,,11174,,,0,23,,11175,,,0,63,,11176,,,0,23,,11177,,,0,62,,11178,,,0,22,,11179,,,0,23,,11180,,,0,64,,11181,,,0,22,,11182,,,0,21,,11183,,,0,62,,11184,,,0,21,,11185,,,0,60,,11186,,,0,21,,11187,,,0,20,,11188,,,0,60,,11189,,,0,18,,11190,,,0,20,,11191,,,0,60,,11192,,,0,21,,11193,,,0,20,,11194,,,0,59,,11195,,,0,20,,11196,,,0,23,,11197,,,0,66,,11198,,,0,28,,11199,,,0,69,,11200,,,0,30,,11201,,,0,68,,11202,,,0,30,,11203,,,0,73,,11204,,,0,30,,11205,,,0,70,,11206,,,0,29,,11207,,,0,68,,11208,,,0
2801,'4743',659,,11210,,,0,72,,11211,,,0,72,,11212,,,0,27,,11213,,,0,29,,11214,,,0,69,,11215,,,0,27,,11216,,,0,67,,11217,,,0,27,,11209,,,0,64,,11218,,,0,22,,11219,,,0,23,,11220,,,0,63,,11221,,,0,23,,11222,,,0,62,,11223,,,0,22,,11224,,,0,23,,11225,,,0,64,,11226,,,0,22,,11227,,,0,21,,11228,,,0,62,,11229,,,0,21,,11230,,,0,60,,11231,,,0,21,,11232,,,0,20,,11233,,,0,60,,11234,,,0,18,,11235,,,0,20,,11236,,,0,60,,11237,,,0,21,,11238,,,0,20,,11239,,,0,59,,11240,,,0,20,,11241,,,0,23,,11242,,,0,66,,11243,,,0,28,,11244,,,0,69,,11245,,,0,30,,11246,,,0,68,,11247,,,0,30,,11248,,,0,73,,11249,,,0,30,,11250,,,0,70,,11251,,,0,29,,11252,,,0,68,,11253,,,0
2801,'4744',602,,11254,,,0,30,,11259,,,0,23,,11255,,,0,61,,11257,,,0,13,,11258,,,0,13,,11277,,,0,13,,11256,,,0,53,,11290,,,0,11,,11260,,,0,13,,11273,,,0,12,,11262,,,0,60,,11261,,,0,22,,11264,,,0,23,,11300,,,0,63,,11263,,,0,25,,11265,,,0,67,,11278,,,0,26,,11288,,,0,27,,11269,,,0,67,,11266,,,0,27,,11267,,,0,67,,11268,,,0,26,,11271,,,0,65,,11276,,,0,27,,11289,,,0,66,,11272,,,0,29,,11270,,,0,16,,11296,,,0,72,,11274,,,0,32,,11275,,,0,61,,11301,,,0,10,,11297,,,0,32,,11291,,,0,173,,11281,,,0,21,,11280,,,0,65,,11282,,,0,27,,11283,,,0,68,,11284,,,0,28,,11285,,,0,68,,11286,,,0,29,,11287,,,0,71,,11293,,,0,38,,11294,,,0,76,,11292,,,0,40,,11295,,,0
2801,'4745',637,,11303,,,0,96,,11304,,,0,70,,11305,,,0,30,,11306,,,0,69,,11302,,,0,34,,11307,,,0,71,,11308,,,0,29,,11309,,,0,67,,11310,,,0,27,,11311,,,0,26,,11312,,,0,65,,11313,,,0,24,,11314,,,0,64,,11315,,,0,23,,11316,,,0,23,,11317,,,0,63,,11318,,,0,23,,11319,,,0,63,,11320,,,0,23,,11321,,,0,23,,11322,,,0,63,,11323,,,0,22,,11324,,,0,22,,11325,,,0,63,,11326,,,0,23,,11327,,,0,62,,11328,,,0,23,,11329,,,0,23,,11330,,,0,65,,11331,,,0,25,,11332,,,0,66,,11333,,,0,28,,11334,,,0,70,,11335,,,0,30,,11336,,,0,70,,11337,,,0,40,,11338,,,0,80,,11339,,,0,83,,11340,,,0
2801,'4870',602,,11341,,,0,30,,11346,,,0,23,,11342,,,0,61,,11344,,,0,13,,11345,,,0,13,,11364,,,0,13,,11343,,,0,53,,11377,,,0,11,,11347,,,0,13,,11360,,,0,12,,11349,,,0,60,,11348,,,0,22,,11351,,,0,23,,11387,,,0,63,,11350,,,0,25,,11352,,,0,67,,11365,,,0,26,,11375,,,0,27,,11356,,,0,67,,11353,,,0,27,,11354,,,0,67,,11355,,,0,26,,11358,,,0,65,,11363,,,0,27,,11376,,,0,66,,11359,,,0,29,,11357,,,0,16,,11383,,,0,72,,11361,,,0,32,,11362,,,0,61,,11388,,,0,10,,11384,,,0,32,,11378,,,0,173,,11368,,,0,21,,11367,,,0,65,,11369,,,0,27,,11370,,,0,68,,11371,,,0,28,,11372,,,0,68,,11373,,,0,29,,11374,,,0,71,,11380,,,0,38,,11381,,,0,76,,11379,,,0,40,,11382,,,0
2801,'4875',602,,11389,,,0,30,,11394,,,0,23,,11390,,,0,61,,11392,,,0,13,,11393,,,0,13,,11412,,,0,13,,11391,,,0,53,,11425,,,0,11,,11395,,,0,13,,11408,,,0,12,,11397,,,0,60,,11396,,,0,22,,11399,,,0,23,,11438,,,0,63,,11398,,,0,25,,11400,,,0,67,,11413,,,0,26,,11423,,,0,27,,11404,,,0,67,,11401,,,0,27,,11402,,,0,67,,11403,,,0,26,,11406,,,0,65,,11411,,,0,27,,11424,,,0,66,,11407,,,0,29,,11405,,,0,16,,11431,,,0,72,,11409,,,0,32,,11410,,,0,71,,11432,,,0,32,,11426,,,0,173,,11416,,,0,21,,11415,,,0,65,,11417,,,0,27,,11418,,,0,68,,11419,,,0,28,,11420,,,0,68,,11421,,,0,29,,11422,,,0,71,,11428,,,0,38,,11429,,,0,76,,11427,,,0,40,,11430,,,0,82,,11435,,,0
2801,'4876',659,,11440,,,0,72,,11441,,,0,72,,11442,,,0,27,,11443,,,0,29,,11444,,,0,69,,11445,,,0,27,,11446,,,0,67,,11447,,,0,27,,11439,,,0,64,,11448,,,0,22,,11449,,,0,23,,11450,,,0,63,,11451,,,0,23,,11452,,,0,62,,11453,,,0,22,,11454,,,0,23,,11455,,,0,64,,11456,,,0,22,,11457,,,0,21,,11458,,,0,62,,11459,,,0,21,,11460,,,0,60,,11461,,,0,21,,11462,,,0,20,,11463,,,0,60,,11464,,,0,18,,11465,,,0,20,,11466,,,0,60,,11467,,,0,21,,11468,,,0,20,,11469,,,0,59,,11470,,,0,20,,11471,,,0,23,,11472,,,0,66,,11473,,,0,28,,11474,,,0,69,,11475,,,0,30,,11476,,,0,68,,11477,,,0,30,,11478,,,0,73,,11479,,,0,30,,11480,,,0,70,,11481,,,0,29,,11482,,,0,68,,11483,,,0,28,,11484,,,0,69,,11485,,,0
2801,'4877',637,,11489,,,0,96,,11490,,,0,70,,11491,,,0,30,,11492,,,0,69,,11488,,,0,34,,11493,,,0,71,,11494,,,0,29,,11495,,,0,67,,11496,,,0,27,,11497,,,0,26,,11498,,,0,65,,11499,,,0,24,,11500,,,0,64,,11501,,,0,23,,11502,,,0,23,,11503,,,0,63,,11504,,,0,23,,11505,,,0,63,,11506,,,0,23,,11507,,,0,23,,11508,,,0,63,,11509,,,0,22,,11510,,,0,22,,11511,,,0,63,,11512,,,0,23,,11513,,,0,62,,11514,,,0,23,,11515,,,0,23,,11516,,,0,65,,11517,,,0,25,,11518,,,0,66,,11519,,,0,28,,11520,,,0,70,,11521,,,0,30,,11522,,,0,70,,11523,,,0,40,,11524,,,0,80,,11525,,,0,83,,11526,,,0
1002200,'4744',919,,19869,,,0,196,,19866,0,21 22,0,229,,19867,0,21 22,0,206,,19865,0,21 22,0,100,,19870,0,21 22,0,199,,19868,0,21 22,0
1002200,'4870',919,,19875,,,0,196,,19872,0,21 22,0,229,,19873,0,21 22,0,206,,19871,0,21 22,0,100,,19876,0,21 22,0,199,,19874,0,21 22,0
1002200,'4875',919,,19881,,,0,196,,19878,0,21 22,0,229,,19879,0,21 22,0,206,,19877,0,21 22,0,100,,19882,0,21 22,0,199,,19880,0,21 22,0
