5200,'4487',631,,13824,,,0,70,,13823,,,0,41,,13818,,,0,74,,13825,,,0,30,,13820,,,0,72,,13807,,,0,30,,13814,,,0,70,,13833,,,0,31,,13812,,,0,74,,13809,,,0,31,,13815,,,0,72,,13835,,,0,75,,13810,,,0,33,,13808,,,0,76,,13817,,,0,26,,13834,,,0,74,,13813,,,0,33,,13819,,,0,75,,13816,,,0,29,,13831,,,0,70,,13811,,,0,30,,13822,,,0,62,,13828,,,0,25,,13821,,,0,24,,13826,,,0,64,,13830,,,0,29,,13829,,,0,68,,13827,,,0,31,,13832,,,0,100,,13836,,,0,94,,13837,,,0,109,,13838,,,0
5200,'4743',631,,13856,,,0,70,,13855,,,0,41,,13850,,,0,74,,13857,,,0,30,,13852,,,0,72,,13839,,,0,30,,13846,,,0,70,,13865,,,0,31,,13844,,,0,74,,13841,,,0,31,,13847,,,0,72,,13867,,,0,75,,13842,,,0,33,,13840,,,0,76,,13849,,,0,26,,13866,,,0,74,,13845,,,0,33,,13851,,,0,75,,13848,,,0,29,,13863,,,0,70,,13843,,,0,30,,13854,,,0,62,,13860,,,0,25,,13853,,,0,24,,13858,,,0,64,,13862,,,0,29,,13861,,,0,68,,13859,,,0,31,,13864,,,0,100,,13868,,,0,94,,13869,,,0,109,,13870,,,0
5200,'4744',459,,13871,,,0,70,,13880,,,0,30,,13874,,,0,60,,13885,,,0,19,,13872,,,0,65,,13893,,,0,25,,13879,,,0,24,,13908,,,0,50,,13873,,,0,15,,13901,,,0,10,,13884,,,0,31,,13875,,,0,72,,13892,,,0,25,,13878,,,0,70,,13876,,,0,75,,13877,,,0,31,,13894,,,0,70,,13881,,,0,30,,13882,,,0,76,,13883,,,0,34,,13891,,,0,73,,13886,,,0,30,,13887,,,0,73,,13903,,,0,30,,13888,,,0,71,,13890,,,0,29,,13889,,,0,70,,13895,,,0,34,,13904,,,0,70,,13896,,,0,34,,13897,,,0,70,,13898,,,0,29,,13905,,,0,67,,13899,,,0,33,,13900,,,0,96,,13906,,,0,99,,13902,,,0,104,,13909,,,0
5200,'4745',701,,13932,,,0,32,,13914,,,0,80,,13917,,,0,31,,13931,,,0,72,,13925,,,0,31,,13912,,,0,70,,13916,,,0,31,,13927,,,0,71,,13921,,,0,31,,13911,,,0,73,,13915,,,0,30,,13930,,,0,71,,13923,,,0,78,,13910,,,0,29,,13919,,,0,74,,13929,,,0,35,,13922,,,0,73,,13913,,,0,29,,13918,,,0,70,,13928,,,0,28,,13924,,,0,70,,13926,,,0,29,,13920,,,0,70,,13934,,,0,39,,13933,,,0,100,,13935,,,0,98,,13937,,,0,108,,13936,,,0
5200,'4870',459,,13938,,,0,70,,13947,,,0,30,,13941,,,0,60,,13952,,,0,19,,13939,,,0,65,,13960,,,0,25,,13946,,,0,24,,13975,,,0,50,,13940,,,0,15,,13968,,,0,10,,13951,,,0,31,,13942,,,0,72,,13959,,,0,25,,13945,,,0,70,,13943,,,0,75,,13944,,,0,31,,13961,,,0,70,,13948,,,0,30,,13949,,,0,76,,13950,,,0,34,,13958,,,0,73,,13953,,,0,30,,13954,,,0,73,,13970,,,0,30,,13955,,,0,71,,13957,,,0,29,,13956,,,0,70,,13962,,,0,34,,13971,,,0,70,,13963,,,0,34,,13964,,,0,70,,13965,,,0,29,,13972,,,0,67,,13966,,,0,33,,13967,,,0,96,,13973,,,0,99,,13969,,,0,104,,13976,,,0
5200,'4875',459,,13977,,,0,70,,13986,,,0,30,,13980,,,0,60,,13991,,,0,19,,13978,,,0,65,,13999,,,0,25,,13985,,,0,24,,14014,,,0,50,,13979,,,0,15,,14007,,,0,10,,13990,,,0,31,,13981,,,0,72,,13998,,,0,25,,13984,,,0,70,,13982,,,0,75,,13983,,,0,31,,14000,,,0,70,,13987,,,0,30,,13988,,,0,76,,13989,,,0,34,,13997,,,0,73,,13992,,,0,30,,13993,,,0,73,,14009,,,0,30,,13994,,,0,71,,13996,,,0,29,,13995,,,0,70,,14001,,,0,34,,14010,,,0,70,,14002,,,0,34,,14003,,,0,70,,14004,,,0,29,,14011,,,0,67,,14005,,,0,33,,14006,,,0,96,,14012,,,0,99,,14008,,,0,104,,14015,,,0
5200,'4876',631,,14033,,,0,70,,14032,,,0,41,,14027,,,0,74,,14034,,,0,30,,14029,,,0,72,,14016,,,0,30,,14023,,,0,70,,14042,,,0,31,,14021,,,0,74,,14018,,,0,31,,14024,,,0,72,,14044,,,0,75,,14019,,,0,33,,14017,,,0,76,,14026,,,0,26,,14043,,,0,74,,14022,,,0,33,,14028,,,0,75,,14025,,,0,29,,14040,,,0,70,,14020,,,0,30,,14031,,,0,62,,14037,,,0,25,,14030,,,0,24,,14035,,,0,64,,14039,,,0,29,,14038,,,0,68,,14036,,,0,31,,14041,,,0,100,,14045,,,0,94,,14046,,,0,109,,14047,,,0
5200,'4877',701,,14070,,,0,32,,14052,,,0,80,,14055,,,0,31,,14069,,,0,72,,14063,,,0,31,,14050,,,0,70,,14054,,,0,31,,14065,,,0,71,,14059,,,0,31,,14049,,,0,73,,14053,,,0,30,,14068,,,0,71,,14061,,,0,78,,14048,,,0,29,,14057,,,0,74,,14067,,,0,35,,14060,,,0,73,,14051,,,0,29,,14056,,,0,70,,14066,,,0,28,,14062,,,0,70,,14064,,,0,29,,14058,,,0,70,,14072,,,0,39,,14071,,,0,100,,14073,,,0,98,,14075,,,0,108,,14074,,,0
6501,'4744',1631,,16341,,,0,28,,16340,,,0,73,,16343,,,0,69,,16342,,,0
6501,'4870',1631,,16345,,,0,28,,16344,,,0,73,,16347,,,0,69,,16346,,,0
6501,'4875',1631,,16349,,,0,28,,16348,,,0,73,,16351,,,0,69,,16350,,,0
