801,'5036',649,,38812,19,,,0,76,,38813,19,,,0,24,,38814,19,,,0,65,,38815,19,,,0,35,,38816,19,,,0,86,,38811,19,,,0,84,,38817,19,,,0,32,,38833,19,,,0,82,,38818,19,,,0,84,,38819,19,,,0,39,,38820,19,,,0,85,,38821,19,,,0,88,,38822,19,,,0,28,,38823,19,0,8 9,0,56,,38824,19,,,0,32,,38834,19,,,0,74,,38825,19,,,0,36,,38826,19,,,0,83,,38827,19,,,0,71,,38835,19,,,0,31,,38828,19,,,0,74,,38829,19,,,0,87,,38830,19,,,0,57,,38831,19,,,0,85,,38832,19,,,0
801,'5040',649,,38837,19,,,0,76,,38838,19,,,0,24,,38839,19,,,0,65,,38840,19,,,0,35,,38841,19,,,0,86,,38836,19,,,0,84,,38842,19,,,0,32,,38858,19,,,0,82,,38843,19,,,0,84,,38844,19,,,0,39,,38845,19,,,0,85,,38846,19,,,0,88,,38847,19,,,0,28,,38848,19,0,8 9,0,56,,38849,19,,,0,32,,38859,19,,,0,74,,38850,19,,,0,36,,38851,19,,,0,83,,38852,19,,,0,71,,38860,19,,,0,31,,38853,19,,,0,74,,38854,19,,,0,87,,38855,19,,,0,57,,38856,19,,,0,85,,38857,19,,,0
801,'5041',725,,38862,19,0,8 9,0,85,,38863,19,0,8 9,0,45,,38864,19,0,8 9,0,86,,38865,19,0,8 9,0,85,,38866,19,0,8 9,0,92,,38867,19,0,8 9,0,88,,38868,19,0,8 9,0,51,,38869,19,0,8 9,0,92,,38861,19,0,8 9,0,90,,38870,19,0,8 9,0,92,,38871,19,0,8 9,0,90,,38872,19,0,8 9,0,90,,38873,19,0,8 9,0,46,,38874,19,0,8 9,0,84,,38875,19,0,8 9,0
801,'5078',941,,38877,19,0,8 9,0,85,,38878,19,0,8 9,0,91,,38879,19,0,8 9,0,88,,38880,19,0,8 9,0,50,,38876,19,0,8 9,0,92,,38881,19,0,8 9,0,91,,38882,19,0,8 9,0,92,,38883,19,0,8 9,0,90,,38884,19,0,8 9,0,90,,38885,19,0,8 9,0,47,,38886,19,0,8 9,0
801,'5079',941,,38888,19,0,8 9,0,85,,38889,19,0,8 9,0,91,,38890,19,0,8 9,0,88,,38891,19,0,8 9,0,50,,38887,19,0,8 9,0,92,,38892,19,0,8 9,0,91,,38893,19,0,8 9,0,92,,38894,19,0,8 9,0,90,,38895,19,0,8 9,0,90,,38896,19,0,8 9,0,47,,38897,19,0,8 9,0
1400,'5036',618,,39603,45,,,0,20,,39611,45,,,0,18,,39622,45,,,0,56,,39604,45,,,0,16,,39632,45,,,0,13,,39612,45,,,0,15,,39651,45,,,0,53,,39614,45,,,0,14,,39605,45,,,0,15,,39623,45,,,0,12,,39608,45,,,0,55,,39640,45,,,0,14,,39615,45,,,0,12,,39606,45,,,0,14,,39624,45,,,0,13,,39609,45,,,0,54,,39652,45,,,0,15,,39616,45,,,0,15,,39610,45,,,0,15,,39625,45,,,0,55,,39607,45,,,0,15,,39639,45,,,0,15,,39613,45,,,0,16,,39620,45,,,0,55,,39619,45,,,0,15,,39655,45,,,0,15,,39621,45,,,0,15,,39669,45,,,0,55,,39618,45,,,0,15,,39630,45,,,0,15,,39617,45,,,0,15,,39631,45,,,0,55,,39629,45,,,0,15,,39626,45,,,0,16,,39653,45,,,0,15,,39654,45,,,0,56,,39628,45,,,0,16,,39627,45,,,0,15,,39641,45,,,0,55,,39638,45,,,0,15,,39636,45,,,0,15,,39637,45,,,0,15,,39635,45,,,0,54,,39671,45,,,0,15,,39633,45,,,0,14,,39642,45,,,0,14,,39634,45,,,0,15,,39665,45,,,0,55,,39648,45,,,0,15,,39643,45,,,0,15,,39645,45,,,0,15,,39644,45,,,0,54,,39646,45,,,0,14,,39647,45,,,0,31,,39649,45,,,0,59,,39650,45,,,0,19,,39660,45,,,0,20,,39659,45,,,0,60,,39656,45,,,0,20,,39661,45,,,0,20,,39657,45,,,0,59,,39658,45,,,0,21,,39662,45,,,0,70,,39666,45,,,0,30,,39664,45,,,0,70,,39667,45,,,0,29,,39668,45,,,0
1400,'5040',618,,39672,45,,,0,20,,39680,45,,,0,18,,39691,45,,,0,56,,39673,45,,,0,16,,39701,45,,,0,13,,39681,45,,,0,15,,39721,45,,,0,53,,39683,45,,,0,14,,39674,45,,,0,15,,39692,45,,,0,12,,39677,45,,,0,55,,39709,45,,,0,14,,39684,45,,,0,12,,39675,45,,,0,14,,39693,45,,,0,13,,39678,45,,,0,54,,39722,45,,,0,15,,39685,45,,,0,15,,39679,45,,,0,15,,39694,45,,,0,55,,39676,45,,,0,15,,39708,45,,,0,15,,39682,45,,,0,16,,39689,45,,,0,55,,39688,45,,,0,15,,39725,45,,,0,15,,39690,45,,,0,15,,39739,45,,,0,55,,39687,45,,,0,15,,39699,45,,,0,15,,39686,45,,,0,15,,39700,45,,,0,55,,39698,45,,,0,15,,39695,45,,,0,16,,39723,45,,,0,15,,39724,45,,,0,56,,39697,45,,,0,16,,39696,45,,,0,15,,39710,45,,,0,55,,39707,45,,,0,15,,39705,45,,,0,15,,39706,45,,,0,15,,39704,45,,,0,54,,39745,45,,,0,15,,39702,45,,,0,14,,39712,45,,,0,14,,39703,45,,,0,15,,39735,45,,,0,55,,39718,45,,,0,15,,39713,45,,,0,15,,39715,45,,,0,15,,39714,45,,,0,54,,39716,45,,,0,14,,39717,45,,,0,15,,39711,45,,,0,16,,39719,45,,,0,59,,39720,45,,,0,19,,39730,45,,,0,20,,39729,45,,,0,60,,39726,45,,,0,20,,39731,45,,,0,20,,39727,45,,,0,59,,39728,45,,,0,21,,39732,45,,,0,70,,39736,45,,,0,30,,39734,45,,,0,70,,39737,45,,,0,29,,39738,45,,,0,70,,39741,45,,,0,30,,39743,45,,,0,70,,39740,45,,,0,30,,39742,45,,,0
1400,'5041',656,,39770,45,,,0,61,,39771,45,,,0,20,,39754,45,,,0,18,,39769,45,,,0,56,,39748,45,,,0,15,,39753,45,,,0,15,,39752,45,,,0,15,,39768,45,,,0,55,,39766,45,,,0,15,,39751,45,,,0,15,,39747,45,,,0,15,,39767,45,,,0,55,,39746,45,,,0,16,,39756,45,,,0,15,,39758,45,,,0,15,,39772,45,,,0,56,,39774,45,,,0,15,,39759,45,,,0,16,,39750,45,,,0,56,,39773,45,,,0,16,,39749,45,,,0,16,,39755,45,,,0,15,,39762,45,,,0,55,,39775,45,,,0,16,,39760,45,,,0,15,,39776,45,,,0,15,,39761,45,,,0,55,,39763,45,,,0,15,,39777,45,,,0,16,,39765,45,,,0,15,,39757,45,,,0,56,,39764,45,,,0,15,,39788,45,,,0,15,,39786,45,,,0,15,,39789,45,,,0,54,,39783,45,,,0,15,,39782,45,,,0,14,,39779,45,,,0,15,,39790,45,,,0,54,,39784,45,,,0,15,,39785,45,,,0,15,,39792,45,,,0,15,,39787,45,,,0,55,,39780,45,,,0,15,,39781,45,,,0,14,,39791,45,,,0,14,,39778,45,,,0,14,,39796,45,,,0,55,,39793,45,,,0,15,,39794,45,,,0,15,,39795,45,,,0,56,,39797,45,,,0,20,,39799,45,,,0,20,,39800,45,,,0,60,,39801,45,,,0,20,,39802,45,,,0,19,,39798,45,,,0,20,,39806,45,,,0,60,,39805,45,,,0,21,,39804,45,,,0,67,,39803,45,,,0,30,,39807,45,,,0,70,,39808,45,,,0,30,,39809,45,,,0,70,,39810,45,,,0,29,,39811,45,,,0,68,,39812,45,,,0,30,,39813,45,,,0
1400,'5075',1941,,39814,45,,,0
1400,'5076',1941,,39815,45,,,0
1400,'5078',649,,39860,45,,,0,70,,39848,45,,,0,30,,39870,45,,,0,64,,39855,45,,,0,20,,39826,45,,,0,15,,39873,45,,,0,55,,39854,45,,,0,15,,39839,45,,,0,15,,39846,45,,,0,16,,39867,45,,,0,55,,39830,45,,,0,15,,39858,45,,,0,15,,39827,45,,,0,15,,39857,45,,,0,55,,39831,45,,,0,15,,39840,45,,,0,15,,39847,45,,,0,15,,39869,45,,,0,55,,39829,45,,,0,16,,39859,45,,,0,15,,39832,45,,,0,16,,39856,45,,,0,55,,39828,45,,,0,15,,39837,45,,,0,14,,39817,45,,,0,15,,39844,45,,,0,55,,39866,45,,,0,15,,39819,45,,,0,15,,39853,45,,,0,15,,39823,45,,,0,55,,39850,45,,,0,15,,39824,45,,,0,15,,39835,45,,,0,15,,39816,45,,,0,55,,39843,45,,,0,15,,39865,45,,,0,15,,39822,45,,,0,15,,39851,45,,,0,55,,39820,45,,,0,15,,39852,45,,,0,15,,39821,45,,,0,15,,39838,45,,,0,55,,39818,45,,,0,14,,39845,45,,,0,15,,39868,45,,,0,15,,39825,45,,,0,54,,39862,45,,,0,18,,39864,45,,,0,20,,39834,45,,,0,60,,39836,45,,,0,20,,39849,45,,,0,21,,39872,45,,,0,69,,39861,45,,,0,29,,39833,45,,,0,70,,39841,45,,,0,30,,39871,45,,,0,69,,39863,45,,,0,29,,39842,45,,,0
1400,'5079',649,,39918,45,,,0,70,,39906,45,,,0,30,,39928,45,,,0,64,,39913,45,,,0,20,,39884,45,,,0,15,,39931,45,,,0,55,,39912,45,,,0,15,,39897,45,,,0,15,,39904,45,,,0,16,,39925,45,,,0,55,,39888,45,,,0,15,,39916,45,,,0,15,,39885,45,,,0,15,,39915,45,,,0,55,,39889,45,,,0,15,,39898,45,,,0,15,,39905,45,,,0,15,,39927,45,,,0,55,,39887,45,,,0,16,,39917,45,,,0,15,,39890,45,,,0,16,,39914,45,,,0,55,,39886,45,,,0,15,,39895,45,,,0,14,,39875,45,,,0,15,,39902,45,,,0,55,,39924,45,,,0,15,,39877,45,,,0,15,,39911,45,,,0,15,,39881,45,,,0,55,,39908,45,,,0,15,,39882,45,,,0,15,,39893,45,,,0,15,,39874,45,,,0,55,,39901,45,,,0,15,,39923,45,,,0,15,,39880,45,,,0,15,,39909,45,,,0,55,,39878,45,,,0,15,,39910,45,,,0,15,,39879,45,,,0,15,,39896,45,,,0,55,,39876,45,,,0,14,,39903,45,,,0,15,,39926,45,,,0,15,,39883,45,,,0,54,,39920,45,,,0,18,,39922,45,,,0,20,,39892,45,,,0,60,,39894,45,,,0,20,,39907,45,,,0,21,,39930,45,,,0,69,,39919,45,,,0,29,,39891,45,,,0,70,,39899,45,,,0,30,,39929,45,,,0,69,,39921,45,,,0,29,,39900,45,,,0
