301,'5036',610,,36945,16,,,0,37,,36943,26,,,0,76,,36942,26,,,0,79,,36944,26,,,0,42,,36941,26,,,0,75,,36934,26,,,0,36,,36933,26,,,0,71,,36932,26,,,0,30,,36935,26,,,0,70,,36930,26,,,0,31,,36931,26,,,0,71,,36937,26,,,0,75,,36929,26,,,0,30,,36928,26,,,0,70,,36936,26,,,0,32,,36927,26,,,0,74,,36926,26,,,0,34,,36938,26,,,0,74,,36925,26,,,0,35,,36924,26,,,0,73,,36940,26,,,0,31,,36923,26,,,0,74,,36922,26,,,0,24,,36939,26,,,0,69,,36921,26,,,0,30,,36920,26,,,0,65,,36918,26,,,0,24,,36919,26,,,0,70,,36917,26,,,0
301,'5040',610,,36974,16,,,0,37,,36972,26,,,0,76,,36971,26,,,0,79,,36973,26,,,0,42,,36970,26,,,0,75,,36963,26,,,0,36,,36962,26,,,0,71,,36961,26,,,0,30,,36964,26,,,0,70,,36959,26,,,0,31,,36960,26,,,0,71,,36966,26,,,0,75,,36958,26,,,0,30,,36957,26,,,0,70,,36965,26,,,0,32,,36956,26,,,0,74,,36955,26,,,0,34,,36967,26,,,0,74,,36954,26,,,0,35,,36953,26,,,0,73,,36969,26,,,0,31,,36952,26,,,0,74,,36951,26,,,0,24,,36968,26,,,0,69,,36950,26,,,0,30,,36949,26,,,0,65,,36947,26,,,0,24,,36948,26,,,0,70,,36946,26,,,0
301,'5041',726,,36996,26,,,0,30,,36982,26,,,0,71,,36975,26,,,0,30,,36988,26,,,0,71,,36983,26,,,0,31,,36999,26,,,0,71,,36987,26,,,0,71,,36976,26,,,0,29,,36998,26,,,0,70,,36990,26,,,0,32,,36978,26,,,0,70,,37000,26,,,0,30,,36989,26,,,0,71,,36977,26,,,0,30,,36984,26,,,0,74,,36981,26,,,0,33,,36979,26,,,0,78,,36980,26,,,0,28,,36985,26,,,0,76,,36991,26,,,0,24,,36986,26,,,0,74,,36993,26,,,0,28,,36992,26,,,0,71,,36994,26,,,0,24,,36995,26,,,0,70,,37001,26,,,0,30,,36997,26,,,0,69,,37002,26,,,0
301,'5078',741,,37016,26,,,0,86,,37004,26,,,0,80,,37017,26,,,0,46,,37010,26,,,0,76,,37015,26,,,0,80,,37003,26,,,0,20,,37011,26,,,0,71,,37006,26,,,0,29,,37005,26,,,0,30,,37012,26,,,0,72,,37009,26,,,0,70,,37008,26,,,0,30,,37007,26,,,0,77,,37013,26,,,0,28,,37014,26,,,0,81,,37020,26,,,0,23,,37018,26,,,0,73,,37019,26,,,0,26,,37024,26,,,0,70,,37022,26,,,0,29,,37021,26,,,0,70,,37023,26,,,0,30,,37025,26,,,0,74,,37026,26,,,0
301,'5079',741,,37040,26,,,0,86,,37028,26,,,0,80,,37041,26,,,0,46,,37034,26,,,0,76,,37039,26,,,0,80,,37027,26,,,0,20,,37035,26,,,0,71,,37030,26,,,0,29,,37029,26,,,0,30,,37036,26,,,0,72,,37033,26,,,0,70,,37032,26,,,0,30,,37031,26,,,0,77,,37037,26,,,0,28,,37038,26,,,0,81,,37044,26,,,0,23,,37042,26,,,0,73,,37043,26,,,0,26,,37048,26,,,0,70,,37046,26,,,0,29,,37045,26,,,0,70,,37047,26,,,0,30,,37049,26,,,0,74,,37050,26,,,0
14000701,'5036',2143,,48777,14,,,0,72,,48775,14,,,0,29,,48778,14,,,0,70,,48776,14,,,0,36,,48779,14,,,0,68,,48780,14,,,0
14000701,'5040',2143,,48783,14,,,0,72,,48781,14,,,0,29,,48784,14,,,0,70,,48782,14,,,0,36,,48785,14,,,0,68,,48786,14,,,0
14000701,'5041',2144,,48787,14,,,0,72,,48788,14,,,0,30,,48790,14,,,0,69,,48789,14,,,0,36,,48791,14,,,0,67,,48792,14,,,0
14000701,'5078',2043,,48793,14,,,0,70,,48795,14,,,0,40,,48794,14,,,0,62,,48796,14,,,0,100,,48797,14,,,0,103,,48798,14,,,0
14000701,'5079',2043,,48799,14,,,0,70,,48801,14,,,0,40,,48800,14,,,0,62,,48802,14,,,0,100,,48803,14,,,0,103,,48804,14,,,0
