2201,'4623',554,,69054,13,,,0,66,,69056,13,,,0,89,,69057,5,,,0,26,,69055,19,,,0,69,,69058,19,,,0,32,,69060,19,,,0,103,,69059,19,,,0,67,,69061,19,,,0,30,,69062,19,,,0,99,,69052,19,,,0,69,,69064,5,,,0,29,,69065,5,,,0,100,,69063,5,,,0,71,,69053,5,,,0,101,,69066,5,,,0,31,,69067,5,,,0,69,,69068,5,,,0,104,,69069,5,,,0,37,,69070,5,,,0,100,,69071,5,,,0,70,,69072,5,,,0,103,,69074,5,,,0,33,,69073,5,,,0,88,,69075,5,0,5 49,0
2201,'4833',712,,69086,5,,,0,38,,69096,5,,,0,68,,69082,5,,,0,29,,69076,5,,,0,69,,69085,5,,,0,30,,69097,5,,,0,67,,69081,5,,,0,29,,69080,5,,,0,71,,69083,5,,,0,28,,69078,5,,,0,68,,69101,5,,,0,30,,69079,5,,,0,67,,69084,5,,,0,30,,69077,5,,,0,70,,69090,5,,,0,32,,69100,5,,,0,69,,69092,5,,,0,32,,69088,5,,,0,71,,69091,5,,,0,34,,69093,5,,,0,71,,69089,5,,,0,32,,69087,5,,,0,70,,69104,5,,,0,33,,69094,5,,,0,68,,69099,5,,,0,28,,69095,5,,,0,73,,69102,5,,,0,31,,69098,5,,,0,88,,69103,5,0,5 49,0
2201,'5015',712,,69115,5,,,0,38,,69126,5,,,0,68,,69111,5,,,0,29,,69105,5,,,0,69,,69114,5,,,0,30,,69127,5,,,0,67,,69110,5,,,0,29,,69109,5,,,0,71,,69112,5,,,0,28,,69107,5,,,0,68,,69131,5,,,0,30,,69108,5,,,0,67,,69113,5,,,0,30,,69106,5,,,0,70,,69119,5,,,0,32,,69130,5,,,0,69,,69121,5,,,0,32,,69117,5,,,0,71,,69120,5,,,0,34,,69122,5,,,0,71,,69118,5,,,0,32,,69116,5,,,0,70,,69124,5,,,0,33,,69123,5,,,0,68,,69129,5,,,0,28,,69125,5,,,0,73,,69132,5,,,0,31,,69128,5,,,0,88,,69133,5,0,5 49,0
2201,'5222',554,,69136,13,,,0,66,,69138,13,,,0,89,,69139,5,,,0,26,,69137,19,,,0,69,,69140,19,,,0,32,,69142,19,,,0,103,,69141,19,,,0,67,,69143,19,,,0,30,,69144,19,,,0,99,,69134,19,,,0,69,,69146,5,,,0,29,,69147,5,,,0,100,,69145,5,,,0,71,,69135,5,,,0,101,,69148,5,,,0,31,,69149,5,,,0,69,,69150,5,,,0,104,,69151,5,,,0,37,,69152,5,,,0,100,,69153,5,,,0,70,,69154,5,,,0,103,,69156,5,,,0,33,,69155,5,,,0,88,,69157,5,0,5 49,0
2201,'5365',740,,69166,5,,,0,80,,69167,5,,,0,29,,69159,5,,,0,67,,69160,5,,,0,29,,69169,5,,,0,69,,69168,5,,,0,29,,69158,5,,,0,69,,69162,5,,,0,30,,69163,5,,,0,70,,69161,5,,,0,28,,69165,5,,,0,69,,69164,5,,,0,30,,69171,5,,,0,70,,69172,5,,,0,31,,69170,5,,,0,70,,69174,5,,,0,35,,69173,5,,,0,71,,69176,5,,,0,30,,69175,5,,,0,70,,69177,5,,,0,33,,69178,5,,,0,70,,69179,5,,,0,91,,69180,5,0,5,0,102,,69181,5,0,5,0,111,,69182,5,0,5,0
2201,'5390',740,,69191,5,,,0,80,,69192,5,,,0,29,,69184,5,,,0,67,,69185,5,,,0,29,,69194,5,,,0,69,,69193,5,,,0,29,,69183,5,,,0,69,,69187,5,,,0,30,,69188,5,,,0,70,,69186,5,,,0,28,,69190,5,,,0,69,,69189,5,,,0,30,,69196,5,,,0,70,,69197,5,,,0,31,,69195,5,,,0,70,,69199,5,,,0,35,,69198,5,,,0,71,,69201,5,,,0,30,,69200,5,,,0,70,,69202,5,,,0,33,,69203,5,,,0,70,,69204,5,,,0,91,,69205,5,0,5,0,102,,69206,5,0,5,0,111,,69207,5,0,5,0
3800,'4623',632,,72301,30,,,0,76,,72302,30,,,0,33,,72299,30,,,0,63,,72298,30,,,0,31,,72306,30,,,0,69,,72300,30,,,0,27,,72304,30,,,0,101,,72305,30,,,0,102,,72303,30,,,0,103,,72307,30,,,0,100,,72309,30,,,0,96,,72314,30,,,0,79,,72311,30,,,0,31,,72316,30,,,0,70,,72308,30,,,0,31,,72310,30,,,0,74,,72313,30,,,0,33,,72312,30,,,0,82,,72318,30,,,0,102,,72315,30,,,0,102,,72317,30,,,0
3800,'5222',632,,72322,30,,,0,76,,72323,30,,,0,33,,72320,30,,,0,63,,72319,30,,,0,31,,72327,30,,,0,69,,72321,30,,,0,27,,72325,30,,,0,101,,72326,30,,,0,102,,72324,30,,,0,103,,72328,30,,,0,100,,72330,30,,,0,96,,72335,30,,,0,79,,72332,30,,,0,31,,72337,30,,,0,70,,72329,30,,,0,31,,72331,30,,,0,74,,72334,30,,,0,33,,72333,30,,,0,82,,72339,30,,,0,102,,72336,30,,,0,102,,72338,30,,,0
14002100,'4623',2127,,77717,27,,,0,30,,77718,27,,,0,70,,77719,27,,,0,99,,77720,27,,,0,98,,77721,27,,,0
14002100,'4833',2129,,77722,27,,,0,30,,77723,27,,,0,70,,77724,27,,,0,102,,77725,27,,,0,96,,77726,27,,,0
14002100,'5015',2129,,77727,27,,,0,30,,77728,27,,,0,70,,77729,27,,,0,102,,77730,27,,,0,96,,77731,27,,,0
14002100,'5222',2127,,77732,27,,,0,30,,77733,27,,,0,70,,77734,27,,,0,99,,77735,27,,,0,98,,77736,27,,,0
14002100,'5365',2129,,77737,27,,,0,100,,77738,27,,,0,99,,77739,27,,,0
14002100,'5390',2129,,77740,27,,,0,100,,77741,27,,,0,99,,77742,27,,,0
