3001,'4487',648,,11769,,,0,87,,11770,,,0,80,,11771,,,0,33,,11768,,,0,71,,11772,,,0,32,,11773,,,0,72,,11774,,,0,29,,11775,,,0,70,,11776,,,0,29,,11777,,,0,70,,11778,,,0,29,,11779,,,0,68,,11780,,,0,30,,11781,,,0,70,,11782,,,0,30,,11783,,,0,70,,11784,,,0,30,,11785,,,0,71,,11786,,,0,30,,11787,,,0,70,,11788,,,0,31,,11789,,,0,75,,11790,,,0,80,,11791,,,0,41,,11792,,,0,81,,11793,,,0,95,,11794,,,0,100,,11795,,,0,109,,11796,,,0,92,,11797,,,0
3001,'4743',648,,11799,,,0,87,,11800,,,0,80,,11801,,,0,33,,11798,,,0,71,,11802,,,0,32,,11803,,,0,72,,11804,,,0,29,,11805,,,0,70,,11806,,,0,29,,11807,,,0,70,,11808,,,0,29,,11809,,,0,68,,11810,,,0,30,,11811,,,0,70,,11812,,,0,30,,11813,,,0,70,,11814,,,0,30,,11815,,,0,71,,11816,,,0,30,,11817,,,0,70,,11818,,,0,31,,11819,,,0,75,,11820,,,0,80,,11821,,,0,41,,11822,,,0,81,,11823,,,0,95,,11824,,,0,100,,11825,,,0,109,,11826,,,0,92,,11827,,,0
3001,'4744',620,,11828,,,0,31,,11829,,,0,73,,11830,,,0,29,,11831,,,0,70,,11832,,,0,33,,11833,,,0,67,,11834,,,0,30,,11835,,,0,69,,11836,,,0,31,,11837,,,0,70,,11838,,,0,30,,11839,,,0,72,,11840,,,0,30,,11841,,,0,70,,11842,,,0,32,,11843,,,0,70,,11844,,,0,31,,11845,,,0,73,,11846,,,0,72,,11847,,,0,32,,11848,,,0,74,,11849,,,0,33,,11850,,,0,67,,11851,,,0,28,,11852,,,0,76,,11853,,,0,39,,11854,,,0,78,,11855,,,0,94,,11856,,,0,99,,11857,,,0,106,,11858,,,0,89,,11859,,,0
3001,'4745',749,,11860,,,0,102,,11861,,,0,81,,11862,,,0,80,,11863,,,0,38,,11864,,,0,70,,11865,,,0,30,,11866,,,0,70,,11867,,,0,29,,11868,,,0,70,,11869,,,0,30,,11870,,,0,70,,11871,,,0,30,,11872,,,0,70,,11873,,,0,31,,11874,,,0,69,,11875,,,0,31,,11876,,,0,70,,11877,,,0,32,,11878,,,0,75,,11879,,,0,80,,11880,,,0,40,,11881,,,0,81,,11882,,,0,95,,11883,,,0,100,,11884,,,0,105,,11885,,,0,105,,11886,,,0
3001,'4870',620,,11887,,,0,31,,11888,,,0,73,,11889,,,0,29,,11890,,,0,70,,11891,,,0,33,,11892,,,0,67,,11893,,,0,30,,11894,,,0,69,,11895,,,0,31,,11896,,,0,70,,11897,,,0,30,,11898,,,0,72,,11899,,,0,30,,11900,,,0,70,,11901,,,0,32,,11902,,,0,70,,11903,,,0,31,,11904,,,0,73,,11905,,,0,72,,11906,,,0,32,,11907,,,0,74,,11908,,,0,33,,11909,,,0,67,,11910,,,0,28,,11911,,,0,76,,11912,,,0,39,,11913,,,0,78,,11914,,,0,94,,11915,,,0,99,,11916,,,0,195,,11917,,,0
3001,'4872',2329,,11918,,,0
3001,'4873',2329,,11919,,,0
3001,'4875',620,,11920,,,0,31,,11921,,,0,73,,11922,,,0,29,,11923,,,0,70,,11924,,,0,33,,11925,,,0,67,,11926,,,0,30,,11927,,,0,69,,11928,,,0,31,,11929,,,0,70,,11930,,,0,30,,11931,,,0,72,,11932,,,0,30,,11933,,,0,70,,11934,,,0,32,,11935,,,0,70,,11936,,,0,31,,11937,,,0,73,,11938,,,0,72,,11939,,,0,32,,11940,,,0,74,,11941,,,0,33,,11942,,,0,67,,11943,,,0,28,,11944,,,0,76,,11945,,,0,39,,11946,,,0,78,,11947,,,0,94,,11948,,,0,99,,11949,,,0,106,,11950,,,0,89,,11951,,,0
3001,'4876',648,,11953,,,0,87,,11954,,,0,80,,11955,,,0,33,,11952,,,0,71,,11956,,,0,32,,11957,,,0,72,,11958,,,0,29,,11959,,,0,70,,11960,,,0,29,,11961,,,0,70,,11962,,,0,29,,11963,,,0,68,,11964,,,0,30,,11965,,,0,70,,11966,,,0,30,,11967,,,0,70,,11968,,,0,30,,11969,,,0,71,,11970,,,0,30,,11971,,,0,70,,11972,,,0,31,,11973,,,0,75,,11974,,,0,80,,11975,,,0,41,,11976,,,0,81,,11977,,,0,95,,11978,,,0,100,,11979,,,0,109,,11980,,,0,92,,11981,,,0
3001,'4877',749,,11982,,,0,102,,11983,,,0,81,,11984,,,0,80,,11985,,,0,38,,11986,,,0,70,,11987,,,0,30,,11988,,,0,70,,11989,,,0,29,,11990,,,0,70,,11991,,,0,30,,11992,,,0,70,,11993,,,0,30,,11994,,,0,70,,11995,,,0,31,,11996,,,0,69,,11997,,,0,31,,11998,,,0,70,,11999,,,0,32,,12000,,,0,75,,12001,,,0,80,,12002,,,0,40,,12003,,,0,81,,12004,,,0,95,,12005,,,0,100,,12006,,,0,105,,12007,,,0,105,,12008,,,0
3101,'4487',709,,12253,,,0,46,,12254,,,0,77,,12255,,,0,71,,12256,,,0,32,,12257,,,0,72,,12258,,,0,30,,12259,,,0,70,,12260,,,0,29,,12261,,,0,70,,12262,,,0,29,,12263,,,0,68,,12264,,,0,30,,12265,,,0,70,,12266,,,0,30,,12267,,,0,70,,12268,,,0,30,,12269,,,0,71,,12270,,,0,30,,12271,,,0,70,,12272,,,0,31,,12273,,,0,70,,12274,,,0,40,,12275,,,0,81,,12276,,,0,80,,12277,,,0,46,,12278,,,0,100,,12279,,,0,101,,12280,,,0,150,,12281,,,0,56,,12282,0,27,0
3101,'4743',709,,12283,,,0,46,,12284,,,0,77,,12285,,,0,71,,12286,,,0,32,,12287,,,0,72,,12288,,,0,30,,12289,,,0,70,,12290,,,0,29,,12291,,,0,70,,12292,,,0,29,,12293,,,0,68,,12294,,,0,30,,12295,,,0,70,,12296,,,0,30,,12297,,,0,70,,12298,,,0,30,,12299,,,0,71,,12300,,,0,30,,12301,,,0,70,,12302,,,0,31,,12303,,,0,70,,12304,,,0,40,,12305,,,0,81,,12306,,,0,80,,12307,,,0,46,,12308,,,0,100,,12309,,,0,101,,12310,,,0,150,,12311,,,0,56,,12312,0,27,0
3101,'4744',600,,12314,,,0,36,,12315,,,0,73,,12316,,,0,29,,12317,,,0,70,,12313,,,0,30,,12318,,,0,70,,12319,,,0,30,,12320,,,0,69,,12321,,,0,30,,12322,,,0,69,,12323,,,0,32,,12324,,,0,71,,12325,,,0,31,,12326,,,0,70,,12327,,,0,31,,12328,,,0,71,,12329,,,0,29,,12330,,,0,73,,12331,,,0,32,,12332,,,0,71,,12333,,,0,35,,12334,,,0,74,,12335,,,0,29,,12336,,,0,68,,12337,,,0,29,,12338,,,0,82,,12339,,,0,74,,12340,,,0,46,,12341,,,0,100,,12342,,,0,99,,12343,,,0,101,,12344,,,0,105,,12345,0,27,0
3101,'4745',719,,12347,,,0,102,,12348,,,0,91,,12349,,,0,40,,12350,,,0,78,,12346,,,0,75,,12351,,,0,30,,12352,,,0,70,,12353,,,0,29,,12354,,,0,70,,12355,,,0,30,,12356,,,0,70,,12357,,,0,30,,12358,,,0,70,,12359,,,0,30,,12360,,,0,70,,12361,,,0,30,,12362,,,0,71,,12363,,,0,31,,12364,,,0,71,,12365,,,0,40,,12366,,,0,80,,12367,,,0,81,,12368,,,0,47,,12369,,,0,98,,12370,,,0,100,,12371,,,0,106,,12372,,,0
3101,'4870',600,,12374,,,0,36,,12375,,,0,73,,12376,,,0,29,,12377,,,0,70,,12373,,,0,30,,12378,,,0,70,,12379,,,0,30,,12380,,,0,69,,12381,,,0,30,,12382,,,0,69,,12383,,,0,32,,12384,,,0,71,,12385,,,0,31,,12386,,,0,70,,12387,,,0,31,,12388,,,0,71,,12389,,,0,29,,12390,,,0,73,,12391,,,0,32,,12392,,,0,71,,12393,,,0,35,,12394,,,0,74,,12395,,,0,29,,12396,,,0,68,,12397,,,0,29,,12398,,,0,82,,12399,,,0,74,,12400,,,0,46,,12401,,,0,100,,12402,,,0,99,,12403,,,0,101,,12404,,,0,105,,12405,0,27,0
3101,'4875',600,,12407,,,0,36,,12408,,,0,73,,12409,,,0,29,,12410,,,0,70,,12406,,,0,30,,12411,,,0,70,,12412,,,0,30,,12413,,,0,69,,12414,,,0,30,,12415,,,0,69,,12416,,,0,32,,12417,,,0,71,,12418,,,0,31,,12419,,,0,70,,12420,,,0,31,,12421,,,0,71,,12422,,,0,29,,12423,,,0,73,,12424,,,0,32,,12425,,,0,71,,12426,,,0,35,,12427,,,0,74,,12428,,,0,29,,12429,,,0,68,,12430,,,0,29,,12431,,,0,82,,12432,,,0,74,,12433,,,0,46,,12434,,,0,100,,12435,,,0,99,,12436,,,0,101,,12437,,,0,105,,12438,0,27,0
3101,'4876',709,,12439,,,0,46,,12440,,,0,77,,12441,,,0,71,,12442,,,0,32,,12443,,,0,72,,12444,,,0,30,,12445,,,0,70,,12446,,,0,29,,12447,,,0,70,,12448,,,0,29,,12449,,,0,68,,12450,,,0,30,,12451,,,0,70,,12452,,,0,30,,12453,,,0,70,,12454,,,0,30,,12455,,,0,71,,12456,,,0,30,,12457,,,0,70,,12458,,,0,31,,12459,,,0,70,,12460,,,0,40,,12461,,,0,81,,12462,,,0,80,,12463,,,0,46,,12464,,,0,100,,12465,,,0,101,,12466,,,0,150,,12467,,,0,56,,12468,0,27,0
3101,'4877',719,,12470,,,0,102,,12471,,,0,91,,12472,,,0,40,,12473,,,0,78,,12469,,,0,75,,12474,,,0,30,,12475,,,0,70,,12476,,,0,29,,12477,,,0,70,,12478,,,0,30,,12479,,,0,70,,12480,,,0,30,,12481,,,0,70,,12482,,,0,30,,12483,,,0,70,,12484,,,0,30,,12485,,,0,71,,12486,,,0,31,,12487,,,0,71,,12488,,,0,40,,12489,,,0,80,,12490,,,0,81,,12491,,,0,47,,12492,,,0,98,,12493,,,0,100,,12494,,,0,106,,12495,,,0
3201,'4744',723,,12647,,,0,83,,12648,,,0
3201,'4870',723,,12677,,,0,83,,12678,,,0
3201,'4875',723,,12695,,,0,83,,12696,,,0
4700,'4744',703,,13639,,,0,22,,13638,,,0,30,,13637,,,0
4700,'4870',703,,13642,,,0,22,,13641,,,0,30,,13640,,,0
4700,'4875',703,,13645,,,0,22,,13644,,,0,30,,13643,,,0
4800,'4744',701,,13657,,,0,26,,13656,,,0,30,,13655,,,0
4800,'4870',701,,13660,,,0,26,,13659,,,0,30,,13658,,,0
4800,'4875',701,,13663,,,0,26,,13662,,,0,30,,13661,,,0
5300,'4744',736,,14362,,,0
5300,'4870',736,,14380,,,0
5300,'4875',736,,14391,,,0
6100,'4744',604,,15857,,,0,43,,15855,,,0,56,,15858,,,0,22,,15859,,,0,26,,15861,,,0,59,,15865,,,0,18,,15872,,,0,28,,15874,,,0
6100,'4870',604,,15915,,,0,43,,15913,,,0,56,,15916,,,0,22,,15917,,,0,26,,15919,,,0,59,,15923,,,0,18,,15930,,,0,28,,15932,,,0
6100,'4875',604,,15952,,,0,43,,15950,,,0,56,,15953,,,0,22,,15954,,,0,26,,15956,,,0,59,,15960,,,0,18,,15967,,,0,28,,15969,,,0
6500,'4744',628,,16328,,,0,104,,16330,,,0,68,,16331,,,0,41,,16329,,,0
6500,'4870',628,,16332,,,0,104,,16334,,,0,68,,16335,,,0,41,,16333,,,0
6500,'4875',628,,16336,,,0,104,,16338,,,0,68,,16339,,,0,41,,16337,,,0
7001,'4487',937,,16519,,,0,103,,16520,,,0,102,,16521,,,0,101,,16522,,,0,101,,16523,,,0,102,,16524,,,0,100,,16525,,,0,98,,16526,,,0,97,,16527,,,0,96,,16528,,,0,100,,16529,,,0,100,,16532,,,0,98,,16530,,,0,101,,16534,,,0,98,,16531,,,0,97,,16533,,,0
7001,'4743',937,,16535,,,0,103,,16536,,,0,102,,16537,,,0,101,,16538,,,0,101,,16539,,,0,102,,16540,,,0,100,,16541,,,0,98,,16542,,,0,97,,16543,,,0,96,,16544,,,0,100,,16545,,,0,100,,16548,,,0,98,,16546,,,0,199,,16547,,,0,97,,16549,,,0
7001,'4744',736,,16556,,,0,107,,16550,,,0,97,,16559,,,0,98,,16551,,,0,104,,16552,,,0,100,,16565,,,0,101,,16563,,,0,101,,16553,,,0,106,,16558,,,0,99,,16561,,,0,67,,16554,,,0,33,,16555,,,0,94,,16557,,,0,97,,16560,,,0,200,,16562,,,0,197,,16564,,,0
7001,'4745',832,,16582,,,0,105,,16566,,,0,100,,16580,,,0,101,,16567,,,0,100,,16568,,,0,104,,16569,,,0,100,,16570,,,0,102,,16571,,,0,97,,16572,,,0,102,,16573,,,0,96,,16574,,,0,101,,16575,,,0,100,,16576,,,0,99,,16577,,,0,101,,16581,,,0,97,,16578,,,0,97,,16579,,,0
7001,'4870',736,,16588,,,0,107,,16583,,,0,97,,16591,,,0,98,,16584,,,0,204,,16597,,,0,101,,16595,,,0,101,,16585,,,0,106,,16590,,,0,99,,16593,,,0,67,,16586,,,0,33,,16587,,,0,94,,16589,,,0,97,,16592,,,0,200,,16594,,,0,197,,16596,,,0
7001,'4871',1142,,16598,,,0
7001,'4874',1142,,16599,,,0
7001,'4875',736,,16606,,,0,107,,16600,,,0,97,,16609,,,0,98,,16601,,,0,104,,16602,,,0,100,,16615,,,0,101,,16613,,,0,101,,16603,,,0,106,,16608,,,0,99,,16611,,,0,67,,16604,,,0,33,,16605,,,0,94,,16607,,,0,97,,16610,,,0,200,,16612,,,0,197,,16614,,,0
7001,'4876',937,,16616,,,0,103,,16617,,,0,102,,16618,,,0,101,,16619,,,0,101,,16620,,,0,102,,16621,,,0,100,,16622,,,0,98,,16623,,,0,97,,16624,,,0,96,,16625,,,0,100,,16626,,,0,198,,16627,,,0,199,,16628,,,0
7001,'4877',937,,16629,,,0,201,,16630,,,0,100,,16631,,,0,104,,16632,,,0,100,,16633,,,0,102,,16634,,,0,97,,16635,,,0,102,,16636,,,0,96,,16637,,,0,101,,16638,,,0,100,,16639,,,0,99,,16640,,,0,198,,16641,,,0,97,,16642,,,0
7101,'4744',640,,16654,,,0,71,,16653,,,0,91,,16652,,,0
7101,'4870',640,,16657,,,0,71,,16656,,,0,91,,16655,,,0
7101,'4875',640,,16660,,,0,71,,16659,,,0,91,,16658,,,0
7201,'4487',752,,16920,,,0,100,,16921,,,0,73,,16922,,,0,33,,16923,,,0,70,,16924,,,0,72,,16925,,,0,31,,16926,,,0,71,,16927,,,0,30,,16928,,,0,70,,16919,,,0,30,,16929,,,0,69,,16930,,,0,31,,16931,,,0,74,,16932,,,0,31,,16933,,,0,68,,16934,,,0,32,,16935,,,0,68,,16936,,,0,27,,16937,,,0,27,,16938,,,0,70,,16939,,,0,28,,16940,,,0,70,,16941,,,0,28,,16942,,,0,70,,16943,,,0,31,,16944,,,0,68,,16945,,,0,30,,16946,,,0,100,,16947,,,0,97,,16948,,,0,96,,16949,,,0
7201,'4743',752,,16951,,,0,100,,16952,,,0,73,,16953,,,0,33,,16954,,,0,70,,16955,,,0,72,,16956,,,0,31,,16957,,,0,71,,16958,,,0,30,,16959,,,0,70,,16950,,,0,30,,16960,,,0,69,,16961,,,0,31,,16962,,,0,74,,16963,,,0,31,,16964,,,0,68,,16965,,,0,32,,16966,,,0,68,,16967,,,0,27,,16968,,,0,27,,16969,,,0,70,,16970,,,0,28,,16971,,,0,70,,16972,,,0,28,,16973,,,0,70,,16974,,,0,31,,16975,,,0,68,,16976,,,0,30,,16977,,,0,100,,16978,,,0,97,,16979,,,0,96,,16980,,,0
7201,'4744',622,,17008,,,0,82,,16998,,,0,32,,17009,,,0,75,,17000,,,0,32,,16984,,,0,59,,16985,,,0,27,,17007,,,0,29,,17013,,,0,70,,16991,,,0,31,,17006,,,0,70,,16999,,,0,73,,16981,,,0,30,,17010,,,0,70,,16997,,,0,31,,16989,,,0,70,,16982,,,0,31,,16983,,,0,72,,16990,,,0,34,,16988,,,0,71,,17014,,,0,31,,16987,,,0,66,,16992,,,0,27,,16996,,,0,69,,16994,,,0,29,,16995,,,0,67,,16993,,,0,30,,17015,,,0,28,,17002,,,0,70,,17003,,,0,30,,17001,,,0,70,,17004,,,0,30,,17005,,,0,96,,17012,,,0,96,,17011,,,0,98,,17016,,,0
7201,'4745',750,,17018,,,0,102,,17019,,,0,102,,17020,,,0,146,,17021,,,0,100,,17022,,,0,30,,17023,,,0,70,,17017,,,0,30,,17024,,,0,70,,17025,,,0,30,,17026,,,0,70,,17027,,,0,31,,17028,,,0,69,,17029,,,0,30,,17030,,,0,29,,17031,,,0,70,,17032,,,0,74,,17033,,,0,30,,17034,,,0,68,,17035,,,0,29,,17036,,,0,70,,17037,,,0,29,,17038,,,0,30,,17039,,,0,70,,17040,,,0,29,,17041,,,0,100,,17042,,,0,96,,17043,,,0
7201,'4870',622,,17068,,,0,82,,17058,,,0,32,,17069,,,0,75,,17060,,,0,32,,17047,,,0,86,,17067,,,0,29,,17073,,,0,70,,17052,,,0,31,,17066,,,0,70,,17059,,,0,73,,17044,,,0,30,,17070,,,0,70,,17057,,,0,31,,17051,,,0,70,,17045,,,0,31,,17046,,,0,106,,17050,,,0,71,,17074,,,0,31,,17049,,,0,66,,17053,,,0,27,,17056,,,0,69,,17055,,,0,96,,17054,,,0,30,,17075,,,0,28,,17062,,,0,70,,17063,,,0,30,,17061,,,0,70,,17064,,,0,30,,17065,,,0,96,,17072,,,0,96,,17071,,,0,98,,17076,,,0
7201,'4871',902,,17077,,,0,604,,17078,,,0,327,,17079,,,0
7201,'4874',902,,17081,,,0,607,,17080,,,0,324,,17082,,,0
7201,'4875',622,,17110,,,0,82,,17100,,,0,32,,17111,,,0,75,,17102,,,0,32,,17086,,,0,59,,17088,,,0,27,,17109,,,0,29,,17115,,,0,70,,17093,,,0,31,,17108,,,0,70,,17101,,,0,73,,17083,,,0,30,,17112,,,0,70,,17099,,,0,31,,17092,,,0,70,,17084,,,0,31,,17085,,,0,75,,17087,,,0,31,,17091,,,0,71,,17116,,,0,31,,17090,,,0,66,,17094,,,0,27,,17098,,,0,69,,17096,,,0,29,,17097,,,0,67,,17095,,,0,30,,17117,,,0,28,,17104,,,0,70,,17105,,,0,30,,17103,,,0,70,,17106,,,0,30,,17107,,,0,96,,17114,,,0,96,,17113,,,0,98,,17118,,,0
7201,'4876',752,,17120,,,0,100,,17121,,,0,73,,17122,,,0,33,,17123,,,0,70,,17124,,,0,72,,17125,,,0,31,,17126,,,0,71,,17127,,,0,30,,17128,,,0,70,,17119,,,0,30,,17129,,,0,69,,17130,,,0,31,,17131,,,0,74,,17132,,,0,31,,17133,,,0,68,,17134,,,0,32,,17135,,,0,68,,17136,,,0,27,,17137,,,0,27,,17138,,,0,70,,17139,,,0,28,,17140,,,0,70,,17141,,,0,28,,17142,,,0,70,,17143,,,0,31,,17144,,,0,68,,17145,,,0,30,,17146,,,0,100,,17147,,,0,97,,17148,,,0,96,,17149,,,0
7201,'4877',750,,17151,,,0,102,,17152,,,0,102,,17153,,,0,146,,17154,,,0,100,,17155,,,0,30,,17156,,,0,70,,17150,,,0,30,,17157,,,0,70,,17158,,,0,30,,17159,,,0,70,,17160,,,0,31,,17161,,,0,69,,17162,,,0,30,,17163,,,0,29,,17164,,,0,70,,17165,,,0,74,,17166,,,0,30,,17167,,,0,68,,17168,,,0,29,,17169,,,0,70,,17170,,,0,29,,17171,,,0,30,,17172,,,0,70,,17173,,,0,29,,17174,,,0,100,,17175,,,0,96,,17176,,,0
7501,'4487',818,,17409,,,0,102,,17410,,,0,114,,17411,,,0,104,,17412,,,0,101,,17413,,,0,70,,17414,,,0,31,,17415,,,0,70,,17416,,,0,30,,17417,,,0,73,,17418,,,0,30,,17419,,,0,70,,17420,,,0,30,,17421,,,0,70,,17422,,,0,30,,17423,,,0,96,,17424,,,0,94,,17425,,,0,98,,17426,,,0,100,,17427,,,0,100,,17428,,,0
7501,'4743',818,,17432,,,0,102,,17433,,,0,114,,17434,,,0,104,,17435,,,0,101,,17436,,,0,70,,17437,,,0,31,,17438,,,0,70,,17439,,,0,30,,17440,,,0,73,,17441,,,0,30,,17442,,,0,70,,17443,,,0,30,,17444,,,0,70,,17445,,,0,30,,17446,,,0,96,,17447,,,0,94,,17448,,,0,98,,17449,,,0,100,,17450,,,0,100,,17451,,,0
7501,'4744',617,,17454,,,0,28,,17455,,,0,64,,17456,,,0,21,,17457,,,0,25,,17458,,,0,65,,17459,,,0,19,,17460,,,0,20,,17461,,,0,63,,17462,,,0,32,,17463,,,0,80,,17464,,,0,71,,17465,,,0,33,,17466,,,0,69,,17467,,,0,30,,17468,,,0,71,,17469,,,0,30,,17470,,,0,70,,17471,,,0,33,,17472,,,0,73,,17473,,,0,32,,17474,,,0,63,,17490,,,0,8,,17475,,,0,18,,17476,,,0,14,,17477,,,0,9,,17478,,,0,54,,17479,,,0,5,,17480,,,0,27,,17481,,,0,66,,17482,,,0,29,,17483,,,0,98,,17484,,,0,96,,17485,,,0,100,,17486,,,0,98,,17487,,,0
7501,'4745',920,,17493,,,0,111,,17494,,,0,101,,17495,,,0,104,,17496,,,0,71,,17497,,,0,30,,17498,,,0,70,,17499,,,0,30,,17500,,,0,71,,17501,,,0,31,,17502,,,0,70,,17503,,,0,30,,17504,,,0,100,,17505,,,0,101,,17506,,,0,98,,17507,,,0,98,,17508,,,0,99,,17509,,,0,100,,17510,,,0
7501,'4870',617,,17513,,,0,28,,17514,,,0,64,,17515,,,0,21,,17516,,,0,25,,17517,,,0,65,,17518,,,0,19,,17519,,,0,20,,17520,,,0,63,,17521,,,0,32,,17522,,,0,80,,17523,,,0,71,,17524,,,0,33,,17525,,,0,69,,17526,,,0,30,,17527,,,0,71,,17528,,,0,30,,17529,,,0,70,,17530,,,0,33,,17531,,,0,73,,17532,,,0,32,,17533,,,0,63,,17547,,,0,8,,17534,,,0,18,,17535,,,0,14,,17536,,,0,9,,17537,,,0,54,,17538,,,0,5,,17539,,,0,27,,17540,,,0,66,,17541,,,0,29,,17542,,,0,98,,17543,,,0,196,,17544,,,0,98,,17545,,,0
7501,'4872',2033,,17548,,,0
7501,'4873',2033,,17550,,,0
7501,'4875',617,,17552,,,0,28,,17553,,,0,64,,17554,,,0,21,,17555,,,0,25,,17556,,,0,65,,17557,,,0,19,,17558,,,0,20,,17559,,,0,63,,17560,,,0,32,,17561,,,0,80,,17562,,,0,71,,17563,,,0,33,,17564,,,0,69,,17565,,,0,30,,17566,,,0,71,,17567,,,0,30,,17568,,,0,70,,17569,,,0,33,,17570,,,0,73,,17571,,,0,32,,17572,,,0,63,,17588,,,0,8,,17573,,,0,18,,17574,,,0,14,,17575,,,0,9,,17576,,,0,54,,17577,,,0,5,,17578,,,0,27,,17579,,,0,66,,17580,,,0,29,,17581,,,0,98,,17582,,,0,96,,17583,,,0,100,,17584,,,0,98,,17585,,,0
7501,'4876',818,,17590,,,0,102,,17591,,,0,114,,17592,,,0,104,,17593,,,0,101,,17594,,,0,70,,17595,,,0,31,,17596,,,0,70,,17597,,,0,30,,17598,,,0,73,,17599,,,0,30,,17600,,,0,70,,17601,,,0,30,,17602,,,0,70,,17603,,,0,30,,17604,,,0,96,,17605,,,0,94,,17606,,,0,98,,17607,,,0,100,,17608,,,0,100,,17609,,,0
7501,'4877',920,,17614,,,0,111,,17615,,,0,101,,17616,,,0,104,,17617,,,0,71,,17618,,,0,30,,17619,,,0,70,,17620,,,0,30,,17621,,,0,71,,17622,,,0,31,,17623,,,0,70,,17624,,,0,30,,17625,,,0,100,,17626,,,0,101,,17627,,,0,98,,17628,,,0,98,,17629,,,0,99,,17630,,,0,100,,17631,,,0
24007001,'4487',930,,20456,,,0,103,,20463,,,0,103,,20449,,,0,101,,20457,,,0,100,,20450,,,0,104,,20458,,,0,100,,20451,,,0,98,,20459,,,0,96,,20452,,,0,97,,20460,,,0,99,,20453,,,0,100,,20461,,,0,99,,20454,,,0,198,,20462,,,0,193,,20455,0,27,0
24007001,'4743',930,,20471,,,0,206,,20464,,,0,101,,20472,,,0,100,,20465,,,0,104,,20473,,,0,100,,20466,,,0,98,,20474,,,0,96,,20467,,,0,97,,20475,,,0,99,,20468,,,0,100,,20476,,,0,99,,20469,,,0,198,,20477,,,0,193,,20470,0,27,0
24007001,'4744',2522,,20478,0,27,0
24007001,'4745',928,,20492,,,0,101,,20491,,,0,102,,20479,,,0,103,,20486,,,0,103,,20480,,,0,100,,20487,,,0,103,,20481,,,0,98,,20488,,,0,100,,20482,,,0,97,,20489,,,0,99,,20483,,,0,98,,20490,,,0,100,,20484,,,0,309,,20485,0,27,0
24007001,'4870',2522,,20493,0,27,0
24007001,'4875',1337,,20497,,,0,207,,20499,,,0,199,,20498,,,0,190,,20495,,,0,200,,20496,,,0,389,,20494,0,27,0
24007001,'4876',1136,,20500,,,0,201,,20501,,,0,204,,20502,,,0,194,,20503,,,0,196,,20504,,,0,199,,20505,,,0,391,,20506,0,27,0
24007001,'4877',1131,,20507,,,0,206,,20508,,,0,203,,20509,,,0,198,,20510,,,0,196,,20511,,,0,198,,20512,,,0,309,,20513,0,27,0
