7000,'4487',752,,16353,,,0,56,,16354,,,0,98,,16355,,,0,46,,16356,,,0,54,,16352,,,0,44,,16371,,,0,54,,16357,,,0,45,,16358,,,0,57,,16359,,,0,43,,16378,,,0,55,,16360,,,0,45,,16361,,,0,56,,16362,,,0,42,,16372,,,0,59,,16363,,,0,43,,16364,,,0,56,,16365,,,0,40,,16373,,,0,60,,16366,,,0,44,,16367,,,0,57,,16368,,,0,43,,16375,,,0,59,,16374,,,0,43,,16376,,,0,57,,16369,,,0,102,,16377,,,0,110,,16370,,,0
7000,'4744',610,,16409,,,0,92,,16406,,,0,103,,16410,,,0,101,,16404,,,0,99,,16407,,,0,99,,16418,,,0,99,,16416,,,0,100,,16405,,,0,100,,16412,,,0,100,,16414,,,0,99,,16408,,,0,102,,16411,,,0,104,,16413,,,0,199,,16415,,,0,208,,16417,,,0
7000,'4745',612,,16419,,,0,99,,16438,,,0,44,,16439,,,0,54,,16420,,,0,45,,16440,,,0,54,,16441,,,0,44,,16421,,,0,54,,16422,,,0,45,,16442,,,0,55,,16423,,,0,45,,16424,,,0,55,,16425,,,0,43,,16443,,,0,56,,16426,,,0,44,,16427,,,0,56,,16428,,,0,45,,16444,,,0,55,,16429,,,0,44,,16430,,,0,56,,16431,,,0,44,,16445,,,0,57,,16432,,,0,45,,16433,,,0,56,,16434,,,0,46,,16446,,,0,55,,16435,,,0,101,,16436,,,0,210,,16437,,,0
7000,'4947',610,,16451,,,0,92,,16449,,,0,103,,16452,,,0,101,,16447,,,0,198,,16460,,,0,99,,16458,,,0,100,,16448,,,0,100,,16454,,,0,100,,16456,,,0,99,,16450,,,0,102,,16453,,,0,104,,16455,,,0,199,,16457,,,0,208,,16459,,,0
7000,'4948',1005,,16461,,,0
7000,'4951',1005,,16462,,,0
7000,'4952',610,,16468,,,0,92,,16465,,,0,103,,16469,,,0,101,,16463,,,0,99,,16466,,,0,99,,16477,,,0,99,,16475,,,0,100,,16464,,,0,40,,16479,,,0,60,,16471,,,0,100,,16473,,,0,39,,16480,,,0,60,,16467,,,0,102,,16470,,,0,47,,16478,,,0,57,,16472,,,0,199,,16474,,,0,208,,16476,,,0
7000,'4953',752,,16482,,,0,56,,16483,,,0,98,,16484,,,0,46,,16485,,,0,54,,16481,,,0,98,,16486,,,0,45,,16487,,,0,57,,16488,,,0,98,,16489,,,0,45,,16490,,,0,56,,16491,,,0,101,,16492,,,0,43,,16493,,,0,56,,16494,,,0,100,,16495,,,0,44,,16496,,,0,57,,16497,,,0,202,,16498,,,0,212,,16499,,,0
7000,'4954',612,,16500,,,0,197,,16501,,,0,143,,16502,,,0,54,,16503,,,0,100,,16504,,,0,45,,16505,,,0,55,,16506,,,0,99,,16507,,,0,44,,16508,,,0,56,,16509,,,0,100,,16510,,,0,44,,16511,,,0,56,,16512,,,0,101,,16513,,,0,45,,16514,,,0,56,,16515,,,0,101,,16516,,,0,101,,16517,,,0,210,,16518,,,0
7100,'4744',1536,,16643,,,0,105,,16644,,,0,105,,16645,,,0
7100,'4947',1536,,16646,,,0,105,,16647,,,0,105,,16648,,,0
7100,'4952',1536,,16649,,,0,105,,16650,,,0,105,,16651,,,0
7200,'4487',602,,16661,,,0,57,,16662,,,0,73,,16663,,,0,27,,16664,,,0,69,,16665,,,0,30,,16666,,,0,70,,16667,,,0,30,,16668,,,0,70,,16669,,,0,28,,16670,,,0,70,,16671,,,0,30,,16672,,,0,69,,16673,,,0,30,,16674,,,0,69,,16675,,,0,30,,16676,,,0,70,,16677,,,0,30,,16678,,,0,70,,16679,,,0,30,,16680,,,0,70,,16681,,,0,30,,16682,,,0,70,,16683,,,0,31,,16684,,,0,70,,16685,,,0,30,,16686,,,0,71,,16687,,,0,32,,16688,,,0,69,,16689,,,0,30,,16690,,,0,99,,16691,,,0,102,,16692,,,0,160,,22387,0,10 11 12,0
7200,'4744',551,,16751,,,0,69,,16745,,,0,36,,16734,,,0,68,,16750,,,0,29,,16757,,,0,71,,16738,,,0,31,,16752,,,0,69,,16746,,,0,30,,16730,,,0,71,,16753,,,0,30,,16742,,,0,68,,16736,,,0,30,,16728,,,0,70,,16729,,,0,29,,16735,,,0,70,,16727,,,0,30,,16758,,,0,70,,16731,,,0,29,,16739,,,0,69,,16733,,,0,30,,16732,,,0,69,,16737,,,0,31,,16740,,,0,72,,16759,,,0,33,,16747,,,0,69,,16741,,,0,30,,16744,,,0,71,,16743,,,0,30,,16749,,,0,73,,16755,,,0,30,,16748,,,0,98,,16754,,,0,102,,16756,,,0,158,,16760,0,10 11 12,0
7200,'4745',700,,16762,,,0,59,,16763,,,0,100,,16764,,,0,98,,16765,,,0,99,,16761,,,0,70,,16766,,,0,29,,16767,,,0,70,,16768,,,0,29,,16769,,,0,70,,16770,,,0,30,,16771,,,0,70,,16772,,,0,30,,16773,,,0,70,,16774,,,0,30,,16775,,,0,70,,16776,,,0,30,,16777,,,0,71,,16778,,,0,31,,16779,,,0,71,,16780,,,0,30,,16781,,,0,70,,16782,,,0,31,,16783,,,0,99,,16784,,,0,101,,16785,,,0,143,,16786,,,0,36,,16787,0,10 11 12,0
7200,'4947',551,,16809,,,0,69,,16803,,,0,104,,16808,,,0,29,,16815,,,0,71,,16796,,,0,31,,16810,,,0,69,,16804,,,0,30,,16791,,,0,71,,16811,,,0,30,,16800,,,0,68,,16795,,,0,30,,16789,,,0,70,,16790,,,0,99,,16788,,,0,30,,16816,,,0,70,,16792,,,0,29,,16797,,,0,69,,16794,,,0,30,,16793,,,0,100,,16798,,,0,72,,16817,,,0,33,,16805,,,0,69,,16799,,,0,30,,16802,,,0,71,,16801,,,0,30,,16807,,,0,73,,16813,,,0,30,,16806,,,0,98,,16812,,,0,102,,16814,,,0,158,,16818,0,10 11 12,0
7200,'4948',656,,16819,,,0,596,,16820,,,0,367,,16821,,,0
7200,'4951',656,,16822,,,0,596,,16823,,,0,367,,16824,,,0
7200,'4952',551,,16849,,,0,69,,16843,,,0,36,,16832,,,0,68,,16848,,,0,29,,16855,,,0,71,,16836,,,0,31,,16850,,,0,69,,16844,,,0,30,,16828,,,0,71,,16851,,,0,30,,16840,,,0,68,,16834,,,0,30,,16826,,,0,70,,16827,,,0,29,,16833,,,0,70,,16825,,,0,30,,16856,,,0,70,,16829,,,0,29,,16837,,,0,69,,16831,,,0,30,,16830,,,0,69,,16835,,,0,31,,16838,,,0,72,,16857,,,0,33,,16845,,,0,69,,16839,,,0,30,,16842,,,0,71,,16841,,,0,30,,16847,,,0,73,,16853,,,0,30,,16846,,,0,98,,16852,,,0,102,,16854,,,0,158,,16858,0,10 11 12,0
7200,'4953',602,,16859,,,0,57,,16860,,,0,73,,16861,,,0,27,,16862,,,0,69,,16863,,,0,30,,16864,,,0,70,,16865,,,0,30,,16866,,,0,70,,16867,,,0,28,,16868,,,0,70,,16869,,,0,30,,16870,,,0,69,,16871,,,0,30,,16872,,,0,69,,16873,,,0,30,,16874,,,0,70,,16875,,,0,30,,16876,,,0,70,,16877,,,0,30,,16878,,,0,70,,16879,,,0,30,,16880,,,0,70,,16881,,,0,31,,16882,,,0,70,,16883,,,0,30,,16884,,,0,71,,16885,,,0,32,,16886,,,0,69,,16887,,,0,30,,16888,,,0,99,,16889,,,0,102,,16890,,,0,160,,16891,0,10 11 12,0
7200,'4954',700,,16893,,,0,59,,16894,,,0,100,,16895,,,0,98,,16896,,,0,99,,16892,,,0,70,,16897,,,0,29,,16898,,,0,70,,16899,,,0,29,,16900,,,0,70,,16901,,,0,30,,16902,,,0,70,,16903,,,0,30,,16904,,,0,70,,16905,,,0,30,,16906,,,0,70,,16907,,,0,30,,16908,,,0,71,,16909,,,0,31,,16910,,,0,71,,16911,,,0,30,,16912,,,0,70,,16913,,,0,31,,16914,,,0,99,,16915,,,0,101,,16916,,,0,143,,16917,,,0,36,,16918,0,10 11 12,0
7500,'4487',642,,17178,0,13 14,0,93,,22388,0,13 14,0,98,,22389,0,13 14,0,95,,17177,0,13 14,0,98,,17181,0,13 14,0,100,,17182,0,13 14,0,30,,22390,0,13 14,0,71,,22391,0,13 14,0,29,,17185,0,13 14,0,71,,17186,0,13 14,0,24,,17187,0,13 14,0,76,,22392,0,13 14,0,30,,17189,0,13 14,0,70,,22393,0,13 14,0,31,,17191,0,13 14,0,70,,22394,0,13 14,0,100,,17193,0,13 14,0,102,,22395,0,13 14,0,101,,22396,0,13 14,0,100,,22397,0,13 14,0,100,,17197,0,13 14,0,107,,22398,0,13 14,0,101,,22399,0,13 14,0
7500,'4744',526,,17224,0,13 14,0,18,,17225,0,13 14,0,58,,17226,0,13 14,0,19,,17227,0,13 14,0,17,,17223,0,13 14,0,18,,17228,0,13 14,0,55,,17229,0,13 14,0,16,,17230,0,13 14,0,17,,17231,0,13 14,0,62,,17232,0,13 14,0,23,,17233,0,13 14,0,25,,17234,0,13 14,0,71,,17235,0,13 14,0,76,,17236,0,13 14,0,25,,17237,0,13 14,0,30,,17238,0,13 14,0,68,,22400,0,13 14,0,30,,17240,0,13 14,0,70,,17241,0,13 14,0,30,,17242,0,13 14,0,69,,17243,0,13 14,0,30,,17244,0,13 14,0,63,,17245,0,13 14,0,31,,17246,0,13 14,0,74,,17247,0,13 14,0,30,,17248,0,13 14,0,71,,17249,0,13 14,0,24,,17250,0,13 14,0,60,,17251,0,13 14,0,21,,17252,0,13 14,0,17,,17253,0,13 14,0,62,,17254,0,13 14,0,19,,22401,0,13 14,0,27,,17256,0,13 14,0,77,,17257,0,13 14,0,107,,17258,0,13 14,0,97,,17259,0,13 14,0,105,,22402,0,13 14,0,107,,17261,0,13 14,0
7500,'4745',636,,17262,0,13 14,0,99,,22403,0,13 14,0,101,,22404,0,13 14,0,93,,17265,0,13 14,0,98,,22405,0,13 14,0,100,,22406,0,13 14,0,30,,22407,0,13 14,0,70,,17269,0,13 14,0,29,,17270,0,13 14,0,70,,17271,0,13 14,0,30,,22408,0,13 14,0,70,,22409,0,13 14,0,30,,17274,0,13 14,0,70,,22410,0,13 14,0,100,,22411,0,13 14,0,101,,17277,0,13 14,0,103,,22412,0,13 14,0,103,,17279,0,13 14,0,102,,22413,0,13 14,0,97,,17281,0,13 14,0,176,,17282,0,13 14,0
7500,'4947',526,,17284,0,13 14,0,18,,17285,0,13 14,0,58,,17286,0,13 14,0,19,,17287,0,13 14,0,17,,17283,0,13 14,0,18,,17288,0,13 14,0,55,,17289,0,13 14,0,16,,17290,0,13 14,0,17,,17291,0,13 14,0,62,,17292,0,13 14,0,23,,17293,0,13 14,0,25,,17294,0,13 14,0,71,,17295,0,13 14,0,76,,17296,0,13 14,0,25,,17297,0,13 14,0,30,,17298,0,13 14,0,68,,22414,0,13 14,0,30,,17300,0,13 14,0,70,,17301,0,13 14,0,30,,17302,0,13 14,0,69,,17303,0,13 14,0,30,,17304,0,13 14,0,63,,17305,0,13 14,0,31,,17306,0,13 14,0,74,,17307,0,13 14,0,30,,17308,0,13 14,0,71,,17309,0,13 14,0,105,,17310,0,13 14,0,17,,17311,0,13 14,0,62,,17312,0,13 14,0,19,,22415,0,13 14,0,27,,17314,0,13 14,0,77,,17315,0,13 14,0,107,,17316,0,13 14,0,202,,22416,0,13 14,0,107,,17318,0,13 14,0
7500,'4949',1646,,17322,0,13 14,0,60,,17323,0,13 14,0,427,,17324,0,13 14,0
7500,'4950',1646,,17319,0,13 14,0,60,,17320,0,13 14,0,427,,17321,0,13 14,0
7500,'4952',526,,17326,0,13 14,0,18,,17327,0,13 14,0,58,,17328,0,13 14,0,19,,17329,0,13 14,0,17,,17325,0,13 14,0,18,,17330,0,13 14,0,55,,17331,0,13 14,0,16,,17332,0,13 14,0,17,,17333,0,13 14,0,62,,17334,0,13 14,0,23,,17335,0,13 14,0,25,,17336,0,13 14,0,71,,17337,0,13 14,0,76,,17338,0,13 14,0,25,,17339,0,13 14,0,30,,17340,0,13 14,0,68,,22417,0,13 14,0,30,,17342,0,13 14,0,70,,17343,0,13 14,0,30,,17344,0,13 14,0,69,,17345,0,13 14,0,30,,17346,0,13 14,0,63,,17347,0,13 14,0,31,,17348,0,13 14,0,74,,17349,0,13 14,0,30,,17350,0,13 14,0,71,,17351,0,13 14,0,24,,17352,0,13 14,0,60,,17353,0,13 14,0,21,,17354,0,13 14,0,17,,17355,0,13 14,0,62,,17356,0,13 14,0,19,,22418,0,13 14,0,27,,17358,0,13 14,0,77,,17359,0,13 14,0,107,,17360,0,13 14,0,97,,17361,0,13 14,0,105,,22419,0,13 14,0,107,,17363,0,13 14,0
7500,'4953',642,,17365,0,13 14,0,93,,17366,0,13 14,0,98,,17367,0,13 14,0,95,,17364,0,13 14,0,98,,17368,0,13 14,0,100,,17369,0,13 14,0,30,,17370,0,13 14,0,71,,22420,0,13 14,0,29,,17372,0,13 14,0,71,,22421,0,13 14,0,24,,17374,0,13 14,0,76,,17375,0,13 14,0,30,,17376,0,13 14,0,70,,22422,0,13 14,0,31,,17378,0,13 14,0,70,,17379,0,13 14,0,100,,17380,0,13 14,0,102,,17381,0,13 14,0,101,,22423,0,13 14,0,100,,17383,0,13 14,0,100,,17384,0,13 14,0,107,,17385,0,13 14,0,101,,22424,0,13 14,0
7500,'4954',636,,17387,0,13 14,0,99,,22425,0,13 14,0,101,,22426,0,13 14,0,93,,17390,0,13 14,0,98,,17391,0,13 14,0,100,,17392,0,13 14,0,30,,22427,0,13 14,0,70,,22428,0,13 14,0,29,,17395,0,13 14,0,70,,22429,0,13 14,0,30,,17397,0,13 14,0,70,,17398,0,13 14,0,30,,17399,0,13 14,0,70,,17400,0,13 14,0,100,,22430,0,13 14,0,101,,17402,0,13 14,0,103,,17403,0,13 14,0,103,,17404,0,13 14,0,102,,17405,0,13 14,0,97,,17406,0,13 14,0,176,,22431,0,13 14,0
