1200,'4623',632,,66782,10,,,0,80,,66783,10,,,0,26,,66784,10,,,0,87,,66785,10,,,0,30,,66800,10,,,0,70,,66789,10,,,0,85,,66786,10,,,0,45,,66787,10,,,0,85,,66790,10,,,0,85,,66792,10,,,0,85,,66791,10,,,0,45,,66788,10,,,0,87,,66793,10,,,0,87,,66794,10,,,0,99,,66795,10,,,0,86,,66797,10,,,0,44,,66796,10,,,0,84,,66798,10,,,0,91,,66799,10,,,0
1200,'4833',925,,66802,10,,,0,101,,66807,10,,,0,102,,66809,10,,,0,100,,66801,10,,,0,100,,66803,10,,,0,100,,66806,10,,,0,100,,66810,10,,,0,100,,66804,10,,,0,103,,66805,10,,,0,99,,66808,10,,,0,99,,66811,10,,,0
1200,'5015',925,,66813,10,,,0,101,,66818,10,,,0,102,,66820,10,,,0,100,,66812,10,,,0,100,,66814,10,,,0,100,,66817,10,,,0,100,,66821,10,,,0,100,,66815,10,,,0,103,,66816,10,,,0,99,,66819,10,,,0,99,,66822,10,,,0
1200,'5222',632,,66823,10,,,0,80,,66824,10,,,0,26,,66825,10,,,0,87,,66826,10,,,0,30,,66841,10,,,0,70,,66830,10,,,0,85,,66827,10,,,0,45,,66828,10,,,0,85,,66831,10,,,0,85,,66833,10,,,0,85,,66832,10,,,0,45,,66829,10,,,0,87,,66834,10,,,0,87,,66835,10,,,0,99,,66836,10,,,0,86,,66838,10,,,0,44,,66837,10,,,0,84,,66839,10,,,0,91,,66840,10,,,0
1200,'5365',925,,66843,10,,,0,101,,66842,10,,,0,101,,66845,10,,,0,100,,66844,10,,,0,100,,66846,10,,,0,100,,66848,10,,,0,100,,66849,10,,,0,100,,66847,10,,,0,103,,66850,10,,,0,99,,66851,10,,,0,100,,66852,10,,,0
1200,'5390',925,,66854,10,,,0,101,,66853,10,,,0,101,,66856,10,,,0,100,,66855,10,,,0,100,,66857,10,,,0,100,,66859,10,,,0,100,,66860,10,,,0,100,,66858,10,,,0,103,,66861,10,,,0,99,,66862,10,,,0,100,,66863,10,,,0
2800,'4623',543,,70846,8,,,0,66,,70849,34,,,0,24,,70845,34,,,0,22,,70844,34,,,0,51,,70847,34,,,0,12,,70867,34,,,0,12,,70848,34,,,0,12,,70875,8,,,0,11,,70852,34,,,0,53,,70863,34,,,0,12,,70853,34,,,0,22,,70850,34,,,0,60,,70851,34,,,0,25,,70893,34,,,0,23,,70854,34,,,0,66,,70855,34,,,0,26,,70868,34,,,0,66,,70873,34,,,0,27,,70860,34,,,0,67,,70856,34,,,0,24,,70857,34,,,0,27,,70859,34,,,0,66,,70858,34,,,0,27,,70866,34,,,0,66,,70874,34,,,0,24,,70862,34,,,0,24,,70861,34,,,0,62,,70886,34,,,0,35,,70865,34,,,0,71,,70864,34,,,0,33,,70887,34,,,0,72,,70882,34,,,0,70,,70888,34,,,0,29,,70869,34,,,0,16,,70889,34,,,0,57,,70876,34,,,0,22,,70872,34,,,0,25,,70870,34,,,0,67,,70871,34,,,0,29,,70881,34,,,0,68,,70878,34,,,0,29,,70880,34,,,0,69,,70879,34,,,0,30,,70877,34,,,0,79,,70884,34,,,0,38,,70885,34,,,0,80,,70883,34,,,0,80,,70890,34,,,0,39,,70892,34,,,0,80,,70891,34,,,0
2800,'4833',638,,70895,8,,,0,73,,70896,8,,,0,30,,70897,8,,,0,69,,70898,34,,,0,28,,70899,34,,,0,67,,70900,34,,,0,27,,70901,34,,,0,26,,70902,34,,,0,67,,70894,34,,,0,23,,70903,34,,,0,62,,70904,34,,,0,23,,70905,34,,,0,22,,70906,34,,,0,63,,70907,34,,,0,22,,70908,34,,,0,62,,70909,34,,,0,23,,70910,34,,,0,24,,70911,34,,,0,62,,70912,34,,,0,22,,70913,34,,,0,20,,70914,34,,,0,61,,70915,34,,,0,21,,70916,34,,,0,21,,70917,34,,,0,60,,70918,34,,,0,20,,70919,34,,,0,21,,70920,34,,,0,59,,70921,34,,,0,21,,70922,34,,,0,20,,70923,34,,,0,60,,70924,34,,,0,20,,70925,34,,,0,19,,70926,34,,,0,63,,70927,34,,,0,26,,70928,34,,,0,68,,70929,34,,,0,30,,70930,34,,,0,70,,70931,34,,,0,29,,70932,34,,,0,70,,70933,34,,,0,31,,70934,34,,,0,73,,70935,34,,,0,30,,70936,34,,,0,69,,70937,34,,,0,30,,70938,34,,,0
2800,'5015',638,,70940,8,,,0,73,,70941,8,,,0,30,,70942,8,,,0,69,,70943,34,,,0,28,,70944,34,,,0,67,,70945,34,,,0,27,,70946,34,,,0,26,,70947,34,,,0,67,,70939,34,,,0,23,,70948,34,,,0,62,,70949,34,,,0,23,,70950,34,,,0,22,,70951,34,,,0,63,,70952,34,,,0,22,,70953,34,,,0,62,,70954,34,,,0,23,,70955,34,,,0,24,,70956,34,,,0,62,,70957,34,,,0,22,,70958,34,,,0,20,,70959,34,,,0,61,,70960,34,,,0,21,,70961,34,,,0,21,,70962,34,,,0,60,,70963,34,,,0,20,,70964,34,,,0,21,,70965,34,,,0,59,,70966,34,,,0,21,,70967,34,,,0,20,,70968,34,,,0,60,,70969,34,,,0,20,,70970,34,,,0,19,,70971,34,,,0,63,,70972,34,,,0,26,,70973,34,,,0,68,,70974,34,,,0,30,,70975,34,,,0,70,,70976,34,,,0,29,,70977,34,,,0,70,,70978,34,,,0,31,,70979,34,,,0,73,,70980,34,,,0,30,,70981,34,,,0,69,,70982,34,,,0,30,,70983,34,,,0,70,,70984,34,,,0,28,,70985,34,,,0,70,,70986,34,,,0,29,,70987,34,,,0
2800,'5222',543,,70990,8,,,0,66,,70993,34,,,0,24,,70989,34,,,0,22,,70988,34,,,0,51,,70991,34,,,0,12,,71011,34,,,0,12,,70992,34,,,0,12,,71019,8,,,0,11,,70996,34,,,0,53,,71007,34,,,0,12,,70997,34,,,0,22,,70994,34,,,0,60,,70995,34,,,0,25,,71034,34,,,0,23,,70998,34,,,0,66,,70999,34,,,0,26,,71012,34,,,0,66,,71017,34,,,0,27,,71004,34,,,0,67,,71000,34,,,0,24,,71001,34,,,0,27,,71003,34,,,0,66,,71002,34,,,0,27,,71010,34,,,0,66,,71018,34,,,0,24,,71006,34,,,0,24,,71005,34,,,0,62,,71030,34,,,0,35,,71009,34,,,0,71,,71008,34,,,0,33,,71031,34,,,0,72,,71026,34,,,0,70,,71032,34,,,0,29,,71013,34,,,0,16,,71033,34,,,0,57,,71020,34,,,0,22,,71016,34,,,0,25,,71014,34,,,0,67,,71015,34,,,0,29,,71025,34,,,0,68,,71022,34,,,0,29,,71024,34,,,0,69,,71023,34,,,0,30,,71021,34,,,0,79,,71028,34,,,0,38,,71029,34,,,0,80,,71027,34,,,0
2800,'5365',617,,71035,8,,,0,96,,71036,8,,,0,30,,71037,8,,,0,70,,71038,8,,,0,30,,71039,34,,,0,70,,71040,34,,,0,31,,71041,34,,,0,67,,71042,34,,,0,27,,71043,34,,,0,67,,71044,34,,,0,26,,71045,34,,,0,25,,71046,34,,,0,64,,71047,34,,,0,23,,71048,34,,,0,63,,71049,34,,,0,23,,71050,34,,,0,24,,71051,34,,,0,63,,71052,34,,,0,23,,71053,34,,,0,62,,71054,34,,,0,23,,71055,34,,,0,23,,71056,34,,,0,63,,71057,34,,,0,23,,71058,34,,,0,23,,71059,34,,,0,63,,71060,34,,,0,23,,71061,34,,,0,63,,71062,34,,,0,24,,71063,34,,,0,25,,71064,34,,,0,65,,71065,34,,,0,26,,71066,34,,,0,69,,71067,34,,,0,29,,71068,34,,,0,70,,71069,34,,,0,31,,71070,34,,,0,80,,71071,34,,,0,80,,71072,34,,,0,45,,71073,34,,,0
2800,'5390',617,,71074,8,,,0,96,,71075,8,,,0,30,,71076,8,,,0,70,,71077,8,,,0,30,,71078,34,,,0,70,,71079,34,,,0,31,,71080,34,,,0,67,,71081,34,,,0,27,,71082,34,,,0,67,,71083,34,,,0,26,,71084,34,,,0,25,,71085,34,,,0,64,,71086,34,,,0,23,,71087,34,,,0,63,,71088,34,,,0,23,,71089,34,,,0,24,,71090,34,,,0,63,,71091,34,,,0,23,,71092,34,,,0,62,,71093,34,,,0,23,,71094,34,,,0,23,,71095,34,,,0,63,,71096,34,,,0,23,,71097,34,,,0,23,,71098,34,,,0,63,,71099,34,,,0,23,,71100,34,,,0,63,,71101,34,,,0,24,,71102,34,,,0,25,,71103,34,,,0,65,,71104,34,,,0,26,,71105,34,,,0,69,,71106,34,,,0,29,,71107,34,,,0,70,,71108,34,,,0,31,,71109,34,,,0,80,,71110,34,,,0,80,,71111,34,,,0,45,,71112,34,,,0
24002700,'4623',659,,77743,8,0,5,0,64,,77744,8,0,5,0,23,,77746,8,0,5,0,64,,77745,8,0,5,0
24002700,'5222',659,,77747,8,0,5,0,64,,77748,8,0,5,0,23,,77750,8,0,5,0,64,,77749,8,0,5,0
