5501,'4487',845,,14681,,,0,211,,14678,,,0,246,,14679,,,0,206,,14680,,,0,209,,14676,,,0,204,,14677,,,0
5501,'4744',642,,14691,,,0,170,,14690,,,0,204,,14688,,,0,136,,14689,,,0,200,,14693,,,0,105,,14692,,,0,196,,14694,,,0,193,,14695,,,0,193,,14696,,,0
5501,'4745',844,,14697,,,0,212,,14699,,,0,245,,14700,,,0,205,,14698,,,0,210,,14702,,,0,204,,14701,,,0
5501,'4947',642,,14706,,,0,170,,14705,,,0,204,,14703,,,0,136,,14704,,,0,200,,14708,,,0,105,,14707,,,0,196,,14709,,,0,193,,14710,,,0,193,,14711,,,0
5501,'4952',642,,14715,,,0,170,,14714,,,0,204,,14712,,,0,136,,14713,,,0,200,,14717,,,0,105,,14716,,,0,196,,14718,,,0,193,,14719,,,0,193,,14720,,,0
5501,'4953',845,,14726,,,0,211,,14723,,,0,246,,14724,,,0,206,,14725,,,0,209,,14721,,,0,204,,14722,,,0
5501,'4954',844,,14727,,,0,212,,14729,,,0,245,,14730,,,0,205,,14728,,,0,210,,14732,,,0,204,,14731,,,0
6401,'4744',642,,16309,,,0,579,,16308,,,0,501,,16312,0,34 35 36,0
6401,'4947',642,,16316,,,0,579,,16315,,,0,501,,16319,0,34 35 36,0
6401,'4952',642,,16323,,,0,579,,16322,,,0,501,,16326,0,34 35 36,0
