2501,'4487',742,,8917,,,0,100,,8914,,,0,106,,8916,,,0,103,,8915,,,0,98,,8923,,,0,95,,8920,,,0,100,,8919,,,0,99,,8918,,,0,100,,8921,,,0,101,,8922,,,0,158,,8924,,,0,127,,8925,,,0,125,,8926,,,0,170,,8927,,,0,130,,8928,,,0
2501,'4743',742,,8932,,,0,100,,8929,,,0,106,,8931,,,0,103,,8930,,,0,98,,8938,,,0,95,,8935,,,0,100,,8934,,,0,99,,8933,,,0,100,,8936,,,0,101,,8937,,,0,158,,8939,,,0,127,,8940,,,0,125,,8941,,,0,170,,8942,,,0,130,,8943,,,0
2501,'4744',637,,8948,,,0,81,,8951,,,0,39,,8945,0,6 7,0,80,,8944,,,0,111,,8954,,,0,101,,8950,,,0,100,,8947,,,0,100,,8946,,,0,100,,8949,,,0,108,,8953,,,0,94,,8952,,,0,101,,8955,,,0,81,,8956,,,0,81,,8957,,,0,44,,8958,,,0,93,,8959,,,0,103,,8960,,,0,170,,8961,,,0,129,,8962,,,0
2501,'4745',858,,8964,,,0,171,,8963,,,0,129,,8965,,,0,171,,8966,,,0,172,,8967,,,0,131,,8968,,,0,127,,8969,,,0,170,,8970,,,0,129,,8971,,,0,165,,8972,,,0,129,,8973,,,0
2501,'4870',637,,8978,,,0,81,,8981,,,0,39,,8975,0,6 7,0,80,,8974,,,0,111,,8984,,,0,101,,8980,,,0,100,,8977,,,0,100,,8976,,,0,100,,8979,,,0,108,,8983,,,0,94,,8982,,,0,182,,8985,,,0,81,,8986,,,0,44,,8987,,,0,93,,8988,,,0,103,,8989,,,0,170,,8990,,,0,129,,8991,,,0
2501,'4872',1652,,8992,,,0
2501,'4873',1652,,8993,,,0
2501,'4875',637,,8998,,,0,81,,9001,,,0,39,,8995,0,6 7,0,80,,8994,,,0,111,,9004,,,0,101,,9000,,,0,100,,8997,,,0,100,,8996,,,0,100,,8999,,,0,108,,9003,,,0,94,,9002,,,0,101,,9005,,,0,81,,9006,,,0,81,,9007,,,0,44,,9008,,,0,93,,9009,,,0,103,,9010,,,0,170,,9011,,,0,129,,9012,,,0
2501,'4876',742,,9016,,,0,100,,9013,,,0,106,,9015,,,0,103,,9014,,,0,98,,9022,,,0,95,,9019,,,0,100,,9018,,,0,99,,9017,,,0,100,,9020,,,0,101,,9021,,,0,158,,9023,,,0,127,,9024,,,0,125,,9025,,,0,170,,9026,,,0,130,,9027,,,0
2501,'4877',858,,9029,,,0,171,,9028,,,0,129,,9030,,,0,171,,9031,,,0,172,,9032,,,0,131,,9033,,,0,127,,9034,,,0,170,,9035,,,0,129,,9036,,,0,165,,9037,,,0,129,,9038,,,0
