4700,'4744',616,,13639,,,0,19,,13638,,,0,23,,13637,,,0
4700,'4870',616,,13642,,,0,19,,13641,,,0,23,,13640,,,0
4700,'4875',616,,13645,,,0,19,,13644,,,0,23,,13643,,,0
4701,'4744',1710,,13646,,,0,30,,13647,,,0,65,,13648,,,0
4701,'4870',1710,,13649,,,0,30,,13650,,,0,65,,13651,,,0
4701,'4875',1710,,13652,,,0,30,,13653,,,0,65,,13654,,,0
5801,'4487',654,,15175,,,0,100,,15176,,,0,100,,15177,,,0,146,,15178,,,0,105,,15174,,,0,105,,15173,,,0,100,,15172,,,0,110,,15171,,,0,100,,15169,,,0,110,,15170,,,0,100,,15164,,,0,105,,15165,,,0,100,,15166,,,0,105,,15167,,,0,114,,15168,,,0,150,,15163,,,0
5801,'4743',654,,15191,,,0,100,,15192,,,0,100,,15193,,,0,146,,15194,,,0,105,,15190,,,0,105,,15189,,,0,100,,15188,,,0,110,,15187,,,0,100,,15185,,,0,110,,15186,,,0,100,,15180,,,0,105,,15181,,,0,100,,15182,,,0,105,,15183,,,0,114,,15184,,,0,150,,15179,,,0
5801,'4744',621,,15195,,,0,30,,15209,,,0,78,,15196,,,0,79,,15197,,,0,23,,15203,,,0,74,,15198,,,0,43,,15199,,,0,87,,15200,,,0,85,,15201,,,0,85,,15202,,,0,45,,15205,,,0,85,,15204,,,0,86,,15206,,,0,22,,15216,,,0,63,,15207,,,0,16,,15218,,,0,27,,15208,,,0,92,,15210,,,0,85,,15211,,,0,87,,15212,,,0,46,,15213,,,0,186,,15214,,,0,110,,15215,,,0,149,,15219,,,0
5801,'4745',753,,15220,,,0,101,,15226,,,0,105,,15224,,,0,146,,15227,,,0,105,,15222,,,0,100,,15225,,,0,110,,15221,,,0,100,,15228,,,0,110,,15223,,,0,100,,15231,,,0,104,,15230,,,0,100,,15232,,,0,105,,15233,,,0,199,,15229,,,0
5801,'4870',621,,15234,,,0,30,,15248,,,0,78,,15235,,,0,79,,15236,,,0,23,,15242,,,0,74,,15237,,,0,43,,15238,,,0,87,,15239,,,0,85,,15240,,,0,85,,15241,,,0,45,,15244,,,0,85,,15243,,,0,86,,15245,,,0,22,,15255,,,0,63,,15246,,,0,16,,15257,,,0,27,,15247,,,0,92,,15249,,,0,85,,15250,,,0,87,,15251,,,0,46,,15252,,,0,186,,15253,,,0,110,,15254,,,0,149,,15258,,,0
5801,'4875',621,,15259,,,0,30,,15273,,,0,78,,15260,,,0,79,,15261,,,0,23,,15267,,,0,74,,15262,,,0,43,,15263,,,0,87,,15264,,,0,85,,15265,,,0,85,,15266,,,0,45,,15269,,,0,85,,15268,,,0,86,,15270,,,0,22,,15280,,,0,63,,15271,,,0,16,,15282,,,0,27,,15272,,,0,92,,15274,,,0,85,,15275,,,0,87,,15276,,,0,46,,15277,,,0,186,,15278,,,0,110,,15279,,,0,149,,15283,,,0
5801,'4876',654,,15296,,,0,100,,15297,,,0,100,,15298,,,0,146,,15299,,,0,105,,15295,,,0,105,,15294,,,0,100,,15293,,,0,110,,15292,,,0,100,,15290,,,0,110,,15291,,,0,100,,15285,,,0,105,,15286,,,0,100,,15287,,,0,105,,15288,,,0,114,,15289,,,0,150,,15284,,,0
5801,'4877',753,,15300,,,0,101,,15306,,,0,105,,15304,,,0,146,,15307,,,0,105,,15302,,,0,100,,15305,,,0,110,,15301,,,0,100,,15308,,,0,110,,15303,,,0,100,,15311,,,0,104,,15310,,,0,100,,15312,,,0,105,,15313,,,0,199,,15309,,,0
