2201,'5036',556,,41433,19,,,0,68,,41423,19,,,0,88,,41417,12,,,0,25,,41422,25,,,0,69,,41434,25,,,0,32,,41424,25,,,0,104,,41418,25,,,0,69,,41421,25,,,0,30,,41435,25,,,0,98,,41438,25,,,0,69,,41416,12,,,0,29,,41425,12,,,0,99,,41426,12,,,0,71,,41439,12,,,0,99,,41427,12,,,0,33,,41436,12,,,0,71,,41428,12,,,0,100,,41419,12,,,0,37,,41429,12,,,0,100,,41430,12,,,0,71,,41420,12,,,0,103,,41437,12,,,0,31,,41432,12,,,0,89,,41431,12,0,5,0
2201,'5040',556,,41457,19,,,0,68,,41447,19,,,0,88,,41441,12,,,0,25,,41446,25,,,0,69,,41458,25,,,0,32,,41448,25,,,0,104,,41442,25,,,0,69,,41445,25,,,0,30,,41459,25,,,0,98,,41462,25,,,0,69,,41440,12,,,0,29,,41449,12,,,0,99,,41450,12,,,0,71,,41463,12,,,0,99,,41451,12,,,0,33,,41460,12,,,0,71,,41452,12,,,0,100,,41443,12,,,0,37,,41453,12,,,0,100,,41454,12,,,0,71,,41444,12,,,0,103,,41461,12,,,0,31,,41456,12,,,0,89,,41455,12,0,5,0
2201,'5041',714,,41474,12,,,0,38,,41485,12,,,0,68,,41470,12,,,0,29,,41464,12,,,0,70,,41473,12,,,0,30,,41486,12,,,0,67,,41469,12,,,0,29,,41468,12,,,0,71,,41471,12,,,0,28,,41466,12,,,0,68,,41490,12,,,0,30,,41467,12,,,0,67,,41472,12,,,0,30,,41465,12,,,0,70,,41478,12,,,0,32,,41489,12,,,0,69,,41480,12,,,0,32,,41476,12,,,0,71,,41479,12,,,0,34,,41481,12,,,0,71,,41477,12,,,0,31,,41475,12,,,0,70,,41483,12,,,0,33,,41482,12,,,0,68,,41488,12,,,0,28,,41484,12,,,0,73,,41491,12,,,0,31,,41487,12,,,0,88,,41492,12,0,5,0
2201,'5078',742,,41501,12,,,0,80,,41502,12,,,0,29,,41494,12,,,0,67,,41495,12,,,0,30,,41504,12,,,0,69,,41503,12,,,0,29,,41493,12,,,0,69,,41497,12,,,0,30,,41498,12,,,0,70,,41496,12,,,0,28,,41500,12,,,0,69,,41499,12,,,0,30,,41506,12,,,0,70,,41507,12,,,0,31,,41505,12,,,0,70,,41509,12,,,0,35,,41508,12,,,0,70,,41511,12,,,0,30,,41510,12,,,0,70,,41512,12,,,0,33,,41513,12,,,0,70,,41514,12,,,0,91,,41515,12,0,5,0,102,,41516,12,0,5,0,111,,41517,12,0,5,0
2201,'5079',742,,41526,12,,,0,80,,41527,12,,,0,29,,41519,12,,,0,67,,41520,12,,,0,30,,41529,12,,,0,69,,41528,12,,,0,29,,41518,12,,,0,69,,41522,12,,,0,30,,41523,12,,,0,70,,41521,12,,,0,28,,41525,12,,,0,69,,41524,12,,,0,30,,41531,12,,,0,70,,41532,12,,,0,31,,41530,12,,,0,70,,41534,12,,,0,35,,41533,12,,,0,70,,41536,12,,,0,30,,41535,12,,,0,70,,41537,12,,,0,33,,41538,12,,,0,70,,41539,12,,,0,91,,41540,12,0,5,0,102,,41541,12,0,5,0,111,,41542,12,0,5,0
14002100,'5036',2130,,48807,34,,,0,70,,48805,34,,,0,30,,48808,34,,,0,99,,48806,34,,,0,98,,48809,34,,,0
14002100,'5040',2130,,48812,34,,,0,70,,48810,34,,,0,30,,48813,34,,,0,99,,48811,34,,,0,98,,48814,34,,,0
14002100,'5041',2132,,48815,34,,,0,70,,48816,34,,,0,30,,48817,34,,,0,102,,48818,34,,,0,96,,48819,34,,,0
14002100,'5078',2132,,48820,34,,,0,100,,48821,34,,,0,99,,48822,34,,,0
14002100,'5079',2132,,48823,34,,,0,100,,48824,34,,,0,99,,48825,34,,,0
