2400,'4623',643,,69209,44,,,0,76,,69211,44,,,0,36,,69208,44,,,0,145,,69212,44,,,0,109,,69213,44,,,0,101,,69210,44,,,0,101,,69214,44,,,0,100,,69215,44,,,0,103,,69216,44,,,0,100,,69217,44,,,0,89,,69218,44,,,0,40,,69219,44,,,0,87,,69220,44,,,0,99,,69221,44,,,0,99,,69222,44,,,0,110,,69223,44,,,0,162,,69224,44,,,0,129,,69225,44,,,0,130,,69226,44,,,0
2400,'4833',724,,69231,44,,,0,123,,69229,44,,,0,106,,69227,44,,,0,153,,69228,44,,,0,100,,69230,44,,,0,100,,69236,44,,,0,98,,69233,44,,,0,100,,69232,44,,,0,100,,69235,44,,,0,97,,69234,44,,,0,103,,69237,44,,,0,112,,69238,44,,,0,122,,69239,44,,,0,165,,69240,44,,,0,126,,69241,44,,,0
2400,'5015',724,,69246,44,,,0,123,,69244,44,,,0,106,,69242,44,,,0,153,,69243,44,,,0,100,,69245,44,,,0,100,,69251,44,,,0,98,,69248,44,,,0,100,,69247,44,,,0,100,,69250,44,,,0,97,,69249,44,,,0,103,,69252,44,,,0,112,,69253,44,,,0,122,,69254,44,,,0,165,,69255,44,,,0,126,,69256,44,,,0
2400,'5222',643,,69258,44,,,0,76,,69260,44,,,0,36,,69257,44,,,0,145,,69261,44,,,0,109,,69262,44,,,0,101,,69259,44,,,0,101,,69263,44,,,0,100,,69264,44,,,0,103,,69265,44,,,0,100,,69266,44,,,0,89,,69267,44,,,0,40,,69268,44,,,0,87,,69269,44,,,0,99,,69270,44,,,0,99,,69271,44,,,0,110,,69272,44,,,0,162,,69273,44,,,0,129,,69274,44,,,0,130,,69275,44,,,0
2400,'5365',736,,69277,10,,,0,107,,69276,44,,,0,171,,69279,44,,,0,131,,69278,44,,,0,173,,69280,44,,,0,130,,69281,44,,,0,170,,69282,44,,,0,130,,69283,44,,,0,166,,69284,44,,,0,125,,69285,44,,,0,163,,69286,44,,,0,127,,69287,44,,,0
2400,'5390',736,,69289,10,,,0,107,,69288,44,,,0,171,,69291,44,,,0,131,,69290,44,,,0,173,,69292,44,,,0,130,,69293,44,,,0,170,,69294,44,,,0,130,,69295,44,,,0,166,,69296,44,,,0,125,,69297,44,,,0,163,,69298,44,,,0,127,,69299,44,,,0
2500,'4623',623,,69396,51,,,0,77,,69415,51,,,0,34,,69400,51,,,0,80,,69413,51,,,0,28,,69397,51,,,0,94,,69398,51,,,0,104,,69399,51,,,0,100,,69401,51,,,0,101,,69402,51,,,0,100,,69403,51,,,0,100,,69404,51,,,0,101,,69408,41,,,0,80,,69406,51,,,0,84,,69407,51,,,0,53,,69405,51,,,0,99,,69409,51,,,0,100,,69410,51,,,0,160,,69411,51,,,0,128,,69412,51,,,0
2500,'4833',807,,69422,51,,,0,110,,69420,51,,,0,116,,69424,51,,,0,103,,69418,51,,,0,100,,69416,51,,,0,98,,69417,51,,,0,100,,69419,51,,,0,100,,69423,51,,,0,100,,69421,51,,,0,100,,69425,51,,,0,102,,69426,51,,,0,122,,69427,51,,,0,161,,69428,51,,,0,127,,69429,51,,,0
2500,'5015',807,,69437,51,,,0,110,,69435,51,,,0,116,,69439,51,,,0,103,,69433,51,,,0,100,,69431,51,,,0,98,,69432,51,,,0,100,,69434,51,,,0,100,,69438,51,,,0,100,,69436,51,,,0,100,,69440,51,,,0,102,,69441,51,,,0,122,,69442,51,,,0,161,,69443,51,,,0,127,,69444,51,,,0
2500,'5222',623,,69446,51,,,0,77,,69465,51,,,0,34,,69450,51,,,0,80,,69463,51,,,0,28,,69447,51,,,0,94,,69448,51,,,0,104,,69449,51,,,0,100,,69451,51,,,0,101,,69452,51,,,0,100,,69453,51,,,0,100,,69454,51,,,0,101,,69458,41,,,0,80,,69456,51,,,0,84,,69457,51,,,0,53,,69455,51,,,0,99,,69459,51,,,0,100,,69460,51,,,0,160,,69461,51,,,0,128,,69462,51,,,0
2500,'5365',758,,69468,51,,,0,171,,69466,51,,,0,130,,69467,51,,,0,171,,69469,51,,,0,173,,69470,51,,,0,130,,69471,51,,,0,170,,69472,51,,,0,127,,69473,51,,,0,129,,69474,51,,,0,159,,69475,51,,,0,127,,69476,51,,,0
2500,'5390',758,,69479,51,,,0,171,,69477,51,,,0,130,,69478,51,,,0,171,,69480,51,,,0,173,,69481,51,,,0,130,,69482,51,,,0,170,,69483,51,,,0,127,,69484,51,,,0,129,,69485,51,,,0,159,,69486,51,,,0,127,,69487,51,,,0
