6100,'4744',507,,15857,,,0,34,,15855,,,0,13,,15858,,,0,60,,15859,,,0,20,,15861,,,0,19,,15865,,,0,59,,15872,,,0,26,,15874,,,0
6100,'4947',507,,15915,,,0,34,,15913,,,0,13,,15916,,,0,60,,15917,,,0,20,,15919,,,0,19,,15923,,,0,59,,15930,,,0,26,,15932,,,0
6100,'4952',507,,15952,,,0,34,,15950,,,0,13,,15953,,,0,60,,15954,,,0,20,,15956,,,0,19,,15960,,,0,59,,15967,,,0,26,,15969,,,0
6101,'4487',614,,16038,,,0,97,,16039,,,0,38,,16040,,,0,101,,16041,,,0,84,,16042,,,0,90,,16043,,,0,31,,16044,,,0,89,,16045,,,0,72,,16046,,,0,32,,16047,,,0,84,,16048,,,0,77,,16049,,,0,36,,16050,,,0,75,,16051,,,0,26,,16052,,,0,76,,16053,,,0,78,,16054,,,0,33,,16055,,,0,74,,16056,,,0,36,,16057,,,0,76,,16058,,,0,36,,16059,,,0,81,,16060,,,0,83,,16061,,,0,97,,16062,,,0,86,,16063,,,0,99,,16064,,,0,42,,16065,,,0
6101,'4744',543,,16095,4,,0,68,,16096,4,,0,29,,16099,4,,0,67,,16109,4,,0,38,,16105,,,0,80,,16094,,,0,77,,22375,,,0,24,,16108,,,0,74,,16101,,,0,48,,22376,,,0,77,,16106,,,0,77,,16102,,,0,38,,22377,,,0,77,,16107,,,0,26,,16103,,,0,78,,22378,,,0,36,,16112,,,0,70,,16115,,,0,3,,16114,,,0,29,,16117,,,0,70,,16110,,,0,17,,16122,,,0,54,,16111,,,0,33,,16119,,,0,19,,16121,,,0,54,,16113,,,0,20,,16125,,,0,76,,16116,,,0,13,,16118,,,0,30,,16120,,,0,86,,16124,,,0,89,,16123,,,0,97,,16126,,,0,83,,16128,,,0,57,,16129,,,0,84,,16127,,,0
6101,'4745',619,,16131,,,0,103,,16132,,,0,34,,16133,,,0,89,,16130,,,0,94,,16134,,,0,87,,16135,,,0,88,,16136,,,0,87,,16137,,,0,103,,16138,,,0,46,,16139,,,0,101,,16140,,,0,85,,16141,,,0,101,,16142,,,0,80,,16143,,,0,100,,16144,,,0,89,,16145,,,0,97,,16146,,,0,100,,16147,,,0,41,,16148,,,0,99,,16149,,,0,96,,16150,,,0
6101,'4947',543,,16152,4,,0,68,,16153,4,,0,29,,16156,4,,0,67,,16166,4,,0,38,,16162,,,0,80,,16151,,,0,77,,22379,,,0,24,,16165,,,0,74,,16158,,,0,48,,22380,,,0,77,,16163,,,0,77,,16159,,,0,38,,22381,,,0,77,,16164,,,0,26,,16160,,,0,78,,22382,,,0,36,,16169,,,0,70,,16172,,,0,3,,16171,,,0,29,,16174,,,0,70,,16167,,,0,17,,16179,,,0,54,,16168,,,0,33,,16176,,,0,19,,16178,,,0,54,,16170,,,0,20,,16182,,,0,76,,16173,,,0,13,,16175,,,0,30,,16177,,,0,86,,16181,,,0,89,,16180,,,0,97,,16183,,,0,83,,16185,,,0,57,,16186,,,0,84,,16184,,,0
6101,'4952',543,,16188,4,,0,68,,16189,4,,0,29,,16192,4,,0,67,,16202,4,,0,38,,16198,,,0,80,,16187,,,0,77,,22383,,,0,24,,16201,,,0,74,,16194,,,0,48,,22384,,,0,77,,16199,,,0,77,,16195,,,0,38,,22385,,,0,77,,16200,,,0,26,,16196,,,0,74,,16207,,,0,4,,22386,,,0,36,,16205,,,0,73,,16208,,,0,29,,16210,,,0,70,,16203,,,0,17,,16215,,,0,54,,16204,,,0,33,,16212,,,0,19,,16214,,,0,54,,16206,,,0,20,,16218,,,0,76,,16209,,,0,13,,16211,,,0,30,,16213,,,0,86,,16217,,,0,89,,16216,,,0,97,,16219,,,0,83,,16221,,,0,57,,16222,,,0,84,,16220,,,0,99,,16223,,,0
6101,'4953',614,,16224,,,0,97,,16225,,,0,38,,16226,,,0,101,,16227,,,0,84,,16228,,,0,90,,16229,,,0,31,,16230,,,0,89,,16231,,,0,72,,16232,,,0,32,,16233,,,0,84,,16234,,,0,77,,16235,,,0,36,,16236,,,0,75,,16237,,,0,26,,16238,,,0,76,,16239,,,0,78,,16240,,,0,33,,16241,,,0,74,,16242,,,0,36,,16243,,,0,76,,16244,,,0,36,,16245,,,0,81,,16246,,,0,83,,16247,,,0,97,,16248,,,0,86,,16249,,,0,99,,16250,,,0,42,,16251,,,0,100,,16252,,,0
6101,'4954',619,,16254,,,0,103,,16255,,,0,34,,16256,,,0,89,,16253,,,0,94,,16257,,,0,87,,16258,,,0,88,,16259,,,0,87,,16260,,,0,103,,16261,,,0,46,,16262,,,0,101,,16263,,,0,85,,16264,,,0,101,,16265,,,0,80,,16266,,,0,100,,16267,,,0,89,,16268,,,0,97,,16269,,,0,100,,16270,,,0,41,,16271,,,0,99,,16272,,,0,96,,16273,,,0
6401,'4744',756,,16309,4,,0,203,,16310,4,,0,380,,16308,4,,0,279,,16311,4,,0
6401,'4947',756,,16316,4,,0,203,,16317,4,,0,380,,16315,4,,0,279,,16318,4,,0
6401,'4952',756,,16323,4,,0,203,,16324,4,,0,380,,16322,4,,0,279,,16325,4,,0
6500,'4744',526,,16328,,,0,93,,16330,,,0,21,,16331,,,0,83,,16329,,,0
6500,'4947',526,,16332,,,0,93,,16334,,,0,21,,16335,,,0,83,,16333,,,0
6500,'4952',526,,16336,,,0,93,,16338,,,0,21,,16339,,,0,83,,16337,,,0
6501,'4744',1719,,16341,,,0,25,,16340,,,0,68,,16343,,,0,28,,16342,,,0
6501,'4947',1719,,16345,,,0,25,,16344,,,0,68,,16347,,,0,28,,16346,,,0
6501,'4952',1719,,16349,,,0,25,,16348,,,0,68,,16351,,,0,28,,16350,,,0
