5200,'4487',648,,13824,,,0,70,,13823,,,0,41,,13818,,,0,75,,13825,,,0,71,,13820,,,0,33,,13807,,,0,70,,13814,,,0,30,,13833,,,0,72,,13812,,,0,35,,13809,,,0,73,,13815,,,0,32,,13835,,,0,75,,13810,,,0,33,,13808,,,0,76,,13817,,,0,66,,13834,,,0,34,,13813,,,0,72,,13819,,,0,35,,13816,,,0,68,,13831,,,0,30,,13811,,,0,69,,13822,,,0,22,,13828,,,0,25,,13821,,,0,64,,13826,,,0,24,,13830,,,0,68,,13829,,,0,28,,13827,,,0,70,,13832,,,0,100,,13836,,,0,93,,13837,,,0,108,,13838,,,0
5200,'4744',515,,13871,,,0,31,,13880,,,0,71,,13874,,,0,20,,13885,,,0,20,,13872,,,0,65,,13893,,,0,28,,13879,,,0,66,,13908,,,0,10,,13873,,,0,16,,13901,,,0,10,,13884,,,0,69,,13875,,,0,30,,13892,,,0,66,,13878,,,0,30,,13876,,,0,75,,13877,,,0,31,,13894,,,0,71,,13881,,,0,30,,13882,,,0,76,,13883,,,0,74,,13891,,,0,36,,13886,,,0,71,,13887,,,0,21,,13907,,,0,13,,13903,,,0,70,,13888,,,0,30,,13890,,,0,68,,13889,,,0,29,,13895,,,0,71,,13904,,,0,30,,13896,,,0,74,,13897,,,0,29,,13898,,,0,69,,13905,,,0,26,,13899,,,0,72,,13900,,,0,96,,13906,,,0,98,,13902,,,0,103,,13909,,,0
5200,'4745',718,,13932,,,0,32,,13914,,,0,81,,13917,,,0,71,,13931,,,0,32,,13925,,,0,72,,13912,,,0,31,,13916,,,0,72,,13927,,,0,31,,13921,,,0,72,,13911,,,0,33,,13915,,,0,70,,13930,,,0,31,,13923,,,0,78,,13910,,,0,30,,13919,,,0,74,,13929,,,0,74,,13922,,,0,33,,13913,,,0,68,,13918,,,0,30,,13928,,,0,68,,13924,,,0,30,,13926,,,0,69,,13920,,,0,29,,13934,,,0,79,,13933,,,0,99,,13935,,,0,98,,13937,,,0,106,,13936,,,0
5200,'4947',515,,13938,,,0,31,,13947,,,0,71,,13941,,,0,20,,13952,,,0,20,,13939,,,0,65,,13960,,,0,28,,13946,,,0,66,,13975,,,0,10,,13940,,,0,16,,13968,,,0,10,,13951,,,0,69,,13942,,,0,30,,13959,,,0,66,,13945,,,0,30,,13943,,,0,75,,13944,,,0,31,,13961,,,0,71,,13948,,,0,30,,13949,,,0,76,,13950,,,0,74,,13958,,,0,36,,13953,,,0,71,,13954,,,0,21,,13974,,,0,13,,13970,,,0,70,,13955,,,0,30,,13957,,,0,68,,13956,,,0,29,,13962,,,0,71,,13971,,,0,30,,13963,,,0,74,,13964,,,0,29,,13965,,,0,69,,13972,,,0,26,,13966,,,0,72,,13967,,,0,96,,13973,,,0,98,,13969,,,0,103,,13976,,,0
5200,'4952',515,,13977,,,0,31,,13986,,,0,71,,13980,,,0,20,,13991,,,0,20,,13978,,,0,65,,13999,,,0,28,,13985,,,0,66,,14014,,,0,10,,13979,,,0,16,,14007,,,0,10,,13990,,,0,69,,13981,,,0,30,,13998,,,0,66,,13984,,,0,30,,13982,,,0,75,,13983,,,0,31,,14000,,,0,71,,13987,,,0,30,,13988,,,0,76,,13989,,,0,74,,13997,,,0,30,,14013,,,0,6,,13992,,,0,71,,13993,,,0,34,,14009,,,0,70,,13994,,,0,30,,13996,,,0,68,,13995,,,0,29,,14001,,,0,71,,14010,,,0,30,,14002,,,0,74,,14003,,,0,29,,14004,,,0,69,,14011,,,0,26,,14005,,,0,72,,14006,,,0,96,,14012,,,0,98,,14008,,,0,103,,14015,,,0
5200,'4953',648,,14033,,,0,70,,14032,,,0,41,,14027,,,0,75,,14034,,,0,71,,14029,,,0,33,,14016,,,0,70,,14023,,,0,30,,14042,,,0,72,,14021,,,0,35,,14018,,,0,73,,14024,,,0,32,,14044,,,0,75,,14019,,,0,33,,14017,,,0,76,,14026,,,0,66,,14043,,,0,34,,14022,,,0,72,,14028,,,0,35,,14025,,,0,68,,14040,,,0,30,,14020,,,0,69,,14031,,,0,22,,14037,,,0,25,,14030,,,0,64,,14035,,,0,24,,14039,,,0,68,,14038,,,0,28,,14036,,,0,70,,14041,,,0,100,,14045,,,0,93,,14046,,,0,108,,14047,,,0
5200,'4954',718,,14070,,,0,32,,14052,,,0,81,,14055,,,0,71,,14069,,,0,32,,14063,,,0,72,,14050,,,0,31,,14054,,,0,72,,14065,,,0,31,,14059,,,0,72,,14049,,,0,33,,14053,,,0,70,,14068,,,0,31,,14061,,,0,78,,14048,,,0,30,,14057,,,0,74,,14067,,,0,74,,14060,,,0,33,,14051,,,0,68,,14056,,,0,30,,14066,,,0,68,,14062,,,0,30,,14064,,,0,69,,14058,,,0,29,,14072,,,0,79,,14071,,,0,99,,14073,,,0,98,,14075,,,0,106,,14074,,,0
6000,'4487',712,,15564,,,0,100,,15565,,,0,101,,15563,,,0,101,,15562,,,0,106,,15561,,,0,105,,15560,,,0,105,,15559,,,0,106,,15558,,,0,106,,15556,,,0,102,,15557,,,0,103,,15552,,,0,104,,15553,,,0,105,,15554,,,0,160,,15555,,,0
6000,'4744',640,,15586,,,0,72,,15581,,,0,31,,15589,,,0,106,,15583,,,0,101,,15582,,,0,101,,15584,,,0,97,,15585,,,0,103,,15587,,,0,102,,15588,,,0,149,,15590,,,0,30,,15598,,,0,73,,15580,,,0,41,,15596,,,0,82,,15591,,,0,82,,15592,,,0,41,,15595,,,0,103,,15593,,,0,104,,15594,,,0,153,,15597,,,0
6000,'4745',813,,15599,,,0,101,,15600,,,0,101,,15602,,,0,106,,15601,,,0,105,,15606,,,0,105,,15605,,,0,105,,15604,,,0,105,,15603,,,0,102,,15609,,,0,103,,15610,,,0,104,,15611,,,0,105,,15608,,,0,160,,15607,,,0
6000,'4947',640,,15618,,,0,72,,15613,,,0,31,,15621,,,0,106,,15615,,,0,101,,15614,,,0,101,,15616,,,0,97,,15617,,,0,103,,15619,,,0,102,,15620,,,0,149,,15622,,,0,30,,15630,,,0,73,,15612,,,0,41,,15628,,,0,82,,15623,,,0,82,,15624,,,0,41,,15627,,,0,103,,15625,,,0,104,,15626,,,0,153,,15629,,,0
6000,'4952',640,,15637,,,0,72,,15632,,,0,31,,15640,,,0,106,,15634,,,0,101,,15633,,,0,101,,15635,,,0,97,,15636,,,0,103,,15638,,,0,102,,15639,,,0,81,,15644,,,0,68,,15641,,,0,103,,15631,,,0,41,,15648,,,0,82,,15642,,,0,82,,15643,,,0,41,,15647,,,0,103,,15645,,,0,104,,15646,,,0,153,,15649,,,0
6000,'4953',712,,15662,,,0,100,,15663,,,0,101,,15661,,,0,101,,15660,,,0,106,,15659,,,0,105,,15658,,,0,105,,15657,,,0,106,,15656,,,0,106,,15654,,,0,102,,15655,,,0,103,,15650,,,0,104,,15651,,,0,105,,15652,,,0,160,,15653,,,0
6000,'4954',813,,15664,,,0,101,,15665,,,0,101,,15667,,,0,106,,15666,,,0,105,,15671,,,0,105,,15670,,,0,105,,15669,,,0,105,,15668,,,0,102,,15674,,,0,103,,15675,,,0,104,,15676,,,0,105,,15673,,,0,160,,15672,,,0
