1001,'4487',713,,4213,,,0,100,,4210,,,0,101,,4209,,,0,99,,4211,,,0,103,,4214,,,0,110,,4215,,,0,95,,4212,,,0,100,,4216,,,0,100,,4217,,,0,105,,4219,,,0,100,,4218,,,0,104,,4220,,,0,99,,4222,,,0,99,,4221,,,0
1001,'4743',713,,4227,,,0,100,,4224,,,0,101,,4223,,,0,99,,4225,,,0,103,,4228,,,0,110,,4229,,,0,95,,4226,,,0,100,,4230,,,0,100,,4231,,,0,105,,4233,,,0,100,,4232,,,0,104,,4234,,,0,99,,4236,,,0,99,,4235,,,0
1001,'4744',616,,4256,,,0,42,,4255,,,0,74,,4247,,,0,76,,4246,,,0,44,,4249,,,0,80,,4245,,,0,95,,4254,,,0,115,,4250,,,0,90,,4244,,,0,75,,4248,,,0,45,,4243,,,0,81,,4253,,,0,94,,4242,,,0,81,,4251,,,0,48,,4241,,,0,82,,4252,,,0,62,,4240,,,0,31,,4237,,,0,97,,4239,,,0,101,,4238,,,0
1001,'4745',713,,4264,,,0,100,,4265,,,0,99,,4267,,,0,103,,4266,,,0,100,,4270,,,0,110,,4269,,,0,94,,4263,,,0,101,,4260,,,0,100,,4257,,,0,100,,4262,,,0,105,,4261,,,0,104,,4258,,,0,100,,4259,,,0
1001,'4870',616,,4290,,,0,42,,4289,,,0,74,,4281,,,0,76,,4280,,,0,44,,4283,,,0,80,,4279,,,0,95,,4288,,,0,115,,4284,,,0,90,,4278,,,0,75,,4282,,,0,45,,4277,,,0,81,,4287,,,0,94,,4276,,,0,81,,4285,,,0,48,,4275,,,0,82,,4286,,,0,62,,4274,,,0,31,,4271,,,0,97,,4273,,,0,101,,4272,,,0
1001,'4875',616,,4310,,,0,42,,4309,,,0,74,,4301,,,0,76,,4300,,,0,44,,4303,,,0,80,,4299,,,0,95,,4308,,,0,115,,4304,,,0,90,,4298,,,0,75,,4302,,,0,45,,4297,,,0,81,,4307,,,0,94,,4296,,,0,81,,4305,,,0,48,,4295,,,0,82,,4306,,,0,62,,4294,,,0,31,,4291,,,0,97,,4293,,,0,101,,4292,,,0
1001,'4876',713,,4315,,,0,100,,4312,,,0,101,,4311,,,0,99,,4313,,,0,103,,4316,,,0,110,,4317,,,0,95,,4314,,,0,100,,4318,,,0,100,,4319,,,0,105,,4321,,,0,100,,4320,,,0,104,,4322,,,0,99,,4324,,,0,99,,4323,,,0
1001,'4877',713,,4332,,,0,100,,4333,,,0,99,,4335,,,0,103,,4334,,,0,100,,4338,,,0,110,,4337,,,0,94,,4331,,,0,101,,4328,,,0,100,,4325,,,0,100,,4330,,,0,105,,4329,,,0,104,,4326,,,0,100,,4327,,,0
1500,'4487',627,,6483,,,0,25,,6470,,,0,61,,6468,,,0,19,,6469,,,0,16,,6445,,,0,55,,6481,,,0,15,,6463,,,0,16,,6442,,,0,14,,6467,,,0,55,,6466,,,0,14,,6444,,,0,15,,6482,,,0,15,,6464,,,0,55,,6443,,,0,15,,6465,,,0,15,,6462,,,0,15,,6437,,,0,55,,6441,,,0,15,,6480,,,0,16,,6461,,,0,16,,6440,,,0,56,,6460,,,0,15,,6459,,,0,15,,6439,,,0,15,,6438,,,0,55,,6479,,,0,14,,6458,,,0,15,,6436,,,0,16,,6456,,,0,55,,6457,,,0,15,,6434,,,0,15,,6435,,,0,16,,6478,,,0,55,,6455,,,0,15,,6433,,,0,15,,6454,,,0,15,,6453,,,0,55,,6431,,,0,15,,6432,,,0,15,,6477,,,0,14,,6452,,,0,55,,6427,,,0,15,,6448,,,0,15,,6450,,,0,15,,6429,,,0,55,,6430,,,0,15,,6476,,,0,14,,6449,,,0,15,,6428,,,0,55,,6447,,,0,15,,6451,,,0,16,,6446,,,0,18,,6473,,,0,60,,6474,,,0,20,,6475,,,0,20,,6472,,,0,60,,6471,,,0,20,,6485,,,0,20,,6484,,,0,60,,6486,,,0,24,,6487,,,0,70,,6488,,,0,30,,6489,,,0,70,,6490,,,0,30,,6491,,,0
1500,'4743',627,,6548,,,0,25,,6535,,,0,61,,6533,,,0,19,,6534,,,0,16,,6510,,,0,55,,6546,,,0,15,,6528,,,0,16,,6507,,,0,14,,6532,,,0,55,,6531,,,0,14,,6509,,,0,15,,6547,,,0,15,,6529,,,0,55,,6508,,,0,15,,6530,,,0,15,,6527,,,0,15,,6502,,,0,55,,6506,,,0,15,,6545,,,0,16,,6526,,,0,16,,6505,,,0,56,,6525,,,0,15,,6524,,,0,15,,6504,,,0,15,,6503,,,0,55,,6544,,,0,14,,6523,,,0,15,,6501,,,0,16,,6521,,,0,55,,6522,,,0,15,,6499,,,0,15,,6500,,,0,16,,6543,,,0,55,,6520,,,0,15,,6498,,,0,15,,6519,,,0,15,,6518,,,0,55,,6496,,,0,15,,6497,,,0,15,,6542,,,0,14,,6517,,,0,55,,6492,,,0,15,,6513,,,0,15,,6515,,,0,15,,6494,,,0,55,,6495,,,0,15,,6541,,,0,14,,6514,,,0,15,,6493,,,0,55,,6512,,,0,15,,6516,,,0,16,,6511,,,0,18,,6538,,,0,60,,6539,,,0,20,,6540,,,0,20,,6537,,,0,60,,6536,,,0,20,,6550,,,0,20,,6549,,,0,60,,6551,,,0,24,,6552,,,0,70,,6553,,,0,30,,6554,,,0,70,,6555,,,0,30,,6556,,,0
1500,'4744',528,,6567,,,0,19,,6577,,,0,59,,6571,,,0,16,,6574,,,0,17,,6558,,,0,16,,6572,,,0,55,,6570,,,0,15,,6626,,,0,13,,6573,,,0,12,,6568,,,0,51,,6575,,,0,11,,6559,,,0,11,,6582,,,0,11,,6562,,,0,11,,6569,,,0,11,,6557,,,0,51,,6576,,,0,12,,6578,,,0,11,,6580,,,0,14,,6579,,,0,15,,6581,,,0,55,,6561,,,0,15,,6560,,,0,15,,6563,,,0,15,,6583,,,0,55,,6584,,,0,15,,6585,,,0,15,,6564,,,0,15,,6586,,,0,55,,6587,,,0,15,,6628,,,0,15,,6588,,,0,15,,6565,,,0,55,,6589,,,0,15,,6566,,,0,15,,6590,,,0,15,,6591,,,0,56,,6592,,,0,15,,6608,,,0,15,,6593,,,0,55,,6602,,,0,13,,6594,,,0,15,,6595,,,0,15,,6596,,,0,15,,6597,,,0,55,,6598,,,0,15,,6625,,,0,15,,6627,,,0,15,,6607,,,0,55,,6599,,,0,14,,6601,,,0,16,,6600,,,0,14,,6603,,,0,55,,6604,,,0,18,,6605,,,0,15,,6606,,,0,55,,6613,,,0,15,,6615,,,0,15,,6614,,,0,20,,6609,,,0,60,,6616,,,0,20,,6612,,,0,20,,6617,,,0,60,,6611,,,0,20,,6618,,,0,20,,6619,,,0,60,,6620,,,0,25,,6621,,,0,70,,6610,,,0,31,,6622,,,0,70,,6623,,,0,30,,6624,,,0
1500,'4745',649,,6670,,,0,70,,6669,,,0,28,,6645,,,0,61,,6648,,,0,17,,6686,,,0,16,,6635,,,0,15,,6647,,,0,55,,6634,,,0,15,,6630,,,0,15,,6649,,,0,15,,6639,,,0,55,,6651,,,0,15,,6631,,,0,15,,6636,,,0,15,,6632,,,0,54,,6633,,,0,15,,6654,,,0,15,,6643,,,0,15,,6652,,,0,55,,6640,,,0,15,,6642,,,0,15,,6637,,,0,14,,6638,,,0,55,,6655,,,0,15,,6644,,,0,16,,6656,,,0,15,,6641,,,0,54,,6657,,,0,15,,6658,,,0,15,,6653,,,0,15,,6668,,,0,55,,6664,,,0,15,,6662,,,0,15,,6660,,,0,15,,6665,,,0,55,,6667,,,0,15,,6661,,,0,15,,6663,,,0,15,,6666,,,0,55,,6659,,,0,15,,6646,,,0,15,,6650,,,0,15,,6674,,,0,56,,6673,,,0,15,,6672,,,0,15,,6676,,,0,15,,6681,,,0,60,,6678,,,0,20,,6671,,,0,20,,6677,,,0,59,,6680,,,0,27,,6679,,,0,69,,6675,,,0,30,,6682,,,0,70,,6683,,,0,30,,6685,,,0,70,,6684,,,0
1500,'4870',528,,6697,,,0,19,,6707,,,0,59,,6701,,,0,16,,6704,,,0,17,,6688,,,0,16,,6702,,,0,55,,6700,,,0,15,,6756,,,0,13,,6703,,,0,12,,6698,,,0,51,,6705,,,0,11,,6689,,,0,11,,6712,,,0,11,,6692,,,0,11,,6699,,,0,11,,6687,,,0,51,,6706,,,0,12,,6708,,,0,11,,6710,,,0,14,,6709,,,0,15,,6711,,,0,55,,6691,,,0,15,,6690,,,0,15,,6693,,,0,15,,6713,,,0,55,,6714,,,0,15,,6715,,,0,15,,6694,,,0,15,,6716,,,0,55,,6717,,,0,15,,6758,,,0,15,,6718,,,0,15,,6695,,,0,55,,6719,,,0,15,,6696,,,0,15,,6720,,,0,15,,6721,,,0,56,,6722,,,0,15,,6738,,,0,15,,6723,,,0,55,,6732,,,0,13,,6724,,,0,15,,6725,,,0,15,,6726,,,0,15,,6727,,,0,55,,6728,,,0,15,,6755,,,0,15,,6757,,,0,15,,6737,,,0,55,,6729,,,0,14,,6731,,,0,16,,6730,,,0,14,,6733,,,0,55,,6734,,,0,18,,6735,,,0,15,,6736,,,0,55,,6743,,,0,15,,6745,,,0,15,,6744,,,0,20,,6739,,,0,60,,6746,,,0,20,,6742,,,0,20,,6747,,,0,60,,6741,,,0,20,,6748,,,0,20,,6749,,,0,60,,6750,,,0,25,,6751,,,0,70,,6740,,,0,31,,6752,,,0,70,,6753,,,0,30,,6754,,,0
1500,'4875',528,,6770,,,0,19,,6780,,,0,59,,6774,,,0,16,,6777,,,0,17,,6761,,,0,16,,6775,,,0,55,,6773,,,0,15,,6833,,,0,13,,6776,,,0,12,,6771,,,0,51,,6778,,,0,11,,6762,,,0,11,,6785,,,0,11,,6765,,,0,11,,6772,,,0,11,,6760,,,0,51,,6779,,,0,12,,6781,,,0,11,,6783,,,0,14,,6782,,,0,15,,6784,,,0,55,,6764,,,0,15,,6763,,,0,15,,6766,,,0,15,,6786,,,0,55,,6787,,,0,15,,6788,,,0,15,,6767,,,0,15,,6789,,,0,55,,6790,,,0,15,,6835,,,0,15,,6791,,,0,15,,6768,,,0,55,,6792,,,0,15,,6769,,,0,15,,6793,,,0,15,,6794,,,0,56,,6795,,,0,15,,6811,,,0,15,,6796,,,0,55,,6805,,,0,13,,6797,,,0,15,,6798,,,0,15,,6799,,,0,15,,6800,,,0,55,,6801,,,0,15,,6832,,,0,15,,6834,,,0,15,,6810,,,0,55,,6802,,,0,14,,6804,,,0,16,,6803,,,0,14,,6806,,,0,55,,6807,,,0,18,,6808,,,0,15,,6809,,,0,55,,6816,,,0,15,,6818,,,0,15,,6817,,,0,20,,6812,,,0,60,,6819,,,0,20,,6815,,,0,20,,6820,,,0,60,,6814,,,0,20,,6821,,,0,20,,6822,,,0,60,,6823,,,0,25,,6824,,,0,70,,6813,,,0,31,,6825,,,0,70,,6826,,,0,30,,6827,,,0,70,,6828,,,0,30,,6830,,,0,70,,6829,,,0,30,,6831,,,0
1500,'4876',627,,6893,,,0,25,,6880,,,0,61,,6878,,,0,19,,6879,,,0,16,,6855,,,0,55,,6891,,,0,15,,6873,,,0,16,,6852,,,0,14,,6877,,,0,55,,6876,,,0,14,,6854,,,0,15,,6892,,,0,15,,6874,,,0,55,,6853,,,0,15,,6875,,,0,15,,6872,,,0,15,,6847,,,0,55,,6851,,,0,15,,6890,,,0,16,,6871,,,0,16,,6850,,,0,56,,6870,,,0,15,,6869,,,0,15,,6849,,,0,15,,6848,,,0,55,,6889,,,0,14,,6868,,,0,15,,6846,,,0,16,,6866,,,0,55,,6867,,,0,15,,6844,,,0,15,,6845,,,0,16,,6888,,,0,55,,6865,,,0,15,,6843,,,0,15,,6864,,,0,15,,6863,,,0,55,,6841,,,0,15,,6842,,,0,15,,6887,,,0,14,,6862,,,0,55,,6837,,,0,15,,6858,,,0,15,,6860,,,0,15,,6839,,,0,55,,6840,,,0,15,,6886,,,0,14,,6859,,,0,15,,6838,,,0,55,,6857,,,0,15,,6861,,,0,16,,6856,,,0,18,,6883,,,0,60,,6884,,,0,20,,6885,,,0,20,,6882,,,0,60,,6881,,,0,20,,6895,,,0,20,,6894,,,0,60,,6896,,,0,24,,6897,,,0,70,,6898,,,0,30,,6899,,,0,70,,6900,,,0,30,,6901,,,0,69,,6902,,,0,29,,6903,,,0,70,,6904,,,0,30,,6905,,,0
1500,'4877',649,,6946,,,0,70,,6945,,,0,28,,6921,,,0,61,,6924,,,0,17,,6962,,,0,16,,6911,,,0,15,,6923,,,0,55,,6910,,,0,15,,6906,,,0,15,,6925,,,0,15,,6915,,,0,55,,6927,,,0,15,,6907,,,0,15,,6912,,,0,15,,6908,,,0,54,,6909,,,0,15,,6930,,,0,15,,6919,,,0,15,,6928,,,0,55,,6916,,,0,15,,6918,,,0,15,,6913,,,0,14,,6914,,,0,55,,6931,,,0,15,,6920,,,0,16,,6932,,,0,15,,6917,,,0,54,,6933,,,0,15,,6934,,,0,15,,6929,,,0,15,,6944,,,0,55,,6940,,,0,15,,6938,,,0,15,,6936,,,0,15,,6941,,,0,55,,6943,,,0,15,,6937,,,0,15,,6939,,,0,15,,6942,,,0,55,,6935,,,0,15,,6922,,,0,15,,6926,,,0,15,,6950,,,0,56,,6949,,,0,15,,6948,,,0,15,,6952,,,0,15,,6957,,,0,60,,6954,,,0,20,,6947,,,0,20,,6953,,,0,59,,6956,,,0,27,,6955,,,0,69,,6951,,,0,30,,6958,,,0,70,,6959,,,0,30,,6961,,,0,70,,6960,,,0
2500,'4487',756,,8792,,,0,149,,8790,,,0,114,,8794,,,0,102,,8788,,,0,100,,8786,,,0,98,,8787,,,0,100,,8789,,,0,99,,8793,,,0,100,,8791,,,0,101,,8795,,,0,102,,8796,,,0,123,,8797,,,0,161,,8798,,,0,128,,8799,,,0,170,,8800,0,5,0
2500,'4743',756,,8807,,,0,149,,8805,,,0,114,,8809,,,0,102,,8803,,,0,100,,8801,,,0,98,,8802,,,0,100,,8804,,,0,99,,8808,,,0,100,,8806,,,0,101,,8810,,,0,102,,8811,,,0,123,,8812,,,0,161,,8813,,,0,128,,8814,,,0,170,,8815,0,5,0
2500,'4744',612,,8826,,,0,35,,8818,,,0,73,,8816,,,0,39,,8817,,,0,68,,8824,,,0,94,,8823,,,0,104,,8821,,,0,100,,8819,,,0,101,,8820,,,0,99,,8827,,,0,100,,8822,,,0,99,,8825,,,0,82,,8829,,,0,41,,8828,,,0,97,,8830,,,0,101,,8831,,,0,100,,8832,,,0,160,,8833,,,0,127,,8834,,,0,171,,8835,0,5,0
2500,'4745',746,,8838,,,0,169,,8836,,,0,130,,8837,,,0,170,,8839,,,0,133,,8840,,,0,169,,8841,,,0,131,,8842,,,0,168,,8843,,,0,130,,8844,,,0,160,,8845,,,0,128,,8846,,,0
2500,'4870',612,,8856,,,0,35,,8849,,,0,73,,8847,,,0,39,,8848,,,0,68,,8855,,,0,94,,8854,,,0,104,,8852,,,0,100,,8850,,,0,101,,8851,,,0,99,,8857,,,0,100,,8853,,,0,181,,8859,,,0,41,,8858,,,0,97,,8860,,,0,101,,8861,,,0,100,,8862,,,0,160,,8863,,,0,127,,8864,,,0,171,,8865,0,5,0
2500,'4872',1524,,8866,,,0
2500,'4873',1524,,8867,,,0
2500,'4875',612,,8878,,,0,35,,8870,,,0,73,,8868,,,0,39,,8869,,,0,68,,8876,,,0,94,,8875,,,0,104,,8873,,,0,100,,8871,,,0,101,,8872,,,0,99,,8879,,,0,100,,8874,,,0,99,,8877,,,0,82,,8881,,,0,41,,8880,,,0,97,,8882,,,0,101,,8883,,,0,100,,8884,,,0,160,,8885,,,0,127,,8886,,,0,171,,8887,0,5,0
2500,'4876',756,,8894,,,0,149,,8892,,,0,114,,8896,,,0,102,,8890,,,0,100,,8888,,,0,98,,8889,,,0,100,,8891,,,0,99,,8895,,,0,100,,8893,,,0,101,,8897,,,0,102,,8898,,,0,123,,8899,,,0,161,,8900,,,0,128,,8901,,,0,170,,8902,0,5,0
2500,'4877',746,,8905,,,0,169,,8903,,,0,130,,8904,,,0,170,,8906,,,0,133,,8907,,,0,169,,8908,,,0,131,,8909,,,0,168,,8910,,,0,130,,8911,,,0,160,,8912,,,0,128,,8913,,,0
