3000,'4623',553,,71382,11,,,0,92,,71383,11,,,0,72,,71384,11,,,0,32,,71385,11,,,0,71,,71386,11,,,0,32,,71387,11,,,0,69,,71388,11,,,0,30,,71389,11,,,0,71,,71390,11,,,0,30,,71391,11,,,0,70,,71392,11,,,0,30,,71393,11,,,0,70,,71394,11,,,0,30,,71395,11,,,0,71,,71396,11,,,0,30,,71397,11,,,0,67,,71398,11,,,0,32,,71399,11,,,0,72,,71400,11,,,0,32,,71401,11,,,0,75,,71402,11,,,0,72,,71403,11,,,0,32,,71404,11,,,0,70,,71405,11,,,0,26,,71406,11,,,0,28,,71407,11,,,0,68,,71408,11,,,0,73,,71409,11,,,0,33,,71410,11,,,0,86,,71411,11,,,0,100,,71412,11,,,0,99,,71413,11,,,0,108,,71414,11,,,0
3000,'4833',642,,71415,11,,,0,100,,71416,11,,,0,78,,71417,11,,,0,38,,71418,11,,,0,72,,71419,11,,,0,72,,71420,11,,,0,33,,71421,11,,,0,71,,71422,11,,,0,30,,71423,11,,,0,70,,71424,11,,,0,30,,71425,11,,,0,69,,71426,11,,,0,31,,71427,11,,,0,70,,71428,11,,,0,30,,71429,11,,,0,70,,71430,11,,,0,31,,71431,11,,,0,69,,71432,11,,,0,30,,71433,11,,,0,69,,71434,11,,,0,30,,71435,11,,,0,69,,71436,11,,,0,30,,71437,11,,,0,80,,71438,11,,,0,40,,71439,11,,,0,79,,71440,11,,,0,85,,71441,11,,,0,100,,71442,11,,,0,100,,71443,11,,,0,107,,71444,11,,,0
3000,'5015',642,,71445,11,,,0,100,,71446,11,,,0,78,,71447,11,,,0,38,,71448,11,,,0,72,,71449,11,,,0,72,,71450,11,,,0,33,,71451,11,,,0,71,,71452,11,,,0,30,,71453,11,,,0,70,,71454,11,,,0,30,,71455,11,,,0,69,,71456,11,,,0,31,,71457,11,,,0,70,,71458,11,,,0,30,,71459,11,,,0,70,,71460,11,,,0,31,,71461,11,,,0,69,,71462,11,,,0,30,,71463,11,,,0,69,,71464,11,,,0,30,,71465,11,,,0,69,,71466,11,,,0,30,,71467,11,,,0,80,,71468,11,,,0,40,,71469,11,,,0,79,,71470,11,,,0,85,,71471,11,,,0,100,,71472,11,,,0,100,,71473,11,,,0,107,,71474,11,,,0
3000,'5222',553,,71475,11,,,0,92,,71476,11,,,0,72,,71477,11,,,0,32,,71478,11,,,0,71,,71479,11,,,0,32,,71480,11,,,0,69,,71481,11,,,0,30,,71482,11,,,0,71,,71483,11,,,0,30,,71484,11,,,0,70,,71485,11,,,0,30,,71486,11,,,0,70,,71487,11,,,0,30,,71488,11,,,0,71,,71489,11,,,0,30,,71490,11,,,0,67,,71491,11,,,0,32,,71492,11,,,0,72,,71493,11,,,0,32,,71494,11,,,0,75,,71495,11,,,0,72,,71496,11,,,0,32,,71497,11,,,0,70,,71498,11,,,0,26,,71499,11,,,0,28,,71500,11,,,0,68,,71501,11,,,0,73,,71502,11,,,0,33,,71503,11,,,0,86,,71504,11,,,0,100,,71505,11,,,0,99,,71506,11,,,0,108,,71507,11,,,0
3000,'5365',753,,71508,11,,,0,101,,71509,11,,,0,84,,71510,11,,,0,80,,71511,11,,,0,41,,71512,11,,,0,75,,71513,11,,,0,70,,71514,11,,,0,30,,71515,11,,,0,70,,71516,11,,,0,30,,71517,11,,,0,70,,71518,11,,,0,30,,71519,11,,,0,70,,71520,11,,,0,30,,71521,11,,,0,71,,71522,11,,,0,30,,71523,11,,,0,69,,71524,11,,,0,30,,71525,11,,,0,69,,71526,11,,,0,30,,71527,11,,,0,80,,71528,11,,,0,40,,71529,11,,,0,80,,71530,11,,,0,87,,71531,11,,,0,98,,71532,11,,,0,98,,71533,11,,,0
3000,'5390',753,,71534,11,,,0,101,,71535,11,,,0,84,,71536,11,,,0,80,,71537,11,,,0,41,,71538,11,,,0,75,,71539,11,,,0,70,,71540,11,,,0,30,,71541,11,,,0,70,,71542,11,,,0,30,,71543,11,,,0,70,,71544,11,,,0,30,,71545,11,,,0,70,,71546,11,,,0,30,,71547,11,,,0,71,,71548,11,,,0,30,,71549,11,,,0,69,,71550,11,,,0,30,,71551,11,,,0,69,,71552,11,,,0,30,,71553,11,,,0,80,,71554,11,,,0,40,,71555,11,,,0,80,,71556,11,,,0,87,,71557,11,,,0,98,,71558,11,,,0,98,,71559,11,,,0
3100,'4623',624,,71738,11,,,0,77,,71739,11,,,0,32,,71740,11,,,0,71,,71741,11,,,0,32,,71742,11,,,0,71,,71743,11,,,0,29,,71744,11,,,0,71,,71745,11,,,0,30,,71746,11,,,0,70,,71747,11,,,0,30,,71748,11,,,0,70,,71749,11,,,0,30,,71750,11,,,0,71,,71751,11,,,0,30,,71752,11,,,0,68,,71753,11,,,0,30,,71754,11,,,0,72,,71755,11,,,0,32,,71756,11,,,0,74,,71757,11,,,0,34,,71758,11,,,0,71,,71759,11,,,0,31,,71760,11,,,0,69,,71761,11,,,0,26,,71762,11,,,0,68,,71763,11,,,0,28,,71764,11,,,0,77,,71765,11,,,0,38,,71766,11,,,0,94,,71767,11,,,0,98,,71768,11,,,0,153,,71769,11,,,0,54,,71770,11,,,0
3100,'4833',712,,71771,11,,,0,88,,71772,11,,,0,41,,71773,11,,,0,74,,71774,11,,,0,31,,71775,11,,,0,72,,71776,11,,,0,33,,71777,11,,,0,70,,71778,11,,,0,30,,71779,11,,,0,70,,71780,11,,,0,30,,71781,11,,,0,70,,71782,11,,,0,30,,71783,11,,,0,70,,71784,11,,,0,30,,71785,11,,,0,71,,71786,11,,,0,29,,71787,11,,,0,70,,71788,11,,,0,29,,71789,11,,,0,70,,71790,11,,,0,29,,71791,11,,,0,70,,71792,11,,,0,35,,71793,11,,,0,80,,71794,11,,,0,79,,71795,11,,,0,40,,71796,11,,,0,95,,71797,11,,,0,100,,71798,11,,,0,156,,71799,11,,,0,51,,71800,11,,,0
3100,'5015',712,,71801,11,,,0,88,,71802,11,,,0,41,,71803,11,,,0,74,,71804,11,,,0,31,,71805,11,,,0,72,,71806,11,,,0,33,,71807,11,,,0,70,,71808,11,,,0,30,,71809,11,,,0,70,,71810,11,,,0,30,,71811,11,,,0,70,,71812,11,,,0,30,,71813,11,,,0,70,,71814,11,,,0,30,,71815,11,,,0,71,,71816,11,,,0,29,,71817,11,,,0,70,,71818,11,,,0,29,,71819,11,,,0,70,,71820,11,,,0,29,,71821,11,,,0,70,,71822,11,,,0,35,,71823,11,,,0,80,,71824,11,,,0,79,,71825,11,,,0,40,,71826,11,,,0,95,,71827,11,,,0,100,,71828,11,,,0,156,,71829,11,,,0,51,,71830,11,,,0
3100,'5222',624,,71831,11,,,0,77,,71832,11,,,0,32,,71833,11,,,0,71,,71834,11,,,0,32,,71835,11,,,0,71,,71836,11,,,0,29,,71837,11,,,0,71,,71838,11,,,0,30,,71839,11,,,0,70,,71840,11,,,0,30,,71841,11,,,0,70,,71842,11,,,0,30,,71843,11,,,0,71,,71844,11,,,0,30,,71845,11,,,0,68,,71846,11,,,0,30,,71847,11,,,0,72,,71848,11,,,0,32,,71849,11,,,0,74,,71850,11,,,0,34,,71851,11,,,0,71,,71852,11,,,0,31,,71853,11,,,0,69,,71854,11,,,0,26,,71855,11,,,0,68,,71856,11,,,0,28,,71857,11,,,0,77,,71858,11,,,0,38,,71859,11,,,0,94,,71860,11,,,0,98,,71861,11,,,0,153,,71862,11,,,0,54,,71863,11,,,0
3100,'5365',712,,71864,11,,,0,112,,71865,11,,,0,94,,71866,11,,,0,40,,71867,11,,,0,81,,71868,11,,,0,80,,71869,11,,,0,30,,71870,11,,,0,70,,71871,11,,,0,30,,71872,11,,,0,70,,71873,11,,,0,30,,71874,11,,,0,70,,71875,11,,,0,30,,71876,11,,,0,70,,71877,11,,,0,31,,71878,11,,,0,70,,71879,11,,,0,29,,71880,11,,,0,70,,71881,11,,,0,30,,71882,11,,,0,69,,71883,11,,,0,35,,71884,11,,,0,80,,71885,11,,,0,80,,71886,11,,,0,40,,71887,11,,,0,95,,71888,11,,,0,100,,71889,11,,,0,152,,71890,11,,,0
3100,'5390',712,,71891,11,,,0,112,,71892,11,,,0,94,,71893,11,,,0,40,,71894,11,,,0,81,,71895,11,,,0,80,,71896,11,,,0,30,,71897,11,,,0,70,,71898,11,,,0,30,,71899,11,,,0,70,,71900,11,,,0,30,,71901,11,,,0,70,,71902,11,,,0,30,,71903,11,,,0,70,,71904,11,,,0,31,,71905,11,,,0,70,,71906,11,,,0,29,,71907,11,,,0,70,,71908,11,,,0,30,,71909,11,,,0,69,,71910,11,,,0,35,,71911,11,,,0,80,,71912,11,,,0,80,,71913,11,,,0,40,,71914,11,,,0,95,,71915,11,,,0,100,,71916,11,,,0,152,,71917,11,,,0
3200,'4623',1700,,72100,10,,,0
3200,'5222',1700,,72147,10,,,0
4701,'4623',1626,,72842,10,,,0,29,,72840,10,,,0,71,,72841,10,,,0
4701,'5222',1626,,72845,10,,,0,29,,72843,10,,,0,71,,72844,10,,,0
4801,'4623',1626,,72852,10,,,0,28,,72854,10,,,0,72,,72853,10,,,0
4801,'5222',1626,,72855,10,,,0,28,,72857,10,,,0,72,,72856,10,,,0
5301,'4623',1630,,73395,10,,,0
5301,'5222',1630,,73419,10,,,0
6101,'4623',1518,,74595,10,,,0,31,,74581,10,,,0,73,,74564,10,,,0,24,,74566,10,,,0,57,,74563,10,,,0,23,,74569,10,,,0,81,,74568,10,,,0
6101,'5222',1518,,74687,10,,,0,31,,74674,10,,,0,73,,74657,10,,,0,24,,74659,10,,,0,57,,74656,10,,,0,23,,74662,10,,,0,81,,74661,10,,,0
6501,'4623',1608,,74774,10,,,0,28,,74777,10,,,0,75,,74776,10,,,0,29,,74775,10,,,0
6501,'5222',1608,,74778,10,,,0,28,,74781,10,,,0,75,,74780,10,,,0,29,,74779,10,,,0
7000,'4623',504,,74797,10,,,0,50,,74787,10,,,0,92,,74784,10,,,0,103,,74788,10,,,0,101,,74782,10,,,0,83,,74798,10,,,0,16,,74785,10,,,0,99,,74796,10,,,0,82,,74799,10,,,0,16,,74794,10,,,0,100,,74783,10,,,0,81,,74800,10,,,0,18,,74790,10,,,0,100,,74792,10,,,0,79,,74801,10,,,0,18,,74786,10,,,0,103,,74789,10,,,0,88,,74802,10,,,0,19,,74791,10,,,0,98,,74803,10,,,0,102,,74793,10,,,0,251,,74795,10,,,0
7000,'4833',502,,74825,10,,,0,55,,74824,10,,,0,99,,74826,10,,,0,83,,74805,10,,,0,14,,74806,10,,,0,98,,74807,10,,,0,87,,74808,10,,,0,13,,74804,10,,,0,97,,74809,10,,,0,84,,74810,10,,,0,16,,74811,10,,,0,83,,74827,10,,,0,16,,74812,10,,,0,85,,74813,10,,,0,15,,74814,10,,,0,101,,74815,10,,,0,84,,74816,10,,,0,15,,74817,10,,,0,83,,74828,10,,,0,18,,74818,10,,,0,84,,74819,10,,,0,17,,74820,10,,,0,85,,74829,10,,,0,19,,74823,10,,,0,85,,74830,10,,,0,15,,74821,10,,,0,254,,74822,10,,,0
7000,'5015',502,,74852,10,,,0,55,,74851,10,,,0,99,,74853,10,,,0,83,,74832,10,,,0,14,,74833,10,,,0,98,,74834,10,,,0,87,,74835,10,,,0,13,,74831,10,,,0,97,,74836,10,,,0,84,,74837,10,,,0,16,,74838,10,,,0,99,,74839,10,,,0,85,,74840,10,,,0,15,,74841,10,,,0,101,,74842,10,,,0,84,,74843,10,,,0,15,,74844,10,,,0,101,,74845,10,,,0,84,,74846,10,,,0,17,,74847,10,,,0,104,,74850,10,,,0,100,,74848,10,,,0,254,,74849,10,,,0
7000,'5222',504,,74869,10,,,0,50,,74859,10,,,0,92,,74856,10,,,0,103,,74860,10,,,0,101,,74854,10,,,0,83,,74870,10,,,0,16,,74857,10,,,0,99,,74868,10,,,0,82,,74871,10,,,0,16,,74866,10,,,0,100,,74855,10,,,0,81,,74872,10,,,0,18,,74862,10,,,0,100,,74864,10,,,0,79,,74873,10,,,0,18,,74858,10,,,0,103,,74861,10,,,0,88,,74874,10,,,0,19,,74863,10,,,0,98,,74875,10,,,0,102,,74865,10,,,0,251,,74867,10,,,0
7000,'5365',559,,74882,10,,,0,98,,74896,10,,,0,98,,74876,10,,,0,98,,74895,10,,,0,84,,74877,10,,,0,14,,74878,10,,,0,100,,74879,10,,,0,83,,74880,10,,,0,15,,74881,10,,,0,84,,74898,10,,,0,16,,74883,10,,,0,83,,74884,10,,,0,16,,74885,10,,,0,101,,74886,10,,,0,84,,74887,10,,,0,15,,74888,10,,,0,101,,74889,10,,,0,86,,74890,10,,,0,17,,74891,10,,,0,101,,74892,10,,,0,103,,74893,10,,,0,100,,74897,10,,,0,151,,74894,10,,,0
7000,'5390',559,,74905,10,,,0,98,,74919,10,,,0,84,,74922,10,,,0,14,,74899,10,,,0,84,,74923,10,,,0,14,,74918,10,,,0,84,,74900,10,,,0,14,,74901,10,,,0,85,,74924,10,,,0,15,,74902,10,,,0,83,,74903,10,,,0,15,,74904,10,,,0,84,,74921,10,,,0,16,,74906,10,,,0,84,,74907,10,,,0,15,,74908,10,,,0,86,,74925,10,,,0,15,,74909,10,,,0,84,,74910,10,,,0,15,,74911,10,,,0,83,,74926,10,,,0,18,,74912,10,,,0,86,,74913,10,,,0,17,,74914,10,,,0,84,,74927,10,,,0,17,,74915,10,,,0,86,,74928,10,,,0,17,,74916,10,,,0,100,,74920,10,,,0,151,,74917,10,,,0
7100,'4623',1518,,75027,10,,,0,105,,75028,10,,,0,106,,75029,10,,,0
7100,'5222',1518,,75030,10,,,0,105,,75031,10,,,0,106,,75032,10,,,0
7200,'4623',533,,75063,10,,,0,68,,75057,10,,,0,36,,75046,10,,,0,68,,75062,10,,,0,27,,75069,10,,,0,71,,75050,10,,,0,32,,75064,10,,,0,70,,75058,10,,,0,30,,75042,10,,,0,71,,75065,10,,,0,29,,75054,10,,,0,70,,75048,10,,,0,27,,75040,10,,,0,70,,75041,10,,,0,29,,75047,10,,,0,70,,75039,10,,,0,28,,75070,10,,,0,30,,75043,10,,,0,69,,75051,10,,,0,29,,75045,10,,,0,70,,75044,10,,,0,28,,75049,10,,,0,71,,75052,10,,,0,32,,75071,10,,,0,77,,75059,10,,,0,69,,75053,10,,,0,31,,75056,10,,,0,70,,75055,10,,,0,31,,75061,10,,,0,73,,75067,10,,,0,31,,75060,10,,,0,100,,75066,10,,,0,101,,75068,10,,,0,118,,75072,10,0,10 11 12,0
7200,'4833',545,,75073,10,,,0,96,,75074,10,,,0,73,,75075,10,,,0,27,,75076,10,,,0,69,,75077,10,,,0,30,,75078,10,,,0,70,,75079,10,,,0,30,,75080,10,,,0,70,,75081,10,,,0,26,,75082,10,,,0,69,,75083,10,,,0,30,,75084,10,,,0,69,,75085,10,,,0,30,,75086,10,,,0,69,,75087,10,,,0,30,,75088,10,,,0,70,,75089,10,,,0,30,,75090,10,,,0,70,,75091,10,,,0,30,,75092,10,,,0,70,,75093,10,,,0,30,,75094,10,,,0,70,,75095,10,,,0,31,,75096,10,,,0,70,,75097,10,,,0,32,,75098,10,,,0,71,,75099,10,,,0,32,,75100,10,,,0,70,,75101,10,,,0,30,,75102,10,,,0,100,,75103,10,,,0,102,,75104,10,,,0,160,,75105,10,0,10 11 12,0
7200,'5015',545,,75106,10,,,0,96,,75107,10,,,0,73,,75108,10,,,0,27,,75109,10,,,0,69,,75110,10,,,0,30,,75111,10,,,0,70,,75112,10,,,0,30,,75113,10,,,0,70,,75114,10,,,0,26,,75115,10,,,0,69,,75116,10,,,0,30,,75117,10,,,0,69,,75118,10,,,0,30,,75119,10,,,0,69,,75120,10,,,0,30,,75121,10,,,0,70,,75122,10,,,0,30,,75123,10,,,0,70,,75124,10,,,0,30,,75125,10,,,0,70,,75126,10,,,0,30,,75127,10,,,0,70,,75128,10,,,0,31,,75129,10,,,0,70,,75130,10,,,0,32,,75131,10,,,0,71,,75132,10,,,0,32,,75133,10,,,0,70,,75134,10,,,0,30,,75135,10,,,0,100,,75136,10,,,0,102,,75137,10,,,0,160,,75138,10,0,10 11 12,0
7200,'5222',533,,75163,10,,,0,68,,75157,10,,,0,36,,75146,10,,,0,68,,75162,10,,,0,27,,75169,10,,,0,71,,75150,10,,,0,32,,75164,10,,,0,70,,75158,10,,,0,30,,75142,10,,,0,71,,75165,10,,,0,29,,75154,10,,,0,70,,75148,10,,,0,27,,75140,10,,,0,70,,75141,10,,,0,29,,75147,10,,,0,70,,75139,10,,,0,28,,75170,10,,,0,30,,75143,10,,,0,69,,75151,10,,,0,29,,75145,10,,,0,70,,75144,10,,,0,28,,75149,10,,,0,71,,75152,10,,,0,32,,75171,10,,,0,77,,75159,10,,,0,69,,75153,10,,,0,31,,75156,10,,,0,70,,75155,10,,,0,31,,75161,10,,,0,73,,75167,10,,,0,31,,75160,10,,,0,100,,75166,10,,,0,101,,75168,10,,,0,118,,75172,10,0,10 11 12,0
7200,'5365',642,,75173,10,,,0,99,,75174,10,,,0,100,,75177,10,,,0,98,,75175,10,,,0,98,,75176,10,,,0,70,,75178,10,,,0,29,,75179,10,,,0,69,,75180,10,,,0,29,,75181,10,,,0,70,,75182,10,,,0,30,,75183,10,,,0,70,,75184,10,,,0,30,,75185,10,,,0,70,,75186,10,,,0,30,,75187,10,,,0,70,,75188,10,,,0,30,,75189,10,,,0,72,,75190,10,,,0,31,,75191,10,,,0,71,,75192,10,,,0,30,,75193,10,,,0,70,,75194,10,,,0,33,,75195,10,,,0,99,,75196,10,,,0,101,,75197,10,,,0,103,,75198,10,,,0,76,,75199,10,0,10 11 12,0
7200,'5390',642,,75200,10,,,0,99,,75201,10,,,0,100,,75204,10,,,0,98,,75202,10,,,0,98,,75203,10,,,0,70,,75205,10,,,0,29,,75206,10,,,0,69,,75207,10,,,0,29,,75208,10,,,0,70,,75209,10,,,0,30,,75210,10,,,0,70,,75211,10,,,0,30,,75212,10,,,0,70,,75213,10,,,0,30,,75214,10,,,0,70,,75215,10,,,0,30,,75216,10,,,0,72,,75217,10,,,0,31,,75218,10,,,0,71,,75219,10,,,0,30,,75220,10,,,0,70,,75221,10,,,0,33,,75222,10,,,0,99,,75223,10,,,0,101,,75224,10,,,0,103,,75225,10,,,0,76,,75226,10,0,10 11 12,0
7500,'4623',508,,75416,11,0,13 14,0,18,,75417,11,0,13 14,0,16,,75418,11,0,13 14,0,59,,75419,11,0,13 14,0,17,,75415,11,0,13 14,0,17,,75420,11,0,13 14,0,15,,75421,11,0,13 14,0,55,,75422,11,0,13 14,0,16,,75423,11,0,13 14,0,23,,75424,11,0,13 14,0,63,,75425,11,0,13 14,0,26,,75426,11,0,13 14,0,69,,75427,11,0,13 14,0,34,,75428,11,0,13 14,0,68,,75429,11,0,13 14,0,30,,75430,11,0,13 14,0,67,,75431,11,0,13 14,0,29,,75432,11,0,13 14,0,70,,75433,11,0,13 14,0,30,,75434,11,0,13 14,0,29,,75435,11,0,13 14,0,70,,75436,11,0,13 14,0,23,,75437,11,0,13 14,0,71,,75438,11,0,13 14,0,34,,75439,11,0,13 14,0,67,,75440,11,0,13 14,0,31,,75441,11,0,13 14,0,66,,75442,11,0,13 14,0,20,,75443,11,0,13 14,0,61,,75444,11,0,13 14,0,18,,75445,11,0,13 14,0,22,,75446,11,0,13 14,0,59,,75447,11,0,13 14,0,28,,75448,11,0,13 14,0,77,,75449,11,0,13 14,0,110,,75450,11,0,13 14,0,96,,75451,11,0,13 14,0,105,,75452,11,0,13 14,0,110,,75453,11,0,13 14,0
7500,'4833',621,,75455,11,0,13 14,0,93,,75456,11,0,13 14,0,98,,75457,11,0,13 14,0,33,,75477,11,0,47 48,0,62,,75454,11,0,13 14,0,31,,75478,11,0,47 48,0,15,,75482,11,0,47 48,0,51,,75458,11,0,13 14,0,33,,75479,11,0,47 48,0,14,,75483,11,0,47 48,0,52,,75459,11,0,13 14,0,30,,75460,11,0,13 14,0,18,,75484,11,0,47 48,0,52,,75461,11,0,13 14,0,29,,75462,11,0,13 14,0,19,,75485,11,0,47 48,0,52,,75463,11,0,13 14,0,24,,75464,11,0,13 14,0,76,,75465,11,0,13 14,0,30,,75466,11,0,13 14,0,70,,75467,11,0,13 14,0,31,,75468,11,0,13 14,0,70,,75469,11,0,13 14,0,28,,75480,11,0,47 48,0,71,,75486,11,0,47 48,0,1,,75470,11,0,13 14,0,33,,75481,11,0,47 48,0,69,,75471,11,0,13 14,0,102,,75472,11,0,13 14,0,104,,75473,11,0,13 14,0,98,,75474,11,0,13 14,0,106,,75475,11,0,13 14,0,102,,75476,11,0,13 14,0
7500,'5015',621,,75488,11,0,13 14,0,93,,75489,11,0,13 14,0,98,,75490,11,0,13 14,0,33,,75510,11,0,47 48,0,62,,75487,11,0,13 14,0,31,,75511,11,0,47 48,0,15,,75515,11,0,47 48,0,51,,75491,11,0,13 14,0,33,,75512,11,0,47 48,0,14,,75516,11,0,47 48,0,52,,75492,11,0,13 14,0,30,,75493,11,0,13 14,0,18,,75517,11,0,47 48,0,52,,75494,11,0,13 14,0,29,,75495,11,0,13 14,0,19,,75518,11,0,47 48,0,52,,75496,11,0,13 14,0,24,,75497,11,0,13 14,0,76,,75498,11,0,13 14,0,30,,75499,11,0,13 14,0,70,,75500,11,0,13 14,0,31,,75501,11,0,13 14,0,70,,75502,11,0,13 14,0,28,,75513,11,0,47 48,0,71,,75519,11,0,47 48,0,1,,75503,11,0,13 14,0,33,,75514,11,0,47 48,0,69,,75504,11,0,13 14,0,102,,75505,11,0,13 14,0,104,,75506,11,0,13 14,0,98,,75507,11,0,13 14,0,106,,75508,11,0,13 14,0,102,,75509,11,0,13 14,0
7500,'5222',508,,75521,11,0,13 14,0,18,,75522,11,0,13 14,0,16,,75523,11,0,13 14,0,59,,75524,11,0,13 14,0,17,,75520,11,0,13 14,0,17,,75525,11,0,13 14,0,15,,75526,11,0,13 14,0,55,,75527,11,0,13 14,0,16,,75528,11,0,13 14,0,23,,75529,11,0,13 14,0,63,,75530,11,0,13 14,0,26,,75531,11,0,13 14,0,69,,75532,11,0,13 14,0,34,,75533,11,0,13 14,0,68,,75534,11,0,13 14,0,30,,75535,11,0,13 14,0,67,,75536,11,0,13 14,0,29,,75537,11,0,13 14,0,70,,75538,11,0,13 14,0,30,,75539,11,0,13 14,0,29,,75540,11,0,13 14,0,70,,75541,11,0,13 14,0,23,,75542,11,0,13 14,0,71,,75543,11,0,13 14,0,34,,75544,11,0,13 14,0,67,,75545,11,0,13 14,0,31,,75546,11,0,13 14,0,66,,75547,11,0,13 14,0,20,,75548,11,0,13 14,0,61,,75549,11,0,13 14,0,18,,75550,11,0,13 14,0,22,,75551,11,0,13 14,0,59,,75552,11,0,13 14,0,28,,75553,11,0,13 14,0,77,,75554,11,0,13 14,0,110,,75555,11,0,13 14,0,96,,75556,11,0,13 14,0,105,,75557,11,0,13 14,0,110,,75558,11,0,13 14,0
7500,'5365',616,,75559,11,0,13 14,0,98,,75560,11,0,13 14,0,101,,75561,11,0,13 14,0,33,,75580,11,0,47 48,0,60,,75562,11,0,13 14,0,23,,75581,11,0,47 48,0,20,,75583,11,0,47 48,0,55,,75563,11,0,13 14,0,43,,75582,11,0,47 48,0,56,,75564,11,0,13 14,0,17,,75584,11,0,47 48,0,12,,75565,11,0,13 14,0,70,,75566,11,0,13 14,0,29,,75567,11,0,13 14,0,69,,75568,11,0,13 14,0,15,,75585,11,0,47 48,0,15,,75569,11,0,13 14,0,70,,75570,11,0,13 14,0,15,,75586,11,0,47 48,0,15,,75571,11,0,13 14,0,70,,75572,11,0,13 14,0,100,,75573,11,0,13 14,0,101,,75574,11,0,13 14,0,20,,75587,11,0,47 48,0,86,,75575,11,0,13 14,0,103,,75576,11,0,13 14,0,104,,75577,11,0,13 14,0,97,,75578,11,0,13 14,0,134,,75579,11,0,13 14,0
7500,'5390',616,,75588,11,0,13 14,0,98,,75589,11,0,13 14,0,101,,75590,11,0,13 14,0,33,,75609,11,0,47 48,0,60,,75591,11,0,13 14,0,23,,75610,11,0,47 48,0,20,,75612,11,0,47 48,0,55,,75592,11,0,13 14,0,43,,75611,11,0,47 48,0,56,,75593,11,0,13 14,0,17,,75613,11,0,47 48,0,12,,75594,11,0,13 14,0,70,,75595,11,0,13 14,0,29,,75596,11,0,13 14,0,69,,75597,11,0,13 14,0,15,,75614,11,0,47 48,0,15,,75598,11,0,13 14,0,70,,75599,11,0,13 14,0,15,,75615,11,0,47 48,0,15,,75600,11,0,13 14,0,70,,75601,11,0,13 14,0,100,,75602,11,0,13 14,0,101,,75603,11,0,13 14,0,20,,75616,11,0,47 48,0,86,,75604,11,0,13 14,0,103,,75605,11,0,13 14,0,104,,75606,11,0,13 14,0,97,,75607,11,0,13 14,0,134,,75608,11,0,13 14,0
