4900,'5036',714,,44686,6,,,0,101,,44688,6,,,0,134,,44685,6,,,0,200,,44687,6,,,0,165,,44689,6,,,0,140,,44690,6,,,0,146,,44691,6,,,0,55,,44684,6,,,0,149,,44692,6,,,0,155,,44693,6,,,0,250,,44694,6,,,0
4900,'5040',714,,44697,6,,,0,101,,44699,6,,,0,134,,44696,6,,,0,200,,44698,6,,,0,165,,44700,6,,,0,140,,44701,6,,,0,146,,44702,6,,,0,55,,44695,6,,,0,149,,44703,6,,,0,155,,44704,6,,,0,250,,44705,6,,,0
4900,'5041',814,,44711,6,,,0,210,,44712,6,,,0,200,,44707,6,,,0,210,,44708,6,,,0,210,,44709,6,,,0,195,,44710,6,,,0,268,,44706,6,,,0
4900,'5078',814,,44714,6,,,0,210,,44713,6,,,0,200,,44715,6,,,0,210,,44716,6,,,0,210,,44718,6,,,0,195,,44719,6,,,0,268,,44717,6,,,0
4900,'5079',814,,44721,6,,,0,210,,44720,6,,,0,200,,44722,6,,,0,210,,44723,6,,,0,210,,44725,6,,,0,195,,44726,6,,,0,268,,44724,6,,,0
5300,'5036',624,,45100,11,0,25 40,0,34,,45099,11,,,0,183,,45102,11,0,25 40,0,185,,45101,11,0,25 40,0,130,,45103,11,0,25 40,0,172,,45105,20,0,25 40,0,188,,45107,20,0,25 40,0,106,,45104,20,0,25 40,0,129,,45106,20,0,25 40,0,166,,45108,20,0,25 40,0,130,,45109,20,0,25 40,0
5300,'5040',624,,45111,11,0,25 40,0,34,,45110,11,,,0,183,,45113,11,0,25 40,0,185,,45112,11,0,25 40,0,130,,45114,11,0,25 40,0,172,,45116,20,0,25 40,0,188,,45118,20,0,25 40,0,106,,45115,20,0,25 40,0,129,,45117,20,0,25 40,0,166,,45119,20,0,25 40,0,130,,45120,20,0,25 40,0
5300,'5041',705,,45124,11,0,25 40,0,200,,45125,11,0,25 40,0,211,,45126,11,0,25 40,0,217,,45127,20,0,25 40,0,210,,45123,20,0,25 40,0,209,,45121,20,0,25 40,0,205,,45122,20,0,25 40,0
5300,'5078',705,,45131,11,0,25 40,0,202,,45128,11,0,25 40,0,208,,45129,11,0,25 40,0,217,,45132,20,0,25 40,0,210,,45130,20,0,25 40,0,210,,45134,20,0,25 40,0,205,,45133,20,0,25 40,0
5300,'5079',705,,45138,11,0,25 40,0,202,,45135,11,0,25 40,0,208,,45136,11,0,25 40,0,217,,45139,20,0,25 40,0,210,,45137,20,0,25 40,0,210,,45141,20,0,25 40,0,205,,45140,20,0,25 40,0
