3800,'4744',611,,12784,,,0,21,,12804,,,0,10,,12785,,,0,12,,12786,,,0,52,,12789,,,0,22,,12787,,,0,29,,12788,,,0,80,,12805,,,0,72,,12790,,,0,100,,12791,,,0,100,,12792,,,0,101,,12793,,,0,102,,12794,,,0,94,,12795,,,0,38,,12806,,,0,70,,12796,,,0,31,,12797,,,0,74,,12798,,,0,33,,12799,,,0,74,,12800,,,0,83,,12802,,,0,104,,12801,,,0,102,,12803,,,0
3800,'4947',611,,12808,,,0,21,,12828,,,0,10,,12809,,,0,12,,12810,,,0,52,,12813,,,0,22,,12811,,,0,29,,12812,,,0,80,,12829,,,0,72,,12814,,,0,100,,12815,,,0,100,,12816,,,0,101,,12817,,,0,102,,12818,,,0,94,,12819,,,0,38,,12830,,,0,70,,12820,,,0,31,,12821,,,0,74,,12822,,,0,33,,12823,,,0,74,,12824,,,0,83,,12826,,,0,104,,12825,,,0,102,,12827,,,0
3800,'4952',611,,12832,,,0,21,,12852,,,0,10,,12833,,,0,12,,12834,,,0,52,,12837,,,0,22,,12835,,,0,29,,12836,,,0,80,,12853,,,0,72,,12838,,,0,100,,12839,,,0,100,,12840,,,0,101,,12841,,,0,102,,12842,,,0,94,,12843,,,0,38,,12854,,,0,70,,12844,,,0,31,,12845,,,0,74,,12846,,,0,33,,12847,,,0,74,,12848,,,0,83,,12850,,,0,104,,12849,,,0,102,,12851,,,0
4600,'4744',600,,13571,,,0,17,,13559,,,0,23,,13572,,,0,65,,13560,,,0,39,,13561,,,0,102,,13562,,,0,100,,13566,,,0,377,,13563,,,0,109,,13564,,,0,73,,13565,,,0,36,,13570,,,0,97,,13567,,,0,70,,13568,,,0,47,,13569,,,0
4600,'4947',600,,13585,,,0,17,,13573,,,0,23,,13586,,,0,65,,13574,,,0,39,,13575,,,0,102,,13576,,,0,100,,13580,,,0,377,,13577,,,0,109,,13578,,,0,73,,13579,,,0,36,,13584,,,0,97,,13581,,,0,70,,13582,,,0,47,,13583,,,0
4600,'4952',600,,13599,,,0,17,,13587,,,0,23,,13600,,,0,65,,13588,,,0,39,,13589,,,0,102,,13590,,,0,100,,13594,,,0,377,,13591,,,0,109,,13592,,,0,73,,13593,,,0,36,,13598,,,0,97,,13595,,,0,70,,13596,,,0,47,,13597,,,0
5201,'4487',706,,14085,,,0,33,,14095,,,0,70,,14093,,,0,32,,14076,,,0,70,,14083,,,0,30,,14102,,,0,70,,14079,,,0,32,,14077,,,0,70,,14084,,,0,30,,14103,,,0,72,,14081,,,0,32,,14078,,,0,75,,14087,,,0,29,,14105,,,0,75,,14082,,,0,74,,14092,,,0,35,,14086,,,0,70,,14104,,,0,30,,14080,,,0,70,,14090,,,0,23,,14098,,,0,25,,14089,,,0,64,,14094,,,0,25,,14091,,,0,70,,14088,,,0,28,,14101,,,0,72,,14096,,,0,30,,14100,,,0,70,,14097,,,0,94,,14106,,,0,102,,14107,,,0,99,,14108,,,0
5201,'4744',524,,14145,,,0,77,,14142,,,0,39,,14149,,,0,78,,14144,,,0,27,,14155,,,0,70,,14143,,,0,34,,14161,,,0,63,,14150,,,0,34,,14146,,,0,75,,14147,,,0,29,,14159,,,0,70,,14151,,,0,28,,14148,,,0,75,,14152,,,0,34,,14160,,,0,71,,14153,,,0,30,,14154,,,0,70,,14174,,,0,72,,14156,,,0,29,,14162,,,0,28,,14157,,,0,73,,14158,,,0,75,,14175,,,0,22,,14163,,,0,25,,14164,,,0,62,,14165,,,0,30,,14166,,,0,69,,14176,,,0,29,,14167,,,0,73,,14168,,,0,28,,14170,,,0,68,,14178,,,0,99,,14172,,,0,97,,14177,,,0,99,,14173,,,0
5201,'4745',737,,14188,,,0,70,,14204,,,0,32,,14196,,,0,71,,14183,,,0,30,,14191,,,0,71,,14198,,,0,31,,14193,,,0,70,,14184,,,0,31,,14190,,,0,70,,14199,,,0,30,,14195,,,0,75,,14182,,,0,30,,14189,,,0,75,,14202,,,0,35,,14194,,,0,75,,14185,,,0,69,,14187,,,0,30,,14201,,,0,70,,14192,,,0,30,,14197,,,0,69,,14186,,,0,30,,14200,,,0,79,,14203,,,0,100,,14205,,,0,99,,14206,,,0,99,,14207,,,0,99,,14208,,,0
5201,'4947',524,,14212,,,0,77,,14209,,,0,39,,14216,,,0,78,,14211,,,0,27,,14222,,,0,70,,14210,,,0,34,,14228,,,0,63,,14217,,,0,34,,14213,,,0,75,,14214,,,0,29,,14226,,,0,70,,14218,,,0,28,,14215,,,0,75,,14219,,,0,34,,14227,,,0,71,,14220,,,0,30,,14221,,,0,70,,14241,,,0,72,,14223,,,0,29,,14229,,,0,28,,14224,,,0,73,,14225,,,0,75,,14242,,,0,22,,14230,,,0,25,,14231,,,0,62,,14232,,,0,30,,14233,,,0,69,,14243,,,0,29,,14234,,,0,73,,14235,,,0,28,,14237,,,0,68,,14245,,,0,99,,14239,,,0,97,,14244,,,0,99,,14240,,,0
5201,'4952',524,,14252,,,0,77,,14249,,,0,39,,14256,,,0,78,,14251,,,0,27,,14262,,,0,70,,14250,,,0,34,,14268,,,0,63,,14257,,,0,34,,14253,,,0,75,,14254,,,0,29,,14266,,,0,70,,14258,,,0,28,,14255,,,0,75,,14259,,,0,34,,14267,,,0,71,,14260,,,0,30,,14261,,,0,70,,14281,,,0,72,,14263,,,0,29,,14269,,,0,28,,14264,,,0,73,,14265,,,0,75,,14282,,,0,22,,14270,,,0,25,,14271,,,0,62,,14272,,,0,30,,14273,,,0,69,,14283,,,0,29,,14274,,,0,73,,14275,,,0,28,,14277,,,0,68,,14285,,,0,99,,14279,,,0,97,,14284,,,0,99,,14280,,,0
5201,'4953',706,,14297,,,0,33,,14307,,,0,70,,14305,,,0,32,,14288,,,0,70,,14295,,,0,30,,14314,,,0,70,,14291,,,0,32,,14289,,,0,70,,14296,,,0,30,,14315,,,0,72,,14293,,,0,32,,14290,,,0,75,,14299,,,0,29,,14317,,,0,75,,14294,,,0,74,,14304,,,0,35,,14298,,,0,70,,14316,,,0,30,,14292,,,0,70,,14302,,,0,23,,14310,,,0,25,,14301,,,0,64,,14306,,,0,25,,14303,,,0,70,,14300,,,0,28,,14313,,,0,72,,14308,,,0,30,,14312,,,0,70,,14309,,,0,94,,14318,,,0,102,,14319,,,0,99,,14320,,,0
5201,'4954',737,,14327,,,0,70,,14343,,,0,32,,14335,,,0,71,,14322,,,0,30,,14330,,,0,71,,14337,,,0,31,,14332,,,0,70,,14323,,,0,31,,14329,,,0,70,,14338,,,0,30,,14334,,,0,75,,14321,,,0,30,,14328,,,0,75,,14341,,,0,35,,14333,,,0,75,,14324,,,0,69,,14326,,,0,30,,14340,,,0,70,,14331,,,0,30,,14336,,,0,69,,14325,,,0,30,,14339,,,0,79,,14342,,,0,100,,14344,,,0,99,,14345,,,0,99,,14346,,,0,99,,14347,,,0
