200,'4487',600,,20516,,,0,110,,20519,,,0,121,,20517,,,0,80,,39,,,0,45,,20518,,,0,80,,37,,,0,80,,31,,,0,40,,38,,,0,80,,32,,,0,80,,20514,,,0,41,,33,,,0,80,,36,,,0,80,,35,,,0,40,,34,,,0,80,,20515,,,0,79,,48,,,0,35,,47,,,0,80,,41,,,0,75,,42,,,0,20,,40,0,5,0,75,,44,,,0,20,,46,0,5,0,20,,43,,,0,65,,20520,0,5,0,20,,59,,,0,80,,56,,,0,40,,55,,,0,79,,57,,,0,80,,54,,,0,35,,60,0,5,0
200,'4744',553,,107,,,0,77,,99,,,0,19,,94,,,0,71,,108,,,0,30,,102,,,0,71,,93,,,0,31,,106,,,0,71,,103,,,0,15,,91,0,5,0,70,,92,,,0,38,,95,,,0,80,,96,,,0,80,,105,,,0,40,,98,,,0,80,,97,,,0,80,,104,,,0,37,,100,,,0,76,,101,,,0,37,,109,,,0,76,,110,,,0,73,,113,0,5,0,17,,20521,,,0,33,,111,,,0,80,,116,,,0,90,,114,,,0,80,,115,,,0,20,,20522,0,5,0,22,,120,,,0,60,,117,0,5,0,20,,119,,,0,78,,121,,,0,40,,122,,,0,79,,123,,,0,80,,124,,,0,30,,125,0,5,0
200,'4745',655,,148,,,0,160,,147,,,0,121,,146,,,0,100,,127,,,0,80,,145,,,0,40,,133,,,0,80,,131,,,0,80,,126,,,0,40,,128,,,0,80,,139,,,0,80,,134,,,0,40,,129,,,0,80,,132,,,0,80,,130,,,0,35,,140,,,0,80,,136,,,0,75,,135,0,5,0,20,,141,,,0,20,,138,0,5,0,60,,137,,,0,40,,143,,,0,79,,144,,,0,80,,142,,,0,40,,149,,,0,80,,150,,,0
200,'4947',553,,167,,,0,77,,159,,,0,19,,154,,,0,71,,168,,,0,30,,162,,,0,71,,153,,,0,31,,166,,,0,71,,163,,,0,15,,151,0,5,0,70,,152,,,0,38,,155,,,0,80,,156,,,0,80,,165,,,0,40,,158,,,0,80,,157,,,0,80,,164,,,0,37,,160,,,0,76,,161,,,0,37,,169,,,0,76,,170,,,0,73,,173,0,5,0,17,,20523,,,0,33,,171,,,0,80,,176,,,0,90,,174,,,0,80,,175,,,0,20,,20524,0,5,0,22,,180,,,0,60,,177,0,5,0,20,,179,,,0,78,,181,,,0,40,,182,,,0,79,,183,,,0,80,,184,,,0,30,,185,0,5,0
200,'4952',553,,202,,,0,77,,194,,,0,19,,189,,,0,71,,203,,,0,30,,197,,,0,71,,188,,,0,31,,201,,,0,71,,198,,,0,15,,186,0,5,0,70,,187,,,0,38,,190,,,0,80,,191,,,0,80,,200,,,0,40,,193,,,0,80,,192,,,0,80,,199,,,0,37,,195,,,0,76,,196,,,0,37,,204,,,0,76,,205,,,0,73,,208,0,5,0,17,,20525,,,0,33,,206,,,0,80,,211,,,0,90,,209,,,0,80,,210,,,0,20,,20526,0,5,0,22,,215,,,0,60,,212,0,5,0,20,,214,,,0,78,,216,,,0,40,,217,,,0,79,,218,,,0,80,,219,,,0,30,,220,0,5,0,68,,221,0,5,0
200,'4953',600,,20533,,,0,110,,20536,,,0,121,,20534,,,0,80,,230,,,0,45,,20535,,,0,80,,228,,,0,80,,222,,,0,40,,229,,,0,80,,20527,,,0,80,,20531,,,0,41,,224,,,0,80,,227,,,0,80,,226,,,0,40,,20528,,,0,80,,20532,,,0,79,,239,,,0,35,,238,,,0,80,,232,,,0,75,,20529,,,0,20,,231,0,5,0,75,,235,,,0,20,,237,0,5,0,20,,20530,,,0,65,,20539,0,5,0,20,,250,,,0,80,,20537,,,0,40,,246,,,0,79,,20538,,,0,80,,245,,,0,35,,20540,0,5,0
200,'4954',655,,274,,,0,160,,273,,,0,121,,272,,,0,100,,253,,,0,80,,271,,,0,40,,259,,,0,80,,257,,,0,80,,252,,,0,40,,254,,,0,80,,265,,,0,80,,260,,,0,40,,255,,,0,80,,258,,,0,80,,256,,,0,35,,266,,,0,80,,262,,,0,75,,261,0,5,0,20,,267,,,0,20,,264,0,5,0,60,,263,,,0,40,,269,,,0,79,,270,,,0,80,,268,,,0,40,,275,,,0,80,,276,,,0
300,'4487',708,,515,4,,0,30,,518,4,,0,70,,513,4,,0,30,,523,4,,0,70,,517,4,,0,30,,512,4,,0,70,,524,4,,0,30,,514,4,,0,70,,511,4,,0,30,,516,4,,0,70,,521,4,,0,30,,519,4,,0,70,,522,4,,0,30,,527,4,,0,70,,520,4,,0,35,,526,4,,0,70,,525,4,,0,40,,528,4,,0,65,,532,4,,0,35,,530,4,,0,70,,529,4,,0,35,,531,4,,0,65,,533,4,,0,30,,536,4,,0,70,,537,4,,0,30,,534,4,,0,70,,535,4,,0,30,,538,4,,0
300,'4744',629,,597,4,,0,75,,596,4,,0,37,,595,4,,0,81,,594,4,,0,37,,593,4,,0,75,,592,4,,0,70,,585,4,,0,30,,586,4,,0,70,,584,4,,0,30,,583,4,,0,70,,589,4,,0,35,,581,4,,0,70,,582,4,,0,30,,588,4,,0,71,,580,4,,0,33,,579,4,,0,75,,587,4,,0,35,,578,4,,0,75,,577,4,,0,73,,590,4,,0,33,,576,4,,0,74,,575,4,,0,25,,591,4,,0,70,,574,4,,0,30,,573,4,,0,25,,571,4,,0,65,,570,4,,0,30,,569,4,,0
300,'4745',723,,622,4,,0,85,,619,4,,0,40,,621,4,,0,85,,617,4,,0,75,,620,4,,0,40,,609,4,,0,60,,616,4,,0,30,,615,4,,0,70,,608,4,,0,30,,618,4,,0,70,,613,4,,0,30,,599,4,,0,70,,598,4,,0,37,,610,4,,0,68,,600,4,,0,35,,611,4,,0,70,,605,4,,0,30,,602,4,,0,70,,601,4,,0,30,,604,4,,0,70,,606,4,,0,30,,603,4,,0,70,,607,4,,0,35,,612,4,,0
300,'4947',629,,651,4,,0,75,,650,4,,0,37,,649,4,,0,81,,648,4,,0,37,,647,4,,0,75,,646,4,,0,70,,639,4,,0,30,,640,4,,0,70,,638,4,,0,30,,637,4,,0,70,,643,4,,0,35,,635,4,,0,70,,636,4,,0,30,,642,4,,0,71,,634,4,,0,33,,633,4,,0,75,,641,4,,0,35,,632,4,,0,75,,631,4,,0,73,,644,4,,0,33,,630,4,,0,74,,629,4,,0,25,,645,4,,0,70,,628,4,,0,30,,627,4,,0,25,,625,4,,0,65,,624,4,,0,30,,623,4,,0
300,'4952',629,,680,4,,0,75,,679,4,,0,37,,678,4,,0,81,,677,4,,0,37,,676,4,,0,75,,675,4,,0,70,,668,4,,0,30,,669,4,,0,70,,667,4,,0,30,,666,4,,0,70,,672,4,,0,35,,664,4,,0,70,,665,4,,0,30,,671,4,,0,71,,663,4,,0,33,,662,4,,0,75,,670,4,,0,35,,661,4,,0,75,,660,4,,0,73,,673,4,,0,33,,659,4,,0,74,,658,4,,0,25,,674,4,,0,70,,657,4,,0,30,,656,4,,0,25,,654,4,,0,65,,653,4,,0,30,,652,4,,0
300,'4953',708,,685,4,,0,30,,688,4,,0,70,,683,4,,0,30,,693,4,,0,70,,687,4,,0,30,,682,4,,0,70,,694,4,,0,30,,684,4,,0,70,,681,4,,0,30,,686,4,,0,70,,691,4,,0,30,,689,4,,0,70,,692,4,,0,30,,697,4,,0,70,,690,4,,0,35,,696,4,,0,70,,695,4,,0,40,,698,4,,0,65,,702,4,,0,35,,700,4,,0,70,,699,4,,0,35,,701,4,,0,65,,703,4,,0,30,,706,4,,0,70,,707,4,,0,30,,704,4,,0,70,,705,4,,0,30,,708,4,,0
300,'4954',723,,734,4,,0,85,,731,4,,0,40,,733,4,,0,85,,729,4,,0,75,,732,4,,0,40,,721,4,,0,60,,728,4,,0,30,,727,4,,0,70,,720,4,,0,30,,730,4,,0,70,,725,4,,0,30,,711,4,,0,70,,710,4,,0,37,,722,4,,0,68,,712,4,,0,35,,723,4,,0,70,,717,4,,0,30,,714,4,,0,70,,713,4,,0,30,,716,4,,0,70,,718,4,,0,30,,715,4,,0,70,,719,4,,0,35,,724,4,,0
301,'4487',710,,739,,,0,30,,740,,,0,70,,737,,,0,30,,748,,,0,70,,741,,,0,30,,736,,,0,70,,747,,,0,30,,738,,,0,70,,735,,,0,30,,745,,,0,70,,744,,,0,30,,742,,,0,70,,746,,,0,30,,749,,,0,70,,743,,,0,35,,750,,,0,70,,751,,,0,40,,754,,,0,65,,753,,,0,35,,755,,,0,70,,752,,,0,75,,756,,,0,25,,759,,,0,30,,760,,,0,70,,758,,,0,30,,757,,,0,70,,762,,,0,30,,761,,,0
301,'4744',631,,817,,,0,75,,816,,,0,37,,818,,,0,81,,815,,,0,77,,808,,,0,35,,807,,,0,70,,806,,,0,30,,809,,,0,70,,804,,,0,30,,805,,,0,70,,811,,,0,35,,803,,,0,70,,802,,,0,30,,810,,,0,71,,801,,,0,33,,800,,,0,75,,812,,,0,35,,799,,,0,75,,798,,,0,73,,814,,,0,33,,797,,,0,74,,796,,,0,25,,813,,,0,70,,795,,,0,30,,794,,,0,65,,792,,,0,25,,793,,,0,30,,791,,,0
301,'4745',725,,843,,,0,85,,840,,,0,40,,842,,,0,85,,839,,,0,75,,841,,,0,40,,832,,,0,60,,837,,,0,30,,836,,,0,70,,833,,,0,30,,838,,,0,70,,835,,,0,30,,821,,,0,70,,820,,,0,37,,824,,,0,68,,822,,,0,35,,831,,,0,70,,826,,,0,30,,827,,,0,70,,828,,,0,30,,825,,,0,70,,823,,,0,30,,830,,,0,70,,829,,,0,35,,834,,,0
301,'4947',631,,870,,,0,75,,869,,,0,37,,871,,,0,81,,868,,,0,77,,861,,,0,35,,860,,,0,70,,859,,,0,30,,862,,,0,70,,857,,,0,30,,858,,,0,70,,864,,,0,35,,856,,,0,70,,855,,,0,30,,863,,,0,71,,854,,,0,33,,853,,,0,75,,865,,,0,35,,852,,,0,75,,851,,,0,73,,867,,,0,33,,850,,,0,74,,849,,,0,25,,866,,,0,70,,848,,,0,30,,847,,,0,65,,845,,,0,25,,846,,,0,30,,844,,,0
301,'4952',631,,899,,,0,75,,898,,,0,37,,900,,,0,81,,897,,,0,77,,890,,,0,35,,889,,,0,70,,888,,,0,30,,891,,,0,70,,886,,,0,30,,887,,,0,70,,893,,,0,35,,885,,,0,70,,884,,,0,30,,892,,,0,71,,883,,,0,33,,882,,,0,75,,894,,,0,35,,881,,,0,75,,880,,,0,73,,896,,,0,33,,879,,,0,74,,878,,,0,25,,895,,,0,70,,877,,,0,30,,876,,,0,65,,874,,,0,25,,875,,,0,30,,873,,,0
301,'4953',710,,906,,,0,30,,907,,,0,70,,904,,,0,30,,915,,,0,70,,908,,,0,30,,903,,,0,70,,914,,,0,30,,905,,,0,70,,902,,,0,30,,912,,,0,70,,911,,,0,30,,909,,,0,70,,913,,,0,30,,916,,,0,70,,910,,,0,35,,917,,,0,70,,918,,,0,40,,921,,,0,65,,920,,,0,35,,922,,,0,70,,919,,,0,75,,923,,,0,25,,926,,,0,30,,927,,,0,70,,925,,,0,30,,924,,,0,70,,929,,,0,30,,928,,,0
301,'4954',725,,953,,,0,85,,950,,,0,40,,952,,,0,85,,949,,,0,75,,951,,,0,40,,942,,,0,60,,947,,,0,30,,946,,,0,70,,943,,,0,30,,948,,,0,70,,945,,,0,30,,931,,,0,70,,930,,,0,37,,934,,,0,68,,932,,,0,35,,941,,,0,70,,936,,,0,30,,937,,,0,70,,938,,,0,30,,935,,,0,70,,933,,,0,30,,940,,,0,70,,939,,,0,35,,944,,,0
500,'4487',635,,1996,,,0,115,,1993,,,0,101,,1997,,,0,80,,1987,,,0,85,,1994,,,0,40,,1988,,,0,80,,20577,,,0,80,,1995,,,0,40,,1986,,,0,81,,1992,,,0,80,,1989,,,0,40,,20575,,,0,80,,1990,,,0,80,,1991,,,0,39,,2000,,,0,75,,2001,,,0,80,,20576,,,0,40,,1998,,,0,90,,20578,,,0
500,'4744',613,,2032,,,0,91,,2025,,,0,31,,2027,,,0,71,,2024,,,0,31,,2026,,,0,70,,2029,,,0,46,,2028,,,0,73,,2037,,,0,80,,2034,,,0,40,,2030,,,0,80,,2031,,,0,80,,2033,,,0,40,,2038,,,0,80,,2035,,,0,75,,2036,,,0,36,,20579,,,0,77,,2039,,,0,34,,2041,,,0,91,,2042,,,0,76,,2043,,,0,85,,20580,,,0,45,,2044,,,0
500,'4745',735,,2059,,,0,120,,2058,,,0,161,,2057,,,0,40,,2052,,,0,80,,2046,,,0,80,,2047,,,0,40,,2060,,,0,80,,2053,,,0,80,,2050,,,0,40,,2048,,,0,80,,2049,,,0,80,,2061,,,0,40,,2054,,,0,75,,2051,,,0,80,,2055,,,0,40,,2056,,,0
500,'4947',613,,2070,,,0,91,,2063,,,0,31,,2065,,,0,71,,2062,,,0,31,,2064,,,0,70,,2067,,,0,46,,2066,,,0,73,,2075,,,0,80,,2072,,,0,40,,2068,,,0,80,,2069,,,0,80,,2071,,,0,40,,2076,,,0,80,,2073,,,0,75,,2074,,,0,36,,20581,,,0,77,,2077,,,0,34,,2079,,,0,91,,2080,,,0,76,,2081,,,0,85,,20582,,,0,45,,2082,,,0
500,'4952',613,,2092,,,0,91,,2085,,,0,31,,2087,,,0,71,,2084,,,0,31,,2086,,,0,70,,2089,,,0,46,,2088,,,0,73,,2097,,,0,80,,2094,,,0,40,,2090,,,0,80,,2091,,,0,80,,2093,,,0,40,,2098,,,0,80,,2095,,,0,75,,2096,,,0,36,,20583,,,0,77,,2099,,,0,34,,2101,,,0,91,,2102,,,0,76,,2103,,,0,85,,20584,,,0,45,,2104,,,0
500,'4953',635,,2116,,,0,115,,2113,,,0,101,,2117,,,0,80,,20585,,,0,85,,2114,,,0,40,,20586,,,0,80,,20591,,,0,80,,2115,,,0,40,,2106,,,0,81,,2112,,,0,80,,20587,,,0,40,,20588,,,0,80,,2110,,,0,80,,2111,,,0,39,,2120,,,0,75,,20589,,,0,80,,20590,,,0,40,,2118,,,0,90,,20592,,,0
500,'4954',735,,2138,,,0,120,,2137,,,0,161,,2136,,,0,40,,2131,,,0,80,,2125,,,0,80,,2126,,,0,40,,2139,,,0,80,,2132,,,0,80,,2129,,,0,40,,2127,,,0,80,,2128,,,0,80,,2140,,,0,40,,2133,,,0,75,,2130,,,0,80,,2134,,,0,40,,2135,,,0
