101,'4744',641,,20,,,0,82,,19,,,0,96,,18,,,0,711,,17,,,0,100,,16,,,0
101,'4947',641,,25,,,0,82,,24,,,0,96,,23,,,0,711,,22,,,0,100,,21,,,0
101,'4952',641,,30,,,0,82,,29,,,0,96,,28,,,0,711,,27,,,0,100,,26,,,0
201,'4487',635,,20545,,,0,118,,20546,,,0,161,,20542,,,0,39,,285,,,0,96,,20544,,,0,78,,286,,,0,80,,278,,,0,38,,281,,,0,78,,280,,,0,81,,20541,,,0,40,,282,,,0,82,,279,,,0,81,,283,,,0,36,,291,,,0,81,,20543,,,0,81,,293,,,0,38,,296,,,0,76,,287,,,0,40,,288,,,0,85,,289,,,0,81,,302,,,0,81,,299,,,0,44,,300,,,0,81,,301,,,0,76,,303,,,0
201,'4744',552,,341,,,0,60,,333,,,0,28,,351,,,0,67,,345,,,0,29,,334,,,0,68,,350,,,0,31,,339,,,0,73,,335,,,0,33,,348,,,0,77,,340,,,0,39,,336,,,0,79,,338,,,0,80,,337,,,0,39,,347,,,0,80,,343,,,0,92,,344,,,0,31,,342,,,0,77,,353,,,0,77,,354,,,0,37,,352,,,0,78,,355,,,0,89,,20548,,,0,25,,358,,,0,83,,357,,,0,83,,359,,,0,41,,360,,,0,79,,361,,,0,81,,362,,,0,41,,364,,,0,81,,363,,,0,72,,365,,,0
201,'4745',620,,380,,,0,119,,387,,,0,117,,381,,,0,175,,388,,,0,100,,367,,,0,79,,378,,,0,39,,374,,,0,79,,373,,,0,81,,369,,,0,40,,370,,,0,80,,379,,,0,81,,375,,,0,36,,371,,,0,81,,372,,,0,81,,376,,,0,37,,385,,,0,82,,377,,,0,80,,384,,,0,41,,383,,,0,80,,386,,,0,81,,382,,,0,42,,389,,,0,81,,390,,,0
201,'4947',552,,399,,,0,60,,391,,,0,28,,409,,,0,67,,403,,,0,29,,392,,,0,68,,408,,,0,31,,397,,,0,73,,393,,,0,33,,406,,,0,77,,398,,,0,39,,394,,,0,79,,396,,,0,80,,395,,,0,39,,405,,,0,80,,401,,,0,92,,402,,,0,31,,400,,,0,77,,411,,,0,77,,412,,,0,37,,410,,,0,78,,413,,,0,89,,20549,,,0,25,,416,,,0,83,,415,,,0,83,,417,,,0,41,,418,,,0,79,,419,,,0,81,,420,,,0,41,,422,,,0,81,,421,,,0,72,,423,,,0
201,'4952',552,,432,,,0,60,,424,,,0,28,,442,,,0,67,,436,,,0,29,,425,,,0,68,,441,,,0,31,,430,,,0,73,,426,,,0,33,,439,,,0,77,,431,,,0,39,,427,,,0,79,,429,,,0,80,,428,,,0,39,,438,,,0,80,,434,,,0,92,,435,,,0,31,,433,,,0,77,,444,,,0,77,,445,,,0,37,,443,,,0,78,,446,,,0,89,,20550,,,0,25,,449,,,0,83,,448,,,0,83,,450,,,0,41,,451,,,0,79,,452,,,0,81,,453,,,0,41,,455,,,0,81,,454,,,0,72,,456,,,0
201,'4953',635,,20558,,,0,118,,20559,,,0,161,,20555,,,0,39,,466,,,0,96,,20557,,,0,78,,467,,,0,80,,459,,,0,38,,462,,,0,78,,20551,,,0,81,,20553,,,0,40,,463,,,0,82,,460,,,0,81,,464,,,0,36,,20554,,,0,81,,20556,,,0,81,,474,,,0,38,,477,,,0,76,,468,,,0,40,,20552,,,0,85,,470,,,0,81,,20561,,,0,81,,480,,,0,44,,20560,,,0,81,,482,,,0,76,,20562,,,0
201,'4954',620,,500,,,0,119,,507,,,0,117,,501,,,0,175,,508,,,0,100,,487,,,0,79,,498,,,0,39,,494,,,0,79,,493,,,0,81,,489,,,0,40,,490,,,0,80,,499,,,0,81,,495,,,0,36,,491,,,0,81,,492,,,0,81,,496,,,0,37,,505,,,0,82,,497,,,0,80,,504,,,0,41,,503,,,0,80,,506,,,0,81,,502,,,0,42,,509,,,0,81,,510,,,0
