300,'4487',655,,515,,,0,70,,518,,,0,28,,513,,,0,70,,523,,,0,30,,517,,,0,70,,512,,,0,30,,524,,,0,70,,514,,,0,27,,511,,,0,72,,516,,,0,27,,521,,,0,71,,519,,,0,29,,522,,,0,71,,527,,,0,29,,520,,,0,76,,526,,,0,29,,525,,,0,81,,528,,,0,65,,532,,,0,35,,530,,,0,71,,529,,,0,35,,531,,,0,66,,533,,,0,31,,536,,,0,70,,537,,,0,30,,534,,,0,70,,535,,,0,30,,538,,,0,85,,539,0,5,0
300,'4744',616,,597,,,0,33,,596,,,0,76,,595,,,0,80,,594,,,0,37,,593,,,0,76,,592,,,0,29,,585,,,0,70,,586,,,0,29,,584,,,0,69,,583,,,0,30,,589,,,0,75,,581,,,0,30,,582,,,0,70,,588,,,0,30,,580,,,0,74,,579,,,0,34,,587,,,0,75,,578,,,0,74,,577,,,0,33,,590,,,0,75,,576,,,0,34,,575,,,0,68,,591,,,0,30,,574,,,0,70,,573,,,0,25,,571,,,0,65,,570,,,0,30,,569,,,0,86,,572,0,5,0
300,'4745',710,,622,,,0,44,,619,,,0,80,,621,,,0,84,,617,,,0,35,,620,,,0,80,,609,,,0,20,,616,,,0,70,,615,,,0,30,,608,,,0,69,,618,,,0,29,,613,,,0,70,,599,,,0,30,,598,,,0,77,,610,,,0,28,,600,,,0,75,,611,,,0,71,,605,,,0,30,,602,,,0,71,,601,,,0,30,,604,,,0,70,,606,,,0,30,,603,,,0,70,,607,,,0,35,,612,,,0,83,,614,0,5,0
300,'4947',616,,651,,,0,33,,650,,,0,76,,649,,,0,80,,648,,,0,37,,647,,,0,76,,646,,,0,29,,639,,,0,70,,640,,,0,29,,638,,,0,69,,637,,,0,30,,643,,,0,75,,635,,,0,30,,636,,,0,70,,642,,,0,30,,634,,,0,74,,633,,,0,34,,641,,,0,75,,632,,,0,74,,631,,,0,33,,644,,,0,75,,630,,,0,34,,629,,,0,68,,645,,,0,30,,628,,,0,70,,627,,,0,25,,625,,,0,65,,624,,,0,30,,623,,,0,86,,626,0,5,0
300,'4952',616,,680,,,0,33,,679,,,0,76,,678,,,0,80,,677,,,0,37,,676,,,0,76,,675,,,0,29,,668,,,0,70,,669,,,0,29,,667,,,0,69,,666,,,0,30,,672,,,0,75,,664,,,0,30,,665,,,0,70,,671,,,0,30,,663,,,0,74,,662,,,0,34,,670,,,0,75,,661,,,0,74,,660,,,0,33,,673,,,0,75,,659,,,0,34,,658,,,0,68,,674,,,0,30,,657,,,0,70,,656,,,0,25,,654,,,0,65,,653,,,0,30,,652,,,0,86,,655,0,5,0
300,'4953',655,,685,,,0,70,,688,,,0,28,,683,,,0,70,,693,,,0,30,,687,,,0,70,,682,,,0,30,,694,,,0,70,,684,,,0,27,,681,,,0,72,,686,,,0,27,,691,,,0,71,,689,,,0,29,,692,,,0,71,,697,,,0,29,,690,,,0,76,,696,,,0,29,,695,,,0,81,,698,,,0,65,,702,,,0,35,,700,,,0,71,,699,,,0,35,,701,,,0,66,,703,,,0,31,,706,,,0,70,,707,,,0,30,,704,,,0,70,,705,,,0,30,,708,,,0,85,,709,0,5,0
300,'4954',710,,734,,,0,44,,731,,,0,80,,733,,,0,84,,729,,,0,35,,732,,,0,80,,721,,,0,20,,728,,,0,70,,727,,,0,30,,720,,,0,69,,730,,,0,29,,725,,,0,70,,711,,,0,30,,710,,,0,77,,722,,,0,28,,712,,,0,75,,723,,,0,71,,717,,,0,30,,714,,,0,71,,713,,,0,30,,716,,,0,70,,718,,,0,30,,715,,,0,70,,719,,,0,35,,724,,,0,83,,726,0,5,0
14000700,'4487',2200,,20172,,,0,34,,20173,,,0,69,,20174,,,0,29,,20175,,,0,70,,20176,,,0,31,,20177,,,0
14000700,'4744',2201,,20184,,,0,29,,20185,,,0,71,,22566,,,0,29,,20187,,,0,71,,20188,,,0,29,,20189,,,0
14000700,'4745',2102,,20190,,,0,31,,20191,,,0,70,,20192,,,0,100,,20193,,,0,97,,20194,,,0
14000700,'4947',2201,,20195,,,0,29,,20196,,,0,71,,22567,,,0,29,,20198,,,0,71,,20199,,,0,29,,20200,,,0
14000700,'4952',2201,,20201,,,0,29,,20202,,,0,71,,22568,,,0,29,,20204,,,0,71,,20205,,,0,29,,20206,,,0
14000700,'4953',2200,,20207,,,0,34,,20208,,,0,69,,20209,,,0,29,,20210,,,0,70,,20211,,,0,31,,20212,,,0
14000700,'4954',2102,,20213,,,0,31,,20214,,,0,70,,20215,,,0,100,,20216,,,0,97,,20217,,,0
