4801,'4623',1726,,72852,55,,,0,23,,72854,55,,,0,65,,72853,55,,,0
4801,'5222',1726,,72855,55,,,0,23,,72857,55,,,0,65,,72856,55,,,0
5201,'4623',519,,73154,33,,,0,37,,73163,33,,,0,78,,73174,33,,,0,78,,73155,33,,,0,28,,73148,33,,,0,68,,73164,33,,,0,33,,73149,33,,,0,64,,73175,33,,,0,33,,73158,33,,,0,75,,73165,33,,,0,30,,73150,33,,,0,70,,73177,33,,,0,27,,73157,33,,,0,77,,73167,33,,,0,34,,73151,33,,,0,70,,73176,33,,,0,30,,73156,33,,,0,70,,73166,33,,,0,29,,73168,33,,,0,70,,73152,33,,,0,26,,73178,33,,,0,75,,73159,33,,,0,37,,73169,33,,,0,63,,73170,33,,,0,24,,73153,33,,,0,62,,73179,33,,,0,30,,73160,33,,,0,69,,73172,33,,,0,29,,73171,33,,,0,72,,73180,33,,,0,29,,73161,33,,,0,68,,73173,33,,,0,27,,73162,33,0,38 3 39 49,0,74,,73181,33,,,0,98,,73182,33,,,0,98,,73183,33,,,0
5201,'4833',700,,73193,33,,,0,32,,73203,33,,,0,70,,73201,33,,,0,31,,73184,33,,,0,70,,73191,33,,,0,30,,73210,33,,,0,70,,73188,33,,,0,32,,73185,33,,,0,70,,73192,33,,,0,30,,73211,33,,,0,71,,73189,33,,,0,31,,73186,33,,,0,75,,73195,33,,,0,30,,73213,33,,,0,75,,73190,33,,,0,35,,73200,33,,,0,75,,73194,33,,,0,30,,73212,33,,,0,70,,73187,33,,,0,30,,73198,33,,,0,63,,73206,33,,,0,25,,73197,33,,,0,64,,73202,33,,,0,25,,73199,33,,,0,70,,73196,33,,,0,29,,73209,33,,,0,72,,73204,33,,,0,30,,73208,33,,,0,70,,73205,33,,,0,24,,73207,33,0,38 3 39 49,0,30,,73214,33,,,0,143,,73215,33,,,0,100,,73216,33,,,0
5201,'5015',700,,73226,33,,,0,32,,73236,33,,,0,70,,73234,33,,,0,31,,73217,33,,,0,70,,73224,33,,,0,30,,73243,33,,,0,70,,73221,33,,,0,32,,73218,33,,,0,70,,73225,33,,,0,30,,73244,33,,,0,71,,73222,33,,,0,31,,73219,33,,,0,75,,73228,33,,,0,30,,73246,33,,,0,75,,73223,33,,,0,35,,73233,33,,,0,75,,73227,33,,,0,30,,73245,33,,,0,70,,73220,33,,,0,30,,73231,33,,,0,63,,73239,33,,,0,25,,73230,33,,,0,64,,73235,33,,,0,25,,73232,33,,,0,70,,73229,33,,,0,29,,73242,33,,,0,72,,73237,33,,,0,30,,73241,33,,,0,70,,73238,33,,,0,24,,73240,33,0,38 3 39 49,0,30,,73247,33,,,0,143,,73248,33,,,0,100,,73249,33,,,0
5201,'5222',519,,73256,33,,,0,37,,73265,33,,,0,78,,73276,33,,,0,78,,73257,33,,,0,28,,73250,33,,,0,68,,73266,33,,,0,33,,73251,33,,,0,64,,73277,33,,,0,33,,73260,33,,,0,75,,73267,33,,,0,30,,73252,33,,,0,70,,73279,33,,,0,27,,73259,33,,,0,77,,73269,33,,,0,34,,73253,33,,,0,70,,73278,33,,,0,30,,73258,33,,,0,70,,73268,33,,,0,29,,73270,33,,,0,70,,73254,33,,,0,26,,73280,33,,,0,75,,73261,33,,,0,37,,73271,33,,,0,63,,73272,33,,,0,24,,73255,33,,,0,62,,73281,33,,,0,30,,73262,33,,,0,69,,73274,33,,,0,29,,73273,33,,,0,72,,73282,33,,,0,29,,73263,33,,,0,68,,73275,33,,,0,27,,73264,33,0,38 3 39 49,0,74,,73283,33,,,0,98,,73284,33,,,0,98,,73285,33,,,0
5201,'5365',731,,73291,33,,,0,70,,73307,33,,,0,31,,73299,33,,,0,71,,73287,33,,,0,30,,73294,33,,,0,70,,73301,33,,,0,31,,73296,33,,,0,70,,73288,33,,,0,31,,73293,33,,,0,70,,73302,33,,,0,30,,73298,33,,,0,75,,73286,33,,,0,30,,73292,33,,,0,75,,73305,33,,,0,35,,73297,33,,,0,75,,73312,33,,,0,29,,73290,33,,,0,70,,73304,33,,,0,30,,73295,33,,,0,70,,73300,33,,,0,30,,73289,33,,,0,70,,73303,33,,,0,79,,73306,33,,,0,100,,73308,33,,,0,99,,73309,33,,,0,100,,73310,33,,,0,100,,73311,33,,,0
5201,'5390',731,,73318,33,,,0,70,,73334,33,,,0,31,,73326,33,,,0,71,,73314,33,,,0,30,,73321,33,,,0,70,,73328,33,,,0,31,,73323,33,,,0,70,,73315,33,,,0,31,,73320,33,,,0,70,,73329,33,,,0,30,,73325,33,,,0,75,,73313,33,,,0,30,,73319,33,,,0,75,,73332,33,,,0,35,,73324,33,,,0,75,,73339,33,,,0,29,,73317,33,,,0,70,,73331,33,,,0,30,,73322,33,,,0,70,,73327,33,,,0,30,,73316,33,,,0,70,,73330,33,,,0,79,,73333,33,,,0,100,,73335,33,,,0,99,,73336,33,,,0,100,,73337,33,,,0,100,,73338,33,,,0
5500,'4623',624,,73536,31,,,0,131,,73537,31,,,0,173,,73538,31,,,0,215,,73539,31,,,0,198,,73534,31,,,0,172,,73540,31,,,0,107,,73535,31,,,0,182,,73541,31,,,0,148,,73542,31,,,0,199,,73543,31,,,0
5500,'4833',818,,73550,31,,,0,201,,73546,31,,,0,213,,73547,31,,,0,204,,73548,31,,,0,211,,73549,31,,,0,209,,73545,31,,,0,264,,73544,31,,,0
5500,'5015',818,,73557,31,,,0,201,,73553,31,,,0,213,,73554,31,,,0,204,,73555,31,,,0,211,,73556,31,,,0,209,,73552,31,,,0,264,,73551,31,,,0
5500,'5222',624,,73560,31,,,0,131,,73561,31,,,0,173,,73562,31,,,0,215,,73563,31,,,0,198,,73558,31,,,0,172,,73564,31,,,0,107,,73559,31,,,0,182,,73565,31,,,0,148,,73566,31,,,0,199,,73567,31,,,0
5500,'5365',816,,73568,31,,,0,202,,73571,31,,,0,214,,73570,31,,,0,205,,73569,31,,,0,210,,73573,31,,,0,208,,73574,31,,,0,263,,73572,31,,,0
5500,'5390',816,,73575,31,,,0,202,,73578,31,,,0,214,,73577,31,,,0,205,,73576,31,,,0,210,,73580,31,,,0,208,,73581,31,,,0,263,,73579,31,,,0
5901,'4623',656,,74129,16,,,0,71,,74122,16,,,0,102,,74123,16,,,0,104,,74124,16,,,0,101,,74125,16,,,0,96,,74130,16,,,0,103,,74131,16,,,0,104,,74132,16,,,0,105,,74133,16,,,0,104,,74126,16,,,0,80,,74127,16,,,0,83,,74134,16,,,0,43,,74135,16,,,0,81,,74128,16,,,0,103,,74136,16,,,0,104,,74138,16,,,0,114,,74137,16,,,0
5901,'4833',657,,74150,16,,,0,100,,74151,16,,,0,101,,74152,16,,,0,101,,74148,16,,,0,145,,74149,16,,,0,105,,74147,16,,,0,105,,74146,16,,,0,105,,74145,16,,,0,105,,74144,16,,,0,102,,74143,16,,,0,103,,74142,16,,,0,105,,74141,16,,,0,105,,74140,16,,,0,120,,74139,16,,,0
5901,'5015',657,,74164,16,,,0,100,,74165,16,,,0,101,,74166,16,,,0,101,,74162,16,,,0,145,,74163,16,,,0,105,,74161,16,,,0,105,,74160,16,,,0,105,,74159,16,,,0,105,,74158,16,,,0,102,,74157,16,,,0,103,,74156,16,,,0,105,,74155,16,,,0,105,,74154,16,,,0,120,,74153,16,,,0
5901,'5222',656,,74174,16,,,0,71,,74167,16,,,0,102,,74168,16,,,0,104,,74169,16,,,0,101,,74170,16,,,0,96,,74175,16,,,0,103,,74176,16,,,0,104,,74177,16,,,0,105,,74178,16,,,0,104,,74171,16,,,0,80,,74172,16,,,0,83,,74179,16,,,0,43,,74180,16,,,0,81,,74173,16,,,0,103,,74181,16,,,0,104,,74183,16,,,0,114,,74182,16,,,0
5901,'5365',757,,74185,16,,,0,101,,74184,16,,,0,101,,74186,16,,,0,145,,74188,16,,,0,105,,74187,16,,,0,105,,74191,16,,,0,105,,74192,16,,,0,105,,74190,16,,,0,102,,74189,16,,,0,103,,74195,16,,,0,105,,74194,16,,,0,105,,74196,16,,,0,120,,74193,16,,,0
5901,'5390',757,,74198,16,,,0,101,,74197,16,,,0,101,,74199,16,,,0,145,,74201,16,,,0,105,,74200,16,,,0,105,,74204,16,,,0,105,,74205,16,,,0,105,,74203,16,,,0,102,,74202,16,,,0,103,,74208,16,,,0,105,,74207,16,,,0,105,,74209,16,,,0,120,,74206,16,,,0
6100,'4623',542,,74420,50,,,0,79,,74400,50,,,0,15,,74421,50,,,0,21,,74402,50,,,0,64,,74398,50,,,0,20,,74389,50,,,0,17,,74397,50,,,0,68,,74392,50,,,0,13,,74418,32,0,30 14,0,74,,74404,32,0,30 14,0,41,,74401,32,0,30 14,0,64,,74419,32,0,30 14,0,36,,74399,32,0,30 14,0,87,,74408,32,0,30 14,0,76,,74422,32,0,30 14,0,36,,74407,32,0,30 14,0,74,,74406,32,0,30 14,0,79,,74423,32,0,30 14,0,30,,74405,32,0,30 14,0,80,,74403,32,0,30 14,0,33,,74388,32,0,30 14,0,82,,74390,32,0,30 14,0,26,,74391,32,0,30 14,0,79,,74393,32,0,30 14,0,68,,74411,32,0,30 14,0,27,,74396,32,0,30 14,0,25,,74395,32,0,30 14,0,72,,74394,32,0,30 14,0,31,,74410,32,0,30 14,0,70,,74409,32,0,30 14,0,95,,74414,32,0,30 14,0,81,,74413,32,0,30 14,0,104,,74415,32,0,30 14,0,33,,74412,32,0,30 14,0,100,,74416,32,0,30 14,0,73,,74417,32,0,30 14,0,100,,74424,32,0,30,0
6100,'4833',654,,74426,32,0,30 14,0,99,,74427,32,0,30 14,0,82,,74425,32,0,30 14,0,98,,74428,32,0,30 14,0,96,,74429,32,0,30 14,0,82,,74430,32,0,30 14,0,35,,74431,32,0,30 14,0,88,,74432,32,0,30 14,0,75,,74433,32,0,30 14,0,35,,74434,32,0,30 14,0,76,,74435,32,0,30 14,0,36,,74436,32,0,30 14,0,77,,74437,32,0,30 14,0,77,,74438,32,0,30 14,0,25,,74439,32,0,30 14,0,78,,74440,32,0,30 14,0,41,,74441,32,0,30 14,0,72,,74442,32,0,30 14,0,31,,74443,32,0,30 14,0,71,,74444,32,0,30 14,0,73,,74445,32,0,30 14,0,43,,74446,32,0,30 14,0,81,,74447,32,0,30 14,0,81,,74448,32,0,30 14,0,103,,74449,32,0,30 14,0,32,,74450,32,0,30 14,0,100,,74451,32,0,30 14,0,78,,74452,32,0,30,0
6100,'5015',654,,74454,32,0,30 14,0,99,,74455,32,0,30 14,0,82,,74453,32,0,30 14,0,98,,74456,32,0,30 14,0,96,,74457,32,0,30 14,0,82,,74458,32,0,30 14,0,35,,74459,32,0,30 14,0,88,,74460,32,0,30 14,0,75,,74461,32,0,30 14,0,35,,74462,32,0,30 14,0,76,,74463,32,0,30 14,0,36,,74464,32,0,30 14,0,77,,74465,32,0,30 14,0,77,,74466,32,0,30 14,0,25,,74467,32,0,30 14,0,78,,74468,32,0,30 14,0,41,,74469,32,0,30 14,0,72,,74470,32,0,30 14,0,31,,74471,32,0,30 14,0,71,,74472,32,0,30 14,0,73,,74473,32,0,30 14,0,43,,74474,32,0,30 14,0,81,,74475,32,0,30 14,0,81,,74476,32,0,30 14,0,103,,74477,32,0,30 14,0,32,,74478,32,0,30 14,0,100,,74479,32,0,30 14,0,78,,74480,32,0,30,0,99,,74481,32,0,30,0
6100,'5222',542,,74514,50,,,0,79,,74494,50,,,0,15,,74515,50,,,0,21,,74496,50,,,0,64,,74492,50,,,0,20,,74483,50,,,0,17,,74491,50,,,0,68,,74486,50,,,0,13,,74512,32,0,30 14,0,74,,74498,32,0,30 14,0,41,,74495,32,0,30 14,0,64,,74513,32,0,30 14,0,36,,74493,32,0,30 14,0,87,,74502,32,0,30 14,0,76,,74516,32,0,30 14,0,36,,74501,32,0,30 14,0,74,,74500,32,0,30 14,0,79,,74517,32,0,30 14,0,30,,74499,32,0,30 14,0,80,,74497,32,0,30 14,0,33,,74482,32,0,30 14,0,82,,74484,32,0,30 14,0,26,,74485,32,0,30 14,0,79,,74487,32,0,30 14,0,68,,74505,32,0,30 14,0,27,,74490,32,0,30 14,0,25,,74489,32,0,30 14,0,72,,74488,32,0,30 14,0,31,,74504,32,0,30 14,0,70,,74503,32,0,30 14,0,95,,74508,32,0,30 14,0,81,,74507,32,0,30 14,0,104,,74509,32,0,30 14,0,33,,74506,32,0,30 14,0,100,,74510,32,0,30 14,0,73,,74511,32,0,30 14,0
6100,'5365',657,,74518,32,0,30 14,0,144,,74519,32,0,30 14,0,43,,74520,32,0,30 14,0,96,,74521,32,0,30 14,0,83,,74522,32,0,30 14,0,86,,74523,32,0,30 14,0,97,,74524,32,0,30 14,0,44,,74525,32,0,30 14,0,101,,74526,32,0,30 14,0,93,,74527,32,0,30 14,0,103,,74528,32,0,30 14,0,77,,74529,32,0,30 14,0,102,,74530,32,0,30 14,0,86,,74531,32,0,30 14,0,103,,74532,32,0,30 14,0,86,,74533,32,0,30 14,0,46,,74534,32,0,30 14,0,101,,74535,32,0,30 14,0,93,,74536,32,0,30 14,0,101,,74537,32,0,30 14,0,74,,74538,32,0,30,0
6100,'5390',657,,74539,32,0,30 14,0,144,,74540,32,0,30 14,0,43,,74541,32,0,30 14,0,96,,74542,32,0,30 14,0,83,,74543,32,0,30 14,0,86,,74544,32,0,30 14,0,97,,74545,32,0,30 14,0,44,,74546,32,0,30 14,0,101,,74547,32,0,30 14,0,93,,74548,32,0,30 14,0,103,,74549,32,0,30 14,0,77,,74550,32,0,30 14,0,102,,74551,32,0,30 14,0,86,,74552,32,0,30 14,0,103,,74553,32,0,30 14,0,86,,74554,32,0,30 14,0,46,,74555,32,0,30 14,0,101,,74556,32,0,30 14,0,93,,74557,32,0,30 14,0,101,,74558,32,0,30 14,0,74,,74559,32,0,30,0
6400,'4623',741,,74743,57,,,0,507,,74739,88,,,0,580,,74741,73,,,0
6400,'5222',741,,74750,57,,,0,507,,74746,88,,,0,580,,74748,73,,,0
