600,'4487',601,,2305,,,0,30,,2306,,,0,84,,2307,,,0,20,,2308,,,0,76,,2309,,,0,20,,2310,,,0,18,,2311,,,0,71,,2312,,,0,15,,2304,,,0,15,,2313,,,0,67,,2314,,,0,13,,2315,,,0,13,,2316,,,0,12,,2317,,,0,64,,2318,,,0,12,,2319,,,0,12,,2320,,,0,65,,2321,,,0,12,,2322,,,0,12,,2323,,,0,24,,2324,,,0,52,,2325,,,0,13,,2326,,,0,24,,2327,,,0,12,,2328,,,0,52,,2329,,,0,20,,2330,,,0,10,,2331,,,0,10,,2332,,,0,62,,2333,,,0,11,,2334,,,0,10,,2335,,,0,20,,2336,,,0,51,,2337,,,0,10,,2338,,,0,20,,2339,,,0,11,,2340,,,0,10,,2341,,,0,60,,2342,,,0,11,,2343,,,0,12,,2344,,,0,12,,2345,,,0,64,,2346,,,0,12,,2347,,,0,12,,2348,,,0,11,,2349,,,0,65,,2350,,,0,15,,2351,,,0,14,,2352,,,0,69,,2353,,,0,15,,2354,,,0,17,,2355,,,0,76,,2356,,,0,18,,2357,,,0,74,,2358,,,0,21,,2359,,,0,20,,2360,,,0,90,,2361,,,0,93,,2362,,,0
600,'4743',601,,2364,,,0,30,,2365,,,0,84,,2366,,,0,20,,2367,,,0,76,,2368,,,0,20,,2369,,,0,18,,2370,,,0,71,,2371,,,0,15,,2363,,,0,15,,2372,,,0,67,,2373,,,0,13,,2374,,,0,13,,2375,,,0,12,,2376,,,0,64,,2377,,,0,12,,2378,,,0,12,,2379,,,0,65,,2380,,,0,12,,2381,,,0,12,,2382,,,0,24,,2383,,,0,52,,2384,,,0,13,,2385,,,0,24,,2386,,,0,12,,2387,,,0,52,,2388,,,0,20,,2389,,,0,10,,2390,,,0,10,,2391,,,0,62,,2392,,,0,11,,2393,,,0,10,,2394,,,0,20,,2395,,,0,51,,2396,,,0,10,,2397,,,0,20,,2398,,,0,11,,2399,,,0,10,,2400,,,0,60,,2401,,,0,11,,2402,,,0,12,,2403,,,0,12,,2404,,,0,64,,2405,,,0,12,,2406,,,0,12,,2407,,,0,11,,2408,,,0,65,,2409,,,0,15,,2410,,,0,14,,2411,,,0,69,,2412,,,0,15,,2413,,,0,17,,2414,,,0,76,,2415,,,0,18,,2416,,,0,74,,2417,,,0,21,,2418,,,0,20,,2419,,,0,90,,2420,,,0,93,,2421,,,0
600,'4744',536,,2462,,,0,20,,2457,,,0,71,,2463,,,0,31,,2456,,,0,66,,2467,,,0,24,,2461,,,0,65,,2430,,,0,20,,2427,,,0,19,,2439,,,0,59,,2464,,,0,19,,2453,,,0,25,,2469,,,0,64,,2441,,,0,23,,2433,,,0,65,,2459,,,0,23,,2448,,,0,24,,2465,,,0,64,,2455,,,0,25,,2468,,,0,64,,2440,,,0,25,,2431,,,0,27,,2458,,,0,63,,2449,,,0,21,,2442,,,0,60,,2432,,,0,21,,2454,,,0,16,,2424,,,0,14,,2452,,,0,57,,2422,,,0,14,,2423,,,0,16,,2437,,,0,15,,2471,,,0,53,,2460,,,0,13,,2425,,,0,16,,2426,,,0,14,,2445,,,0,54,,2436,,,0,17,,2470,,,0,17,,2429,,,0,63,,2466,,,0,24,,2434,,,0,28,,2428,,,0,73,,2443,,,0,18,,2435,,,0,75,,2450,,,0,18,,2444,,,0,78,,2438,,,0,19,,2451,,,0,99,,2446,,,0,98,,2447,,,0
600,'4745',646,,2497,,,0,70,,2511,,,0,95,,2481,,,0,25,,2509,,,0,81,,2483,,,0,21,,2473,,,0,78,,2493,,,0,15,,2520,,,0,16,,2482,,,0,73,,2513,,,0,15,,2496,,,0,15,,2472,,,0,70,,2474,,,0,12,,2476,,,0,12,,2516,,,0,12,,2500,,,0,64,,2475,,,0,12,,2486,,,0,12,,2477,,,0,12,,2480,,,0,64,,2499,,,0,12,,2478,,,0,12,,2479,,,0,12,,2487,,,0,64,,2490,,,0,12,,2517,,,0,12,,2501,,,0,12,,2491,,,0,65,,2489,,,0,12,,2488,,,0,11,,2485,,,0,12,,2515,,,0,65,,2484,,,0,12,,2495,,,0,11,,2494,,,0,12,,2521,,,0,65,,2506,,,0,15,,2492,,,0,15,,2498,,,0,72,,2502,,,0,16,,2508,,,0,18,,2503,,,0,74,,2504,,,0,17,,2507,,,0,74,,2512,,,0,17,,2514,,,0,18,,2505,,,0,88,,2510,,,0,95,,2519,,,0,69,,2518,,,0
600,'4870',536,,2562,,,0,20,,2557,,,0,71,,2563,,,0,31,,2556,,,0,66,,2567,,,0,24,,2561,,,0,65,,2530,,,0,20,,2527,,,0,19,,2539,,,0,59,,2564,,,0,19,,2553,,,0,25,,2569,,,0,64,,2541,,,0,23,,2533,,,0,65,,2559,,,0,23,,2548,,,0,24,,2565,,,0,64,,2555,,,0,25,,2568,,,0,64,,2540,,,0,25,,2531,,,0,27,,2558,,,0,63,,2549,,,0,21,,2542,,,0,60,,2532,,,0,21,,2554,,,0,16,,2524,,,0,14,,2552,,,0,57,,2522,,,0,14,,2523,,,0,16,,2537,,,0,15,,2571,,,0,53,,2560,,,0,13,,2525,,,0,16,,2526,,,0,14,,2545,,,0,54,,2536,,,0,17,,2570,,,0,17,,2529,,,0,63,,2566,,,0,24,,2534,,,0,28,,2528,,,0,73,,2543,,,0,18,,2535,,,0,75,,2550,,,0,18,,2544,,,0,78,,2538,,,0,19,,2551,,,0,99,,2546,,,0,98,,2547,,,0
600,'4875',536,,2617,,,0,20,,2612,,,0,71,,2618,,,0,31,,2611,,,0,66,,2622,,,0,24,,2616,,,0,65,,2580,,,0,20,,2577,,,0,19,,2589,,,0,59,,2619,,,0,19,,2606,,,0,25,,2624,,,0,64,,2591,,,0,23,,2583,,,0,65,,2614,,,0,23,,2598,,,0,24,,2620,,,0,64,,2608,,,0,25,,2623,,,0,64,,2590,,,0,25,,2581,,,0,27,,2613,,,0,63,,2599,,,0,21,,2592,,,0,60,,2582,,,0,21,,2607,,,0,16,,2574,,,0,14,,2602,,,0,57,,2572,,,0,14,,2573,,,0,16,,2587,,,0,15,,2626,,,0,53,,2615,,,0,13,,2575,,,0,16,,2576,,,0,14,,2595,,,0,54,,2586,,,0,17,,2625,,,0,17,,2579,,,0,63,,2621,,,0,24,,2584,,,0,28,,2578,,,0,73,,2593,,,0,18,,2585,,,0,75,,2600,,,0,18,,2594,,,0,78,,2588,,,0,19,,2601,,,0,99,,2596,,,0,98,,2597,,,0,70,,2603,,,0,30,,2605,,,0,70,,2604,,,0,30,,2609,,,0,69,,2610,,,0
600,'4876',601,,2628,,,0,30,,2629,,,0,84,,2630,,,0,20,,2631,,,0,76,,2632,,,0,20,,2633,,,0,18,,2634,,,0,71,,2635,,,0,15,,2627,,,0,15,,2636,,,0,67,,2637,,,0,13,,2638,,,0,13,,2639,,,0,12,,2640,,,0,64,,2641,,,0,12,,2642,,,0,12,,2643,,,0,65,,2644,,,0,12,,2645,,,0,12,,2646,,,0,24,,2647,,,0,52,,2648,,,0,13,,2649,,,0,24,,2650,,,0,12,,2651,,,0,52,,2652,,,0,20,,2653,,,0,10,,2654,,,0,10,,2655,,,0,62,,2656,,,0,11,,2657,,,0,10,,2658,,,0,20,,2659,,,0,51,,2660,,,0,10,,2661,,,0,20,,2662,,,0,11,,2663,,,0,10,,2664,,,0,60,,2665,,,0,11,,2666,,,0,12,,2667,,,0,12,,2668,,,0,64,,2669,,,0,12,,2670,,,0,12,,2671,,,0,11,,2672,,,0,65,,2673,,,0,15,,2674,,,0,14,,2675,,,0,69,,2676,,,0,15,,2677,,,0,17,,2678,,,0,76,,2679,,,0,18,,2680,,,0,74,,2681,,,0,21,,2682,,,0,20,,2683,,,0,90,,2684,,,0,93,,2685,,,0,70,,2686,,,0,29,,2687,,,0,70,,2688,,,0,29,,2689,,,0,69,,2690,,,0
600,'4877',646,,2716,,,0,70,,2730,,,0,95,,2700,,,0,25,,2728,,,0,81,,2702,,,0,21,,2692,,,0,78,,2712,,,0,15,,2739,,,0,16,,2701,,,0,73,,2732,,,0,15,,2715,,,0,15,,2691,,,0,70,,2693,,,0,12,,2695,,,0,12,,2735,,,0,12,,2719,,,0,64,,2694,,,0,12,,2705,,,0,12,,2696,,,0,12,,2699,,,0,64,,2718,,,0,12,,2697,,,0,12,,2698,,,0,12,,2706,,,0,64,,2709,,,0,12,,2736,,,0,12,,2720,,,0,12,,2710,,,0,65,,2708,,,0,12,,2707,,,0,11,,2704,,,0,12,,2734,,,0,65,,2703,,,0,12,,2714,,,0,11,,2713,,,0,12,,2740,,,0,65,,2725,,,0,15,,2711,,,0,15,,2717,,,0,72,,2721,,,0,16,,2727,,,0,18,,2722,,,0,74,,2723,,,0,17,,2726,,,0,74,,2731,,,0,17,,2733,,,0,18,,2724,,,0,88,,2729,,,0,95,,2738,,,0,69,,2737,,,0
1700,'4744',757,,7502,,,0
1700,'4870',757,,7503,,,0
1700,'4875',757,,7504,,,0
2501,'4487',717,,8917,,,0,99,,8914,,,0,104,,8916,,,0,101,,8915,,,0,97,,8923,,,0,95,,8920,,,0,100,,8919,,,0,98,,8918,,,0,100,,8921,,,0,102,,8922,,,0,118,,8924,,,0,170,,8925,,,0,126,,8926,,,0,132,,8927,,,0,170,,8928,,,0
2501,'4743',717,,8932,,,0,99,,8929,,,0,104,,8931,,,0,101,,8930,,,0,97,,8938,,,0,95,,8935,,,0,100,,8934,,,0,98,,8933,,,0,100,,8936,,,0,102,,8937,,,0,118,,8939,,,0,170,,8940,,,0,126,,8941,,,0,132,,8942,,,0,170,,8943,,,0
2501,'4744',610,,8948,,,0,39,,8951,,,0,76,,8945,0,6 7,0,77,,8944,,,0,115,,8954,,,0,101,,8950,,,0,99,,8947,,,0,100,,8946,,,0,100,,8949,,,0,105,,8953,,,0,90,,8952,,,0,102,,8955,,,0,43,,8956,,,0,84,,8957,,,0,86,,8958,,,0,97,,8959,,,0,103,,8960,,,0,132,,8961,,,0,171,,8962,,,0
2501,'4745',832,,8964,,,0,169,,8963,,,0,127,,8965,,,0,130,,8966,,,0,171,,8967,,,0,172,,8968,,,0,131,,8969,,,0,170,,8970,,,0,131,,8971,,,0,126,,8972,,,0,170,,8973,,,0
2501,'4870',610,,8978,,,0,39,,8981,,,0,76,,8975,0,6 7,0,77,,8974,,,0,115,,8984,,,0,101,,8980,,,0,99,,8977,,,0,100,,8976,,,0,100,,8979,,,0,105,,8983,,,0,90,,8982,,,0,145,,8985,,,0,84,,8986,,,0,86,,8987,,,0,97,,8988,,,0,103,,8989,,,0,132,,8990,,,0,171,,8991,,,0
2501,'4872',1614,,8992,,,0
2501,'4873',1614,,8993,,,0
2501,'4875',610,,8998,,,0,39,,9001,,,0,76,,8995,0,6 7,0,77,,8994,,,0,115,,9004,,,0,101,,9000,,,0,99,,8997,,,0,100,,8996,,,0,100,,8999,,,0,105,,9003,,,0,90,,9002,,,0,102,,9005,,,0,43,,9006,,,0,84,,9007,,,0,86,,9008,,,0,97,,9009,,,0,103,,9010,,,0,132,,9011,,,0,171,,9012,,,0
2501,'4876',717,,9016,,,0,99,,9013,,,0,104,,9015,,,0,101,,9014,,,0,97,,9022,,,0,95,,9019,,,0,100,,9018,,,0,98,,9017,,,0,100,,9020,,,0,102,,9021,,,0,118,,9023,,,0,170,,9024,,,0,126,,9025,,,0,132,,9026,,,0,170,,9027,,,0
2501,'4877',832,,9029,,,0,169,,9028,,,0,127,,9030,,,0,130,,9031,,,0,171,,9032,,,0,172,,9033,,,0,131,,9034,,,0,170,,9035,,,0,131,,9036,,,0,126,,9037,,,0,170,,9038,,,0
1000600,'4487',654,,19540,,,0,99,,19541,,,0,151,,19542,,,0,100,,19543,,,0,103,,19544,,,0,49,,19545,,,0,89,,19546,,,0,88,,19547,,,0,86,,19548,,,0,81,,19549,,,0,42,,19550,,,0,81,,19551,,,0,80,,19552,,,0,97,,19553,,,0,100,,19554,,,0,57,,19555,,,0,144,,19556,,,0,52,,19557,,,0,164,,19558,,,0,95,,19559,,,0
1000600,'4743',654,,19560,,,0,99,,19561,,,0,151,,19562,,,0,100,,19563,,,0,103,,19564,,,0,49,,19565,,,0,89,,19566,,,0,88,,19567,,,0,86,,19568,,,0,81,,19569,,,0,42,,19570,,,0,81,,19571,,,0,80,,19572,,,0,97,,19573,,,0,100,,19574,,,0,57,,19575,,,0,144,,19576,,,0,52,,19577,,,0,164,,19578,,,0,95,,19579,,,0
1000600,'4744',611,,19603,,,0,99,,19588,,,0,90,,19594,,,0,43,,19589,,,0,76,,19583,,,0,88,,19590,,,0,47,,19595,,,0,88,,19586,,,0,89,,19597,,,0,89,,19601,,,0,91,,19604,,,0,43,,19600,,,0,80,,19598,,,0,68,,19580,,,0,31,,19602,,,0,70,,19596,,,0,27,,19591,,,0,29,,19581,,,0,71,,19599,,,0,85,,19587,,,0,95,,19592,,,0,93,,19582,,,0,54,,19584,,,0,148,,19585,,,0,98,,19593,,,0
1000600,'4745',746,,19613,,,0,110,,19614,,,0,102,,19619,,,0,146,,19605,,,0,101,,19608,,,0,103,,19606,,,0,100,,19620,,,0,100,,19607,,,0,101,,19609,,,0,99,,19610,,,0,100,,19612,,,0,98,,19611,,,0,109,,19615,,,0,90,,19616,,,0,112,,19618,,,0,93,,19617,,,0
1000600,'4870',611,,19644,,,0,99,,19629,,,0,90,,19635,,,0,43,,19630,,,0,76,,19624,,,0,88,,19631,,,0,47,,19636,,,0,88,,19627,,,0,89,,19638,,,0,89,,19642,,,0,91,,19645,,,0,43,,19641,,,0,80,,19639,,,0,68,,19621,,,0,31,,19643,,,0,70,,19637,,,0,27,,19632,,,0,29,,19622,,,0,71,,19640,,,0,85,,19628,,,0,95,,19633,,,0,93,,19623,,,0,54,,19625,,,0,148,,19626,,,0,98,,19634,,,0
1000600,'4875',611,,19669,,,0,99,,19654,,,0,90,,19660,,,0,43,,19655,,,0,76,,19649,,,0,88,,19656,,,0,47,,19661,,,0,88,,19652,,,0,89,,19663,,,0,89,,19667,,,0,91,,19670,,,0,43,,19666,,,0,80,,19664,,,0,68,,19646,,,0,31,,19668,,,0,70,,19662,,,0,27,,19657,,,0,29,,19647,,,0,71,,19665,,,0,85,,19653,,,0,95,,19658,,,0,93,,19648,,,0,54,,19650,,,0,148,,19651,,,0,98,,19659,,,0
1000600,'4876',654,,19671,,,0,99,,19672,,,0,151,,19673,,,0,100,,19674,,,0,103,,19675,,,0,49,,19676,,,0,89,,19677,,,0,88,,19678,,,0,86,,19679,,,0,81,,19680,,,0,42,,19681,,,0,81,,19682,,,0,80,,19683,,,0,97,,19684,,,0,100,,19685,,,0,57,,19686,,,0,144,,19687,,,0,52,,19688,,,0,164,,19689,,,0,95,,19690,,,0
1000600,'4877',746,,19699,,,0,110,,19700,,,0,102,,19705,,,0,146,,19691,,,0,101,,19694,,,0,103,,19692,,,0,100,,19706,,,0,100,,19693,,,0,101,,19695,,,0,99,,19696,,,0,100,,19698,,,0,98,,19697,,,0,109,,19701,,,0,90,,19702,,,0,112,,19704,,,0,93,,19703,,,0
2000600,'4744',643,,20065,,,0,93,,20061,,,0,87,,20068,,,0,78,,20060,,,0,42,,20069,,,0,88,,20070,,,0,88,,20073,,,0,87,,20059,,,0,49,,20063,,,0,91,,20066,,,0,87,,20055,,,0,80,,20056,,,0,34,,20072,,,0,72,,20062,,,0,30,,20058,,,0,66,,20057,,,0,30,,20071,,,0,71,,20067,,,0,36,,20064,,,0,89,,20074,,,0
2000600,'4870',643,,20085,,,0,93,,20081,,,0,87,,20088,,,0,78,,20080,,,0,42,,20089,,,0,88,,20090,,,0,88,,20093,,,0,87,,20079,,,0,49,,20083,,,0,91,,20086,,,0,87,,20075,,,0,80,,20076,,,0,34,,20092,,,0,72,,20082,,,0,30,,20078,,,0,66,,20077,,,0,30,,20091,,,0,71,,20087,,,0,36,,20084,,,0,89,,20094,,,0
2000600,'4875',643,,20105,,,0,93,,20101,,,0,87,,20108,,,0,78,,20100,,,0,42,,20109,,,0,88,,20110,,,0,88,,20113,,,0,87,,20099,,,0,49,,20103,,,0,91,,20106,,,0,87,,20095,,,0,80,,20096,,,0,34,,20112,,,0,72,,20102,,,0,30,,20098,,,0,66,,20097,,,0,30,,20111,,,0,71,,20107,,,0,36,,20104,,,0,89,,20114,,,0
