8700,'4744',729,,18010,,,0,200,,18009,,,0,200,,18011,,,0,205,,18015,,,0,195,,18013,,,0,203,,18014,,,0
8700,'4947',729,,18017,,,0,200,,18016,,,0,200,,18018,,,0,205,,18022,,,0,195,,18020,,,0,203,,18021,,,0
8700,'4952',729,,18024,,,0,200,,18023,,,0,200,,18025,,,0,205,,18029,,,0,195,,18027,,,0,203,,18028,,,0
8701,'4744',636,,18030,,,0,198,,18031,,,0,201,,18032,,,0,200,,18033,,,0,199,,18034,,,0,203,,18035,,,0
8701,'4947',636,,18036,,,0,198,,18037,,,0,201,,18038,,,0,200,,18039,,,0,199,,18040,,,0,203,,18041,,,0
8701,'4952',636,,18042,,,0,198,,18043,,,0,201,,18044,,,0,200,,18045,,,0,199,,18046,,,0,203,,18047,,,0
8801,'4487',802,,18146,,,0,99,,18147,,,0,99,,18148,,,0,100,,18149,,,0,59,,18140,,,0,100,,18141,,,0,100,,18142,,,0,100,,18143,,,0,141,,18144,,,0,100,,18145,,,0,58,,18137,,,0,100,,18138,,,0,142,,18139,,,0,100,,18136,,,0
8801,'4744',727,,18164,,,0,200,,18165,,,0,200,,18166,,,0,200,,18167,,,0,200,,18168,,,0,205,,18169,,,0,103,,18170,,,0
8801,'4745',803,,18179,,,0,54,,18180,,,0,100,,18181,,,0,100,,18182,,,0,101,,18183,,,0,100,,18184,,,0,99,,18174,,,0,100,,18175,,,0,100,,18176,,,0,101,,18177,,,0,142,,18178,,,0,59,,18172,,,0,100,,18173,,,0,98,,18171,,,0
8801,'4947',727,,18185,,,0,200,,18186,,,0,200,,18187,,,0,200,,18188,,,0,200,,18189,,,0,205,,18190,,,0,103,,18191,,,0
8801,'4952',727,,18192,,,0,200,,18193,,,0,200,,18194,,,0,200,,18195,,,0,200,,18196,,,0,205,,18197,,,0,103,,18198,,,0
8801,'4953',802,,18209,,,0,99,,18210,,,0,99,,18211,,,0,100,,18212,,,0,59,,18203,,,0,100,,18204,,,0,100,,18205,,,0,100,,18206,,,0,141,,18207,,,0,100,,18208,,,0,58,,18200,,,0,100,,18201,,,0,142,,18202,,,0,100,,18199,,,0
8801,'4954',803,,18221,,,0,54,,18222,,,0,100,,18223,,,0,100,,18224,,,0,101,,18225,,,0,100,,18226,,,0,99,,18216,,,0,100,,18217,,,0,100,,18218,,,0,101,,18219,,,0,142,,18220,,,0,59,,18214,,,0,100,,18215,,,0,98,,18213,,,0
1008801,'4744',654,,20011,,,0,147,,20012,,,0,56,,20013,,,0,100,,20014,,,0,100,,20010,,,0,100,,20015,,,0,100,,20016,,,0,100,,20017,,,0,100,,20018,,,0,100,,20019,,,0,100,,20020,,,0,147,,20021,,,0,99,,20022,,,0,30,,20023,,,0,101,,20024,,,0
1008801,'4947',654,,20026,,,0,147,,20027,,,0,56,,20028,,,0,100,,20029,,,0,100,,20025,,,0,100,,20030,,,0,100,,20031,,,0,100,,20032,,,0,100,,20033,,,0,100,,20034,,,0,100,,20035,,,0,147,,20036,,,0,99,,20037,,,0,30,,20038,,,0,101,,20039,,,0
1008801,'4952',654,,20041,,,0,147,,20042,,,0,56,,20043,,,0,100,,20044,,,0,100,,20040,,,0,100,,20045,,,0,100,,20046,,,0,100,,20047,,,0,100,,20048,,,0,100,,20049,,,0,100,,20050,,,0,147,,20051,,,0,99,,20052,,,0,30,,20053,,,0,101,,20054,,,0
