300,'4487',702,,515,,,0,30,,518,,,0,69,,513,,,0,30,,523,,,0,70,,517,,,0,29,,512,,,0,70,,524,,,0,30,,514,,,0,70,,511,,,0,30,,516,,,0,29,,521,,,0,70,,519,,,0,30,,522,,,0,70,,527,,,0,30,,520,,,0,75,,526,,,0,70,,525,,,0,40,,528,,,0,65,,532,,,0,35,,530,,,0,70,,529,,,0,35,,531,,,0,66,,533,,,0,30,,536,,,0,70,,537,,,0,31,,534,,,0,70,,535,,,0,30,,538,,,0,85,,539,0,5,0
300,'4743',702,,544,,,0,30,,547,,,0,69,,542,,,0,30,,552,,,0,70,,546,,,0,29,,541,,,0,70,,553,,,0,30,,543,,,0,70,,540,,,0,30,,545,,,0,29,,550,,,0,70,,548,,,0,30,,551,,,0,70,,556,,,0,30,,549,,,0,75,,555,,,0,70,,554,,,0,40,,557,,,0,65,,561,,,0,35,,559,,,0,70,,558,,,0,35,,560,,,0,66,,562,,,0,30,,565,,,0,70,,566,,,0,31,,563,,,0,70,,564,,,0,30,,567,,,0,85,,568,0,5,0
300,'4744',623,,597,,,0,34,,596,,,0,75,,595,,,0,81,,594,,,0,37,,593,,,0,75,,592,,,0,30,,585,,,0,69,,586,,,0,30,,584,,,0,70,,583,,,0,30,,589,,,0,75,,581,,,0,30,,582,,,0,70,,588,,,0,71,,580,,,0,33,,579,,,0,75,,587,,,0,35,,578,,,0,74,,577,,,0,33,,590,,,0,73,,576,,,0,34,,575,,,0,67,,591,,,0,30,,574,,,0,70,,573,,,0,25,,571,,,0,66,,570,,,0,30,,569,,,0,85,,572,0,5,0
300,'4745',717,,622,,,0,84,,619,,,0,40,,621,,,0,85,,617,,,0,74,,620,,,0,40,,609,,,0,60,,616,,,0,30,,615,,,0,70,,608,,,0,30,,618,,,0,29,,613,,,0,70,,599,,,0,30,,598,,,0,77,,610,,,0,68,,600,,,0,35,,611,,,0,71,,605,,,0,30,,602,,,0,70,,601,,,0,30,,604,,,0,71,,606,,,0,30,,603,,,0,70,,607,,,0,35,,612,,,0,82,,614,0,5,0
300,'4870',623,,651,,,0,34,,650,,,0,75,,649,,,0,81,,648,,,0,37,,647,,,0,75,,646,,,0,30,,639,,,0,69,,640,,,0,30,,638,,,0,70,,637,,,0,30,,643,,,0,75,,635,,,0,30,,636,,,0,70,,642,,,0,71,,634,,,0,33,,633,,,0,75,,641,,,0,35,,632,,,0,74,,631,,,0,33,,644,,,0,73,,630,,,0,34,,629,,,0,67,,645,,,0,30,,628,,,0,70,,627,,,0,25,,625,,,0,66,,624,,,0,30,,623,,,0,85,,626,0,5,0
300,'4875',623,,680,,,0,34,,679,,,0,75,,678,,,0,81,,677,,,0,37,,676,,,0,75,,675,,,0,30,,668,,,0,69,,669,,,0,30,,667,,,0,70,,666,,,0,30,,672,,,0,75,,664,,,0,30,,665,,,0,70,,671,,,0,71,,663,,,0,33,,662,,,0,75,,670,,,0,35,,661,,,0,74,,660,,,0,33,,673,,,0,73,,659,,,0,34,,658,,,0,67,,674,,,0,30,,657,,,0,70,,656,,,0,25,,654,,,0,66,,653,,,0,30,,652,,,0,85,,655,0,5,0
300,'4876',702,,685,,,0,30,,688,,,0,69,,683,,,0,30,,693,,,0,70,,687,,,0,29,,682,,,0,70,,694,,,0,30,,684,,,0,70,,681,,,0,30,,686,,,0,29,,691,,,0,70,,689,,,0,30,,692,,,0,70,,697,,,0,30,,690,,,0,75,,696,,,0,70,,695,,,0,40,,698,,,0,65,,702,,,0,35,,700,,,0,70,,699,,,0,35,,701,,,0,66,,703,,,0,30,,706,,,0,70,,707,,,0,31,,704,,,0,70,,705,,,0,30,,708,,,0,85,,709,0,5,0
300,'4877',717,,734,,,0,84,,731,,,0,40,,733,,,0,85,,729,,,0,74,,732,,,0,40,,721,,,0,60,,728,,,0,30,,727,,,0,70,,720,,,0,30,,730,,,0,29,,725,,,0,70,,711,,,0,30,,710,,,0,77,,722,,,0,68,,712,,,0,35,,723,,,0,71,,717,,,0,30,,714,,,0,70,,713,,,0,30,,716,,,0,71,,718,,,0,30,,715,,,0,70,,719,,,0,35,,724,,,0,82,,726,0,5,0
601,'4487',613,,2742,,,0,23,,2743,,,0,20,,2744,,,0,78,,2745,,,0,16,,2746,,,0,60,,2747,,,0,33,,2748,,,0,15,,2749,,,0,55,,2750,,,0,28,,2751,,,0,13,,2752,,,0,53,,2741,,,0,24,,2753,,,0,12,,2754,,,0,12,,2755,,,0,64,,2756,,,0,11,,2757,,,0,12,,2758,,,0,64,,2759,,,0,12,,2760,,,0,12,,2761,,,0,24,,2762,,,0,52,,2763,,,0,12,,2764,,,0,24,,2765,,,0,10,,2766,,,0,50,,2767,,,0,20,,2768,,,0,10,,2769,,,0,11,,2770,,,0,61,,2771,,,0,11,,2772,,,0,10,,2773,,,0,21,,2774,,,0,10,,2775,,,0,50,,2776,,,0,21,,2777,,,0,10,,2778,,,0,10,,2779,,,0,11,,2780,,,0,64,,2781,,,0,12,,2782,,,0,12,,2783,,,0,13,,2784,,,0,64,,2785,,,0,12,,2786,,,0,13,,2787,,,0,55,,2788,,,0,30,,2789,,,0,15,,2790,,,0,55,,2791,,,0,35,,2792,,,0,18,,2793,,,0,76,,2794,,,0,18,,2795,,,0,81,,2796,,,0,25,,2797,,,0,95,,2798,,,0,65,,2799,,,0,30,,2800,,,0
601,'4743',613,,2802,,,0,23,,2803,,,0,20,,2804,,,0,78,,2805,,,0,16,,2806,,,0,60,,2807,,,0,33,,2808,,,0,15,,2809,,,0,55,,2810,,,0,28,,2811,,,0,13,,2812,,,0,53,,2801,,,0,24,,2813,,,0,12,,2814,,,0,12,,2815,,,0,64,,2816,,,0,11,,2817,,,0,12,,2818,,,0,64,,2819,,,0,12,,2820,,,0,12,,2821,,,0,24,,2822,,,0,52,,2823,,,0,12,,2824,,,0,24,,2825,,,0,10,,2826,,,0,50,,2827,,,0,20,,2828,,,0,10,,2829,,,0,11,,2830,,,0,61,,2831,,,0,11,,2832,,,0,10,,2833,,,0,21,,2834,,,0,10,,2835,,,0,50,,2836,,,0,21,,2837,,,0,10,,2838,,,0,10,,2839,,,0,11,,2840,,,0,64,,2841,,,0,12,,2842,,,0,12,,2843,,,0,13,,2844,,,0,64,,2845,,,0,12,,2846,,,0,13,,2847,,,0,55,,2848,,,0,30,,2849,,,0,15,,2850,,,0,55,,2851,,,0,35,,2852,,,0,18,,2853,,,0,76,,2854,,,0,18,,2855,,,0,81,,2856,,,0,25,,2857,,,0,95,,2858,,,0,65,,2859,,,0,30,,2860,,,0
601,'4744',553,,2910,,,0,55,,2904,,,0,30,,2898,,,0,64,,2909,,,0,16,,2875,,,0,15,,2894,,,0,8,,2867,,,0,15,,2897,,,0,56,,2885,,,0,13,,2876,,,0,19,,2905,,,0,57,,2893,,,0,17,,2899,,,0,16,,2864,,,0,20,,2878,,,0,62,,2870,,,0,23,,2900,,,0,63,,2887,,,0,24,,2906,,,0,24,,2895,,,0,64,,2912,,,0,24,,2879,,,0,65,,2869,,,0,26,,2901,,,0,23,,2886,,,0,61,,2880,,,0,20,,2868,,,0,20,,2896,,,0,60,,2911,,,0,19,,2861,,,0,11,,2863,,,0,5,,2881,,,0,10,,2908,,,0,60,,2862,,,0,19,,2902,,,0,21,,2889,,,0,61,,2883,,,0,20,,2871,,,0,64,,2903,,,0,23,,2890,,,0,12,,2907,,,0,65,,2874,,,0,29,,2865,,,0,73,,2882,,,0,36,,2866,,,0,18,,2888,,,0,76,,2873,,,0,20,,2872,,,0,90,,2877,,,0,100,,2891,,,0,70,,2884,,,0,31,,2892,,,0
601,'4745',656,,2950,,,0,95,,2924,,,0,85,,2933,,,0,20,,2923,,,0,80,,2949,,,0,17,,2938,,,0,55,,2960,,,0,30,,2914,,,0,16,,2952,,,0,55,,2940,,,0,30,,2922,,,0,15,,2915,,,0,52,,2913,,,0,24,,2942,,,0,12,,2917,,,0,12,,2918,,,0,52,,2932,,,0,24,,2916,,,0,12,,2957,,,0,12,,2941,,,0,52,,2921,,,0,24,,2931,,,0,12,,2920,,,0,12,,2919,,,0,52,,2955,,,0,24,,2927,,,0,13,,2928,,,0,12,,2930,,,0,52,,2929,,,0,24,,2956,,,0,12,,2935,,,0,12,,2925,,,0,52,,2926,,,0,24,,2961,,,0,12,,2937,,,0,13,,2953,,,0,55,,2934,,,0,30,,2939,,,0,59,,2936,,,0,17,,2947,,,0,36,,2944,,,0,57,,2943,,,0,34,,2945,,,0,57,,2946,,,0,35,,2951,,,0,20,,2954,,,0,95,,2948,,,0,70,,2959,,,0,31,,2958,,,0
601,'4870',553,,3011,,,0,55,,3005,,,0,30,,2999,,,0,64,,3010,,,0,16,,2976,,,0,15,,2995,,,0,8,,2968,,,0,15,,2998,,,0,56,,2986,,,0,13,,2977,,,0,19,,3006,,,0,57,,2994,,,0,17,,3000,,,0,16,,2965,,,0,20,,2979,,,0,62,,2971,,,0,23,,3001,,,0,63,,2988,,,0,24,,3007,,,0,24,,2996,,,0,64,,3013,,,0,24,,2980,,,0,65,,2970,,,0,26,,3002,,,0,23,,2987,,,0,61,,2981,,,0,20,,2969,,,0,20,,2997,,,0,60,,3012,,,0,19,,2962,,,0,11,,2964,,,0,5,,2982,,,0,10,,3009,,,0,60,,2963,,,0,19,,3003,,,0,21,,2990,,,0,61,,2984,,,0,20,,2972,,,0,64,,3004,,,0,23,,2991,,,0,12,,3008,,,0,65,,2975,,,0,29,,2966,,,0,73,,2983,,,0,36,,2967,,,0,18,,2989,,,0,76,,2974,,,0,20,,2973,,,0,90,,2978,,,0,100,,2992,,,0,70,,2985,,,0,31,,2993,,,0
601,'4875',553,,3067,,,0,55,,3061,,,0,30,,3055,,,0,64,,3066,,,0,16,,3028,,,0,15,,3049,,,0,8,,3020,,,0,15,,3054,,,0,56,,3038,,,0,13,,3029,,,0,19,,3062,,,0,57,,3048,,,0,17,,3056,,,0,16,,3017,,,0,20,,3031,,,0,62,,3023,,,0,23,,3057,,,0,63,,3040,,,0,24,,3063,,,0,24,,3050,,,0,64,,3069,,,0,24,,3032,,,0,65,,3022,,,0,26,,3058,,,0,23,,3039,,,0,61,,3033,,,0,20,,3021,,,0,20,,3051,,,0,60,,3068,,,0,19,,3014,,,0,11,,3016,,,0,5,,3034,,,0,10,,3065,,,0,60,,3015,,,0,19,,3059,,,0,21,,3042,,,0,61,,3036,,,0,20,,3024,,,0,64,,3060,,,0,23,,3043,,,0,12,,3064,,,0,65,,3027,,,0,29,,3018,,,0,73,,3035,,,0,36,,3019,,,0,18,,3041,,,0,76,,3026,,,0,20,,3025,,,0,90,,3030,,,0,100,,3044,,,0,70,,3037,,,0,31,,3046,,,0,70,,3045,,,0,30,,3047,,,0,71,,3052,,,0,30,,3053,,,0
601,'4876',613,,3071,,,0,23,,3072,,,0,20,,3073,,,0,78,,3074,,,0,16,,3075,,,0,60,,3076,,,0,33,,3077,,,0,15,,3078,,,0,55,,3079,,,0,28,,3080,,,0,13,,3081,,,0,53,,3070,,,0,24,,3082,,,0,12,,3083,,,0,12,,3084,,,0,64,,3085,,,0,11,,3086,,,0,12,,3087,,,0,64,,3088,,,0,12,,3089,,,0,12,,3090,,,0,24,,3091,,,0,52,,3092,,,0,12,,3093,,,0,24,,3094,,,0,10,,3095,,,0,50,,3096,,,0,20,,3097,,,0,10,,3098,,,0,11,,3099,,,0,61,,3100,,,0,11,,3101,,,0,10,,3102,,,0,21,,3103,,,0,10,,3104,,,0,50,,3105,,,0,21,,3106,,,0,10,,3107,,,0,10,,3108,,,0,11,,3109,,,0,64,,3110,,,0,12,,3111,,,0,12,,3112,,,0,13,,3113,,,0,64,,3114,,,0,12,,3115,,,0,13,,3116,,,0,55,,3117,,,0,30,,3118,,,0,15,,3119,,,0,55,,3120,,,0,35,,3121,,,0,18,,3122,,,0,76,,3123,,,0,18,,3124,,,0,81,,3125,,,0,25,,3126,,,0,95,,3127,,,0,65,,3128,,,0,30,,3129,,,0,70,,3130,,,0,30,,3131,,,0,70,,3132,,,0,29,,3133,,,0
601,'4877',656,,3171,,,0,95,,3145,,,0,85,,3154,,,0,20,,3144,,,0,80,,3170,,,0,17,,3159,,,0,55,,3181,,,0,30,,3135,,,0,16,,3173,,,0,55,,3161,,,0,30,,3143,,,0,15,,3136,,,0,52,,3134,,,0,24,,3163,,,0,12,,3138,,,0,12,,3139,,,0,52,,3153,,,0,24,,3137,,,0,12,,3178,,,0,12,,3162,,,0,52,,3142,,,0,24,,3152,,,0,12,,3141,,,0,12,,3140,,,0,52,,3176,,,0,24,,3148,,,0,13,,3149,,,0,12,,3151,,,0,52,,3150,,,0,24,,3177,,,0,12,,3156,,,0,12,,3146,,,0,52,,3147,,,0,24,,3182,,,0,12,,3158,,,0,13,,3174,,,0,55,,3155,,,0,30,,3160,,,0,59,,3157,,,0,17,,3168,,,0,36,,3165,,,0,57,,3164,,,0,34,,3166,,,0,57,,3167,,,0,35,,3172,,,0,20,,3175,,,0,95,,3169,,,0,70,,3180,,,0,31,,3179,,,0
1101,'4487',658,,4674,,,0,76,,4662,,,0,75,,4667,,,0,30,,4692,,,0,77,,4675,,,0,30,,4661,,,0,70,,4670,,,0,30,,4686,,,0,65,,4664,,,0,20,,4688,,,0,26,,4676,,,0,65,,4663,,,0,26,,4668,,,0,65,,4685,,,0,25,,4665,,,0,65,,4683,,,0,25,,4673,,,0,25,,4666,,,0,65,,4672,,,0,25,,4694,,,0,65,,4669,,,0,25,,4687,,,0,25,,4677,,,0,65,,4671,,,0,25,,4693,,,0,64,,4684,,,0,24,,4690,,,0,65,,4691,,,0,24,,4678,,,0,25,,4689,,,0,65,,4682,,,0,25,,4681,,,0,65,,4679,,,0,35,,4680,,,0,70,,4697,,,0,29,,4695,,,0,74,,4696,,,0,28,,4698,,,0,85,,4699,,,0
1101,'4743',658,,4713,,,0,76,,4701,,,0,75,,4706,,,0,30,,4731,,,0,77,,4714,,,0,30,,4700,,,0,70,,4709,,,0,30,,4725,,,0,65,,4703,,,0,20,,4727,,,0,26,,4715,,,0,65,,4702,,,0,26,,4707,,,0,65,,4724,,,0,25,,4704,,,0,65,,4722,,,0,25,,4712,,,0,25,,4705,,,0,65,,4711,,,0,25,,4733,,,0,65,,4708,,,0,25,,4726,,,0,25,,4716,,,0,65,,4710,,,0,25,,4732,,,0,64,,4723,,,0,24,,4729,,,0,65,,4730,,,0,24,,4717,,,0,25,,4728,,,0,65,,4721,,,0,25,,4720,,,0,65,,4718,,,0,35,,4719,,,0,70,,4736,,,0,29,,4734,,,0,74,,4735,,,0,28,,4737,,,0,85,,4738,,,0
1101,'4744',602,,4785,,,0,30,,4777,,,0,20,,4760,,,0,62,,4767,,,0,21,,4745,,,0,21,,4762,,,0,60,,4781,,,0,20,,4758,,,0,19,,4778,,,0,59,,4753,,,0,20,,4746,,,0,19,,4771,,,0,65,,4761,,,0,26,,4783,,,0,65,,4757,,,0,25,,4780,,,0,25,,4747,,,0,65,,4770,,,0,25,,4754,,,0,66,,4786,,,0,26,,4759,,,0,66,,4779,,,0,27,,4741,,,0,19,,4739,,,0,56,,4769,,,0,18,,4763,,,0,16,,4740,,,0,58,,4784,,,0,19,,4755,,,0,17,,4742,,,0,18,,4776,,,0,61,,4744,,,0,19,,4743,,,0,18,,4768,,,0,60,,4756,,,0,22,,4782,,,0,19,,4748,,,0,57,,4751,,,0,20,,4774,,,0,69,,4749,,,0,35,,4752,,,0,70,,4750,,,0,34,,4775,,,0,70,,4764,,,0,35,,4765,,,0,70,,4766,,,0,27,,4773,,,0,85,,4772,,,0
1101,'4745',718,,4787,,,0,85,,4792,,,0,46,,4789,,,0,86,,4788,,,0,75,,4790,,,0,31,,4791,,,0,70,,4793,,,0,30,,4794,,,0,68,,4795,,,0,30,,4796,,,0,71,,4798,,,0,27,,4800,,,0,70,,4799,,,0,30,,4797,,,0,70,,4801,,,0,30,,4802,,,0,70,,4803,,,0,30,,4804,,,0,70,,4806,,,0,29,,4805,,,0,70,,4808,,,0,29,,4807,,,0,70,,4810,,,0,35,,4809,,,0,84,,4811,,,0,80,,4812,,,0,44,,4813,,,0,85,,4814,,,0,79,,4815,,,0,38,,4816,,,0
1101,'4870',602,,4863,,,0,30,,4855,,,0,20,,4838,,,0,62,,4845,,,0,21,,4823,,,0,21,,4840,,,0,60,,4859,,,0,20,,4836,,,0,19,,4856,,,0,59,,4831,,,0,20,,4824,,,0,19,,4849,,,0,65,,4839,,,0,26,,4861,,,0,65,,4835,,,0,25,,4858,,,0,25,,4825,,,0,65,,4848,,,0,25,,4832,,,0,66,,4864,,,0,26,,4837,,,0,66,,4857,,,0,27,,4819,,,0,19,,4817,,,0,56,,4847,,,0,18,,4841,,,0,16,,4818,,,0,58,,4862,,,0,19,,4833,,,0,17,,4820,,,0,18,,4854,,,0,61,,4822,,,0,19,,4821,,,0,18,,4846,,,0,60,,4834,,,0,22,,4860,,,0,19,,4826,,,0,57,,4829,,,0,20,,4852,,,0,69,,4827,,,0,35,,4830,,,0,70,,4828,,,0,34,,4853,,,0,70,,4842,,,0,35,,4843,,,0,70,,4844,,,0,27,,4851,,,0,85,,4850,,,0
1101,'4875',602,,4911,,,0,30,,4903,,,0,20,,4886,,,0,62,,4893,,,0,21,,4871,,,0,21,,4888,,,0,60,,4907,,,0,20,,4884,,,0,19,,4904,,,0,59,,4879,,,0,20,,4872,,,0,19,,4897,,,0,65,,4887,,,0,26,,4909,,,0,65,,4883,,,0,25,,4906,,,0,25,,4873,,,0,65,,4896,,,0,25,,4880,,,0,66,,4912,,,0,26,,4885,,,0,66,,4905,,,0,27,,4867,,,0,19,,4865,,,0,56,,4895,,,0,18,,4889,,,0,16,,4866,,,0,58,,4910,,,0,19,,4881,,,0,17,,4868,,,0,18,,4902,,,0,61,,4870,,,0,19,,4869,,,0,18,,4894,,,0,60,,4882,,,0,22,,4908,,,0,19,,4874,,,0,57,,4877,,,0,20,,4900,,,0,69,,4875,,,0,35,,4878,,,0,70,,4876,,,0,34,,4901,,,0,70,,4890,,,0,35,,4891,,,0,70,,4892,,,0,27,,4899,,,0,85,,4898,,,0
1101,'4876',658,,4926,,,0,76,,4914,,,0,75,,4919,,,0,30,,4944,,,0,77,,4927,,,0,30,,4913,,,0,70,,4922,,,0,30,,4938,,,0,65,,4916,,,0,20,,4940,,,0,26,,4928,,,0,65,,4915,,,0,26,,4920,,,0,65,,4937,,,0,25,,4917,,,0,65,,4935,,,0,25,,4925,,,0,25,,4918,,,0,65,,4924,,,0,25,,4946,,,0,65,,4921,,,0,25,,4939,,,0,25,,4929,,,0,65,,4923,,,0,25,,4945,,,0,64,,4936,,,0,24,,4942,,,0,65,,4943,,,0,24,,4930,,,0,25,,4941,,,0,65,,4934,,,0,25,,4933,,,0,65,,4931,,,0,35,,4932,,,0,70,,4949,,,0,29,,4947,,,0,74,,4948,,,0,28,,4950,,,0,85,,4951,,,0
1101,'4877',718,,4952,,,0,85,,4957,,,0,46,,4954,,,0,86,,4953,,,0,75,,4955,,,0,31,,4956,,,0,70,,4958,,,0,30,,4959,,,0,68,,4960,,,0,30,,4961,,,0,71,,4963,,,0,27,,4965,,,0,70,,4964,,,0,30,,4962,,,0,70,,4966,,,0,30,,4967,,,0,70,,4968,,,0,30,,4969,,,0,70,,4971,,,0,29,,4970,,,0,70,,4973,,,0,29,,4972,,,0,70,,4975,,,0,35,,4974,,,0,84,,4976,,,0,80,,4977,,,0,44,,4978,,,0,85,,4979,,,0,79,,4980,,,0,38,,4981,,,0
1401,'4487',610,,5875,,,0,30,,5874,,,0,66,,5840,,,0,21,,5843,,,0,17,,5876,,,0,15,,5877,,,0,55,,5842,,,0,14,,5836,,,0,15,,5878,,,0,15,,5835,,,0,55,,5844,,,0,15,,5841,,,0,15,,5880,,,0,14,,5879,,,0,54,,5845,,,0,14,,5834,,,0,14,,5884,,,0,15,,5833,,,0,55,,5851,,,0,16,,5852,,,0,15,,5885,,,0,14,,5837,,,0,55,,5882,,,0,15,,5847,,,0,15,,5848,,,0,15,,5883,,,0,55,,5846,,,0,14,,5849,,,0,15,,5850,,,0,15,,5881,,,0,55,,5853,,,0,15,,5861,,,0,15,,5839,,,0,15,,5838,,,0,55,,5859,,,0,15,,5867,,,0,15,,5863,,,0,15,,5864,,,0,55,,5866,,,0,15,,5860,,,0,16,,5855,,,0,15,,5865,,,0,55,,5862,,,0,15,,5868,,,0,15,,5856,,,0,15,,5869,,,0,55,,5858,,,0,15,,5857,,,0,15,,5873,,,0,15,,5870,,,0,55,,5871,,,0,15,,5854,,,0,19,,5872,,,0,60,,5889,,,0,20,,5887,,,0,20,,5886,,,0,60,,5888,,,0,20,,5890,,,0,20,,5894,,,0,60,,5893,,,0,20,,5892,,,0,28,,5891,,,0,70,,5895,,,0,31,,5896,,,0,71,,5897,,,0
1401,'4743',610,,5940,,,0,30,,5939,,,0,66,,5905,,,0,21,,5908,,,0,17,,5941,,,0,15,,5942,,,0,55,,5907,,,0,14,,5901,,,0,15,,5943,,,0,15,,5900,,,0,55,,5909,,,0,15,,5906,,,0,15,,5945,,,0,14,,5944,,,0,54,,5910,,,0,14,,5899,,,0,14,,5949,,,0,15,,5898,,,0,55,,5916,,,0,16,,5917,,,0,15,,5950,,,0,14,,5902,,,0,55,,5947,,,0,15,,5912,,,0,15,,5913,,,0,15,,5948,,,0,55,,5911,,,0,14,,5914,,,0,15,,5915,,,0,15,,5946,,,0,55,,5918,,,0,15,,5926,,,0,15,,5904,,,0,15,,5903,,,0,55,,5924,,,0,15,,5932,,,0,15,,5928,,,0,15,,5929,,,0,55,,5931,,,0,15,,5925,,,0,16,,5920,,,0,15,,5930,,,0,55,,5927,,,0,15,,5933,,,0,15,,5921,,,0,15,,5934,,,0,55,,5923,,,0,15,,5922,,,0,15,,5938,,,0,15,,5935,,,0,55,,5936,,,0,15,,5919,,,0,19,,5937,,,0,60,,5954,,,0,20,,5952,,,0,20,,5951,,,0,60,,5953,,,0,20,,5955,,,0,20,,5959,,,0,60,,5958,,,0,20,,5957,,,0,28,,5956,,,0,70,,5960,,,0,31,,5961,,,0,71,,5962,,,0
1401,'4744',556,,5963,,,0,66,,5969,,,0,22,,5981,,,0,15,,5964,,,0,53,,5989,,,0,12,,5970,,,0,13,,6007,,,0,12,,5979,,,0,54,,5965,,,0,15,,5990,,,0,14,,5971,,,0,13,,6024,,,0,13,,6025,,,0,54,,5980,,,0,13,,5972,,,0,13,,5991,,,0,13,,5966,,,0,53,,6005,,,0,13,,5974,,,0,13,,5967,,,0,13,,5968,,,0,13,,6020,,,0,54,,6021,,,0,14,,5977,,,0,14,,5975,,,0,13,,5988,,,0,53,,5976,,,0,13,,6006,,,0,14,,5973,,,0,13,,5978,,,0,13,,6023,,,0,53,,6022,,,0,12,,5984,,,0,13,,6040,,,0,12,,5987,,,0,11,,6048,,,0,51,,5985,,,0,8,,6053,,,0,4,,5986,,,0,10,,6041,,,0,5,,6004,,,0,6,,6042,0,5,0,6,,5983,,,0,6,,6049,0,5,0,47,,6050,,,0,11,,5982,,,0,5,,6043,,,0,4,,6045,0,5,0,9,,5998,,,0,9,,6046,0,5,0,9,,6010,,,0,6,,6009,0,5,0,49,,5997,,,0,7,,6047,0,5,0,11,,6034,,,0,4,,5996,0,5,0,6,,6052,0,5,0,5,,5999,,,0,5,,6051,0,5,0,5,,5995,0,5,0,6,,6000,,,0,48,,5992,0,5,0,8,,6001,,,0,6,,5994,0,5,0,9,,6002,,,0,8,,5993,0,5,0,8,,6003,,,0,7,,6044,0,5,0,9,,6012,,,0,46,,6026,0,5,0,8,,6011,,,0,7,,6008,0,5,0,6,,6017,,,0,15,,6018,,,0,15,,6039,,,0,54,,6019,,,0,15,,6013,,,0,15,,6015,,,0,15,,6016,,,0,55,,6014,,,0,17,,6027,,,0,20,,6033,,,0,60,,6032,,,0,19,,6028,,,0,20,,6031,,,0,60,,6030,,,0,23,,6029,,,0,32,,6036,,,0,71,,6038,,,0,27,,6037,,,0,70,,6035,,,0
1401,'4745',641,,6110,,,0,64,,6097,,,0,26,,6096,,,0,17,,6080,,,0,55,,6114,,,0,15,,6087,,,0,15,,6112,,,0,15,,6103,,,0,55,,6113,,,0,14,,6071,,,0,15,,6102,,,0,15,,6068,,,0,55,,6072,,,0,15,,6081,,,0,15,,6105,,,0,15,,6059,,,0,55,,6089,,,0,15,,6060,,,0,15,,6090,,,0,14,,6061,,,0,55,,6073,,,0,17,,6082,,,0,15,,6106,,,0,15,,6056,,,0,55,,6091,,,0,16,,6058,,,0,15,,6088,,,0,15,,6057,,,0,55,,6074,,,0,15,,6054,,,0,15,,6083,,,0,15,,6104,,,0,55,,6064,,,0,15,,6092,,,0,15,,6063,,,0,15,,6094,,,0,55,,6062,,,0,15,,6075,,,0,15,,6055,,,0,15,,6084,,,0,55,,6107,,,0,15,,6065,,,0,15,,6093,,,0,15,,6066,,,0,55,,6095,,,0,15,,6070,,,0,15,,6079,,,0,15,,6069,,,0,56,,6086,,,0,18,,6109,,,0,20,,6099,,,0,58,,6101,,,0,20,,6067,,,0,20,,6078,,,0,60,,6085,,,0,21,,6111,,,0,30,,6100,,,0,70,,6077,,,0,31,,6076,,,0,71,,6108,,,0,30,,6098,,,0
1401,'4870',556,,6115,,,0,66,,6121,,,0,22,,6133,,,0,15,,6116,,,0,53,,6140,,,0,12,,6122,,,0,13,,6158,,,0,12,,6131,,,0,54,,6117,,,0,15,,6141,,,0,14,,6123,,,0,13,,6175,,,0,13,,6176,,,0,54,,6132,,,0,13,,6124,,,0,13,,6142,,,0,13,,6118,,,0,53,,6156,,,0,13,,6126,,,0,13,,6119,,,0,13,,6120,,,0,13,,6171,,,0,54,,6172,,,0,14,,6129,,,0,14,,6127,,,0,13,,6139,,,0,53,,6128,,,0,13,,6157,,,0,14,,6125,,,0,13,,6130,,,0,13,,6174,,,0,53,,6173,,,0,12,,6136,,,0,13,,6191,,,0,12,,6138,,,0,11,,6199,,,0,59,,6204,,,0,4,,6137,,,0,10,,6192,,,0,5,,6155,,,0,6,,6193,0,5,0,6,,6135,,,0,6,,6200,0,5,0,47,,6201,,,0,11,,6134,,,0,5,,6194,,,0,4,,6196,0,5,0,9,,6149,,,0,9,,6197,0,5,0,9,,6161,,,0,6,,6160,0,5,0,49,,6148,,,0,7,,6198,0,5,0,11,,6185,,,0,4,,6147,0,5,0,6,,6203,0,5,0,5,,6150,,,0,5,,6202,0,5,0,5,,6146,0,5,0,6,,6151,,,0,48,,6143,0,5,0,8,,6152,,,0,6,,6145,0,5,0,9,,6153,,,0,8,,6144,0,5,0,8,,6154,,,0,7,,6195,0,5,0,9,,6163,,,0,46,,6177,0,5,0,8,,6162,,,0,7,,6159,0,5,0,6,,6168,,,0,15,,6169,,,0,15,,6190,,,0,54,,6170,,,0,15,,6164,,,0,15,,6166,,,0,15,,6167,,,0,55,,6165,,,0,17,,6178,,,0,20,,6184,,,0,60,,6183,,,0,19,,6179,,,0,20,,6182,,,0,60,,6181,,,0,23,,6180,,,0,32,,6187,,,0,71,,6189,,,0,27,,6188,,,0,70,,6186,,,0
1401,'4872',1409,,6205,,,0
1401,'4873',1409,,6206,,,0
1401,'4875',556,,6207,,,0,66,,6213,,,0,22,,6225,,,0,15,,6208,,,0,53,,6233,,,0,12,,6214,,,0,13,,6251,,,0,12,,6223,,,0,54,,6209,,,0,15,,6234,,,0,14,,6215,,,0,13,,6268,,,0,13,,6269,,,0,54,,6224,,,0,13,,6216,,,0,13,,6235,,,0,13,,6210,,,0,53,,6249,,,0,13,,6218,,,0,13,,6211,,,0,13,,6212,,,0,13,,6264,,,0,54,,6265,,,0,14,,6221,,,0,14,,6219,,,0,13,,6232,,,0,53,,6220,,,0,13,,6250,,,0,14,,6217,,,0,13,,6222,,,0,13,,6267,,,0,53,,6266,,,0,12,,6228,,,0,13,,6284,,,0,12,,6231,,,0,11,,6294,,,0,51,,6229,,,0,12,,6230,,,0,10,,6285,,,0,5,,6248,,,0,6,,6286,0,5,0,6,,6227,,,0,6,,6295,0,5,0,47,,6296,,,0,11,,6226,,,0,5,,6287,,,0,4,,6289,0,5,0,9,,6242,,,0,9,,6290,0,5,0,9,,6254,,,0,6,,6253,0,5,0,49,,6241,,,0,7,,6291,0,5,0,11,,6278,,,0,4,,6240,0,5,0,6,,6298,0,5,0,5,,6243,,,0,5,,6297,0,5,0,5,,6239,0,5,0,6,,6244,,,0,48,,6236,0,5,0,8,,6245,,,0,6,,6238,0,5,0,9,,6246,,,0,8,,6237,0,5,0,8,,6247,,,0,7,,6288,0,5,0,9,,6256,,,0,46,,6270,0,5,0,8,,6255,,,0,7,,6252,0,5,0,6,,6261,,,0,15,,6262,,,0,15,,6283,,,0,54,,6263,,,0,15,,6257,,,0,15,,6259,,,0,15,,6260,,,0,55,,6258,,,0,17,,6271,,,0,20,,6277,,,0,60,,6276,,,0,19,,6272,,,0,20,,6275,,,0,60,,6274,,,0,23,,6273,,,0,32,,6280,,,0,71,,6282,,,0,27,,6281,,,0,70,,6279,,,0,30,,6292,,,0,70,,6293,,,0
1401,'4876',610,,6341,,,0,30,,6340,,,0,66,,6306,,,0,21,,6309,,,0,17,,6342,,,0,15,,6343,,,0,55,,6308,,,0,14,,6302,,,0,15,,6344,,,0,15,,6301,,,0,55,,6310,,,0,15,,6307,,,0,15,,6346,,,0,14,,6345,,,0,54,,6311,,,0,14,,6300,,,0,14,,6350,,,0,15,,6299,,,0,55,,6317,,,0,16,,6318,,,0,15,,6351,,,0,14,,6303,,,0,55,,6348,,,0,15,,6313,,,0,15,,6314,,,0,15,,6349,,,0,55,,6312,,,0,14,,6315,,,0,15,,6316,,,0,15,,6347,,,0,55,,6319,,,0,15,,6327,,,0,15,,6305,,,0,15,,6304,,,0,55,,6325,,,0,15,,6333,,,0,15,,6329,,,0,15,,6330,,,0,55,,6332,,,0,15,,6326,,,0,16,,6321,,,0,15,,6331,,,0,55,,6328,,,0,15,,6334,,,0,15,,6322,,,0,15,,6335,,,0,55,,6324,,,0,15,,6323,,,0,15,,6339,,,0,15,,6336,,,0,55,,6337,,,0,15,,6320,,,0,19,,6338,,,0,60,,6355,,,0,20,,6353,,,0,20,,6352,,,0,60,,6354,,,0,20,,6356,,,0,20,,6360,,,0,60,,6359,,,0,20,,6358,,,0,28,,6357,,,0,70,,6361,,,0,31,,6362,,,0,71,,6363,,,0,30,,6364,,,0,70,,6365,,,0
1401,'4877',641,,6422,,,0,64,,6409,,,0,26,,6408,,,0,17,,6392,,,0,55,,6426,,,0,15,,6399,,,0,15,,6424,,,0,15,,6415,,,0,55,,6425,,,0,14,,6383,,,0,15,,6414,,,0,15,,6380,,,0,55,,6384,,,0,15,,6393,,,0,15,,6417,,,0,15,,6371,,,0,55,,6401,,,0,15,,6372,,,0,15,,6402,,,0,14,,6373,,,0,55,,6385,,,0,17,,6394,,,0,15,,6418,,,0,15,,6368,,,0,55,,6403,,,0,16,,6370,,,0,15,,6400,,,0,15,,6369,,,0,55,,6386,,,0,15,,6366,,,0,15,,6395,,,0,15,,6416,,,0,55,,6376,,,0,15,,6404,,,0,15,,6375,,,0,15,,6406,,,0,55,,6374,,,0,15,,6387,,,0,15,,6367,,,0,15,,6396,,,0,55,,6419,,,0,15,,6377,,,0,15,,6405,,,0,15,,6378,,,0,55,,6407,,,0,15,,6382,,,0,15,,6391,,,0,15,,6381,,,0,56,,6398,,,0,18,,6421,,,0,20,,6411,,,0,58,,6413,,,0,20,,6379,,,0,20,,6390,,,0,60,,6397,,,0,21,,6423,,,0,30,,6412,,,0,70,,6389,,,0,31,,6388,,,0,71,,6420,,,0,30,,6410,,,0
1501,'4487',653,,7003,,,0,64,,7017,,,0,20,,7002,,,0,15,,6978,,,0,54,,6998,,,0,15,,6999,,,0,15,,6977,,,0,15,,7016,,,0,55,,7000,,,0,15,,6976,,,0,15,,7001,,,0,15,,6993,,,0,53,,6974,,,0,14,,6975,,,0,14,,7015,,,0,15,,6994,,,0,55,,6973,,,0,15,,6996,,,0,15,,6997,,,0,15,,6970,,,0,55,,6972,,,0,15,,7014,,,0,14,,6995,,,0,15,,6971,,,0,55,,6992,,,0,15,,6991,,,0,15,,6969,,,0,16,,6968,,,0,55,,7013,,,0,16,,6990,,,0,14,,6967,,,0,15,,6988,,,0,55,,6989,,,0,15,,6966,,,0,15,,6982,,,0,15,,7022,,,0,55,,7011,,,0,15,,6983,,,0,15,,6984,,,0,15,,6986,,,0,55,,6963,,,0,15,,6965,,,0,15,,7012,,,0,14,,6985,,,0,55,,6964,,,0,15,,6987,,,0,15,,7010,,,0,15,,6981,,,0,55,,6979,,,0,15,,7020,,,0,17,,7007,,,0,20,,6980,,,0,60,,7005,,,0,20,,7006,,,0,20,,7004,,,0,60,,7008,,,0,20,,7009,,,0,20,,7021,,,0,60,,7019,,,0,23,,7018,,,0,70,,7023,,,0,31,,7024,,,0,71,,7025,,,0,30,,7026,,,0
1501,'4743',653,,7067,,,0,64,,7081,,,0,20,,7066,,,0,15,,7042,,,0,54,,7062,,,0,15,,7063,,,0,15,,7041,,,0,15,,7080,,,0,55,,7064,,,0,15,,7040,,,0,15,,7065,,,0,15,,7057,,,0,53,,7038,,,0,14,,7039,,,0,14,,7079,,,0,15,,7058,,,0,55,,7037,,,0,15,,7060,,,0,15,,7061,,,0,15,,7034,,,0,55,,7036,,,0,15,,7078,,,0,14,,7059,,,0,15,,7035,,,0,55,,7056,,,0,15,,7055,,,0,15,,7033,,,0,16,,7032,,,0,55,,7077,,,0,16,,7054,,,0,14,,7031,,,0,15,,7052,,,0,55,,7053,,,0,15,,7030,,,0,15,,7046,,,0,15,,7086,,,0,55,,7075,,,0,15,,7047,,,0,15,,7048,,,0,15,,7050,,,0,55,,7027,,,0,15,,7029,,,0,15,,7076,,,0,14,,7049,,,0,55,,7028,,,0,15,,7051,,,0,15,,7074,,,0,15,,7045,,,0,55,,7043,,,0,15,,7084,,,0,17,,7071,,,0,20,,7044,,,0,60,,7069,,,0,20,,7070,,,0,20,,7068,,,0,60,,7072,,,0,20,,7073,,,0,20,,7085,,,0,60,,7083,,,0,23,,7082,,,0,70,,7087,,,0,31,,7088,,,0,71,,7089,,,0,30,,7090,,,0
1501,'4744',554,,7114,,,0,68,,7109,,,0,17,,7108,,,0,20,,7119,,,0,56,,7104,,,0,14,,7115,,,0,15,,7116,,,0,56,,7112,,,0,17,,7103,,,0,17,,7092,,,0,16,,7105,,,0,55,,7118,,,0,15,,7110,,,0,15,,7095,,,0,15,,7117,,,0,55,,7120,,,0,15,,7106,,,0,16,,7107,,,0,16,,7094,,,0,55,,7111,,,0,14,,7091,,,0,15,,7113,,,0,15,,7097,,,0,55,,7122,,,0,15,,7121,,,0,15,,7093,,,0,15,,7123,,,0,55,,7125,,,0,14,,7124,,,0,13,,7096,,,0,15,,7126,,,0,55,,7127,,,0,14,,7098,,,0,13,,7128,,,0,12,,7099,,,0,11,,7129,,,0,51,,7100,,,0,13,,7130,,,0,12,,7101,,,0,13,,7131,,,0,12,,7102,,,0,53,,7136,,,0,11,,7154,,,0,11,,7144,,,0,11,,7163,,,0,12,,7137,,,0,50,,7142,,,0,9,,7152,,,0,11,,7162,,,0,12,,7139,,,0,12,,7132,,,0,12,,7133,,,0,52,,7151,,,0,10,,7138,,,0,14,,7140,,,0,15,,7134,,,0,56,,7143,,,0,15,,7135,,,0,16,,7150,,,0,15,,7147,,,0,55,,7141,,,0,14,,7145,,,0,19,,7146,,,0,20,,7148,,,0,61,,7149,,,0,19,,7153,,,0,64,,7159,,,0,31,,7157,,,0,74,,7156,,,0,31,,7155,,,0,70,,7158,,,0,32,,7160,,,0
1501,'4745',652,,7181,,,0,68,,7168,,,0,20,,7182,,,0,16,,7169,,,0,55,,7223,,,0,15,,7183,,,0,15,,7170,,,0,15,,7222,,,0,53,,7184,,,0,15,,7171,,,0,15,,7185,,,0,15,,7165,,,0,55,,7179,,,0,15,,7164,,,0,15,,7188,,,0,16,,7175,,,0,55,,7189,,,0,15,,7167,,,0,15,,7177,,,0,15,,7166,,,0,55,,7176,,,0,15,,7190,,,0,15,,7172,,,0,15,,7191,,,0,56,,7173,,,0,15,,7180,,,0,15,,7178,,,0,15,,7174,,,0,55,,7192,,,0,15,,7194,,,0,15,,7193,,,0,15,,7195,,,0,55,,7187,,,0,15,,7197,,,0,15,,7186,,,0,15,,7198,,,0,55,,7204,,,0,15,,7203,,,0,15,,7199,,,0,15,,7196,,,0,55,,7201,,,0,15,,7200,,,0,15,,7202,,,0,15,,7218,,,0,55,,7215,,,0,15,,7212,,,0,15,,7216,,,0,15,,7205,,,0,58,,7217,,,0,19,,7206,,,0,19,,7207,,,0,59,,7209,,,0,20,,7211,,,0,20,,7210,,,0,60,,7208,,,0,26,,7214,,,0,70,,7213,,,0,31,,7219,,,0,71,,7220,,,0,30,,7221,,,0
1501,'4870',554,,7247,,,0,68,,7242,,,0,17,,7241,,,0,20,,7252,,,0,56,,7237,,,0,14,,7248,,,0,15,,7249,,,0,56,,7245,,,0,17,,7236,,,0,17,,7225,,,0,16,,7238,,,0,55,,7251,,,0,15,,7243,,,0,15,,7228,,,0,15,,7250,,,0,55,,7253,,,0,15,,7239,,,0,16,,7240,,,0,16,,7227,,,0,55,,7244,,,0,14,,7224,,,0,15,,7246,,,0,15,,7230,,,0,55,,7255,,,0,15,,7254,,,0,15,,7226,,,0,15,,7256,,,0,55,,7258,,,0,14,,7257,,,0,13,,7229,,,0,15,,7259,,,0,55,,7260,,,0,14,,7231,,,0,13,,7261,,,0,12,,7232,,,0,11,,7262,,,0,51,,7233,,,0,13,,7263,,,0,12,,7234,,,0,13,,7264,,,0,12,,7235,,,0,53,,7269,,,0,11,,7287,,,0,11,,7277,,,0,11,,7296,,,0,12,,7270,,,0,50,,7275,,,0,9,,7285,,,0,11,,7295,,,0,12,,7272,,,0,12,,7265,,,0,12,,7266,,,0,52,,7284,,,0,10,,7271,,,0,14,,7273,,,0,15,,7267,,,0,56,,7276,,,0,15,,7268,,,0,16,,7283,,,0,15,,7280,,,0,55,,7274,,,0,14,,7278,,,0,19,,7279,,,0,20,,7281,,,0,61,,7282,,,0,19,,7286,,,0,64,,7292,,,0,31,,7290,,,0,74,,7289,,,0,31,,7288,,,0,70,,7291,,,0,32,,7293,,,0
1501,'4875',554,,7320,,,0,68,,7315,,,0,17,,7314,,,0,20,,7325,,,0,56,,7310,,,0,14,,7321,,,0,15,,7322,,,0,56,,7318,,,0,17,,7309,,,0,17,,7298,,,0,16,,7311,,,0,55,,7324,,,0,15,,7316,,,0,15,,7301,,,0,15,,7323,,,0,55,,7326,,,0,15,,7312,,,0,16,,7313,,,0,16,,7300,,,0,55,,7317,,,0,14,,7297,,,0,15,,7319,,,0,15,,7303,,,0,55,,7328,,,0,15,,7327,,,0,15,,7299,,,0,15,,7329,,,0,55,,7331,,,0,14,,7330,,,0,13,,7302,,,0,15,,7332,,,0,55,,7333,,,0,14,,7304,,,0,13,,7334,,,0,12,,7305,,,0,11,,7335,,,0,51,,7306,,,0,13,,7336,,,0,12,,7307,,,0,13,,7337,,,0,12,,7308,,,0,53,,7342,,,0,11,,7360,,,0,11,,7350,,,0,11,,7373,,,0,12,,7343,,,0,50,,7348,,,0,9,,7358,,,0,11,,7372,,,0,12,,7345,,,0,12,,7338,,,0,12,,7339,,,0,52,,7357,,,0,10,,7344,,,0,14,,7346,,,0,15,,7340,,,0,56,,7349,,,0,15,,7341,,,0,16,,7356,,,0,15,,7353,,,0,55,,7347,,,0,14,,7351,,,0,19,,7352,,,0,20,,7354,,,0,61,,7355,,,0,19,,7359,,,0,64,,7369,,,0,31,,7365,,,0,74,,7364,,,0,31,,7361,,,0,70,,7366,,,0,32,,7370,,,0,70,,7362,,,0,30,,7367,,,0,70,,7368,,,0,30,,7363,,,0
1501,'4876',653,,7414,,,0,64,,7428,,,0,20,,7413,,,0,15,,7389,,,0,54,,7409,,,0,15,,7410,,,0,15,,7388,,,0,15,,7427,,,0,55,,7411,,,0,15,,7387,,,0,15,,7412,,,0,15,,7404,,,0,53,,7385,,,0,14,,7386,,,0,14,,7426,,,0,15,,7405,,,0,55,,7384,,,0,15,,7407,,,0,15,,7408,,,0,15,,7381,,,0,55,,7383,,,0,15,,7425,,,0,14,,7406,,,0,15,,7382,,,0,55,,7403,,,0,15,,7402,,,0,15,,7380,,,0,16,,7379,,,0,55,,7424,,,0,16,,7401,,,0,14,,7378,,,0,15,,7399,,,0,55,,7400,,,0,15,,7377,,,0,15,,7393,,,0,15,,7433,,,0,55,,7422,,,0,15,,7394,,,0,15,,7395,,,0,15,,7397,,,0,55,,7374,,,0,15,,7376,,,0,15,,7423,,,0,14,,7396,,,0,55,,7375,,,0,15,,7398,,,0,15,,7421,,,0,15,,7392,,,0,55,,7390,,,0,15,,7431,,,0,17,,7418,,,0,20,,7391,,,0,60,,7416,,,0,20,,7417,,,0,20,,7415,,,0,60,,7419,,,0,20,,7420,,,0,20,,7432,,,0,60,,7430,,,0,23,,7429,,,0,70,,7434,,,0,31,,7435,,,0,71,,7436,,,0,30,,7437,,,0,70,,7438,,,0,30,,7439,,,0,72,,7440,,,0,30,,7441,,,0
1501,'4877',652,,7459,,,0,68,,7446,,,0,20,,7460,,,0,16,,7447,,,0,55,,7501,,,0,15,,7461,,,0,15,,7448,,,0,15,,7500,,,0,53,,7462,,,0,15,,7449,,,0,15,,7463,,,0,15,,7443,,,0,55,,7457,,,0,15,,7442,,,0,15,,7466,,,0,16,,7453,,,0,55,,7467,,,0,15,,7445,,,0,15,,7455,,,0,15,,7444,,,0,55,,7454,,,0,15,,7468,,,0,15,,7450,,,0,15,,7469,,,0,56,,7451,,,0,15,,7458,,,0,15,,7456,,,0,15,,7452,,,0,55,,7470,,,0,15,,7472,,,0,15,,7471,,,0,15,,7473,,,0,55,,7465,,,0,15,,7475,,,0,15,,7464,,,0,15,,7476,,,0,55,,7482,,,0,15,,7481,,,0,15,,7477,,,0,15,,7474,,,0,55,,7479,,,0,15,,7478,,,0,15,,7480,,,0,15,,7496,,,0,55,,7493,,,0,15,,7490,,,0,15,,7494,,,0,15,,7483,,,0,58,,7495,,,0,19,,7484,,,0,19,,7485,,,0,59,,7487,,,0,20,,7489,,,0,20,,7488,,,0,60,,7486,,,0,26,,7492,,,0,70,,7491,,,0,31,,7497,,,0,71,,7498,,,0,30,,7499,,,0
2200,'4487',652,,8112,,,0,80,,8097,,,0,80,,8101,,,0,40,,8114,,,0,71,,8098,,,0,30,,8092,,,0,71,,8099,,,0,31,,8113,,,0,71,,8096,,,0,30,,8095,,,0,71,,8100,,,0,30,,8093,,,0,70,,8118,,,0,30,,8094,,,0,70,,8107,,,0,30,,8102,,,0,70,,8106,,,0,30,,8117,,,0,69,,8108,,,0,31,,8103,,,0,70,,8110,,,0,73,,8109,,,0,30,,8105,,,0,28,,8104,,,0,69,,8119,,,0,30,,8120,,,0,67,,8116,,,0,28,,8111,,,0,69,,8115,0,5,0,30,,8121,0,5,0
2200,'4743',652,,8142,,,0,80,,8127,,,0,80,,8131,,,0,40,,8144,,,0,71,,8128,,,0,30,,8122,,,0,71,,8129,,,0,31,,8143,,,0,71,,8126,,,0,30,,8125,,,0,71,,8130,,,0,30,,8123,,,0,70,,8148,,,0,30,,8124,,,0,70,,8137,,,0,30,,8132,,,0,70,,8136,,,0,30,,8147,,,0,69,,8138,,,0,31,,8133,,,0,70,,8140,,,0,73,,8139,,,0,30,,8135,,,0,28,,8134,,,0,69,,8149,,,0,30,,8150,,,0,67,,8146,,,0,28,,8141,,,0,69,,8145,0,5,0,30,,8151,0,5,0
2200,'4744',602,,8176,,,0,30,,8160,,,0,68,,8171,,,0,30,,8163,,,0,74,,8175,,,0,22,,8155,,,0,30,,8159,,,0,103,,8161,,,0,66,,8177,,,0,30,,8154,,,0,101,,8170,0,21 22,0,70,,8162,0,21 22,0,30,,8178,0,21 22,0,70,,8156,0,21 22,0,100,,8173,0,21 22,0,29,,8167,0,21 22,0,75,,8180,0,21 22,0,102,,8168,0,21 22,0,99,,8164,0,21 22,0,70,,8179,,,0,26,,8157,,,0,98,,8172,,,0,30,,8169,,,0,69,,8158,,,0,30,,8166,,,0,70,,8174,0,5,0,29,,8165,0,5,0
2200,'4745',741,,8184,,,0,101,,8185,,,0,80,,8186,,,0,30,,8181,,,0,71,,8182,,,0,30,,8183,,,0,70,,8188,,,0,29,,8189,,,0,72,,8187,,,0,30,,8190,,,0,70,,8191,,,0,30,,8199,,,0,70,,8198,,,0,30,,8192,,,0,70,,8193,,,0,30,,8194,,,0,70,,8195,,,0,32,,8196,,,0,70,,8197,,,0,30,,8200,,,0,69,,8201,,,0,29,,8202,,,0,70,,8203,,,0
2200,'4870',602,,8228,,,0,30,,8212,,,0,68,,8223,,,0,30,,8215,,,0,74,,8227,,,0,22,,8207,,,0,30,,8211,,,0,103,,8213,,,0,66,,8229,,,0,30,,8206,,,0,101,,8222,0,21 22,0,70,,8214,0,21 22,0,30,,8230,0,21 22,0,70,,8208,0,21 22,0,100,,8225,0,21 22,0,29,,8219,0,21 22,0,75,,8232,0,21 22,0,102,,8220,0,21 22,0,99,,8216,0,21 22,0,70,,8231,,,0,26,,8209,,,0,98,,8224,,,0,30,,8221,,,0,69,,8210,,,0,30,,8218,,,0,70,,8226,0,5,0,29,,8217,0,5,0
2200,'4875',602,,8259,,,0,30,,8243,,,0,68,,8254,,,0,30,,8246,,,0,74,,8258,,,0,22,,8238,,,0,30,,8242,,,0,103,,8244,,,0,66,,8260,,,0,30,,8237,,,0,101,,8253,0,21 22,0,70,,8245,0,21 22,0,30,,8261,0,21 22,0,70,,8239,0,21 22,0,100,,8256,0,21 22,0,29,,8250,0,21 22,0,75,,8263,0,21 22,0,102,,8251,0,21 22,0,99,,8247,0,21 22,0,70,,8262,,,0,26,,8240,,,0,98,,8255,,,0,30,,8252,,,0,69,,8241,,,0,30,,8249,,,0,70,,8257,0,5,0,29,,8248,0,5,0
2200,'4876',652,,8284,,,0,80,,8269,,,0,80,,8273,,,0,40,,8286,,,0,71,,8270,,,0,30,,8264,,,0,71,,8271,,,0,31,,8285,,,0,71,,8268,,,0,30,,8267,,,0,71,,8272,,,0,30,,8265,,,0,70,,8290,,,0,30,,8266,,,0,70,,8279,,,0,30,,8274,,,0,70,,8278,,,0,30,,8289,,,0,69,,8280,,,0,31,,8275,,,0,70,,8282,,,0,73,,8281,,,0,30,,8277,,,0,28,,8276,,,0,69,,8291,,,0,30,,8292,,,0,67,,8288,,,0,28,,8283,,,0,69,,8287,0,5,0,30,,8293,0,5,0
2200,'4877',741,,8297,,,0,101,,8298,,,0,80,,8299,,,0,30,,8294,,,0,71,,8295,,,0,30,,8296,,,0,70,,8301,,,0,29,,8302,,,0,72,,8300,,,0,30,,8303,,,0,70,,8304,,,0,30,,8312,,,0,70,,8311,,,0,30,,8305,,,0,70,,8306,,,0,30,,8307,,,0,70,,8308,,,0,32,,8309,,,0,70,,8310,,,0,30,,8313,,,0,69,,8314,,,0,29,,8315,,,0,70,,8316,,,0
2401,'4487',656,,8659,,,0,147,,8658,,,0,105,,8660,,,0,100,,8656,,,0,101,,8653,,,0,98,,8654,,,0,95,,8655,,,0,100,,8662,,,0,98,,8657,,,0,102,,8661,,,0,104,,8663,,,0,128,,8664,,,0,125,,8665,,,0,170,,8666,,,0,130,,8667,,,0,161,,8668,,,0
2401,'4743',656,,8675,,,0,147,,8674,,,0,105,,8676,,,0,100,,8672,,,0,101,,8669,,,0,98,,8670,,,0,95,,8671,,,0,100,,8678,,,0,98,,8673,,,0,102,,8677,,,0,104,,8679,,,0,128,,8680,,,0,125,,8681,,,0,170,,8682,,,0,130,,8683,,,0,161,,8684,,,0
2401,'4744',507,,8696,,,0,51,,8692,,,0,89,,8685,,,0,85,,8688,,,0,73,,8693,,,0,97,,8690,,,0,105,,8687,,,0,100,,8686,,,0,100,,8695,,,0,100,,8691,,,0,112,,8689,,,0,96,,8694,,,0,92,,8697,,,0,50,,8699,,,0,78,,8698,,,0,90,,8700,,,0,86,,8701,,,0,103,,8702,,,0,115,,8703,,,0,130,,8704,,,0,161,,8705,,,0
2401,'4745',803,,8706,,,0,130,,8707,,,0,171,,8708,,,0,127,,8709,,,0,171,,8710,,,0,132,,8711,,,0,170,,8712,,,0,130,,8713,,,0,170,,8714,,,0,125,,8715,,,0,129,,8716,,,0
2401,'4870',507,,8728,,,0,51,,8724,,,0,89,,8717,,,0,85,,8720,,,0,73,,8725,,,0,97,,8722,,,0,105,,8719,,,0,100,,8718,,,0,100,,8727,,,0,100,,8723,,,0,112,,8721,,,0,96,,8726,,,0,92,,8729,,,0,50,,8731,,,0,78,,8730,,,0,90,,8732,,,0,86,,8733,,,0,103,,8734,,,0,115,,8735,,,0,130,,8736,,,0,161,,8737,,,0
2401,'4875',507,,8749,,,0,51,,8745,,,0,89,,8738,,,0,85,,8741,,,0,73,,8746,,,0,97,,8743,,,0,105,,8740,,,0,100,,8739,,,0,100,,8748,,,0,100,,8744,,,0,112,,8742,,,0,96,,8747,,,0,92,,8750,,,0,50,,8752,,,0,78,,8751,,,0,90,,8753,,,0,86,,8754,,,0,103,,8755,,,0,115,,8756,,,0,130,,8757,,,0,161,,8758,,,0
2401,'4876',656,,8765,,,0,147,,8764,,,0,105,,8766,,,0,100,,8762,,,0,101,,8759,,,0,98,,8760,,,0,95,,8761,,,0,100,,8768,,,0,98,,8763,,,0,102,,8767,,,0,104,,8769,,,0,128,,8770,,,0,125,,8771,,,0,170,,8772,,,0,130,,8773,,,0,161,,8774,,,0
2401,'4877',803,,8775,,,0,130,,8776,,,0,171,,8777,,,0,127,,8778,,,0,171,,8779,,,0,132,,8780,,,0,170,,8781,,,0,130,,8782,,,0,170,,8783,,,0,125,,8784,,,0,129,,8785,,,0
2501,'4487',733,,8917,,,0,100,,8914,,,0,105,,8916,,,0,101,,8915,,,0,98,,8923,,,0,95,,8920,,,0,100,,8919,,,0,98,,8918,,,0,100,,8921,,,0,102,,8922,,,0,118,,8924,,,0,169,,8925,,,0,125,,8926,,,0,170,,8927,,,0,130,,8928,,,0
2501,'4743',733,,8932,,,0,100,,8929,,,0,105,,8931,,,0,101,,8930,,,0,98,,8938,,,0,95,,8935,,,0,100,,8934,,,0,98,,8933,,,0,100,,8936,,,0,102,,8937,,,0,118,,8939,,,0,169,,8940,,,0,125,,8941,,,0,170,,8942,,,0,130,,8943,,,0
2501,'4744',627,,8948,,,0,80,,8951,,,0,38,,8945,0,6 7,0,80,,8944,,,0,112,,8954,,,0,100,,8950,,,0,100,,8947,,,0,100,,8946,,,0,100,,8949,,,0,106,,8953,,,0,94,,8952,,,0,100,,8955,,,0,82,,8956,,,0,82,,8957,,,0,45,,8958,,,0,95,,8959,,,0,103,,8960,,,0,170,,8961,,,0,130,,8962,,,0
2501,'4745',849,,8964,,,0,170,,8963,,,0,127,,8965,,,0,171,,8966,,,0,132,,8967,,,0,171,,8968,,,0,129,,8969,,,0,170,,8970,,,0,130,,8971,,,0,165,,8972,,,0,129,,8973,,,0
2501,'4870',627,,8978,,,0,80,,8981,,,0,38,,8975,0,6 7,0,80,,8974,,,0,112,,8984,,,0,100,,8980,,,0,100,,8977,,,0,100,,8976,,,0,100,,8979,,,0,106,,8983,,,0,94,,8982,,,0,182,,8985,,,0,82,,8986,,,0,45,,8987,,,0,95,,8988,,,0,103,,8989,,,0,170,,8990,,,0,130,,8991,,,0
2501,'4872',1637,,8992,,,0
2501,'4873',1637,,8993,,,0
2501,'4875',627,,8998,,,0,80,,9001,,,0,38,,8995,0,6 7,0,80,,8994,,,0,112,,9004,,,0,100,,9000,,,0,100,,8997,,,0,100,,8996,,,0,100,,8999,,,0,106,,9003,,,0,94,,9002,,,0,100,,9005,,,0,82,,9006,,,0,82,,9007,,,0,45,,9008,,,0,95,,9009,,,0,103,,9010,,,0,170,,9011,,,0,130,,9012,,,0
2501,'4876',733,,9016,,,0,100,,9013,,,0,105,,9015,,,0,101,,9014,,,0,98,,9022,,,0,95,,9019,,,0,100,,9018,,,0,98,,9017,,,0,100,,9020,,,0,102,,9021,,,0,118,,9023,,,0,169,,9024,,,0,125,,9025,,,0,170,,9026,,,0,130,,9027,,,0
2501,'4877',849,,9029,,,0,170,,9028,,,0,127,,9030,,,0,171,,9031,,,0,132,,9032,,,0,171,,9033,,,0,129,,9034,,,0,170,,9035,,,0,130,,9036,,,0,165,,9037,,,0,129,,9038,,,0
1000601,'4487',716,,19707,,,0,112,,19708,,,0,100,,19709,,,0,91,,19710,,,0,88,,19711,,,0,47,,19712,,,0,88,,19713,,,0,88,,19714,,,0,82,,19715,,,0,42,,19716,,,0,82,,19717,,,0,81,,19718,,,0,93,,19719,,,0,100,,19720,,,0,108,,19721,,,0,102,,19722,,,0,94,,19723,,,0,97,,19724,,,0,110,,19725,,,0
1000601,'4743',716,,19726,,,0,112,,19727,,,0,100,,19728,,,0,91,,19729,,,0,88,,19730,,,0,47,,19731,,,0,88,,19732,,,0,88,,19733,,,0,82,,19734,,,0,42,,19735,,,0,82,,19736,,,0,81,,19737,,,0,93,,19738,,,0,100,,19739,,,0,108,,19740,,,0,102,,19741,,,0,94,,19742,,,0,97,,19743,,,0,110,,19744,,,0
1000601,'4744',623,,19761,,,0,88,,19756,,,0,37,,19750,,,0,70,,19764,,,0,35,,19751,,,0,73,,19765,,,0,79,,19763,,,0,46,,19766,,,0,87,,19752,,,0,88,,19758,,,0,90,,19762,,,0,87,,19746,,,0,40,,19745,,,0,80,,19759,,,0,85,,19753,,,0,38,,19747,,,0,83,,19749,,,0,85,,19748,,,0,103,,19767,,,0,106,,19754,,,0,94,,19757,,,0,98,,19760,,,0,100,,19755,,,0
1000601,'4745',726,,19775,,,0,90,,19781,,,0,100,,19769,,,0,107,,19773,,,0,101,,19768,,,0,94,,19783,,,0,100,,19770,,,0,100,,19771,,,0,100,,19777,,,0,101,,19774,,,0,100,,19772,,,0,107,,19776,,,0,109,,19778,,,0,92,,19780,,,0,91,,19779,,,0,106,,19782,,,0
1000601,'4870',623,,19800,,,0,88,,19795,,,0,37,,19789,,,0,70,,19803,,,0,35,,19790,,,0,73,,19804,,,0,79,,19802,,,0,46,,19805,,,0,87,,19791,,,0,88,,19797,,,0,90,,19801,,,0,87,,19785,,,0,40,,19784,,,0,80,,19798,,,0,85,,19792,,,0,38,,19786,,,0,83,,19788,,,0,85,,19787,,,0,103,,19806,,,0,106,,19793,,,0,94,,19796,,,0,98,,19799,,,0,100,,19794,,,0
1000601,'4875',623,,19823,,,0,88,,19818,,,0,37,,19812,,,0,70,,19826,,,0,35,,19813,,,0,73,,19827,,,0,79,,19825,,,0,46,,19828,,,0,87,,19814,,,0,88,,19820,,,0,90,,19824,,,0,87,,19808,,,0,40,,19807,,,0,80,,19821,,,0,85,,19815,,,0,38,,19809,,,0,83,,19811,,,0,85,,19810,,,0,103,,19829,,,0,106,,19816,,,0,94,,19819,,,0,98,,19822,,,0,100,,19817,,,0
1000601,'4876',716,,19830,,,0,112,,19831,,,0,100,,19832,,,0,91,,19833,,,0,88,,19834,,,0,47,,19835,,,0,88,,19836,,,0,88,,19837,,,0,82,,19838,,,0,42,,19839,,,0,82,,19840,,,0,81,,19841,,,0,93,,19842,,,0,100,,19843,,,0,108,,19844,,,0,102,,19845,,,0,94,,19846,,,0,97,,19847,,,0,110,,19848,,,0
1000601,'4877',726,,19856,,,0,90,,19862,,,0,100,,19850,,,0,107,,19854,,,0,101,,19849,,,0,94,,19864,,,0,100,,19851,,,0,100,,19852,,,0,100,,19858,,,0,101,,19855,,,0,100,,19853,,,0,107,,19857,,,0,109,,19859,,,0,92,,19861,,,0,91,,19860,,,0,106,,19863,,,0
1002200,'4744',930,,19869,,,0,195,,19866,0,21 22,0,230,,19867,0,21 22,0,247,,19865,0,21 22,0,100,,19870,0,21 22,0,157,,19868,0,21 22,0
1002200,'4870',930,,19875,,,0,195,,19872,0,21 22,0,230,,19873,0,21 22,0,247,,19871,0,21 22,0,100,,19876,0,21 22,0,157,,19874,0,21 22,0
1002200,'4875',930,,19881,,,0,195,,19878,0,21 22,0,230,,19879,0,21 22,0,247,,19877,0,21 22,0,100,,19882,0,21 22,0,157,,19880,0,21 22,0
2000601,'4744',650,,20123,,,0,75,,20129,,,0,80,,20117,,,0,29,,20120,,,0,76,,20118,,,0,32,,20122,,,0,86,,20125,,,0,86,,20119,,,0,88,,20127,,,0,49,,20130,,,0,90,,20132,,,0,82,,20131,,,0,80,,20128,,,0,38,,20115,,,0,86,,20126,,,0,82,,20116,,,0,42,,20133,,,0,100,,20121,,,0,96,,20124,,,0
2000601,'4870',650,,20142,,,0,75,,20148,,,0,80,,20136,,,0,29,,20139,,,0,76,,20137,,,0,32,,20141,,,0,86,,20144,,,0,86,,20138,,,0,88,,20146,,,0,49,,20149,,,0,90,,20151,,,0,82,,20150,,,0,80,,20147,,,0,38,,20134,,,0,86,,20145,,,0,82,,20135,,,0,42,,20152,,,0,100,,20140,,,0,96,,20143,,,0
2000601,'4875',650,,20161,,,0,75,,20167,,,0,80,,20155,,,0,29,,20158,,,0,76,,20156,,,0,32,,20160,,,0,86,,20163,,,0,86,,20157,,,0,88,,20165,,,0,49,,20168,,,0,90,,20170,,,0,82,,20169,,,0,80,,20166,,,0,38,,20153,,,0,86,,20164,,,0,82,,20154,,,0,42,,20171,,,0,100,,20159,,,0,96,,20162,,,0
