200,'4623',606,,63268,33,,,0,41,,63260,33,,,0,61,,63255,33,,,0,32,,63269,33,,,0,72,,63263,33,,,0,31,,63254,33,,,0,71,,63267,33,,,0,29,,63264,33,,,0,86,,63253,33,,,0,78,,63256,33,,,0,41,,63257,33,,,0,81,,63266,33,,,0,80,,63259,33,,,0,41,,63258,33,,,0,80,,63265,33,,,0,79,,63261,33,,,0,35,,63262,33,,,0,77,,63270,33,,,0,36,,63271,33,,,0,88,,63273,33,,,0,72,,63272,33,,,0,39,,63277,33,,,0,89,,63275,33,,,0,78,,63276,33,,,0,82,,63281,33,,,0,40,,63280,33,,,0,78,,63282,33,,,0,79,,63283,33,,,0,39,,63284,33,,,0,78,,63285,33,,,0
200,'4833',616,,63307,33,,,0,113,,63310,33,,,0,121,,63308,33,,,0,80,,63296,33,,,0,87,,63309,33,,,0,40,,63294,33,,,0,80,,63288,33,,,0,81,,63295,33,,,0,40,,63289,33,,,0,81,,63302,33,,,0,81,,63290,33,,,0,81,,63293,33,,,0,40,,63292,33,,,0,79,,63291,33,,,0,80,,63305,33,,,0,39,,63306,33,,,0,74,,63304,33,,,0,40,,63298,33,,,0,75,,63299,33,,,0,94,,63301,33,,,0,80,,63300,33,,,0,45,,63316,33,,,0,80,,63313,33,,,0,80,,63312,33,,,0,37,,63314,33,,,0,79,,63311,33,,,0
200,'5015',616,,63337,33,,,0,113,,63340,33,,,0,121,,63338,33,,,0,80,,63326,33,,,0,87,,63339,33,,,0,40,,63324,33,,,0,80,,63318,33,,,0,81,,63325,33,,,0,40,,63319,33,,,0,81,,63332,33,,,0,81,,63320,33,,,0,81,,63323,33,,,0,40,,63322,33,,,0,79,,63321,33,,,0,80,,63335,33,,,0,39,,63336,33,,,0,74,,63334,33,,,0,40,,63328,33,,,0,75,,63329,33,,,0,94,,63331,33,,,0,80,,63330,33,,,0,45,,63346,33,,,0,80,,63343,33,,,0,80,,63342,33,,,0,37,,63344,33,,,0,79,,63341,33,,,0
200,'5222',606,,63364,33,,,0,41,,63356,33,,,0,61,,63351,33,,,0,32,,63365,33,,,0,72,,63359,33,,,0,31,,63350,33,,,0,71,,63363,33,,,0,29,,63360,33,,,0,86,,63349,33,,,0,78,,63352,33,,,0,41,,63353,33,,,0,81,,63362,33,,,0,80,,63355,33,,,0,41,,63354,33,,,0,80,,63361,33,,,0,79,,63357,33,,,0,35,,63358,33,,,0,77,,63366,33,,,0,36,,63367,33,,,0,88,,63369,33,,,0,72,,63368,33,,,0,39,,63373,33,,,0,89,,63371,33,,,0,78,,63372,33,,,0,82,,63377,33,,,0,40,,63376,33,,,0,78,,63378,33,,,0,79,,63379,33,,,0,39,,63380,33,,,0,78,,63381,33,,,0
200,'5365',712,,63405,33,,,0,121,,63404,33,,,0,122,,63403,33,,,0,101,,63384,33,,,0,81,,63402,33,,,0,81,,63390,33,,,0,40,,63388,33,,,0,80,,63383,33,,,0,82,,63385,33,,,0,80,,63396,33,,,0,40,,63391,33,,,0,80,,63386,33,,,0,39,,63389,33,,,0,79,,63387,33,,,0,74,,63397,33,,,0,39,,63393,33,,,0,94,,63398,33,,,0,80,,63394,33,,,0,80,,63400,33,,,0,39,,63401,33,,,0,80,,63399,33,,,0,79,,63406,33,,,0,39,,63407,33,,,0
200,'5390',712,,63430,33,,,0,121,,63429,33,,,0,122,,63428,33,,,0,101,,63409,33,,,0,81,,63427,33,,,0,81,,63415,33,,,0,40,,63413,33,,,0,80,,63408,33,,,0,82,,63410,33,,,0,80,,63421,33,,,0,40,,63416,33,,,0,80,,63411,33,,,0,39,,63414,33,,,0,79,,63412,33,,,0,74,,63422,33,,,0,39,,63418,33,,,0,94,,63423,33,,,0,80,,63419,33,,,0,80,,63425,33,,,0,39,,63426,33,,,0,80,,63424,33,,,0,79,,63431,33,,,0,39,,63432,33,,,0
500,'4623',625,,64666,33,,,0,98,,64659,33,,,0,34,,64661,33,,,0,71,,64658,33,,,0,31,,64660,33,,,0,68,,64663,33,,,0,87,,64662,33,,,0,33,,64671,33,,,0,80,,64668,33,,,0,81,,64664,33,,,0,41,,64665,33,,,0,82,,64667,33,,,0,78,,64672,33,,,0,40,,64669,33,,,0,77,,64670,33,,,0,76,,64674,33,,,0,37,,64673,33,,,0,74,,64675,33,,,0,88,,64676,33,,,0,36,,64677,33,,,0,83,,64679,33,,,0,85,,64678,33,,,0
500,'4833',651,,64691,33,,,0,157,,64687,33,,,0,102,,64690,33,,,0,42,,64681,33,,,0,85,,64688,33,,,0,80,,64682,33,,,0,41,,64697,33,,,0,80,,64689,33,,,0,81,,64680,33,,,0,81,,64686,33,,,0,40,,64683,33,,,0,81,,64693,33,,,0,80,,64684,33,,,0,39,,64685,33,,,0,79,,64694,33,,,0,35,,64695,33,,,0,78,,64696,33,,,0,80,,64692,33,,,0,89,,64698,33,,,0
500,'5015',651,,64710,33,,,0,157,,64706,33,,,0,102,,64709,33,,,0,42,,64700,33,,,0,85,,64707,33,,,0,80,,64701,33,,,0,41,,64716,33,,,0,80,,64708,33,,,0,81,,64699,33,,,0,81,,64705,33,,,0,40,,64702,33,,,0,81,,64712,33,,,0,80,,64703,33,,,0,39,,64704,33,,,0,79,,64713,33,,,0,35,,64714,33,,,0,78,,64715,33,,,0,80,,64711,33,,,0,89,,64717,33,,,0
500,'5222',625,,64726,33,,,0,98,,64719,33,,,0,34,,64721,33,,,0,71,,64718,33,,,0,31,,64720,33,,,0,68,,64723,33,,,0,87,,64722,33,,,0,33,,64731,33,,,0,80,,64728,33,,,0,81,,64724,33,,,0,41,,64725,33,,,0,82,,64727,33,,,0,78,,64732,33,,,0,40,,64729,33,,,0,77,,64730,33,,,0,76,,64734,33,,,0,37,,64733,33,,,0,74,,64735,33,,,0,88,,64736,33,,,0,36,,64737,33,,,0,83,,64739,33,,,0,85,,64738,33,,,0
500,'5365',752,,64753,33,,,0,162,,64752,33,,,0,122,,64751,33,,,0,81,,64746,33,,,0,40,,64740,33,,,0,81,,64741,33,,,0,80,,64754,33,,,0,41,,64747,33,,,0,81,,64744,33,,,0,80,,64742,33,,,0,80,,64743,33,,,0,40,,64755,33,,,0,78,,64748,33,,,0,35,,64745,33,,,0,78,,64749,33,,,0,80,,64750,33,,,0
500,'5390',752,,64769,33,,,0,162,,64768,33,,,0,122,,64767,33,,,0,81,,64762,33,,,0,40,,64756,33,,,0,81,,64757,33,,,0,80,,64770,33,,,0,41,,64763,33,,,0,81,,64760,33,,,0,80,,64758,33,,,0,80,,64759,33,,,0,40,,64771,33,,,0,78,,64764,33,,,0,35,,64761,33,,,0,78,,64765,33,,,0,80,,64766,33,,,0
800,'4623',651,,65917,41,,,0,90,,65918,41,,,0,74,,65919,41,,,0,40,,65920,41,,,0,86,,65921,41,,,0,75,,65922,41,,,0,41,,65916,41,,,0,85,,65923,41,,,0,78,,65937,41,,,0,84,,65924,41,,,0,44,,65925,41,,,0,84,,65926,41,,,0,102,,65927,41,,,0,83,,65928,41,,,0,86,,65929,41,,,0,29,,65938,41,,,0,71,,65930,41,,,0,32,,65931,41,,,0,69,,65932,41,,,0,29,,65939,41,,,0,94,,65933,41,,,0,83,,65934,41,,,0,96,,65935,41,,,0,42,,65936,41,,,0
800,'4833',738,,65946,30,,,0,85,,65947,30,,,0,86,,65948,30,,,0,47,,65941,30,,,0,90,,65942,30,,,0,87,,65940,30,,,0,90,,65943,30,,,0,91,,65944,30,,,0,92,,65945,30,,,0,52,,65949,30,,,0,90,,65950,30,,,0,91,,65951,30,,,0,88,,65952,30,,,0,84,,65953,30,,,0,45,,65954,30,,,0
800,'5015',738,,65961,30,,,0,85,,65962,30,,,0,86,,65963,30,,,0,47,,65956,30,,,0,90,,65957,30,,,0,87,,65955,30,,,0,90,,65958,30,,,0,91,,65959,30,,,0,92,,65960,30,,,0,52,,65964,30,,,0,90,,65965,30,,,0,91,,65966,30,,,0,88,,65967,30,,,0,84,,65968,30,,,0,45,,65969,30,,,0
800,'5222',651,,65971,41,,,0,90,,65972,41,,,0,74,,65973,41,,,0,40,,65974,41,,,0,86,,65975,41,,,0,75,,65976,41,,,0,41,,65970,41,,,0,85,,65977,41,,,0,78,,65991,41,,,0,84,,65978,41,,,0,44,,65979,41,,,0,84,,65980,41,,,0,102,,65981,41,,,0,83,,65982,41,,,0,86,,65983,41,,,0,29,,65992,41,,,0,71,,65984,41,,,0,32,,65985,41,,,0,69,,65986,41,,,0,29,,65993,41,,,0,94,,65987,41,,,0,83,,65988,41,,,0,96,,65989,41,,,0,42,,65990,41,,,0
800,'5365',908,,65995,30,,,0,47,,65996,30,,,0,90,,65997,30,,,0,86,,65998,30,,,0,91,,65999,30,,,0,92,,65994,30,,,0,90,,66000,30,,,0,52,,66001,30,,,0,91,,66002,30,,,0,91,,66003,30,,,0,88,,66004,30,,,0
800,'5390',908,,66006,30,,,0,47,,66007,30,,,0,90,,66008,30,,,0,86,,66009,30,,,0,91,,66010,30,,,0,92,,66005,30,,,0,90,,66011,30,,,0,52,,66012,30,,,0,91,,66013,30,,,0,91,,66014,30,,,0,88,,66015,30,,,0
