4901,'4487',644,,13745,,,0,205,,13746,,,0,253,,13747,,,0,202,,13742,,,0,210,,13743,,,0,208,,13744,,,0,193,,13741,,,0
4901,'4743',644,,13752,,,0,205,,13753,,,0,253,,13754,,,0,202,,13749,,,0,210,,13750,,,0,208,,13751,,,0,193,,13748,,,0
4901,'4744',646,,13759,,,0,112,,13757,,,0,99,,13760,,,0,171,,13756,,,0,200,,13758,,,0,127,,13761,,,0,185,,13763,,,0,104,,13762,,,0,93,,13755,,,0,104,,13764,,,0,193,,13765,,,0
4901,'4745',849,,13767,,,0,251,,13766,,,0,203,,13768,,,0,208,,13769,,,0,209,,13770,,,0,193,,13771,,,0
4901,'4870',646,,13776,,,0,112,,13774,,,0,99,,13777,,,0,171,,13773,,,0,200,,13775,,,0,127,,13778,,,0,185,,13780,,,0,104,,13779,,,0,93,,13772,,,0,104,,13781,,,0,193,,13782,,,0
4901,'4875',646,,13787,,,0,112,,13785,,,0,99,,13788,,,0,171,,13784,,,0,200,,13786,,,0,127,,13789,,,0,185,,13791,,,0,104,,13790,,,0,93,,13783,,,0,104,,13792,,,0,193,,13793,,,0
4901,'4876',644,,13798,,,0,205,,13799,,,0,253,,13800,,,0,202,,13795,,,0,210,,13796,,,0,208,,13797,,,0,193,,13794,,,0
4901,'4877',849,,13802,,,0,251,,13801,,,0,203,,13803,,,0,208,,13804,,,0,209,,13805,,,0,193,,13806,,,0
5301,'4487',753,,14421,,,0,200,,14422,,,0,254,,14420,,,0,217,,14417,,,0,210,,14418,,,0,210,,14419,,,0,201,,14416,,,0
5301,'4743',753,,14428,,,0,200,,14429,,,0,254,,14427,,,0,217,,14424,,,0,210,,14425,,,0,210,,14426,,,0,201,,14423,,,0
5301,'4744',803,,14432,,,0,115,,14430,,,0,199,,14431,,,0,130,,14435,,,0,173,,14434,,,0,193,,14436,,,0,99,,14433,,,0,131,,14437,,,0,167,,14438,,,0,130,,14439,,,0
5301,'4745',753,,14443,,,0,200,,14440,,,0,253,,14441,,,0,218,,14444,,,0,209,,14442,,,0,210,,14445,,,0,202,,14446,,,0
5301,'4870',803,,14449,,,0,115,,14447,,,0,199,,14448,,,0,130,,14452,,,0,173,,14451,,,0,193,,14453,,,0,99,,14450,,,0,131,,14454,,,0,167,,14455,,,0,130,,14456,,,0
5301,'4875',803,,14459,,,0,115,,14457,,,0,199,,14458,,,0,130,,14462,,,0,173,,14461,,,0,193,,14463,,,0,99,,14460,,,0,131,,14464,,,0,167,,14465,,,0,130,,14466,,,0
5301,'4876',753,,14472,,,0,200,,14473,,,0,254,,14471,,,0,217,,14468,,,0,210,,14469,,,0,210,,14470,,,0,201,,14467,,,0
5301,'4877',753,,14477,,,0,200,,14474,,,0,253,,14475,,,0,218,,14478,,,0,209,,14476,,,0,210,,14479,,,0,202,,14480,,,0
