3800,'4623',618,,72301,17,,,0,33,,72302,17,,,0,71,,72299,17,,,0,24,,72298,17,,,0,72,,72306,17,,,0,30,,72300,17,,,0,67,,72304,17,,,0,102,,72305,17,,,0,101,,72303,17,,,0,102,,72307,17,,,0,101,,72309,17,,,0,94,,72314,17,,,0,39,,72311,17,,,0,71,,72316,17,,,0,30,,72308,17,,,0,71,,72310,17,,,0,75,,72313,17,,,0,33,,72312,17,,,0,83,,72318,17,,,0,103,,72315,17,,,0,102,,72317,17,,,0
3800,'5222',618,,72322,17,,,0,33,,72323,17,,,0,71,,72320,17,,,0,24,,72319,17,,,0,72,,72327,17,,,0,30,,72321,17,,,0,67,,72325,17,,,0,102,,72326,17,,,0,101,,72324,17,,,0,102,,72328,17,,,0,101,,72330,17,,,0,94,,72335,17,,,0,39,,72332,17,,,0,71,,72337,17,,,0,30,,72329,17,,,0,71,,72331,17,,,0,75,,72334,17,,,0,33,,72333,17,,,0,83,,72339,17,,,0,103,,72336,17,,,0,102,,72338,17,,,0
4800,'4623',640,,72848,37,,,0,67,,72847,37,,,0,29,,72846,37,,,0
4800,'5222',640,,72851,37,,,0,67,,72850,37,,,0,29,,72849,37,,,0
5200,'4623',521,,72979,49,,,0,31,,72988,49,,,0,75,,72968,49,,,0,18,,72956,49,,,0,64,,72980,49,,,0,21,,72961,49,,,0,70,,72989,49,,,0,34,,72969,49,,,0,67,,72957,49,,,0,28,,72981,49,,,0,30,,72962,49,,,0,67,,72990,49,,,0,30,,72963,49,,,0,75,,72970,49,,,0,73,,72958,49,,,0,31,,72982,49,,,0,70,,72964,49,,,0,38,,72971,49,,,0,74,,72959,49,,,0,33,,72983,49,,,0,70,,72965,49,,,0,34,,72972,49,,,0,73,,72973,49,,,0,30,,72960,49,,,0,66,,72984,49,,,0,28,,72966,49,,,0,73,,72974,49,,,0,29,,72975,49,,,0,75,,72985,49,,,0,28,,72967,49,,,0,68,,72977,49,,,0,29,,72976,49,,,0,71,,72986,49,,,0,94,,72978,49,,,0,99,,72987,49,,,0,99,,72991,49,,,0
5200,'4833',655,,73009,49,,,0,70,,73008,49,,,0,81,,73003,49,,,0,35,,73011,49,,,0,72,,73006,49,,,0,33,,72992,49,,,0,70,,72999,49,,,0,30,,73018,49,,,0,72,,72997,49,,,0,35,,72994,49,,,0,73,,73000,49,,,0,32,,73020,49,,,0,75,,72995,49,,,0,73,,72993,49,,,0,36,,73002,49,,,0,66,,73019,49,,,0,34,,72998,49,,,0,72,,73005,49,,,0,35,,73001,49,,,0,68,,73016,49,,,0,30,,72996,49,,,0,69,,73007,49,,,0,22,,73013,49,,,0,64,,73004,49,,,0,24,,73012,49,,,0,24,,73015,49,,,0,68,,73014,49,,,0,28,,73010,49,,,0,70,,73017,49,,,0,100,,73021,49,,,0,93,,73022,49,,,0,108,,73023,49,,,0
5200,'5015',655,,73041,49,,,0,70,,73040,49,,,0,81,,73035,49,,,0,35,,73043,49,,,0,72,,73038,49,,,0,33,,73024,49,,,0,70,,73031,49,,,0,30,,73050,49,,,0,72,,73029,49,,,0,35,,73026,49,,,0,73,,73032,49,,,0,32,,73052,49,,,0,75,,73027,49,,,0,73,,73025,49,,,0,36,,73034,49,,,0,66,,73051,49,,,0,34,,73030,49,,,0,72,,73037,49,,,0,35,,73033,49,,,0,68,,73048,49,,,0,30,,73028,49,,,0,69,,73039,49,,,0,22,,73045,49,,,0,64,,73036,49,,,0,24,,73044,49,,,0,24,,73047,49,,,0,68,,73046,49,,,0,28,,73042,49,,,0,70,,73049,49,,,0,100,,73053,49,,,0,93,,73054,49,,,0,108,,73055,49,,,0
5200,'5222',521,,73079,49,,,0,31,,73088,49,,,0,75,,73068,49,,,0,18,,73056,49,,,0,64,,73080,49,,,0,21,,73061,49,,,0,70,,73089,49,,,0,34,,73069,49,,,0,67,,73057,49,,,0,28,,73081,49,,,0,30,,73062,49,,,0,67,,73090,49,,,0,30,,73063,49,,,0,75,,73070,49,,,0,73,,73058,49,,,0,31,,73082,49,,,0,70,,73064,49,,,0,38,,73071,49,,,0,74,,73059,49,,,0,33,,73083,49,,,0,70,,73065,49,,,0,34,,73072,49,,,0,73,,73073,49,,,0,30,,73060,49,,,0,66,,73084,49,,,0,28,,73066,49,,,0,73,,73074,49,,,0,29,,73075,49,,,0,75,,73085,49,,,0,28,,73067,49,,,0,68,,73077,49,,,0,29,,73076,49,,,0,71,,73086,49,,,0,94,,73078,49,,,0,99,,73087,49,,,0,99,,73091,49,,,0
5200,'5365',725,,73113,49,,,0,32,,73095,49,,,0,81,,73098,49,,,0,72,,73112,49,,,0,32,,73106,49,,,0,72,,73094,49,,,0,31,,73097,49,,,0,72,,73108,49,,,0,31,,73102,49,,,0,72,,73093,49,,,0,33,,73096,49,,,0,70,,73111,49,,,0,31,,73104,49,,,0,78,,73092,49,,,0,70,,73100,49,,,0,34,,73110,49,,,0,74,,73103,49,,,0,33,,73119,49,,,0,68,,73099,49,,,0,30,,73109,49,,,0,68,,73105,49,,,0,30,,73107,49,,,0,68,,73101,49,,,0,29,,73115,49,,,0,79,,73114,49,,,0,99,,73116,49,,,0,98,,73118,49,,,0,106,,73117,49,,,0
5200,'5390',725,,73141,49,,,0,32,,73123,49,,,0,81,,73126,49,,,0,72,,73140,49,,,0,32,,73134,49,,,0,72,,73122,49,,,0,31,,73125,49,,,0,72,,73136,49,,,0,31,,73130,49,,,0,72,,73121,49,,,0,33,,73124,49,,,0,70,,73139,49,,,0,31,,73132,49,,,0,78,,73120,49,,,0,70,,73128,49,,,0,34,,73138,49,,,0,74,,73131,49,,,0,33,,73147,49,,,0,68,,73127,49,,,0,30,,73137,49,,,0,68,,73133,49,,,0,30,,73135,49,,,0,68,,73129,49,,,0,29,,73143,49,,,0,79,,73142,49,,,0,99,,73144,49,,,0,98,,73146,49,,,0,106,,73145,49,,,0
6100,'4623',547,,74420,57,,,0,80,,74400,57,,,0,16,,74421,57,,,0,61,,74402,57,,,0,24,,74398,57,,,0,20,,74389,57,,,0,58,,74397,57,,,0,28,,74392,57,,,0
6100,'5222',547,,74514,57,,,0,80,,74494,57,,,0,16,,74515,57,,,0,61,,74496,57,,,0,24,,74492,57,,,0,20,,74483,57,,,0,58,,74491,57,,,0,28,,74486,57,,,0
