5401,'4623',557,,73486,42,,,0,170,,73489,42,,,0,132,,73490,42,,,0,256,,73491,42,,,0,198,,73487,42,,,0,131,,73492,42,,,0,106,,73488,42,,,0,185,,73493,42,,,0,190,,73494,42,,,0,199,,73495,42,,,0
5401,'4833',752,,73499,42,,,0,201,,73496,42,,,0,251,,73497,42,,,0,205,,73498,42,,,0,211,,73502,42,,,0,209,,73501,42,,,0,224,,73500,42,,,0
5401,'5015',752,,73509,42,,,0,201,,73506,42,,,0,251,,73507,42,,,0,205,,73508,42,,,0,211,,73505,42,,,0,209,,73504,42,,,0,224,,73503,42,,,0
5401,'5222',557,,73510,42,,,0,170,,73513,42,,,0,132,,73514,42,,,0,256,,73515,42,,,0,198,,73511,42,,,0,131,,73516,42,,,0,106,,73512,42,,,0,185,,73517,42,,,0,190,,73518,42,,,0,199,,73519,42,,,0
5401,'5365',751,,73522,42,,,0,201,,73523,42,,,0,252,,73520,42,,,0,205,,73521,42,,,0,210,,73524,42,,,0,210,,73526,42,,,0,224,,73525,42,,,0
5401,'5390',751,,73529,42,,,0,201,,73530,42,,,0,252,,73527,42,,,0,205,,73528,42,,,0,210,,73531,42,,,0,210,,73533,42,,,0,224,,73532,42,,,0
5501,'4623',655,,73582,38,,,0,169,,73583,38,,,0,205,,73588,38,,,0,176,,73584,38,,,0,200,,73585,38,,,0,107,,73586,38,,,0,195,,73587,38,,,0,193,,73590,38,,,0,152,,73589,38,,,0
5501,'4833',857,,73595,38,,,0,251,,73592,38,,,0,207,,73593,38,,,0,206,,73594,38,,,0,209,,73591,38,,,0,203,,73596,38,,,0
5501,'5015',857,,73602,38,,,0,251,,73599,38,,,0,207,,73600,38,,,0,206,,73601,38,,,0,209,,73597,38,,,0,203,,73598,38,,,0
5501,'5222',655,,73603,38,,,0,169,,73604,38,,,0,205,,73609,38,,,0,176,,73605,38,,,0,200,,73606,38,,,0,107,,73607,38,,,0,195,,73608,38,,,0,193,,73611,38,,,0,152,,73610,38,,,0
5501,'5365',855,,73612,38,,,0,252,,73614,38,,,0,207,,73615,38,,,0,205,,73613,38,,,0,210,,73617,38,,,0,203,,73616,38,,,0
5501,'5390',855,,73618,38,,,0,252,,73620,38,,,0,207,,73621,38,,,0,205,,73619,38,,,0,210,,73623,38,,,0,203,,73622,38,,,0
