8700,'4744',731,,18010,,,0,201,,18009,,,0,200,,18011,,,0,205,,18015,,,0,195,,18013,,,0,202,,18014,,,0
8700,'4947',731,,18017,,,0,201,,18016,,,0,200,,18018,,,0,205,,18022,,,0,195,,18020,,,0,202,,18021,,,0
8700,'4952',731,,18024,,,0,201,,18023,,,0,200,,18025,,,0,205,,18029,,,0,195,,18027,,,0,202,,18028,,,0
8701,'4744',638,,18030,,,0,199,,18031,,,0,201,,18032,,,0,200,,18033,,,0,199,,18034,,,0,203,,18035,,,0
8701,'4947',638,,18036,,,0,199,,18037,,,0,201,,18038,,,0,200,,18039,,,0,199,,18040,,,0,203,,18041,,,0
8701,'4952',638,,18042,,,0,199,,18043,,,0,201,,18044,,,0,200,,18045,,,0,199,,18046,,,0,203,,18047,,,0
8800,'4487',807,,18056,,,0,98,,18057,,,0,100,,18058,,,0,100,,18059,,,0,99,,18060,,,0,99,,18061,,,0,100,,18052,,,0,100,,18053,,,0,101,,18054,,,0,100,,18055,,,0,98,,18049,,,0,100,,18050,,,0,102,,18051,,,0,100,,18048,,,0
8800,'4744',832,,18076,,,0,200,,18077,,,0,200,,18078,,,0,200,,18079,,,0,200,,18080,,,0,207,,18081,,,0
8800,'4745',807,,18090,,,0,94,,18091,,,0,100,,18092,,,0,100,,18093,,,0,101,,18094,,,0,100,,18095,,,0,99,,18086,,,0,100,,18087,,,0,100,,18088,,,0,101,,18089,,,0,102,,18083,,,0,99,,18084,,,0,100,,18085,,,0,98,,18082,,,0
8800,'4947',832,,18096,,,0,200,,18097,,,0,200,,18098,,,0,200,,18099,,,0,200,,18100,,,0,207,,18101,,,0
8800,'4952',832,,18102,,,0,200,,18103,,,0,200,,18104,,,0,200,,18105,,,0,200,,18106,,,0,207,,18107,,,0
8800,'4953',807,,18116,,,0,98,,18117,,,0,100,,18118,,,0,100,,18119,,,0,99,,18120,,,0,99,,18121,,,0,100,,18112,,,0,100,,18113,,,0,101,,18114,,,0,100,,18115,,,0,98,,18109,,,0,100,,18110,,,0,102,,18111,,,0,100,,18108,,,0
8800,'4954',807,,18130,,,0,94,,18131,,,0,100,,18132,,,0,100,,18133,,,0,101,,18134,,,0,100,,18135,,,0,99,,18126,,,0,100,,18127,,,0,100,,18128,,,0,101,,18129,,,0,102,,18123,,,0,99,,18124,,,0,100,,18125,,,0,98,,18122,,,0
8801,'4487',804,,18146,4,,0,99,,18147,4,,0,99,,18148,4,,0,100,,18149,4,,0,99,,18140,4,,0,100,,18141,4,,0,100,,18142,4,,0,100,,18143,4,,0,101,,18144,4,,0,100,,18145,4,,0,98,,18137,4,,0,100,,18138,4,,0,102,,18139,4,,0,100,,18136,4,,0
8801,'4744',729,,18164,4,,0,201,,18165,4,,0,200,,18166,4,,0,200,,18167,4,,0,200,,18168,4,,0,205,,18169,4,,0,102,,18170,4,,0
8801,'4745',805,,18179,4,,0,54,,18180,4,,0,100,,18181,4,,0,100,,18182,4,,0,141,,18183,4,,0,100,,18184,4,,0,59,,18174,4,,0,100,,18175,4,,0,100,,18176,4,,0,141,,18177,4,,0,102,,18178,4,,0,99,,18172,4,,0,100,,18173,4,,0,58,,18171,4,,0
8801,'4947',729,,18185,4,,0,201,,18186,4,,0,200,,18187,4,,0,200,,18188,4,,0,200,,18189,4,,0,205,,18190,4,,0,102,,18191,4,,0
8801,'4952',729,,18192,4,,0,201,,18193,4,,0,200,,18194,4,,0,200,,18195,4,,0,200,,18196,4,,0,205,,18197,4,,0,102,,18198,4,,0
8801,'4953',804,,18209,4,,0,99,,18210,4,,0,99,,18211,4,,0,100,,18212,4,,0,99,,18203,4,,0,100,,18204,4,,0,100,,18205,4,,0,100,,18206,4,,0,101,,18207,4,,0,100,,18208,4,,0,98,,18200,4,,0,100,,18201,4,,0,102,,18202,4,,0,100,,18199,4,,0
8801,'4954',805,,18221,4,,0,54,,18222,4,,0,100,,18223,4,,0,100,,18224,4,,0,141,,18225,4,,0,100,,18226,4,,0,59,,18216,4,,0,100,,18217,4,,0,100,,18218,4,,0,141,,18219,4,,0,102,,18220,4,,0,99,,18214,4,,0,100,,18215,4,,0,58,,18213,4,,0
1008800,'4744',625,,19959,,,0,181,,19960,,,0,96,,19961,,,0,100,,19962,,,0,100,,19963,,,0,100,,19964,,,0,100,,19965,,,0,100,,19966,,,0,100,,19967,,,0,100,,19968,,,0,100,,19969,,,0,107,,19970,,,0,98,,19971,,,0,30,,19972,,,0,70,,19973,,,0,31,,19974,,,0,70,,19975,,,0
1008800,'4947',625,,19976,,,0,181,,19977,,,0,96,,19978,,,0,100,,19979,,,0,100,,19980,,,0,100,,19981,,,0,100,,19982,,,0,100,,19983,,,0,100,,19984,,,0,100,,19985,,,0,100,,19986,,,0,107,,19987,,,0,98,,19988,,,0,30,,19989,,,0,70,,19990,,,0,31,,19991,,,0,70,,19992,,,0
1008800,'4952',625,,19993,,,0,181,,19994,,,0,96,,19995,,,0,100,,19996,,,0,100,,19997,,,0,100,,19998,,,0,100,,19999,,,0,100,,20000,,,0,100,,20001,,,0,100,,20002,,,0,100,,20003,,,0,107,,20004,,,0,98,,20005,,,0,30,,20006,,,0,70,,20007,,,0,31,,20008,,,0,70,,20009,,,0
1008801,'4744',656,,20011,4,,0,148,,20012,4,,0,96,,20013,4,,0,100,,20014,4,,0,100,,20010,4,,0,100,,20015,4,,0,100,,20016,4,,0,100,,20017,4,,0,100,,20018,4,,0,100,,20019,4,,0,100,,20020,4,,0,107,,20021,4,,0,98,,20022,4,,0,30,,20023,4,,0,101,,20024,4,,0
1008801,'4947',656,,20026,4,,0,148,,20027,4,,0,96,,20028,4,,0,100,,20029,4,,0,100,,20025,4,,0,100,,20030,4,,0,100,,20031,4,,0,100,,20032,4,,0,100,,20033,4,,0,100,,20034,4,,0,100,,20035,4,,0,107,,20036,4,,0,98,,20037,4,,0,30,,20038,4,,0,101,,20039,4,,0
1008801,'4952',656,,20041,4,,0,148,,20042,4,,0,96,,20043,4,,0,100,,20044,4,,0,100,,20040,4,,0,100,,20045,4,,0,100,,20046,4,,0,100,,20047,4,,0,100,,20048,4,,0,100,,20049,4,,0,100,,20050,4,,0,107,,20051,4,,0,98,,20052,4,,0,30,,20053,4,,0,101,,20054,4,,0
