4800,'4623',624,,72848,15,,,0,27,,72847,15,,,0,70,,72846,15,,,0
4800,'5222',624,,72851,15,,,0,27,,72850,15,,,0,70,,72849,15,,,0
5200,'4623',510,,72979,30,,,0,31,,72988,30,,,0,74,,72968,30,,,0,18,,72956,30,,,0,23,,72980,30,,,0,61,,72961,30,,,0,28,,72989,30,,,0,74,,72969,30,,,0,27,,72957,30,,,0,68,,72981,30,,,0,32,,72962,30,,,0,67,,72990,30,,,0,30,,72963,30,,,0,75,,72970,30,,,0,33,,72958,30,,,0,71,,72982,30,,,0,29,,72964,30,,,0,78,,72971,30,,,0,74,,72959,30,,,0,32,,72983,30,,,0,70,,72965,30,,,0,34,,72972,30,,,0,73,,72973,30,,,0,30,,72960,30,,,0,67,,72984,30,,,0,28,,72966,30,,,0,74,,72974,30,,,0,29,,72975,30,,,0,75,,72985,30,,,0,28,,72967,30,,,0,69,,72977,30,,,0,29,,72976,30,,,0,71,,72986,30,,,0,94,,72978,30,,,0,100,,72987,30,,,0,100,,72991,30,,,0
5200,'4833',644,,73009,30,,,0,70,,73008,30,,,0,41,,73003,30,,,0,75,,73011,30,,,0,71,,73006,30,,,0,33,,72992,30,,,0,70,,72999,30,,,0,30,,73018,30,,,0,72,,72997,30,,,0,34,,72994,30,,,0,73,,73000,30,,,0,32,,73020,30,,,0,75,,72995,30,,,0,33,,72993,30,,,0,76,,73002,30,,,0,26,,73019,30,,,0,74,,72998,30,,,0,72,,73005,30,,,0,35,,73001,30,,,0,69,,73016,30,,,0,30,,72996,30,,,0,69,,73007,30,,,0,22,,73013,30,,,0,25,,73004,30,,,0,64,,73012,30,,,0,24,,73015,30,,,0,68,,73014,30,,,0,28,,73010,30,,,0,70,,73017,30,,,0,100,,73021,30,,,0,53,,73022,30,,,0,148,,73023,30,,,0
5200,'5015',644,,73041,30,,,0,70,,73040,30,,,0,41,,73035,30,,,0,75,,73043,30,,,0,71,,73038,30,,,0,33,,73024,30,,,0,70,,73031,30,,,0,30,,73050,30,,,0,72,,73029,30,,,0,34,,73026,30,,,0,73,,73032,30,,,0,32,,73052,30,,,0,75,,73027,30,,,0,33,,73025,30,,,0,76,,73034,30,,,0,26,,73051,30,,,0,74,,73030,30,,,0,72,,73037,30,,,0,35,,73033,30,,,0,69,,73048,30,,,0,30,,73028,30,,,0,69,,73039,30,,,0,22,,73045,30,,,0,25,,73036,30,,,0,64,,73044,30,,,0,24,,73047,30,,,0,68,,73046,30,,,0,28,,73042,30,,,0,70,,73049,30,,,0,100,,73053,30,,,0,53,,73054,30,,,0,148,,73055,30,,,0
5200,'5222',510,,73079,30,,,0,31,,73088,30,,,0,74,,73068,30,,,0,18,,73056,30,,,0,23,,73080,30,,,0,61,,73061,30,,,0,28,,73089,30,,,0,74,,73069,30,,,0,27,,73057,30,,,0,68,,73081,30,,,0,32,,73062,30,,,0,67,,73090,30,,,0,30,,73063,30,,,0,75,,73070,30,,,0,33,,73058,30,,,0,71,,73082,30,,,0,29,,73064,30,,,0,78,,73071,30,,,0,74,,73059,30,,,0,32,,73083,30,,,0,70,,73065,30,,,0,34,,73072,30,,,0,73,,73073,30,,,0,30,,73060,30,,,0,67,,73084,30,,,0,28,,73066,30,,,0,74,,73074,30,,,0,29,,73075,30,,,0,75,,73085,30,,,0,28,,73067,30,,,0,69,,73077,30,,,0,29,,73076,30,,,0,71,,73086,30,,,0,94,,73078,30,,,0,100,,73087,30,,,0,100,,73091,30,,,0
5200,'5365',714,,73113,30,,,0,32,,73095,30,,,0,81,,73098,30,,,0,31,,73112,30,,,0,72,,73106,30,,,0,72,,73094,30,,,0,31,,73097,30,,,0,72,,73108,30,,,0,31,,73102,30,,,0,72,,73093,30,,,0,33,,73096,30,,,0,70,,73111,30,,,0,31,,73104,30,,,0,78,,73092,30,,,0,29,,73100,30,,,0,74,,73110,30,,,0,34,,73103,30,,,0,73,,73119,30,,,0,29,,73099,30,,,0,70,,73109,30,,,0,28,,73105,30,,,0,70,,73107,30,,,0,29,,73101,30,,,0,69,,73115,30,,,0,79,,73114,30,,,0,99,,73116,30,,,0,98,,73118,30,,,0,106,,73117,30,,,0
5200,'5390',714,,73141,30,,,0,32,,73123,30,,,0,81,,73126,30,,,0,31,,73140,30,,,0,72,,73134,30,,,0,72,,73122,30,,,0,31,,73125,30,,,0,72,,73136,30,,,0,31,,73130,30,,,0,72,,73121,30,,,0,33,,73124,30,,,0,70,,73139,30,,,0,31,,73132,30,,,0,78,,73120,30,,,0,29,,73128,30,,,0,74,,73138,30,,,0,34,,73131,30,,,0,73,,73147,30,,,0,29,,73127,30,,,0,70,,73137,30,,,0,28,,73133,30,,,0,70,,73135,30,,,0,29,,73129,30,,,0,69,,73143,30,,,0,79,,73142,30,,,0,99,,73144,30,,,0,98,,73146,30,,,0,106,,73145,30,,,0
5901,'4623',705,,74129,29,,,0,31,,74122,29,,,0,104,,74123,29,,,0,103,,74124,29,,,0,101,,74125,29,,,0,96,,74130,29,,,0,103,,74131,29,,,0,104,,74132,29,,,0,105,,74133,29,,,0,104,,74126,29,,,0,80,,74127,29,,,0,83,,74134,29,,,0,83,,74135,29,,,0,41,,74128,29,,,0,103,,74136,29,,,0,104,,74138,29,,,0,154,,74137,29,,,0
5901,'4833',706,,74150,29,,,0,100,,74151,29,,,0,101,,74152,29,,,0,101,,74148,29,,,0,105,,74149,29,,,0,105,,74147,29,,,0,105,,74146,29,,,0,105,,74145,29,,,0,106,,74144,29,,,0,102,,74143,29,,,0,103,,74142,29,,,0,104,,74141,29,,,0,105,,74140,29,,,0,160,,74139,29,,,0
5901,'5015',706,,74164,29,,,0,100,,74165,29,,,0,101,,74166,29,,,0,101,,74162,29,,,0,105,,74163,29,,,0,105,,74161,29,,,0,105,,74160,29,,,0,105,,74159,29,,,0,106,,74158,29,,,0,102,,74157,29,,,0,103,,74156,29,,,0,104,,74155,29,,,0,105,,74154,29,,,0,160,,74153,29,,,0
5901,'5222',705,,74174,29,,,0,31,,74167,29,,,0,104,,74168,29,,,0,103,,74169,29,,,0,101,,74170,29,,,0,96,,74175,29,,,0,103,,74176,29,,,0,104,,74177,29,,,0,105,,74178,29,,,0,104,,74171,29,,,0,80,,74172,29,,,0,83,,74179,29,,,0,83,,74180,29,,,0,41,,74173,29,,,0,103,,74181,29,,,0,104,,74183,29,,,0,154,,74182,29,,,0
5901,'5365',806,,74185,29,,,0,101,,74184,29,,,0,101,,74186,29,,,0,105,,74188,29,,,0,105,,74187,29,,,0,105,,74191,29,,,0,105,,74192,29,,,0,106,,74190,29,,,0,102,,74189,29,,,0,103,,74195,29,,,0,104,,74194,29,,,0,105,,74196,29,,,0,160,,74193,29,,,0
5901,'5390',806,,74198,29,,,0,101,,74197,29,,,0,101,,74199,29,,,0,105,,74201,29,,,0,105,,74200,29,,,0,105,,74204,29,,,0,105,,74205,29,,,0,106,,74203,29,,,0,102,,74202,29,,,0,103,,74208,29,,,0,104,,74207,29,,,0,105,,74209,29,,,0,160,,74206,29,,,0
