4801,'5036',1711,,44678,42,,,0,27,,44679,42,,,0,71,,44680,42,,,0
4801,'5040',1711,,44681,42,,,0,27,,44682,42,,,0,71,,44683,42,,,0
5201,'5036',512,,44937,20,,,0,35,,44934,20,,,0,78,,44941,20,,,0,78,,44936,20,,,0,25,,44947,20,,,0,28,,44935,20,,,0,73,,44953,20,,,0,24,,44942,20,,,0,75,,44938,20,,,0,75,,44939,20,,,0,29,,44951,20,,,0,70,,44943,20,,,0,28,,44940,20,,,0,75,,44944,20,,,0,34,,44952,20,,,0,70,,44945,20,,,0,30,,44946,20,,,0,70,,44966,20,,,0,30,,44948,20,,,0,19,,44972,20,0,38 3 39,0,50,,44954,20,,,0,23,,44971,5,0,30 14,0,4,,44949,20,,,0,74,,44950,20,,,0,38,,44967,20,,,0,63,,44955,20,,,0,25,,44956,20,,,0,22,,44957,20,,,0,70,,44958,20,,,0,29,,44968,20,,,0,70,,44959,20,,,0,33,,44960,20,,,0,69,,44962,20,,,0,28,,44970,20,,,0,66,,44963,20,0,38 3 39,0,35,,44964,20,,,0,98,,44969,20,,,0,99,,44965,20,,,0
5201,'5040',512,,44976,20,,,0,35,,44973,20,,,0,78,,44980,20,,,0,78,,44975,20,,,0,25,,44986,20,,,0,28,,44974,20,,,0,73,,44992,20,,,0,24,,44981,20,,,0,75,,44977,20,,,0,75,,44978,20,,,0,29,,44990,20,,,0,70,,44982,20,,,0,28,,44979,20,,,0,75,,44983,20,,,0,34,,44991,20,,,0,70,,44984,20,,,0,30,,44985,20,,,0,70,,45005,20,,,0,25,,45010,5,0,30 14,0,5,,44987,20,,,0,19,,45011,20,0,38 3 39,0,50,,44993,20,,,0,27,,44988,20,,,0,74,,44989,20,,,0,38,,45006,20,,,0,63,,44994,20,,,0,25,,44995,20,,,0,22,,44996,20,,,0,70,,44997,20,,,0,29,,45007,20,,,0,70,,44998,20,,,0,33,,44999,20,,,0,69,,45001,20,,,0,28,,45009,20,,,0,66,,45002,20,0,38 3 39,0,35,,45003,20,,,0,98,,45008,20,,,0,99,,45004,20,,,0
5201,'5041',653,,45021,20,,,0,71,,45031,20,,,0,30,,45029,20,,,0,71,,45012,20,,,0,30,,45019,20,,,0,70,,45038,20,,,0,30,,45016,20,,,0,71,,45013,20,,,0,30,,45020,20,,,0,70,,45039,20,,,0,30,,45017,20,,,0,71,,45014,20,,,0,75,,45023,20,,,0,30,,45041,20,,,0,75,,45018,20,,,0,35,,45028,20,,,0,75,,45022,20,,,0,30,,45040,20,,,0,70,,45015,20,,,0,30,,45026,20,,,0,65,,45034,20,,,0,25,,45025,20,,,0,64,,45030,20,,,0,25,,45027,20,,,0,30,,45024,20,,,0,69,,45037,20,,,0,32,,45032,20,,,0,70,,45036,20,,,0,30,,45033,20,,,0,65,,45035,20,0,38 3 39,0,30,,45042,20,,,0,103,,45043,20,,,0,100,,45044,20,,,0
5201,'5078',724,,45050,20,,,0,30,,45066,20,,,0,70,,45058,20,,,0,31,,45046,20,,,0,70,,45053,20,,,0,30,,45060,20,,,0,71,,45055,20,,,0,30,,45047,20,,,0,70,,45052,20,,,0,30,,45061,20,,,0,70,,45057,20,,,0,75,,45045,20,,,0,30,,45051,20,,,0,75,,45064,20,,,0,35,,45056,20,,,0,75,,45071,20,,,0,30,,45049,20,,,0,70,,45063,20,,,0,30,,45054,20,,,0,70,,45059,20,,,0,30,,45048,20,,,0,70,,45062,20,,,0,39,,45065,20,,,0,100,,45067,20,,,0,100,,45068,20,,,0,100,,45069,20,,,0,100,,45070,20,,,0
5201,'5079',724,,45077,20,,,0,30,,45093,20,,,0,70,,45085,20,,,0,31,,45073,20,,,0,70,,45080,20,,,0,30,,45087,20,,,0,71,,45082,20,,,0,30,,45074,20,,,0,70,,45079,20,,,0,30,,45088,20,,,0,70,,45084,20,,,0,75,,45072,20,,,0,30,,45078,20,,,0,75,,45091,20,,,0,35,,45083,20,,,0,75,,45098,20,,,0,30,,45076,20,,,0,70,,45090,20,,,0,30,,45081,20,,,0,70,,45086,20,,,0,30,,45075,20,,,0,70,,45089,20,,,0,39,,45092,20,,,0,100,,45094,20,,,0,100,,45095,20,,,0,100,,45096,20,,,0,100,,45097,20,,,0
5900,'5036',635,,45708,5,,,0,100,,45709,5,,,0,81,,45705,5,,,0,111,,45706,5,,,0,92,,45707,5,,,0,101,,45710,5,,,0,102,,45711,5,,,0,103,,45712,5,,,0,111,,45713,5,,,0,100,,45714,5,,,0,87,,45715,5,,,0,84,,45716,5,,,0,41,,45721,5,,,0,84,,45717,5,,,0,99,,45718,5,,,0,99,,45719,5,,,0,110,,45720,5,,,0
5900,'5040',635,,45725,5,,,0,100,,45726,5,,,0,81,,45722,5,,,0,111,,45723,5,,,0,92,,45724,5,,,0,101,,45727,5,,,0,102,,45728,5,,,0,103,,45729,5,,,0,111,,45730,5,,,0,100,,45731,5,,,0,87,,45732,5,,,0,84,,45733,5,,,0,41,,45738,5,,,0,84,,45734,5,,,0,99,,45735,5,,,0,99,,45736,5,,,0,110,,45737,5,,,0
5900,'5041',744,,45752,5,,,0,101,,45751,5,,,0,101,,45750,5,,,0,101,,45749,5,,,0,105,,45748,5,,,0,106,,45747,5,,,0,146,,45746,5,,,0,105,,45745,5,,,0,104,,45744,5,,,0,105,,45740,5,,,0,105,,45741,5,,,0,104,,45742,5,,,0,103,,45743,5,,,0,107,,45739,5,,,0
5900,'5078',744,,45753,5,,,0,100,,45754,5,,,0,101,,45755,5,,,0,101,,45757,5,,,0,106,,45756,5,,,0,105,,45761,5,,,0,145,,45759,5,,,0,107,,45760,5,,,0,105,,45758,5,,,0,105,,45763,5,,,0,103,,45764,5,,,0,105,,45762,5,,,0,103,,45765,5,,,0
5900,'5079',744,,45766,5,,,0,100,,45767,5,,,0,101,,45768,5,,,0,101,,45770,5,,,0,106,,45769,5,,,0,105,,45774,5,,,0,145,,45772,5,,,0,107,,45773,5,,,0,105,,45771,5,,,0,105,,45776,5,,,0,103,,45777,5,,,0,105,,45775,5,,,0,103,,45778,5,,,0
