301,'5036',610,,36945,15,,,0,37,,36943,25,,,0,76,,36942,25,,,0,79,,36944,25,,,0,42,,36941,25,,,0,75,,36934,25,,,0,36,,36933,25,,,0,71,,36932,25,,,0,30,,36935,25,,,0,70,,36930,25,,,0,31,,36931,25,,,0,71,,36937,25,,,0,75,,36929,25,,,0,30,,36928,25,,,0,70,,36936,25,,,0,32,,36927,25,,,0,73,,36926,25,,,0,35,,36938,25,,,0,74,,36925,25,,,0,35,,36924,25,,,0,73,,36940,25,,,0,31,,36923,25,,,0,74,,36922,25,,,0,24,,36939,25,,,0,69,,36921,25,,,0,30,,36920,25,,,0,65,,36918,25,,,0,24,,36919,25,,,0,70,,36917,25,,,0
301,'5040',610,,36974,15,,,0,37,,36972,25,,,0,76,,36971,25,,,0,79,,36973,25,,,0,42,,36970,25,,,0,75,,36963,25,,,0,36,,36962,25,,,0,71,,36961,25,,,0,30,,36964,25,,,0,70,,36959,25,,,0,31,,36960,25,,,0,71,,36966,25,,,0,75,,36958,25,,,0,30,,36957,25,,,0,70,,36965,25,,,0,32,,36956,25,,,0,73,,36955,25,,,0,35,,36967,25,,,0,74,,36954,25,,,0,35,,36953,25,,,0,73,,36969,25,,,0,31,,36952,25,,,0,74,,36951,25,,,0,24,,36968,25,,,0,69,,36950,25,,,0,30,,36949,25,,,0,65,,36947,25,,,0,24,,36948,25,,,0,70,,36946,25,,,0
301,'5041',726,,36996,25,,,0,30,,36982,25,,,0,71,,36975,25,,,0,30,,36988,25,,,0,71,,36983,25,,,0,31,,36999,25,,,0,71,,36987,25,,,0,71,,36976,25,,,0,29,,36998,25,,,0,70,,36990,25,,,0,32,,36978,25,,,0,70,,37000,25,,,0,30,,36989,25,,,0,71,,36977,25,,,0,30,,36984,25,,,0,74,,36981,25,,,0,33,,36979,25,,,0,78,,36980,25,,,0,28,,36985,25,,,0,76,,36991,25,,,0,24,,36986,25,,,0,74,,36993,25,,,0,28,,36992,25,,,0,71,,36994,25,,,0,24,,36995,25,,,0,70,,37001,25,,,0,30,,36997,25,,,0,69,,37002,25,,,0
301,'5078',741,,37016,25,,,0,86,,37004,25,,,0,80,,37017,25,,,0,46,,37010,25,,,0,76,,37015,25,,,0,80,,37003,25,,,0,20,,37011,25,,,0,71,,37006,25,,,0,29,,37005,25,,,0,30,,37012,25,,,0,72,,37009,25,,,0,70,,37008,25,,,0,30,,37007,25,,,0,77,,37013,25,,,0,28,,37014,25,,,0,81,,37020,25,,,0,23,,37018,25,,,0,73,,37019,25,,,0,26,,37024,25,,,0,70,,37022,25,,,0,29,,37021,25,,,0,70,,37023,25,,,0,30,,37025,25,,,0,74,,37026,25,,,0
301,'5079',741,,37040,25,,,0,86,,37028,25,,,0,80,,37041,25,,,0,46,,37034,25,,,0,76,,37039,25,,,0,80,,37027,25,,,0,20,,37035,25,,,0,71,,37030,25,,,0,29,,37029,25,,,0,30,,37036,25,,,0,72,,37033,25,,,0,70,,37032,25,,,0,30,,37031,25,,,0,77,,37037,25,,,0,28,,37038,25,,,0,81,,37044,25,,,0,23,,37042,25,,,0,73,,37043,25,,,0,26,,37048,25,,,0,70,,37046,25,,,0,29,,37045,25,,,0,70,,37047,25,,,0,30,,37049,25,,,0,74,,37050,25,,,0
14000701,'5036',2143,,48777,13,,,0,72,,48775,13,,,0,29,,48778,13,,,0,70,,48776,13,,,0,36,,48779,13,,,0,68,,48780,13,,,0
14000701,'5040',2143,,48783,13,,,0,72,,48781,13,,,0,29,,48784,13,,,0,70,,48782,13,,,0,36,,48785,13,,,0,68,,48786,13,,,0
14000701,'5041',2144,,48787,13,,,0,72,,48788,13,,,0,30,,48790,13,,,0,69,,48789,13,,,0,36,,48791,13,,,0,67,,48792,13,,,0
14000701,'5078',2043,,48793,13,,,0,70,,48795,13,,,0,40,,48794,13,,,0,62,,48796,13,,,0,100,,48797,13,,,0,103,,48798,13,,,0
14000701,'5079',2043,,48799,13,,,0,70,,48801,13,,,0,40,,48800,13,,,0,62,,48802,13,,,0,100,,48803,13,,,0,103,,48804,13,,,0
