7500,'4487',701,,17178,0,13 14,0,54,,17179,0,42 43,0,99,,17180,0,42 43,0,99,,17177,0,42 43,0,98,,17181,0,42 43,0,101,,17182,0,42 43,0,70,,17183,0,13 14,0,30,,17184,0,42 43,0,70,,17185,0,13 14,0,31,,17186,0,42 43,0,64,,17187,0,13 14,0,36,,17188,0,42 43,0,70,,17189,0,13 14,0,30,,17190,0,42 43,0,71,,17191,0,13 14,0,30,,17192,0,42 43,0,100,,17193,0,42 43,0,102,,17194,0,42 43,0,101,,17195,0,42 43,0,99,,17196,0,42 43,0,100,,17197,0,13 14,0,102,,17198,0,13 14,0,100,,17199,0,13 14,0
7500,'4743',701,,17201,0,13 14,0,54,,17202,0,42 43,0,99,,17203,0,42 43,0,99,,17200,0,42 43,0,98,,17204,0,42 43,0,101,,17205,0,42 43,0,70,,17206,0,13 14,0,30,,17207,0,42 43,0,70,,17208,0,13 14,0,31,,17209,0,42 43,0,64,,17210,0,13 14,0,36,,17211,0,42 43,0,70,,17212,0,13 14,0,30,,17213,0,42 43,0,71,,17214,0,13 14,0,30,,17215,0,42 43,0,100,,17216,0,42 43,0,102,,17217,0,42 43,0,101,,17218,0,42 43,0,99,,17219,0,42 43,0,100,,17220,0,13 14,0,102,,17221,0,13 14,0,100,,17222,0,13 14,0
7500,'4744',543,,17224,0,42 43,0,58,,17225,0,13 14,0,19,,17226,0,13 14,0,20,,17227,0,13 14,0,17,,17223,0,13 14,0,58,,17228,0,13 14,0,15,,17229,0,42 43,0,18,,17230,0,13 14,0,8,,17230,0,13 14,0,53,,17231,0,13 14,0,21,,17232,0,13 14,0,21,,17233,0,42 43,0,68,,17234,0,13 14,0,30,,17235,0,42 43,0,76,,17236,0,13 14,0,25,,17237,0,42 43,0,70,,17238,0,13 14,0,30,,17239,0,42 43,0,70,,17240,0,13 14,0,30,,17241,0,42 43,0,70,,17242,0,13 14,0,29,,17243,0,42 43,0,70,,17244,0,13 14,0,26,,17245,0,42 43,0,70,,17246,0,42 43,0,34,,17247,0,42 43,0,70,,17248,0,13 14,0,31,,17249,0,42 43,0,59,,17250,0,13 14,0,8,,17250,0,13 14,0,11,,17251,0,42 43,0,8,,17251,0,42 43,0,18,,17252,0,13 14,0,48,,17252,0,13 14,0,3,,17253,0,13 14,0,8,,17253,0,13 14,0,18,,17254,0,13 14,0,14,,17255,0,42 43,0,8,,17255,0,42 43,0,64,,17256,0,13 14,0,37,,17257,0,42 43,0,105,,17258,0,42 43,0,96,,17259,0,13 14,0,101,,17260,0,13 14,0,147,,17261,0,13 14,0
7500,'4745',655,,17262,0,13 14,0,99,,17263,0,42 43,0,101,,17264,0,42 43,0,99,,17265,0,42 43,0,98,,17266,0,42 43,0,100,,17267,0,42 43,0,70,,17268,0,13 14,0,30,,17269,0,42 43,0,71,,17270,0,13 14,0,30,,17271,0,42 43,0,70,,17272,0,13 14,0,30,,17273,0,42 43,0,70,,17274,0,13 14,0,30,,17275,0,42 43,0,100,,17276,0,42 43,0,101,,17277,0,42 43,0,102,,17278,0,42 43,0,102,,17279,0,42 43,0,142,,17280,0,42 43,0,56,,17281,0,13 14,0,171,,17282,0,13 14,0
7500,'4870',543,,17284,0,42 43,0,58,,17285,0,13 14,0,19,,17286,0,13 14,0,20,,17287,0,13 14,0,17,,17283,0,13 14,0,58,,17288,0,13 14,0,15,,17289,0,42 43,0,18,,17290,0,13 14,0,8,,17290,0,13 14,0,53,,17291,0,13 14,0,21,,17292,0,13 14,0,21,,17293,0,42 43,0,68,,17294,0,13 14,0,30,,17295,0,42 43,0,76,,17296,0,13 14,0,25,,17297,0,42 43,0,70,,17298,0,13 14,0,30,,17299,0,42 43,0,70,,17300,0,13 14,0,30,,17301,0,42 43,0,70,,17302,0,13 14,0,29,,17303,0,42 43,0,70,,17304,0,13 14,0,26,,17305,0,42 43,0,70,,17306,0,42 43,0,34,,17307,0,42 43,0,70,,17308,0,13 14,0,31,,17309,0,42 43,0,104,,17310,0,13 14,0,48,,17310,0,13 14,0,3,,17311,0,13 14,0,8,,17311,0,13 14,0,18,,17312,0,13 14,0,14,,17313,0,42 43,0,8,,17313,0,42 43,0,64,,17314,0,13 14,0,37,,17315,0,42 43,0,105,,17316,0,42 43,0,197,,17317,0,13 14,0,147,,17318,0,13 14,0
7500,'4872',1709,,17319,0,13 14,0,8,,17319,0,13 14,0,11,,17320,0,42 43,0,8,,17320,0,42 43,0,419,,17321,0,13 14,0
7500,'4873',1709,,17322,0,13 14,0,8,,17322,0,13 14,0,11,,17323,0,42 43,0,8,,17323,0,42 43,0,419,,17324,0,13 14,0
7500,'4875',543,,17326,0,42 43,0,58,,17327,0,13 14,0,19,,17328,0,13 14,0,20,,17329,0,13 14,0,17,,17325,0,13 14,0,58,,17330,0,13 14,0,15,,17331,0,42 43,0,18,,17332,0,13 14,0,8,,17332,0,13 14,0,53,,17333,0,13 14,0,21,,17334,0,13 14,0,21,,17335,0,42 43,0,68,,17336,0,13 14,0,30,,17337,0,42 43,0,76,,17338,0,13 14,0,25,,17339,0,42 43,0,70,,17340,0,13 14,0,30,,17341,0,42 43,0,70,,17342,0,13 14,0,30,,17343,0,42 43,0,70,,17344,0,13 14,0,29,,17345,0,42 43,0,70,,17346,0,13 14,0,26,,17347,0,42 43,0,70,,17348,0,42 43,0,34,,17349,0,42 43,0,70,,17350,0,13 14,0,31,,17351,0,42 43,0,59,,17352,0,13 14,0,8,,17352,0,13 14,0,11,,17353,0,42 43,0,8,,17353,0,42 43,0,18,,17354,0,13 14,0,48,,17354,0,13 14,0,3,,17355,0,13 14,0,8,,17355,0,13 14,0,18,,17356,0,13 14,0,14,,17357,0,42 43,0,8,,17357,0,42 43,0,64,,17358,0,13 14,0,37,,17359,0,42 43,0,105,,17360,0,42 43,0,96,,17361,0,13 14,0,101,,17362,0,13 14,0,147,,17363,0,13 14,0
7500,'4876',701,,17365,0,13 14,0,54,,17366,0,42 43,0,99,,17367,0,42 43,0,99,,17364,0,42 43,0,98,,17368,0,42 43,0,101,,17369,0,42 43,0,70,,17370,0,13 14,0,30,,17371,0,42 43,0,70,,17372,0,13 14,0,31,,17373,0,42 43,0,64,,17374,0,13 14,0,36,,17375,0,42 43,0,70,,17376,0,13 14,0,30,,17377,0,42 43,0,71,,17378,0,13 14,0,30,,17379,0,42 43,0,100,,17380,0,42 43,0,102,,17381,0,42 43,0,101,,17382,0,42 43,0,99,,17383,0,42 43,0,100,,17384,0,13 14,0,102,,17385,0,13 14,0,100,,17386,0,13 14,0
7500,'4877',655,,17387,0,13 14,0,99,,17388,0,42 43,0,101,,17389,0,42 43,0,99,,17390,0,42 43,0,98,,17391,0,42 43,0,100,,17392,0,42 43,0,70,,17393,0,13 14,0,30,,17394,0,42 43,0,71,,17395,0,13 14,0,30,,17396,0,42 43,0,70,,17397,0,13 14,0,30,,17398,0,42 43,0,70,,17399,0,13 14,0,30,,17400,0,42 43,0,100,,17401,0,42 43,0,101,,17402,0,42 43,0,102,,17403,0,42 43,0,102,,17404,0,42 43,0,142,,17405,0,42 43,0,56,,17406,0,13 14,0,171,,17407,0,13 14,0
7501,'4487',625,,17408,0,28 29 14,0,112,,17409,,,0,100,,17410,,,0,108,,17411,,,0,103,,17412,,,0,100,,17413,,,0,70,,17414,,,0,30,,17415,,,0,70,,17416,,,0,30,,17417,,,0,74,,17418,,,0,30,,17419,,,0,70,,17420,,,0,30,,17421,,,0,70,,17422,,,0,30,,17423,,,0,96,,17424,,,0,97,,17425,,,0,99,,17426,,,0,100,,17427,,,0,100,,17428,,,0,94,,17429,0,28 29 14,0,100,,17430,0,28 29 14,0
7501,'4743',625,,17431,0,28 29 14,0,112,,17432,,,0,100,,17433,,,0,108,,17434,,,0,103,,17435,,,0,100,,17436,,,0,70,,17437,,,0,30,,17438,,,0,70,,17439,,,0,30,,17440,,,0,74,,17441,,,0,30,,17442,,,0,70,,17443,,,0,30,,17444,,,0,70,,17445,,,0,30,,17446,,,0,96,,17447,,,0,97,,17448,,,0,99,,17449,,,0,100,,17450,,,0,100,,17451,,,0,94,,17452,0,28 29 14,0,100,,17453,0,28 29 14,0
7501,'4744',538,,17454,,,0,68,,17455,,,0,23,,17456,,,0,17,,17457,,,0,64,,17458,,,0,25,,17459,,,0,17,,17460,,,0,61,,17461,,,0,25,,17462,,,0,69,,17463,,,0,40,,17464,,,0,70,,17465,,,0,32,,17466,,,0,69,,17467,,,0,30,,17468,,,0,70,,17469,,,0,30,,17470,,,0,70,,17471,,,0,30,,17472,,,0,71,,17473,,,0,30,,17474,,,0,63,,17490,,,0,9,,17475,,,0,18,,17476,,,0,14,,17477,,,0,54,,17478,,,0,16,,17480,,,0,28,,17481,,,0,68,,17482,,,0,30,,17483,,,0,99,,17484,,,0,97,,17485,,,0,100,,17486,,,0,99,,17487,,,0,94,,17488,0,28 29 14,0,97,,17489,0,28 29 14,0
7501,'4745',736,,17492,0,28 29 14,0,102,,17493,,,0,105,,17494,,,0,101,,17495,,,0,102,,17496,,,0,71,,17497,,,0,30,,17498,,,0,70,,17499,,,0,30,,17500,,,0,70,,17501,,,0,31,,17502,,,0,70,,17503,,,0,30,,17504,,,0,100,,17505,,,0,102,,17506,,,0,100,,17507,,,0,100,,17508,,,0,99,,17509,,,0,100,,17510,,,0,90,,17511,0,28 29 14,0,112,,17512,0,28 29 14,0
7501,'4870',538,,17513,,,0,68,,17514,,,0,23,,17515,,,0,17,,17516,,,0,64,,17517,,,0,25,,17518,,,0,17,,17519,,,0,61,,17520,,,0,25,,17521,,,0,69,,17522,,,0,40,,17523,,,0,70,,17524,,,0,32,,17525,,,0,69,,17526,,,0,30,,17527,,,0,70,,17528,,,0,30,,17529,,,0,70,,17530,,,0,30,,17531,,,0,71,,17532,,,0,30,,17533,,,0,63,,17547,,,0,9,,17534,,,0,18,,17535,,,0,14,,17536,,,0,54,,17537,,,0,16,,17539,,,0,28,,17540,,,0,68,,17541,,,0,30,,17542,,,0,99,,17543,,,0,197,,17544,,,0,99,,17545,,,0,191,,17546,0,28 29 14,0
7501,'4872',1945,,17548,,,0,293,,17549,0,28 29 14,0
7501,'4873',1945,,17550,,,0,293,,17551,0,28 29 14,0
7501,'4875',538,,17552,,,0,68,,17553,,,0,23,,17554,,,0,17,,17555,,,0,64,,17556,,,0,25,,17557,,,0,17,,17558,,,0,61,,17559,,,0,25,,17560,,,0,69,,17561,,,0,40,,17562,,,0,70,,17563,,,0,32,,17564,,,0,69,,17565,,,0,30,,17566,,,0,70,,17567,,,0,30,,17568,,,0,70,,17569,,,0,30,,17570,,,0,71,,17571,,,0,30,,17572,,,0,63,,17588,,,0,9,,17573,,,0,18,,17574,,,0,14,,17575,,,0,54,,17576,,,0,16,,17578,,,0,28,,17579,,,0,68,,17580,,,0,30,,17581,,,0,99,,17582,,,0,97,,17583,,,0,100,,17584,,,0,99,,17585,,,0,94,,17586,0,28 29 14,0,97,,17587,0,28 29 14,0
7501,'4876',625,,17589,0,28 29 14,0,112,,17590,,,0,100,,17591,,,0,108,,17592,,,0,103,,17593,,,0,100,,17594,,,0,70,,17595,,,0,30,,17596,,,0,70,,17597,,,0,30,,17598,,,0,74,,17599,,,0,30,,17600,,,0,70,,17601,,,0,30,,17602,,,0,70,,17603,,,0,30,,17604,,,0,96,,17605,,,0,97,,17606,,,0,99,,17607,,,0,100,,17608,,,0,100,,17609,,,0,94,,17610,0,28 29 14,0,100,,17611,0,28 29 14,0
7501,'4877',736,,17613,0,28 29 14,0,102,,17614,,,0,105,,17615,,,0,101,,17616,,,0,102,,17617,,,0,71,,17618,,,0,30,,17619,,,0,70,,17620,,,0,30,,17621,,,0,70,,17622,,,0,31,,17623,,,0,70,,17624,,,0,30,,17625,,,0,100,,17626,,,0,102,,17627,,,0,100,,17628,,,0,100,,17629,,,0,99,,17630,,,0,100,,17631,,,0,90,,17632,0,28 29 14,0,112,,17633,0,28 29 14,0
8300,'4487',1102,,17882,,,0,300,,17883,,,0,303,,17881,,,0,300,,17880,,,0
8300,'4743',1102,,17886,,,0,300,,17887,,,0,303,,17885,,,0,300,,17884,,,0
8300,'4744',715,,17888,,,0,204,,17889,,,0,140,,17890,,,0,247,,17891,,,0,199,,17892,,,0,213,,17893,,,0,206,,17894,,,0
8300,'4745',1101,,17897,,,0,300,,17898,,,0,304,,17896,,,0,300,,17895,,,0
8300,'4870',715,,17899,,,0,204,,17900,,,0,140,,17901,,,0,247,,17902,,,0,199,,17903,,,0,213,,17904,,,0,206,,17905,,,0
8300,'4875',715,,17906,,,0,204,,17907,,,0,140,,17908,,,0,247,,17909,,,0,199,,17910,,,0,213,,17911,,,0,206,,17912,,,0
8300,'4876',1102,,17915,,,0,300,,17916,,,0,303,,17914,,,0,300,,17913,,,0
8300,'4877',1101,,17919,,,0,300,,17920,,,0,304,,17918,,,0,300,,17917,,,0
