7201,'4487',727,,16920,,,0,99,,16921,,,0,33,,16922,,,0,71,,16923,,,0,70,,16924,,,0,31,,16925,,,0,69,,16926,,,0,31,,16927,,,0,70,,16928,,,0,30,,16919,,,0,70,,16929,,,0,30,,16930,,,0,71,,16931,,,0,34,,16932,,,0,71,,16933,,,0,29,,16934,,,0,71,,16935,,,0,29,,16936,,,0,66,,16937,,,0,28,,16938,,,0,70,,16939,,,0,29,,16940,,,0,30,,16941,,,0,69,,16942,,,0,30,,16943,,,0,71,,16944,,,0,29,,16945,,,0,70,,16946,,,0,101,,16947,,,0,98,,16948,,,0,99,,16949,,,0
7201,'4743',727,,16951,,,0,99,,16952,,,0,33,,16953,,,0,71,,16954,,,0,70,,16955,,,0,31,,16956,,,0,69,,16957,,,0,31,,16958,,,0,70,,16959,,,0,30,,16950,,,0,70,,16960,,,0,30,,16961,,,0,71,,16962,,,0,34,,16963,,,0,71,,16964,,,0,29,,16965,,,0,71,,16966,,,0,29,,16967,,,0,66,,16968,,,0,28,,16969,,,0,70,,16970,,,0,29,,16971,,,0,30,,16972,,,0,69,,16973,,,0,30,,16974,,,0,71,,16975,,,0,29,,16976,,,0,70,,16977,,,0,101,,16978,,,0,98,,16979,,,0,99,,16980,,,0
7201,'4744',558,,17008,,,0,80,,16998,,,0,70,,17009,,,0,32,,17000,,,0,72,,16984,,,0,20,,16985,,,0,27,,17007,,,0,70,,17013,,,0,30,,16991,,,0,70,,17006,,,0,30,,16999,,,0,73,,16981,,,0,70,,17010,,,0,30,,16997,,,0,71,,16989,,,0,30,,16982,,,0,70,,16983,,,0,31,,16990,,,0,71,,16988,,,0,30,,17014,,,0,71,,16987,,,0,27,,16992,,,0,69,,16996,,,0,32,,16994,,,0,70,,16995,,,0,28,,16993,,,0,70,,17015,,,0,29,,17002,,,0,70,,17003,,,0,30,,17001,,,0,70,,17004,,,0,30,,17005,,,0,97,,17012,,,0,99,,17011,,,0,99,,17016,,,0
7201,'4745',726,,17018,,,0,100,,17019,,,0,100,,17020,,,0,105,,17021,,,0,100,,17022,,,0,70,,17023,,,0,30,,17017,,,0,69,,17024,,,0,30,,17025,,,0,70,,17026,,,0,30,,17027,,,0,71,,17028,,,0,30,,17029,,,0,70,,17030,,,0,29,,17031,,,0,70,,17032,,,0,34,,17033,,,0,70,,17034,,,0,30,,17035,,,0,70,,17036,,,0,30,,17037,,,0,69,,17038,,,0,30,,17039,,,0,70,,17040,,,0,30,,17041,,,0,100,,17042,,,0,99,,17043,,,0
7201,'4870',558,,17068,,,0,80,,17058,,,0,70,,17069,,,0,32,,17060,,,0,72,,17047,,,0,47,,17067,,,0,70,,17073,,,0,30,,17052,,,0,70,,17066,,,0,30,,17059,,,0,73,,17044,,,0,70,,17070,,,0,30,,17057,,,0,71,,17051,,,0,30,,17045,,,0,70,,17046,,,0,102,,17050,,,0,30,,17074,,,0,71,,17049,,,0,27,,17053,,,0,69,,17056,,,0,32,,17055,,,0,98,,17054,,,0,70,,17075,,,0,29,,17062,,,0,70,,17063,,,0,30,,17061,,,0,70,,17064,,,0,30,,17065,,,0,97,,17072,,,0,99,,17071,,,0,99,,17076,,,0
7201,'4871',832,,17077,,,0,602,,17078,,,0,370,,17079,,,0
7201,'4874',832,,17081,,,0,605,,17080,,,0,367,,17082,,,0
7201,'4875',558,,17110,,,0,80,,17100,,,0,70,,17111,,,0,32,,17102,,,0,72,,17086,,,0,20,,17088,,,0,27,,17109,,,0,70,,17115,,,0,30,,17093,,,0,70,,17108,,,0,30,,17101,,,0,73,,17083,,,0,70,,17112,,,0,30,,17099,,,0,71,,17092,,,0,30,,17084,,,0,70,,17085,,,0,34,,17087,,,0,68,,17091,,,0,30,,17116,,,0,71,,17090,,,0,27,,17094,,,0,69,,17098,,,0,32,,17096,,,0,70,,17097,,,0,28,,17095,,,0,70,,17117,,,0,29,,17104,,,0,70,,17105,,,0,30,,17103,,,0,70,,17106,,,0,30,,17107,,,0,97,,17114,,,0,99,,17113,,,0,99,,17118,,,0
7201,'4876',727,,17120,,,0,99,,17121,,,0,33,,17122,,,0,71,,17123,,,0,70,,17124,,,0,31,,17125,,,0,69,,17126,,,0,31,,17127,,,0,70,,17128,,,0,30,,17119,,,0,70,,17129,,,0,30,,17130,,,0,71,,17131,,,0,34,,17132,,,0,71,,17133,,,0,29,,17134,,,0,71,,17135,,,0,29,,17136,,,0,66,,17137,,,0,28,,17138,,,0,70,,17139,,,0,29,,17140,,,0,30,,17141,,,0,69,,17142,,,0,30,,17143,,,0,71,,17144,,,0,29,,17145,,,0,70,,17146,,,0,101,,17147,,,0,98,,17148,,,0,99,,17149,,,0
7201,'4877',726,,17151,,,0,100,,17152,,,0,100,,17153,,,0,105,,17154,,,0,100,,17155,,,0,70,,17156,,,0,30,,17150,,,0,69,,17157,,,0,30,,17158,,,0,70,,17159,,,0,30,,17160,,,0,71,,17161,,,0,30,,17162,,,0,70,,17163,,,0,29,,17164,,,0,70,,17165,,,0,34,,17166,,,0,70,,17167,,,0,30,,17168,,,0,70,,17169,,,0,30,,17170,,,0,69,,17171,,,0,30,,17172,,,0,70,,17173,,,0,30,,17174,,,0,100,,17175,,,0,99,,17176,,,0
7501,'4487',732,,17409,,,0,100,,17410,,,0,108,,17411,,,0,103,,17412,,,0,100,,17413,,,0,70,,17414,,,0,30,,17415,,,0,70,,17416,,,0,30,,17417,,,0,74,,17418,,,0,30,,17419,,,0,70,,17420,,,0,30,,17421,,,0,70,,17422,,,0,30,,17423,,,0,96,,17424,,,0,97,,17425,,,0,99,,17426,,,0,100,,17427,,,0,100,,17428,,,0,94,,17429,0,28 29 14,0,100,,17430,0,28 29 14,0
7501,'4743',732,,17432,,,0,100,,17433,,,0,108,,17434,,,0,103,,17435,,,0,100,,17436,,,0,70,,17437,,,0,30,,17438,,,0,70,,17439,,,0,30,,17440,,,0,74,,17441,,,0,30,,17442,,,0,70,,17443,,,0,30,,17444,,,0,70,,17445,,,0,30,,17446,,,0,96,,17447,,,0,97,,17448,,,0,99,,17449,,,0,100,,17450,,,0,100,,17451,,,0,94,,17452,0,28 29 14,0,100,,17453,0,28 29 14,0
7501,'4744',534,,17454,,,0,68,,17455,,,0,23,,17456,,,0,17,,17457,,,0,63,,17458,,,0,25,,17459,,,0,17,,17460,,,0,60,,17461,,,0,25,,17462,,,0,70,,17463,,,0,40,,17464,,,0,70,,17465,,,0,32,,17466,,,0,69,,17467,,,0,30,,17468,,,0,70,,17469,,,0,30,,17470,,,0,70,,17471,,,0,30,,17472,,,0,70,,17473,,,0,30,,17474,,,0,63,,17490,,,0,9,,17475,,,0,18,,17476,,,0,14,,17477,,,0,54,,17478,,,0,16,,17480,,,0,28,,17481,,,0,68,,17482,,,0,30,,17483,,,0,99,,17484,,,0,98,,17485,,,0,100,,17486,,,0,99,,17487,,,0,94,,17488,0,28 29 14,0,98,,17489,0,28 29 14,0
7501,'4745',731,,17492,0,28 29 14,0,102,,17493,,,0,105,,17494,,,0,101,,17495,,,0,102,,17496,,,0,71,,17497,,,0,30,,17498,,,0,70,,17499,,,0,30,,17500,,,0,70,,17501,,,0,31,,17502,,,0,70,,17503,,,0,30,,17504,,,0,100,,17505,,,0,102,,17506,,,0,100,,17507,,,0,100,,17508,,,0,99,,17509,,,0,100,,17510,,,0,90,,17511,0,28 29 14,0,112,,17512,0,28 29 14,0
7501,'4870',534,,17513,,,0,68,,17514,,,0,23,,17515,,,0,17,,17516,,,0,63,,17517,,,0,25,,17518,,,0,17,,17519,,,0,60,,17520,,,0,25,,17521,,,0,70,,17522,,,0,40,,17523,,,0,70,,17524,,,0,32,,17525,,,0,69,,17526,,,0,30,,17527,,,0,70,,17528,,,0,30,,17529,,,0,70,,17530,,,0,30,,17531,,,0,70,,17532,,,0,30,,17533,,,0,63,,17547,,,0,9,,17534,,,0,18,,17535,,,0,14,,17536,,,0,54,,17537,,,0,16,,17539,,,0,28,,17540,,,0,68,,17541,,,0,30,,17542,,,0,99,,17543,,,0,198,,17544,,,0,99,,17545,,,0,192,,17546,0,28 29 14,0
7501,'4872',1940,,17548,,,0,293,,17549,0,28 29 14,0
7501,'4873',1940,,17550,,,0,293,,17551,0,28 29 14,0
7501,'4875',534,,17552,,,0,68,,17553,,,0,23,,17554,,,0,17,,17555,,,0,63,,17556,,,0,25,,17557,,,0,17,,17558,,,0,60,,17559,,,0,25,,17560,,,0,70,,17561,,,0,40,,17562,,,0,70,,17563,,,0,32,,17564,,,0,69,,17565,,,0,30,,17566,,,0,70,,17567,,,0,30,,17568,,,0,70,,17569,,,0,30,,17570,,,0,70,,17571,,,0,30,,17572,,,0,63,,17588,,,0,9,,17573,,,0,18,,17574,,,0,14,,17575,,,0,54,,17576,,,0,16,,17578,,,0,28,,17579,,,0,68,,17580,,,0,30,,17581,,,0,99,,17582,,,0,98,,17583,,,0,100,,17584,,,0,99,,17585,,,0,94,,17586,0,28 29 14,0,98,,17587,0,28 29 14,0
7501,'4876',732,,17590,,,0,100,,17591,,,0,108,,17592,,,0,103,,17593,,,0,100,,17594,,,0,70,,17595,,,0,30,,17596,,,0,70,,17597,,,0,30,,17598,,,0,74,,17599,,,0,30,,17600,,,0,70,,17601,,,0,30,,17602,,,0,70,,17603,,,0,30,,17604,,,0,96,,17605,,,0,97,,17606,,,0,99,,17607,,,0,100,,17608,,,0,100,,17609,,,0,94,,17610,0,28 29 14,0,100,,17611,0,28 29 14,0
7501,'4877',731,,17613,0,28 29 14,0,102,,17614,,,0,105,,17615,,,0,101,,17616,,,0,102,,17617,,,0,71,,17618,,,0,30,,17619,,,0,70,,17620,,,0,30,,17621,,,0,70,,17622,,,0,31,,17623,,,0,70,,17624,,,0,30,,17625,,,0,100,,17626,,,0,102,,17627,,,0,100,,17628,,,0,100,,17629,,,0,99,,17630,,,0,100,,17631,,,0,90,,17632,0,28 29 14,0,112,,17633,0,28 29 14,0
