7101,'5036',556,,46560,3,,,0,70,,46559,3,,,0,85,,46558,3,,,0
7101,'5040',556,,46563,3,,,0,70,,46562,3,,,0,85,,46561,3,,,0
7201,'5036',532,,46746,3,,,0,80,,46736,3,,,0,30,,46747,3,,,0,70,,46738,3,,,0,30,,46725,3,,,0,88,,46745,3,,,0,70,,46751,3,,,0,30,,46730,3,,,0,70,,46744,3,,,0,30,,46737,3,,,0,73,,46722,3,,,0,30,,46748,3,,,0,70,,46735,3,,,0,30,,46729,3,,,0,70,,46723,3,,,0,30,,46724,3,,,0,100,,46728,3,,,0,70,,46752,3,,,0,30,,46727,3,,,0,69,,46731,3,,,0,32,,46734,3,,,0,71,,46733,3,,,0,100,,46732,3,,,0,30,,46753,3,,,0,70,,46740,3,,,0,30,,46741,3,,,0,70,,46739,3,,,0,30,,46742,3,,,0,70,,46743,3,,,0,98,,46750,3,,,0,99,,46749,3,,,0,100,,46754,3,,,0
7201,'5040',532,,46782,3,,,0,80,,46772,3,,,0,30,,46783,3,,,0,70,,46774,3,,,0,30,,46758,3,,,0,61,,46760,3,,,0,27,,46781,3,,,0,70,,46787,3,,,0,30,,46765,3,,,0,70,,46780,3,,,0,30,,46773,3,,,0,73,,46755,3,,,0,30,,46784,3,,,0,70,,46771,3,,,0,30,,46764,3,,,0,70,,46756,3,,,0,30,,46757,3,,,0,70,,46759,3,,,0,30,,46763,3,,,0,70,,46788,3,,,0,30,,46762,3,,,0,69,,46766,3,,,0,32,,46770,3,,,0,71,,46768,3,,,0,30,,46769,3,,,0,70,,46767,3,,,0,30,,46789,3,,,0,70,,46776,3,,,0,30,,46777,3,,,0,70,,46775,3,,,0,30,,46778,3,,,0,70,,46779,3,,,0,98,,46786,3,,,0,99,,46785,3,,,0,100,,46790,3,,,0
7201,'5041',600,,46822,3,,,0,100,,46792,3,,,0,100,,46793,3,,,0,33,,46794,3,,,0,70,,46795,3,,,0,30,,46796,3,,,0,70,,46797,3,,,0,30,,46798,3,,,0,70,,46799,3,,,0,30,,46800,3,,,0,70,,46791,3,,,0,30,,46801,3,,,0,70,,46802,3,,,0,30,,46803,3,,,0,75,,46804,3,,,0,30,,46805,3,,,0,70,,46806,3,,,0,30,,46807,3,,,0,70,,46808,3,,,0,25,,46809,3,,,0,70,,46810,3,,,0,30,,46811,3,,,0,70,,46812,3,,,0,30,,46813,3,,,0,70,,46814,3,,,0,30,,46815,3,,,0,70,,46816,3,,,0,30,,46817,3,,,0,70,,46818,3,,,0,100,,46819,3,,,0,99,,46820,3,,,0,100,,46821,3,,,0
7201,'5074',803,,46823,3,,,0,600,,46824,3,,,0,332,,46825,3,,,0
7201,'5077',803,,46827,3,,,0,600,,46826,3,,,0,332,,46828,3,,,0
7201,'5078',700,,46830,3,,,0,100,,46831,3,,,0,100,,46832,3,,,0,103,,46833,3,,,0,100,,46834,3,,,0,30,,46835,3,,,0,70,,46829,3,,,0,30,,46836,3,,,0,70,,46837,3,,,0,30,,46839,3,,,0,70,,46840,3,,,0,30,,46841,3,,,0,70,,46838,3,,,0,30,,46842,3,,,0,70,,46843,3,,,0,30,,46844,3,,,0,75,,46845,3,,,0,28,,46846,3,,,0,72,,46847,3,,,0,30,,46848,3,,,0,70,,46849,3,,,0,30,,46850,3,,,0,70,,46851,3,,,0,30,,46852,3,,,0,70,,46853,3,,,0,95,,46854,3,,,0,100,,46855,3,,,0
7201,'5079',700,,46857,3,,,0,100,,46858,3,,,0,100,,46859,3,,,0,103,,46860,3,,,0,100,,46861,3,,,0,30,,46862,3,,,0,70,,46856,3,,,0,30,,46863,3,,,0,70,,46864,3,,,0,30,,46866,3,,,0,70,,46867,3,,,0,30,,46868,3,,,0,70,,46865,3,,,0,30,,46869,3,,,0,70,,46870,3,,,0,30,,46871,3,,,0,75,,46872,3,,,0,28,,46873,3,,,0,72,,46874,3,,,0,30,,46875,3,,,0,70,,46876,3,,,0,30,,46877,3,,,0,70,,46878,3,,,0,30,,46879,3,,,0,70,,46880,3,,,0,95,,46881,3,,,0,100,,46882,3,,,0
8101,'5036',653,,47266,3,,,0,250,,47268,3,,,0,103,,47269,3,,,0,97,,47270,3,,,0,100,,47271,3,,,0,100,,47272,3,,,0,100,,47273,3,,,0,100,,47274,3,,,0,100,,47275,3,,,0,100,,47276,3,,,0,100,,47277,3,,,0,100,,47278,3,,,0,101,,47279,3,,,0,99,,47280,3,,,0
8101,'5040',653,,47282,3,,,0,250,,47284,3,,,0,103,,47285,3,,,0,97,,47286,3,,,0,100,,47287,3,,,0,100,,47288,3,,,0,100,,47289,3,,,0,100,,47290,3,,,0,100,,47291,3,,,0,100,,47292,3,,,0,100,,47293,3,,,0,100,,47294,3,,,0,101,,47295,3,,,0,99,,47296,3,,,0
8101,'5041',903,,47297,3,,,0,102,,47298,3,,,0,100,,47299,3,,,0,100,,47300,3,,,0,100,,47301,3,,,0,103,,47302,3,,,0,100,,47303,3,,,0,100,,47304,3,,,0,97,,47305,3,,,0,98,,47306,3,,,0,100,,47307,3,,,0,100,,47308,3,,,0,100,,47309,3,,,0
8101,'5078',903,,47310,3,,,0,100,,47311,3,,,0,102,,47312,3,,,0,100,,47313,3,,,0,100,,47314,3,,,0,100,,47315,3,,,0,100,,47316,3,,,0,100,,47317,3,,,0,103,,47318,3,,,0,100,,47319,3,,,0,100,,47320,3,,,0,100,,47321,3,,,0,100,,47322,3,,,0
8101,'5079',903,,47323,3,,,0,100,,47324,3,,,0,102,,47325,3,,,0,100,,47326,3,,,0,100,,47327,3,,,0,100,,47328,3,,,0,100,,47329,3,,,0,100,,47330,3,,,0,103,,47331,3,,,0,100,,47332,3,,,0,100,,47333,3,,,0,100,,47334,3,,,0,100,,47335,3,,,0
