1001,'4623',607,,66237,6,0,46 37,0,40,,66236,6,0,46 37,0,74,,66228,6,0,46 37,0,34,,66227,6,0,46 37,0,84,,66230,6,0,46 37,0,82,,66226,6,0,46 37,0,95,,66235,6,0,46 37,0,115,,66231,6,0,46 37,0,90,,66225,6,0,46 37,0,35,,66229,6,0,46 37,0,85,,66224,6,0,46 37,0,80,,66234,6,0,46 37,0,92,,66223,6,0,46 37,0,40,,66232,6,0,46 37,0,89,,66222,6,0,46 37,0,83,,66233,6,0,46 37,0,23,,66221,6,0,46 37,0,72,,66218,6,0,46 37,0,98,,66220,6,0,46 37,0,103,,66219,6,0,46 37,0
1001,'4833',705,,66247,6,0,46 37,0,100,,66250,6,0,46 37,0,100,,66238,6,0,46 37,0,95,,66242,6,0,46 37,0,106,,66244,6,0,46 37,0,109,,66243,6,0,46 37,0,96,,66240,6,0,46 37,0,100,,66239,6,0,46 37,0,100,,66241,6,0,46 37,0,104,,66245,6,0,46 37,0,104,,66246,6,0,46 37,0,100,,66248,6,0,46 37,0,101,,66249,6,0,46 37,0,100,,66251,6,0,46 37,0
1001,'5015',705,,66261,6,0,46 37,0,100,,66264,6,0,46 37,0,100,,66252,6,0,46 37,0,95,,66256,6,0,46 37,0,106,,66258,6,0,46 37,0,109,,66257,6,0,46 37,0,96,,66254,6,0,46 37,0,100,,66253,6,0,46 37,0,100,,66255,6,0,46 37,0,104,,66259,6,0,46 37,0,104,,66260,6,0,46 37,0,100,,66262,6,0,46 37,0,101,,66263,6,0,46 37,0,100,,66265,6,0,46 37,0
1001,'5222',607,,66285,6,0,46 37,0,40,,66284,6,0,46 37,0,74,,66276,6,0,46 37,0,34,,66275,6,0,46 37,0,84,,66278,6,0,46 37,0,82,,66274,6,0,46 37,0,95,,66283,6,0,46 37,0,115,,66279,6,0,46 37,0,90,,66273,6,0,46 37,0,35,,66277,6,0,46 37,0,85,,66272,6,0,46 37,0,80,,66282,6,0,46 37,0,92,,66271,6,0,46 37,0,40,,66280,6,0,46 37,0,89,,66270,6,0,46 37,0,83,,66281,6,0,46 37,0,23,,66269,6,0,46 37,0,72,,66266,6,0,46 37,0,98,,66268,6,0,46 37,0,103,,66267,6,0,46 37,0
1001,'5365',705,,66291,6,0,46 37,0,100,,66290,6,0,46 37,0,98,,66287,6,0,46 37,0,102,,66288,6,0,46 37,0,100,,66294,6,0,46 37,0,110,,66293,6,0,46 37,0,89,,66286,6,0,46 37,0,106,,66289,6,0,46 37,0,100,,66292,6,0,46 37,0,100,,66296,6,0,46 37,0,105,,66295,6,0,46 37,0,105,,66297,6,0,46 37,0,100,,66298,6,0,46 37,0,100,,66299,6,0,25 26,0
1001,'5390',705,,66305,6,0,46 37,0,100,,66304,6,0,46 37,0,98,,66301,6,0,46 37,0,102,,66302,6,0,46 37,0,100,,66308,6,0,46 37,0,110,,66307,6,0,46 37,0,89,,66300,6,0,46 37,0,106,,66303,6,0,46 37,0,100,,66306,6,0,46 37,0,100,,66310,6,0,46 37,0,105,,66309,6,0,46 37,0,105,,66311,6,0,46 37,0,100,,66312,6,0,46 37,0,100,,66313,6,0,25 26,0
2200,'4623',556,,68890,7,,,0,69,,68896,7,,,0,28,,68897,7,,,0,69,,68908,7,,,0,33,,68893,7,,,0,63,,68909,7,,,0,29,,68910,7,,,0,105,,68911,7,,,0,65,,68894,7,,,0,30,,68913,7,,,0,101,,68912,7,0,21 22,0,70,,68914,7,0,21 22,0,30,,68895,7,0,21 22,0,70,,68915,7,0,21 22,0,99,,68916,7,0,21 22,0,29,,68899,7,0,21 22,0,74,,68891,7,0,21 22,0,103,,68898,7,0,21 22,0,101,,68901,7,0,21 22,0,29,,68892,7,,,0,67,,68902,7,,,0,98,,68900,7,,,0,29,,68906,7,,,0,70,,68904,7,,,0,30,,68905,7,,,0,70,,68903,7,0,5,0,30,,68907,7,0,5,0
2200,'4833',645,,68936,7,,,0,80,,68922,7,,,0,80,,68926,7,,,0,40,,68939,7,,,0,71,,68923,7,,,0,30,,68917,7,,,0,71,,68924,7,,,0,31,,68938,7,,,0,70,,68921,7,,,0,30,,68920,7,,,0,71,,68925,7,,,0,30,,68918,7,,,0,70,,68943,7,,,0,30,,68919,7,,,0,70,,68932,7,,,0,30,,68928,7,,,0,70,,68931,7,,,0,30,,68942,7,,,0,69,,68933,7,,,0,31,,68927,7,,,0,70,,68935,7,,,0,33,,68934,7,,,0,70,,68930,7,,,0,29,,68929,7,,,0,69,,68944,7,,,0,30,,68945,7,,,0,67,,68941,7,,,0,28,,68937,7,,,0,70,,68940,7,0,5,0,30,,68946,7,0,5,0
2200,'5015',645,,68966,7,,,0,80,,68952,7,,,0,80,,68956,7,,,0,40,,68969,7,,,0,71,,68953,7,,,0,30,,68947,7,,,0,71,,68954,7,,,0,31,,68968,7,,,0,70,,68951,7,,,0,30,,68950,7,,,0,71,,68955,7,,,0,30,,68948,7,,,0,70,,68973,7,,,0,30,,68949,7,,,0,70,,68962,7,,,0,30,,68958,7,,,0,70,,68961,7,,,0,30,,68972,7,,,0,69,,68963,7,,,0,31,,68957,7,,,0,70,,68965,7,,,0,33,,68964,7,,,0,70,,68960,7,,,0,29,,68959,7,,,0,69,,68974,7,,,0,30,,68975,7,,,0,67,,68971,7,,,0,28,,68967,7,,,0,70,,68970,7,0,5,0,30,,68976,7,0,5,0
2200,'5222',556,,68977,7,,,0,69,,68983,7,,,0,28,,68984,7,,,0,69,,68995,7,,,0,33,,68980,7,,,0,63,,68996,7,,,0,29,,68997,7,,,0,105,,68998,7,,,0,65,,68981,7,,,0,30,,69000,7,,,0,101,,68999,7,0,21 22,0,70,,69001,7,0,21 22,0,30,,68982,7,0,21 22,0,70,,69002,7,0,21 22,0,99,,69003,7,0,21 22,0,29,,68986,7,0,21 22,0,74,,68978,7,0,21 22,0,103,,68985,7,0,21 22,0,101,,68988,7,0,21 22,0,29,,68979,7,,,0,67,,68989,7,,,0,98,,68987,7,,,0,29,,68993,7,,,0,70,,68991,7,,,0,30,,68992,7,,,0,70,,68990,7,0,5,0,30,,68994,7,0,5,0
2200,'5365',735,,69007,7,,,0,100,,69008,7,,,0,80,,69009,7,,,0,30,,69004,7,,,0,71,,69005,7,,,0,30,,69006,7,,,0,70,,69011,7,,,0,29,,69012,7,,,0,71,,69010,7,,,0,30,,69013,7,,,0,70,,69014,7,,,0,30,,69022,7,,,0,70,,69021,7,,,0,30,,69015,7,,,0,70,,69016,7,,,0,30,,69017,7,,,0,70,,69018,7,,,0,32,,69019,7,,,0,70,,69020,7,,,0,30,,69023,7,,,0,70,,69024,7,,,0,29,,69025,7,,,0,70,,69026,7,,,0
2200,'5390',735,,69031,7,,,0,100,,69032,7,,,0,80,,69033,7,,,0,30,,69028,7,,,0,71,,69029,7,,,0,30,,69030,7,,,0,70,,69035,7,,,0,29,,69036,7,,,0,71,,69034,7,,,0,30,,69037,7,,,0,70,,69038,7,,,0,30,,69046,7,,,0,70,,69045,7,,,0,30,,69039,7,,,0,70,,69040,7,,,0,30,,69041,7,,,0,70,,69042,7,,,0,32,,69043,7,,,0,70,,69044,7,,,0,30,,69047,7,,,0,70,,69048,7,,,0,29,,69049,7,,,0,70,,69050,7,,,0
1002200,'4623',922,,77481,7,,,0,196,,77480,7,0,21 22,0,229,,77482,7,0,21 22,0,205,,77477,7,0,21 22,0,102,,77478,7,0,21 22,0,199,,77479,7,0,21 22,0
1002200,'5222',922,,77487,7,,,0,196,,77486,7,0,21 22,0,229,,77488,7,0,21 22,0,205,,77483,7,0,21 22,0,102,,77484,7,0,21 22,0,199,,77485,7,0,21 22,0
