200,'4623',610,,63268,41,,,0,41,,63260,41,,,0,61,,63255,41,,,0,32,,63269,41,,,0,73,,63263,41,,,0,31,,63254,41,,,0,71,,63267,41,,,0,29,,63264,41,,,0,86,,63253,41,,,0,78,,63256,41,,,0,42,,63257,41,,,0,81,,63266,41,,,0,80,,63259,41,,,0,41,,63258,41,,,0,80,,63265,41,,,0,79,,63261,41,,,0,35,,63262,41,,,0,76,,63270,41,,,0,77,,63271,41,,,0,47,,63273,41,,,0,72,,63272,41,,,0,78,,63277,41,,,0,49,,63275,41,,,0,78,,63276,41,,,0,82,,63281,41,,,0,40,,63280,41,,,0,78,,63282,41,,,0,79,,63283,41,,,0,39,,63284,41,,,0,78,,63285,41,,,0
200,'4833',619,,63307,41,,,0,113,,63310,41,,,0,122,,63308,41,,,0,80,,63296,41,,,0,88,,63309,41,,,0,80,,63294,41,,,0,40,,63288,41,,,0,81,,63295,41,,,0,80,,63289,41,,,0,41,,63302,41,,,0,81,,63290,41,,,0,81,,63293,41,,,0,40,,63292,41,,,0,79,,63291,41,,,0,79,,63305,41,,,0,39,,63306,41,,,0,74,,63304,41,,,0,40,,63298,41,,,0,75,,63299,41,,,0,94,,63301,41,,,0,80,,63300,41,,,0,45,,63316,41,,,0,80,,63313,41,,,0,80,,63312,41,,,0,37,,63314,41,,,0,78,,63311,41,,,0
200,'5015',619,,63337,41,,,0,113,,63340,41,,,0,122,,63338,41,,,0,80,,63326,41,,,0,88,,63339,41,,,0,80,,63324,41,,,0,40,,63318,41,,,0,81,,63325,41,,,0,80,,63319,41,,,0,41,,63332,41,,,0,81,,63320,41,,,0,81,,63323,41,,,0,40,,63322,41,,,0,79,,63321,41,,,0,79,,63335,41,,,0,39,,63336,41,,,0,74,,63334,41,,,0,40,,63328,41,,,0,75,,63329,41,,,0,94,,63331,41,,,0,80,,63330,41,,,0,45,,63346,41,,,0,80,,63343,41,,,0,80,,63342,41,,,0,37,,63344,41,,,0,78,,63341,41,,,0
200,'5222',610,,63364,41,,,0,41,,63356,41,,,0,61,,63351,41,,,0,32,,63365,41,,,0,73,,63359,41,,,0,31,,63350,41,,,0,71,,63363,41,,,0,29,,63360,41,,,0,86,,63349,41,,,0,78,,63352,41,,,0,42,,63353,41,,,0,81,,63362,41,,,0,80,,63355,41,,,0,41,,63354,41,,,0,80,,63361,41,,,0,79,,63357,41,,,0,35,,63358,41,,,0,76,,63366,41,,,0,77,,63367,41,,,0,47,,63369,41,,,0,72,,63368,41,,,0,78,,63373,41,,,0,49,,63371,41,,,0,78,,63372,41,,,0,82,,63377,41,,,0,40,,63376,41,,,0,78,,63378,41,,,0,79,,63379,41,,,0,39,,63380,41,,,0,78,,63381,41,,,0
200,'5365',715,,63405,41,,,0,122,,63404,41,,,0,122,,63403,41,,,0,141,,63384,41,,,0,41,,63402,41,,,0,81,,63390,41,,,0,80,,63388,41,,,0,40,,63383,41,,,0,82,,63385,41,,,0,80,,63396,41,,,0,40,,63391,41,,,0,80,,63386,41,,,0,79,,63389,41,,,0,39,,63387,41,,,0,74,,63397,41,,,0,39,,63393,41,,,0,94,,63398,41,,,0,80,,63394,41,,,0,80,,63400,41,,,0,38,,63401,41,,,0,80,,63399,41,,,0,79,,63406,41,,,0,39,,63407,41,,,0
200,'5390',715,,63430,41,,,0,122,,63429,41,,,0,122,,63428,41,,,0,141,,63409,41,,,0,41,,63427,41,,,0,81,,63415,41,,,0,80,,63413,41,,,0,40,,63408,41,,,0,82,,63410,41,,,0,80,,63421,41,,,0,40,,63416,41,,,0,80,,63411,41,,,0,79,,63414,41,,,0,39,,63412,41,,,0,74,,63422,41,,,0,39,,63418,41,,,0,94,,63423,41,,,0,80,,63419,41,,,0,80,,63425,41,,,0,38,,63426,41,,,0,80,,63424,41,,,0,79,,63431,41,,,0,39,,63432,41,,,0
800,'4623',654,,65917,49,,,0,92,,65918,49,,,0,74,,65919,49,,,0,80,,65920,49,,,0,46,,65921,49,,,0,75,,65922,49,,,0,81,,65916,49,,,0,45,,65923,49,,,0,78,,65937,49,,,0,84,,65924,49,,,0,44,,65925,49,,,0,84,,65926,49,,,0,102,,65927,49,,,0,83,,65928,49,,,0,86,,65929,49,,,0,29,,65938,49,,,0,71,,65930,49,,,0,31,,65931,49,,,0,68,,65932,49,,,0,29,,65939,49,,,0,94,,65933,49,,,0,83,,65934,49,,,0,96,,65935,49,,,0,42,,65936,49,,,0
800,'4833',741,,65946,38,,,0,85,,65947,38,,,0,87,,65948,38,,,0,87,,65941,38,,,0,51,,65942,38,,,0,87,,65940,38,,,0,90,,65943,38,,,0,91,,65944,38,,,0,92,,65945,38,,,0,92,,65949,38,,,0,50,,65950,38,,,0,91,,65951,38,,,0,88,,65952,38,,,0,84,,65953,38,,,0,84,,65954,38,,,0
800,'5015',741,,65961,38,,,0,85,,65962,38,,,0,87,,65963,38,,,0,87,,65956,38,,,0,51,,65957,38,,,0,87,,65955,38,,,0,90,,65958,38,,,0,91,,65959,38,,,0,92,,65960,38,,,0,92,,65964,38,,,0,50,,65965,38,,,0,91,,65966,38,,,0,88,,65967,38,,,0,84,,65968,38,,,0,84,,65969,38,,,0
800,'5222',654,,65971,49,,,0,92,,65972,49,,,0,74,,65973,49,,,0,80,,65974,49,,,0,46,,65975,49,,,0,75,,65976,49,,,0,81,,65970,49,,,0,45,,65977,49,,,0,78,,65991,49,,,0,84,,65978,49,,,0,44,,65979,49,,,0,84,,65980,49,,,0,102,,65981,49,,,0,83,,65982,49,,,0,86,,65983,49,,,0,29,,65992,49,,,0,71,,65984,49,,,0,31,,65985,49,,,0,68,,65986,49,,,0,29,,65993,49,,,0,94,,65987,49,,,0,83,,65988,49,,,0,96,,65989,49,,,0,42,,65990,49,,,0
800,'5365',911,,65995,38,,,0,47,,65996,38,,,0,91,,65997,38,,,0,87,,65998,38,,,0,91,,65999,38,,,0,92,,65994,38,,,0,90,,66000,38,,,0,92,,66001,38,,,0,51,,66002,38,,,0,91,,66003,38,,,0,87,,66004,38,,,0
800,'5390',911,,66006,38,,,0,47,,66007,38,,,0,91,,66008,38,,,0,87,,66009,38,,,0,91,,66010,38,,,0,92,,66005,38,,,0,90,,66011,38,,,0,92,,66012,38,,,0,51,,66013,38,,,0,91,,66014,38,,,0,87,,66015,38,,,0
