1001,'4623',606,,66237,5,0,46 37,0,41,,66236,5,0,46 37,0,73,,66228,5,0,46 37,0,34,,66227,5,0,46 37,0,84,,66230,5,0,46 37,0,82,,66226,5,0,46 37,0,95,,66235,5,0,46 37,0,115,,66231,5,0,46 37,0,90,,66225,5,0,46 37,0,35,,66229,5,0,46 37,0,85,,66224,5,0,46 37,0,80,,66234,5,0,46 37,0,91,,66223,5,0,46 37,0,41,,66232,5,0,46 37,0,89,,66222,5,0,46 37,0,83,,66233,5,0,46 37,0,23,,66221,5,0,46 37,0,73,,66218,5,0,46 37,0,97,,66220,5,0,46 37,0,103,,66219,5,0,46 37,0
1001,'4833',704,,66247,5,0,46 37,0,100,,66250,5,0,46 37,0,100,,66238,5,0,46 37,0,55,,66242,5,0,46 37,0,147,,66244,5,0,46 37,0,109,,66243,5,0,46 37,0,95,,66240,5,0,46 37,0,100,,66239,5,0,46 37,0,100,,66241,5,0,46 37,0,105,,66245,5,0,46 37,0,103,,66246,5,0,46 37,0,100,,66248,5,0,46 37,0,101,,66249,5,0,46 37,0,100,,66251,5,0,46 37,0
1001,'5015',704,,66261,5,0,46 37,0,100,,66264,5,0,46 37,0,100,,66252,5,0,46 37,0,55,,66256,5,0,46 37,0,147,,66258,5,0,46 37,0,109,,66257,5,0,46 37,0,95,,66254,5,0,46 37,0,100,,66253,5,0,46 37,0,100,,66255,5,0,46 37,0,105,,66259,5,0,46 37,0,103,,66260,5,0,46 37,0,100,,66262,5,0,46 37,0,101,,66263,5,0,46 37,0,100,,66265,5,0,46 37,0
1001,'5222',606,,66285,5,0,46 37,0,41,,66284,5,0,46 37,0,73,,66276,5,0,46 37,0,34,,66275,5,0,46 37,0,84,,66278,5,0,46 37,0,82,,66274,5,0,46 37,0,95,,66283,5,0,46 37,0,115,,66279,5,0,46 37,0,90,,66273,5,0,46 37,0,35,,66277,5,0,46 37,0,85,,66272,5,0,46 37,0,80,,66282,5,0,46 37,0,91,,66271,5,0,46 37,0,41,,66280,5,0,46 37,0,89,,66270,5,0,46 37,0,83,,66281,5,0,46 37,0,23,,66269,5,0,46 37,0,73,,66266,5,0,46 37,0,97,,66268,5,0,46 37,0,103,,66267,5,0,46 37,0
1001,'5365',704,,66291,5,0,46 37,0,100,,66290,5,0,46 37,0,98,,66287,5,0,46 37,0,102,,66288,5,0,46 37,0,100,,66294,5,0,46 37,0,110,,66293,5,0,46 37,0,89,,66286,5,0,46 37,0,106,,66289,5,0,46 37,0,101,,66292,5,0,46 37,0,100,,66296,5,0,46 37,0,104,,66295,5,0,46 37,0,105,,66297,5,0,46 37,0,100,,66298,5,0,46 37,0,100,,66299,5,0,25 26,0
1001,'5390',704,,66305,5,0,46 37,0,100,,66304,5,0,46 37,0,98,,66301,5,0,46 37,0,102,,66302,5,0,46 37,0,100,,66308,5,0,46 37,0,110,,66307,5,0,46 37,0,89,,66300,5,0,46 37,0,106,,66303,5,0,46 37,0,101,,66306,5,0,46 37,0,100,,66310,5,0,46 37,0,104,,66309,5,0,46 37,0,105,,66311,5,0,46 37,0,100,,66312,5,0,46 37,0,100,,66313,5,0,25 26,0
2200,'4623',556,,68890,6,,,0,68,,68896,6,,,0,28,,68897,6,,,0,69,,68908,6,,,0,33,,68893,6,,,0,63,,68909,6,,,0,29,,68910,6,,,0,105,,68911,6,,,0,65,,68894,6,,,0,30,,68913,6,,,0,101,,68912,6,0,21 22,0,70,,68914,6,0,21 22,0,30,,68895,6,0,21 22,0,70,,68915,6,0,21 22,0,99,,68916,6,0,21 22,0,29,,68899,6,0,21 22,0,74,,68891,6,0,21 22,0,102,,68898,6,0,21 22,0,102,,68901,6,0,21 22,0,29,,68892,6,,,0,67,,68902,6,,,0,98,,68900,6,,,0,30,,68906,6,,,0,70,,68904,6,,,0,30,,68905,6,,,0,70,,68903,6,0,5,0,29,,68907,6,0,5,0
2200,'4833',645,,68936,6,,,0,80,,68922,6,,,0,80,,68926,6,,,0,40,,68939,6,,,0,70,,68923,6,,,0,30,,68917,6,,,0,71,,68924,6,,,0,31,,68938,6,,,0,70,,68921,6,,,0,30,,68920,6,,,0,71,,68925,6,,,0,30,,68918,6,,,0,70,,68943,6,,,0,30,,68919,6,,,0,70,,68932,6,,,0,30,,68928,6,,,0,70,,68931,6,,,0,30,,68942,6,,,0,69,,68933,6,,,0,31,,68927,6,,,0,70,,68935,6,,,0,33,,68934,6,,,0,70,,68930,6,,,0,29,,68929,6,,,0,70,,68944,6,,,0,30,,68945,6,,,0,67,,68941,6,,,0,28,,68937,6,,,0,69,,68940,6,0,5,0,30,,68946,6,0,5,0
2200,'5015',645,,68966,6,,,0,80,,68952,6,,,0,80,,68956,6,,,0,40,,68969,6,,,0,70,,68953,6,,,0,30,,68947,6,,,0,71,,68954,6,,,0,31,,68968,6,,,0,70,,68951,6,,,0,30,,68950,6,,,0,71,,68955,6,,,0,30,,68948,6,,,0,70,,68973,6,,,0,30,,68949,6,,,0,70,,68962,6,,,0,30,,68958,6,,,0,70,,68961,6,,,0,30,,68972,6,,,0,69,,68963,6,,,0,31,,68957,6,,,0,70,,68965,6,,,0,33,,68964,6,,,0,70,,68960,6,,,0,29,,68959,6,,,0,70,,68974,6,,,0,30,,68975,6,,,0,67,,68971,6,,,0,28,,68967,6,,,0,69,,68970,6,0,5,0,30,,68976,6,0,5,0
2200,'5222',556,,68977,6,,,0,68,,68983,6,,,0,28,,68984,6,,,0,69,,68995,6,,,0,33,,68980,6,,,0,63,,68996,6,,,0,29,,68997,6,,,0,105,,68998,6,,,0,65,,68981,6,,,0,30,,69000,6,,,0,101,,68999,6,0,21 22,0,70,,69001,6,0,21 22,0,30,,68982,6,0,21 22,0,70,,69002,6,0,21 22,0,99,,69003,6,0,21 22,0,29,,68986,6,0,21 22,0,74,,68978,6,0,21 22,0,102,,68985,6,0,21 22,0,102,,68988,6,0,21 22,0,29,,68979,6,,,0,67,,68989,6,,,0,98,,68987,6,,,0,30,,68993,6,,,0,70,,68991,6,,,0,30,,68992,6,,,0,70,,68990,6,0,5,0,29,,68994,6,0,5,0
2200,'5365',734,,69007,6,,,0,101,,69008,6,,,0,80,,69009,6,,,0,30,,69004,6,,,0,70,,69005,6,,,0,30,,69006,6,,,0,70,,69011,6,,,0,29,,69012,6,,,0,71,,69010,6,,,0,30,,69013,6,,,0,70,,69014,6,,,0,30,,69022,6,,,0,70,,69021,6,,,0,30,,69015,6,,,0,70,,69016,6,,,0,30,,69017,6,,,0,70,,69018,6,,,0,32,,69019,6,,,0,70,,69020,6,,,0,30,,69023,6,,,0,70,,69024,6,,,0,30,,69025,6,,,0,70,,69026,6,,,0
2200,'5390',734,,69031,6,,,0,101,,69032,6,,,0,80,,69033,6,,,0,30,,69028,6,,,0,70,,69029,6,,,0,30,,69030,6,,,0,70,,69035,6,,,0,29,,69036,6,,,0,71,,69034,6,,,0,30,,69037,6,,,0,70,,69038,6,,,0,30,,69046,6,,,0,70,,69045,6,,,0,30,,69039,6,,,0,70,,69040,6,,,0,30,,69041,6,,,0,70,,69042,6,,,0,32,,69043,6,,,0,70,,69044,6,,,0,30,,69047,6,,,0,70,,69048,6,,,0,30,,69049,6,,,0,70,,69050,6,,,0
1002200,'4623',921,,77481,6,,,0,196,,77480,6,0,21 22,0,229,,77482,6,0,21 22,0,205,,77477,6,0,21 22,0,102,,77478,6,0,21 22,0,199,,77479,6,0,21 22,0
1002200,'5222',921,,77487,6,,,0,196,,77486,6,0,21 22,0,229,,77488,6,0,21 22,0,205,,77483,6,0,21 22,0,102,,77484,6,0,21 22,0,199,,77485,6,0,21 22,0
