1200,'4487',918,,4983,,,0,101,,4988,,,0,101,,4990,,,0,100,,4982,,,0,100,,4984,,,0,100,,4987,,,0,100,,4991,,,0,100,,4985,,,0,103,,4986,,,0,100,,4989,,,0,99,,4992,,,0
1200,'4743',918,,4994,,,0,101,,4999,,,0,101,,5001,,,0,100,,4993,,,0,100,,4995,,,0,100,,4998,,,0,100,,5002,,,0,100,,4996,,,0,103,,4997,,,0,100,,5000,,,0,99,,5003,,,0
1200,'4744',625,,5004,,,0,79,,5005,,,0,24,,5011,,,0,18,,5008,,,0,55,,5016,,,0,15,,5006,,,0,16,,5007,,,0,10,,5032,,,0,6,,5015,,,0,54,,5010,,,0,15,,5009,,,0,15,,5012,,,0,16,,5013,,,0,69,,5014,,,0,30,,5018,,,0,70,,5017,,,0,31,,5020,,,0,70,,5021,,,0,30,,5019,,,0,70,,5023,,,0,30,,5022,,,0,72,,5024,,,0,31,,5025,,,0,71,,5026,,,0,100,,5027,,,0,83,,5028,,,0,46,,5029,,,0,70,,5030,,,0,106,,5031,,,0
1200,'4745',918,,5034,,,0,101,,5033,,,0,101,,5036,,,0,100,,5035,,,0,100,,5037,,,0,100,,5039,,,0,100,,5040,,,0,100,,5038,,,0,103,,5041,,,0,99,,5042,,,0,100,,5043,,,0
1200,'4870',625,,5044,,,0,79,,5045,,,0,24,,5051,,,0,18,,5048,,,0,55,,5056,,,0,15,,5046,,,0,16,,5047,,,0,10,,5072,,,0,6,,5055,,,0,54,,5050,,,0,15,,5049,,,0,15,,5052,,,0,16,,5053,,,0,69,,5054,,,0,30,,5058,,,0,70,,5057,,,0,31,,5060,,,0,70,,5061,,,0,30,,5059,,,0,70,,5063,,,0,30,,5062,,,0,72,,5064,,,0,31,,5065,,,0,71,,5066,,,0,100,,5067,,,0,83,,5068,,,0,46,,5069,,,0,70,,5070,,,0,106,,5071,,,0
1200,'4875',625,,5073,,,0,79,,5074,,,0,24,,5080,,,0,18,,5077,,,0,55,,5085,,,0,15,,5075,,,0,16,,5076,,,0,10,,5101,,,0,6,,5084,,,0,54,,5079,,,0,15,,5078,,,0,15,,5081,,,0,16,,5082,,,0,69,,5083,,,0,30,,5087,,,0,70,,5086,,,0,31,,5089,,,0,70,,5090,,,0,30,,5088,,,0,70,,5092,,,0,30,,5091,,,0,72,,5093,,,0,31,,5094,,,0,71,,5095,,,0,100,,5096,,,0,83,,5097,,,0,46,,5098,,,0,70,,5099,,,0,106,,5100,,,0
1200,'4876',918,,5103,,,0,101,,5108,,,0,101,,5110,,,0,100,,5102,,,0,100,,5104,,,0,100,,5107,,,0,100,,5111,,,0,100,,5105,,,0,103,,5106,,,0,100,,5109,,,0,99,,5112,,,0
1200,'4877',918,,5114,,,0,101,,5113,,,0,101,,5116,,,0,100,,5115,,,0,100,,5117,,,0,100,,5119,,,0,100,,5120,,,0,100,,5118,,,0,103,,5121,,,0,99,,5122,,,0,100,,5123,,,0
1201,'4487',916,,5126,4,,0,101,,5129,4,,0,101,,5132,4,,0,100,,5124,4,,0,100,,5125,4,,0,100,,5130,4,,0,100,,5133,4,,0,100,,5127,4,,0,103,,5128,4,,0,100,,5131,4,,0,99,,5134,4,,0
1201,'4743',916,,5137,4,,0,101,,5140,4,,0,101,,5143,4,,0,100,,5135,4,,0,100,,5136,4,,0,100,,5141,4,,0,100,,5144,4,,0,100,,5138,4,,0,103,,5139,4,,0,100,,5142,4,,0,99,,5145,4,,0
1201,'4744',702,,5146,4,,0,42,,5147,4,,0,70,,5148,4,,0,32,,5152,4,,0,69,,5149,4,,0,31,,5150,4,,0,69,,5151,4,,0,30,,5155,4,,0,70,,5154,4,,0,31,,5153,4,,0,70,,5158,4,,0,30,,5156,4,,0,70,,5157,4,,0,30,,5159,4,,0,72,,5160,4,,0,31,,5162,4,,0,62,,5161,4,,0,9,,5164,4,,0,25,,5163,4,,0,75,,5165,4,,0,20,,5168,4,,0,63,,5169,4,,0,17,,5166,4,,0,29,,5167,4,,0,70,,5170,4,,0,36,,5171,4,,0,70,,5172,4,,0
1201,'4745',916,,5174,4,,0,101,,5173,4,,0,101,,5177,4,,0,100,,5175,4,,0,100,,5176,4,,0,100,,5178,4,,0,100,,5180,4,,0,100,,5179,4,,0,103,,5181,4,,0,99,,5182,4,,0,100,,5183,4,,0
1201,'4870',702,,5184,4,,0,42,,5185,4,,0,70,,5186,4,,0,32,,5190,4,,0,69,,5187,4,,0,31,,5188,4,,0,69,,5189,4,,0,30,,5193,4,,0,70,,5192,4,,0,31,,5191,4,,0,70,,5196,4,,0,30,,5194,4,,0,70,,5195,4,,0,30,,5197,4,,0,72,,5198,4,,0,31,,5200,4,,0,62,,5199,4,,0,9,,5202,4,,0,25,,5201,4,,0,75,,5203,4,,0,20,,5206,4,,0,63,,5207,4,,0,17,,5204,4,,0,29,,5205,4,,0,70,,5208,4,,0,36,,5209,4,,0,70,,5210,4,,0
1201,'4875',702,,5211,4,,0,42,,5212,4,,0,70,,5213,4,,0,32,,5217,4,,0,69,,5214,4,,0,31,,5215,4,,0,69,,5216,4,,0,30,,5220,4,,0,70,,5219,4,,0,31,,5218,4,,0,70,,5223,4,,0,30,,5221,4,,0,70,,5222,4,,0,30,,5224,4,,0,72,,5225,4,,0,31,,5227,4,,0,62,,5226,4,,0,9,,5229,4,,0,25,,5228,4,,0,75,,5230,4,,0,20,,5233,4,,0,63,,5234,4,,0,17,,5231,4,,0,29,,5232,4,,0,70,,5235,4,,0,36,,5236,4,,0,70,,5237,4,,0
1201,'4876',916,,5240,4,,0,101,,5243,4,,0,101,,5246,4,,0,100,,5238,4,,0,100,,5239,4,,0,100,,5244,4,,0,100,,5247,4,,0,100,,5241,4,,0,103,,5242,4,,0,100,,5245,4,,0,99,,5248,4,,0
1201,'4877',916,,5250,4,,0,101,,5249,4,,0,101,,5253,4,,0,100,,5251,4,,0,100,,5252,4,,0,100,,5254,4,,0,100,,5256,4,,0,100,,5255,4,,0,103,,5257,4,,0,99,,5258,4,,0,100,,5259,4,,0
2400,'4487',734,,8531,4,,0,123,,8529,4,,0,146,,8527,4,,0,115,,8528,4,,0,100,,8530,4,,0,100,,8536,4,,0,98,,8533,4,,0,100,,8532,4,,0,100,,8535,4,,0,97,,8534,4,,0,103,,8537,4,,0,111,,8538,4,,0,122,,8539,4,,0,165,,8540,4,,0,125,,8541,4,,0
2400,'4743',734,,8546,4,,0,123,,8544,4,,0,146,,8542,4,,0,115,,8543,4,,0,100,,8545,4,,0,100,,8551,4,,0,98,,8548,4,,0,100,,8547,4,,0,100,,8550,4,,0,97,,8549,4,,0,103,,8552,4,,0,111,,8553,4,,0,122,,8554,4,,0,165,,8555,4,,0,125,,8556,4,,0
2400,'4744',655,,8558,4,,0,75,,8562,4,,0,84,,8563,4,,0,101,,8559,4,,0,107,,8557,4,,0,101,,8567,4,,0,102,,8564,4,,0,101,,8560,4,,0,101,,8561,4,,0,101,,8565,4,,0,91,,8566,4,,0,81,,8568,4,,0,48,,8569,4,,0,94,,8570,4,,0,98,,8571,4,,0,110,,8572,4,,0,161,,8573,4,,0,128,,8574,4,,0,170,,8575,4,,0
2400,'4745',746,,8577,4,,0,107,,8576,4,,0,172,,8579,4,,0,131,,8578,4,,0,174,,8580,4,,0,170,,8581,4,,0,130,,8582,4,,0,129,,8583,4,,0,165,,8584,4,,0,125,,8585,4,,0,163,,8586,4,,0,126,,8587,4,,0
2400,'4870',655,,8589,4,,0,75,,8593,4,,0,84,,8594,4,,0,101,,8590,4,,0,107,,8588,4,,0,101,,8598,4,,0,102,,8595,4,,0,101,,8591,4,,0,101,,8592,4,,0,101,,8596,4,,0,91,,8597,4,,0,81,,8599,4,,0,48,,8600,4,,0,94,,8601,4,,0,98,,8602,4,,0,110,,8603,4,,0,161,,8604,4,,0,128,,8605,4,,0,170,,8606,4,,0
2400,'4875',655,,8608,4,,0,75,,8612,4,,0,84,,8613,4,,0,101,,8609,4,,0,107,,8607,4,,0,101,,8617,4,,0,102,,8614,4,,0,101,,8610,4,,0,101,,8611,4,,0,101,,8615,4,,0,91,,8616,4,,0,81,,8618,4,,0,48,,8619,4,,0,94,,8620,4,,0,98,,8621,4,,0,110,,8622,4,,0,161,,8623,4,,0,128,,8624,4,,0,170,,8625,4,,0
2400,'4876',734,,8630,4,,0,123,,8628,4,,0,146,,8626,4,,0,115,,8627,4,,0,100,,8629,4,,0,100,,8635,4,,0,98,,8632,4,,0,100,,8631,4,,0,100,,8634,4,,0,97,,8633,4,,0,103,,8636,4,,0,111,,8637,4,,0,122,,8638,4,,0,165,,8639,4,,0,125,,8640,4,,0
2400,'4877',746,,8642,4,,0,107,,8641,4,,0,172,,8644,4,,0,131,,8643,4,,0,174,,8645,4,,0,170,,8646,4,,0,130,,8647,4,,0,129,,8648,4,,0,165,,8649,4,,0,125,,8650,4,,0,163,,8651,4,,0,126,,8652,4,,0
2401,'4487',644,,8659,,,0,106,,8658,,,0,103,,8660,,,0,100,,8656,,,0,100,,8653,,,0,98,,8654,,,0,95,,8655,,,0,100,,8662,,,0,98,,8657,,,0,103,,8661,,,0,104,,8663,,,0,169,,8664,,,0,125,,8665,,,0,170,,8666,,,0,131,,8667,,,0,163,,8668,,,0
2401,'4743',644,,8675,,,0,106,,8674,,,0,103,,8676,,,0,100,,8672,,,0,100,,8669,,,0,98,,8670,,,0,95,,8671,,,0,100,,8678,,,0,98,,8673,,,0,103,,8677,,,0,104,,8679,,,0,169,,8680,,,0,125,,8681,,,0,170,,8682,,,0,131,,8683,,,0,163,,8684,,,0
2401,'4744',456,,8696,,,0,90,,8692,,,0,86,,8685,,,0,84,,8688,,,0,31,,8693,,,0,94,,8690,,,0,109,,8687,,,0,100,,8686,,,0,99,,8695,,,0,100,,8691,,,0,151,,8689,,,0,52,,8694,,,0,95,,8697,,,0,91,,8699,,,0,80,,8698,,,0,92,,8700,,,0,46,,8701,,,0,144,,8702,,,0,115,,8703,,,0,132,,8704,,,0,162,,8705,,,0
2401,'4745',750,,8706,,,0,170,,8707,,,0,129,,8708,,,0,167,,8709,,,0,131,,8710,,,0,172,,8711,,,0,131,,8712,,,0,170,,8713,,,0,131,,8714,,,0,165,,8715,,,0,130,,8716,,,0
2401,'4870',456,,8728,,,0,90,,8724,,,0,86,,8717,,,0,84,,8720,,,0,31,,8725,,,0,94,,8722,,,0,109,,8719,,,0,100,,8718,,,0,99,,8727,,,0,100,,8723,,,0,151,,8721,,,0,52,,8726,,,0,95,,8729,,,0,91,,8731,,,0,80,,8730,,,0,92,,8732,,,0,46,,8733,,,0,144,,8734,,,0,115,,8735,,,0,132,,8736,,,0,162,,8737,,,0
2401,'4875',456,,8749,,,0,90,,8745,,,0,86,,8738,,,0,84,,8741,,,0,31,,8746,,,0,94,,8743,,,0,109,,8740,,,0,100,,8739,,,0,99,,8748,,,0,100,,8744,,,0,151,,8742,,,0,52,,8747,,,0,95,,8750,,,0,91,,8752,,,0,80,,8751,,,0,92,,8753,,,0,46,,8754,,,0,144,,8755,,,0,115,,8756,,,0,132,,8757,,,0,162,,8758,,,0
2401,'4876',644,,8765,,,0,106,,8764,,,0,103,,8766,,,0,100,,8762,,,0,100,,8759,,,0,98,,8760,,,0,95,,8761,,,0,100,,8768,,,0,98,,8763,,,0,103,,8767,,,0,104,,8769,,,0,169,,8770,,,0,125,,8771,,,0,170,,8772,,,0,131,,8773,,,0,163,,8774,,,0
2401,'4877',750,,8775,,,0,170,,8776,,,0,129,,8777,,,0,167,,8778,,,0,131,,8779,,,0,172,,8780,,,0,131,,8781,,,0,170,,8782,,,0,131,,8783,,,0,165,,8784,,,0,130,,8785,,,0
