2100,'5036',626,,40959,8,,,0,28,,40944,8,,,0,58,,40961,8,,,0,15,,40946,8,,,0,16,,40963,8,,,0,13,,40942,8,,,0,57,,40957,8,,,0,16,,40945,8,,,0,20,,40972,8,,,0,58,,40943,8,,,0,18,,40953,8,,,0,25,,40964,8,,,0,66,,40979,8,,,0,30,,40977,8,,,0,70,,40976,8,0,18 19,0,31,,40955,8,,,0,71,,40980,8,,,0,30,,40974,8,,,0,70,,40975,8,,,0,31,,40978,8,,,0,70,,40954,8,,,0,31,,40958,8,,,0,60,,40949,8,,,0,19,,40965,8,,,0,20,,40947,8,,,0,60,,40960,8,,,0,16,,40950,8,0,18 19,0,18,,40962,8,,,0,58,,40948,8,,,0,19,,40952,8,,,0,18,,40956,8,0,17,0,18,,40951,8,0,17,0,56,,40969,8,0,17,0,32,,40966,8,0,17,0,69,,40971,8,0,17,0,30,,40973,8,0,17,0,73,,40967,8,0,17,0,29,,40968,8,0,17,0
2100,'5040',626,,40998,8,,,0,28,,40983,8,,,0,58,,41000,8,,,0,15,,40985,8,,,0,16,,41002,8,,,0,13,,40981,8,,,0,57,,40996,8,,,0,16,,40984,8,,,0,20,,41011,8,,,0,58,,40982,8,,,0,18,,40992,8,,,0,25,,41003,8,,,0,66,,41018,8,,,0,30,,41016,8,,,0,70,,41015,8,0,18 19,0,31,,40994,8,,,0,71,,41019,8,,,0,30,,41013,8,,,0,70,,41014,8,,,0,31,,41017,8,,,0,70,,40993,8,,,0,31,,40997,8,,,0,60,,40988,8,,,0,19,,41004,8,,,0,20,,40986,8,,,0,60,,40999,8,,,0,16,,40989,8,0,18 19,0,18,,41001,8,,,0,58,,40987,8,,,0,19,,40991,8,,,0,18,,40995,8,0,17,0,18,,40990,8,0,17,0,56,,41008,8,0,17,0,32,,41005,8,0,17,0,69,,41010,8,0,17,0,30,,41012,8,0,17,0,73,,41006,8,0,17,0,29,,41007,8,0,17,0
2100,'5041',715,,41039,8,0,17,0,85,,41046,8,0,17,0,40,,41030,8,0,18 19,0,71,,41040,8,0,17,0,39,,41023,8,0,17,0,70,,41041,8,0,17,0,32,,41025,8,0,17,0,71,,41035,8,0,17,0,30,,41020,8,0,17,0,71,,41021,8,0,18 19,0,30,,41042,8,0,17,0,71,,41026,8,0,17,0,30,,41034,8,0,17,0,68,,41022,8,0,18 19,0,32,,41024,8,0,17,0,70,,41043,8,0,17,0,29,,41027,8,0,17,0,70,,41036,8,0,18 19,0,30,,41028,8,0,17,0,70,,41029,8,0,17,0,30,,41045,8,0,17,0,70,,41031,8,0,18 19,0,28,,41037,8,0,17,0,69,,41032,8,0,17,0,28,,41033,8,0,17,0,68,,41044,8,0,17,0,30,,41038,8,0,17,0
2100,'5078',740,,41064,8,0,17,0,75,,41063,8,0,17,0,85,,41051,8,0,18 19,0,37,,41062,8,0,17,0,83,,41065,8,0,17,0,30,,41047,8,0,17,0,70,,41050,8,0,17,0,30,,41053,8,0,17,0,70,,41049,8,0,18 19,0,31,,41052,8,0,17,0,70,,41048,8,0,17,0,30,,41054,8,0,17,0,70,,41055,8,0,18 19,0,30,,41057,8,0,17,0,70,,41058,8,0,17,0,30,,41056,8,0,17,0,70,,41061,8,0,18 19,0,30,,41059,8,0,17,0,70,,41060,8,0,17,0,29,,41066,8,0,17,0,70,,41067,8,0,18 19,0,28,,41069,8,0,17,0,69,,41068,8,0,17,0,30,,41071,8,0,17,0,70,,41070,8,0,17,0
2100,'5079',740,,41089,8,0,17,0,75,,41088,8,0,17,0,85,,41076,8,0,18 19,0,37,,41087,8,0,17,0,83,,41090,8,0,17,0,30,,41072,8,0,17,0,70,,41075,8,0,17,0,30,,41078,8,0,17,0,70,,41074,8,0,18 19,0,31,,41077,8,0,17,0,70,,41073,8,0,17,0,30,,41079,8,0,17,0,70,,41080,8,0,18 19,0,30,,41082,8,0,17,0,70,,41083,8,0,17,0,30,,41081,8,0,17,0,70,,41086,8,0,18 19,0,30,,41084,8,0,17,0,70,,41085,8,0,17,0,29,,41091,8,0,17,0,70,,41092,8,0,18 19,0,28,,41094,8,0,17,0,69,,41093,8,0,17,0,30,,41096,8,0,17,0,70,,41095,8,0,17,0
2200,'5036',611,,41302,23,,,0,30,,41286,23,,,0,68,,41297,23,,,0,30,,41289,23,,,0,68,,41279,6,0,20 7,0,6,,41301,23,,,0,23,,41281,23,,,0,70,,41285,23,,,0,102,,41287,23,,,0,26,,41303,23,,,0,70,,41280,23,,,0,102,,41296,23,0,21 22,0,30,,41288,23,0,21 22,0,70,,41304,23,0,21 22,0,30,,41282,23,0,21 22,0,101,,41299,23,0,21 22,0,69,,41293,23,0,21 22,0,35,,41306,23,0,21 22,0,102,,41294,23,0,21 22,0,98,,41290,23,0,21 22,0,70,,41305,23,,,0,25,,41283,23,,,0,98,,41298,23,,,0,70,,41295,23,,,0,29,,41284,23,,,0,69,,41292,23,,,0
2200,'5040',611,,41331,23,,,0,30,,41315,23,,,0,68,,41326,23,,,0,30,,41318,23,,,0,68,,41308,6,0,20 7,0,6,,41330,23,,,0,23,,41310,23,,,0,70,,41314,23,,,0,102,,41316,23,,,0,26,,41332,23,,,0,70,,41309,23,,,0,102,,41325,23,0,21 22,0,30,,41317,23,0,21 22,0,70,,41333,23,0,21 22,0,30,,41311,23,0,21 22,0,101,,41328,23,0,21 22,0,69,,41322,23,0,21 22,0,35,,41335,23,0,21 22,0,102,,41323,23,0,21 22,0,98,,41319,23,0,21 22,0,70,,41334,23,,,0,25,,41312,23,,,0,98,,41327,23,,,0,70,,41324,23,,,0,29,,41313,23,,,0,69,,41321,23,,,0
2200,'5041',700,,41355,23,,,0,40,,41341,23,,,0,80,,41345,23,,,0,80,,41358,23,,,0,32,,41342,23,,,0,70,,41336,23,,,0,31,,41343,23,,,0,71,,41357,23,,,0,31,,41340,23,,,0,70,,41339,23,,,0,31,,41344,23,,,0,70,,41337,23,,,0,31,,41362,23,,,0,70,,41338,23,,,0,30,,41351,23,,,0,70,,41347,23,,,0,30,,41350,23,,,0,69,,41361,23,,,0,29,,41352,23,,,0,71,,41346,23,,,0,30,,41354,23,,,0,73,,41353,23,,,0,30,,41349,23,,,0,68,,41348,23,,,0,29,,41363,23,,,0,69,,41364,23,,,0,27,,41360,23,,,0,68,,41356,23,,,0
2200,'5078',749,,41371,23,,,0,101,,41372,23,,,0,80,,41373,23,,,0,70,,41368,23,,,0,32,,41369,23,,,0,70,,41370,23,,,0,30,,41375,23,,,0,69,,41376,23,,,0,32,,41374,23,,,0,70,,41377,23,,,0,30,,41378,23,,,0,70,,41386,23,,,0,30,,41385,23,,,0,70,,41379,23,,,0,30,,41380,23,,,0,70,,41381,23,,,0,30,,41382,23,,,0,72,,41383,23,,,0,30,,41384,23,,,0,70,,41387,23,,,0,29,,41388,23,,,0,68,,41389,23,,,0,30,,41390,23,,,0,115,,41391,6,,,0
2200,'5079',749,,41395,23,,,0,101,,41396,23,,,0,80,,41397,23,,,0,70,,41392,23,,,0,32,,41393,23,,,0,70,,41394,23,,,0,30,,41399,23,,,0,69,,41400,23,,,0,32,,41398,23,,,0,70,,41401,23,,,0,30,,41402,23,,,0,70,,41410,23,,,0,30,,41409,23,,,0,70,,41403,23,,,0,30,,41404,23,,,0,70,,41405,23,,,0,30,,41406,23,,,0,72,,41407,23,,,0,30,,41408,23,,,0,70,,41411,23,,,0,29,,41412,23,,,0,68,,41413,23,,,0,30,,41414,23,,,0,115,,41415,6,,,0
1002200,'5036',939,,48574,23,,,0,195,,48571,23,0,21 22,0,272,,48572,23,0,21 22,0,207,,48570,23,0,21 22,0,99,,48575,23,0,21 22,0,196,,48573,23,0,21 22,0
1002200,'5040',939,,48580,23,,,0,195,,48577,23,0,21 22,0,272,,48578,23,0,21 22,0,207,,48576,23,0,21 22,0,99,,48581,23,0,21 22,0,196,,48579,23,0,21 22,0
14002100,'5036',2115,,48807,8,,,0,30,,48805,8,,,0,70,,48808,8,,,0,100,,48806,8,,,0,99,,48809,8,,,0
14002100,'5040',2115,,48812,8,,,0,30,,48810,8,,,0,70,,48813,8,,,0,100,,48811,8,,,0,99,,48814,8,,,0
14002100,'5041',2115,,48815,8,,,0,30,,48816,8,,,0,70,,48817,8,,,0,102,,48818,8,,,0,99,,48819,8,,,0
14002100,'5078',2117,,48820,8,,,0,100,,48821,8,,,0,100,,48822,8,,,0
14002100,'5079',2117,,48823,8,,,0,100,,48824,8,,,0,100,,48825,8,,,0
