4701,'5036',1640,,44666,17,,,0,71,,44667,17,,,0,31,,44668,17,,,0
4701,'5040',1640,,44669,17,,,0,71,,44670,17,,,0,31,,44671,17,,,0
4801,'5036',1640,,44678,17,,,0,69,,44679,17,,,0,33,,44680,17,,,0
4801,'5040',1640,,44681,17,,,0,69,,44682,17,,,0,33,,44683,17,,,0
6101,'5036',1532,,46169,17,,,0,72,,46170,17,,,0,34,,46178,17,,,0,62,,46180,17,,,0,18,,46172,17,,,0,21,,46184,17,,,0,80,,46175,17,,,0
6101,'5040',1532,,46205,17,,,0,72,,46206,17,,,0,34,,46214,17,,,0,62,,46216,17,,,0,18,,46208,17,,,0,21,,46220,17,,,0,80,,46211,17,,,0
6501,'5036',1721,,46342,17,,,0,30,,46341,17,,,0
6501,'5040',1620,,46344,17,,,0,28,,46343,17,,,0,73,,46346,17,,,0,30,,46345,17,,,0
6501,'5075',1620,,46348,17,,,0,28,,46347,17,,,0
6501,'5076',1620,,46350,17,,,0,28,,46349,17,,,0
9501,'5036',524,,48041,12,0,15,0,26,,48049,12,0,15,0,60,,48039,12,0,15,0,13,,48029,12,0,15,0,12,,48033,12,0,15,0,14,,48027,12,0,15,0,52,,48040,12,0,15,0,12,,48018,12,0,15,0,13,,48016,12,0,15,0,12,,48048,12,0,15,0,13,,48015,12,0,15,0,52,,48034,12,0,15,0,13,,48013,12,0,15,0,13,,48014,12,0,15,0,13,,48019,12,0,15,0,12,,48010,12,0,15,0,51,,48008,12,0,15,0,12,,48006,12,0,15,0,12,,48005,12,0,15,0,12,,48050,12,0,15,0,12,,48004,12,0,15,0,52,,48030,12,0,15,0,12,,47997,12,0,15,0,12,,48045,12,0,15,0,12,,48021,12,0,15,0,11,,48009,12,0,15,0,53,,47994,12,0,15,0,12,,47995,12,0,15,0,12,,47988,12,0,15,0,12,,48047,12,0,15,0,12,,47989,12,0,15,0,52,,48028,12,0,15,0,12,,47987,12,0,15,0,12,,48042,12,0,15,0,12,,48017,12,0,15,0,12,,48011,12,0,15,0,51,,47985,12,0,15,0,12,,47996,12,0,15,0,10,,47982,12,0,15,0,10,,47991,12,0,15,0,10,,48046,12,0,15,0,10,,47983,12,0,15,0,50,,48031,12,0,15,0,10,,47981,12,0,15,0,10,,47980,12,0,15,0,10,,48044,12,0,15,0,11,,48020,12,0,15,0,11,,48007,12,0,15,0,51,,47973,12,0,15,0,10,,47974,12,0,15,0,10,,47998,12,0,15,0,11,,47975,12,0,15,0,10,,47990,12,0,15,0,50,,48053,12,0,15,0,10,,47968,12,0,15,0,9,,47984,12,0,15,0,8,,48032,12,0,15,0,8,,47977,12,0,15,0,8,,47969,12,0,15,0,8,,47967,12,0,15,0,8,,48043,12,0,15,0,48,,48025,12,0,15,0,8,,48012,12,0,15,0,8,,47970,12,0,15,0,6,,47965,12,0,15,0,7,,47966,12,0,15,0,8,,48002,12,0,15,0,8,,48056,12,0,15,0,50,,47993,12,0,15,0,8,,47986,12,0,15,0,7,,48054,12,0,15,0,10,,47964,12,0,15,0,10,,48037,12,0,15,0,10,,47978,12,0,15,0,11,,47963,12,0,15,0,52,,48022,12,0,15,0,12,,47972,12,0,15,0,11,,47962,12,0,15,0,12,,48003,12,0,15,0,12,,47992,12,0,15,0,52,,48052,12,0,15,0,14,,48038,12,0,15,0,15,,47979,12,0,15,0,15,,48026,12,0,15,0,55,,47971,12,0,15,0,15,,47961,12,0,15,0,15,,47999,12,0,15,0,15,,48051,12,0,15,0,54,,48036,12,0,15,0,19,,47976,12,0,15,0,20,,48023,12,0,15,0,60,,47960,12,0,15,0,20,,48000,12,0,15,0,27,,48035,12,0,15,0,69,,48024,12,0,15,0,30,,48001,12,0,15,0
9501,'5040',524,,48142,12,0,15,0,26,,48150,12,0,15,0,60,,48140,12,0,15,0,13,,48130,12,0,15,0,12,,48134,12,0,15,0,14,,48128,12,0,15,0,52,,48141,12,0,15,0,12,,48119,12,0,15,0,13,,48117,12,0,15,0,12,,48149,12,0,15,0,13,,48116,12,0,15,0,52,,48135,12,0,15,0,13,,48114,12,0,15,0,13,,48115,12,0,15,0,13,,48120,12,0,15,0,12,,48111,12,0,15,0,51,,48109,12,0,15,0,12,,48107,12,0,15,0,12,,48106,12,0,15,0,12,,48151,12,0,15,0,12,,48105,12,0,15,0,52,,48131,12,0,15,0,12,,48098,12,0,15,0,12,,48146,12,0,15,0,12,,48122,12,0,15,0,11,,48110,12,0,15,0,53,,48095,12,0,15,0,12,,48096,12,0,15,0,12,,48089,12,0,15,0,12,,48148,12,0,15,0,12,,48090,12,0,15,0,52,,48129,12,0,15,0,12,,48088,12,0,15,0,12,,48143,12,0,15,0,12,,48118,12,0,15,0,12,,48112,12,0,15,0,51,,48086,12,0,15,0,12,,48097,12,0,15,0,10,,48083,12,0,15,0,10,,48092,12,0,15,0,10,,48147,12,0,15,0,10,,48084,12,0,15,0,50,,48132,12,0,15,0,10,,48082,12,0,15,0,10,,48081,12,0,15,0,10,,48145,12,0,15,0,11,,48121,12,0,15,0,11,,48108,12,0,15,0,51,,48074,12,0,15,0,10,,48075,12,0,15,0,10,,48099,12,0,15,0,11,,48076,12,0,15,0,10,,48091,12,0,15,0,50,,48154,12,0,15,0,10,,48069,12,0,15,0,9,,48085,12,0,15,0,8,,48133,12,0,15,0,8,,48078,12,0,15,0,8,,48070,12,0,15,0,8,,48068,12,0,15,0,8,,48144,12,0,15,0,48,,48126,12,0,15,0,8,,48113,12,0,15,0,8,,48071,12,0,15,0,6,,48066,12,0,15,0,7,,48067,12,0,15,0,8,,48103,12,0,15,0,8,,48157,12,0,15,0,50,,48094,12,0,15,0,8,,48087,12,0,15,0,7,,48155,12,0,15,0,10,,48064,12,0,15,0,10,,48138,12,0,15,0,10,,48079,12,0,15,0,11,,48063,12,0,15,0,52,,48123,12,0,15,0,12,,48073,12,0,15,0,11,,48060,12,0,15,0,12,,48104,12,0,15,0,12,,48093,12,0,15,0,52,,48153,12,0,15,0,14,,48139,12,0,15,0,15,,48080,12,0,15,0,15,,48127,12,0,15,0,55,,48072,12,0,15,0,15,,48059,12,0,15,0,15,,48100,12,0,15,0,15,,48152,12,0,15,0,54,,48137,12,0,15,0,19,,48077,12,0,15,0,20,,48124,12,0,15,0,60,,48057,12,0,15,0,20,,48101,12,0,15,0,27,,48136,12,0,15,0,69,,48125,12,0,15,0,30,,48102,12,0,15,0,70,,48062,12,0,15,0,30,,48065,12,0,15,0,70,,48058,12,0,15,0,30,,48061,12,0,15,0
9501,'5041',622,,48159,12,0,15,0,37,,48160,12,0,15,0,60,,48161,12,0,15,0,19,,48162,12,0,15,0,20,,48163,12,0,15,0,55,,48164,12,0,15,0,15,,48158,12,0,15,0,15,,48165,12,0,15,0,16,,48166,12,0,15,0,55,,48167,12,0,15,0,15,,48168,12,0,15,0,15,,48169,12,0,15,0,56,,48170,12,0,15,0,15,,48171,12,0,15,0,15,,48172,12,0,15,0,15,,48173,12,0,15,0,56,,48174,12,0,15,0,15,,48175,12,0,15,0,15,,48176,12,0,15,0,16,,48177,12,0,15,0,55,,48178,12,0,15,0,15,,48179,12,0,15,0,14,,48180,12,0,15,0,13,,48181,12,0,15,0,12,,48182,12,0,15,0,52,,48183,12,0,15,0,13,,48184,12,0,15,0,12,,48185,12,0,15,0,12,,48186,12,0,15,0,12,,48187,12,0,15,0,52,,48188,12,0,15,0,12,,48189,12,0,15,0,13,,48190,12,0,15,0,13,,48191,12,0,15,0,12,,48192,12,0,15,0,52,,48193,12,0,15,0,12,,48194,12,0,15,0,13,,48195,12,0,15,0,12,,48196,12,0,15,0,52,,48197,12,0,15,0,11,,48198,12,0,15,0,12,,48199,12,0,15,0,12,,48200,12,0,15,0,11,,48201,12,0,15,0,11,,48202,12,0,15,0,52,,48203,12,0,15,0,12,,48204,12,0,15,0,12,,48205,12,0,15,0,12,,48206,12,0,15,0,12,,48207,12,0,15,0,52,,48208,12,0,15,0,12,,48209,12,0,15,0,12,,48210,12,0,15,0,12,,48211,12,0,15,0,12,,48212,12,0,15,0,52,,48213,12,0,15,0,15,,48214,12,0,15,0,15,,48215,12,0,15,0,15,,48216,12,0,15,0,54,,48217,12,0,15,0,15,,48218,12,0,15,0,15,,48219,12,0,15,0,15,,48220,12,0,15,0,55,,48221,12,0,15,0,15,,48222,12,0,15,0,15,,48223,12,0,15,0,15,,48224,12,0,15,0,55,,48225,12,0,15,0,20,,48226,12,0,15,0,20,,48227,12,0,15,0,60,,48228,12,0,15,0,20,,48229,12,0,15,0,26,,48230,12,0,15,0,68,,48231,12,0,15,0,30,,48232,12,0,15,0,70,,48233,12,0,15,0,29,,48234,12,0,15,0,70,,48235,12,0,15,0,30,,48236,12,0,15,0
9501,'5078',705,,48237,12,0,15,0,30,,48238,12,0,15,0,19,,48239,12,0,15,0,60,,48240,12,0,15,0,20,,48241,12,0,15,0,15,,48242,12,0,15,0,55,,48243,12,0,15,0,16,,48244,12,0,15,0,15,,48245,12,0,15,0,16,,48246,12,0,15,0,55,,48247,12,0,15,0,15,,48248,12,0,15,0,15,,48253,12,0,15,0,15,,48249,12,0,15,0,55,,48250,12,0,15,0,15,,48251,12,0,15,0,15,,48254,12,0,15,0,16,,48255,12,0,15,0,55,,48252,12,0,15,0,15,,48256,12,0,15,0,15,,48257,12,0,15,0,15,,48258,12,0,15,0,55,,48259,12,0,15,0,15,,48260,12,0,15,0,15,,48261,12,0,15,0,16,,48262,12,0,15,0,55,,48263,12,0,15,0,15,,48264,12,0,15,0,15,,48265,12,0,15,0,15,,48266,12,0,15,0,55,,48267,12,0,15,0,15,,48268,12,0,15,0,15,,48269,12,0,15,0,16,,48270,12,0,15,0,53,,48271,12,0,15,0,12,,48272,12,0,15,0,11,,48273,12,0,15,0,13,,48274,12,0,15,0,12,,48275,12,0,15,0,52,,48276,12,0,15,0,13,,48277,12,0,15,0,12,,48278,12,0,15,0,12,,48279,12,0,15,0,12,,48280,12,0,15,0,54,,48281,12,0,15,0,15,,48282,12,0,15,0,14,,48283,12,0,15,0,15,,48284,12,0,15,0,54,,48285,12,0,15,0,15,,48286,12,0,15,0,15,,48287,12,0,15,0,15,,48288,12,0,15,0,55,,48289,12,0,15,0,15,,48290,12,0,15,0,14,,48291,12,0,15,0,15,,48292,12,0,15,0,55,,48293,12,0,15,0,15,,48294,12,0,15,0,15,,48295,12,0,15,0,15,,48296,12,0,15,0,55,,48298,12,0,15,0,20,,48297,12,0,15,0,20,,48299,12,0,15,0,58,,48300,12,0,15,0,20,,48301,12,0,15,0,32,,48302,12,0,15,0,70,,48303,12,0,15,0
9501,'5079',705,,48304,12,0,15,0,30,,48305,12,0,15,0,19,,48306,12,0,15,0,60,,48307,12,0,15,0,20,,48308,12,0,15,0,15,,48309,12,0,15,0,55,,48310,12,0,15,0,16,,48311,12,0,15,0,15,,48312,12,0,15,0,16,,48313,12,0,15,0,55,,48314,12,0,15,0,15,,48315,12,0,15,0,15,,48320,12,0,15,0,15,,48316,12,0,15,0,55,,48317,12,0,15,0,15,,48318,12,0,15,0,15,,48321,12,0,15,0,16,,48322,12,0,15,0,55,,48319,12,0,15,0,15,,48323,12,0,15,0,15,,48324,12,0,15,0,15,,48325,12,0,15,0,55,,48326,12,0,15,0,15,,48327,12,0,15,0,15,,48328,12,0,15,0,16,,48329,12,0,15,0,55,,48330,12,0,15,0,15,,48331,12,0,15,0,15,,48332,12,0,15,0,15,,48333,12,0,15,0,55,,48334,12,0,15,0,15,,48335,12,0,15,0,15,,48336,12,0,15,0,16,,48337,12,0,15,0,53,,48338,12,0,15,0,12,,48339,12,0,15,0,11,,48340,12,0,15,0,13,,48341,12,0,15,0,12,,48342,12,0,15,0,52,,48343,12,0,15,0,13,,48344,12,0,15,0,12,,48345,12,0,15,0,12,,48346,12,0,15,0,12,,48347,12,0,15,0,54,,48348,12,0,15,0,15,,48349,12,0,15,0,14,,48350,12,0,15,0,15,,48351,12,0,15,0,54,,48352,12,0,15,0,15,,48353,12,0,15,0,15,,48354,12,0,15,0,15,,48355,12,0,15,0,55,,48356,12,0,15,0,15,,48357,12,0,15,0,14,,48358,12,0,15,0,15,,48359,12,0,15,0,55,,48360,12,0,15,0,15,,48361,12,0,15,0,15,,48362,12,0,15,0,15,,48363,12,0,15,0,55,,48365,12,0,15,0,20,,48364,12,0,15,0,20,,48366,12,0,15,0,58,,48367,12,0,15,0,20,,48368,12,0,15,0,32,,48369,12,0,15,0,70,,48370,12,0,15,0
24005101,'5036',749,,48878,13,,,0,73,,48876,13,,,0,80,,48875,13,,,0,642,,48871,13,,,0,60,,48870,13,,,0,29,,48872,13,,,0,73,,48873,13,,,0,25,,48877,13,,,0,27,,48874,13,,,0
24005101,'5040',749,,48887,13,,,0,73,,48885,13,,,0,80,,48884,13,,,0,642,,48880,13,,,0,60,,48879,13,,,0,29,,48881,13,,,0,73,,48882,13,,,0,25,,48886,13,,,0,27,,48883,13,,,0
