800,'4744',620,,3783,,,0,85,,3784,,,0,29,,3785,,,0,18,,3786,,,0,60,,3787,,,0,92,,3788,,,0,35,,3789,,,0,83,,3782,,,0,83,,3790,,,0,34,,3805,,,0,83,,3791,,,0,86,,3792,,,0,41,,3793,,,0,86,,3794,0,16,0,13,,3795,,,0,81,,3796,,,0,84,,3797,,,0,35,,3806,,,0,75,,3798,,,0,34,,3799,,,0,73,,3800,,,0,71,,3807,,,0,55,,3801,,,0,84,,3802,,,0,97,,3803,,,0,83,,3804,,,0
800,'4947',620,,3820,,,0,85,,3821,,,0,29,,3822,,,0,18,,3823,,,0,60,,3824,,,0,92,,3825,,,0,35,,3826,,,0,83,,3819,,,0,83,,3827,,,0,34,,3842,,,0,83,,3828,,,0,86,,3829,,,0,41,,3830,,,0,86,,3831,0,16,0,13,,3832,,,0,81,,3833,,,0,84,,3834,,,0,35,,3843,,,0,75,,3835,,,0,34,,3836,,,0,73,,3837,,,0,71,,3844,,,0,55,,3838,,,0,84,,3839,,,0,97,,3840,,,0,83,,3841,,,0
800,'4952',620,,3846,,,0,85,,3847,,,0,29,,3848,,,0,18,,3849,,,0,60,,3850,,,0,92,,3851,,,0,35,,3852,,,0,83,,3845,,,0,83,,3853,,,0,34,,3868,,,0,83,,3854,,,0,86,,3855,,,0,41,,3856,,,0,86,,3857,0,16,0,13,,3858,,,0,81,,3859,,,0,84,,3860,,,0,35,,3869,,,0,75,,3861,,,0,34,,3862,,,0,73,,3863,,,0,71,,3870,,,0,55,,3864,,,0,84,,3865,,,0,97,,3866,,,0,83,,3867,,,0
3900,'4744',636,,12945,,,0,76,,12947,,,0,31,,12956,,,0,13,,12949,,,0,54,,12948,,,0,14,,12953,,,0,17,,12952,,,0,16,,12955,,,0,62,,12954,,,0,26,,12959,,,0,70,,12957,,,0,29,,12958,,,0,70,,12960,,,0,31,,12961,,,0,71,,12963,,,0,30,,12962,,,0,71,,12964,,,0,30,,12965,,,0,73,,12967,,,0,31,,12966,,,0,60,,12970,,,0,16,,12969,,,0,17,,12968,,,0,15,,12974,,,0,57,,12971,,,0,12,,12973,,,0,15,,12972,,,0,57,,12975,,,0,16,,12977,,,0,14,,12976,,,0,16,,12978,,,0,57,,12979,,,0,20,,12984,,,0,19,,12983,,,0,77,,12980,,,0,83,,22353,,,0,107,,12982,,,0
3900,'4947',636,,13000,,,0,76,,13002,,,0,31,,13011,,,0,13,,13004,,,0,54,,13003,,,0,14,,13008,,,0,17,,13007,,,0,16,,13010,,,0,62,,13009,,,0,26,,13014,,,0,70,,13012,,,0,29,,13013,,,0,70,,13015,,,0,31,,13016,,,0,71,,13018,,,0,30,,13017,,,0,71,,13019,,,0,30,,13020,,,0,73,,13022,,,0,31,,13021,,,0,60,,13025,,,0,16,,13024,,,0,17,,13023,,,0,15,,13029,,,0,57,,13026,,,0,12,,13028,,,0,15,,13027,,,0,57,,13030,,,0,16,,13032,,,0,14,,13031,,,0,16,,13033,,,0,57,,13034,,,0,20,,13039,,,0,19,,13038,,,0,77,,13035,,,0,83,,22356,,,0,107,,13037,,,0
3900,'4952',636,,13043,,,0,76,,13045,,,0,31,,13054,,,0,13,,13047,,,0,54,,13046,,,0,14,,13051,,,0,17,,13050,,,0,16,,13053,,,0,62,,13052,,,0,26,,13057,,,0,70,,13055,,,0,29,,13056,,,0,70,,13058,,,0,31,,13059,,,0,71,,13061,,,0,30,,13060,,,0,71,,13062,,,0,30,,13063,,,0,73,,13065,,,0,31,,13064,,,0,60,,13068,,,0,16,,13067,,,0,17,,13066,,,0,15,,13072,,,0,57,,13069,,,0,12,,13071,,,0,15,,13070,,,0,57,,13073,,,0,16,,13075,,,0,14,,13074,,,0,16,,13076,,,0,57,,13077,,,0,20,,13082,,,0,19,,13081,,,0,77,,13078,,,0,83,,22358,,,0,107,,13080,,,0
8301,'4487',1016,,17924,,,0,300,,17922,,,0,305,,17923,,,0,299,,17921,,,0
8301,'4744',739,,17929,,,0,93,,17930,,,0,208,,17931,,,0,181,,17932,,,0,195,,17933,,,0,213,,17934,,,0,210,,17935,,,0,199,,17936,,,0
8301,'4745',1014,,17939,,,0,300,,17940,,,0,305,,17938,,,0,299,,17937,,,0
8301,'4947',739,,17941,,,0,93,,17942,,,0,208,,17943,,,0,181,,17944,,,0,195,,17945,,,0,213,,17946,,,0,210,,17947,,,0,199,,17948,,,0
8301,'4952',739,,17949,,,0,93,,17950,,,0,208,,17951,,,0,181,,17952,,,0,195,,17953,,,0,213,,17954,,,0,210,,17955,,,0,199,,17956,,,0
8301,'4953',1016,,17960,,,0,300,,17958,,,0,305,,17959,,,0,299,,17957,,,0
8301,'4954',1014,,17963,,,0,300,,17964,,,0,305,,17962,,,0,299,,17961,,,0
