7001,'5036',721,,46474,6,,,0,105,,46469,6,,,0,96,,46477,6,,,0,99,,46470,6,,,0,203,,46483,6,,,0,101,,46481,6,,,0,100,,46471,6,,,0,104,,46476,6,,,0,98,,46479,6,,,0,29,,46472,6,,,0,73,,46473,6,,,0,96,,46475,6,,,0,99,,46478,6,,,0,100,,46485,6,,,0,100,,46480,6,,,0,100,,46484,6,,,0,99,,46482,6,,,0
7001,'5040',721,,46492,6,,,0,105,,46486,6,,,0,96,,46495,6,,,0,99,,46487,6,,,0,103,,46488,6,,,0,100,,46501,6,,,0,101,,46499,6,,,0,100,,46489,6,,,0,104,,46494,6,,,0,98,,46497,6,,,0,29,,46490,6,,,0,73,,46491,6,,,0,96,,46493,6,,,0,99,,46496,6,,,0,100,,46503,6,,,0,100,,46498,6,,,0,100,,46502,6,,,0,99,,46500,6,,,0
7001,'5041',920,,46504,6,,,0,103,,46505,6,,,0,101,,46506,6,,,0,101,,46507,6,,,0,101,,46508,6,,,0,102,,46509,6,,,0,100,,46510,6,,,0,98,,46511,6,,,0,97,,46512,6,,,0,98,,46513,6,,,0,100,,46514,6,,,0,100,,46517,6,,,0,100,,46515,6,,,0,199,,46516,6,,,0
7001,'5074',1124,,46518,6,,,0
7001,'5077',1124,,46519,6,,,0
7001,'5078',920,,46520,6,,,0,100,,46534,6,,,0,100,,46521,6,,,0,100,,46522,6,,,0,104,,46523,6,,,0,100,,46524,6,,,0,101,,46525,6,,,0,98,,46526,6,,,0,103,,46527,6,,,0,98,,46528,6,,,0,100,,46529,6,,,0,100,,46530,6,,,0,100,,46531,6,,,0,101,,46535,6,,,0,98,,46532,6,,,0,98,,46533,6,,,0
7001,'5079',920,,46536,6,,,0,100,,46550,6,,,0,100,,46537,6,,,0,100,,46538,6,,,0,104,,46539,6,,,0,100,,46540,6,,,0,101,,46541,6,,,0,98,,46542,6,,,0,103,,46543,6,,,0,98,,46544,6,,,0,100,,46545,6,,,0,100,,46546,6,,,0,100,,46547,6,,,0,101,,46551,6,,,0,98,,46548,6,,,0,98,,46549,6,,,0
7101,'5036',625,,46560,26,,,0,31,,46559,26,,,0,89,,46558,26,,,0
7101,'5040',625,,46563,26,,,0,31,,46562,26,,,0,89,,46561,26,,,0
7201,'5036',606,,46746,42,,,0,40,,46736,42,,,0,71,,46747,42,,,0,32,,46738,42,,,0,72,,46725,42,,,0,88,,46745,42,,,0,30,,46751,42,,,0,70,,46730,42,,,0,30,,46744,42,,,0,70,,46737,42,,,0,33,,46722,42,,,0,70,,46748,42,,,0,30,,46735,42,,,0,71,,46729,42,,,0,30,,46723,42,,,0,70,,46724,42,,,0,103,,46728,42,,,0,31,,46752,42,,,0,71,,46727,42,,,0,27,,46731,42,,,0,69,,46734,42,,,0,30,,46733,42,,,0,97,,46732,42,,,0,70,,46753,42,,,0,29,,46740,42,,,0,70,,46741,42,,,0,30,,46739,42,,,0,70,,46742,42,,,0,30,,46743,42,,,0,97,,46750,42,,,0,98,,46749,42,,,0,99,,46754,42,,,0
7201,'5040',606,,46782,42,,,0,40,,46772,42,,,0,71,,46783,42,,,0,32,,46774,42,,,0,72,,46758,42,,,0,21,,46760,42,,,0,67,,46781,42,,,0,30,,46787,42,,,0,70,,46765,42,,,0,30,,46780,42,,,0,70,,46773,42,,,0,33,,46755,42,,,0,70,,46784,42,,,0,30,,46771,42,,,0,71,,46764,42,,,0,30,,46756,42,,,0,70,,46757,42,,,0,34,,46759,42,,,0,69,,46763,42,,,0,31,,46788,42,,,0,71,,46762,42,,,0,27,,46766,42,,,0,69,,46770,42,,,0,30,,46768,42,,,0,70,,46769,42,,,0,27,,46767,42,,,0,70,,46789,42,,,0,29,,46776,42,,,0,70,,46777,42,,,0,30,,46775,42,,,0,70,,46778,42,,,0,30,,46779,42,,,0,97,,46786,42,,,0,98,,46785,42,,,0,99,,46790,42,,,0
7201,'5041',633,,46822,42,,,0,103,,46792,42,,,0,99,,46793,42,,,0,73,,46794,42,,,0,31,,46795,42,,,0,70,,46796,42,,,0,31,,46797,42,,,0,70,,46798,42,,,0,31,,46799,42,,,0,70,,46800,42,,,0,30,,46791,42,,,0,70,,46801,42,,,0,30,,46802,42,,,0,71,,46803,42,,,0,34,,46804,42,,,0,71,,46805,42,,,0,29,,46806,42,,,0,71,,46807,42,,,0,29,,46808,42,,,0,66,,46809,42,,,0,27,,46810,42,,,0,70,,46811,42,,,0,29,,46812,42,,,0,70,,46813,42,,,0,29,,46814,42,,,0,70,,46815,42,,,0,31,,46816,42,,,0,69,,46817,42,,,0,30,,46818,42,,,0,101,,46819,42,,,0,97,,46820,42,,,0,98,,46821,42,,,0
7201,'5074',842,,46823,42,,,0,602,,46824,42,,,0,370,,46825,42,,,0
7201,'5077',842,,46827,42,,,0,605,,46826,42,,,0,367,,46828,42,,,0
7201,'5078',735,,46830,42,,,0,100,,46831,42,,,0,100,,46832,42,,,0,106,,46833,42,,,0,100,,46834,42,,,0,70,,46835,42,,,0,30,,46829,42,,,0,69,,46836,42,,,0,30,,46837,42,,,0,70,,46839,42,,,0,30,,46840,42,,,0,71,,46841,42,,,0,30,,46838,42,,,0,70,,46842,42,,,0,29,,46843,42,,,0,70,,46844,42,,,0,34,,46845,42,,,0,68,,46846,42,,,0,31,,46847,42,,,0,70,,46848,42,,,0,30,,46849,42,,,0,69,,46850,42,,,0,30,,46851,42,,,0,70,,46852,42,,,0,30,,46853,42,,,0,95,,46854,42,,,0,98,,46855,42,,,0
7201,'5079',735,,46857,42,,,0,100,,46858,42,,,0,100,,46859,42,,,0,106,,46860,42,,,0,100,,46861,42,,,0,70,,46862,42,,,0,30,,46856,42,,,0,69,,46863,42,,,0,30,,46864,42,,,0,70,,46866,42,,,0,30,,46867,42,,,0,71,,46868,42,,,0,30,,46865,42,,,0,70,,46869,42,,,0,29,,46870,42,,,0,70,,46871,42,,,0,34,,46872,42,,,0,68,,46873,42,,,0,31,,46874,42,,,0,70,,46875,42,,,0,30,,46876,42,,,0,69,,46877,42,,,0,30,,46878,42,,,0,70,,46879,42,,,0,30,,46880,42,,,0,95,,46881,42,,,0,98,,46882,42,,,0
7501,'5036',557,,47038,37,,,0,70,,47039,37,,,0,23,,47040,37,,,0,59,,47041,37,,,0,23,,47042,37,,,0,26,,47043,37,,,0,59,,47044,37,,,0,16,,47045,37,,,0,69,,47046,37,,,0,32,,47047,39,,,0,79,,47048,39,,,0,30,,47049,39,,,0,74,,47050,39,,,0,28,,47051,39,,,0,70,,47052,39,,,0,31,,47053,39,,,0,70,,47054,39,,,0,30,,47055,39,,,0,71,,47056,39,,,0,32,,47057,39,,,0,69,,47076,13,,,0,3,,47058,39,,,0,19,,47074,39,,,0,7,,47075,13,,,0,3,,47059,39,,,0,59,,47060,39,,,0,14,,47061,39,,,0,10,,47062,37,,,0,10,,47063,18,,,0,6,,47077,13,,,0,4,,47064,39,,,0,67,,47065,39,,,0,27,,47066,39,,,0,70,,47067,39,,,0,99,,47068,39,,,0,97,,47069,39,,,0,100,,47070,39,,,0,98,,47071,39,,,0,94,,47072,39,0,28 29 14,0,53,,47073,37,0,28 29 14,0
7501,'5040',557,,47078,37,,,0,70,,47079,37,,,0,23,,47080,37,,,0,59,,47081,37,,,0,23,,47082,37,,,0,26,,47083,37,,,0,59,,47084,37,,,0,16,,47085,37,,,0,69,,47086,37,,,0,32,,47087,39,,,0,79,,47088,39,,,0,30,,47089,39,,,0,74,,47090,39,,,0,28,,47091,39,,,0,70,,47092,39,,,0,31,,47093,39,,,0,70,,47094,39,,,0,30,,47095,39,,,0,71,,47096,39,,,0,32,,47097,39,,,0,69,,47116,13,,,0,3,,47098,39,,,0,19,,47114,39,,,0,7,,47115,13,,,0,3,,47099,39,,,0,59,,47100,39,,,0,14,,47101,39,,,0,10,,47102,37,,,0,10,,47103,18,,,0,6,,47117,13,,,0,4,,47104,39,,,0,67,,47105,39,,,0,27,,47106,39,,,0,70,,47107,39,,,0,99,,47108,39,,,0,97,,47109,39,,,0,100,,47110,39,,,0,98,,47111,39,,,0,94,,47112,39,0,28 29 14,0,53,,47113,37,0,28 29 14,0
7501,'5041',646,,47118,31,0,28 29 14,0,113,,47119,37,,,0,100,,47120,37,,,0,153,,47121,39,,,0,33,,47144,18,,,0,70,,47122,39,,,0,31,,47141,18,,,0,70,,47123,39,,,0,30,,47124,39,,,0,70,,47125,39,,,0,30,,47126,39,,,0,70,,47127,39,,,0,34,,47128,39,,,0,70,,47129,39,,,0,30,,47130,39,,,0,70,,47131,39,,,0,31,,47132,39,,,0,70,,47133,39,,,0,30,,47142,18,,,0,66,,47134,39,,,0,29,,47143,18,,,0,66,,47135,39,,,0,99,,47136,39,,,0,100,,47137,39,,,0,100,,47138,39,,,0,95,,47139,39,0,28 29 14,0,94,,47140,37,0,28 29 14,0
7501,'5078',655,,47145,13,0,28 29 14,0,101,,47146,37,0,28 29 14,0,144,,47147,37,,,0,109,,47148,39,,,0,101,,47149,39,,,0,104,,47150,39,,,0,31,,47151,39,,,0,70,,47152,39,,,0,30,,47153,39,,,0,70,,47154,39,,,0,31,,47155,39,,,0,71,,47156,39,,,0,30,,47157,39,,,0,70,,47158,39,,,0,30,,47167,18,,,0,70,,47159,39,,,0,101,,47160,39,,,0,99,,47161,39,,,0,100,,47162,39,,,0,99,,47163,39,,,0,100,,47164,39,,,0,88,,47165,39,0,28 29 14,0,107,,47166,37,0,28 29 14,0
7501,'5079',655,,47168,13,0,28 29 14,0,101,,47169,37,0,28 29 14,0,144,,47170,37,,,0,109,,47171,39,,,0,101,,47172,39,,,0,104,,47173,39,,,0,31,,47174,39,,,0,70,,47175,39,,,0,30,,47176,39,,,0,70,,47177,39,,,0,31,,47178,39,,,0,71,,47179,39,,,0,30,,47180,39,,,0,70,,47181,39,,,0,30,,47190,18,,,0,70,,47182,39,,,0,101,,47183,39,,,0,99,,47184,39,,,0,100,,47185,39,,,0,99,,47186,39,,,0,100,,47187,39,,,0,88,,47188,39,0,28 29 14,0,107,,47189,37,0,28 29 14,0
24007001,'5036',1117,,48889,5,,,0,201,,48890,5,,,0,205,,48891,5,,,0,200,,48892,5,,,0,194,,48893,5,,,0,200,,48894,5,,,0,392,,48888,4,0,27,0
24007001,'5040',1117,,48896,5,,,0,201,,48897,5,,,0,205,,48898,5,,,0,200,,48899,5,,,0,194,,48900,5,,,0,200,,48901,5,,,0,392,,48895,4,0,27,0
24007001,'5041',1117,,48902,5,,,0,201,,48903,5,,,0,204,,48904,5,,,0,195,,48905,5,,,0,197,,48906,5,,,0,200,,48907,5,,,0,395,,48908,4,0,27,0
24007001,'5078',1114,,48909,5,,,0,204,,48910,5,,,0,203,,48911,5,,,0,198,,48912,5,,,0,198,,48913,5,,,0,199,,48914,5,,,0,312,,48915,4,0,27,0
24007001,'5079',908,,48923,5,,,0,102,,48926,5,,,0,104,,48916,5,,,0,98,,48924,5,,,0,106,,48917,5,,,0,95,,48927,5,,,0,108,,48918,5,,,0,93,,48925,5,,,0,105,,48919,5,,,0,92,,48928,5,,,0,106,,48920,5,,,0,92,,48929,5,,,0,107,,48921,5,,,0,312,,48922,4,0,27,0
