201,'5036',603,,36642,23,0,46 37,0,21,,36634,23,0,46 37,0,26,,36651,23,0,46 37,0,69,,36646,23,0,46 37,0,30,,36635,23,0,46 37,0,71,,36650,23,0,46 37,0,32,,36640,23,0,46 37,0,71,,36636,23,0,46 37,0,33,,36648,23,0,46 37,0,78,,36641,23,0,46 37,0,79,,36637,23,0,46 37,0,39,,36639,23,0,46 37,0,80,,36638,23,0,46 37,0,79,,36647,23,0,46 37,0,40,,36644,23,0,46 37,0,92,,36645,23,0,46 37,0,74,,36643,23,0,46 37,0,37,,36653,23,0,46 37,0,75,,36654,23,0,46 37,0,76,,36652,23,0,46 37,0,37,,36655,23,0,46 37,0,88,,36656,23,0,46 37,0,25,,36658,23,0,46 37,0,82,,36657,23,0,46 37,0,83,,36659,23,0,46 37,0,81,,36660,23,0,46 37,0,38,,36661,23,0,46 37,0,80,,36662,23,0,46 37,0,81,,36664,23,0,46 37,0,41,,36663,23,0,46 37,0,72,,36665,23,0,46 37,0
201,'5040',603,,36674,23,0,46 37,0,21,,36666,23,0,46 37,0,26,,36684,23,0,46 37,0,69,,36678,23,0,46 37,0,30,,36667,23,0,46 37,0,71,,36683,23,0,46 37,0,32,,36672,23,0,46 37,0,71,,36668,23,0,46 37,0,33,,36681,23,0,46 37,0,78,,36673,23,0,46 37,0,79,,36669,23,0,46 37,0,39,,36671,23,0,46 37,0,80,,36670,23,0,46 37,0,79,,36680,23,0,46 37,0,40,,36676,23,0,46 37,0,92,,36677,23,0,46 37,0,15,,36679,4,0,46 37,0,59,,36675,23,0,46 37,0,37,,36686,23,0,46 37,0,75,,36687,23,0,46 37,0,76,,36685,23,0,46 37,0,37,,36688,23,0,46 37,0,88,,36689,23,0,46 37,0,25,,36691,23,0,46 37,0,82,,36690,23,0,46 37,0,83,,36692,23,0,46 37,0,81,,36693,23,0,46 37,0,38,,36694,23,0,46 37,0,80,,36695,23,0,46 37,0,81,,36697,23,0,46 37,0,41,,36696,23,0,46 37,0,72,,36698,23,0,46 37,0
201,'5041',646,,36720,23,0,46 37,0,158,,36721,23,0,46 37,0,124,,36715,23,0,46 37,0,80,,36708,23,0,46 37,0,97,,36718,23,0,46 37,0,38,,36709,23,0,46 37,0,80,,36701,23,0,46 37,0,78,,36704,23,0,46 37,0,38,,36703,23,0,46 37,0,81,,36713,23,0,46 37,0,80,,36705,23,0,46 37,0,41,,36702,23,0,46 37,0,81,,36706,23,0,46 37,0,35,,36714,23,0,46 37,0,81,,36717,23,0,46 37,0,81,,36716,23,0,46 37,0,37,,36719,23,0,46 37,0,76,,36710,23,0,46 37,0,80,,36711,23,0,46 37,0,45,,36712,23,0,46 37,0,81,,36725,23,0,46 37,0,81,,36722,23,0,46 37,0,83,,36723,23,0,46 37,0,40,,36724,23,0,46 37,0,76,,36726,23,0,46 37,0
201,'5075',1458,,36728,4,0,46 37,0
201,'5076',1458,,36729,4,0,46 37,0
201,'5078',632,,36744,23,0,46 37,0,120,,36751,23,0,46 37,0,158,,36745,23,0,46 37,0,135,,36752,23,0,46 37,0,100,,36731,23,0,46 37,0,79,,36742,23,0,46 37,0,79,,36738,23,0,46 37,0,39,,36737,23,0,46 37,0,81,,36733,23,0,46 37,0,80,,36734,23,0,46 37,0,40,,36743,23,0,46 37,0,81,,36739,23,0,46 37,0,76,,36735,23,0,46 37,0,40,,36736,23,0,46 37,0,81,,36740,23,0,46 37,0,37,,36749,23,0,46 37,0,81,,36741,23,0,46 37,0,80,,36748,23,0,46 37,0,81,,36747,23,0,46 37,0,40,,36750,23,0,46 37,0,81,,36746,23,0,46 37,0,81,,36753,23,0,46 37,0,41,,36754,23,0,46 37,0
201,'5079',632,,36769,23,0,46 37,0,120,,36776,23,0,46 37,0,158,,36770,23,0,46 37,0,135,,36777,23,0,46 37,0,100,,36756,23,0,46 37,0,79,,36767,23,0,46 37,0,79,,36763,23,0,46 37,0,39,,36762,23,0,46 37,0,81,,36758,23,0,46 37,0,80,,36759,23,0,46 37,0,40,,36768,23,0,46 37,0,81,,36764,23,0,46 37,0,76,,36760,23,0,46 37,0,40,,36761,23,0,46 37,0,81,,36765,23,0,46 37,0,37,,36774,23,0,46 37,0,81,,36766,23,0,46 37,0,80,,36773,23,0,46 37,0,81,,36772,23,0,46 37,0,40,,36775,23,0,46 37,0,81,,36771,23,0,46 37,0,81,,36778,23,0,46 37,0,41,,36779,23,0,46 37,0
501,'5036',635,,37758,18,,,0,71,,37763,18,,,0,27,,37755,18,,,0,71,,37757,18,,,0,32,,37761,18,,,0,72,,37756,18,,,0,30,,37759,18,,,0,77,,37762,18,,,0,39,,37760,18,,,0,79,,37770,18,,,0,79,,37765,18,,,0,40,,37766,18,,,0,79,,37764,18,,,0,94,,37767,18,,,0,76,,37769,18,,,0,34,,37768,18,,,0,77,,37771,18,,,0,35,,37775,18,,,0,75,,37773,18,,,0,82,,37774,18,,,0,111,,37772,18,,,0,43,,37776,18,,,0,82,,37777,18,,,0
501,'5040',635,,37781,18,,,0,71,,37786,18,,,0,27,,37778,18,,,0,71,,37780,18,,,0,32,,37784,18,,,0,72,,37779,18,,,0,30,,37782,18,,,0,77,,37785,18,,,0,39,,37783,18,,,0,79,,37793,18,,,0,79,,37788,18,,,0,40,,37789,18,,,0,79,,37787,18,,,0,94,,37790,18,,,0,76,,37792,18,,,0,34,,37791,18,,,0,77,,37794,18,,,0,35,,37798,18,,,0,75,,37796,18,,,0,82,,37797,18,,,0,111,,37795,18,,,0,43,,37799,18,,,0,82,,37800,18,,,0
501,'5041',725,,37809,18,,,0,120,,37811,18,,,0,103,,37808,18,,,0,79,,37802,18,,,0,97,,37810,18,,,0,79,,37801,18,,,0,39,,37817,18,,,0,78,,37806,18,,,0,38,,37807,18,,,0,82,,37804,18,,,0,80,,37805,18,,,0,81,,37815,18,,,0,41,,37818,18,,,0,75,,37814,18,,,0,42,,37816,18,,,0,77,,37820,18,,,0,75,,37819,18,,,0,41,,37812,18,,,0,85,,37813,18,,,0
501,'5078',712,,37835,18,,,0,119,,37834,18,,,0,117,,37833,18,,,0,79,,37827,18,,,0,98,,37830,18,,,0,79,,37826,18,,,0,40,,37822,18,,,0,78,,37821,18,,,0,81,,37837,18,,,0,40,,37829,18,,,0,80,,37825,18,,,0,80,,37824,18,,,0,42,,37823,18,,,0,75,,37836,18,,,0,80,,37831,18,,,0,36,,37828,18,,,0,83,,37832,18,,,0
501,'5079',712,,37852,18,,,0,119,,37851,18,,,0,117,,37850,18,,,0,79,,37844,18,,,0,98,,37847,18,,,0,79,,37843,18,,,0,40,,37839,18,,,0,78,,37838,18,,,0,81,,37854,18,,,0,40,,37846,18,,,0,80,,37842,18,,,0,80,,37841,18,,,0,42,,37840,18,,,0,75,,37853,18,,,0,80,,37848,18,,,0,36,,37845,18,,,0,83,,37849,18,,,0
2701,'5036',540,,42696,28,,,0,81,,42695,28,,,0,26,,42701,28,,,0,62,,42708,28,,,0,31,,42725,28,,,0,68,,42702,28,,,0,24,,42734,28,,,0,70,,42735,28,,,0,19,,42715,28,,,0,22,,42746,28,,,0,62,,42733,28,,,0,25,,42709,28,,,0,27,,42698,28,,,0,66,,42697,28,,,0,27,,42699,28,,,0,67,,42700,28,,,0,27,,42714,28,,,0,67,,42732,28,,,0,26,,42703,28,,,0,66,,42704,28,,,0,27,,42707,28,,,0,25,,42705,28,,,0,69,,42706,28,,,0,30,,42745,28,,,0,56,,42726,28,,,0,33,,42740,28,,,0,71,,42742,28,,,0,31,,42727,28,,,0,68,,42720,28,,,0,12,,42718,28,,,0,27,,42721,28,,,0,55,,42722,28,,,0,14,,42723,28,,,0,21,,42724,28,,,0,89,,42729,28,,,0,28,,42730,28,,,0,96,,42731,28,,,0,69,,42728,28,,,0,103,,42739,28,,,0,79,,42737,28,,,0,37,,42738,28,,,0
2701,'5040',540,,42748,28,,,0,81,,42747,28,,,0,26,,42753,28,,,0,62,,42760,28,,,0,31,,42778,28,,,0,68,,42754,28,,,0,24,,42788,28,,,0,70,,42789,28,,,0,19,,42767,28,,,0,22,,42806,28,,,0,62,,42787,28,,,0,25,,42761,28,,,0,27,,42750,28,,,0,66,,42749,28,,,0,27,,42751,28,,,0,67,,42752,28,,,0,27,,42766,28,,,0,67,,42786,28,,,0,26,,42755,28,,,0,66,,42756,28,,,0,24,,42795,28,,,0,3,,42759,28,,,0,25,,42757,28,,,0,69,,42758,28,,,0,86,,42779,28,,,0,33,,42796,28,,,0,71,,42798,28,,,0,31,,42780,28,,,0,68,,42772,28,,,0,12,,42770,28,,,0,13,,42799,28,,,0,14,,42773,28,,,0,55,,42774,28,,,0,14,,42775,28,,,0,21,,42776,28,,,0,63,,42777,28,,,0,26,,42782,28,,,0,28,,42783,28,,,0,69,,42784,28,,,0,27,,42785,28,,,0,69,,42781,28,,,0,29,,42791,28,,,0,74,,42794,28,,,0,79,,42792,28,,,0,37,,42793,28,,,0,82,,42803,28,,,0,80,,42804,28,,,0
2701,'5041',643,,42807,28,,,0,77,,42808,28,,,0,31,,42809,28,,,0,71,,42810,28,,,0,30,,42811,28,,,0,67,,42812,28,,,0,28,,42813,28,,,0,67,,42814,28,,,0,27,,42815,28,,,0,67,,42816,28,,,0,22,,42817,28,,,0,23,,42818,28,,,0,63,,42819,28,,,0,22,,42820,28,,,0,63,,42823,28,,,0,22,,42822,28,,,0,23,,42824,28,,,0,63,,42821,28,,,0,23,,42825,28,,,0,23,,42826,28,,,0,60,,42827,28,,,0,21,,42828,28,,,0,21,,42829,28,,,0,60,,42830,28,,,0,21,,42831,28,,,0,20,,42832,28,,,0,59,,42833,28,,,0,20,,42834,28,,,0,19,,42835,28,,,0,60,,42836,28,,,0,20,,42837,28,,,0,20,,42838,28,,,0,60,,42839,28,,,0,20,,42840,28,,,0,66,,42841,28,,,0,26,,42842,28,,,0,29,,42843,28,,,0,70,,42844,28,,,0,28,,42845,28,,,0,70,,42846,28,,,0,30,,42847,28,,,0,70,,42848,28,,,0,31,,42849,28,,,0,70,,42850,28,,,0,30,,42851,28,,,0,68,,42852,28,,,0,28,,42853,28,,,0,70,,42854,28,,,0
2701,'5075',1838,,42860,28,,,0,167,,42857,28,,,0,123,,42858,28,,,0,125,,42859,28,,,0
2701,'5076',1838,,42864,28,,,0,167,,42861,28,,,0,123,,42862,28,,,0,125,,42863,28,,,0
2701,'5078',713,,42865,28,,,0,42,,42866,28,,,0,70,,42867,28,,,0,29,,42868,28,,,0,72,,42869,28,,,0,31,,42870,28,,,0,69,,42871,28,,,0,29,,42872,28,,,0,67,,42873,28,,,0,27,,42874,28,,,0,65,,42875,28,,,0,25,,42876,28,,,0,63,,42877,28,,,0,24,,42878,28,,,0,22,,42879,28,,,0,64,,42880,28,,,0,23,,42881,28,,,0,23,,42882,28,,,0,63,,42883,28,,,0,23,,42884,28,,,0,63,,42885,28,,,0,23,,42886,28,,,0,21,,42887,28,,,0,63,,42888,28,,,0,23,,42889,28,,,0,63,,42890,28,,,0,22,,42891,28,,,0,22,,42892,28,,,0,64,,42893,28,,,0,25,,42894,28,,,0,25,,42895,28,,,0,68,,42896,28,,,0,29,,42897,28,,,0,70,,42898,28,,,0,30,,42899,28,,,0,75,,42900,28,,,0,80,,42901,28,,,0,39,,42902,28,,,0
2701,'5079',713,,42904,28,,,0,42,,42905,28,,,0,70,,42906,28,,,0,29,,42907,28,,,0,72,,42908,28,,,0,31,,42909,28,,,0,69,,42910,28,,,0,29,,42911,28,,,0,67,,42912,28,,,0,27,,42913,28,,,0,65,,42914,28,,,0,25,,42915,28,,,0,63,,42916,28,,,0,24,,42917,28,,,0,22,,42918,28,,,0,64,,42919,28,,,0,23,,42920,28,,,0,23,,42921,28,,,0,63,,42922,28,,,0,23,,42923,28,,,0,63,,42924,28,,,0,23,,42925,28,,,0,21,,42926,28,,,0,63,,42927,28,,,0,23,,42928,28,,,0,63,,42929,28,,,0,22,,42930,28,,,0,22,,42931,28,,,0,64,,42932,28,,,0,25,,42933,28,,,0,25,,42934,28,,,0,68,,42935,28,,,0,29,,42936,28,,,0,70,,42937,28,,,0,30,,42938,28,,,0,75,,42939,28,,,0,80,,42940,28,,,0,39,,42941,28,,,0
2801,'5036',607,,43168,33,,,0,28,,43173,33,,,0,24,,43169,33,,,0,63,,43171,33,,,0,12,,43172,33,,,0,14,,43190,33,,,0,53,,43170,33,,,0,13,,43203,33,,,0,11,,43174,33,,,0,13,,43187,33,,,0,12,,43176,33,,,0,61,,43175,33,,,0,20,,43178,33,,,0,23,,43213,33,,,0,63,,43177,33,,,0,26,,43179,33,,,0,67,,43191,33,,,0,26,,43201,33,,,0,67,,43183,33,,,0,27,,43180,33,,,0,27,,43181,33,,,0,67,,43182,33,,,0,26,,43185,33,,,0,66,,43189,33,,,0,27,,43202,33,,,0,67,,43186,33,,,0,29,,43184,33,,,0,16,,43209,33,,,0,73,,43188,33,,,0,102,,43210,33,,,0,71,,43204,33,,,0,130,,43194,33,,,0,22,,43193,33,,,0,65,,43195,33,,,0,27,,43196,33,,,0,68,,43197,33,,,0,28,,43198,33,,,0,68,,43199,33,,,0,29,,43200,33,,,0,70,,43206,33,,,0,38,,43207,33,,,0,78,,43205,33,,,0,80,,43208,33,,,0
2801,'5040',607,,43214,33,,,0,28,,43219,33,,,0,24,,43215,33,,,0,63,,43217,33,,,0,12,,43218,33,,,0,14,,43237,33,,,0,53,,43216,33,,,0,13,,43250,33,,,0,11,,43220,33,,,0,13,,43233,33,,,0,12,,43222,33,,,0,61,,43221,33,,,0,20,,43224,33,,,0,23,,43263,33,,,0,63,,43223,33,,,0,26,,43225,33,,,0,67,,43238,33,,,0,26,,43248,33,,,0,67,,43229,33,,,0,27,,43226,33,,,0,27,,43227,33,,,0,67,,43228,33,,,0,26,,43231,33,,,0,66,,43236,33,,,0,27,,43249,33,,,0,67,,43232,33,,,0,29,,43230,33,,,0,16,,43256,33,,,0,73,,43234,33,,,0,72,,43235,33,,,0,30,,43257,33,,,0,71,,43251,33,,,0,130,,43241,33,,,0,22,,43240,33,,,0,65,,43242,33,,,0,27,,43243,33,,,0,68,,43244,33,,,0,28,,43245,33,,,0,68,,43246,33,,,0,29,,43247,33,,,0,70,,43253,33,,,0,38,,43254,33,,,0,78,,43252,33,,,0,80,,43255,33,,,0,41,,43260,33,,,0
2801,'5041',703,,43265,33,,,0,33,,43266,33,,,0,71,,43267,33,,,0,30,,43268,33,,,0,68,,43269,33,,,0,28,,43270,33,,,0,67,,43271,33,,,0,27,,43272,33,,,0,28,,43264,33,,,0,64,,43273,33,,,0,22,,43274,33,,,0,63,,43275,33,,,0,23,,43276,33,,,0,23,,43277,33,,,0,62,,43279,33,,,0,22,,43278,33,,,0,23,,43280,33,,,0,64,,43281,33,,,0,22,,43282,33,,,0,62,,43285,33,,,0,21,,43286,33,,,0,21,,43283,33,,,0,60,,43284,33,,,0,21,,43287,33,,,0,20,,43288,33,,,0,60,,43289,33,,,0,19,,43290,33,,,0,19,,43291,33,,,0,61,,43292,33,,,0,19,,43293,33,,,0,20,,43294,33,,,0,60,,43295,33,,,0,20,,43296,33,,,0,23,,43297,33,,,0,66,,43298,33,,,0,28,,43299,33,,,0,69,,43300,33,,,0,30,,43301,33,,,0,68,,43302,33,,,0,29,,43303,33,,,0,71,,43304,33,,,0,31,,43305,33,,,0,70,,43306,33,,,0,31,,43307,33,,,0,68,,43308,33,,,0,28,,43309,33,,,0,69,,43310,33,,,0
2801,'5075',1700,,43313,33,,,0
2801,'5076',1700,,43314,33,,,0
2801,'5078',643,,43316,33,,,0,96,,43317,33,,,0,70,,43318,33,,,0,30,,43319,33,,,0,70,,43315,33,,,0,32,,43320,33,,,0,71,,43321,33,,,0,29,,43322,33,,,0,67,,43323,33,,,0,27,,43324,33,,,0,66,,43325,33,,,0,25,,43326,33,,,0,24,,43327,33,,,0,64,,43328,33,,,0,23,,43329,33,,,0,63,,43330,33,,,0,23,,43331,33,,,0,23,,43332,33,,,0,63,,43333,33,,,0,23,,43334,33,,,0,23,,43335,33,,,0,63,,43336,33,,,0,22,,43337,33,,,0,62,,43338,33,,,0,23,,43339,33,,,0,24,,43340,33,,,0,62,,43341,33,,,0,22,,43342,33,,,0,23,,43343,33,,,0,65,,43344,33,,,0,25,,43345,33,,,0,66,,43346,33,,,0,28,,43347,33,,,0,70,,43348,33,,,0,30,,43349,33,,,0,70,,43350,33,,,0,40,,43351,33,,,0,79,,43352,33,,,0,83,,43353,33,,,0
2801,'5079',643,,43355,33,,,0,96,,43356,33,,,0,70,,43357,33,,,0,30,,43358,33,,,0,70,,43354,33,,,0,32,,43359,33,,,0,71,,43360,33,,,0,29,,43361,33,,,0,67,,43362,33,,,0,27,,43363,33,,,0,66,,43364,33,,,0,25,,43365,33,,,0,24,,43366,33,,,0,64,,43367,33,,,0,23,,43368,33,,,0,63,,43369,33,,,0,23,,43370,33,,,0,23,,43371,33,,,0,63,,43372,33,,,0,23,,43373,33,,,0,23,,43374,33,,,0,63,,43375,33,,,0,22,,43376,33,,,0,62,,43377,33,,,0,23,,43378,33,,,0,24,,43379,33,,,0,62,,43380,33,,,0,22,,43381,33,,,0,23,,43382,33,,,0,65,,43383,33,,,0,25,,43384,33,,,0,66,,43385,33,,,0,28,,43386,33,,,0,70,,43387,33,,,0,30,,43388,33,,,0,70,,43389,33,,,0,40,,43390,33,,,0,79,,43391,33,,,0,83,,43392,33,,,0
