800,'4487',735,,3753,,,0,85,,3754,,,0,86,,3755,,,0,47,,3756,,,0,90,,3757,,,0,87,,3752,,,0,90,,3758,,,0,91,,3759,,,0,92,,3760,,,0,52,,3761,,,0,90,,3762,,,0,91,,3763,,,0,88,,3764,,,0,84,,3765,,,0,45,,3766,,,0
800,'4743',735,,3768,,,0,85,,3769,,,0,86,,3770,,,0,47,,3771,,,0,90,,3772,,,0,87,,3767,,,0,90,,3773,,,0,91,,3774,,,0,92,,3775,,,0,52,,3776,,,0,90,,3777,,,0,91,,3778,,,0,88,,3779,,,0,84,,3780,,,0,45,,3781,,,0
800,'4744',648,,3783,,,0,90,,3784,,,0,73,,3785,,,0,20,,3786,,,0,21,,3787,,,0,86,,3788,,,0,75,,3789,,,0,41,,3782,,,0,84,,3790,,,0,78,,3805,,,0,84,,3791,,,0,44,,3792,,,0,84,,3793,,,0,102,,3795,,,0,83,,3796,,,0,46,,3797,,,0,69,,3806,,,0,72,,3798,,,0,32,,3799,,,0,69,,3800,,,0,29,,3807,,,0,94,,3801,,,0,83,,3802,,,0,96,,3803,,,0,42,,3804,,,0
800,'4745',905,,3809,,,0,47,,3810,,,0,90,,3811,,,0,86,,3812,,,0,91,,3813,,,0,92,,3808,,,0,90,,3814,,,0,52,,3815,,,0,91,,3816,,,0,91,,3817,,,0,88,,3818,,,0
800,'4870',648,,3820,,,0,90,,3821,,,0,73,,3822,,,0,20,,3823,,,0,21,,3824,,,0,86,,3825,,,0,75,,3826,,,0,41,,3819,,,0,84,,3827,,,0,78,,3842,,,0,84,,3828,,,0,44,,3829,,,0,84,,3830,,,0,102,,3832,,,0,83,,3833,,,0,46,,3834,,,0,69,,3843,,,0,72,,3835,,,0,32,,3836,,,0,69,,3837,,,0,29,,3844,,,0,94,,3838,,,0,83,,3839,,,0,96,,3840,,,0,42,,3841,,,0
800,'4875',648,,3846,,,0,90,,3847,,,0,73,,3848,,,0,20,,3849,,,0,21,,3850,,,0,86,,3851,,,0,75,,3852,,,0,41,,3845,,,0,84,,3853,,,0,78,,3868,,,0,84,,3854,,,0,44,,3855,,,0,84,,3856,,,0,102,,3858,,,0,83,,3859,,,0,46,,3860,,,0,69,,3869,,,0,72,,3861,,,0,32,,3862,,,0,69,,3863,,,0,29,,3870,,,0,94,,3864,,,0,83,,3865,,,0,96,,3866,,,0,42,,3867,,,0
800,'4876',735,,3872,,,0,85,,3873,,,0,86,,3874,,,0,47,,3875,,,0,90,,3876,,,0,87,,3871,,,0,90,,3877,,,0,91,,3878,,,0,92,,3879,,,0,52,,3880,,,0,90,,3881,,,0,91,,3882,,,0,88,,3883,,,0,84,,3884,,,0,45,,3885,,,0
800,'4877',905,,3887,,,0,47,,3888,,,0,90,,3889,,,0,86,,3890,,,0,91,,3891,,,0,92,,3886,,,0,90,,3892,,,0,52,,3893,,,0,91,,3894,,,0,91,,3895,,,0,88,,3896,,,0
1401,'4487',602,,5875,,,0,30,,5874,,,0,26,,5840,,,0,61,,5843,,,0,17,,5876,,,0,15,,5877,,,0,55,,5842,,,0,14,,5836,,,0,15,,5878,,,0,15,,5835,,,0,55,,5844,,,0,14,,5841,,,0,14,,5880,,,0,14,,5879,,,0,54,,5845,,,0,14,,5834,,,0,14,,5884,,,0,15,,5833,,,0,15,,5851,,,0,55,,5852,,,0,15,,5885,,,0,14,,5837,,,0,15,,5882,,,0,55,,5847,,,0,15,,5848,,,0,15,,5883,,,0,15,,5846,,,0,54,,5849,,,0,15,,5850,,,0,15,,5881,,,0,15,,5853,,,0,55,,5861,,,0,15,,5839,,,0,15,,5838,,,0,15,,5859,,,0,55,,5867,,,0,15,,5863,,,0,15,,5864,,,0,15,,5866,,,0,55,,5860,,,0,16,,5855,,,0,15,,5865,,,0,15,,5862,,,0,55,,5868,,,0,15,,5856,,,0,15,,5869,,,0,16,,5858,,,0,55,,5857,,,0,15,,5873,,,0,15,,5870,,,0,15,,5871,,,0,55,,5854,,,0,19,,5872,,,0,20,,5889,,,0,61,,5887,,,0,20,,5886,,,0,20,,5888,,,0,60,,5890,,,0,20,,5894,,,0,20,,5893,,,0,60,,5892,,,0,28,,5891,,,0,71,,5895,,,0,31,,5896,,,0,71,,5897,,,0
1401,'4743',602,,5940,,,0,30,,5939,,,0,26,,5905,,,0,61,,5908,,,0,17,,5941,,,0,15,,5942,,,0,55,,5907,,,0,14,,5901,,,0,15,,5943,,,0,15,,5900,,,0,55,,5909,,,0,14,,5906,,,0,14,,5945,,,0,14,,5944,,,0,54,,5910,,,0,14,,5899,,,0,14,,5949,,,0,15,,5898,,,0,15,,5916,,,0,55,,5917,,,0,15,,5950,,,0,14,,5902,,,0,15,,5947,,,0,55,,5912,,,0,15,,5913,,,0,15,,5948,,,0,15,,5911,,,0,54,,5914,,,0,15,,5915,,,0,15,,5946,,,0,15,,5918,,,0,55,,5926,,,0,15,,5904,,,0,15,,5903,,,0,15,,5924,,,0,55,,5932,,,0,15,,5928,,,0,15,,5929,,,0,15,,5931,,,0,55,,5925,,,0,16,,5920,,,0,15,,5930,,,0,15,,5927,,,0,55,,5933,,,0,15,,5921,,,0,15,,5934,,,0,16,,5923,,,0,55,,5922,,,0,15,,5938,,,0,15,,5935,,,0,15,,5936,,,0,55,,5919,,,0,19,,5937,,,0,20,,5954,,,0,61,,5952,,,0,20,,5951,,,0,20,,5953,,,0,60,,5955,,,0,20,,5959,,,0,20,,5958,,,0,60,,5957,,,0,28,,5956,,,0,71,,5960,,,0,31,,5961,,,0,71,,5962,,,0
1401,'4744',548,,5963,,,0,65,,5969,,,0,20,,5981,,,0,15,,5964,,,0,53,,5989,,,0,12,,5970,,,0,13,,6007,,,0,12,,5979,,,0,14,,5965,,,0,54,,5990,,,0,14,,5971,,,0,14,,6024,,,0,13,,6025,,,0,54,,5980,,,0,13,,5972,,,0,13,,5991,,,0,13,,5966,,,0,13,,6005,,,0,53,,5974,,,0,13,,5967,,,0,13,,5968,,,0,13,,6020,,,0,14,,6021,,,0,54,,5977,,,0,14,,5975,,,0,13,,5988,,,0,13,,5976,,,0,53,,6006,,,0,14,,5973,,,0,13,,5978,,,0,13,,6023,,,0,13,,6022,,,0,52,,5984,,,0,13,,6040,,,0,12,,5987,,,0,11,,6048,,,0,11,,5985,,,0,48,,6053,,,0,4,,5986,,,0,10,,6041,,,0,4,,6004,,,0,6,,6042,0,5,0,5,,5983,,,0,6,,6049,0,5,0,7,,6050,,,0,11,,5982,,,0,45,,6043,,,0,5,,6045,0,5,0,8,,5998,,,0,10,,6046,0,5,0,8,,6010,,,0,7,,6009,0,5,0,8,,5997,,,0,8,,6047,0,5,0,50,,6034,,,0,5,,5996,0,5,0,6,,6052,0,5,0,5,,5999,,,0,5,,6051,0,5,0,5,,5995,0,5,0,6,,6000,,,0,8,,5992,0,5,0,8,,6001,,,0,48,,5994,0,5,0,8,,6002,,,0,9,,5993,0,5,0,7,,6003,,,0,8,,6044,0,5,0,8,,6012,,,0,7,,6026,0,5,0,7,,6011,,,0,48,,6008,0,5,0,5,,6017,,,0,15,,6018,,,0,15,,6039,,,0,14,,6019,,,0,55,,6013,,,0,15,,6015,,,0,15,,6016,,,0,15,,6014,,,0,57,,6027,,,0,20,,6033,,,0,20,,6032,,,0,60,,6028,,,0,20,,6031,,,0,20,,6030,,,0,63,,6029,,,0,32,,6036,,,0,72,,6038,,,0,29,,6037,,,0,70,,6035,,,0
1401,'4745',633,,6110,,,0,24,,6097,,,0,66,,6096,,,0,17,,6080,,,0,15,,6114,,,0,55,,6087,,,0,14,,6112,,,0,15,,6103,,,0,15,,6113,,,0,54,,6071,,,0,15,,6102,,,0,15,,6068,,,0,15,,6072,,,0,54,,6081,,,0,15,,6105,,,0,15,,6059,,,0,15,,6089,,,0,55,,6060,,,0,15,,6090,,,0,14,,6061,,,0,15,,6073,,,0,56,,6082,,,0,15,,6106,,,0,15,,6056,,,0,15,,6091,,,0,56,,6058,,,0,15,,6088,,,0,15,,6057,,,0,15,,6074,,,0,55,,6054,,,0,15,,6083,,,0,15,,6104,,,0,15,,6064,,,0,55,,6092,,,0,15,,6063,,,0,15,,6094,,,0,15,,6062,,,0,55,,6075,,,0,15,,6055,,,0,15,,6084,,,0,15,,6107,,,0,55,,6065,,,0,15,,6093,,,0,15,,6066,,,0,16,,6095,,,0,55,,6070,,,0,16,,6079,,,0,15,,6069,,,0,17,,6086,,,0,58,,6109,,,0,20,,6099,,,0,18,,6101,,,0,60,,6067,,,0,20,,6078,,,0,20,,6085,,,0,61,,6111,,,0,30,,6100,,,0,70,,6077,,,0,31,,6076,,,0,71,,6108,,,0,30,,6098,,,0
1401,'4870',548,,6115,,,0,65,,6121,,,0,20,,6133,,,0,15,,6116,,,0,53,,6140,,,0,12,,6122,,,0,13,,6158,,,0,12,,6131,,,0,14,,6117,,,0,54,,6141,,,0,14,,6123,,,0,14,,6175,,,0,13,,6176,,,0,54,,6132,,,0,13,,6124,,,0,13,,6142,,,0,13,,6118,,,0,13,,6156,,,0,53,,6126,,,0,13,,6119,,,0,13,,6120,,,0,13,,6171,,,0,14,,6172,,,0,54,,6129,,,0,14,,6127,,,0,13,,6139,,,0,13,,6128,,,0,53,,6157,,,0,14,,6125,,,0,13,,6130,,,0,13,,6174,,,0,13,,6173,,,0,52,,6136,,,0,13,,6191,,,0,12,,6138,,,0,11,,6199,,,0,59,,6204,,,0,4,,6137,,,0,10,,6192,,,0,4,,6155,,,0,6,,6193,0,5,0,5,,6135,,,0,6,,6200,0,5,0,7,,6201,,,0,11,,6134,,,0,45,,6194,,,0,5,,6196,0,5,0,8,,6149,,,0,10,,6197,0,5,0,8,,6161,,,0,7,,6160,0,5,0,8,,6148,,,0,8,,6198,0,5,0,50,,6185,,,0,5,,6147,0,5,0,6,,6203,0,5,0,5,,6150,,,0,5,,6202,0,5,0,5,,6146,0,5,0,6,,6151,,,0,8,,6143,0,5,0,8,,6152,,,0,48,,6145,0,5,0,8,,6153,,,0,9,,6144,0,5,0,7,,6154,,,0,8,,6195,0,5,0,8,,6163,,,0,7,,6177,0,5,0,7,,6162,,,0,48,,6159,0,5,0,5,,6168,,,0,15,,6169,,,0,15,,6190,,,0,14,,6170,,,0,55,,6164,,,0,15,,6166,,,0,15,,6167,,,0,15,,6165,,,0,57,,6178,,,0,20,,6184,,,0,20,,6183,,,0,60,,6179,,,0,20,,6182,,,0,20,,6181,,,0,63,,6180,,,0,32,,6187,,,0,72,,6189,,,0,29,,6188,,,0,70,,6186,,,0
1401,'4872',1358,,6205,,,0
1401,'4873',1358,,6206,,,0
1401,'4875',548,,6207,,,0,65,,6213,,,0,20,,6225,,,0,15,,6208,,,0,53,,6233,,,0,12,,6214,,,0,13,,6251,,,0,12,,6223,,,0,14,,6209,,,0,54,,6234,,,0,14,,6215,,,0,14,,6268,,,0,13,,6269,,,0,54,,6224,,,0,13,,6216,,,0,13,,6235,,,0,13,,6210,,,0,13,,6249,,,0,53,,6218,,,0,13,,6211,,,0,13,,6212,,,0,13,,6264,,,0,14,,6265,,,0,54,,6221,,,0,14,,6219,,,0,13,,6232,,,0,13,,6220,,,0,53,,6250,,,0,14,,6217,,,0,13,,6222,,,0,13,,6267,,,0,13,,6266,,,0,52,,6228,,,0,13,,6284,,,0,12,,6231,,,0,11,,6294,,,0,11,,6229,,,0,52,,6230,,,0,10,,6285,,,0,4,,6248,,,0,6,,6286,0,5,0,5,,6227,,,0,6,,6295,0,5,0,7,,6296,,,0,11,,6226,,,0,45,,6287,,,0,5,,6289,0,5,0,8,,6242,,,0,10,,6290,0,5,0,8,,6254,,,0,7,,6253,0,5,0,8,,6241,,,0,8,,6291,0,5,0,50,,6278,,,0,5,,6240,0,5,0,6,,6298,0,5,0,5,,6243,,,0,5,,6297,0,5,0,5,,6239,0,5,0,6,,6244,,,0,8,,6236,0,5,0,8,,6245,,,0,48,,6238,0,5,0,8,,6246,,,0,9,,6237,0,5,0,7,,6247,,,0,8,,6288,0,5,0,8,,6256,,,0,7,,6270,0,5,0,7,,6255,,,0,48,,6252,0,5,0,5,,6261,,,0,15,,6262,,,0,15,,6283,,,0,14,,6263,,,0,55,,6257,,,0,15,,6259,,,0,15,,6260,,,0,15,,6258,,,0,57,,6271,,,0,20,,6277,,,0,20,,6276,,,0,60,,6272,,,0,20,,6275,,,0,20,,6274,,,0,63,,6273,,,0,32,,6280,,,0,72,,6282,,,0,29,,6281,,,0,70,,6279,,,0,30,,6292,,,0,70,,6293,,,0
1401,'4876',602,,6341,,,0,30,,6340,,,0,26,,6306,,,0,61,,6309,,,0,17,,6342,,,0,15,,6343,,,0,55,,6308,,,0,14,,6302,,,0,15,,6344,,,0,15,,6301,,,0,55,,6310,,,0,14,,6307,,,0,14,,6346,,,0,14,,6345,,,0,54,,6311,,,0,14,,6300,,,0,14,,6350,,,0,15,,6299,,,0,15,,6317,,,0,55,,6318,,,0,15,,6351,,,0,14,,6303,,,0,15,,6348,,,0,55,,6313,,,0,15,,6314,,,0,15,,6349,,,0,15,,6312,,,0,54,,6315,,,0,15,,6316,,,0,15,,6347,,,0,15,,6319,,,0,55,,6327,,,0,15,,6305,,,0,15,,6304,,,0,15,,6325,,,0,55,,6333,,,0,15,,6329,,,0,15,,6330,,,0,15,,6332,,,0,55,,6326,,,0,16,,6321,,,0,15,,6331,,,0,15,,6328,,,0,55,,6334,,,0,15,,6322,,,0,15,,6335,,,0,16,,6324,,,0,55,,6323,,,0,15,,6339,,,0,15,,6336,,,0,15,,6337,,,0,55,,6320,,,0,19,,6338,,,0,20,,6355,,,0,61,,6353,,,0,20,,6352,,,0,20,,6354,,,0,60,,6356,,,0,20,,6360,,,0,20,,6359,,,0,60,,6358,,,0,28,,6357,,,0,71,,6361,,,0,31,,6362,,,0,71,,6363,,,0,30,,6364,,,0,70,,6365,,,0
1401,'4877',633,,6422,,,0,24,,6409,,,0,66,,6408,,,0,17,,6392,,,0,15,,6426,,,0,55,,6399,,,0,14,,6424,,,0,15,,6415,,,0,15,,6425,,,0,54,,6383,,,0,15,,6414,,,0,15,,6380,,,0,15,,6384,,,0,54,,6393,,,0,15,,6417,,,0,15,,6371,,,0,15,,6401,,,0,55,,6372,,,0,15,,6402,,,0,14,,6373,,,0,15,,6385,,,0,56,,6394,,,0,15,,6418,,,0,15,,6368,,,0,15,,6403,,,0,56,,6370,,,0,15,,6400,,,0,15,,6369,,,0,15,,6386,,,0,55,,6366,,,0,15,,6395,,,0,15,,6416,,,0,15,,6376,,,0,55,,6404,,,0,15,,6375,,,0,15,,6406,,,0,15,,6374,,,0,55,,6387,,,0,15,,6367,,,0,15,,6396,,,0,15,,6419,,,0,55,,6377,,,0,15,,6405,,,0,15,,6378,,,0,16,,6407,,,0,55,,6382,,,0,16,,6391,,,0,15,,6381,,,0,17,,6398,,,0,58,,6421,,,0,20,,6411,,,0,18,,6413,,,0,60,,6379,,,0,20,,6390,,,0,20,,6397,,,0,61,,6423,,,0,30,,6412,,,0,70,,6389,,,0,31,,6388,,,0,71,,6420,,,0,30,,6410,,,0
