2500,'4487',735,,8792,,,0,109,,8790,,,0,113,,8794,,,0,101,,8788,,,0,99,,8786,,,0,98,,8787,,,0,100,,8789,,,0,99,,8793,,,0,100,,8791,,,0,101,,8795,,,0,103,,8796,,,0,165,,8797,,,0,121,,8798,,,0,169,,8799,,,0,130,,8800,0,5,0
2500,'4744',551,,8826,,,0,75,,8818,,,0,29,,8816,,,0,77,,8817,,,0,70,,8824,,,0,55,,8823,,,0,144,,8821,,,0,101,,8819,,,0,100,,8820,,,0,98,,8827,,,0,100,,8822,,,0,139,,8829,,,0,81,,8828,,,0,100,,8830,,,0,103,,8831,,,0,101,,20896,,,0,121,,8833,,,0,167,,20897,,,0,133,,8835,0,5,0
2500,'4745',727,,8838,,,0,127,,8836,,,0,168,,8837,,,0,130,,8839,,,0,172,,8840,,,0,129,,8841,,,0,173,,8842,,,0,129,,8843,,,0,171,,8844,,,0,121,,8845,,,0,168,,8846,,,0
2500,'4947',551,,8856,,,0,75,,8849,,,0,29,,8847,,,0,77,,8848,,,0,70,,8855,,,0,55,,8854,,,0,144,,8852,,,0,101,,8850,,,0,100,,8851,,,0,98,,8857,,,0,100,,8853,,,0,139,,8859,,,0,81,,8858,,,0,100,,8860,,,0,103,,8861,,,0,101,,20898,,,0,121,,8863,,,0,167,,20899,,,0,133,,8865,0,5,0
2500,'4952',551,,8878,,,0,75,,8870,,,0,29,,8868,,,0,77,,8869,,,0,70,,8876,,,0,55,,8875,,,0,144,,8873,,,0,101,,8871,,,0,100,,8872,,,0,98,,8879,,,0,100,,8874,,,0,139,,8881,,,0,81,,8880,,,0,100,,8882,,,0,103,,8883,,,0,101,,20900,,,0,121,,8885,,,0,167,,20901,,,0,133,,8887,0,5,0
2500,'4953',735,,8894,,,0,109,,8892,,,0,113,,8896,,,0,101,,8890,,,0,99,,8888,,,0,98,,8889,,,0,100,,8891,,,0,99,,8895,,,0,100,,8893,,,0,101,,8897,,,0,103,,8898,,,0,165,,8899,,,0,121,,8900,,,0,169,,8901,,,0,130,,8902,0,5,0
2500,'4954',727,,8905,,,0,127,,8903,,,0,168,,8904,,,0,130,,8906,,,0,172,,8907,,,0,129,,8908,,,0,173,,8909,,,0,129,,8910,,,0,171,,8911,,,0,121,,8912,,,0,168,,8913,,,0
2601,'4487',640,,9557,,,0,70,,9558,,,0,26,,9559,,,0,17,,9560,,,0,57,,9561,,,0,17,,9562,,,0,18,,9563,,,0,59,,9564,,,0,18,,9565,,,0,17,,9566,,,0,17,,9567,,,0,57,,9568,,,0,17,,9569,,,0,17,,9570,,,0,57,,9571,,,0,19,,9572,,,0,17,,9573,,,0,18,,9556,,,0,57,,9574,,,0,17,,9575,,,0,17,,9576,,,0,57,,9577,,,0,17,,9578,,,0,16,,9579,,,0,17,,9580,,,0,57,,9581,,,0,17,,9582,,,0,17,,9583,,,0,57,,9584,,,0,16,,9585,,,0,16,,9586,,,0,16,,9587,,,0,55,,9588,,,0,17,,9589,,,0,17,,9590,,,0,17,,9591,,,0,56,,9592,,,0,17,,9593,,,0,18,,9594,,,0,60,,9595,,,0,20,,9596,,,0,19,,9597,,,0,60,,9598,,,0,20,,9599,,,0,20,,9600,,,0,58,,9601,,,0,20,,9602,,,0,19,,9603,,,0,60,,9604,,,0,19,,9605,,,0,20,,9606,,,0,60,,9607,,,0,20,,9608,,,0,21,,9609,,,0,70,,9610,,,0,30,,9611,,,0,68,,9612,,,0,30,,9613,,,0
2601,'4744',615,,9690,,,0,23,,9691,,,0,18,,9692,,,0,54,,9689,,,0,16,,9698,,,0,16,,9709,,,0,17,,20914,,,0,57,,9720,,,0,14,,9700,,,0,13,,9705,,,0,10,,9702,,,0,55,,9708,,,0,14,,9699,,,0,14,,9707,,,0,15,,9715,,,0,55,,9701,,,0,15,,9703,,,0,15,,9710,,,0,15,,9719,,,0,55,,9695,,,0,15,,9693,,,0,15,,9696,,,0,15,,9706,,,0,55,,9711,,,0,15,,9716,,,0,16,,9712,,,0,14,,9713,,,0,55,,9717,,,0,16,,9718,,,0,15,,9714,,,0,14,,9697,,,0,52,,9738,,,0,13,,9694,,,0,12,,9734,,,0,15,,9732,,,0,15,,9725,,,0,53,,9724,,,0,15,,9726,,,0,15,,9723,,,0,16,,9721,,,0,55,,9733,,,0,16,,20915,,,0,17,,9737,,,0,56,,9731,,,0,17,,9729,,,0,16,,9736,,,0,15,,9730,,,0,54,,9722,,,0,17,,9684,,,0,16,,9683,,,0,12,,9685,,,0,55,,9688,,,0,15,,9686,,,0,16,,9727,,,0,15,,9735,,,0,60,,9682,,,0,20,,9687,,,0,20,,9680,,,0,57,,9677,,,0,20,,9673,,,0,20,,9681,,,0,69,,9672,,,0,31,,9675,,,0,70,,9676,,,0,29,,9678,,,0,68,,9679,,,0,31,,9674,,,0
2601,'4745',700,,9762,,,0,22,,9749,,,0,23,,9739,,,0,62,,9758,,,0,20,,9763,,,0,26,,9748,,,0,62,,9741,,,0,20,,9759,,,0,23,,9752,,,0,59,,9742,,,0,18,,9746,,,0,18,,9740,,,0,58,,9760,,,0,18,,9744,,,0,19,,9765,,,0,58,,9743,,,0,18,,9747,,,0,18,,9745,,,0,58,,9756,,,0,19,,9753,,,0,18,,9766,,,0,18,,9750,,,0,58,,9761,,,0,18,,9754,,,0,18,,9757,,,0,58,,9755,,,0,18,,9764,,,0,17,,9751,,,0,58,,9775,,,0,18,,9770,,,0,18,,9774,,,0,17,,9768,,,0,57,,9777,,,0,17,,9767,,,0,20,,9773,,,0,60,,9771,,,0,20,,9772,,,0,20,,9776,,,0,60,,9769,,,0,19,,9779,,,0,19,,9785,,,0,60,,9781,,,0,20,,9784,,,0,20,,9780,,,0,59,,9778,,,0,20,,9782,,,0,22,,9783,,,0,70,,9786,,,0,29,,9787,,,0,69,,9788,,,0,30,,9789,,,0
2601,'4947',615,,9808,,,0,23,,9809,,,0,18,,9810,,,0,54,,9807,,,0,16,,9816,,,0,16,,9827,,,0,17,,20916,,,0,57,,9838,,,0,14,,9818,,,0,13,,9823,,,0,10,,9820,,,0,55,,9826,,,0,14,,9817,,,0,14,,9825,,,0,15,,9833,,,0,55,,9819,,,0,15,,9821,,,0,15,,9828,,,0,15,,9837,,,0,55,,9813,,,0,15,,9811,,,0,15,,9814,,,0,15,,9824,,,0,55,,9829,,,0,15,,9834,,,0,16,,9830,,,0,14,,9831,,,0,55,,9835,,,0,16,,9836,,,0,15,,9832,,,0,14,,9815,,,0,52,,9856,,,0,13,,9812,,,0,12,,9852,,,0,15,,9850,,,0,15,,9843,,,0,53,,9842,,,0,15,,9844,,,0,15,,9841,,,0,16,,9839,,,0,55,,9851,,,0,16,,20917,,,0,17,,9855,,,0,56,,9849,,,0,17,,9847,,,0,16,,9854,,,0,15,,9848,,,0,54,,9840,,,0,17,,9802,,,0,16,,9801,,,0,12,,9803,,,0,55,,9806,,,0,15,,9804,,,0,16,,9845,,,0,15,,9853,,,0,60,,9800,,,0,20,,9805,,,0,20,,9798,,,0,57,,9795,,,0,20,,9791,,,0,20,,9799,,,0,69,,9790,,,0,31,,9793,,,0,70,,9794,,,0,29,,9796,,,0,68,,9797,,,0,31,,9792,,,0
2601,'4952',615,,9876,,,0,23,,9877,,,0,18,,9878,,,0,54,,9875,,,0,16,,9884,,,0,16,,9895,,,0,17,,20919,,,0,57,,9906,,,0,14,,9886,,,0,13,,9891,,,0,10,,9888,,,0,55,,9894,,,0,14,,9885,,,0,14,,9893,,,0,15,,9901,,,0,55,,9887,,,0,15,,9889,,,0,15,,9896,,,0,15,,9905,,,0,55,,9881,,,0,15,,9879,,,0,15,,9882,,,0,15,,9892,,,0,55,,9897,,,0,15,,9902,,,0,16,,9898,,,0,14,,9899,,,0,55,,9903,,,0,16,,9904,,,0,15,,9900,,,0,14,,9883,,,0,52,,9924,,,0,13,,9880,,,0,12,,9920,,,0,15,,9918,,,0,15,,9911,,,0,53,,9910,,,0,15,,9912,,,0,15,,9909,,,0,16,,9907,,,0,55,,9919,,,0,16,,20920,,,0,17,,9923,,,0,56,,9917,,,0,17,,9915,,,0,16,,9922,,,0,15,,9916,,,0,54,,9908,,,0,17,,9870,,,0,16,,9869,,,0,12,,9871,,,0,55,,9874,,,0,15,,9872,,,0,16,,9913,,,0,15,,9921,,,0,60,,9868,,,0,20,,9873,,,0,20,,9866,,,0,57,,9862,,,0,20,,9858,,,0,20,,9867,,,0,69,,9857,,,0,31,,9860,,,0,70,,9861,,,0,29,,9864,,,0,68,,9865,,,0,31,,9859,,,0,70,,20918,,,0
2601,'4953',640,,9926,,,0,70,,9927,,,0,26,,9928,,,0,17,,9929,,,0,57,,9930,,,0,17,,9931,,,0,18,,9932,,,0,59,,9933,,,0,18,,9934,,,0,17,,9935,,,0,17,,9936,,,0,57,,9937,,,0,17,,9938,,,0,17,,20921,,,0,57,,9940,,,0,19,,9941,,,0,17,,9942,,,0,18,,9925,,,0,57,,9943,,,0,17,,9944,,,0,17,,20922,,,0,57,,9946,,,0,17,,9947,,,0,16,,9948,,,0,17,,9949,,,0,57,,9950,,,0,17,,9951,,,0,17,,20923,,,0,57,,9953,,,0,16,,9954,,,0,16,,9955,,,0,16,,9956,,,0,55,,9957,,,0,17,,9958,,,0,17,,20924,,,0,17,,9960,,,0,56,,9961,,,0,17,,9962,,,0,18,,9963,,,0,60,,9964,,,0,20,,20925,,,0,19,,9966,,,0,60,,9967,,,0,20,,9968,,,0,20,,9969,,,0,58,,9970,,,0,20,,9971,,,0,19,,9972,,,0,60,,9973,,,0,19,,9974,,,0,20,,9975,,,0,60,,9976,,,0,20,,9977,,,0,21,,9978,,,0,70,,9979,,,0,30,,9980,,,0,68,,9981,,,0,30,,9982,,,0,72,,9983,,,0
2601,'4954',700,,10007,,,0,22,,9994,,,0,23,,9984,,,0,62,,10003,,,0,20,,10008,,,0,26,,9993,,,0,62,,9986,,,0,20,,10004,,,0,23,,9997,,,0,59,,9987,,,0,18,,9991,,,0,18,,9985,,,0,58,,10005,,,0,18,,9989,,,0,19,,10010,,,0,58,,9988,,,0,18,,9992,,,0,18,,9990,,,0,58,,10001,,,0,19,,9998,,,0,18,,10011,,,0,18,,9995,,,0,58,,10006,,,0,18,,9999,,,0,18,,10002,,,0,58,,10000,,,0,18,,10009,,,0,17,,9996,,,0,58,,10020,,,0,18,,10015,,,0,18,,10019,,,0,17,,10013,,,0,57,,10022,,,0,17,,10012,,,0,20,,10018,,,0,60,,10016,,,0,20,,10017,,,0,20,,10021,,,0,60,,10014,,,0,19,,10024,,,0,19,,10030,,,0,60,,10026,,,0,20,,10029,,,0,20,,10025,,,0,59,,10023,,,0,20,,10027,,,0,22,,10028,,,0,70,,10031,,,0,29,,10032,,,0,69,,10033,,,0,30,,10034,,,0
