3800,'5036',605,,44167,3,,,0,31,,44168,3,,,0,12,,44169,3,,,0,52,,44172,3,,,0,22,,44170,3,,,0,28,,44171,3,,,0,80,,44187,3,,,0,72,,44173,3,,,0,101,,44174,3,,,0,100,,44175,3,,,0,100,,44176,3,,,0,102,,44177,3,,,0,54,,44178,3,,,0,78,,44188,3,,,0,70,,44179,3,,,0,28,,44180,3,,,0,79,,44181,3,,,0,31,,44182,3,,,0,74,,44183,3,,,0,83,,44185,3,,,0,105,,44184,3,,,0,102,,44186,3,,,0
3800,'5040',605,,44189,3,,,0,31,,44190,3,,,0,12,,44191,3,,,0,52,,44194,3,,,0,22,,44192,3,,,0,28,,44193,3,,,0,80,,44209,3,,,0,72,,44195,3,,,0,101,,44196,3,,,0,100,,44197,3,,,0,100,,44198,3,,,0,102,,44199,3,,,0,54,,44200,3,,,0,78,,44210,3,,,0,70,,44201,3,,,0,28,,44202,3,,,0,79,,44203,3,,,0,31,,44204,3,,,0,74,,44205,3,,,0,83,,44207,3,,,0,105,,44206,3,,,0,102,,44208,3,,,0
4600,'5036',554,,44620,3,,,0,57,,44608,3,,,0,23,,44621,3,,,0,25,,44609,3,,,0,79,,44610,3,,,0,101,,44611,3,,,0,101,,44615,3,,,0,377,,44612,3,,,0,108,,44613,3,,,0,33,,44614,3,,,0,73,,44619,3,,,0,101,,44616,3,,,0,70,,44617,3,,,0,47,,44618,3,,,0
4600,'5040',554,,44634,3,,,0,57,,44622,3,,,0,23,,44635,3,,,0,25,,44623,3,,,0,79,,44624,3,,,0,101,,44625,3,,,0,101,,44629,3,,,0,377,,44626,3,,,0,108,,44627,3,,,0,33,,44628,3,,,0,73,,44633,3,,,0,101,,44630,3,,,0,70,,44631,3,,,0,47,,44632,3,,,0
5800,'5036',630,,45523,11,,,0,71,,45532,11,,,0,40,,45520,11,,,0,80,,45519,11,,,0,25,,45526,11,,,0,70,,45522,11,,,0,43,,45521,11,,,0,86,,45524,11,,,0,85,,45525,11,,,0,85,,45527,11,,,0,85,,45529,11,,,0,47,,45528,11,,,0,88,,45530,11,,,0,24,,45540,12,,,0,58,,45531,11,,,0,17,,45541,11,,,0,66,,45533,11,,,0,51,,45534,11,,,0,88,,45535,11,,,0,85,,45536,11,,,0,85,,45537,11,,,0,145,,45538,11,,,0,150,,45539,11,,,0,108,,45542,11,,,0
5800,'5040',630,,45547,11,,,0,71,,45556,11,,,0,40,,45544,11,,,0,80,,45543,11,,,0,25,,45550,11,,,0,70,,45546,11,,,0,43,,45545,11,,,0,86,,45548,11,,,0,85,,45549,11,,,0,85,,45551,11,,,0,85,,45553,11,,,0,47,,45552,11,,,0,88,,45554,11,,,0,24,,45564,12,,,0,58,,45555,11,,,0,17,,45565,11,,,0,66,,45557,11,,,0,51,,45558,11,,,0,88,,45559,11,,,0,85,,45560,11,,,0,85,,45561,11,,,0,145,,45562,11,,,0,150,,45563,11,,,0,108,,45566,11,,,0
5800,'5041',703,,45579,11,,,0,100,,45580,11,,,0,101,,45581,11,,,0,106,,45582,11,,,0,105,,45577,11,,,0,105,,45578,11,,,0,100,,45576,11,,,0,111,,45574,11,,,0,100,,45575,11,,,0,110,,45573,11,,,0,99,,45568,11,,,0,104,,45569,11,,,0,100,,45570,11,,,0,105,,45571,11,,,0,154,,45572,11,,,0,110,,45567,11,,,0
5800,'5078',802,,45583,11,,,0,102,,45587,11,,,0,105,,45584,11,,,0,106,,45588,11,,,0,105,,45586,11,,,0,100,,45589,11,,,0,111,,45585,11,,,0,100,,45590,11,,,0,109,,45591,11,,,0,100,,45593,11,,,0,103,,45592,11,,,0,100,,45594,11,,,0,105,,45595,11,,,0,199,,45596,11,,,0
5800,'5079',802,,45597,11,,,0,102,,45601,11,,,0,105,,45598,11,,,0,106,,45602,11,,,0,105,,45600,11,,,0,100,,45603,11,,,0,111,,45599,11,,,0,100,,45604,11,,,0,109,,45605,11,,,0,100,,45607,11,,,0,103,,45606,11,,,0,100,,45608,11,,,0,105,,45609,11,,,0,199,,45610,11,,,0
6500,'5036',603,,46333,39,,,0,55,,46335,39,,,0,63,,46336,39,,,0,83,,46334,39,,,0
6500,'5040',603,,46337,39,,,0,55,,46339,39,,,0,63,,46340,39,,,0,83,,46338,39,,,0
24005100,'5036',632,,48860,3,,,0,16,,48859,3,,,0,63,,48857,3,,,0,26,,48855,3,,,0,699,,48854,3,,,0,103,,48861,3,,,0,68,,48858,3,,,0,31,,48856,3,,,0
24005100,'5040',632,,48868,3,,,0,16,,48867,3,,,0,63,,48865,3,,,0,26,,48863,3,,,0,699,,48862,3,,,0,103,,48869,3,,,0,68,,48866,3,,,0,31,,48864,3,,,0
