7201,'4487',711,,16920,,,0,100,,16921,,,0,33,,16922,,,0,70,,16923,,,0,30,,16924,,,0,71,,16925,,,0,29,,16926,,,0,71,,16927,,,0,30,,16928,,,0,70,,16919,,,0,30,,16929,,,0,69,,16930,,,0,31,,16931,,,0,74,,16932,,,0,31,,16933,,,0,69,,16934,,,0,31,,16935,,,0,69,,16936,,,0,26,,16937,,,0,69,,16938,,,0,30,,16939,,,0,69,,16940,,,0,30,,16941,,,0,70,,16942,,,0,30,,16943,,,0,70,,16944,,,0,30,,16945,,,0,70,,16946,,,0,100,,16947,,,0,99,,16948,,,0,100,,16949,,,0
7201,'4744',543,,17008,,,0,80,,16998,,,0,30,,17009,,,0,70,,17000,,,0,32,,16984,,,0,60,,16985,,,0,27,,17007,,,0,70,,17013,,,0,30,,16991,,,0,70,,17006,,,0,30,,16999,,,0,73,,16981,,,0,30,,17010,,,0,70,,16997,,,0,30,,16989,,,0,70,,16982,,,0,30,,16983,,,0,71,,16990,,,0,30,,16988,,,0,70,,17014,,,0,16,,16986,0,13 14,0,15,,16987,,,0,68,,16992,,,0,30,,16996,,,0,72,,16994,,,0,30,,16995,,,0,69,,16993,,,0,30,,17015,,,0,69,,17002,,,0,30,,17003,,,0,70,,17001,,,0,30,,17004,,,0,70,,17005,,,0,98,,17012,,,0,99,,17011,,,0,100,,17016,,,0
7201,'4745',711,,17018,,,0,100,,17019,,,0,100,,17020,,,0,103,,17021,,,0,100,,17022,,,0,30,,17023,,,0,70,,17017,,,0,30,,17024,,,0,70,,17025,,,0,30,,17026,,,0,70,,17027,,,0,30,,17028,,,0,70,,17029,,,0,30,,17030,,,0,70,,17031,,,0,30,,17032,,,0,74,,17033,,,0,30,,17034,,,0,70,,17035,,,0,30,,17036,,,0,70,,17037,,,0,30,,17038,,,0,70,,17039,,,0,30,,17040,,,0,70,,17041,,,0,100,,17042,,,0,100,,17043,,,0
7201,'4947',543,,17068,,,0,80,,17058,,,0,30,,17069,,,0,70,,17060,,,0,32,,17047,,,0,87,,17067,,,0,70,,17073,,,0,30,,17052,,,0,70,,17066,,,0,30,,17059,,,0,73,,17044,,,0,30,,17070,,,0,70,,17057,,,0,30,,17051,,,0,70,,17045,,,0,30,,17046,,,0,101,,17050,,,0,70,,17074,,,0,16,,17048,0,13 14,0,15,,17049,,,0,68,,17053,,,0,30,,17056,,,0,72,,17055,,,0,99,,17054,,,0,30,,17075,,,0,69,,17062,,,0,30,,17063,,,0,70,,17061,,,0,30,,17064,,,0,70,,17065,,,0,98,,17072,,,0,99,,17071,,,0,100,,17076,,,0
7201,'4948',815,,17077,,,0,601,,17078,,,0,331,,17079,,,0
7201,'4951',815,,17081,,,0,604,,17080,,,0,328,,17082,,,0
7201,'4952',543,,17110,,,0,80,,17100,,,0,30,,17111,,,0,70,,17102,,,0,32,,17086,,,0,60,,17088,,,0,27,,17109,,,0,70,,17115,,,0,30,,17093,,,0,70,,17108,,,0,30,,17101,,,0,73,,17083,,,0,30,,17112,,,0,70,,17099,,,0,30,,17092,,,0,70,,17084,,,0,30,,17085,,,0,74,,17087,,,0,27,,17091,,,0,70,,17116,,,0,16,,17089,0,13 14,0,15,,17090,,,0,68,,17094,,,0,30,,17098,,,0,72,,17096,,,0,30,,17097,,,0,69,,17095,,,0,30,,17117,,,0,69,,17104,,,0,30,,17105,,,0,70,,17103,,,0,30,,17106,,,0,70,,17107,,,0,98,,17114,,,0,99,,17113,,,0,100,,17118,,,0
7201,'4953',711,,17120,,,0,100,,17121,,,0,33,,17122,,,0,70,,17123,,,0,30,,17124,,,0,71,,17125,,,0,29,,17126,,,0,71,,17127,,,0,30,,17128,,,0,70,,17119,,,0,30,,17129,,,0,69,,17130,,,0,31,,17131,,,0,74,,17132,,,0,31,,17133,,,0,69,,17134,,,0,31,,17135,,,0,69,,17136,,,0,26,,17137,,,0,69,,17138,,,0,30,,17139,,,0,69,,17140,,,0,30,,17141,,,0,70,,17142,,,0,30,,17143,,,0,70,,17144,,,0,30,,17145,,,0,70,,17146,,,0,100,,17147,,,0,99,,17148,,,0,100,,17149,,,0
7201,'4954',711,,17151,,,0,100,,17152,,,0,100,,17153,,,0,103,,17154,,,0,100,,17155,,,0,30,,17156,,,0,70,,17150,,,0,30,,17157,,,0,70,,17158,,,0,30,,17159,,,0,70,,17160,,,0,30,,17161,,,0,70,,17162,,,0,30,,17163,,,0,70,,17164,,,0,30,,17165,,,0,74,,17166,,,0,30,,17167,,,0,70,,17168,,,0,30,,17169,,,0,70,,17170,,,0,30,,17171,,,0,70,,17172,,,0,30,,17173,,,0,70,,17174,,,0,100,,17175,,,0,100,,17176,,,0
8101,'4487',913,,22511,,,0,103,,22512,,,0,100,,17768,,,0,100,,17769,,,0,100,,17770,,,0,104,,22513,,,0,100,,17772,,,0,100,,22514,,,0,96,,22515,,,0,97,,22516,,,0,100,,17776,,,0,100,,22517,,,0,100,,22518,,,0
8101,'4744',535,,17792,,,0,168,,17793,,,0,37,,17794,,,0,175,,17795,,,0,102,,17796,,,0,98,,17797,,,0,100,,17798,,,0,100,,22519,,,0,100,,17800,,,0,102,,17801,,,0,99,,17802,,,0,98,,17803,,,0,100,,17804,,,0,99,,17805,,,0,100,,22520,,,0,100,,17807,,,0
8101,'4745',913,,22521,,,0,101,,22522,,,0,102,,17810,,,0,100,,22523,,,0,100,,22524,,,0,101,,17813,,,0,100,,17814,,,0,100,,22525,,,0,102,,22526,,,0,100,,22527,,,0,100,,17818,,,0,100,,22528,,,0,100,,17820,,,0
8101,'4947',535,,17821,,,0,168,,17822,,,0,37,,17823,,,0,175,,17824,,,0,102,,17825,,,0,98,,17826,,,0,100,,17827,,,0,100,,22529,,,0,100,,17829,,,0,102,,17830,,,0,99,,17831,,,0,98,,17832,,,0,100,,17833,,,0,199,,22530,,,0,100,,17835,,,0
8101,'4949',1913,,17837,,,0
8101,'4950',1913,,17836,,,0
8101,'4952',535,,17838,,,0,168,,17839,,,0,37,,17840,,,0,175,,17841,,,0,102,,17842,,,0,98,,17843,,,0,100,,17844,,,0,100,,22531,,,0,100,,17846,,,0,102,,17847,,,0,99,,17848,,,0,98,,17849,,,0,100,,17850,,,0,99,,17851,,,0,100,,22532,,,0,100,,17853,,,0
8101,'4953',913,,17854,,,0,103,,17855,,,0,100,,17856,,,0,100,,17857,,,0,100,,17858,,,0,104,,22533,,,0,100,,22534,,,0,100,,17861,,,0,96,,22535,,,0,97,,17863,,,0,100,,17864,,,0,100,,17865,,,0,100,,22536,,,0
8101,'4954',913,,22537,,,0,101,,22538,,,0,102,,17869,,,0,100,,17870,,,0,100,,17871,,,0,101,,22539,,,0,100,,22540,,,0,100,,17874,,,0,102,,17875,,,0,100,,22541,,,0,100,,17877,,,0,100,,17878,,,0,100,,17879,,,0
