1101,'4487',654,,4674,,,0,76,,4662,,,0,75,,4667,,,0,30,,4692,,,0,77,,4675,,,0,30,,4661,,,0,70,,4670,,,0,30,,4686,,,0,65,,4664,,,0,20,,4688,,,0,25,,4676,,,0,65,,4663,,,0,26,,4668,,,0,65,,4685,,,0,25,,4665,,,0,25,,4683,,,0,65,,4673,,,0,25,,4666,,,0,65,,4672,,,0,25,,4694,,,0,65,,4669,,,0,25,,4687,,,0,25,,4677,,,0,65,,4671,,,0,25,,4693,,,0,64,,4684,,,0,25,,4690,,,0,25,,4691,,,0,64,,4678,,,0,25,,4689,,,0,65,,4682,,,0,25,,4681,,,0,65,,4679,,,0,35,,4680,,,0,70,,4697,,,0,29,,4695,,,0,74,,4696,,,0,29,,4698,,,0,85,,4699,,,0
1101,'4743',654,,4713,,,0,76,,4701,,,0,75,,4706,,,0,30,,4731,,,0,77,,4714,,,0,30,,4700,,,0,70,,4709,,,0,30,,4725,,,0,65,,4703,,,0,20,,4727,,,0,25,,4715,,,0,65,,4702,,,0,26,,4707,,,0,65,,4724,,,0,25,,4704,,,0,25,,4722,,,0,65,,4712,,,0,25,,4705,,,0,65,,4711,,,0,25,,4733,,,0,65,,4708,,,0,25,,4726,,,0,25,,4716,,,0,65,,4710,,,0,25,,4732,,,0,64,,4723,,,0,25,,4729,,,0,25,,4730,,,0,64,,4717,,,0,25,,4728,,,0,65,,4721,,,0,25,,4720,,,0,65,,4718,,,0,35,,4719,,,0,70,,4736,,,0,29,,4734,,,0,74,,4735,,,0,29,,4737,,,0,85,,4738,,,0
1101,'4744',558,,4785,,,0,70,,4777,,,0,20,,4760,,,0,62,,4767,,,0,20,,4745,,,0,21,,4762,,,0,59,,4781,,,0,20,,4758,,,0,20,,4778,,,0,59,,4753,,,0,20,,4746,,,0,19,,4771,,,0,65,,4761,,,0,26,,4783,,,0,65,,4757,,,0,25,,4780,,,0,25,,4747,,,0,65,,4770,,,0,25,,4754,,,0,65,,4786,,,0,26,,4759,,,0,66,,4779,,,0,27,,4741,,,0,19,,4739,,,0,56,,4769,,,0,18,,4763,,,0,16,,4740,,,0,18,,4784,,,0,59,,4755,,,0,17,,4742,,,0,18,,4776,,,0,61,,4744,,,0,20,,4743,,,0,18,,4768,,,0,60,,4756,,,0,22,,4782,,,0,20,,4748,,,0,57,,4751,,,0,20,,4774,,,0,29,,4749,,,0,75,,4752,,,0,70,,4750,,,0,34,,4775,,,0,70,,4764,,,0,35,,4765,,,0,70,,4766,,,0,28,,4773,,,0,85,,4772,,,0
1101,'4745',714,,4787,,,0,45,,4792,,,0,86,,4789,,,0,86,,4788,,,0,75,,4790,,,0,31,,4791,,,0,70,,4793,,,0,30,,4794,,,0,68,,4795,,,0,30,,4796,,,0,70,,4798,,,0,27,,4800,,,0,70,,4799,,,0,30,,4797,,,0,70,,4801,,,0,30,,4802,,,0,70,,4803,,,0,30,,4804,,,0,70,,4806,,,0,30,,4805,,,0,70,,4808,,,0,29,,4807,,,0,70,,4810,,,0,35,,4809,,,0,84,,4811,,,0,80,,4812,,,0,44,,4813,,,0,85,,4814,,,0,79,,4815,,,0,39,,4816,,,0
1101,'4870',558,,4863,,,0,70,,4855,,,0,20,,4838,,,0,62,,4845,,,0,20,,4823,,,0,21,,4840,,,0,59,,4859,,,0,20,,4836,,,0,20,,4856,,,0,59,,4831,,,0,20,,4824,,,0,19,,4849,,,0,65,,4839,,,0,26,,4861,,,0,65,,4835,,,0,25,,4858,,,0,25,,4825,,,0,65,,4848,,,0,25,,4832,,,0,65,,4864,,,0,26,,4837,,,0,66,,4857,,,0,27,,4819,,,0,19,,4817,,,0,56,,4847,,,0,18,,4841,,,0,16,,4818,,,0,18,,4862,,,0,59,,4833,,,0,17,,4820,,,0,18,,4854,,,0,61,,4822,,,0,20,,4821,,,0,18,,4846,,,0,60,,4834,,,0,22,,4860,,,0,20,,4826,,,0,57,,4829,,,0,20,,4852,,,0,29,,4827,,,0,75,,4830,,,0,70,,4828,,,0,34,,4853,,,0,70,,4842,,,0,35,,4843,,,0,70,,4844,,,0,28,,4851,,,0,85,,4850,,,0
1101,'4875',558,,4911,,,0,70,,4903,,,0,20,,4886,,,0,62,,4893,,,0,20,,4871,,,0,21,,4888,,,0,59,,4907,,,0,20,,4884,,,0,20,,4904,,,0,59,,4879,,,0,20,,4872,,,0,19,,4897,,,0,65,,4887,,,0,26,,4909,,,0,65,,4883,,,0,25,,4906,,,0,25,,4873,,,0,65,,4896,,,0,25,,4880,,,0,65,,4912,,,0,26,,4885,,,0,66,,4905,,,0,27,,4867,,,0,19,,4865,,,0,56,,4895,,,0,18,,4889,,,0,16,,4866,,,0,18,,4910,,,0,59,,4881,,,0,17,,4868,,,0,18,,4902,,,0,61,,4870,,,0,20,,4869,,,0,18,,4894,,,0,60,,4882,,,0,22,,4908,,,0,20,,4874,,,0,57,,4877,,,0,20,,4900,,,0,29,,4875,,,0,75,,4878,,,0,70,,4876,,,0,34,,4901,,,0,70,,4890,,,0,35,,4891,,,0,70,,4892,,,0,28,,4899,,,0,85,,4898,,,0
1101,'4876',654,,4926,,,0,76,,4914,,,0,75,,4919,,,0,30,,4944,,,0,77,,4927,,,0,30,,4913,,,0,70,,4922,,,0,30,,4938,,,0,65,,4916,,,0,20,,4940,,,0,25,,4928,,,0,65,,4915,,,0,26,,4920,,,0,65,,4937,,,0,25,,4917,,,0,25,,4935,,,0,65,,4925,,,0,25,,4918,,,0,65,,4924,,,0,25,,4946,,,0,65,,4921,,,0,25,,4939,,,0,25,,4929,,,0,65,,4923,,,0,25,,4945,,,0,64,,4936,,,0,25,,4942,,,0,25,,4943,,,0,64,,4930,,,0,25,,4941,,,0,65,,4934,,,0,25,,4933,,,0,65,,4931,,,0,35,,4932,,,0,70,,4949,,,0,29,,4947,,,0,74,,4948,,,0,29,,4950,,,0,85,,4951,,,0
1101,'4877',714,,4952,,,0,45,,4957,,,0,86,,4954,,,0,86,,4953,,,0,75,,4955,,,0,31,,4956,,,0,70,,4958,,,0,30,,4959,,,0,68,,4960,,,0,30,,4961,,,0,70,,4963,,,0,27,,4965,,,0,70,,4964,,,0,30,,4962,,,0,70,,4966,,,0,30,,4967,,,0,70,,4968,,,0,30,,4969,,,0,70,,4971,,,0,30,,4970,,,0,70,,4973,,,0,29,,4972,,,0,70,,4975,,,0,35,,4974,,,0,84,,4976,,,0,80,,4977,,,0,44,,4978,,,0,85,,4979,,,0,79,,4980,,,0,39,,4981,,,0
1401,'4487',606,,5875,,,0,30,,5874,,,0,66,,5840,,,0,21,,5843,,,0,17,,5876,,,0,15,,5877,,,0,55,,5842,,,0,14,,5836,,,0,15,,5878,,,0,15,,5835,,,0,55,,5844,,,0,14,,5841,,,0,15,,5880,,,0,14,,5879,,,0,54,,5845,,,0,14,,5834,,,0,14,,5884,,,0,15,,5833,,,0,55,,5851,,,0,15,,5852,,,0,15,,5885,,,0,14,,5837,,,0,55,,5882,,,0,15,,5847,,,0,15,,5848,,,0,15,,5883,,,0,55,,5846,,,0,14,,5849,,,0,15,,5850,,,0,15,,5881,,,0,55,,5853,,,0,15,,5861,,,0,15,,5839,,,0,15,,5838,,,0,55,,5859,,,0,15,,5867,,,0,15,,5863,,,0,15,,5864,,,0,55,,5866,,,0,15,,5860,,,0,16,,5855,,,0,15,,5865,,,0,55,,5862,,,0,15,,5868,,,0,15,,5856,,,0,15,,5869,,,0,56,,5858,,,0,15,,5857,,,0,15,,5873,,,0,15,,5870,,,0,55,,5871,,,0,15,,5854,,,0,19,,5872,,,0,20,,5889,,,0,60,,5887,,,0,20,,5886,,,0,20,,5888,,,0,60,,5890,,,0,20,,5894,,,0,20,,5893,,,0,60,,5892,,,0,28,,5891,,,0,71,,5895,,,0,31,,5896,,,0,71,,5897,,,0
1401,'4743',606,,5940,,,0,30,,5939,,,0,66,,5905,,,0,21,,5908,,,0,17,,5941,,,0,15,,5942,,,0,55,,5907,,,0,14,,5901,,,0,15,,5943,,,0,15,,5900,,,0,55,,5909,,,0,14,,5906,,,0,15,,5945,,,0,14,,5944,,,0,54,,5910,,,0,14,,5899,,,0,14,,5949,,,0,15,,5898,,,0,55,,5916,,,0,15,,5917,,,0,15,,5950,,,0,14,,5902,,,0,55,,5947,,,0,15,,5912,,,0,15,,5913,,,0,15,,5948,,,0,55,,5911,,,0,14,,5914,,,0,15,,5915,,,0,15,,5946,,,0,55,,5918,,,0,15,,5926,,,0,15,,5904,,,0,15,,5903,,,0,55,,5924,,,0,15,,5932,,,0,15,,5928,,,0,15,,5929,,,0,55,,5931,,,0,15,,5925,,,0,16,,5920,,,0,15,,5930,,,0,55,,5927,,,0,15,,5933,,,0,15,,5921,,,0,15,,5934,,,0,56,,5923,,,0,15,,5922,,,0,15,,5938,,,0,15,,5935,,,0,55,,5936,,,0,15,,5919,,,0,19,,5937,,,0,20,,5954,,,0,60,,5952,,,0,20,,5951,,,0,20,,5953,,,0,60,,5955,,,0,20,,5959,,,0,20,,5958,,,0,60,,5957,,,0,28,,5956,,,0,71,,5960,,,0,31,,5961,,,0,71,,5962,,,0
1401,'4744',552,,5963,,,0,65,,5969,,,0,21,,5981,,,0,15,,5964,,,0,53,,5989,,,0,12,,5970,,,0,13,,6007,,,0,12,,5979,,,0,14,,5965,,,0,55,,5990,,,0,14,,5971,,,0,13,,6024,,,0,13,,6025,,,0,54,,5980,,,0,13,,5972,,,0,13,,5991,,,0,13,,5966,,,0,13,,6005,,,0,53,,5974,,,0,13,,5967,,,0,13,,5968,,,0,13,,6020,,,0,54,,6021,,,0,14,,5977,,,0,14,,5975,,,0,13,,5988,,,0,13,,5976,,,0,53,,6006,,,0,14,,5973,,,0,13,,5978,,,0,13,,6023,,,0,53,,6022,,,0,12,,5984,,,0,13,,6040,,,0,12,,5987,,,0,11,,6048,,,0,51,,5985,,,0,8,,6053,,,0,4,,5986,,,0,10,,6041,,,0,5,,6004,,,0,6,,6042,0,5,0,5,,5983,,,0,6,,6049,0,5,0,7,,6050,,,0,51,,5982,,,0,5,,6043,,,0,5,,6045,0,5,0,8,,5998,,,0,10,,6046,0,5,0,8,,6010,,,0,7,,6009,0,5,0,8,,5997,,,0,48,,6047,0,5,0,10,,6034,,,0,5,,5996,0,5,0,6,,6052,0,5,0,5,,5999,,,0,5,,6051,0,5,0,5,,5995,0,5,0,6,,6000,,,0,8,,5992,0,5,0,48,,6001,,,0,7,,5994,0,5,0,8,,6002,,,0,9,,5993,0,5,0,7,,6003,,,0,8,,6044,0,5,0,8,,6012,,,0,7,,6026,0,5,0,47,,6011,,,0,8,,6008,0,5,0,5,,6017,,,0,15,,6018,,,0,15,,6039,,,0,54,,6019,,,0,15,,6013,,,0,15,,6015,,,0,15,,6016,,,0,55,,6014,,,0,17,,6027,,,0,20,,6033,,,0,20,,6032,,,0,59,,6028,,,0,20,,6031,,,0,20,,6030,,,0,63,,6029,,,0,32,,6036,,,0,72,,6038,,,0,28,,6037,,,0,70,,6035,,,0
1401,'4745',637,,6110,,,0,64,,6097,,,0,26,,6096,,,0,17,,6080,,,0,15,,6114,,,0,55,,6087,,,0,14,,6112,,,0,15,,6103,,,0,15,,6113,,,0,54,,6071,,,0,15,,6102,,,0,15,,6068,,,0,15,,6072,,,0,55,,6081,,,0,15,,6105,,,0,15,,6059,,,0,15,,6089,,,0,55,,6060,,,0,15,,6090,,,0,14,,6061,,,0,15,,6073,,,0,56,,6082,,,0,15,,6106,,,0,15,,6056,,,0,15,,6091,,,0,56,,6058,,,0,15,,6088,,,0,15,,6057,,,0,15,,6074,,,0,55,,6054,,,0,15,,6083,,,0,15,,6104,,,0,15,,6064,,,0,55,,6092,,,0,15,,6063,,,0,15,,6094,,,0,15,,6062,,,0,55,,6075,,,0,15,,6055,,,0,15,,6084,,,0,15,,6107,,,0,55,,6065,,,0,15,,6093,,,0,15,,6066,,,0,16,,6095,,,0,55,,6070,,,0,15,,6079,,,0,15,,6069,,,0,57,,6086,,,0,18,,6109,,,0,20,,6099,,,0,18,,6101,,,0,60,,6067,,,0,20,,6078,,,0,20,,6085,,,0,61,,6111,,,0,30,,6100,,,0,70,,6077,,,0,31,,6076,,,0,71,,6108,,,0,30,,6098,,,0
1401,'4870',552,,6115,,,0,65,,6121,,,0,21,,6133,,,0,15,,6116,,,0,53,,6140,,,0,12,,6122,,,0,13,,6158,,,0,12,,6131,,,0,14,,6117,,,0,55,,6141,,,0,14,,6123,,,0,13,,6175,,,0,13,,6176,,,0,54,,6132,,,0,13,,6124,,,0,13,,6142,,,0,13,,6118,,,0,13,,6156,,,0,53,,6126,,,0,13,,6119,,,0,13,,6120,,,0,13,,6171,,,0,54,,6172,,,0,14,,6129,,,0,14,,6127,,,0,13,,6139,,,0,13,,6128,,,0,53,,6157,,,0,14,,6125,,,0,13,,6130,,,0,13,,6174,,,0,53,,6173,,,0,12,,6136,,,0,13,,6191,,,0,12,,6138,,,0,11,,6199,,,0,59,,6204,,,0,4,,6137,,,0,10,,6192,,,0,5,,6155,,,0,6,,6193,0,5,0,5,,6135,,,0,6,,6200,0,5,0,7,,6201,,,0,51,,6134,,,0,5,,6194,,,0,5,,6196,0,5,0,8,,6149,,,0,10,,6197,0,5,0,8,,6161,,,0,7,,6160,0,5,0,8,,6148,,,0,48,,6198,0,5,0,10,,6185,,,0,5,,6147,0,5,0,6,,6203,0,5,0,5,,6150,,,0,5,,6202,0,5,0,5,,6146,0,5,0,6,,6151,,,0,8,,6143,0,5,0,48,,6152,,,0,7,,6145,0,5,0,8,,6153,,,0,9,,6144,0,5,0,7,,6154,,,0,8,,6195,0,5,0,8,,6163,,,0,7,,6177,0,5,0,47,,6162,,,0,8,,6159,0,5,0,5,,6168,,,0,15,,6169,,,0,15,,6190,,,0,54,,6170,,,0,15,,6164,,,0,15,,6166,,,0,15,,6167,,,0,55,,6165,,,0,17,,6178,,,0,20,,6184,,,0,20,,6183,,,0,59,,6179,,,0,20,,6182,,,0,20,,6181,,,0,63,,6180,,,0,32,,6187,,,0,72,,6189,,,0,28,,6188,,,0,70,,6186,,,0
1401,'4872',1403,,6205,,,0
1401,'4873',1403,,6206,,,0
1401,'4875',552,,6207,,,0,65,,6213,,,0,21,,6225,,,0,15,,6208,,,0,53,,6233,,,0,12,,6214,,,0,13,,6251,,,0,12,,6223,,,0,14,,6209,,,0,55,,6234,,,0,14,,6215,,,0,13,,6268,,,0,13,,6269,,,0,54,,6224,,,0,13,,6216,,,0,13,,6235,,,0,13,,6210,,,0,13,,6249,,,0,53,,6218,,,0,13,,6211,,,0,13,,6212,,,0,13,,6264,,,0,54,,6265,,,0,14,,6221,,,0,14,,6219,,,0,13,,6232,,,0,13,,6220,,,0,53,,6250,,,0,14,,6217,,,0,13,,6222,,,0,13,,6267,,,0,53,,6266,,,0,12,,6228,,,0,13,,6284,,,0,12,,6231,,,0,11,,6294,,,0,51,,6229,,,0,12,,6230,,,0,10,,6285,,,0,5,,6248,,,0,6,,6286,0,5,0,5,,6227,,,0,6,,6295,0,5,0,7,,6296,,,0,51,,6226,,,0,5,,6287,,,0,5,,6289,0,5,0,8,,6242,,,0,10,,6290,0,5,0,8,,6254,,,0,7,,6253,0,5,0,8,,6241,,,0,48,,6291,0,5,0,10,,6278,,,0,5,,6240,0,5,0,6,,6298,0,5,0,5,,6243,,,0,5,,6297,0,5,0,5,,6239,0,5,0,6,,6244,,,0,8,,6236,0,5,0,48,,6245,,,0,7,,6238,0,5,0,8,,6246,,,0,9,,6237,0,5,0,7,,6247,,,0,8,,6288,0,5,0,8,,6256,,,0,7,,6270,0,5,0,47,,6255,,,0,8,,6252,0,5,0,5,,6261,,,0,15,,6262,,,0,15,,6283,,,0,54,,6263,,,0,15,,6257,,,0,15,,6259,,,0,15,,6260,,,0,55,,6258,,,0,17,,6271,,,0,20,,6277,,,0,20,,6276,,,0,59,,6272,,,0,20,,6275,,,0,20,,6274,,,0,63,,6273,,,0,32,,6280,,,0,72,,6282,,,0,28,,6281,,,0,70,,6279,,,0,30,,6292,,,0,70,,6293,,,0
1401,'4876',606,,6341,,,0,30,,6340,,,0,66,,6306,,,0,21,,6309,,,0,17,,6342,,,0,15,,6343,,,0,55,,6308,,,0,14,,6302,,,0,15,,6344,,,0,15,,6301,,,0,55,,6310,,,0,14,,6307,,,0,15,,6346,,,0,14,,6345,,,0,54,,6311,,,0,14,,6300,,,0,14,,6350,,,0,15,,6299,,,0,55,,6317,,,0,15,,6318,,,0,15,,6351,,,0,14,,6303,,,0,55,,6348,,,0,15,,6313,,,0,15,,6314,,,0,15,,6349,,,0,55,,6312,,,0,14,,6315,,,0,15,,6316,,,0,15,,6347,,,0,55,,6319,,,0,15,,6327,,,0,15,,6305,,,0,15,,6304,,,0,55,,6325,,,0,15,,6333,,,0,15,,6329,,,0,15,,6330,,,0,55,,6332,,,0,15,,6326,,,0,16,,6321,,,0,15,,6331,,,0,55,,6328,,,0,15,,6334,,,0,15,,6322,,,0,15,,6335,,,0,56,,6324,,,0,15,,6323,,,0,15,,6339,,,0,15,,6336,,,0,55,,6337,,,0,15,,6320,,,0,19,,6338,,,0,20,,6355,,,0,60,,6353,,,0,20,,6352,,,0,20,,6354,,,0,60,,6356,,,0,20,,6360,,,0,20,,6359,,,0,60,,6358,,,0,28,,6357,,,0,71,,6361,,,0,31,,6362,,,0,71,,6363,,,0,30,,6364,,,0,70,,6365,,,0
1401,'4877',637,,6422,,,0,64,,6409,,,0,26,,6408,,,0,17,,6392,,,0,15,,6426,,,0,55,,6399,,,0,14,,6424,,,0,15,,6415,,,0,15,,6425,,,0,54,,6383,,,0,15,,6414,,,0,15,,6380,,,0,15,,6384,,,0,55,,6393,,,0,15,,6417,,,0,15,,6371,,,0,15,,6401,,,0,55,,6372,,,0,15,,6402,,,0,14,,6373,,,0,15,,6385,,,0,56,,6394,,,0,15,,6418,,,0,15,,6368,,,0,15,,6403,,,0,56,,6370,,,0,15,,6400,,,0,15,,6369,,,0,15,,6386,,,0,55,,6366,,,0,15,,6395,,,0,15,,6416,,,0,15,,6376,,,0,55,,6404,,,0,15,,6375,,,0,15,,6406,,,0,15,,6374,,,0,55,,6387,,,0,15,,6367,,,0,15,,6396,,,0,15,,6419,,,0,55,,6377,,,0,15,,6405,,,0,15,,6378,,,0,16,,6407,,,0,55,,6382,,,0,15,,6391,,,0,15,,6381,,,0,57,,6398,,,0,18,,6421,,,0,20,,6411,,,0,18,,6413,,,0,60,,6379,,,0,20,,6390,,,0,20,,6397,,,0,61,,6423,,,0,30,,6412,,,0,70,,6389,,,0,31,,6388,,,0,71,,6420,,,0,30,,6410,,,0
1501,'4487',650,,7003,,,0,63,,7017,,,0,20,,7002,,,0,15,,6978,,,0,54,,6998,,,0,15,,6999,,,0,14,,6977,,,0,15,,7016,,,0,55,,7000,,,0,15,,6976,,,0,15,,7001,,,0,15,,6993,,,0,13,,6974,,,0,54,,6975,,,0,14,,7015,,,0,15,,6994,,,0,15,,6973,,,0,55,,6996,,,0,15,,6997,,,0,15,,6970,,,0,15,,6972,,,0,55,,7014,,,0,14,,6995,,,0,15,,6971,,,0,15,,6992,,,0,55,,6991,,,0,15,,6969,,,0,15,,6968,,,0,15,,7013,,,0,56,,6990,,,0,14,,6967,,,0,16,,6988,,,0,15,,6989,,,0,55,,6966,,,0,15,,6982,,,0,15,,7022,,,0,15,,7011,,,0,55,,6983,,,0,15,,6984,,,0,15,,6986,,,0,15,,6963,,,0,55,,6965,,,0,15,,7012,,,0,14,,6985,,,0,15,,6964,,,0,55,,6987,,,0,15,,7010,,,0,15,,6981,,,0,15,,6979,,,0,55,,7020,,,0,17,,7007,,,0,20,,6980,,,0,60,,7005,,,0,20,,7006,,,0,20,,7004,,,0,60,,7008,,,0,20,,7009,,,0,20,,7021,,,0,60,,7019,,,0,23,,7018,,,0,71,,7023,,,0,31,,7024,,,0,72,,7025,,,0,30,,7026,,,0
1501,'4743',650,,7067,,,0,63,,7081,,,0,20,,7066,,,0,15,,7042,,,0,54,,7062,,,0,15,,7063,,,0,14,,7041,,,0,15,,7080,,,0,55,,7064,,,0,15,,7040,,,0,15,,7065,,,0,15,,7057,,,0,13,,7038,,,0,54,,7039,,,0,14,,7079,,,0,15,,7058,,,0,15,,7037,,,0,55,,7060,,,0,15,,7061,,,0,15,,7034,,,0,15,,7036,,,0,55,,7078,,,0,14,,7059,,,0,15,,7035,,,0,15,,7056,,,0,55,,7055,,,0,15,,7033,,,0,15,,7032,,,0,15,,7077,,,0,56,,7054,,,0,14,,7031,,,0,16,,7052,,,0,15,,7053,,,0,55,,7030,,,0,15,,7046,,,0,15,,7086,,,0,15,,7075,,,0,55,,7047,,,0,15,,7048,,,0,15,,7050,,,0,15,,7027,,,0,55,,7029,,,0,15,,7076,,,0,14,,7049,,,0,15,,7028,,,0,55,,7051,,,0,15,,7074,,,0,15,,7045,,,0,15,,7043,,,0,55,,7084,,,0,17,,7071,,,0,20,,7044,,,0,60,,7069,,,0,20,,7070,,,0,20,,7068,,,0,60,,7072,,,0,20,,7073,,,0,20,,7085,,,0,60,,7083,,,0,23,,7082,,,0,71,,7087,,,0,31,,7088,,,0,72,,7089,,,0,30,,7090,,,0
1501,'4744',550,,7114,,,0,67,,7109,,,0,17,,7108,,,0,20,,7119,,,0,56,,7104,,,0,14,,7115,,,0,15,,7116,,,0,15,,7112,,,0,57,,7103,,,0,17,,7092,,,0,16,,7105,,,0,56,,7118,,,0,15,,7110,,,0,15,,7095,,,0,15,,7117,,,0,55,,7120,,,0,15,,7106,,,0,16,,7107,,,0,15,,7094,,,0,55,,7111,,,0,14,,7091,,,0,15,,7113,,,0,15,,7097,,,0,55,,7122,,,0,15,,7121,,,0,15,,7093,,,0,15,,7123,,,0,55,,7125,,,0,14,,7124,,,0,13,,7096,,,0,15,,7126,,,0,15,,7127,,,0,54,,7098,,,0,13,,7128,,,0,12,,7099,,,0,11,,7129,,,0,11,,7100,,,0,53,,7130,,,0,12,,7101,,,0,13,,7131,,,0,12,,7102,,,0,53,,7136,,,0,11,,7154,,,0,11,,7144,,,0,11,,7163,,,0,12,,7137,,,0,10,,7142,,,0,49,,7152,,,0,11,,7162,,,0,12,,7139,,,0,12,,7132,,,0,12,,7133,,,0,52,,7151,,,0,10,,7138,,,0,15,,7140,,,0,15,,7134,,,0,56,,7143,,,0,15,,7135,,,0,16,,7150,,,0,15,,7147,,,0,55,,7141,,,0,14,,7145,,,0,19,,7146,,,0,20,,7148,,,0,61,,7149,,,0,20,,7153,,,0,24,,7159,,,0,71,,7157,,,0,74,,7156,,,0,32,,7155,,,0,70,,7158,,,0,32,,7160,,,0
1501,'4745',648,,7181,,,0,68,,7168,,,0,20,,7182,,,0,16,,7169,,,0,55,,7223,,,0,15,,7183,,,0,15,,7170,,,0,15,,7222,,,0,53,,7184,,,0,15,,7171,,,0,15,,7185,,,0,15,,7165,,,0,55,,7179,,,0,14,,7164,,,0,15,,7188,,,0,16,,7175,,,0,55,,7189,,,0,15,,7167,,,0,15,,7177,,,0,15,,7166,,,0,55,,7176,,,0,15,,7190,,,0,15,,7172,,,0,15,,7191,,,0,56,,7173,,,0,15,,7180,,,0,15,,7178,,,0,15,,7174,,,0,55,,7192,,,0,15,,7194,,,0,15,,7193,,,0,15,,7195,,,0,55,,7187,,,0,15,,7197,,,0,15,,7186,,,0,15,,7198,,,0,55,,7204,,,0,15,,7203,,,0,15,,7199,,,0,15,,7196,,,0,55,,7201,,,0,15,,7200,,,0,15,,7202,,,0,15,,7218,,,0,55,,7215,,,0,15,,7212,,,0,15,,7216,,,0,15,,7205,,,0,58,,7217,,,0,20,,7206,,,0,19,,7207,,,0,59,,7209,,,0,20,,7211,,,0,20,,7210,,,0,60,,7208,,,0,26,,7214,,,0,70,,7213,,,0,31,,7219,,,0,71,,7220,,,0,31,,7221,,,0
1501,'4870',550,,7247,,,0,67,,7242,,,0,17,,7241,,,0,20,,7252,,,0,56,,7237,,,0,14,,7248,,,0,15,,7249,,,0,15,,7245,,,0,57,,7236,,,0,17,,7225,,,0,16,,7238,,,0,56,,7251,,,0,15,,7243,,,0,15,,7228,,,0,15,,7250,,,0,55,,7253,,,0,15,,7239,,,0,16,,7240,,,0,15,,7227,,,0,55,,7244,,,0,14,,7224,,,0,15,,7246,,,0,15,,7230,,,0,55,,7255,,,0,15,,7254,,,0,15,,7226,,,0,15,,7256,,,0,55,,7258,,,0,14,,7257,,,0,13,,7229,,,0,15,,7259,,,0,15,,7260,,,0,54,,7231,,,0,13,,7261,,,0,12,,7232,,,0,11,,7262,,,0,11,,7233,,,0,53,,7263,,,0,12,,7234,,,0,13,,7264,,,0,12,,7235,,,0,53,,7269,,,0,11,,7287,,,0,11,,7277,,,0,11,,7296,,,0,12,,7270,,,0,10,,7275,,,0,49,,7285,,,0,11,,7295,,,0,12,,7272,,,0,12,,7265,,,0,12,,7266,,,0,52,,7284,,,0,10,,7271,,,0,15,,7273,,,0,15,,7267,,,0,56,,7276,,,0,15,,7268,,,0,16,,7283,,,0,15,,7280,,,0,55,,7274,,,0,14,,7278,,,0,19,,7279,,,0,20,,7281,,,0,61,,7282,,,0,20,,7286,,,0,24,,7292,,,0,71,,7290,,,0,74,,7289,,,0,32,,7288,,,0,70,,7291,,,0,32,,7293,,,0
1501,'4875',550,,7320,,,0,67,,7315,,,0,17,,7314,,,0,20,,7325,,,0,56,,7310,,,0,14,,7321,,,0,15,,7322,,,0,15,,7318,,,0,57,,7309,,,0,17,,7298,,,0,16,,7311,,,0,56,,7324,,,0,15,,7316,,,0,15,,7301,,,0,15,,7323,,,0,55,,7326,,,0,15,,7312,,,0,16,,7313,,,0,15,,7300,,,0,55,,7317,,,0,14,,7297,,,0,15,,7319,,,0,15,,7303,,,0,55,,7328,,,0,15,,7327,,,0,15,,7299,,,0,15,,7329,,,0,55,,7331,,,0,14,,7330,,,0,13,,7302,,,0,15,,7332,,,0,15,,7333,,,0,54,,7304,,,0,13,,7334,,,0,12,,7305,,,0,11,,7335,,,0,11,,7306,,,0,53,,7336,,,0,12,,7307,,,0,13,,7337,,,0,12,,7308,,,0,53,,7342,,,0,11,,7360,,,0,11,,7350,,,0,11,,7373,,,0,12,,7343,,,0,10,,7348,,,0,49,,7358,,,0,11,,7372,,,0,12,,7345,,,0,12,,7338,,,0,12,,7339,,,0,52,,7357,,,0,10,,7344,,,0,15,,7346,,,0,15,,7340,,,0,56,,7349,,,0,15,,7341,,,0,16,,7356,,,0,15,,7353,,,0,55,,7347,,,0,14,,7351,,,0,19,,7352,,,0,20,,7354,,,0,61,,7355,,,0,20,,7359,,,0,24,,7369,,,0,71,,7365,,,0,74,,7364,,,0,32,,7361,,,0,70,,7366,,,0,32,,7370,,,0,70,,7362,,,0,30,,7367,,,0,70,,7368,,,0,30,,7363,,,0
1501,'4876',650,,7414,,,0,63,,7428,,,0,20,,7413,,,0,15,,7389,,,0,54,,7409,,,0,15,,7410,,,0,14,,7388,,,0,15,,7427,,,0,55,,7411,,,0,15,,7387,,,0,15,,7412,,,0,15,,7404,,,0,13,,7385,,,0,54,,7386,,,0,14,,7426,,,0,15,,7405,,,0,15,,7384,,,0,55,,7407,,,0,15,,7408,,,0,15,,7381,,,0,15,,7383,,,0,55,,7425,,,0,14,,7406,,,0,15,,7382,,,0,15,,7403,,,0,55,,7402,,,0,15,,7380,,,0,15,,7379,,,0,15,,7424,,,0,56,,7401,,,0,14,,7378,,,0,16,,7399,,,0,15,,7400,,,0,55,,7377,,,0,15,,7393,,,0,15,,7433,,,0,15,,7422,,,0,55,,7394,,,0,15,,7395,,,0,15,,7397,,,0,15,,7374,,,0,55,,7376,,,0,15,,7423,,,0,14,,7396,,,0,15,,7375,,,0,55,,7398,,,0,15,,7421,,,0,15,,7392,,,0,15,,7390,,,0,55,,7431,,,0,17,,7418,,,0,20,,7391,,,0,60,,7416,,,0,20,,7417,,,0,20,,7415,,,0,60,,7419,,,0,20,,7420,,,0,20,,7432,,,0,60,,7430,,,0,23,,7429,,,0,71,,7434,,,0,31,,7435,,,0,72,,7436,,,0,30,,7437,,,0,70,,7438,,,0,30,,7439,,,0,72,,7440,,,0,30,,7441,,,0
1501,'4877',648,,7459,,,0,68,,7446,,,0,20,,7460,,,0,16,,7447,,,0,55,,7501,,,0,15,,7461,,,0,15,,7448,,,0,15,,7500,,,0,53,,7462,,,0,15,,7449,,,0,15,,7463,,,0,15,,7443,,,0,55,,7457,,,0,14,,7442,,,0,15,,7466,,,0,16,,7453,,,0,55,,7467,,,0,15,,7445,,,0,15,,7455,,,0,15,,7444,,,0,55,,7454,,,0,15,,7468,,,0,15,,7450,,,0,15,,7469,,,0,56,,7451,,,0,15,,7458,,,0,15,,7456,,,0,15,,7452,,,0,55,,7470,,,0,15,,7472,,,0,15,,7471,,,0,15,,7473,,,0,55,,7465,,,0,15,,7475,,,0,15,,7464,,,0,15,,7476,,,0,55,,7482,,,0,15,,7481,,,0,15,,7477,,,0,15,,7474,,,0,55,,7479,,,0,15,,7478,,,0,15,,7480,,,0,15,,7496,,,0,55,,7493,,,0,15,,7490,,,0,15,,7494,,,0,15,,7483,,,0,58,,7495,,,0,20,,7484,,,0,19,,7485,,,0,59,,7487,,,0,20,,7489,,,0,20,,7488,,,0,60,,7486,,,0,26,,7492,,,0,70,,7491,,,0,31,,7497,,,0,71,,7498,,,0,31,,7499,,,0
