'4166',4700,70100,,'',0,3000,,'',0,2800,,'',0
'4176',4700,70100,,'',0,3000,,'',0,2800,,'',0
'4166',4800,65800,,'',0,6900,,'',0,2900,,'',0
'4176',4800,65800,,'',0,6900,,'',0,2900,,'',0
'4166',5300,73100,,'',0
'4176',5300,73100,,'',0
'4166',6100,60100,,'',0,2400,,'',0,2200,,'',0,5700,,'',0,1500,,'',0,2600,,'',0,5900,,'',0,1600,,'',0,1800,,'',0,1200,,'',0
'4176',6100,60100,,'',0,2400,,'',0,2200,,'',0,5700,,'',0,1500,,'',0,2600,,'',0,5900,,'',0,1600,,'',0,1800,,'',0,1200,,'',0
'4166',6500,72800,,'',0,2800,,'',0
'4176',6500,72800,,'',0,2800,,'',0
'4035',9500,61300,0,'Blink',0,3200,0,'Blink',0,6200,0,'Blink',0,1500,0,'Blink',0,1500,0,'Blink',0,1500,0,'Blink',0,5400,0,'Blink',0,1600,0,'Blink',0,1500,0,'Blink',0,1500,0,'Blink',0,5500,0,'Blink',0,1400,0,'Blink',0,1400,0,'Blink',0,1500,0,'Blink',0,5500,0,'Blink',0,1500,0,'Blink',0,1500,0,'Blink',0,1500,0,'Blink',0,5500,0,'Blink',0,1400,0,'Blink',0,1400,0,'Blink',0,1300,0,'Blink',0,1200,0,'Blink',0,5200,0,'Blink',0,1200,0,'Blink',0,1100,0,'Blink',0,1200,0,'Blink',0,1100,0,'Blink',0,5200,0,'Blink',0,1200,0,'Blink',0,1200,0,'Blink',0,1200,0,'Blink',0,1100,0,'Blink',0,5200,0,'Blink',0,1200,0,'Blink',0,1100,0,'Blink',0,1200,0,'Blink',0,1200,0,'Blink',0,5200,0,'Blink',0,1200,0,'Blink',0,1200,0,'Blink',0,1200,0,'Blink',0,1400,0,'Blink',0,5200,0,'Blink',0,1200,0,'Blink',0,1200,0,'Blink',0,1300,0,'Blink',0,1200,0,'Blink',0,5200,0,'Blink',0,1200,0,'Blink',0,1200,0,'Blink',0,1200,0,'Blink',0,1300,0,'Blink',0,5500,0,'Blink',0,1500,0,'Blink',0,1600,0,'Blink',0,1500,0,'Blink',0,5500,0,'Blink',0,1600,0,'Blink',0,1500,0,'Blink',0,5500,0,'Blink',0,1500,0,'Blink',0,1500,0,'Blink',0,1500,0,'Blink',0,5500,0,'Blink',0,1500,0,'Blink',0,2000,0,'Blink',0,2000,0,'Blink',0,6000,0,'Blink',0,2400,0,'Blink',0,6900,0,'Blink',0,3000,0,'Blink',0,7100,0,'Blink',0,2900,0,'Blink',0
'4166',9500,50700,0,'Blink',0,1800,0,'Blink',0,1600,0,'Blink',0,1500,0,'Blink',0,5500,0,'Blink',0,1200,0,'Blink',0,1100,0,'Blink',0,1000,0,'Blink',0,1000,0,'Blink',0,4700,0,'Blink',0,800,0,'Blink',0,700,0,'Blink',0,800,0,'Blink',0,700,0,'Blink',0,800,0,'Blink',0,700,0,'Blink',0,800,0,'Blink',0,4700,0,'Blink',0,700,0,'Blink',0,900,0,'Blink',0,900,0,'Blink',0,1000,0,'Blink',0,900,0,'Blink',0,900,0,'Blink',0,5000,0,'Blink',0,900,0,'Blink',0,900,0,'Blink',0,1000,0,'Blink',0,1000,0,'Blink',0,1000,0,'Blink',0,5200,0,'Blink',0,1200,0,'Blink',0,1200,0,'Blink',0,1200,0,'Blink',0,1200,0,'Blink',0,5200,0,'Blink',0,1200,0,'Blink',0,1200,0,'Blink',0,1200,0,'Blink',0,1200,0,'Blink',0,5200,0,'Blink',0,1200,0,'Blink',0,1200,0,'Blink',0,1200,0,'Blink',0,1200,0,'Blink',0,5200,0,'Blink',0,1200,0,'Blink',0,1200,0,'Blink',0,1200,0,'Blink',0,1200,0,'Blink',0,5200,0,'Blink',0,1000,0,'Blink',0,1000,0,'Blink',0,1100,0,'Blink',0,1000,0,'Blink',0,1000,0,'Blink',0,5100,0,'Blink',0,1000,0,'Blink',0,1000,0,'Blink',0,1000,0,'Blink',0,1000,0,'Blink',0,1000,0,'Blink',0,5000,0,'Blink',0,1000,0,'Blink',0,1000,0,'Blink',0,1000,0,'Blink',0,1000,0,'Blink',0,1100,0,'Blink',0,5100,0,'Blink',0,1300,0,'Blink',0,1300,0,'Blink',0,1200,0,'Blink',0,1200,0,'Blink',0,5300,0,'Blink',0,1300,0,'Blink',0,1300,0,'Blink',0,1200,0,'Blink',0,5200,0,'Blink',0,1400,0,'Blink',0,1500,0,'Blink',0,1500,0,'Blink',0,5500,0,'Blink',0,1500,0,'Blink',0,1600,0,'Blink',0,1500,0,'Blink',0,5500,0,'Blink',0,1500,0,'Blink',0,2000,0,'Blink',0,2100,0,'Blink',0,6000,0,'Blink',0,2000,0,'Blink',0,7000,0,'Blink',0,3000,0,'Blink',0,7100,0,'Blink',0,3000,0,'Blink',0
'4171',9500,61700,0,'Blink',0,2900,0,'Blink',0,7000,0,'Blink',0,2200,0,'Blink',0,1800,0,'Blink',0,5900,0,'Blink',0,1500,0,'Blink',0,1400,0,'Blink',0,1500,0,'Blink',0,5500,0,'Blink',0,1300,0,'Blink',0,1500,0,'Blink',0,1500,0,'Blink',0,5500,0,'Blink',0,1500,0,'Blink',0,1400,0,'Blink',0,1500,0,'Blink',0,5500,0,'Blink',0,1500,0,'Blink',0,1500,0,'Blink',0,1500,0,'Blink',0,5400,0,'Blink',0,1400,0,'Blink',0,1500,0,'Blink',0,1400,0,'Blink',0,5500,0,'Blink',0,1500,0,'Blink',0,1500,0,'Blink',0,1500,0,'Blink',0,5500,0,'Blink',0,1500,0,'Blink',0,1500,0,'Blink',0,1500,0,'Blink',0,5400,0,'Blink',0,1300,0,'Blink',0,1200,0,'Blink',0,1200,0,'Blink',0,1200,0,'Blink',0,5200,0,'Blink',0,1200,0,'Blink',0,1300,0,'Blink',0,1200,0,'Blink',0,1200,0,'Blink',0,5300,0,'Blink',0,1600,0,'Blink',0,1500,0,'Blink',0,1500,0,'Blink',0,5600,0,'Blink',0,1500,0,'Blink',0,1600,0,'Blink',0,1600,0,'Blink',0,5500,0,'Blink',0,1500,0,'Blink',0,1500,0,'Blink',0,1500,0,'Blink',0,5500,0,'Blink',0,1500,0,'Blink',0,1500,0,'Blink',0,1500,0,'Blink',0,5500,0,'Blink',0,2100,0,'Blink',0,2000,0,'Blink',0,6000,0,'Blink',0,2200,0,'Blink',0,7000,0,'Blink',0,2900,0,'Blink',0,7200,0,'Blink',0
'4174',9500,61300,0,'Blink',0,3200,0,'Blink',0,6200,0,'Blink',0,1500,0,'Blink',0,1500,0,'Blink',0,1500,0,'Blink',0,5400,0,'Blink',0,1600,0,'Blink',0,1500,0,'Blink',0,1500,0,'Blink',0,5500,0,'Blink',0,1400,0,'Blink',0,1400,0,'Blink',0,1500,0,'Blink',0,5500,0,'Blink',0,1500,0,'Blink',0,1500,0,'Blink',0,1500,0,'Blink',0,5500,0,'Blink',0,1400,0,'Blink',0,1400,0,'Blink',0,1300,0,'Blink',0,1200,0,'Blink',0,5200,0,'Blink',0,1200,0,'Blink',0,1100,0,'Blink',0,1200,0,'Blink',0,1100,0,'Blink',0,5200,0,'Blink',0,1200,0,'Blink',0,1200,0,'Blink',0,1200,0,'Blink',0,1100,0,'Blink',0,5200,0,'Blink',0,1200,0,'Blink',0,1100,0,'Blink',0,1200,0,'Blink',0,1200,0,'Blink',0,5200,0,'Blink',0,1200,0,'Blink',0,1200,0,'Blink',0,1200,0,'Blink',0,1400,0,'Blink',0,5200,0,'Blink',0,1200,0,'Blink',0,1200,0,'Blink',0,1300,0,'Blink',0,1200,0,'Blink',0,5200,0,'Blink',0,1200,0,'Blink',0,1200,0,'Blink',0,1200,0,'Blink',0,1300,0,'Blink',0,5500,0,'Blink',0,1500,0,'Blink',0,1600,0,'Blink',0,1500,0,'Blink',0,5500,0,'Blink',0,1600,0,'Blink',0,1500,0,'Blink',0,5500,0,'Blink',0,1500,0,'Blink',0,1500,0,'Blink',0,1500,0,'Blink',0,5500,0,'Blink',0,1500,0,'Blink',0,2000,0,'Blink',0,2000,0,'Blink',0,6000,0,'Blink',0,2400,0,'Blink',0,6900,0,'Blink',0,3000,0,'Blink',0,7100,0,'Blink',0,2900,0,'Blink',0,7000,0,'Blink',0,3000,0,'Blink',0,7000,0,'Blink',0
'4175',9500,61700,0,'Blink',0,2900,0,'Blink',0,7000,0,'Blink',0,2200,0,'Blink',0,1800,0,'Blink',0,5900,0,'Blink',0,1500,0,'Blink',0,1400,0,'Blink',0,1500,0,'Blink',0,5500,0,'Blink',0,1300,0,'Blink',0,1500,0,'Blink',0,1500,0,'Blink',0,5500,0,'Blink',0,1500,0,'Blink',0,1400,0,'Blink',0,1500,0,'Blink',0,5500,0,'Blink',0,1500,0,'Blink',0,1500,0,'Blink',0,1500,0,'Blink',0,5400,0,'Blink',0,1400,0,'Blink',0,1500,0,'Blink',0,1400,0,'Blink',0,5500,0,'Blink',0,1500,0,'Blink',0,1500,0,'Blink',0,1500,0,'Blink',0,5500,0,'Blink',0,1500,0,'Blink',0,1500,0,'Blink',0,1500,0,'Blink',0,5400,0,'Blink',0,1300,0,'Blink',0,1200,0,'Blink',0,1200,0,'Blink',0,1200,0,'Blink',0,5200,0,'Blink',0,1200,0,'Blink',0,1300,0,'Blink',0,1200,0,'Blink',0,1200,0,'Blink',0,5300,0,'Blink',0,1600,0,'Blink',0,1500,0,'Blink',0,1500,0,'Blink',0,5600,0,'Blink',0,1500,0,'Blink',0,1600,0,'Blink',0,1600,0,'Blink',0,5500,0,'Blink',0,1500,0,'Blink',0,1500,0,'Blink',0,1500,0,'Blink',0,5500,0,'Blink',0,1500,0,'Blink',0,1500,0,'Blink',0,1500,0,'Blink',0,5500,0,'Blink',0,2100,0,'Blink',0,2000,0,'Blink',0,6000,0,'Blink',0,2200,0,'Blink',0,7000,0,'Blink',0,2900,0,'Blink',0,7200,0,'Blink',0
'4176',9500,50700,0,'Blink',0,1800,0,'Blink',0,1600,0,'Blink',0,1500,0,'Blink',0,5500,0,'Blink',0,1200,0,'Blink',0,1100,0,'Blink',0,1000,0,'Blink',0,1000,0,'Blink',0,4700,0,'Blink',0,800,0,'Blink',0,700,0,'Blink',0,800,0,'Blink',0,700,0,'Blink',0,800,0,'Blink',0,700,0,'Blink',0,800,0,'Blink',0,4700,0,'Blink',0,700,0,'Blink',0,900,0,'Blink',0,900,0,'Blink',0,1000,0,'Blink',0,900,0,'Blink',0,900,0,'Blink',0,5000,0,'Blink',0,900,0,'Blink',0,900,0,'Blink',0,1000,0,'Blink',0,1000,0,'Blink',0,1000,0,'Blink',0,5200,0,'Blink',0,1200,0,'Blink',0,1200,0,'Blink',0,1200,0,'Blink',0,1200,0,'Blink',0,5200,0,'Blink',0,1200,0,'Blink',0,1200,0,'Blink',0,1200,0,'Blink',0,1200,0,'Blink',0,5200,0,'Blink',0,1200,0,'Blink',0,1200,0,'Blink',0,1200,0,'Blink',0,1200,0,'Blink',0,5200,0,'Blink',0,1200,0,'Blink',0,1200,0,'Blink',0,1200,0,'Blink',0,1200,0,'Blink',0,5200,0,'Blink',0,1000,0,'Blink',0,1000,0,'Blink',0,1100,0,'Blink',0,1000,0,'Blink',0,1000,0,'Blink',0,5100,0,'Blink',0,1000,0,'Blink',0,1000,0,'Blink',0,1000,0,'Blink',0,1000,0,'Blink',0,1000,0,'Blink',0,5000,0,'Blink',0,1000,0,'Blink',0,1000,0,'Blink',0,1000,0,'Blink',0,1000,0,'Blink',0,1100,0,'Blink',0,5100,0,'Blink',0,1300,0,'Blink',0,1300,0,'Blink',0,1200,0,'Blink',0,1200,0,'Blink',0,5300,0,'Blink',0,1300,0,'Blink',0,1300,0,'Blink',0,1200,0,'Blink',0,5200,0,'Blink',0,1400,0,'Blink',0,1500,0,'Blink',0,1500,0,'Blink',0,5500,0,'Blink',0,1500,0,'Blink',0,1600,0,'Blink',0,1500,0,'Blink',0,5500,0,'Blink',0,1500,0,'Blink',0,2000,0,'Blink',0,2100,0,'Blink',0,6000,0,'Blink',0,2000,0,'Blink',0,7000,0,'Blink',0,3000,0,'Blink',0,7100,0,'Blink',0,3000,0,'Blink',0,7100,0,'Blink',0,3100,0,'Blink',0,6900,0,'Blink',0
'4177',9500,61700,0,'Blink',0,2900,0,'Blink',0,7000,0,'Blink',0,2200,0,'Blink',0,1800,0,'Blink',0,5900,0,'Blink',0,1500,0,'Blink',0,1400,0,'Blink',0,1500,0,'Blink',0,5500,0,'Blink',0,1300,0,'Blink',0,1500,0,'Blink',0,1500,0,'Blink',0,5500,0,'Blink',0,1500,0,'Blink',0,1400,0,'Blink',0,1500,0,'Blink',0,5500,0,'Blink',0,1500,0,'Blink',0,1500,0,'Blink',0,1500,0,'Blink',0,5400,0,'Blink',0,1400,0,'Blink',0,1500,0,'Blink',0,1400,0,'Blink',0,5500,0,'Blink',0,1500,0,'Blink',0,1500,0,'Blink',0,1500,0,'Blink',0,5500,0,'Blink',0,1500,0,'Blink',0,1500,0,'Blink',0,1500,0,'Blink',0,5400,0,'Blink',0,1300,0,'Blink',0,1200,0,'Blink',0,1200,0,'Blink',0,1200,0,'Blink',0,5200,0,'Blink',0,1200,0,'Blink',0,1300,0,'Blink',0,1200,0,'Blink',0,1200,0,'Blink',0,5300,0,'Blink',0,1600,0,'Blink',0,1500,0,'Blink',0,1500,0,'Blink',0,5600,0,'Blink',0,1500,0,'Blink',0,1600,0,'Blink',0,1600,0,'Blink',0,5500,0,'Blink',0,1500,0,'Blink',0,1500,0,'Blink',0,1500,0,'Blink',0,5500,0,'Blink',0,1500,0,'Blink',0,1500,0,'Blink',0,1500,0,'Blink',0,5500,0,'Blink',0,2100,0,'Blink',0,2000,0,'Blink',0,6000,0,'Blink',0,2200,0,'Blink',0,7000,0,'Blink',0,2900,0,'Blink',0,7200,0,'Blink',0
