301,'4623',611,,63798,17,,,0,37,,63796,27,,,0,76,,63795,27,,,0,79,,63797,27,,,0,42,,63794,27,,,0,75,,63787,27,,,0,36,,63786,27,,,0,71,,63785,27,,,0,30,,63788,27,,,0,70,,63783,27,,,0,31,,63784,27,,,0,71,,63790,27,,,0,75,,63782,27,,,0,30,,63781,27,,,0,70,,63789,27,,,0,32,,63780,27,,,0,74,,63779,27,,,0,34,,63791,27,,,0,74,,63778,27,,,0,35,,63777,27,,,0,73,,63793,27,,,0,31,,63776,27,,,0,74,,63775,27,,,0,24,,63792,27,,,0,69,,63774,27,,,0,30,,63773,27,,,0,65,,63771,27,,,0,24,,63772,27,,,0,70,,63770,27,,,0
301,'4833',727,,63820,27,,,0,30,,63806,27,,,0,71,,63799,27,,,0,30,,63812,27,,,0,71,,63807,27,,,0,71,,63823,27,,,0,31,,63811,27,,,0,71,,63800,27,,,0,29,,63822,27,,,0,70,,63814,27,,,0,32,,63802,27,,,0,70,,63824,27,,,0,30,,63813,27,,,0,71,,63801,27,,,0,30,,63808,27,,,0,74,,63805,27,,,0,33,,63803,27,,,0,78,,63804,27,,,0,28,,63809,27,,,0,76,,63815,27,,,0,24,,63810,27,,,0,74,,63817,27,,,0,28,,63816,27,,,0,71,,63818,27,,,0,24,,63819,27,,,0,70,,63825,27,,,0,30,,63821,27,,,0,69,,63826,27,,,0
301,'5015',727,,63848,27,,,0,30,,63834,27,,,0,71,,63827,27,,,0,30,,63840,27,,,0,71,,63835,27,,,0,71,,63851,27,,,0,31,,63839,27,,,0,71,,63828,27,,,0,29,,63850,27,,,0,70,,63842,27,,,0,32,,63830,27,,,0,70,,63852,27,,,0,30,,63841,27,,,0,71,,63829,27,,,0,30,,63836,27,,,0,74,,63833,27,,,0,33,,63831,27,,,0,78,,63832,27,,,0,28,,63837,27,,,0,76,,63843,27,,,0,24,,63838,27,,,0,74,,63845,27,,,0,28,,63844,27,,,0,71,,63846,27,,,0,24,,63847,27,,,0,70,,63853,27,,,0,30,,63849,27,,,0,69,,63854,27,,,0
301,'5222',611,,63883,17,,,0,37,,63881,27,,,0,76,,63880,27,,,0,79,,63882,27,,,0,42,,63879,27,,,0,75,,63872,27,,,0,36,,63871,27,,,0,71,,63870,27,,,0,30,,63873,27,,,0,70,,63868,27,,,0,31,,63869,27,,,0,71,,63875,27,,,0,75,,63867,27,,,0,30,,63866,27,,,0,70,,63874,27,,,0,32,,63865,27,,,0,74,,63864,27,,,0,34,,63876,27,,,0,74,,63863,27,,,0,35,,63862,27,,,0,73,,63878,27,,,0,31,,63861,27,,,0,74,,63860,27,,,0,24,,63877,27,,,0,69,,63859,27,,,0,30,,63858,27,,,0,65,,63856,27,,,0,24,,63857,27,,,0,70,,63855,27,,,0
301,'5365',742,,63897,27,,,0,86,,63885,27,,,0,80,,63898,27,,,0,46,,63891,27,,,0,76,,63896,27,,,0,80,,63884,27,,,0,20,,63892,27,,,0,71,,63887,27,,,0,29,,63886,27,,,0,70,,63893,27,,,0,32,,63890,27,,,0,70,,63889,27,,,0,30,,63888,27,,,0,77,,63894,27,,,0,28,,63895,27,,,0,81,,63901,27,,,0,23,,63899,27,,,0,73,,63900,27,,,0,26,,63905,27,,,0,70,,63903,27,,,0,29,,63902,27,,,0,70,,63904,27,,,0,30,,63906,27,,,0,74,,63907,27,,,0
301,'5390',742,,63921,27,,,0,86,,63909,27,,,0,80,,63922,27,,,0,46,,63915,27,,,0,76,,63920,27,,,0,80,,63908,27,,,0,20,,63916,27,,,0,71,,63911,27,,,0,29,,63910,27,,,0,70,,63917,27,,,0,32,,63914,27,,,0,70,,63913,27,,,0,30,,63912,27,,,0,77,,63918,27,,,0,28,,63919,27,,,0,81,,63925,27,,,0,23,,63923,27,,,0,73,,63924,27,,,0,26,,63929,27,,,0,70,,63927,27,,,0,29,,63926,27,,,0,70,,63928,27,,,0,30,,63930,27,,,0,74,,63931,27,,,0
701,'4623',612,,65736,10,,,0,30,,65743,10,,,0,63,,65735,10,,,0,20,,65732,10,,,0,19,,65737,10,,,0,61,,65734,10,,,0,20,,65738,10,,,0,20,,65733,10,,,0,60,,65744,10,,,0,28,,65747,10,,,0,69,,65741,10,,,0,28,,65750,10,,,0,29,,65739,10,,,0,72,,65746,10,,,0,70,,65751,10,,,0,32,,65742,10,,,0,70,,65748,10,,,0,30,,65740,10,,,0,71,,65745,10,,,0,30,,65749,10,,,0,73,,65756,10,,,0,20,,65752,10,,,0,20,,65754,10,,,0,60,,65757,10,,,0,22,,65755,10,,,0,23,,65753,10,,,0,61,,65758,10,,,0,17,,65759,10,,,0,16,,65763,10,,,0,60,,65761,10,,,0,18,,65760,10,,,0,19,,65764,10,,,0,70,,65762,10,,,0,31,,65765,10,,,0,69,,65768,10,,,0,30,,65767,10,,,0,70,,65766,10,,,0
701,'4833',703,,65796,10,,,0,30,,65780,10,,,0,72,,65789,10,,,0,31,,65773,10,,,0,70,,65797,10,,,0,29,,65781,10,,,0,71,,65790,10,,,0,27,,65769,10,,,0,70,,65771,10,,,0,29,,65791,10,,,0,71,,65777,10,,,0,29,,65784,10,,,0,68,,65770,10,,,0,31,,65772,10,,,0,70,,65792,10,,,0,30,,65776,10,,,0,69,,65785,10,,,0,31,,65774,10,,,0,70,,65775,10,,,0,33,,65793,10,,,0,70,,65778,10,,,0,29,,65787,10,,,0,71,,65779,10,,,0,30,,65782,10,,,0,69,,65794,10,,,0,30,,65783,10,,,0,76,,65788,10,,,0,36,,65786,10,,,0,68,,65795,10,,,0
701,'5015',703,,65825,10,,,0,30,,65809,10,,,0,72,,65818,10,,,0,31,,65802,10,,,0,70,,65826,10,,,0,29,,65810,10,,,0,71,,65819,10,,,0,27,,65798,10,,,0,70,,65800,10,,,0,29,,65820,10,,,0,71,,65806,10,,,0,29,,65813,10,,,0,68,,65799,10,,,0,31,,65801,10,,,0,70,,65821,10,,,0,30,,65805,10,,,0,69,,65814,10,,,0,31,,65803,10,,,0,70,,65804,10,,,0,33,,65822,10,,,0,70,,65807,10,,,0,29,,65816,10,,,0,71,,65808,10,,,0,30,,65811,10,,,0,69,,65823,10,,,0,30,,65812,10,,,0,76,,65817,10,,,0,36,,65815,10,,,0,68,,65824,10,,,0
701,'5222',612,,65831,10,,,0,30,,65838,10,,,0,63,,65830,10,,,0,20,,65827,10,,,0,19,,65832,10,,,0,61,,65829,10,,,0,20,,65833,10,,,0,20,,65828,10,,,0,60,,65839,10,,,0,28,,65842,10,,,0,69,,65836,10,,,0,28,,65845,10,,,0,29,,65834,10,,,0,72,,65841,10,,,0,70,,65846,10,,,0,32,,65837,10,,,0,70,,65843,10,,,0,30,,65835,10,,,0,71,,65840,10,,,0,30,,65844,10,,,0,73,,65851,10,,,0,20,,65847,10,,,0,20,,65849,10,,,0,60,,65852,10,,,0,22,,65850,10,,,0,23,,65848,10,,,0,61,,65853,10,,,0,17,,65854,10,,,0,16,,65858,10,,,0,60,,65856,10,,,0,18,,65855,10,,,0,19,,65859,10,,,0,70,,65857,10,,,0,31,,65860,10,,,0,69,,65863,10,,,0,30,,65862,10,,,0,70,,65861,10,,,0
701,'5365',711,,65876,10,,,0,40,,65865,10,,,0,80,,65877,10,,,0,76,,65878,10,,,0,25,,65864,10,,,0,69,,65866,10,,,0,31,,65879,10,,,0,69,,65867,10,,,0,30,,65882,10,,,0,69,,65868,10,,,0,31,,65869,10,,,0,70,,65881,10,,,0,28,,65880,10,,,0,30,,65883,10,,,0,70,,65884,10,,,0,29,,65871,10,,,0,71,,65872,10,,,0,72,,65874,10,,,0,32,,65873,10,,,0,69,,65870,10,,,0,31,,65875,10,,,0,69,,65885,10,,,0,32,,65886,10,,,0,75,,65887,10,,,0,34,,65889,10,,,0,69,,65888,10,,,0
701,'5390',711,,65902,10,,,0,40,,65891,10,,,0,80,,65903,10,,,0,76,,65904,10,,,0,25,,65890,10,,,0,69,,65892,10,,,0,31,,65905,10,,,0,69,,65893,10,,,0,30,,65908,10,,,0,69,,65894,10,,,0,31,,65895,10,,,0,70,,65907,10,,,0,28,,65906,10,,,0,30,,65909,10,,,0,70,,65910,10,,,0,29,,65897,10,,,0,71,,65898,10,,,0,72,,65900,10,,,0,32,,65899,10,,,0,69,,65896,10,,,0,31,,65901,10,,,0,69,,65911,10,,,0,32,,65912,10,,,0,75,,65913,10,,,0,34,,65915,10,,,0,69,,65914,10,,,0
14000701,'4623',2145,,77681,15,,,0,71,,77682,15,,,0,31,,77684,15,,,0,67,,77683,15,,,0,37,,77685,15,,,0,67,,77686,15,,,0
14000701,'4833',2145,,77687,15,,,0,72,,77688,15,,,0,30,,77690,15,,,0,69,,77689,15,,,0,36,,77691,15,,,0,67,,77692,15,,,0
14000701,'5015',2145,,77693,15,,,0,72,,77694,15,,,0,30,,77696,15,,,0,69,,77695,15,,,0,36,,77697,15,,,0,67,,77698,15,,,0
14000701,'5222',2145,,77699,15,,,0,71,,77700,15,,,0,31,,77702,15,,,0,67,,77701,15,,,0,37,,77703,15,,,0,67,,77704,15,,,0
14000701,'5365',2044,,77705,15,,,0,70,,77707,15,,,0,40,,77706,15,,,0,62,,77708,15,,,0,100,,77709,15,,,0,103,,77710,15,,,0
14000701,'5390',2044,,77711,15,,,0,70,,77713,15,,,0,40,,77712,15,,,0,62,,77714,15,,,0,100,,77715,15,,,0,103,,77716,15,,,0
