2101,'5036',554,,41118,14,,,0,69,,41126,14,,,0,22,,41117,14,,,0,55,,41102,14,,,0,16,,41113,18,,,0,14,,41097,18,,,0,16,,41105,18,,,0,57,,41112,18,,,0,16,,41101,18,,,0,17,,41131,18,,,0,16,,41098,18,,,0,59,,41128,18,,,0,30,,41139,18,,,0,70,,41111,18,,,0,27,,41133,18,,,0,70,,41136,18,,,0,30,,41138,18,,,0,70,,41135,18,,,0,30,,41110,18,,,0,70,,41140,18,,,0,30,,41134,18,,,0,70,,41137,18,,,0,30,,41099,18,,,0,21,,41132,18,,,0,58,,41104,18,,,0,18,,41103,14,,,0,20,,41114,18,,,0,59,,41107,18,,,0,17,,41124,18,,,0,20,,41106,18,,,0,57,,41129,18,,,0,16,,41100,14,,,0,19,,41130,18,,,0,60,,41108,18,,,0,18,,41109,18,,,0,31,,41115,14,,,0,70,,41122,14,,,0,31,,41121,14,,,0,70,,41125,14,,,0,30,,41119,14,,,0,70,,41123,14,,,0,32,,41120,14,,,0,69,,41116,14,,,0,30,,41127,14,,,0,146,,41141,14,,,0
2101,'5040',554,,41163,14,,,0,69,,41171,14,,,0,22,,41162,14,,,0,55,,41147,14,,,0,16,,41158,18,,,0,14,,41142,18,,,0,16,,41150,18,,,0,57,,41157,18,,,0,16,,41146,18,,,0,17,,41176,18,,,0,16,,41143,18,,,0,59,,41173,18,,,0,30,,41184,18,,,0,70,,41156,18,,,0,27,,41178,18,,,0,70,,41181,18,,,0,30,,41183,18,,,0,70,,41180,18,,,0,30,,41155,18,,,0,70,,41185,18,,,0,30,,41179,18,,,0,70,,41182,18,,,0,30,,41144,18,,,0,21,,41177,18,,,0,58,,41149,18,,,0,18,,41148,14,,,0,20,,41159,18,,,0,59,,41152,18,,,0,17,,41169,18,,,0,20,,41151,18,,,0,57,,41174,18,,,0,16,,41145,14,,,0,19,,41175,18,,,0,60,,41153,18,,,0,18,,41154,18,,,0,31,,41160,14,,,0,70,,41167,14,,,0,31,,41166,14,,,0,70,,41170,14,,,0,30,,41164,14,,,0,70,,41168,14,,,0,32,,41165,14,,,0,69,,41161,14,,,0,30,,41172,14,,,0,146,,41186,14,,,0
2101,'5041',644,,41217,14,,,0,70,,41199,14,,,0,31,,41208,14,,,0,71,,41191,14,,,0,30,,41218,14,,,0,69,,41200,14,,,0,30,,41209,14,,,0,67,,41187,14,,,0,28,,41189,14,,,0,69,,41210,14,,,0,30,,41194,14,,,0,69,,41202,14,,,0,28,,41188,14,,,0,70,,41190,14,,,0,28,,41211,14,,,0,70,,41195,14,,,0,32,,41203,14,,,0,71,,41192,14,,,0,30,,41193,14,,,0,74,,41212,14,,,0,30,,41196,14,,,0,69,,41205,14,,,0,31,,41198,14,,,0,70,,41197,14,,,0,31,,41213,14,,,0,70,,41201,14,,,0,36,,41204,14,,,0,76,,41206,14,,,0,29,,41215,14,,,0,70,,41207,14,,,0,32,,41216,14,,,0,70,,41214,14,,,0,30,,41219,14,,,0,145,,41220,14,,,0
2101,'5078',652,,41234,14,,,0,80,,41224,14,,,0,80,,41235,14,,,0,36,,41233,14,,,0,65,,41221,14,,,0,28,,41223,14,,,0,70,,41236,14,,,0,29,,41222,14,,,0,70,,41237,14,,,0,29,,41226,14,,,0,70,,41225,14,,,0,30,,41238,14,,,0,68,,41227,14,,,0,29,,41239,14,,,0,70,,41240,14,,,0,30,,41241,14,,,0,71,,41229,14,,,0,32,,41230,14,,,0,73,,41231,14,,,0,29,,41232,14,,,0,71,,41228,14,,,0,30,,41242,14,,,0,72,,41243,14,,,0,35,,41244,14,,,0,104,,41245,14,,,0,101,,41246,14,,,0,103,,41247,14,,,0,100,,41248,14,,,0,143,,41249,14,,,0
2101,'5079',652,,41263,14,,,0,80,,41253,14,,,0,80,,41264,14,,,0,36,,41262,14,,,0,65,,41250,14,,,0,28,,41252,14,,,0,70,,41265,14,,,0,29,,41251,14,,,0,70,,41266,14,,,0,29,,41255,14,,,0,70,,41254,14,,,0,30,,41267,14,,,0,68,,41256,14,,,0,29,,41268,14,,,0,70,,41269,14,,,0,30,,41270,14,,,0,71,,41258,14,,,0,32,,41259,14,,,0,73,,41260,14,,,0,29,,41261,14,,,0,71,,41257,14,,,0,30,,41271,14,,,0,72,,41272,14,,,0,35,,41273,14,,,0,104,,41274,14,,,0,101,,41275,14,,,0,103,,41276,14,,,0,100,,41277,14,,,0,143,,41278,14,,,0
2201,'5036',606,,41433,33,,,0,29,,41423,33,,,0,90,,41417,26,,,0,26,,41422,39,,,0,71,,41434,39,,,0,31,,41424,39,,,0,101,,41418,39,,,0,69,,41421,39,,,0,30,,41435,39,,,0,98,,41438,39,,,0,69,,41416,26,,,0,29,,41425,26,,,0,100,,41426,26,,,0,71,,41439,26,,,0,101,,41427,26,,,0,32,,41436,26,,,0,70,,41428,26,,,0,99,,41419,26,,,0,37,,41429,26,,,0,98,,41430,26,,,0,71,,41420,26,,,0,103,,41437,26,,,0,71,,41432,26,,,0,48,,41431,26,0,5,0
2201,'5040',606,,41457,33,,,0,29,,41447,33,,,0,90,,41441,26,,,0,26,,41446,39,,,0,71,,41458,39,,,0,31,,41448,39,,,0,101,,41442,39,,,0,69,,41445,39,,,0,30,,41459,39,,,0,98,,41462,39,,,0,69,,41440,26,,,0,29,,41449,26,,,0,100,,41450,26,,,0,71,,41463,26,,,0,101,,41451,26,,,0,32,,41460,26,,,0,70,,41452,26,,,0,99,,41443,26,,,0,37,,41453,26,,,0,98,,41454,26,,,0,71,,41444,26,,,0,103,,41461,26,,,0,71,,41456,26,,,0,48,,41455,26,0,5,0
2201,'5041',723,,41474,26,,,0,79,,41485,26,,,0,29,,41470,26,,,0,69,,41464,26,,,0,30,,41473,26,,,0,70,,41486,26,,,0,28,,41469,26,,,0,29,,41468,26,,,0,71,,41471,26,,,0,28,,41466,26,,,0,68,,41490,26,,,0,30,,41467,26,,,0,67,,41472,26,,,0,30,,41465,26,,,0,70,,41478,26,,,0,32,,41489,26,,,0,69,,41480,26,,,0,32,,41476,26,,,0,71,,41479,26,,,0,34,,41481,26,,,0,71,,41477,26,,,0,71,,41475,26,,,0,30,,41483,26,,,0,72,,41482,26,,,0,27,,41488,26,,,0,28,,41484,26,,,0,72,,41491,26,,,0,71,,41487,26,,,0,48,,41492,26,0,5,0
2201,'5078',752,,41501,26,,,0,80,,41502,26,,,0,69,,41494,26,,,0,28,,41495,26,,,0,30,,41504,26,,,0,69,,41503,26,,,0,29,,41493,26,,,0,70,,41497,26,,,0,30,,41498,26,,,0,70,,41496,26,,,0,28,,41500,26,,,0,69,,41499,26,,,0,30,,41506,26,,,0,70,,41507,26,,,0,31,,41505,26,,,0,70,,41509,26,,,0,75,,41508,26,,,0,30,,41511,26,,,0,70,,41510,26,,,0,30,,41512,26,,,0,72,,41513,26,,,0,30,,41514,26,,,0,91,,41515,26,0,5,0,101,,41516,26,0,5,0,110,,41517,26,0,5,0
2201,'5079',752,,41526,26,,,0,80,,41527,26,,,0,69,,41519,26,,,0,28,,41520,26,,,0,30,,41529,26,,,0,69,,41528,26,,,0,29,,41518,26,,,0,70,,41522,26,,,0,30,,41523,26,,,0,70,,41521,26,,,0,28,,41525,26,,,0,69,,41524,26,,,0,30,,41531,26,,,0,70,,41532,26,,,0,31,,41530,26,,,0,70,,41534,26,,,0,75,,41533,26,,,0,30,,41536,26,,,0,70,,41535,26,,,0,30,,41537,26,,,0,72,,41538,26,,,0,30,,41539,26,,,0,91,,41540,26,0,5,0,101,,41541,26,0,5,0,110,,41542,26,0,5,0
2600,'5036',557,,41867,16,,,0,68,,41854,16,,,0,22,,41855,16,,,0,58,,41864,16,,,0,11,,41865,16,,,0,15,,41858,16,,,0,6,,41869,16,,,0,7,,41863,16,,,0,7,,41922,16,,,0,8,,41861,16,,,0,56,,41866,16,,,0,16,,41860,16,,,0,16,,41868,16,,,0,56,,41856,16,,,0,16,,41857,16,,,0,16,,41870,16,,,0,16,,41871,16,,,0,56,,41859,16,,,0,16,,41872,16,,,0,14,,41883,16,,,0,15,,41873,16,,,0,55,,41874,16,,,0,17,,41878,16,,,0,14,,41897,16,,,0,16,,41889,16,,,0,56,,41885,16,,,0,15,,41893,16,,,0,14,,41884,16,,,0,15,,41875,16,,,0,55,,41880,16,,,0,15,,41896,16,,,0,15,,41877,16,,,0,15,,41876,16,,,0,55,,41898,16,,,0,13,,41879,16,,,0,13,,41887,16,,,0,12,,41881,16,,,0,10,,41882,16,,,0,54,,41886,16,,,0,14,,41924,16,,,0,12,,41891,16,,,0,12,,41895,16,,,0,52,,41892,16,,,0,12,,41888,16,,,0,13,,41890,16,,,0,11,,41894,16,,,0,12,,41903,16,,,0,52,,41900,16,,,0,11,,41901,16,,,0,14,,41902,16,,,0,14,,41923,16,,,0,15,,41899,16,,,0,53,,41918,16,,,0,15,,41919,16,,,0,15,,41904,16,,,0,15,,41909,16,,,0,55,,41912,16,,,0,15,,41914,16,,,0,20,,41906,16,,,0,60,,41915,16,,,0,20,,41907,16,,,0,20,,41908,16,,,0,60,,41905,16,,,0,42,,41913,16,,,0,73,,41910,16,,,0,29,,41917,16,,,0,70,,41921,16,,,0,29,,41920,16,,,0,72,,41916,16,,,0,30,,41911,16,,,0
2600,'5040',557,,41940,16,,,0,68,,41927,16,,,0,22,,41928,16,,,0,58,,41937,16,,,0,11,,41938,16,,,0,15,,41931,16,,,0,6,,41942,16,,,0,7,,41936,16,,,0,7,,41997,16,,,0,8,,41934,16,,,0,56,,41939,16,,,0,16,,41933,16,,,0,16,,41941,16,,,0,56,,41929,16,,,0,16,,41930,16,,,0,16,,41943,16,,,0,16,,41944,16,,,0,56,,41932,16,,,0,16,,41945,16,,,0,14,,41956,16,,,0,15,,41946,16,,,0,55,,41947,16,,,0,17,,41951,16,,,0,14,,41970,16,,,0,16,,41962,16,,,0,56,,41958,16,,,0,15,,41966,16,,,0,14,,41957,16,,,0,15,,41948,16,,,0,55,,41953,16,,,0,15,,41969,16,,,0,15,,41950,16,,,0,15,,41949,16,,,0,55,,41971,16,,,0,13,,41952,16,,,0,13,,41960,16,,,0,12,,41954,16,,,0,10,,41955,16,,,0,54,,41959,16,,,0,14,,41999,16,,,0,12,,41964,16,,,0,12,,41968,16,,,0,52,,41965,16,,,0,12,,41961,16,,,0,13,,41963,16,,,0,11,,41967,16,,,0,12,,41976,16,,,0,52,,41973,16,,,0,11,,41974,16,,,0,14,,41975,16,,,0,14,,41998,16,,,0,15,,41972,16,,,0,53,,41993,16,,,0,15,,41994,16,,,0,15,,41977,16,,,0,15,,41982,16,,,0,55,,41985,16,,,0,15,,41988,16,,,0,20,,41979,16,,,0,60,,41989,16,,,0,20,,41980,16,,,0,20,,41981,16,,,0,60,,41978,16,,,0,19,,41992,16,,,0,23,,41986,16,,,0,73,,41983,16,,,0,29,,41991,16,,,0,70,,41996,16,,,0,29,,41995,16,,,0,72,,41990,16,,,0,30,,41984,16,,,0,100,,41987,16,,,0
2600,'5041',641,,42003,16,,,0,71,,42004,16,,,0,30,,42005,16,,,0,58,,42006,16,,,0,17,,42007,16,,,0,17,,42008,16,,,0,17,,42009,16,,,0,57,,42010,16,,,0,17,,42011,16,,,0,17,,42012,16,,,0,17,,42013,16,,,0,57,,42014,16,,,0,17,,42015,16,,,0,18,,42016,16,,,0,58,,42017,16,,,0,17,,42002,16,,,0,18,,42018,16,,,0,59,,42019,16,,,0,17,,42020,16,,,0,17,,42021,16,,,0,17,,42022,16,,,0,57,,42023,16,,,0,17,,42024,16,,,0,17,,42025,16,,,0,58,,42026,16,,,0,16,,42027,16,,,0,16,,42028,16,,,0,17,,42029,16,,,0,57,,42030,16,,,0,17,,42031,16,,,0,17,,42032,16,,,0,57,,42033,16,,,0,16,,42034,16,,,0,15,,42035,16,,,0,15,,42036,16,,,0,56,,42037,16,,,0,16,,42038,16,,,0,16,,42039,16,,,0,16,,42040,16,,,0,57,,42041,16,,,0,17,,42042,16,,,0,20,,42043,16,,,0,59,,42044,16,,,0,20,,42045,16,,,0,20,,42046,16,,,0,60,,42047,16,,,0,20,,42048,16,,,0,20,,42049,16,,,0,60,,42050,16,,,0,20,,42051,16,,,0,25,,42052,16,,,0,70,,42053,16,,,0,30,,42054,16,,,0,70,,42055,16,,,0,30,,42056,16,,,0,70,,42057,16,,,0,31,,42058,16,,,0,101,,42059,16,,,0
2600,'5075',2122,,42060,16,,,0
2600,'5076',2122,,42061,16,,,0
2600,'5078',704,,42078,16,,,0,27,,42086,16,,,0,21,,42068,16,,,0,63,,42062,16,,,0,23,,42080,16,,,0,21,,42087,16,,,0,67,,42069,16,,,0,22,,42063,16,,,0,60,,42081,16,,,0,24,,42072,16,,,0,20,,42064,16,,,0,58,,42070,16,,,0,18,,42066,16,,,0,19,,42079,16,,,0,59,,42067,16,,,0,20,,42084,16,,,0,18,,42065,16,,,0,58,,42082,16,,,0,18,,42074,16,,,0,18,,42077,16,,,0,20,,42075,16,,,0,58,,42085,16,,,0,17,,42071,16,,,0,18,,42083,16,,,0,58,,42073,16,,,0,17,,42076,16,,,0,18,,42092,16,,,0,58,,42096,16,,,0,17,,42089,16,,,0,18,,42098,16,,,0,18,,42091,16,,,0,58,,42094,16,,,0,17,,42090,16,,,0,17,,42099,16,,,0,56,,42088,16,,,0,20,,42097,16,,,0,19,,42093,16,,,0,60,,42095,16,,,0,19,,42103,16,,,0,20,,42101,16,,,0,59,,42105,16,,,0,20,,42102,16,,,0,20,,42104,16,,,0,60,,42106,16,,,0,20,,42100,16,,,0,30,,42108,16,,,0,68,,42107,16,,,0,30,,42109,16,,,0,70,,42110,16,,,0
2600,'5079',704,,42127,16,,,0,27,,42135,16,,,0,21,,42117,16,,,0,63,,42111,16,,,0,23,,42129,16,,,0,21,,42136,16,,,0,67,,42118,16,,,0,22,,42112,16,,,0,60,,42130,16,,,0,24,,42121,16,,,0,20,,42113,16,,,0,58,,42119,16,,,0,18,,42115,16,,,0,19,,42128,16,,,0,59,,42116,16,,,0,20,,42133,16,,,0,18,,42114,16,,,0,58,,42131,16,,,0,18,,42123,16,,,0,18,,42126,16,,,0,20,,42124,16,,,0,58,,42134,16,,,0,17,,42120,16,,,0,18,,42132,16,,,0,58,,42122,16,,,0,17,,42125,16,,,0,18,,42141,16,,,0,58,,42145,16,,,0,17,,42138,16,,,0,18,,42147,16,,,0,18,,42140,16,,,0,58,,42143,16,,,0,17,,42139,16,,,0,17,,42148,16,,,0,56,,42137,16,,,0,20,,42146,16,,,0,19,,42142,16,,,0,60,,42144,16,,,0,19,,42152,16,,,0,20,,42150,16,,,0,59,,42154,16,,,0,20,,42151,16,,,0,20,,42153,16,,,0,60,,42155,16,,,0,20,,42149,16,,,0,30,,42157,16,,,0,68,,42156,16,,,0,30,,42158,16,,,0,70,,42159,16,,,0
1002201,'5036',706,,48588,27,,,0,216,,48587,27,,,0,200,,48583,27,,,0,197,,48585,14,,,0,133,,48582,14,,,0,202,,48589,14,,,0,173,,48586,14,,,0,173,,48584,14,,,0
1002201,'5040',706,,48597,27,,,0,216,,48596,27,,,0,200,,48592,27,,,0,197,,48594,14,,,0,98,,48590,14,0,5,0,35,,48591,14,,,0,202,,48598,14,,,0,173,,48595,14,,,0,173,,48593,14,,,0
1002201,'5075',1518,,48599,14,0,5,0
1002201,'5076',1417,,48600,14,0,5,0
