300,'4623',617,,63632,24,,,0,33,,63631,26,,,0,75,,63630,24,,,0,81,,63629,26,,,0,37,,63628,24,,,0,75,,63627,26,,,0,30,,63620,28,,,0,69,,63621,26,,,0,30,,63619,28,,,0,69,,63618,26,,,0,30,,63624,28,,,0,75,,63616,26,,,0,30,,63617,28,,,0,70,,63623,26,,,0,30,,63615,28,,,0,74,,63614,26,,,0,34,,63622,28,,,0,75,,63613,26,,,0,74,,63612,26,,,0,33,,63625,26,,,0,75,,63611,24,,,0,34,,63610,26,,,0,67,,63626,24,,,0,30,,63609,26,,,0,70,,63608,24,,,0,25,,63606,26,,,0,66,,63605,24,,,0,30,,63604,26,,,0,86,,63607,24,0,5,0
300,'4833',655,,63656,24,,,0,70,,63639,26,,,0,28,,63633,24,,,0,70,,63648,26,,,0,30,,63641,24,,,0,69,,63658,26,,,0,30,,63647,24,,,0,70,,63634,26,,,0,27,,63655,28,,,0,72,,63646,26,,,0,28,,63637,28,,,0,71,,63659,26,,,0,29,,63649,28,,,0,72,,63636,26,,,0,28,,63643,28,,,0,75,,63635,26,,,0,28,,63642,28,,,0,81,,63640,26,,,0,70,,63644,24,,,0,39,,63638,26,,,0,64,,63645,24,,,0,36,,63651,26,,,0,68,,63652,24,,,0,32,,63650,26,,,0,65,,63653,24,,,0,31,,63654,26,,,0,70,,63660,24,,,0,31,,63657,26,,,0,85,,63661,24,0,5,0
300,'5015',655,,63685,24,,,0,70,,63668,26,,,0,28,,63662,24,,,0,70,,63677,26,,,0,30,,63670,24,,,0,69,,63687,26,,,0,30,,63676,24,,,0,70,,63663,26,,,0,27,,63684,28,,,0,72,,63675,26,,,0,28,,63666,28,,,0,71,,63688,26,,,0,29,,63678,28,,,0,72,,63665,26,,,0,28,,63672,28,,,0,75,,63664,26,,,0,28,,63671,28,,,0,81,,63669,26,,,0,70,,63673,24,,,0,39,,63667,26,,,0,64,,63674,24,,,0,36,,63680,26,,,0,68,,63681,24,,,0,32,,63679,26,,,0,65,,63682,24,,,0,31,,63683,26,,,0,70,,63689,24,,,0,31,,63686,26,,,0,85,,63690,24,0,5,0
300,'5222',617,,63719,24,,,0,33,,63718,26,,,0,75,,63717,24,,,0,81,,63716,26,,,0,37,,63715,24,,,0,75,,63714,26,,,0,30,,63707,28,,,0,69,,63708,26,,,0,30,,63706,28,,,0,69,,63705,26,,,0,30,,63711,28,,,0,75,,63703,26,,,0,30,,63704,28,,,0,70,,63710,26,,,0,30,,63702,28,,,0,74,,63701,26,,,0,34,,63709,28,,,0,75,,63700,26,,,0,74,,63699,26,,,0,33,,63712,26,,,0,75,,63698,24,,,0,34,,63697,26,,,0,67,,63713,24,,,0,30,,63696,26,,,0,70,,63695,24,,,0,25,,63693,26,,,0,66,,63692,24,,,0,30,,63691,26,,,0,86,,63694,24,0,5,0
300,'5365',709,,63734,24,,,0,45,,63722,26,,,0,79,,63735,24,,,0,84,,63729,26,,,0,35,,63733,24,,,0,80,,63720,26,,,0,19,,63730,24,,,0,71,,63725,26,,,0,29,,63721,24,,,0,70,,63726,26,,,0,30,,63724,24,,,0,69,,63723,26,,,0,31,,63727,24,,,0,77,,63728,26,,,0,27,,63731,24,,,0,81,,63732,26,,,0,65,,63739,24,,,0,33,,63736,26,,,0,68,,63737,24,,,0,30,,63738,26,,,0,71,,63741,24,,,0,30,,63740,26,,,0,70,,63742,24,,,0,35,,63743,26,,,0,84,,63744,24,0,5,0
300,'5390',709,,63759,24,,,0,45,,63747,26,,,0,79,,63760,24,,,0,84,,63754,26,,,0,35,,63758,24,,,0,80,,63745,26,,,0,19,,63755,24,,,0,71,,63750,26,,,0,29,,63746,24,,,0,70,,63751,26,,,0,30,,63749,24,,,0,69,,63748,26,,,0,31,,63752,24,,,0,77,,63753,26,,,0,27,,63756,24,,,0,81,,63757,26,,,0,65,,63764,24,,,0,33,,63761,26,,,0,68,,63762,24,,,0,30,,63763,26,,,0,71,,63766,24,,,0,30,,63765,26,,,0,70,,63767,24,,,0,35,,63768,26,,,0,84,,63769,24,0,5,0
14000700,'4623',2201,,77648,33,0,5,0,28,,77647,33,0,5,0,72,,77649,33,0,5,0,30,,77650,33,0,5,0,71,,77651,33,0,5,0,29,,77652,33,0,5,0
14000700,'4833',2201,,77653,33,0,5,0,33,,77654,33,0,5,0,69,,77655,33,0,5,0,29,,77656,33,0,5,0,70,,77657,33,0,5,0,31,,77658,33,0,5,0
14000700,'5015',2201,,77659,33,0,5,0,33,,77660,33,0,5,0,69,,77661,33,0,5,0,29,,77662,33,0,5,0,70,,77663,33,0,5,0,31,,77664,33,0,5,0
14000700,'5222',2201,,77666,33,0,5,0,28,,77665,33,0,5,0,72,,77667,33,0,5,0,30,,77668,33,0,5,0,71,,77669,33,0,5,0,29,,77670,33,0,5,0
14000700,'5365',2103,,77671,33,0,5,0,31,,77672,33,0,5,0,69,,77673,33,0,5,0,100,,77674,33,0,5,0,98,,77675,33,0,5,0
14000700,'5390',2103,,77676,33,0,5,0,31,,77677,33,0,5,0,69,,77678,33,0,5,0,100,,77679,33,0,5,0,98,,77680,33,0,5,0
