7001,'5036',705,,46474,3,,,0,103,,46469,3,,,0,95,,46477,3,,,0,100,,46470,3,,,0,203,,46483,3,,,0,100,,46481,3,,,0,100,,46471,3,,,0,100,,46476,3,,,0,99,,46479,3,,,0,31,,46472,3,,,0,73,,46473,3,,,0,99,,46475,3,,,0,100,,46478,3,,,0,100,,46485,3,,,0,100,,46480,3,,,0,100,,46484,3,,,0,99,,46482,3,,,0
7001,'5040',705,,46492,3,,,0,103,,46486,3,,,0,95,,46495,3,,,0,100,,46487,3,,,0,103,,46488,3,,,0,100,,46501,3,,,0,100,,46499,3,,,0,100,,46489,3,,,0,100,,46494,3,,,0,99,,46497,3,,,0,31,,46490,3,,,0,73,,46491,3,,,0,99,,46493,3,,,0,100,,46496,3,,,0,100,,46503,3,,,0,100,,46498,3,,,0,100,,46502,3,,,0,99,,46500,3,,,0
7001,'5041',904,,46504,3,,,0,102,,46505,3,,,0,100,,46506,3,,,0,100,,46507,3,,,0,101,,46508,3,,,0,103,,46509,3,,,0,100,,46510,3,,,0,99,,46511,3,,,0,97,,46512,3,,,0,99,,46513,3,,,0,100,,46514,3,,,0,100,,46517,3,,,0,100,,46515,3,,,0,200,,46516,3,,,0
7001,'5074',1106,,46518,3,,,0
7001,'5077',1106,,46519,3,,,0
7001,'5078',904,,46520,3,,,0,100,,46534,3,,,0,100,,46521,3,,,0,100,,46522,3,,,0,102,,46523,3,,,0,100,,46524,3,,,0,100,,46525,3,,,0,100,,46526,3,,,0,103,,46527,3,,,0,99,,46528,3,,,0,100,,46529,3,,,0,100,,46530,3,,,0,100,,46531,3,,,0,100,,46535,3,,,0,100,,46532,3,,,0,99,,46533,3,,,0
7001,'5079',904,,46536,3,,,0,100,,46550,3,,,0,100,,46537,3,,,0,100,,46538,3,,,0,102,,46539,3,,,0,100,,46540,3,,,0,100,,46541,3,,,0,100,,46542,3,,,0,103,,46543,3,,,0,99,,46544,3,,,0,100,,46545,3,,,0,100,,46546,3,,,0,100,,46547,3,,,0,100,,46551,3,,,0,100,,46548,3,,,0,99,,46549,3,,,0
7101,'5036',606,,46560,17,,,0,30,,46559,17,,,0,86,,46558,17,,,0
7101,'5040',606,,46563,17,,,0,30,,46562,17,,,0,86,,46561,17,,,0
7201,'5036',542,,46746,17,,,0,80,,46736,17,,,0,30,,46747,17,,,0,70,,46738,17,,,0,32,,46725,17,,,0,88,,46745,17,,,0,70,,46751,17,,,0,30,,46730,17,,,0,70,,46744,17,,,0,30,,46737,17,,,0,73,,46722,17,,,0,30,,46748,17,,,0,70,,46735,17,,,0,30,,46729,17,,,0,70,,46723,17,,,0,30,,46724,17,,,0,101,,46728,17,,,0,70,,46752,17,,,0,15,,46726,13,0,13 14,0,16,,46727,17,,,0,68,,46731,17,,,0,31,,46734,17,,,0,71,,46733,17,,,0,99,,46732,17,,,0,30,,46753,17,,,0,69,,46740,17,,,0,30,,46741,17,,,0,70,,46739,17,,,0,30,,46742,17,,,0,70,,46743,17,,,0,98,,46750,17,,,0,99,,46749,17,,,0,100,,46754,17,,,0
7201,'5040',542,,46782,17,,,0,80,,46772,17,,,0,30,,46783,17,,,0,70,,46774,17,,,0,32,,46758,17,,,0,61,,46760,17,,,0,27,,46781,17,,,0,70,,46787,17,,,0,30,,46765,17,,,0,70,,46780,17,,,0,30,,46773,17,,,0,73,,46755,17,,,0,30,,46784,17,,,0,70,,46771,17,,,0,30,,46764,17,,,0,70,,46756,17,,,0,30,,46757,17,,,0,74,,46759,17,,,0,27,,46763,17,,,0,70,,46788,17,,,0,15,,46761,13,0,13 14,0,16,,46762,17,,,0,68,,46766,17,,,0,31,,46770,17,,,0,71,,46768,17,,,0,30,,46769,17,,,0,69,,46767,17,,,0,30,,46789,17,,,0,69,,46776,17,,,0,30,,46777,17,,,0,70,,46775,17,,,0,30,,46778,17,,,0,70,,46779,17,,,0,98,,46786,17,,,0,99,,46785,17,,,0,100,,46790,17,,,0
7201,'5041',610,,46822,17,,,0,101,,46792,17,,,0,100,,46793,17,,,0,33,,46794,17,,,0,70,,46795,17,,,0,30,,46796,17,,,0,71,,46797,17,,,0,29,,46798,17,,,0,71,,46799,17,,,0,30,,46800,17,,,0,70,,46791,17,,,0,30,,46801,17,,,0,69,,46802,17,,,0,31,,46803,17,,,0,74,,46804,17,,,0,31,,46805,17,,,0,69,,46806,17,,,0,31,,46807,17,,,0,69,,46808,17,,,0,26,,46809,17,,,0,69,,46810,17,,,0,30,,46811,17,,,0,69,,46812,17,,,0,30,,46813,17,,,0,70,,46814,17,,,0,30,,46815,17,,,0,70,,46816,17,,,0,30,,46817,17,,,0,70,,46818,17,,,0,100,,46819,17,,,0,99,,46820,17,,,0,100,,46821,17,,,0
7201,'5074',815,,46823,17,,,0,601,,46824,17,,,0,331,,46825,17,,,0
7201,'5077',815,,46827,17,,,0,604,,46826,17,,,0,328,,46828,17,,,0
7201,'5078',711,,46830,17,,,0,100,,46831,17,,,0,100,,46832,17,,,0,103,,46833,17,,,0,100,,46834,17,,,0,30,,46835,17,,,0,70,,46829,17,,,0,30,,46836,17,,,0,70,,46837,17,,,0,30,,46839,17,,,0,70,,46840,17,,,0,30,,46841,17,,,0,70,,46838,17,,,0,30,,46842,17,,,0,70,,46843,17,,,0,30,,46844,17,,,0,74,,46845,17,,,0,28,,46846,17,,,0,72,,46847,17,,,0,30,,46848,17,,,0,70,,46849,17,,,0,30,,46850,17,,,0,70,,46851,17,,,0,30,,46852,17,,,0,70,,46853,17,,,0,95,,46854,17,,,0,100,,46855,17,,,0
7201,'5079',711,,46857,17,,,0,100,,46858,17,,,0,100,,46859,17,,,0,103,,46860,17,,,0,100,,46861,17,,,0,30,,46862,17,,,0,70,,46856,17,,,0,30,,46863,17,,,0,70,,46864,17,,,0,30,,46866,17,,,0,70,,46867,17,,,0,30,,46868,17,,,0,70,,46865,17,,,0,30,,46869,17,,,0,70,,46870,17,,,0,30,,46871,17,,,0,74,,46872,17,,,0,28,,46873,17,,,0,72,,46874,17,,,0,30,,46875,17,,,0,70,,46876,17,,,0,30,,46877,17,,,0,70,,46878,17,,,0,30,,46879,17,,,0,70,,46880,17,,,0,95,,46881,17,,,0,100,,46882,17,,,0
8101,'5036',535,,47265,2,,,0,168,,47266,17,,,0,33,,47267,2,,,0,179,,47268,17,,,0,103,,47269,17,,,0,97,,47270,17,,,0,100,,47271,17,,,0,100,,47272,17,,,0,100,,47273,17,,,0,102,,47274,17,,,0,99,,47275,17,,,0,98,,47276,17,,,0,100,,47277,17,,,0,99,,47278,17,,,0,101,,47279,17,,,0,99,,47280,17,,,0
8101,'5040',535,,47281,2,,,0,168,,47282,17,,,0,33,,47283,2,,,0,179,,47284,17,,,0,103,,47285,17,,,0,97,,47286,17,,,0,100,,47287,17,,,0,100,,47288,17,,,0,100,,47289,17,,,0,102,,47290,17,,,0,99,,47291,17,,,0,98,,47292,17,,,0,100,,47293,17,,,0,99,,47294,17,,,0,101,,47295,17,,,0,99,,47296,17,,,0
8101,'5041',913,,47297,17,,,0,103,,47298,17,,,0,100,,47299,17,,,0,100,,47300,17,,,0,100,,47301,17,,,0,104,,47302,17,,,0,100,,47303,17,,,0,100,,47304,17,,,0,96,,47305,17,,,0,97,,47306,17,,,0,100,,47307,17,,,0,100,,47308,17,,,0,100,,47309,17,,,0
8101,'5078',913,,47310,17,,,0,101,,47311,17,,,0,102,,47312,17,,,0,100,,47313,17,,,0,100,,47314,17,,,0,101,,47315,17,,,0,100,,47316,17,,,0,100,,47317,17,,,0,102,,47318,17,,,0,100,,47319,17,,,0,100,,47320,17,,,0,100,,47321,17,,,0,100,,47322,17,,,0
8101,'5079',913,,47323,17,,,0,101,,47324,17,,,0,102,,47325,17,,,0,100,,47326,17,,,0,100,,47327,17,,,0,101,,47328,17,,,0,100,,47329,17,,,0,100,,47330,17,,,0,102,,47331,17,,,0,100,,47332,17,,,0,100,,47333,17,,,0,100,,47334,17,,,0,100,,47335,17,,,0
8301,'5036',655,,47362,2,,,0,90,,47363,2,,,0,210,,47364,2,,,0,181,,47365,2,,,0,195,,47366,2,,,0,210,,47367,2,,,0,214,,47368,2,,,0,200,,47369,2,,,0
8301,'5040',655,,47370,2,,,0,90,,47371,2,,,0,210,,47372,2,,,0,181,,47373,2,,,0,195,,47374,2,,,0,210,,47375,2,,,0,214,,47376,2,,,0,200,,47377,2,,,0
8301,'5041',931,,47381,2,,,0,300,,47379,2,,,0,305,,47380,2,,,0,300,,47378,2,,,0
8301,'5078',930,,47384,2,,,0,300,,47385,2,,,0,305,,47383,2,,,0,300,,47382,2,,,0
8301,'5079',930,,47388,2,,,0,300,,47389,2,,,0,305,,47387,2,,,0,300,,47386,2,,,0
8500,'5036',631,,47390,2,,,0,97,,47391,2,,,0,200,,47392,2,,,0,200,,47393,2,,,0,200,,47394,2,,,0,200,,47395,2,,,0,200,,47396,2,,,0,200,,47397,2,,,0
8500,'5040',631,,47398,2,,,0,97,,47399,2,,,0,200,,47400,2,,,0,200,,47401,2,,,0,200,,47402,2,,,0,200,,47403,2,,,0,200,,47404,2,,,0,200,,47405,2,,,0
8500,'5041',836,,47408,2,,,0,300,,47409,2,,,0,305,,47406,2,,,0,300,,47407,2,,,0
8500,'5078',836,,47412,2,,,0,300,,47413,2,,,0,305,,47410,2,,,0,300,,47411,2,,,0
8500,'5079',836,,47416,2,,,0,300,,47417,2,,,0,305,,47414,2,,,0,300,,47415,2,,,0
8701,'5036',620,,47432,2,,,0,197,,47433,2,,,0,201,,47434,2,,,0,199,,47435,2,,,0,199,,47436,2,,,0,203,,47437,2,,,0
8701,'5040',620,,47438,2,,,0,197,,47439,2,,,0,201,,47440,2,,,0,199,,47441,2,,,0,199,,47442,2,,,0,203,,47443,2,,,0
8801,'5036',710,,47498,2,,,0,200,,47499,2,,,0,200,,47500,2,,,0,199,,47501,2,,,0,200,,47502,2,,,0,206,,47503,2,,,0,103,,47504,2,,,0
8801,'5040',710,,47505,2,,,0,200,,47506,2,,,0,200,,47507,2,,,0,199,,47508,2,,,0,200,,47509,2,,,0,206,,47510,2,,,0,103,,47511,2,,,0
8801,'5041',745,,47522,2,,,0,99,,47523,2,,,0,99,,47524,2,,,0,100,,47525,2,,,0,98,,47516,2,,,0,100,,47517,2,,,0,100,,47518,2,,,0,100,,47519,2,,,0,102,,47520,2,,,0,100,,47521,2,,,0,98,,47513,2,,,0,100,,47514,2,,,0,102,,47515,2,,,0,100,,47512,2,,,0
8801,'5078',746,,47534,2,,,0,94,,47535,2,,,0,100,,47536,2,,,0,100,,47537,2,,,0,100,,47538,2,,,0,100,,47539,2,,,0,99,,47529,2,,,0,100,,47530,2,,,0,101,,47531,2,,,0,101,,47532,2,,,0,102,,47533,2,,,0,99,,47527,2,,,0,100,,47528,2,,,0,98,,47526,2,,,0
8801,'5079',746,,47548,2,,,0,94,,47549,2,,,0,100,,47550,2,,,0,100,,47551,2,,,0,100,,47552,2,,,0,100,,47553,2,,,0,99,,47543,2,,,0,100,,47544,2,,,0,101,,47545,2,,,0,101,,47546,2,,,0,102,,47547,2,,,0,99,,47541,2,,,0,100,,47542,2,,,0,98,,47540,2,,,0
1008801,'5036',642,,48640,2,,,0,106,,48641,2,,,0,96,,48642,2,,,0,100,,48643,2,,,0,99,,48639,2,,,0,99,,48644,2,,,0,100,,48645,2,,,0,100,,48646,2,,,0,100,,48647,2,,,0,100,,48648,2,,,0,100,,48649,2,,,0,109,,48650,2,,,0,99,,48651,2,,,0,71,,48652,2,,,0,101,,48653,2,,,0
1008801,'5040',642,,48655,2,,,0,106,,48656,2,,,0,96,,48657,2,,,0,100,,48658,2,,,0,99,,48654,2,,,0,99,,48659,2,,,0,100,,48660,2,,,0,100,,48661,2,,,0,100,,48662,2,,,0,100,,48663,2,,,0,100,,48664,2,,,0,109,,48665,2,,,0,99,,48666,2,,,0,71,,48667,2,,,0,101,,48668,2,,,0
