100,'4744',722,,5,4,,0,83,,4,4,,0,724,,3,4,,0,87,,2,4,,0,99,,1,4,,0
100,'4947',722,,10,4,,0,83,,9,4,,0,724,,8,4,,0,87,,7,4,,0,99,,6,4,,0
100,'4952',722,,15,4,,0,83,,14,4,,0,724,,13,4,,0,87,,12,4,,0,99,,11,4,,0
101,'4744',640,,20,,,0,82,,19,,,0,96,,18,,,0,711,,17,,,0,100,,16,,,0
101,'4947',640,,25,,,0,82,,24,,,0,96,,23,,,0,711,,22,,,0,100,,21,,,0
101,'4952',640,,30,,,0,82,,29,,,0,96,,28,,,0,711,,27,,,0,100,,26,,,0
200,'4487',624,,20516,4,,0,111,,20519,4,,0,124,,20517,4,,0,81,,39,4,,0,88,,20518,4,,0,80,,37,4,,0,40,,31,4,,0,81,,38,4,,0,80,,32,4,,0,41,,20514,4,,0,81,,33,4,,0,81,,36,4,,0,40,,35,4,,0,79,,34,4,,0,79,,20515,4,,0,39,,48,4,,0,74,,47,4,,0,80,,41,4,,0,34,,42,4,,0,94,,44,4,,0,80,,43,4,,0,45,,59,4,,0,80,,56,4,,0,80,,55,4,,0,37,,57,4,,0,78,,54,4,,0
200,'4744',619,,107,4,,0,38,,99,4,,0,60,,94,4,,0,33,,108,4,,0,73,,102,4,,0,31,,93,4,,0,71,,106,4,,0,30,,103,4,,0,86,,92,4,,0,78,,95,4,,0,82,,96,4,,0,41,,105,4,,0,80,,98,4,,0,81,,97,4,,0,41,,104,4,,0,79,,100,4,,0,34,,101,4,,0,76,,109,4,,0,77,,110,4,,0,46,,20521,4,,0,72,,111,4,,0,78,,116,4,,0,49,,114,4,,0,78,,115,4,,0,82,,120,4,,0,40,,119,4,,0,78,,121,4,,0,78,,122,4,,0,39,,123,4,,0,78,,124,4,,0
200,'4745',720,,148,4,,0,122,,147,4,,0,163,,146,4,,0,101,,127,4,,0,41,,145,4,,0,81,,133,4,,0,80,,131,4,,0,40,,126,4,,0,82,,128,4,,0,80,,139,4,,0,40,,134,4,,0,80,,129,4,,0,79,,132,4,,0,39,,130,4,,0,73,,140,4,,0,79,,136,4,,0,54,,141,4,,0,80,,137,4,,0,80,,143,4,,0,38,,144,4,,0,80,,142,4,,0,79,,149,4,,0,39,,150,4,,0
200,'4947',619,,167,4,,0,38,,159,4,,0,60,,154,4,,0,33,,168,4,,0,73,,162,4,,0,31,,153,4,,0,71,,166,4,,0,30,,163,4,,0,86,,152,4,,0,78,,155,4,,0,82,,156,4,,0,41,,165,4,,0,80,,158,4,,0,81,,157,4,,0,41,,164,4,,0,79,,160,4,,0,34,,161,4,,0,76,,169,4,,0,77,,170,4,,0,46,,20523,4,,0,72,,171,4,,0,78,,176,4,,0,49,,174,4,,0,78,,175,4,,0,82,,180,4,,0,40,,179,4,,0,78,,181,4,,0,78,,182,4,,0,39,,183,4,,0,78,,184,4,,0
200,'4952',619,,202,4,,0,38,,194,4,,0,60,,189,4,,0,33,,203,4,,0,73,,197,4,,0,31,,188,4,,0,71,,201,4,,0,30,,198,4,,0,86,,187,4,,0,78,,190,4,,0,82,,191,4,,0,41,,200,4,,0,80,,193,4,,0,81,,192,4,,0,41,,199,4,,0,79,,195,4,,0,34,,196,4,,0,76,,204,4,,0,77,,205,4,,0,46,,20525,4,,0,72,,206,4,,0,78,,211,4,,0,49,,209,4,,0,78,,210,4,,0,82,,215,4,,0,40,,214,4,,0,78,,216,4,,0,78,,217,4,,0,39,,218,4,,0,78,,219,4,,0
200,'4953',624,,20533,4,,0,111,,20536,4,,0,124,,20534,4,,0,81,,230,4,,0,88,,20535,4,,0,80,,228,4,,0,40,,222,4,,0,81,,229,4,,0,80,,20527,4,,0,41,,20531,4,,0,81,,224,4,,0,81,,227,4,,0,40,,226,4,,0,79,,20528,4,,0,79,,20532,4,,0,39,,239,4,,0,74,,238,4,,0,80,,232,4,,0,34,,20529,4,,0,94,,235,4,,0,80,,20530,4,,0,45,,250,4,,0,80,,20537,4,,0,80,,246,4,,0,37,,20538,4,,0,78,,245,4,,0
200,'4954',720,,274,4,,0,122,,273,4,,0,163,,272,4,,0,101,,253,4,,0,41,,271,4,,0,81,,259,4,,0,80,,257,4,,0,40,,252,4,,0,82,,254,4,,0,80,,265,4,,0,40,,260,4,,0,80,,255,4,,0,79,,258,4,,0,39,,256,4,,0,73,,266,4,,0,79,,262,4,,0,54,,267,4,,0,80,,263,4,,0,80,,269,4,,0,38,,270,4,,0,80,,268,4,,0,79,,275,4,,0,39,,276,4,,0
201,'4487',634,,20545,,,0,118,,20546,,,0,161,,20542,,,0,39,,285,,,0,96,,20544,,,0,78,,286,,,0,80,,278,,,0,38,,281,,,0,78,,280,,,0,81,,20541,,,0,40,,282,,,0,82,,279,,,0,81,,283,,,0,36,,291,,,0,81,,20543,,,0,81,,293,,,0,38,,296,,,0,76,,287,,,0,40,,288,,,0,85,,289,,,0,81,,302,,,0,81,,299,,,0,44,,300,,,0,81,,301,,,0,76,,303,,,0
201,'4744',551,,341,,,0,60,,333,,,0,28,,351,,,0,67,,345,,,0,29,,334,,,0,68,,350,,,0,31,,339,,,0,73,,335,,,0,33,,348,,,0,77,,340,,,0,39,,336,,,0,79,,338,,,0,80,,337,,,0,39,,347,,,0,80,,343,,,0,92,,344,,,0,31,,342,,,0,77,,353,,,0,77,,354,,,0,37,,352,,,0,78,,355,,,0,89,,20548,,,0,25,,358,,,0,83,,357,,,0,83,,359,,,0,41,,360,,,0,79,,361,,,0,81,,362,,,0,41,,364,,,0,82,,363,,,0,72,,365,,,0
201,'4745',619,,380,,,0,119,,387,,,0,117,,381,,,0,175,,388,,,0,100,,367,,,0,79,,378,,,0,39,,374,,,0,79,,373,,,0,81,,369,,,0,40,,370,,,0,80,,379,,,0,81,,375,,,0,36,,371,,,0,81,,372,,,0,81,,376,,,0,37,,385,,,0,82,,377,,,0,80,,384,,,0,41,,383,,,0,80,,386,,,0,81,,382,,,0,42,,389,,,0,82,,390,,,0
201,'4947',551,,399,,,0,60,,391,,,0,28,,409,,,0,67,,403,,,0,29,,392,,,0,68,,408,,,0,31,,397,,,0,73,,393,,,0,33,,406,,,0,77,,398,,,0,39,,394,,,0,79,,396,,,0,80,,395,,,0,39,,405,,,0,80,,401,,,0,92,,402,,,0,31,,400,,,0,77,,411,,,0,77,,412,,,0,37,,410,,,0,78,,413,,,0,89,,20549,,,0,25,,416,,,0,83,,415,,,0,83,,417,,,0,41,,418,,,0,79,,419,,,0,81,,420,,,0,41,,422,,,0,82,,421,,,0,72,,423,,,0
201,'4952',551,,432,,,0,60,,424,,,0,28,,442,,,0,67,,436,,,0,29,,425,,,0,68,,441,,,0,31,,430,,,0,73,,426,,,0,33,,439,,,0,77,,431,,,0,39,,427,,,0,79,,429,,,0,80,,428,,,0,39,,438,,,0,80,,434,,,0,92,,435,,,0,31,,433,,,0,77,,444,,,0,77,,445,,,0,37,,443,,,0,78,,446,,,0,89,,20550,,,0,25,,449,,,0,83,,448,,,0,83,,450,,,0,41,,451,,,0,79,,452,,,0,81,,453,,,0,41,,455,,,0,82,,454,,,0,72,,456,,,0
201,'4953',634,,20558,,,0,118,,20559,,,0,161,,20555,,,0,39,,466,,,0,96,,20557,,,0,78,,467,,,0,80,,459,,,0,38,,462,,,0,78,,20551,,,0,81,,20553,,,0,40,,463,,,0,82,,460,,,0,81,,464,,,0,36,,20554,,,0,81,,20556,,,0,81,,474,,,0,38,,477,,,0,76,,468,,,0,40,,20552,,,0,85,,470,,,0,81,,20561,,,0,81,,480,,,0,44,,20560,,,0,81,,482,,,0,76,,20562,,,0
201,'4954',619,,500,,,0,119,,507,,,0,117,,501,,,0,175,,508,,,0,100,,487,,,0,79,,498,,,0,39,,494,,,0,79,,493,,,0,81,,489,,,0,40,,490,,,0,80,,499,,,0,81,,495,,,0,36,,491,,,0,81,,492,,,0,81,,496,,,0,37,,505,,,0,82,,497,,,0,80,,504,,,0,41,,503,,,0,80,,506,,,0,81,,502,,,0,42,,509,,,0,82,,510,,,0
