3200,'4487',804,,12500,,,0,100,,12503,,,0,100,,12507,,,0,100,,12498,,,0,100,,12501,,,0,101,,12504,,,0,100,,12508,,,0,100,,12499,,,0,100,,12502,,,0,99,,12505,,,0,100,,12509,,,0,100,,12506,,,0,100,,12510,,,0,100,,12496,,,0,100,,12497,,,0
3200,'4744',643,,12526,,,0,81,,12527,,,0,80,,12528,,,0,111,,12529,,,0,99,,12530,,,0,105,,12531,,,0,105,,12532,,,0,105,,12533,,,0,105,,12534,,,0,111,,12535,,,0,105,,12536,,,0,72,,12541,,,0,32,,12537,,,0,150,,12538,,,0,100,,12539,,,0,100,,12540,,,0,100,,12542,,,0
3200,'4745',804,,12543,,,0,100,,12544,,,0,100,,12545,,,0,100,,12547,,,0,100,,12548,,,0,101,,12546,,,0,100,,12552,,,0,100,,12551,,,0,100,,12549,,,0,99,,12550,,,0,100,,12554,,,0,100,,22350,,,0
3200,'4947',643,,12555,,,0,81,,12556,,,0,80,,12557,,,0,111,,12558,,,0,99,,12559,,,0,105,,12560,,,0,105,,12561,,,0,105,,12562,,,0,105,,12563,,,0,111,,12564,,,0,105,,12565,,,0,72,,12570,,,0,32,,12566,,,0,150,,12567,,,0,100,,12568,,,0,100,,12569,,,0,100,,12571,,,0
3200,'4952',643,,12572,,,0,81,,12573,,,0,80,,12574,,,0,111,,12575,,,0,99,,12576,,,0,105,,12577,,,0,105,,12578,,,0,105,,12579,,,0,105,,12580,,,0,111,,12581,,,0,105,,12582,,,0,72,,12587,,,0,32,,12583,,,0,150,,12584,,,0,100,,12585,,,0,100,,12586,,,0,100,,12588,,,0
3200,'4953',804,,12593,,,0,100,,12596,,,0,100,,12600,,,0,100,,12591,,,0,100,,12594,,,0,101,,12597,,,0,100,,12601,,,0,100,,12592,,,0,100,,12595,,,0,99,,12598,,,0,100,,12602,,,0,100,,12599,,,0,100,,12603,,,0,100,,12589,,,0,100,,12590,,,0
3200,'4954',804,,12604,,,0,100,,12605,,,0,100,,12606,,,0,100,,12608,,,0,100,,12609,,,0,101,,12607,,,0,100,,12613,,,0,100,,12612,,,0,100,,12610,,,0,99,,12611,,,0,100,,12615,,,0,100,,12614,,,0
3900,'4487',713,,12920,,,0,126,,12921,,,0,101,,12925,,,0,100,,12929,,,0,100,,12919,,,0,100,,12923,,,0,100,,12926,,,0,100,,12930,,,0,100,,12922,,,0,100,,12924,,,0,100,,12927,,,0,100,,12931,,,0,99,,12928,,,0
3900,'4744',649,,12945,,,0,60,,22352,,,0,16,,12947,,,0,10,,12951,,,0,12,,12950,,,0,10,,12956,,,0,44,,12987,,,0,9,,12949,,,0,15,,12948,,,0,11,,12985,,,0,3,,12953,,,0,10,,12986,,,0,7,,12952,,,0,54,,12955,,,0,22,,12954,,,0,26,,12959,,,0,70,,12957,,,0,29,,12958,,,0,70,,12960,,,0,31,,12961,,,0,71,,12963,,,0,30,,12962,,,0,71,,12964,,,0,71,,12965,,,0,33,,12967,,,0,71,,12966,,,0,22,,12970,,,0,16,,12969,,,0,57,,12968,,,0,14,,12974,,,0,17,,12971,,,0,12,,12973,,,0,14,,12972,,,0,57,,12975,,,0,16,,12977,,,0,13,,12976,,,0,16,,12978,,,0,57,,12979,,,0,20,,12984,,,0,18,,12983,,,0,77,,12980,,,0,83,,22353,,,0,107,,12982,,,0
3900,'4745',839,,12989,,,0,101,,12988,,,0,100,,12990,,,0,100,,12992,,,0,100,,12991,,,0,100,,12996,,,0,100,,12993,,,0,100,,12994,,,0,100,,12995,,,0,100,,12997,,,0,100,,12998,,,0,100,,22354,,,0
3900,'4947',649,,13000,,,0,60,,22355,,,0,16,,13002,,,0,10,,13006,,,0,12,,13005,,,0,10,,13011,,,0,44,,13042,,,0,9,,13004,,,0,15,,13003,,,0,11,,13040,,,0,3,,13008,,,0,10,,13041,,,0,7,,13007,,,0,54,,13010,,,0,22,,13009,,,0,26,,13014,,,0,70,,13012,,,0,29,,13013,,,0,70,,13015,,,0,31,,13016,,,0,71,,13018,,,0,30,,13017,,,0,71,,13019,,,0,71,,13020,,,0,33,,13022,,,0,71,,13021,,,0,22,,13025,,,0,16,,13024,,,0,57,,13023,,,0,14,,13029,,,0,17,,13026,,,0,12,,13028,,,0,14,,13027,,,0,57,,13030,,,0,16,,13032,,,0,13,,13031,,,0,16,,13033,,,0,57,,13034,,,0,20,,13039,,,0,18,,13038,,,0,77,,13035,,,0,83,,22356,,,0,107,,13037,,,0
3900,'4952',649,,13043,,,0,60,,22357,,,0,16,,13045,,,0,10,,13049,,,0,12,,13048,,,0,10,,13054,,,0,44,,13085,,,0,9,,13047,,,0,15,,13046,,,0,11,,13083,,,0,3,,13051,,,0,10,,13084,,,0,7,,13050,,,0,54,,13053,,,0,22,,13052,,,0,26,,13057,,,0,70,,13055,,,0,29,,13056,,,0,70,,13058,,,0,31,,13059,,,0,71,,13061,,,0,30,,13060,,,0,71,,13062,,,0,71,,13063,,,0,33,,13065,,,0,71,,13064,,,0,22,,13068,,,0,16,,13067,,,0,57,,13066,,,0,14,,13072,,,0,17,,13069,,,0,12,,13071,,,0,14,,13070,,,0,57,,13073,,,0,16,,13075,,,0,13,,13074,,,0,16,,13076,,,0,57,,13077,,,0,20,,13082,,,0,18,,13081,,,0,77,,13078,,,0,83,,22358,,,0,107,,13080,,,0
3900,'4953',713,,13087,,,0,126,,13088,,,0,101,,13092,,,0,100,,13096,,,0,100,,13086,,,0,100,,13090,,,0,100,,13093,,,0,100,,13097,,,0,100,,13089,,,0,100,,13091,,,0,100,,13094,,,0,100,,13098,,,0,99,,13095,,,0
3900,'4954',839,,13100,,,0,101,,13099,,,0,100,,13101,,,0,100,,13103,,,0,100,,13102,,,0,100,,13107,,,0,100,,13104,,,0,100,,13105,,,0,100,,13106,,,0,100,,13108,,,0,100,,13109,,,0,100,,13110,,,0
