'3450',2500,63700,4,'',0,7400,4,'',0,3800,4,'',0,8300,4,'',0,11100,4,'',0,8600,4,'',0,9600,4,'',0,9100,4,'',0,9700,4,'',0,9700,4,'',0,4700,4,'',0,10000,4,'',0,8800,4,'',0,8200,4,'',0,8900,4,'',0,9600,4,'',0,11100,4,'',0,11800,4,'',0,15900,4,'',0
'3450',2501,61200,,'',0,3900,,'',0,7200,0,'Shoreline Sch',0,7800,,'',0,5500,,'',0,9900,,'',0,8600,,'',0,9600,,'',0,9100,,'',0,9900,,'',0,10000,,'',0,8300,,'',0,10000,,'',0,4700,,'',0,8200,,'',0,8900,,'',0,9800,,'',0,11300,,'',0,16100,,'',0,12500,,'',0
'3512',2500,63700,4,'',0,7400,4,'',0,3800,4,'',0,8300,4,'',0,11100,4,'',0,8600,4,'',0,9600,4,'',0,9100,4,'',0,9700,4,'',0,9700,4,'',0,4700,4,'',0,18800,4,'',0,8200,4,'',0,8900,4,'',0,9600,4,'',0,11100,4,'',0,11800,4,'',0,15900,4,'',0
'3512',2501,61200,,'',0,3900,,'',0,7200,0,'Shoreline Sch',0,7800,,'',0,5500,,'',0,9900,,'',0,8600,,'',0,9600,,'',0,9100,,'',0,9900,,'',0,10000,,'',0,8300,,'',0,14700,,'',0,8200,,'',0,8900,,'',0,9800,,'',0,11300,,'',0,16100,,'',0,12500,,'',0
'3514',2500,155700,4,'',0
'3514',2501,161000,,'',0
'3515',2500,155700,4,'',0
'3515',2501,161000,,'',0
'3517',2500,63700,4,'',0,7400,4,'',0,3800,4,'',0,8300,4,'',0,11100,4,'',0,8600,4,'',0,9600,4,'',0,9100,4,'',0,9700,4,'',0,9700,4,'',0,4700,4,'',0,10000,4,'',0,8800,4,'',0,8200,4,'',0,8900,4,'',0,9600,4,'',0,11100,4,'',0,11800,4,'',0,15900,4,'',0
'3517',2501,61200,,'',0,3900,,'',0,7200,0,'Shoreline Sch',0,7800,,'',0,5500,,'',0,9900,,'',0,8600,,'',0,9600,,'',0,9100,,'',0,9900,,'',0,10000,,'',0,8300,,'',0,10000,,'',0,4700,,'',0,8200,,'',0,8900,,'',0,9800,,'',0,11300,,'',0,16100,,'',0,12500,,'',0
'3520',2500,81100,4,'',0,11600,4,'',0,11600,4,'',0,16200,4,'',0,12500,4,'',0,12200,4,'',0,16700,4,'',0,12200,4,'',0,16100,4,'',0,11700,4,'',0,12000,4,'',0,11900,4,'',0
'3520',2501,82200,,'',0,11600,,'',0,11600,,'',0,16200,,'',0,12500,,'',0,16200,,'',0,12700,,'',0,12200,,'',0,16400,,'',0,12400,,'',0,16200,,'',0,12200,,'',0
'3521',2500,73200,4,'',0,8900,4,'',0,9900,4,'',0,9900,4,'',0,9300,4,'',0,9400,4,'',0,9400,4,'',0,5500,4,'',0,9400,4,'',0,9500,4,'',0,9400,4,'',0,9900,4,'',0,16600,4,'',0,11700,4,'',0,12000,4,'',0,16000,4,'',0
'3521',2501,73600,,'',0,9500,,'',0,9900,,'',0,10000,,'',0,9400,,'',0,9300,,'',0,9400,,'',0,9600,,'',0,9400,,'',0,5500,,'',0,9400,,'',0,9900,,'',0,16500,,'',0,12000,,'',0,12500,,'',0,16400,,'',0
'3522',2500,81100,4,'',0,11600,4,'',0,11600,4,'',0,16200,4,'',0,12500,4,'',0,12200,4,'',0,16700,4,'',0,12200,4,'',0,16100,4,'',0,11700,4,'',0,12000,4,'',0,11900,4,'',0
'3522',2501,82200,,'',0,11600,,'',0,11600,,'',0,16200,,'',0,12500,,'',0,16200,,'',0,12700,,'',0,12200,,'',0,16400,,'',0,12400,,'',0,16200,,'',0,12200,,'',0
'3742',2500,73200,4,'',0,8900,4,'',0,9900,4,'',0,9900,4,'',0,9300,4,'',0,9400,4,'',0,9400,4,'',0,5500,4,'',0,9400,4,'',0,9500,4,'',0,9400,4,'',0,9900,4,'',0,16600,4,'',0,11700,4,'',0,12000,4,'',0,16000,4,'',0
'3742',2501,73600,,'',0,9500,,'',0,9900,,'',0,10000,,'',0,9400,,'',0,9300,,'',0,9400,,'',0,9600,,'',0,9400,,'',0,5500,,'',0,9400,,'',0,9900,,'',0,16500,,'',0,12000,,'',0,12500,,'',0,16400,,'',0
'3743',2500,81100,4,'',0,11600,4,'',0,11600,4,'',0,16200,4,'',0,12500,4,'',0,12200,4,'',0,16700,4,'',0,12200,4,'',0,16100,4,'',0,11700,4,'',0,12000,4,'',0,11900,4,'',0
'3743',2501,82200,,'',0,11600,,'',0,11600,,'',0,16200,,'',0,12500,,'',0,16200,,'',0,12700,,'',0,12200,,'',0,16400,,'',0,12400,,'',0,16200,,'',0,12200,,'',0
'3744',2500,73200,4,'',0,8900,4,'',0,9900,4,'',0,9900,4,'',0,9300,4,'',0,9400,4,'',0,9400,4,'',0,5500,4,'',0,9400,4,'',0,9500,4,'',0,9400,4,'',0,9900,4,'',0,16600,4,'',0,11700,4,'',0,12000,4,'',0,16000,4,'',0
'3744',2501,73600,,'',0,9500,,'',0,9900,,'',0,10000,,'',0,9400,,'',0,9300,,'',0,9400,,'',0,9600,,'',0,9400,,'',0,5500,,'',0,9400,,'',0,9900,,'',0,16500,,'',0,12000,,'',0,12500,,'',0,16400,,'',0
'3745',2500,81100,4,'',0,11600,4,'',0,11600,4,'',0,16200,4,'',0,12500,4,'',0,12200,4,'',0,16700,4,'',0,12200,4,'',0,16100,4,'',0,11700,4,'',0,12000,4,'',0,11900,4,'',0
'3745',2501,82200,,'',0,11600,,'',0,11600,,'',0,16200,,'',0,12500,,'',0,16200,,'',0,12700,,'',0,12200,,'',0,16400,,'',0,12400,,'',0,16200,,'',0,12200,,'',0
