300,'4623',615,,63632,21,,,0,33,,63631,23,,,0,75,,63630,21,,,0,80,,63629,23,,,0,37,,63628,21,,,0,76,,63627,23,,,0,99,,63621,23,,,0,98,,63618,23,,,0,105,,63616,23,,,0,100,,63623,23,,,0,104,,63614,23,,,0,109,,63613,23,,,0,74,,63612,23,,,0,33,,63625,23,,,0,75,,63611,21,,,0,34,,63610,23,,,0,68,,63626,21,,,0,30,,63609,23,,,0,70,,63608,21,,,0,25,,63606,23,,,0,66,,63605,21,,,0,30,,63604,23,,,0,86,,63607,21,0,5,0
300,'4833',653,,63656,21,,,0,70,,63639,23,,,0,28,,63633,21,,,0,70,,63648,23,,,0,30,,63641,21,,,0,69,,63658,23,,,0,30,,63647,21,,,0,70,,63634,23,,,0,98,,63646,23,,,0,99,,63659,23,,,0,101,,63636,23,,,0,103,,63635,23,,,0,109,,63640,23,,,0,70,,63644,21,,,0,39,,63638,23,,,0,64,,63645,21,,,0,37,,63651,23,,,0,68,,63652,21,,,0,32,,63650,23,,,0,65,,63653,21,,,0,31,,63654,23,,,0,70,,63660,21,,,0,31,,63657,23,,,0,85,,63661,21,0,5,0
300,'5015',653,,63685,21,,,0,70,,63668,23,,,0,28,,63662,21,,,0,70,,63677,23,,,0,30,,63670,21,,,0,69,,63687,23,,,0,30,,63676,21,,,0,70,,63663,23,,,0,98,,63675,23,,,0,99,,63688,23,,,0,101,,63665,23,,,0,103,,63664,23,,,0,109,,63669,23,,,0,70,,63673,21,,,0,39,,63667,23,,,0,64,,63674,21,,,0,37,,63680,23,,,0,68,,63681,21,,,0,32,,63679,23,,,0,65,,63682,21,,,0,31,,63683,23,,,0,70,,63689,21,,,0,31,,63686,23,,,0,85,,63690,21,0,5,0
300,'5222',615,,63719,21,,,0,33,,63718,23,,,0,75,,63717,21,,,0,80,,63716,23,,,0,37,,63715,21,,,0,76,,63714,23,,,0,99,,63708,23,,,0,98,,63705,23,,,0,105,,63703,23,,,0,100,,63710,23,,,0,104,,63701,23,,,0,109,,63700,23,,,0,74,,63699,23,,,0,33,,63712,23,,,0,75,,63698,21,,,0,34,,63697,23,,,0,68,,63713,21,,,0,30,,63696,23,,,0,70,,63695,21,,,0,25,,63693,23,,,0,66,,63692,21,,,0,30,,63691,23,,,0,86,,63694,21,0,5,0
300,'5365',707,,63734,21,,,0,45,,63722,23,,,0,79,,63735,21,,,0,84,,63729,23,,,0,35,,63733,21,,,0,80,,63720,23,,,0,19,,63730,21,,,0,71,,63725,23,,,0,29,,63721,21,,,0,69,,63726,23,,,0,30,,63724,21,,,0,69,,63723,23,,,0,31,,63727,21,,,0,77,,63728,23,,,0,27,,63731,21,,,0,81,,63732,23,,,0,26,,63739,21,,,0,73,,63736,23,,,0,68,,63737,21,,,0,30,,63738,23,,,0,71,,63741,21,,,0,30,,63740,23,,,0,70,,63742,21,,,0,35,,63743,23,,,0,84,,63744,21,0,5,0
300,'5390',707,,63759,21,,,0,45,,63747,23,,,0,79,,63760,21,,,0,84,,63754,23,,,0,35,,63758,21,,,0,80,,63745,23,,,0,19,,63755,21,,,0,71,,63750,23,,,0,29,,63746,21,,,0,69,,63751,23,,,0,30,,63749,21,,,0,69,,63748,23,,,0,31,,63752,21,,,0,77,,63753,23,,,0,27,,63756,21,,,0,81,,63757,23,,,0,26,,63764,21,,,0,73,,63761,23,,,0,68,,63762,21,,,0,30,,63763,23,,,0,71,,63766,21,,,0,30,,63765,23,,,0,70,,63767,21,,,0,35,,63768,23,,,0,84,,63769,21,0,5,0
14000700,'4623',2159,,77648,30,0,5,0,68,,77647,30,0,5,0,32,,77649,30,0,5,0,70,,77650,30,0,5,0,71,,77651,30,0,5,0,29,,77652,30,0,5,0
14000700,'4833',2158,,77653,30,0,5,0,74,,77654,30,0,5,0,69,,77655,30,0,5,0,29,,77656,30,0,5,0,70,,77657,30,0,5,0,31,,77658,30,0,5,0
14000700,'5015',2158,,77659,30,0,5,0,74,,77660,30,0,5,0,69,,77661,30,0,5,0,29,,77662,30,0,5,0,70,,77663,30,0,5,0,31,,77664,30,0,5,0
14000700,'5222',2159,,77666,30,0,5,0,68,,77665,30,0,5,0,32,,77667,30,0,5,0,70,,77668,30,0,5,0,71,,77669,30,0,5,0,29,,77670,30,0,5,0
14000700,'5365',2100,,77671,30,0,5,0,31,,77672,30,0,5,0,70,,77673,30,0,5,0,100,,77674,30,0,5,0,58,,77675,30,0,5,0
14000700,'5390',2100,,77676,30,0,5,0,31,,77677,30,0,5,0,70,,77678,30,0,5,0,100,,77679,30,0,5,0,58,,77680,30,0,5,0
