200,'4623',610,,63268,42,,,0,41,,63260,42,,,0,61,,63255,42,,,0,33,,63269,42,,,0,73,,63263,42,,,0,30,,63254,42,,,0,71,,63267,42,,,0,30,,63264,42,,,0,86,,63253,42,,,0,78,,63256,42,,,0,41,,63257,42,,,0,81,,63266,42,,,0,80,,63259,42,,,0,41,,63258,42,,,0,81,,63265,42,,,0,79,,63261,42,,,0,34,,63262,42,,,0,77,,63270,42,,,0,76,,63271,42,,,0,47,,63273,42,,,0,72,,63272,42,,,0,79,,63277,42,,,0,49,,63275,42,,,0,78,,63276,42,,,0,82,,63281,42,,,0,40,,63280,42,,,0,78,,63282,42,,,0,78,,63283,42,,,0,39,,63284,42,,,0,78,,63285,42,,,0
200,'4833',620,,63307,42,,,0,113,,63310,42,,,0,121,,63308,42,,,0,81,,63296,42,,,0,87,,63309,42,,,0,80,,63294,42,,,0,40,,63288,42,,,0,81,,63295,42,,,0,80,,63289,42,,,0,41,,63302,42,,,0,81,,63290,42,,,0,81,,63293,42,,,0,40,,63292,42,,,0,79,,63291,42,,,0,80,,63305,42,,,0,39,,63306,42,,,0,74,,63304,42,,,0,40,,63298,42,,,0,74,,63299,42,,,0,94,,63301,42,,,0,80,,63300,42,,,0,45,,63316,42,,,0,80,,63313,42,,,0,80,,63312,42,,,0,37,,63314,42,,,0,79,,63311,42,,,0
200,'5015',620,,63337,42,,,0,113,,63340,42,,,0,121,,63338,42,,,0,81,,63326,42,,,0,87,,63339,42,,,0,80,,63324,42,,,0,40,,63318,42,,,0,81,,63325,42,,,0,80,,63319,42,,,0,41,,63332,42,,,0,81,,63320,42,,,0,81,,63323,42,,,0,40,,63322,42,,,0,79,,63321,42,,,0,80,,63335,42,,,0,39,,63336,42,,,0,74,,63334,42,,,0,40,,63328,42,,,0,74,,63329,42,,,0,94,,63331,42,,,0,80,,63330,42,,,0,45,,63346,42,,,0,80,,63343,42,,,0,80,,63342,42,,,0,37,,63344,42,,,0,79,,63341,42,,,0
200,'5222',610,,63364,42,,,0,41,,63356,42,,,0,61,,63351,42,,,0,33,,63365,42,,,0,73,,63359,42,,,0,30,,63350,42,,,0,71,,63363,42,,,0,30,,63360,42,,,0,86,,63349,42,,,0,78,,63352,42,,,0,41,,63353,42,,,0,81,,63362,42,,,0,80,,63355,42,,,0,41,,63354,42,,,0,81,,63361,42,,,0,79,,63357,42,,,0,34,,63358,42,,,0,77,,63366,42,,,0,76,,63367,42,,,0,47,,63369,42,,,0,72,,63368,42,,,0,79,,63373,42,,,0,49,,63371,42,,,0,78,,63372,42,,,0,82,,63377,42,,,0,40,,63376,42,,,0,78,,63378,42,,,0,78,,63379,42,,,0,39,,63380,42,,,0,78,,63381,42,,,0
200,'5365',716,,63405,42,,,0,121,,63404,42,,,0,163,,63403,42,,,0,101,,63384,42,,,0,41,,63402,42,,,0,81,,63390,42,,,0,80,,63388,42,,,0,40,,63383,42,,,0,82,,63385,42,,,0,80,,63396,42,,,0,40,,63391,42,,,0,80,,63386,42,,,0,79,,63389,42,,,0,39,,63387,42,,,0,73,,63397,42,,,0,39,,63393,42,,,0,94,,63398,42,,,0,80,,63394,42,,,0,80,,63400,42,,,0,39,,63401,42,,,0,80,,63399,42,,,0,79,,63406,42,,,0,39,,63407,42,,,0
200,'5390',716,,63430,42,,,0,121,,63429,42,,,0,163,,63428,42,,,0,101,,63409,42,,,0,41,,63427,42,,,0,81,,63415,42,,,0,80,,63413,42,,,0,40,,63408,42,,,0,82,,63410,42,,,0,80,,63421,42,,,0,40,,63416,42,,,0,80,,63411,42,,,0,79,,63414,42,,,0,39,,63412,42,,,0,73,,63422,42,,,0,39,,63418,42,,,0,94,,63423,42,,,0,80,,63419,42,,,0,80,,63425,42,,,0,39,,63426,42,,,0,80,,63424,42,,,0,79,,63431,42,,,0,39,,63432,42,,,0
800,'4623',654,,65917,50,,,0,92,,65918,50,,,0,75,,65919,50,,,0,80,,65920,50,,,0,46,,65921,50,,,0,75,,65922,50,,,0,81,,65916,50,,,0,44,,65923,50,,,0,78,,65937,50,,,0,84,,65924,50,,,0,44,,65925,50,,,0,85,,65926,50,,,0,102,,65927,50,,,0,82,,65928,50,,,0,86,,65929,50,,,0,29,,65938,50,,,0,72,,65930,50,,,0,30,,65931,50,,,0,69,,65932,50,,,0,29,,65939,50,,,0,94,,65933,50,,,0,83,,65934,50,,,0,96,,65935,50,,,0,41,,65936,50,,,0
800,'4833',741,,65946,39,,,0,85,,65947,39,,,0,87,,65948,39,,,0,87,,65941,39,,,0,52,,65942,39,,,0,87,,65940,39,,,0,90,,65943,39,,,0,91,,65944,39,,,0,92,,65945,39,,,0,92,,65949,39,,,0,50,,65950,39,,,0,91,,65951,39,,,0,87,,65952,39,,,0,84,,65953,39,,,0,84,,65954,39,,,0
800,'5015',741,,65961,39,,,0,85,,65962,39,,,0,87,,65963,39,,,0,87,,65956,39,,,0,52,,65957,39,,,0,87,,65955,39,,,0,90,,65958,39,,,0,91,,65959,39,,,0,92,,65960,39,,,0,92,,65964,39,,,0,50,,65965,39,,,0,91,,65966,39,,,0,87,,65967,39,,,0,84,,65968,39,,,0,84,,65969,39,,,0
800,'5222',654,,65971,50,,,0,92,,65972,50,,,0,75,,65973,50,,,0,80,,65974,50,,,0,46,,65975,50,,,0,75,,65976,50,,,0,81,,65970,50,,,0,44,,65977,50,,,0,78,,65991,50,,,0,84,,65978,50,,,0,44,,65979,50,,,0,85,,65980,50,,,0,102,,65981,50,,,0,82,,65982,50,,,0,86,,65983,50,,,0,29,,65992,50,,,0,72,,65984,50,,,0,30,,65985,50,,,0,69,,65986,50,,,0,29,,65993,50,,,0,94,,65987,50,,,0,83,,65988,50,,,0,96,,65989,50,,,0,41,,65990,50,,,0
800,'5365',912,,65995,39,,,0,47,,65996,39,,,0,90,,65997,39,,,0,87,,65998,39,,,0,91,,65999,39,,,0,92,,65994,39,,,0,91,,66000,39,,,0,91,,66001,39,,,0,51,,66002,39,,,0,91,,66003,39,,,0,87,,66004,39,,,0
800,'5390',912,,66006,39,,,0,47,,66007,39,,,0,90,,66008,39,,,0,87,,66009,39,,,0,91,,66010,39,,,0,92,,66005,39,,,0,91,,66011,39,,,0,91,,66012,39,,,0,51,,66013,39,,,0,91,,66014,39,,,0,87,,66015,39,,,0
