900,'4744',709,,4043,,,0,14,,4044,,,0,15,,4042,,,0,15,,4046,,,0,68,,4045,,,0
900,'4947',709,,4048,,,0,14,,4049,,,0,15,,4047,,,0,15,,4051,,,0,68,,4050,,,0
900,'4952',709,,4053,,,0,14,,4054,,,0,15,,4052,,,0,15,,4056,,,0,68,,4055,,,0
1100,'4487',723,,4369,,,0,35,,4353,,,0,76,,4339,,,0,71,,4343,,,0,30,,4370,,,0,70,,4361,,,0,26,,4348,,,0,25,,4340,,,0,65,,4346,,,0,29,,4358,,,0,65,,4342,,,0,25,,4356,,,0,64,,4350,,,0,24,,4341,,,0,25,,4344,,,0,65,,4357,,,0,25,,4349,,,0,65,,4360,,,0,27,,4352,,,0,65,,4347,,,0,25,,4351,,,0,24,,4368,,,0,63,,4345,,,0,24,,4359,,,0,65,,4371,,,0,25,,4362,,,0,25,,4354,,,0,64,,4355,,,0,24,,4364,,,0,65,,4366,,,0,24,,4363,,,0,30,,4365,,,0,70,,4367,,,0,74,,4372,,,0,35,,4373,,,0,70,,4374,,,0,30,,4375,,,0,79,,4376,,,0
1100,'4744',607,,4448,,,0,30,,4431,,,0,20,,4460,,,0,60,,4437,,,0,18,,4457,,,0,17,,4440,,,0,55,,4420,,,0,16,,4446,,,0,19,,4423,,,0,59,,4441,,,0,19,,4461,,,0,24,,4436,,,0,64,,4458,,,0,27,,4421,,,0,65,,4449,,,0,25,,4439,,,0,26,,4463,,,0,65,,4438,,,0,25,,4454,,,0,65,,4422,,,0,25,,4450,,,0,24,,4435,,,0,58,,4416,,,0,18,,4462,,,0,18,,4433,,,0,58,,4415,,,0,19,,4456,,,0,20,,4424,,,0,58,,4426,,,0,19,,4447,,,0,18,,4432,,,0,17,,4419,,,0,56,,4464,,,0,18,,4434,,,0,17,,4425,,,0,58,,4459,,,0,16,,4418,,,0,18,,4417,,,0,18,,4442,,,0,64,,4429,,,0,30,,4430,,,0,75,,4452,,,0,30,,4427,,,0,75,,4428,,,0,70,,20733,,,0,33,,4451,,,0,70,,4445,,,0,30,,4444,,,0,85,,20734,,,0
1100,'4745',738,,4466,,,0,80,,4465,,,0,40,,4468,,,0,71,,4467,,,0,71,,4470,,,0,36,,4469,,,0,75,,4474,,,0,31,,4472,,,0,70,,4471,,,0,30,,4473,,,0,70,,4477,,,0,30,,4478,,,0,70,,4476,,,0,30,,4475,,,0,70,,4481,,,0,30,,4480,,,0,70,,4479,,,0,30,,4483,,,0,69,,4484,,,0,30,,4482,,,0,68,,4485,,,0,29,,4486,,,0,70,,4488,,,0,45,,4487,,,0,85,,4489,,,0,84,,4490,,,0,80,,4491,,,0,45,,4492,,,0,85,,4493,,,0
1100,'4947',607,,4527,,,0,30,,4510,,,0,20,,4539,,,0,60,,4516,,,0,18,,4536,,,0,17,,4519,,,0,55,,4499,,,0,16,,4525,,,0,19,,4502,,,0,59,,4520,,,0,19,,4540,,,0,24,,4515,,,0,64,,4537,,,0,27,,4500,,,0,65,,4528,,,0,25,,4518,,,0,26,,4542,,,0,65,,4517,,,0,25,,4533,,,0,65,,4501,,,0,25,,4529,,,0,24,,4514,,,0,58,,4495,,,0,18,,4541,,,0,18,,4512,,,0,58,,4494,,,0,19,,4535,,,0,20,,4503,,,0,58,,4505,,,0,19,,4526,,,0,18,,4511,,,0,17,,4498,,,0,56,,4543,,,0,18,,4513,,,0,17,,4504,,,0,58,,4538,,,0,16,,4497,,,0,18,,4496,,,0,18,,4521,,,0,64,,4508,,,0,30,,4509,,,0,75,,4531,,,0,30,,4506,,,0,75,,4507,,,0,70,,20735,,,0,33,,4530,,,0,70,,4524,,,0,30,,4523,,,0,85,,20736,,,0
1100,'4952',607,,4577,,,0,30,,4560,,,0,20,,4589,,,0,60,,4566,,,0,18,,4586,,,0,17,,4569,,,0,55,,4549,,,0,16,,4575,,,0,19,,4552,,,0,59,,4570,,,0,19,,4590,,,0,24,,4565,,,0,64,,4587,,,0,27,,4550,,,0,65,,4578,,,0,25,,4568,,,0,26,,4592,,,0,65,,4567,,,0,25,,4583,,,0,65,,4551,,,0,25,,4579,,,0,24,,4564,,,0,58,,4545,,,0,18,,4591,,,0,18,,4562,,,0,58,,4544,,,0,19,,4585,,,0,20,,4553,,,0,58,,4555,,,0,19,,4576,,,0,18,,4561,,,0,17,,4548,,,0,56,,4593,,,0,18,,4563,,,0,17,,4554,,,0,58,,4588,,,0,16,,4547,,,0,18,,4546,,,0,18,,4571,,,0,64,,4558,,,0,30,,4559,,,0,75,,4581,,,0,30,,4556,,,0,75,,4557,,,0,70,,20737,,,0,33,,4580,,,0,70,,4574,,,0,30,,4573,,,0,85,,20738,,,0
1100,'4953',723,,4624,,,0,35,,4608,,,0,76,,4594,,,0,71,,4598,,,0,30,,4625,,,0,70,,4616,,,0,26,,4603,,,0,25,,4595,,,0,65,,4601,,,0,29,,4613,,,0,65,,4597,,,0,25,,4611,,,0,64,,4605,,,0,24,,4596,,,0,25,,4599,,,0,65,,4612,,,0,25,,4604,,,0,65,,4615,,,0,27,,4607,,,0,65,,4602,,,0,25,,4606,,,0,24,,4623,,,0,63,,4600,,,0,24,,4614,,,0,65,,4626,,,0,25,,4617,,,0,25,,4609,,,0,64,,4610,,,0,24,,4619,,,0,65,,4621,,,0,24,,4618,,,0,30,,4620,,,0,70,,4622,,,0,74,,4627,,,0,35,,4628,,,0,70,,4629,,,0,30,,4630,,,0,79,,4631,,,0
1100,'4954',738,,4633,,,0,80,,4632,,,0,40,,4635,,,0,71,,4634,,,0,71,,4637,,,0,36,,4636,,,0,75,,4641,,,0,31,,4639,,,0,70,,4638,,,0,30,,4640,,,0,70,,4644,,,0,30,,4645,,,0,70,,4643,,,0,30,,4642,,,0,70,,4648,,,0,30,,4647,,,0,70,,4646,,,0,30,,4650,,,0,69,,4651,,,0,30,,4649,,,0,68,,4652,,,0,29,,4653,,,0,70,,4655,,,0,45,,4654,,,0,85,,4656,,,0,84,,4657,,,0,80,,4658,,,0,45,,4659,,,0,85,,4660,,,0
