801,'4623',709,,66017,38,,,0,37,,66018,38,,,0,65,,66019,38,,,0,27,,66020,38,,,0,75,,66021,38,,,0,43,,66016,38,,,0,84,,66022,38,,,0,73,,66037,38,,,0,42,,66023,38,,,0,86,,66024,38,,,0,80,,66025,38,,,0,85,,66026,38,,,0,50,,66027,38,,,0,86,,66028,38,,,0,74,,66038,38,,,0,33,,66029,38,,,0,73,,66030,38,,,0,78,,66031,38,,,0,29,,66039,38,,,0,30,,66032,38,,,0,73,,66033,38,,,0,85,,66034,38,,,0,97,,66035,38,,,0,44,,66036,38,,,0
801,'4833',740,,66041,38,0,8 9,0,85,,66042,38,0,8 9,0,86,,66043,38,0,8 9,0,48,,66044,38,0,8 9,0,85,,66045,38,0,8 9,0,93,,66046,38,0,8 9,0,89,,66047,38,0,8 9,0,91,,66048,38,0,8 9,0,92,,66040,38,0,8 9,0,50,,66049,38,0,8 9,0,92,,66050,38,0,8 9,0,90,,66051,38,0,8 9,0,88,,66052,38,0,8 9,0,86,,66053,38,0,8 9,0,42,,66054,38,0,8 9,0
801,'5015',740,,66056,38,0,8 9,0,85,,66057,38,0,8 9,0,86,,66058,38,0,8 9,0,48,,66059,38,0,8 9,0,85,,66060,38,0,8 9,0,93,,66061,38,0,8 9,0,89,,66062,38,0,8 9,0,91,,66063,38,0,8 9,0,92,,66055,38,0,8 9,0,50,,66064,38,0,8 9,0,92,,66065,38,0,8 9,0,90,,66066,38,0,8 9,0,88,,66067,38,0,8 9,0,86,,66068,38,0,8 9,0,42,,66069,38,0,8 9,0
801,'5222',709,,66071,38,,,0,37,,66072,38,,,0,65,,66073,38,,,0,27,,66074,38,,,0,75,,66075,38,,,0,43,,66070,38,,,0,84,,66076,38,,,0,73,,66091,38,,,0,42,,66077,38,,,0,86,,66078,38,,,0,80,,66079,38,,,0,85,,66080,38,,,0,50,,66081,38,,,0,86,,66082,38,,,0,74,,66092,38,,,0,33,,66083,38,,,0,73,,66084,38,,,0,78,,66085,38,,,0,29,,66093,38,,,0,30,,66086,38,,,0,73,,66087,38,,,0,85,,66088,38,,,0,97,,66089,38,,,0,44,,66090,38,,,0
801,'5365',958,,66095,38,0,8 9,0,86,,66096,38,0,8 9,0,91,,66097,38,0,8 9,0,89,,66098,38,0,8 9,0,90,,66094,38,0,8 9,0,93,,66099,38,0,8 9,0,50,,66100,38,0,8 9,0,92,,66101,38,0,8 9,0,89,,66102,38,0,8 9,0,90,,66103,38,0,8 9,0,85,,66104,38,0,8 9,0
801,'5390',958,,66106,38,0,8 9,0,86,,66107,38,0,8 9,0,91,,66108,38,0,8 9,0,89,,66109,38,0,8 9,0,90,,66105,38,0,8 9,0,93,,66110,38,0,8 9,0,50,,66111,38,0,8 9,0,92,,66112,38,0,8 9,0,89,,66113,38,0,8 9,0,90,,66114,38,0,8 9,0,85,,66115,38,0,8 9,0
901,'4623',1712,,66121,27,,,0,40,,66120,27,,,0
901,'5222',1712,,66123,27,,,0,40,,66122,27,,,0
1101,'4623',615,,66594,53,,,0,32,,66586,53,,,0,61,,66569,53,,,0,23,,66576,53,,,0,21,,66554,53,,,0,60,,66571,53,,,0,20,,66590,53,,,0,20,,66567,53,,,0,60,,66587,53,,,0,18,,66562,53,,,0,19,,66555,53,,,0,61,,66580,53,,,0,25,,66570,53,,,0,66,,66592,53,,,0,25,,66566,53,,,0,26,,66589,53,,,0,65,,66556,53,,,0,25,,66579,53,,,0,65,,66563,53,,,0,26,,66595,53,,,0,25,,66568,53,,,0,68,,66588,53,,,0,25,,66550,53,,,0,59,,66548,53,,,0,18,,66578,53,,,0,20,,66572,53,,,0,56,,66549,53,,,0,17,,66593,53,,,0,17,,66564,53,,,0,20,,66551,53,,,0,58,,66585,53,,,0,18,,66553,53,,,0,20,,66552,53,,,0,58,,66577,53,,,0,21,,66565,53,,,0,23,,66591,53,,,0,54,,66557,53,,,0,17,,66560,53,,,0,20,,66583,53,,,0,70,,66558,53,,,0,34,,66561,53,,,0,70,,66559,53,,,0,34,,66584,53,,,0,69,,66573,53,,,0,35,,66574,53,,,0,67,,66575,53,,,0,28,,66582,53,,,0,85,,66581,53,,,0
1101,'4833',712,,66609,53,,,0,36,,66597,53,,,0,75,,66602,53,,,0,30,,66627,53,,,0,78,,66610,53,,,0,70,,66596,53,,,0,30,,66605,53,,,0,72,,66621,53,,,0,25,,66599,53,,,0,20,,66623,53,,,0,66,,66611,53,,,0,25,,66598,53,,,0,66,,66603,53,,,0,25,,66620,53,,,0,25,,66600,53,,,0,66,,66618,53,,,0,25,,66608,53,,,0,65,,66601,53,,,0,25,,66607,53,,,0,65,,66629,53,,,0,25,,66604,53,,,0,24,,66622,53,,,0,65,,66612,53,,,0,25,,66606,53,,,0,65,,66628,53,,,0,24,,66619,53,,,0,24,,66625,53,,,0,65,,66626,53,,,0,22,,66613,53,,,0,65,,66624,53,,,0,25,,66617,53,,,0,25,,66616,53,,,0,65,,66614,53,,,0,35,,66615,53,,,0,70,,66632,53,,,0,29,,66630,53,,,0,72,,66631,53,,,0,28,,66633,53,,,0,85,,66634,53,,,0
1101,'5015',712,,66648,53,,,0,36,,66636,53,,,0,75,,66641,53,,,0,30,,66666,53,,,0,78,,66649,53,,,0,70,,66635,53,,,0,30,,66644,53,,,0,72,,66660,53,,,0,25,,66638,53,,,0,20,,66662,53,,,0,66,,66650,53,,,0,25,,66637,53,,,0,66,,66642,53,,,0,25,,66659,53,,,0,25,,66639,53,,,0,66,,66657,53,,,0,25,,66647,53,,,0,65,,66640,53,,,0,25,,66646,53,,,0,65,,66668,53,,,0,25,,66643,53,,,0,24,,66661,53,,,0,65,,66651,53,,,0,25,,66645,53,,,0,65,,66667,53,,,0,24,,66658,53,,,0,24,,66664,53,,,0,65,,66665,53,,,0,22,,66652,53,,,0,65,,66663,53,,,0,25,,66656,53,,,0,25,,66655,53,,,0,65,,66653,53,,,0,35,,66654,53,,,0,70,,66671,53,,,0,29,,66669,53,,,0,72,,66670,53,,,0,28,,66672,53,,,0,85,,66673,53,,,0
1101,'5222',615,,66720,53,,,0,32,,66712,53,,,0,61,,66695,53,,,0,23,,66702,53,,,0,21,,66680,53,,,0,60,,66697,53,,,0,20,,66716,53,,,0,20,,66693,53,,,0,60,,66713,53,,,0,18,,66688,53,,,0,19,,66681,53,,,0,61,,66706,53,,,0,25,,66696,53,,,0,66,,66718,53,,,0,25,,66692,53,,,0,26,,66715,53,,,0,65,,66682,53,,,0,25,,66705,53,,,0,65,,66689,53,,,0,26,,66721,53,,,0,25,,66694,53,,,0,68,,66714,53,,,0,25,,66676,53,,,0,59,,66674,53,,,0,18,,66704,53,,,0,20,,66698,53,,,0,56,,66675,53,,,0,17,,66719,53,,,0,17,,66690,53,,,0,20,,66677,53,,,0,58,,66711,53,,,0,18,,66679,53,,,0,20,,66678,53,,,0,58,,66703,53,,,0,21,,66691,53,,,0,23,,66717,53,,,0,54,,66683,53,,,0,17,,66686,53,,,0,20,,66709,53,,,0,70,,66684,53,,,0,34,,66687,53,,,0,70,,66685,53,,,0,34,,66710,53,,,0,69,,66699,53,,,0,35,,66700,53,,,0,67,,66701,53,,,0,28,,66708,53,,,0,85,,66707,53,,,0
1101,'5365',732,,66722,53,,,0,85,,66727,53,,,0,86,,66724,53,,,0,46,,66723,53,,,0,76,,66725,53,,,0,32,,66726,53,,,0,71,,66728,53,,,0,30,,66729,53,,,0,68,,66730,53,,,0,30,,66731,53,,,0,71,,66733,53,,,0,27,,66735,53,,,0,70,,66734,53,,,0,30,,66732,53,,,0,71,,66736,53,,,0,30,,66737,53,,,0,69,,66738,53,,,0,30,,66739,53,,,0,70,,66741,53,,,0,29,,66740,53,,,0,70,,66743,53,,,0,29,,66742,53,,,0,70,,66745,53,,,0,35,,66744,53,,,0,83,,66746,53,,,0,80,,66747,53,,,0,84,,66748,53,,,0,43,,66749,53,,,0,78,,66750,53,,,0,78,,66751,53,,,0
1101,'5390',732,,66752,53,,,0,85,,66757,53,,,0,86,,66754,53,,,0,46,,66753,53,,,0,76,,66755,53,,,0,32,,66756,53,,,0,71,,66758,53,,,0,30,,66759,53,,,0,68,,66760,53,,,0,30,,66761,53,,,0,71,,66763,53,,,0,27,,66765,53,,,0,70,,66764,53,,,0,30,,66762,53,,,0,71,,66766,53,,,0,30,,66767,53,,,0,69,,66768,53,,,0,30,,66769,53,,,0,70,,66771,53,,,0,29,,66770,53,,,0,70,,66773,53,,,0,29,,66772,53,,,0,70,,66775,53,,,0,35,,66774,53,,,0,83,,66776,53,,,0,80,,66777,53,,,0,84,,66778,53,,,0,43,,66779,53,,,0,78,,66780,53,,,0,78,,66781,53,,,0
