1000,'5036',550,,38927,7,,,0,100,,38926,21,,,0,84,,38918,21,,,0,78,,38917,21,,,0,39,,38916,21,,,0,82,,38919,21,,,0,79,,38915,21,,,0,96,,38922,21,,,0,115,,38920,21,,,0,91,,38914,21,,,0,36,,38923,21,,,0,87,,38913,21,,,0,84,,38925,21,,,0,97,,38912,21,,,0,82,,38924,21,,,0,44,,38911,21,,,0,77,,38921,21,,,0,21,,38910,21,,,0,69,,38908,21,,,0,92,,38909,21,,,0
1000,'5040',550,,38947,7,,,0,100,,38946,21,,,0,84,,38938,21,,,0,78,,38937,21,,,0,39,,38936,21,,,0,82,,38939,21,,,0,79,,38935,21,,,0,96,,38942,21,,,0,115,,38940,21,,,0,91,,38934,21,,,0,36,,38943,21,,,0,87,,38933,21,,,0,84,,38945,21,,,0,97,,38932,21,,,0,82,,38944,21,,,0,44,,38931,21,,,0,77,,38941,21,,,0,21,,38930,21,,,0,69,,38928,21,,,0,92,,38929,21,,,0
1000,'5041',650,,38958,7,,,0,96,,38957,21,,,0,102,,38961,21,,,0,103,,38948,21,,,0,97,,38951,21,,,0,109,,38954,21,,,0,152,,38953,21,,,0,98,,38949,21,,,0,101,,38952,21,,,0,100,,38950,21,,,0,102,,38955,21,,,0,101,,38956,21,,,0,97,,38959,21,,,0,98,,38960,21,,,0
1000,'5078',745,,38966,21,,,0,101,,38965,21,,,0,101,,38963,21,,,0,105,,38962,21,,,0,102,,38969,21,,,0,152,,38968,21,,,0,50,,38964,21,,,0,148,,38967,21,,,0,99,,38971,21,,,0,98,,38970,21,,,0,101,,38973,21,,,0,104,,38972,21,,,0,98,,38974,21,,,0
1000,'5079',745,,38979,21,,,0,101,,38978,21,,,0,101,,38976,21,,,0,105,,38975,21,,,0,102,,38982,21,,,0,152,,38981,21,,,0,50,,38977,21,,,0,148,,38980,21,,,0,99,,38984,21,,,0,98,,38983,21,,,0,101,,38986,21,,,0,104,,38985,21,,,0,98,,38987,21,,,0
2201,'5036',628,,41433,59,,,0,29,,41423,59,,,0,93,,41417,52,,,0,67,,41422,65,,,0,33,,41434,65,,,0,71,,41424,65,,,0,98,,41418,65,,,0,30,,41421,65,,,0,70,,41435,65,,,0,99,,41438,65,,,0,30,,41416,52,,,0,69,,41425,52,,,0,100,,41426,52,,,0,32,,41439,52,,,0,102,,41427,52,,,0,71,,41436,52,,,0,30,,41428,52,,,0,98,,41419,52,,,0,75,,41429,52,,,0,97,,41430,52,,,0,31,,41420,52,,,0,100,,41437,52,,,0,70,,41432,52,,,0
2201,'5040',628,,41457,59,,,0,29,,41447,59,,,0,93,,41441,52,,,0,67,,41446,65,,,0,33,,41458,65,,,0,71,,41448,65,,,0,98,,41442,65,,,0,30,,41445,65,,,0,70,,41459,65,,,0,99,,41462,65,,,0,30,,41440,52,,,0,69,,41449,52,,,0,100,,41450,52,,,0,32,,41463,52,,,0,102,,41451,52,,,0,71,,41460,52,,,0,30,,41452,52,,,0,98,,41443,52,,,0,75,,41453,52,,,0,97,,41454,52,,,0,31,,41444,52,,,0,100,,41461,52,,,0,70,,41456,52,,,0
2201,'5041',744,,41474,52,,,0,79,,41485,52,,,0,30,,41470,52,,,0,69,,41464,52,,,0,31,,41473,52,,,0,70,,41486,52,,,0,29,,41469,52,,,0,70,,41468,52,,,0,31,,41471,52,,,0,69,,41466,52,,,0,29,,41490,52,,,0,70,,41467,52,,,0,29,,41472,52,,,0,70,,41465,52,,,0,30,,41478,52,,,0,70,,41489,52,,,0,29,,41480,52,,,0,71,,41476,52,,,0,31,,41479,52,,,0,74,,41481,52,,,0,30,,41477,52,,,0,71,,41475,52,,,0,30,,41483,52,,,0,70,,41482,52,,,0,27,,41488,52,,,0,68,,41484,52,,,0,32,,41491,52,,,0,70,,41487,52,,,0
2201,'5078',813,,41501,52,,,0,40,,41502,52,,,0,70,,41494,52,,,0,28,,41495,52,,,0,70,,41504,52,,,0,30,,41503,52,,,0,69,,41493,52,,,0,31,,41497,52,,,0,70,,41498,52,,,0,30,,41496,52,,,0,69,,41500,52,,,0,30,,41499,52,,,0,70,,41506,52,,,0,30,,41507,52,,,0,70,,41505,52,,,0,30,,41509,52,,,0,73,,41508,52,,,0,30,,41511,52,,,0,70,,41510,52,,,0,30,,41512,52,,,0,71,,41513,52,,,0,30,,41514,52,,,0
2201,'5079',813,,41526,52,,,0,40,,41527,52,,,0,70,,41519,52,,,0,28,,41520,52,,,0,70,,41529,52,,,0,30,,41528,52,,,0,69,,41518,52,,,0,31,,41522,52,,,0,70,,41523,52,,,0,30,,41521,52,,,0,69,,41525,52,,,0,30,,41524,52,,,0,70,,41531,52,,,0,30,,41532,52,,,0,70,,41530,52,,,0,30,,41534,52,,,0,73,,41533,52,,,0,30,,41536,52,,,0,70,,41535,52,,,0,30,,41537,52,,,0,71,,41538,52,,,0,30,,41539,52,,,0
1002201,'5036',730,,48588,53,,,0,219,,48587,53,,,0,200,,48583,53,,,0,198,,48585,40,,,0,175,,48582,40,,,0,200,,48589,40,,,0,130,,48586,40,,,0,171,,48584,40,,,0
1002201,'5040',730,,48597,53,,,0,219,,48596,53,,,0,200,,48592,53,,,0,198,,48594,40,,,0,175,,48591,40,,,0,200,,48598,40,,,0,130,,48595,40,,,0,171,,48593,40,,,0
