5501,'4487',852,,14681,,,0,251,,14678,,,0,206,,14679,,,0,206,,14680,,,0,209,,14676,,,0,204,,14677,,,0
5501,'4743',852,,14687,,,0,251,,14684,,,0,206,,14685,,,0,206,,14686,,,0,209,,14682,,,0,204,,14683,,,0
5501,'4744',649,,14691,,,0,170,,14690,,,0,204,,14688,,,0,136,,14689,,,0,200,,14693,,,0,145,,14692,,,0,196,,14694,,,0,153,,14695,,,0,192,,14696,,,0
5501,'4745',850,,14697,,,0,252,,14699,,,0,206,,14700,,,0,205,,14698,,,0,210,,14702,,,0,203,,14701,,,0
5501,'4870',649,,14706,,,0,170,,14705,,,0,204,,14703,,,0,136,,14704,,,0,200,,14708,,,0,145,,14707,,,0,196,,14709,,,0,153,,14710,,,0,192,,14711,,,0
5501,'4875',649,,14715,,,0,170,,14714,,,0,204,,14712,,,0,136,,14713,,,0,200,,14717,,,0,145,,14716,,,0,196,,14718,,,0,153,,14719,,,0,192,,14720,,,0
5501,'4876',852,,14726,,,0,251,,14723,,,0,206,,14724,,,0,206,,14725,,,0,209,,14721,,,0,204,,14722,,,0
5501,'4877',850,,14727,,,0,252,,14729,,,0,206,,14730,,,0,205,,14728,,,0,210,,14732,,,0,203,,14731,,,0
6401,'4744',648,,16309,,,0,579,,16308,,,0,501,,16312,0,34 35 36,0
6401,'4870',648,,16316,,,0,579,,16315,,,0,501,,16319,0,34 35 36,0
6401,'4875',648,,16323,,,0,579,,16322,,,0,501,,16326,0,34 35 36,0
