1700,'5036',822,,40938,33,,,0
1700,'5040',822,,40939,33,,,0
2600,'5036',617,,41867,41,,,0,30,,41854,41,,,0,62,,41855,41,,,0,20,,41864,41,,,0,12,,41865,41,,,0,17,,41858,41,,,0,47,,41869,41,,,0,7,,41863,41,,,0,9,,41922,41,,,0,8,,41861,41,,,0,8,,41862,21,,,0,8,,41866,41,,,0,14,,41860,41,,,0,55,,41868,41,,,0,15,,41856,41,,,0,15,,41857,41,,,0,15,,41870,41,,,0,56,,41871,41,,,0,16,,41859,41,,,0,16,,41872,41,,,0,55,,41883,41,,,0,15,,41873,41,,,0,15,,41874,41,,,0,17,,41878,41,,,0,55,,41897,41,,,0,16,,41889,41,,,0,16,,41885,41,,,0,15,,41893,41,,,0,54,,41884,41,,,0,14,,41875,41,,,0,15,,41880,41,,,0,15,,41896,41,,,0,56,,41877,41,,,0,10,,41925,21,,,0,5,,41876,41,,,0,16,,41898,41,,,0,14,,41879,41,,,0,53,,41887,41,,,0,13,,41881,41,,,0,7,,41926,21,,,0,5,,41882,41,,,0,14,,41886,41,,,0,15,,41924,41,,,0,52,,41891,41,,,0,10,,41895,41,,,0,11,,41892,41,,,0,13,,41888,41,,,0,14,,41890,41,,,0,51,,41894,41,,,0,10,,41903,41,,,0,11,,41900,41,,,0,11,,41901,41,,,0,13,,41902,41,,,0,53,,41923,41,,,0,15,,41899,41,,,0,12,,41918,41,,,0,15,,41919,41,,,0,54,,41904,41,,,0,15,,41909,41,,,0,14,,41912,41,,,0,15,,41914,41,,,0,59,,41906,41,,,0,20,,41915,41,,,0,20,,41907,41,,,0,60,,41908,41,,,0,20,,41905,41,,,0,81,,41913,41,,,0,31,,41910,41,,,0,68,,41917,41,,,0,30,,41921,41,,,0,68,,41920,41,,,0,30,,41916,41,,,0,69,,41911,41,,,0
2600,'5040',617,,41940,41,,,0,30,,41927,41,,,0,62,,41928,41,,,0,20,,41937,41,,,0,12,,41938,41,,,0,17,,41931,41,,,0,47,,41942,41,,,0,7,,41936,41,,,0,9,,41997,41,,,0,8,,41934,41,,,0,8,,41935,21,,,0,8,,41939,41,,,0,14,,41933,41,,,0,55,,41941,41,,,0,15,,41929,41,,,0,15,,41930,41,,,0,15,,41943,41,,,0,56,,41944,41,,,0,16,,41932,41,,,0,16,,41945,41,,,0,55,,41956,41,,,0,15,,41946,41,,,0,15,,41947,41,,,0,17,,41951,41,,,0,55,,41970,41,,,0,16,,41962,41,,,0,16,,41958,41,,,0,15,,41966,41,,,0,54,,41957,41,,,0,14,,41948,41,,,0,15,,41953,41,,,0,15,,41969,41,,,0,56,,41950,41,,,0,10,,42000,21,,,0,5,,41949,41,,,0,16,,41971,41,,,0,14,,41952,41,,,0,53,,41960,41,,,0,13,,41954,41,,,0,7,,42001,21,,,0,5,,41955,41,,,0,14,,41959,41,,,0,15,,41999,41,,,0,52,,41964,41,,,0,10,,41968,41,,,0,11,,41965,41,,,0,13,,41961,41,,,0,14,,41963,41,,,0,51,,41967,41,,,0,10,,41976,41,,,0,11,,41973,41,,,0,11,,41974,41,,,0,13,,41975,41,,,0,53,,41998,41,,,0,15,,41972,41,,,0,12,,41993,41,,,0,15,,41994,41,,,0,54,,41977,41,,,0,15,,41982,41,,,0,14,,41985,41,,,0,15,,41988,41,,,0,59,,41979,41,,,0,20,,41989,41,,,0,20,,41980,41,,,0,60,,41981,41,,,0,20,,41978,41,,,0,18,,41992,41,,,0,63,,41986,41,,,0,31,,41983,41,,,0,68,,41991,41,,,0,30,,41996,41,,,0,68,,41995,41,,,0,30,,41990,41,,,0,69,,41984,41,,,0,100,,41987,41,,,0
2600,'5041',700,,42003,41,,,0,31,,42004,41,,,0,70,,42005,41,,,0,18,,42006,41,,,0,17,,42007,41,,,0,19,,42008,41,,,0,58,,42009,41,,,0,18,,42010,41,,,0,17,,42011,41,,,0,58,,42012,41,,,0,17,,42013,41,,,0,18,,42014,41,,,0,17,,42015,41,,,0,58,,42016,41,,,0,18,,42017,41,,,0,17,,42002,41,,,0,59,,42018,41,,,0,19,,42019,41,,,0,17,,42020,41,,,0,57,,42021,41,,,0,17,,42022,41,,,0,17,,42023,41,,,0,17,,42024,41,,,0,57,,42025,41,,,0,18,,42026,41,,,0,16,,42027,41,,,0,56,,42028,41,,,0,18,,42029,41,,,0,17,,42030,41,,,0,18,,42031,41,,,0,57,,42032,41,,,0,16,,42033,41,,,0,15,,42034,41,,,0,14,,42035,41,,,0,55,,42036,41,,,0,16,,42037,41,,,0,16,,42038,41,,,0,16,,42039,41,,,0,55,,42040,41,,,0,17,,42041,41,,,0,17,,42042,41,,,0,60,,42043,41,,,0,19,,42044,41,,,0,20,,42045,41,,,0,59,,42046,41,,,0,20,,42047,41,,,0,19,,42048,41,,,0,59,,42049,41,,,0,19,,42050,41,,,0,20,,42051,41,,,0,65,,42052,41,,,0,29,,42053,41,,,0,70,,42054,41,,,0,30,,42055,41,,,0,69,,42056,41,,,0,30,,42057,41,,,0,69,,42058,41,,,0,101,,42059,41,,,0
2600,'5075',2143,,42060,41,,,0
2600,'5076',2143,,42061,41,,,0
2600,'5078',722,,42078,41,,,0,27,,42086,41,,,0,61,,42068,41,,,0,24,,42062,41,,,0,24,,42080,41,,,0,61,,42087,41,,,0,27,,42069,41,,,0,65,,42063,41,,,0,20,,42081,41,,,0,24,,42072,41,,,0,60,,42064,41,,,0,18,,42070,41,,,0,18,,42066,41,,,0,60,,42079,41,,,0,19,,42067,41,,,0,20,,42084,41,,,0,58,,42065,41,,,0,18,,42082,41,,,0,19,,42074,41,,,0,58,,42077,41,,,0,20,,42075,41,,,0,18,,42085,41,,,0,17,,42071,41,,,0,58,,42083,41,,,0,18,,42073,41,,,0,17,,42076,41,,,0,58,,42092,41,,,0,18,,42096,41,,,0,16,,42089,41,,,0,58,,42098,41,,,0,18,,42091,41,,,0,18,,42094,41,,,0,17,,42090,41,,,0,56,,42099,41,,,0,16,,42088,41,,,0,20,,42097,41,,,0,59,,42093,41,,,0,18,,42095,41,,,0,18,,42103,41,,,0,60,,42101,41,,,0,19,,42105,41,,,0,20,,42102,41,,,0,19,,42104,41,,,0,60,,42106,41,,,0,20,,42100,41,,,0,70,,42108,41,,,0,28,,42107,41,,,0,70,,42109,41,,,0,30,,42110,41,,,0
2600,'5079',722,,42127,41,,,0,27,,42135,41,,,0,61,,42117,41,,,0,24,,42111,41,,,0,24,,42129,41,,,0,61,,42136,41,,,0,27,,42118,41,,,0,65,,42112,41,,,0,20,,42130,41,,,0,24,,42121,41,,,0,60,,42113,41,,,0,18,,42119,41,,,0,18,,42115,41,,,0,60,,42128,41,,,0,19,,42116,41,,,0,20,,42133,41,,,0,58,,42114,41,,,0,18,,42131,41,,,0,19,,42123,41,,,0,58,,42126,41,,,0,20,,42124,41,,,0,18,,42134,41,,,0,17,,42120,41,,,0,58,,42132,41,,,0,18,,42122,41,,,0,17,,42125,41,,,0,58,,42141,41,,,0,18,,42145,41,,,0,16,,42138,41,,,0,58,,42147,41,,,0,18,,42140,41,,,0,18,,42143,41,,,0,17,,42139,41,,,0,56,,42148,41,,,0,16,,42137,41,,,0,20,,42146,41,,,0,59,,42142,41,,,0,18,,42144,41,,,0,18,,42152,41,,,0,60,,42150,41,,,0,19,,42154,41,,,0,20,,42151,41,,,0,19,,42153,41,,,0,60,,42155,41,,,0,20,,42149,41,,,0,70,,42157,41,,,0,28,,42156,41,,,0,70,,42158,41,,,0,30,,42159,41,,,0
3900,'5036',700,,44253,29,,,0,37,,44254,29,,,0,63,,44257,23,,,0,12,,44260,29,,,0,13,,44256,29,,,0,15,,44255,29,,,0,70,,44258,29,,,0,36,,44259,29,,,0,66,,44263,29,,,0,30,,44261,29,,,0,69,,44262,29,,,0,30,,44264,29,,,0,71,,44265,29,,,0,31,,44267,29,,,0,70,,44266,29,,,0,31,,44268,29,,,0,71,,44269,29,,,0,33,,44271,29,,,0,73,,44270,29,,,0,37,,44272,29,,,0,70,,44274,29,,,0,31,,44273,29,,,0,69,,44275,29,,,0,28,,44276,29,,,0,73,,44277,29,,,0,78,,44281,29,,,0,37,,44278,29,,,0,82,,44279,29,,,0,107,,44280,29,,,0
3900,'5040',700,,44282,29,,,0,37,,44283,29,,,0,63,,44286,23,,,0,12,,44289,29,,,0,13,,44285,29,,,0,15,,44284,29,,,0,70,,44287,29,,,0,36,,44288,29,,,0,66,,44292,29,,,0,30,,44290,29,,,0,69,,44291,29,,,0,30,,44293,29,,,0,71,,44294,29,,,0,31,,44296,29,,,0,70,,44295,29,,,0,31,,44297,29,,,0,71,,44298,29,,,0,33,,44300,29,,,0,73,,44299,29,,,0,37,,44301,29,,,0,70,,44303,29,,,0,31,,44302,29,,,0,69,,44304,29,,,0,28,,44305,29,,,0,73,,44306,29,,,0,78,,44310,29,,,0,37,,44307,29,,,0,82,,44308,29,,,0,107,,44309,29,,,0
3900,'5041',723,,44312,23,,,0,127,,44313,23,,,0,101,,44317,23,,,0,102,,44321,23,,,0,100,,44311,23,,,0,100,,44315,23,,,0,100,,44318,23,,,0,100,,44322,23,,,0,100,,44314,23,,,0,100,,44316,23,,,0,100,,44319,23,,,0,98,,44323,23,,,0,99,,44320,23,,,0
3900,'5078',849,,44325,23,,,0,103,,44324,23,,,0,100,,44326,23,,,0,100,,44328,23,,,0,100,,44327,23,,,0,100,,44332,23,,,0,100,,44329,23,,,0,100,,44330,23,,,0,100,,44331,23,,,0,100,,44333,23,,,0,100,,44334,23,,,0,99,,44335,23,,,0
3900,'5079',849,,44337,23,,,0,103,,44336,23,,,0,100,,44338,23,,,0,100,,44340,23,,,0,100,,44339,23,,,0,100,,44344,23,,,0,100,,44341,23,,,0,100,,44342,23,,,0,100,,44343,23,,,0,100,,44345,23,,,0,100,,44346,23,,,0,99,,44347,23,,,0
4000,'5036',657,,44460,36,,,0,85,,44451,36,,,0,67,,44456,36,,,0,31,,44461,36,,,0,106,,44449,36,,,0,98,,44458,36,,,0,101,,44452,36,,,0,100,,44459,36,,,0,100,,44450,36,,,0,100,,44462,36,,,0,104,,44454,36,,,0,75,,44447,36,,,0,76,,44463,36,,,0,24,,44448,36,,,0,33,,44453,36,,,0,96,,44464,36,,,0,99,,44455,36,,,0,169,,44457,36,,,0,381,,44465,36,,,0
4000,'5040',657,,44479,36,,,0,85,,44470,36,,,0,67,,44475,36,,,0,31,,44480,36,,,0,106,,44468,36,,,0,98,,44477,36,,,0,101,,44471,36,,,0,100,,44478,36,,,0,100,,44469,36,,,0,100,,44481,36,,,0,104,,44473,36,,,0,75,,44466,36,,,0,76,,44482,36,,,0,24,,44467,36,,,0,33,,44472,36,,,0,96,,44483,36,,,0,99,,44474,36,,,0,169,,44476,36,,,0,381,,44484,36,,,0
4000,'5041',736,,44494,36,,,0,173,,44495,36,,,0,100,,44485,36,,,0,102,,44488,36,,,0,100,,44490,36,,,0,101,,44496,36,,,0,101,,44486,36,,,0,101,,44487,36,,,0,100,,44491,36,,,0,100,,44497,36,,,0,97,,44489,36,,,0,98,,44493,36,,,0,100,,44492,36,,,0,93,,44498,36,,,0
4000,'5078',833,,44500,36,,,0,176,,44499,36,,,0,101,,44501,36,,,0,100,,44502,36,,,0,101,,44503,36,,,0,101,,44504,36,,,0,101,,44507,36,,,0,100,,44506,36,,,0,100,,44505,36,,,0,98,,44508,36,,,0,98,,44509,36,,,0,99,,44510,36,,,0
4000,'5079',833,,44512,36,,,0,176,,44511,36,,,0,101,,44513,36,,,0,100,,44514,36,,,0,101,,44515,36,,,0,101,,44516,36,,,0,101,,44519,36,,,0,100,,44518,36,,,0,100,,44517,36,,,0,98,,44520,36,,,0,98,,44521,36,,,0,99,,44522,36,,,0
24005100,'5036',711,,48860,29,,,0,23,,48859,29,,,0,72,,48857,29,,,0,27,,48855,29,,,0,686,,48854,29,,,0,107,,48861,29,,,0,25,,48858,29,,,0,70,,48856,29,,,0
24005100,'5040',711,,48868,29,,,0,23,,48867,29,,,0,72,,48865,29,,,0,27,,48863,29,,,0,686,,48862,29,,,0,107,,48869,29,,,0,25,,48866,29,,,0,70,,48864,29,,,0
