2200,'4744',1233,,8170,0,21 22,0,70,,8162,0,21 22,0,30,,8178,0,21 22,0,70,,8156,0,21 22,0,104,,8173,0,21 22,0,32,,8167,0,21 22,0,77,,8180,0,21 22,0,101,,8168,0,21 22,0,94,,8164,0,21 22,0
2200,'4947',1233,,8222,0,21 22,0,70,,8214,0,21 22,0,30,,8230,0,21 22,0,70,,8208,0,21 22,0,104,,8225,0,21 22,0,32,,8219,0,21 22,0,77,,8232,0,21 22,0,101,,8220,0,21 22,0,94,,8216,0,21 22,0
2200,'4952',1233,,8253,0,21 22,0,70,,8245,0,21 22,0,30,,8261,0,21 22,0,70,,8239,0,21 22,0,104,,8256,0,21 22,0,32,,8250,0,21 22,0,77,,8263,0,21 22,0,101,,8251,0,21 22,0,94,,8247,0,21 22,0
2201,'4744',722,,8382,,,0,25,,8394,,,0,76,,8384,,,0,106,,8378,,,0,29,,8381,,,0,69,,8395,,,0,98,,8398,,,0
2201,'4947',722,,8431,,,0,25,,8443,,,0,76,,8433,,,0,106,,8427,,,0,29,,8430,,,0,69,,8444,,,0,98,,8447,,,0
2201,'4952',722,,8455,,,0,25,,8467,,,0,76,,8457,,,0,106,,8451,,,0,29,,8454,,,0,69,,8468,,,0,98,,8471,,,0
3801,'4744',647,,12856,,,0,69,,12857,,,0,28,,12860,,,0,67,,12858,,,0,35,,12876,,,0,86,,12859,,,0,90,,12861,,,0,97,,12862,,,0,101,,12863,,,0,102,,12864,,,0,103,,12865,,,0,103,,12866,,,0,90,,12867,,,0,33,,12868,,,0,67,,12869,,,0,26,,12870,,,0,67,,12872,,,0,29,,12873,,,0,76,,12871,,,0,100,,12874,,,0,104,,12875,,,0
3801,'4947',647,,12877,,,0,69,,12878,,,0,28,,12881,,,0,67,,12879,,,0,35,,12897,,,0,86,,12880,,,0,90,,12882,,,0,97,,12883,,,0,101,,12884,,,0,102,,12885,,,0,103,,12886,,,0,103,,12887,,,0,90,,12888,,,0,33,,12889,,,0,67,,12890,,,0,26,,12891,,,0,67,,12893,,,0,29,,12894,,,0,76,,12892,,,0,100,,12895,,,0,104,,12896,,,0
3801,'4952',647,,12898,,,0,69,,12899,,,0,28,,12902,,,0,67,,12900,,,0,35,,12918,,,0,86,,12901,,,0,90,,12903,,,0,97,,12904,,,0,101,,12905,,,0,102,,12906,,,0,103,,12907,,,0,103,,12908,,,0,90,,12909,,,0,33,,12910,,,0,67,,12911,,,0,26,,12912,,,0,67,,12914,,,0,29,,12915,,,0,76,,12913,,,0,100,,12916,,,0,104,,12917,,,0
5301,'4487',736,,14421,,,0,200,,14422,,,0,212,,14420,,,0,258,,14417,,,0,210,,14418,,,0,210,,14419,,,0,202,,14416,,,0
5301,'4744',741,,14432,,,0,116,,14430,,,0,200,,14431,,,0,170,,14435,,,0,173,,14434,,,0,153,,14436,,,0,97,,14433,,,0,173,,14437,,,0,128,,14438,,,0,170,,14439,,,0
5301,'4745',736,,14443,,,0,200,,14440,,,0,212,,14441,,,0,258,,14444,,,0,210,,14442,,,0,210,,14445,,,0,202,,14446,,,0
5301,'4947',741,,14449,,,0,116,,14447,,,0,200,,14448,,,0,170,,14452,,,0,173,,14451,,,0,153,,14453,,,0,97,,14450,,,0,173,,14454,,,0,128,,14455,,,0,170,,14456,,,0
5301,'4952',741,,14459,,,0,116,,14457,,,0,200,,14458,,,0,170,,14462,,,0,173,,14461,,,0,153,,14463,,,0,97,,14460,,,0,173,,14464,,,0,128,,14465,,,0,170,,14466,,,0
5301,'4953',736,,14472,,,0,200,,14473,,,0,212,,14471,,,0,258,,14468,,,0,210,,14469,,,0,210,,14470,,,0,202,,14467,,,0
5301,'4954',736,,14477,,,0,200,,14474,,,0,212,,14475,,,0,258,,14478,,,0,210,,14476,,,0,210,,14479,,,0,202,,14480,,,0
1002200,'4744',1153,,19866,0,21 22,0,278,,19867,0,21 22,0,207,,19865,0,21 22,0,96,,19870,0,21 22,0,192,,19868,0,21 22,0
1002200,'4947',1153,,19872,0,21 22,0,278,,19873,0,21 22,0,207,,19871,0,21 22,0,96,,19876,0,21 22,0,192,,19874,0,21 22,0
1002200,'4952',1153,,19878,0,21 22,0,278,,19879,0,21 22,0,207,,19877,0,21 22,0,96,,19882,0,21 22,0,192,,19880,0,21 22,0
1002201,'4744',646,,19890,,,0,255,,19889,,,0,200,,19885,,,0
1002201,'4947',646,,19898,,,0,255,,19897,,,0,200,,19893,,,0
1002201,'4952',646,,19909,,,0,255,,19908,,,0,200,,19904,,,0
