7501,'4487',733,,17409,,,0,100,,17410,,,0,108,,17411,,,0,103,,17412,,,0,100,,17413,,,0,70,,17414,,,0,30,,17415,,,0,70,,17416,,,0,30,,17417,,,0,74,,17418,,,0,30,,17419,,,0,70,,17420,,,0,30,,17421,,,0,70,,17422,,,0,30,,17423,,,0,96,,17424,,,0,97,,17425,,,0,99,,17426,,,0,100,,17427,,,0,100,,17428,,,0,94,,17429,0,28 29 14,0,100,,17430,0,28 29 14,0
7501,'4743',733,,17432,,,0,100,,17433,,,0,108,,17434,,,0,103,,17435,,,0,100,,17436,,,0,70,,17437,,,0,30,,17438,,,0,70,,17439,,,0,30,,17440,,,0,74,,17441,,,0,30,,17442,,,0,70,,17443,,,0,30,,17444,,,0,70,,17445,,,0,30,,17446,,,0,96,,17447,,,0,97,,17448,,,0,99,,17449,,,0,100,,17450,,,0,100,,17451,,,0,94,,17452,0,28 29 14,0,100,,17453,0,28 29 14,0
7501,'4744',535,,17454,,,0,68,,17455,,,0,23,,17456,,,0,17,,17457,,,0,63,,17458,,,0,25,,17459,,,0,17,,17460,,,0,61,,17461,,,0,25,,17462,,,0,69,,17463,,,0,40,,17464,,,0,70,,17465,,,0,32,,17466,,,0,69,,17467,,,0,30,,17468,,,0,70,,17469,,,0,30,,17470,,,0,70,,17471,,,0,30,,17472,,,0,71,,17473,,,0,30,,17474,,,0,63,,17490,,,0,9,,17475,,,0,18,,17476,,,0,14,,17477,,,0,54,,17478,,,0,16,,17480,,,0,28,,17481,,,0,68,,17482,,,0,30,,17483,,,0,99,,17484,,,0,97,,17485,,,0,100,,17486,,,0,99,,17487,,,0,94,,17488,0,28 29 14,0,98,,17489,0,28 29 14,0
7501,'4745',732,,17492,0,28 29 14,0,102,,17493,,,0,105,,17494,,,0,101,,17495,,,0,102,,17496,,,0,71,,17497,,,0,30,,17498,,,0,70,,17499,,,0,30,,17500,,,0,70,,17501,,,0,31,,17502,,,0,70,,17503,,,0,30,,17504,,,0,100,,17505,,,0,102,,17506,,,0,100,,17507,,,0,100,,17508,,,0,99,,17509,,,0,100,,17510,,,0,90,,17511,0,28 29 14,0,112,,17512,0,28 29 14,0
7501,'4870',535,,17513,,,0,68,,17514,,,0,23,,17515,,,0,17,,17516,,,0,63,,17517,,,0,25,,17518,,,0,17,,17519,,,0,61,,17520,,,0,25,,17521,,,0,69,,17522,,,0,40,,17523,,,0,70,,17524,,,0,32,,17525,,,0,69,,17526,,,0,30,,17527,,,0,70,,17528,,,0,30,,17529,,,0,70,,17530,,,0,30,,17531,,,0,71,,17532,,,0,30,,17533,,,0,63,,17547,,,0,9,,17534,,,0,18,,17535,,,0,14,,17536,,,0,54,,17537,,,0,16,,17539,,,0,28,,17540,,,0,68,,17541,,,0,30,,17542,,,0,99,,17543,,,0,197,,17544,,,0,99,,17545,,,0,192,,17546,0,28 29 14,0
7501,'4872',1941,,17548,,,0,293,,17549,0,28 29 14,0
7501,'4873',1941,,17550,,,0,293,,17551,0,28 29 14,0
7501,'4875',535,,17552,,,0,68,,17553,,,0,23,,17554,,,0,17,,17555,,,0,63,,17556,,,0,25,,17557,,,0,17,,17558,,,0,61,,17559,,,0,25,,17560,,,0,69,,17561,,,0,40,,17562,,,0,70,,17563,,,0,32,,17564,,,0,69,,17565,,,0,30,,17566,,,0,70,,17567,,,0,30,,17568,,,0,70,,17569,,,0,30,,17570,,,0,71,,17571,,,0,30,,17572,,,0,63,,17588,,,0,9,,17573,,,0,18,,17574,,,0,14,,17575,,,0,54,,17576,,,0,16,,17578,,,0,28,,17579,,,0,68,,17580,,,0,30,,17581,,,0,99,,17582,,,0,97,,17583,,,0,100,,17584,,,0,99,,17585,,,0,94,,17586,0,28 29 14,0,98,,17587,0,28 29 14,0
7501,'4876',733,,17590,,,0,100,,17591,,,0,108,,17592,,,0,103,,17593,,,0,100,,17594,,,0,70,,17595,,,0,30,,17596,,,0,70,,17597,,,0,30,,17598,,,0,74,,17599,,,0,30,,17600,,,0,70,,17601,,,0,30,,17602,,,0,70,,17603,,,0,30,,17604,,,0,96,,17605,,,0,97,,17606,,,0,99,,17607,,,0,100,,17608,,,0,100,,17609,,,0,94,,17610,0,28 29 14,0,100,,17611,0,28 29 14,0
7501,'4877',732,,17613,0,28 29 14,0,102,,17614,,,0,105,,17615,,,0,101,,17616,,,0,102,,17617,,,0,71,,17618,,,0,30,,17619,,,0,70,,17620,,,0,30,,17621,,,0,70,,17622,,,0,31,,17623,,,0,70,,17624,,,0,30,,17625,,,0,100,,17626,,,0,102,,17627,,,0,100,,17628,,,0,100,,17629,,,0,99,,17630,,,0,100,,17631,,,0,90,,17632,0,28 29 14,0,112,,17633,0,28 29 14,0
