5200,'4487',659,,13824,4,,0,70,,13823,4,,0,81,,13818,4,,0,35,,13825,4,,0,72,,13820,4,,0,33,,13807,4,,0,70,,13814,4,,0,30,,13833,4,,0,72,,13812,4,,0,35,,13809,4,,0,74,,13815,4,,0,72,,13835,4,,0,35,,13810,4,,0,73,,13808,4,,0,36,,13817,4,,0,66,,13834,4,,0,34,,13813,4,,0,72,,13819,4,,0,35,,13816,4,,0,68,,13831,4,,0,30,,13811,4,,0,68,,13822,4,,0,22,,13828,4,,0,64,,13821,4,,0,24,,13826,4,,0,24,,13830,4,,0,68,,13829,4,,0,28,,13827,4,,0,70,,13832,4,,0,100,,13836,4,,0,93,,13837,4,,0,108,,13838,4,,0
5200,'4743',659,,13856,4,,0,70,,13855,4,,0,81,,13850,4,,0,35,,13857,4,,0,72,,13852,4,,0,33,,13839,4,,0,70,,13846,4,,0,30,,13865,4,,0,72,,13844,4,,0,35,,13841,4,,0,74,,13847,4,,0,72,,13867,4,,0,35,,13842,4,,0,73,,13840,4,,0,36,,13849,4,,0,66,,13866,4,,0,34,,13845,4,,0,72,,13851,4,,0,35,,13848,4,,0,68,,13863,4,,0,30,,13843,4,,0,68,,13854,4,,0,22,,13860,4,,0,64,,13853,4,,0,24,,13858,4,,0,24,,13862,4,,0,68,,13861,4,,0,28,,13859,4,,0,70,,13864,4,,0,100,,13868,4,,0,93,,13869,4,,0,108,,13870,4,,0
5200,'4744',525,,13871,4,,0,31,,13880,4,,0,72,,13874,4,,0,23,,13885,4,,0,68,,13872,4,,0,27,,13893,4,,0,68,,13879,4,,0,22,,13908,4,,0,12,,13873,4,,0,10,,13901,4,,0,53,,13884,4,,0,23,,13875,4,,0,70,,13892,4,,0,26,,13878,4,,0,70,,13876,4,,0,35,,13877,4,,0,71,,13894,4,,0,32,,13881,4,,0,70,,13882,4,,0,36,,13883,4,,0,76,,13891,4,,0,36,,13886,4,,0,74,,13887,4,,0,17,,13907,4,,0,56,,13903,4,,0,29,,13888,4,,0,68,,13890,4,,0,27,,13889,4,,0,27,,13895,4,,0,71,,13904,4,,0,30,,13896,4,,0,73,,13897,4,,0,29,,13898,4,,0,69,,13905,4,,0,26,,13899,4,,0,72,,13900,4,,0,96,,13906,4,,0,98,,13902,4,,0,102,,13909,4,,0
5200,'4745',729,,13932,4,,0,72,,13914,4,,0,41,,13917,4,,0,72,,13931,4,,0,32,,13925,4,,0,72,,13912,4,,0,32,,13916,4,,0,72,,13927,4,,0,31,,13921,4,,0,72,,13911,4,,0,33,,13915,4,,0,70,,13930,4,,0,31,,13923,4,,0,78,,13910,4,,0,70,,13919,4,,0,34,,13929,4,,0,73,,13922,4,,0,33,,13913,4,,0,68,,13918,4,,0,30,,13928,4,,0,68,,13924,4,,0,30,,13926,4,,0,68,,13920,4,,0,29,,13934,4,,0,79,,13933,4,,0,99,,13935,4,,0,98,,13937,4,,0,106,,13936,4,,0
5200,'4870',525,,13938,4,,0,31,,13947,4,,0,72,,13941,4,,0,23,,13952,4,,0,68,,13939,4,,0,27,,13960,4,,0,68,,13946,4,,0,22,,13975,4,,0,12,,13940,4,,0,10,,13968,4,,0,53,,13951,4,,0,23,,13942,4,,0,70,,13959,4,,0,26,,13945,4,,0,70,,13943,4,,0,35,,13944,4,,0,71,,13961,4,,0,32,,13948,4,,0,70,,13949,4,,0,36,,13950,4,,0,76,,13958,4,,0,36,,13953,4,,0,74,,13954,4,,0,17,,13974,4,,0,56,,13970,4,,0,29,,13955,4,,0,68,,13957,4,,0,27,,13956,4,,0,27,,13962,4,,0,71,,13971,4,,0,30,,13963,4,,0,73,,13964,4,,0,29,,13965,4,,0,69,,13972,4,,0,26,,13966,4,,0,72,,13967,4,,0,96,,13973,4,,0,98,,13969,4,,0,102,,13976,4,,0
5200,'4875',525,,13977,4,,0,31,,13986,4,,0,72,,13980,4,,0,23,,13991,4,,0,68,,13978,4,,0,27,,13999,4,,0,68,,13985,4,,0,22,,14014,4,,0,12,,13979,4,,0,10,,14007,4,,0,53,,13990,4,,0,23,,13981,4,,0,70,,13998,4,,0,26,,13984,4,,0,70,,13982,4,,0,35,,13983,4,,0,71,,14000,4,,0,32,,13987,4,,0,70,,13988,4,,0,36,,13989,4,,0,76,,13997,4,,0,28,,14013,4,,0,8,,13992,4,,0,74,,13993,4,,0,73,,14009,4,,0,29,,13994,4,,0,68,,13996,4,,0,27,,13995,4,,0,27,,14001,4,,0,71,,14010,4,,0,30,,14002,4,,0,73,,14003,4,,0,29,,14004,4,,0,69,,14011,4,,0,26,,14005,4,,0,72,,14006,4,,0,96,,14012,4,,0,98,,14008,4,,0,102,,14015,4,,0
5200,'4876',659,,14033,4,,0,70,,14032,4,,0,81,,14027,4,,0,35,,14034,4,,0,72,,14029,4,,0,33,,14016,4,,0,70,,14023,4,,0,30,,14042,4,,0,72,,14021,4,,0,35,,14018,4,,0,74,,14024,4,,0,72,,14044,4,,0,35,,14019,4,,0,73,,14017,4,,0,36,,14026,4,,0,66,,14043,4,,0,34,,14022,4,,0,72,,14028,4,,0,35,,14025,4,,0,68,,14040,4,,0,30,,14020,4,,0,68,,14031,4,,0,22,,14037,4,,0,64,,14030,4,,0,24,,14035,4,,0,24,,14039,4,,0,68,,14038,4,,0,28,,14036,4,,0,70,,14041,4,,0,100,,14045,4,,0,93,,14046,4,,0,108,,14047,4,,0
5200,'4877',729,,14070,4,,0,72,,14052,4,,0,41,,14055,4,,0,72,,14069,4,,0,32,,14063,4,,0,72,,14050,4,,0,32,,14054,4,,0,72,,14065,4,,0,31,,14059,4,,0,72,,14049,4,,0,33,,14053,4,,0,70,,14068,4,,0,31,,14061,4,,0,78,,14048,4,,0,70,,14057,4,,0,34,,14067,4,,0,73,,14060,4,,0,33,,14051,4,,0,68,,14056,4,,0,30,,14066,4,,0,68,,14062,4,,0,30,,14064,4,,0,68,,14058,4,,0,29,,14072,4,,0,79,,14071,4,,0,99,,14073,4,,0,98,,14075,4,,0,106,,14074,4,,0
5201,'4487',640,,14085,,,0,70,,14095,,,0,30,,14093,,,0,70,,14076,,,0,30,,14083,,,0,70,,14102,,,0,30,,14079,,,0,70,,14077,,,0,30,,14084,,,0,70,,14103,,,0,30,,14081,,,0,70,,14078,,,0,35,,14087,,,0,70,,14105,,,0,35,,14082,,,0,75,,14092,,,0,75,,14086,,,0,30,,14104,,,0,70,,14080,,,0,30,,14090,,,0,25,,14098,,,0,65,,14089,,,0,25,,14094,,,0,65,,14091,,,0,30,,14088,,,0,70,,14101,,,0,32,,14096,,,0,70,,14100,,,0,30,,14097,,,0,65,,14099,0,30 14,0,30,,14106,,,0,103,,14107,,,0,100,,14108,,,0
5201,'4743',640,,14118,,,0,70,,14128,,,0,30,,14126,,,0,70,,14109,,,0,30,,14116,,,0,70,,14135,,,0,30,,14112,,,0,70,,14110,,,0,30,,14117,,,0,70,,14136,,,0,30,,14114,,,0,70,,14111,,,0,35,,14120,,,0,70,,14138,,,0,35,,14115,,,0,75,,14125,,,0,75,,14119,,,0,30,,14137,,,0,70,,14113,,,0,30,,14123,,,0,25,,14131,,,0,65,,14122,,,0,25,,14127,,,0,65,,14124,,,0,30,,14121,,,0,70,,14134,,,0,32,,14129,,,0,70,,14133,,,0,30,,14130,,,0,65,,14132,0,30 14,0,30,,14139,,,0,103,,14140,,,0,100,,14141,,,0
5201,'4744',459,,14145,,,0,75,,14142,,,0,76,,14149,,,0,37,,14144,,,0,65,,14155,,,0,23,,14143,,,0,71,,14161,,,0,20,,14169,0,28 37 14,0,8,,14150,,,0,74,,14146,,,0,39,,14147,,,0,69,,14159,,,0,30,,14151,,,0,68,,14148,,,0,34,,14152,,,0,74,,14160,,,0,30,,14153,,,0,70,,14154,,,0,30,,14174,,,0,65,,14156,,,0,24,,14180,0,38 3 39,0,5,,14162,,,0,66,,14157,,,0,35,,14158,,,0,78,,14175,,,0,25,,14163,,,0,65,,14164,,,0,25,,14165,,,0,70,,14166,,,0,30,,14176,,,0,70,,14167,,,0,33,,14168,,,0,69,,14170,,,0,28,,14178,,,0,67,,14171,0,30 14,0,35,,14172,,,0,98,,14177,,,0,100,,14173,,,0
5201,'4745',710,,14188,,,0,30,,14204,,,0,70,,14196,,,0,30,,14183,,,0,70,,14191,,,0,30,,14198,,,0,70,,14193,,,0,30,,14184,,,0,70,,14190,,,0,30,,14199,,,0,70,,14195,,,0,35,,14182,,,0,70,,14189,,,0,35,,14202,,,0,75,,14194,,,0,75,,14185,,,0,30,,14187,,,0,70,,14201,,,0,30,,14192,,,0,70,,14197,,,0,30,,14186,,,0,70,,14200,,,0,40,,14203,,,0,100,,14205,,,0,100,,14206,,,0,100,,14207,,,0,100,,14208,,,0
5201,'4870',459,,14212,,,0,75,,14209,,,0,76,,14216,,,0,37,,14211,,,0,65,,14222,,,0,23,,14210,,,0,71,,14228,,,0,20,,14236,0,28 37 14,0,8,,14217,,,0,74,,14213,,,0,39,,14214,,,0,69,,14226,,,0,30,,14218,,,0,68,,14215,,,0,34,,14219,,,0,74,,14227,,,0,30,,14220,,,0,70,,14221,,,0,30,,14241,,,0,65,,14223,,,0,24,,14247,0,38 3 39,0,5,,14229,,,0,66,,14224,,,0,35,,14225,,,0,78,,14242,,,0,25,,14230,,,0,65,,14231,,,0,25,,14232,,,0,70,,14233,,,0,30,,14243,,,0,70,,14234,,,0,33,,14235,,,0,69,,14237,,,0,28,,14245,,,0,67,,14238,0,30 14,0,35,,14239,,,0,98,,14244,,,0,100,,14240,,,0
5201,'4875',459,,14252,,,0,75,,14249,,,0,76,,14256,,,0,37,,14251,,,0,65,,14262,,,0,23,,14250,,,0,71,,14268,,,0,20,,14276,0,28 37 14,0,8,,14257,,,0,74,,14253,,,0,39,,14254,,,0,69,,14266,,,0,30,,14258,,,0,68,,14255,,,0,34,,14259,,,0,74,,14267,,,0,30,,14260,,,0,70,,14261,,,0,30,,14281,,,0,65,,14263,,,0,24,,14287,0,38 3 39,0,5,,14269,,,0,66,,14264,,,0,35,,14265,,,0,78,,14282,,,0,25,,14270,,,0,65,,14271,,,0,25,,14272,,,0,70,,14273,,,0,30,,14283,,,0,70,,14274,,,0,33,,14275,,,0,69,,14277,,,0,28,,14285,,,0,67,,14278,0,30 14,0,35,,14279,,,0,98,,14284,,,0,100,,14280,,,0
5201,'4876',640,,14297,,,0,70,,14307,,,0,30,,14305,,,0,70,,14288,,,0,30,,14295,,,0,70,,14314,,,0,30,,14291,,,0,70,,14289,,,0,30,,14296,,,0,70,,14315,,,0,30,,14293,,,0,70,,14290,,,0,35,,14299,,,0,70,,14317,,,0,35,,14294,,,0,75,,14304,,,0,75,,14298,,,0,30,,14316,,,0,70,,14292,,,0,30,,14302,,,0,25,,14310,,,0,65,,14301,,,0,25,,14306,,,0,65,,14303,,,0,30,,14300,,,0,70,,14313,,,0,32,,14308,,,0,70,,14312,,,0,30,,14309,,,0,65,,14311,0,30 14,0,30,,14318,,,0,103,,14319,,,0,100,,14320,,,0
5201,'4877',710,,14327,,,0,30,,14343,,,0,70,,14335,,,0,30,,14322,,,0,70,,14330,,,0,30,,14337,,,0,70,,14332,,,0,30,,14323,,,0,70,,14329,,,0,30,,14338,,,0,70,,14334,,,0,35,,14321,,,0,70,,14328,,,0,35,,14341,,,0,75,,14333,,,0,75,,14324,,,0,30,,14326,,,0,70,,14340,,,0,30,,14331,,,0,70,,14336,,,0,30,,14325,,,0,70,,14339,,,0,40,,14342,,,0,100,,14344,,,0,100,,14345,,,0,100,,14346,,,0,100,,14347,,,0
