2201,'5036',553,,41433,11,,,0,68,,41423,11,,,0,88,,41417,4,,,0,24,,41422,17,,,0,67,,41434,17,,,0,34,,41424,17,,,0,105,,41418,17,,,0,69,,41421,17,,,0,30,,41435,17,,,0,98,,41438,17,,,0,69,,41416,4,,,0,29,,41425,4,,,0,99,,41426,4,,,0,71,,41439,4,,,0,98,,41427,4,,,0,33,,41436,4,,,0,71,,41428,4,,,0,100,,41419,4,,,0,37,,41429,4,,,0,101,,41430,4,,,0,71,,41420,4,,,0,103,,41437,4,,,0,31,,41432,4,,,0,89,,41431,4,0,5,0
2201,'5040',553,,41457,11,,,0,68,,41447,11,,,0,88,,41441,4,,,0,24,,41446,17,,,0,67,,41458,17,,,0,34,,41448,17,,,0,105,,41442,17,,,0,69,,41445,17,,,0,30,,41459,17,,,0,98,,41462,17,,,0,69,,41440,4,,,0,29,,41449,4,,,0,99,,41450,4,,,0,71,,41463,4,,,0,98,,41451,4,,,0,33,,41460,4,,,0,71,,41452,4,,,0,100,,41443,4,,,0,37,,41453,4,,,0,101,,41454,4,,,0,71,,41444,4,,,0,103,,41461,4,,,0,31,,41456,4,,,0,89,,41455,4,0,5,0
2201,'5041',711,,41474,4,,,0,38,,41485,4,,,0,68,,41470,4,,,0,29,,41464,4,,,0,70,,41473,4,,,0,30,,41486,4,,,0,67,,41469,4,,,0,29,,41468,4,,,0,71,,41471,4,,,0,28,,41466,4,,,0,68,,41490,4,,,0,30,,41467,4,,,0,67,,41472,4,,,0,30,,41465,4,,,0,70,,41478,4,,,0,32,,41489,4,,,0,69,,41480,4,,,0,32,,41476,4,,,0,71,,41479,4,,,0,34,,41481,4,,,0,71,,41477,4,,,0,31,,41475,4,,,0,70,,41483,4,,,0,33,,41482,4,,,0,68,,41488,4,,,0,28,,41484,4,,,0,73,,41491,4,,,0,31,,41487,4,,,0,88,,41492,4,0,5,0
2201,'5078',739,,41501,4,,,0,80,,41502,4,,,0,29,,41494,4,,,0,67,,41495,4,,,0,30,,41504,4,,,0,69,,41503,4,,,0,29,,41493,4,,,0,69,,41497,4,,,0,30,,41498,4,,,0,70,,41496,4,,,0,28,,41500,4,,,0,69,,41499,4,,,0,30,,41506,4,,,0,70,,41507,4,,,0,31,,41505,4,,,0,70,,41509,4,,,0,35,,41508,4,,,0,70,,41511,4,,,0,30,,41510,4,,,0,70,,41512,4,,,0,33,,41513,4,,,0,70,,41514,4,,,0,91,,41515,4,0,5,0,102,,41516,4,0,5,0,111,,41517,4,0,5,0
2201,'5079',739,,41526,4,,,0,80,,41527,4,,,0,29,,41519,4,,,0,67,,41520,4,,,0,30,,41529,4,,,0,69,,41528,4,,,0,29,,41518,4,,,0,69,,41522,4,,,0,30,,41523,4,,,0,70,,41521,4,,,0,28,,41525,4,,,0,69,,41524,4,,,0,30,,41531,4,,,0,70,,41532,4,,,0,31,,41530,4,,,0,70,,41534,4,,,0,35,,41533,4,,,0,70,,41536,4,,,0,30,,41535,4,,,0,70,,41537,4,,,0,33,,41538,4,,,0,70,,41539,4,,,0,91,,41540,4,0,5,0,102,,41541,4,0,5,0,111,,41542,4,0,5,0
3800,'5036',632,,44167,29,,,0,76,,44168,29,,,0,16,,44169,29,,,0,14,,44172,29,,,0,63,,44170,29,,,0,28,,44171,29,,,0,77,,44187,29,,,0,27,,44173,29,,,0,99,,44174,29,,,0,101,,44175,29,,,0,103,,44176,29,,,0,101,,44177,29,,,0,95,,44178,29,,,0,80,,44188,29,,,0,31,,44179,29,,,0,71,,44180,29,,,0,34,,44181,29,,,0,69,,44182,29,,,0,34,,44183,29,,,0,81,,44185,29,,,0,102,,44184,29,,,0,102,,44186,29,,,0
3800,'5040',632,,44189,29,,,0,76,,44190,29,,,0,16,,44191,29,,,0,14,,44194,29,,,0,63,,44192,29,,,0,28,,44193,29,,,0,77,,44209,29,,,0,27,,44195,29,,,0,99,,44196,29,,,0,101,,44197,29,,,0,103,,44198,29,,,0,101,,44199,29,,,0,95,,44200,29,,,0,80,,44210,29,,,0,31,,44201,29,,,0,71,,44202,29,,,0,34,,44203,29,,,0,69,,44204,29,,,0,34,,44205,29,,,0,81,,44207,29,,,0,102,,44206,29,,,0,102,,44208,29,,,0
1002201,'5036',657,,48588,17,,,0,256,,48587,17,,,0,200,,48583,17,,,0,197,,48585,4,,,0,129,,48582,4,,,0,205,,48589,4,,,0,174,,48586,4,,,0,135,,48584,4,,,0
1002201,'5040',657,,48597,17,,,0,256,,48596,17,,,0,200,,48592,17,,,0,197,,48594,4,,,0,96,,48590,4,0,5,0,33,,48591,4,,,0,205,,48598,4,,,0,174,,48595,4,,,0,135,,48593,4,,,0
1002201,'5075',1504,,48599,4,0,5,0
1002201,'5076',1406,,48600,4,0,5,0
