1100,'4623',603,,66354,38,,,0,33,,66347,66,,,0,73,,66330,66,,,0,21,,66359,66,,,0,22,,66336,66,,,0,58,,66356,66,,,0,22,,66339,66,,,0,17,,66319,66,,,0,56,,66345,66,,,0,15,,66322,66,,,0,15,,66340,66,,,0,21,,66360,66,,,0,64,,66335,66,,,0,26,,66357,66,,,0,66,,66320,66,,,0,26,,66348,66,,,0,66,,66338,66,,,0,26,,66362,66,,,0,25,,66337,66,,,0,66,,66353,66,,,0,25,,66321,66,,,0,66,,66349,66,,,0,24,,66334,66,,,0,18,,66315,66,,,0,60,,66361,66,,,0,18,,66332,66,,,0,19,,66314,66,,,0,57,,66355,66,,,0,20,,66323,66,,,0,18,,66325,66,,,0,61,,66346,66,,,0,20,,66331,66,,,0,14,,66318,66,,,0,15,,66363,66,,,0,55,,66333,66,,,0,15,,66324,66,,,0,18,,66358,66,,,0,14,,66317,66,,,0,57,,66316,66,,,0,18,,66341,66,,,0,22,,66328,66,,,0,70,,66329,66,,,0,75,,66351,66,,,0,30,,66326,66,,,0,74,,66327,66,,,0,29,,66342,66,,,0,73,,66350,66,,,0,30,,66344,66,,,0,69,,66343,66,,,0,41,,66352,66,,,0
1100,'4833',752,,66394,66,,,0,77,,66378,66,,,0,76,,66364,66,,,0,31,,66368,66,,,0,70,,66395,66,,,0,32,,66386,66,,,0,66,,66373,66,,,0,25,,66365,66,,,0,26,,66371,66,,,0,69,,66383,66,,,0,25,,66367,66,,,0,65,,66381,66,,,0,26,,66375,66,,,0,65,,66366,66,,,0,26,,66369,66,,,0,26,,66382,66,,,0,65,,66374,66,,,0,25,,66385,66,,,0,67,,66377,66,,,0,25,,66372,66,,,0,62,,66376,66,,,0,23,,66393,66,,,0,23,,66370,66,,,0,63,,66384,66,,,0,24,,66396,66,,,0,25,,66387,66,,,0,65,,66379,66,,,0,24,,66380,66,,,0,63,,66389,66,,,0,25,,66391,66,,,0,64,,66388,66,,,0,30,,66390,66,,,0,70,,66392,66,,,0,33,,66397,66,,,0,75,,66398,66,,,0,29,,66399,66,,,0,69,,66400,66,,,0,38,,66401,66,,,0
1100,'5015',752,,66432,66,,,0,77,,66416,66,,,0,76,,66402,66,,,0,31,,66406,66,,,0,70,,66433,66,,,0,32,,66424,66,,,0,66,,66411,66,,,0,25,,66403,66,,,0,26,,66409,66,,,0,69,,66421,66,,,0,25,,66405,66,,,0,65,,66419,66,,,0,26,,66413,66,,,0,65,,66404,66,,,0,26,,66407,66,,,0,26,,66420,66,,,0,65,,66412,66,,,0,25,,66423,66,,,0,67,,66415,66,,,0,25,,66410,66,,,0,62,,66414,66,,,0,23,,66431,66,,,0,23,,66408,66,,,0,63,,66422,66,,,0,24,,66434,66,,,0,25,,66425,66,,,0,65,,66417,66,,,0,24,,66418,66,,,0,63,,66427,66,,,0,25,,66429,66,,,0,64,,66426,66,,,0,30,,66428,66,,,0,70,,66430,66,,,0,33,,66435,66,,,0,75,,66436,66,,,0,29,,66437,66,,,0,69,,66438,66,,,0,38,,66439,66,,,0
1100,'5222',603,,66480,38,,,0,33,,66473,66,,,0,73,,66456,66,,,0,21,,66485,66,,,0,22,,66462,66,,,0,58,,66482,66,,,0,22,,66465,66,,,0,17,,66445,66,,,0,56,,66471,66,,,0,15,,66448,66,,,0,15,,66466,66,,,0,21,,66486,66,,,0,64,,66461,66,,,0,26,,66483,66,,,0,66,,66446,66,,,0,26,,66474,66,,,0,66,,66464,66,,,0,26,,66488,66,,,0,25,,66463,66,,,0,66,,66479,66,,,0,25,,66447,66,,,0,66,,66475,66,,,0,24,,66460,66,,,0,18,,66441,66,,,0,60,,66487,66,,,0,18,,66458,66,,,0,19,,66440,66,,,0,57,,66481,66,,,0,20,,66449,66,,,0,18,,66451,66,,,0,61,,66472,66,,,0,20,,66457,66,,,0,14,,66444,66,,,0,15,,66489,66,,,0,55,,66459,66,,,0,15,,66450,66,,,0,18,,66484,66,,,0,14,,66443,66,,,0,57,,66442,66,,,0,18,,66467,66,,,0,22,,66454,66,,,0,70,,66455,66,,,0,75,,66477,66,,,0,30,,66452,66,,,0,74,,66453,66,,,0,29,,66468,66,,,0,73,,66476,66,,,0,30,,66470,66,,,0,69,,66469,66,,,0,41,,66478,66,,,0
1100,'5365',807,,66491,66,,,0,40,,66490,66,,,0,81,,66493,66,,,0,73,,66492,66,,,0,31,,66495,66,,,0,76,,66494,66,,,0,35,,66499,66,,,0,71,,66497,66,,,0,30,,66496,66,,,0,73,,66498,66,,,0,30,,66502,66,,,0,70,,66503,66,,,0,30,,66501,66,,,0,71,,66500,66,,,0,30,,66506,66,,,0,70,,66505,66,,,0,29,,66504,66,,,0,70,,66508,66,,,0,28,,66509,66,,,0,68,,66507,66,,,0,28,,66510,66,,,0,69,,66511,66,,,0,30,,66513,66,,,0,85,,66512,66,,,0,85,,66514,66,,,0,44,,66515,66,,,0,77,,66516,66,,,0,84,,66517,66,,,0,85,,66518,66,,,0
1100,'5390',807,,66520,66,,,0,40,,66519,66,,,0,81,,66522,66,,,0,73,,66521,66,,,0,31,,66524,66,,,0,76,,66523,66,,,0,35,,66528,66,,,0,71,,66526,66,,,0,30,,66525,66,,,0,73,,66527,66,,,0,30,,66531,66,,,0,70,,66532,66,,,0,30,,66530,66,,,0,71,,66529,66,,,0,30,,66535,66,,,0,70,,66534,66,,,0,29,,66533,66,,,0,70,,66537,66,,,0,28,,66538,66,,,0,68,,66536,66,,,0,28,,66539,66,,,0,69,,66540,66,,,0,30,,66542,66,,,0,85,,66541,66,,,0,85,,66543,66,,,0,44,,66544,66,,,0,77,,66545,66,,,0,84,,66546,66,,,0,85,,66547,66,,,0
1200,'4623',637,,66782,18,,,0,80,,66783,18,,,0,27,,66784,18,,,0,87,,66785,18,,,0,70,,66800,18,,,0,30,,66789,18,,,0,86,,66786,18,,,0,84,,66787,18,,,0,46,,66790,18,,,0,85,,66792,18,,,0,84,,66791,18,,,0,86,,66788,18,,,0,47,,66793,18,,,0,87,,66794,18,,,0,99,,66795,18,,,0,84,,66797,18,,,0,84,,66796,18,,,0,44,,66798,18,,,0,91,,66799,18,,,0
1200,'4833',930,,66802,18,,,0,102,,66807,18,,,0,102,,66809,18,,,0,100,,66801,18,,,0,100,,66803,18,,,0,99,,66806,18,,,0,100,,66810,18,,,0,100,,66804,18,,,0,103,,66805,18,,,0,99,,66808,18,,,0,99,,66811,18,,,0
1200,'5015',930,,66813,18,,,0,102,,66818,18,,,0,102,,66820,18,,,0,100,,66812,18,,,0,100,,66814,18,,,0,99,,66817,18,,,0,100,,66821,18,,,0,100,,66815,18,,,0,103,,66816,18,,,0,99,,66819,18,,,0,99,,66822,18,,,0
1200,'5222',637,,66823,18,,,0,80,,66824,18,,,0,27,,66825,18,,,0,87,,66826,18,,,0,70,,66841,18,,,0,30,,66830,18,,,0,86,,66827,18,,,0,84,,66828,18,,,0,46,,66831,18,,,0,85,,66833,18,,,0,84,,66832,18,,,0,86,,66829,18,,,0,47,,66834,18,,,0,87,,66835,18,,,0,99,,66836,18,,,0,84,,66838,18,,,0,84,,66837,18,,,0,44,,66839,18,,,0,91,,66840,18,,,0
1200,'5365',930,,66843,18,,,0,102,,66842,18,,,0,101,,66845,18,,,0,100,,66844,18,,,0,100,,66846,18,,,0,100,,66848,18,,,0,99,,66849,18,,,0,100,,66847,18,,,0,103,,66850,18,,,0,99,,66851,18,,,0,100,,66852,18,,,0
1200,'5390',930,,66854,18,,,0,102,,66853,18,,,0,101,,66856,18,,,0,100,,66855,18,,,0,100,,66857,18,,,0,100,,66859,18,,,0,99,,66860,18,,,0,100,,66858,18,,,0,103,,66861,18,,,0,99,,66862,18,,,0,100,,66863,18,,,0
