8500,'4487',914,,17967,,,0,300,,17968,,,0,306,,17965,,,0,299,,17966,,,0
8500,'4744',709,,17973,,,0,98,,17974,,,0,200,,17975,,,0,201,,17976,,,0,200,,17977,,,0,200,,17978,,,0,198,,17979,,,0,199,,17980,,,0
8500,'4745',914,,17983,,,0,300,,17984,,,0,306,,17981,,,0,299,,17982,,,0
8500,'4947',709,,17985,,,0,98,,17986,,,0,200,,17987,,,0,201,,17988,,,0,200,,17989,,,0,200,,17990,,,0,198,,17991,,,0,199,,17992,,,0
8500,'4952',709,,17993,,,0,98,,17994,,,0,200,,17995,,,0,201,,17996,,,0,200,,17997,,,0,200,,17998,,,0,198,,17999,,,0,199,,18000,,,0
8500,'4953',914,,18003,,,0,300,,18004,,,0,306,,18001,,,0,299,,18002,,,0
8500,'4954',914,,18007,,,0,300,,18008,,,0,306,,18005,,,0,299,,18006,,,0
8700,'4744',751,,18010,,,0,201,,18009,,,0,201,,18011,,,0,205,,18015,,,0,195,,18013,,,0,201,,18014,,,0
8700,'4947',751,,18017,,,0,201,,18016,,,0,201,,18018,,,0,205,,18022,,,0,195,,18020,,,0,201,,18021,,,0
8700,'4952',751,,18024,,,0,201,,18023,,,0,201,,18025,,,0,205,,18029,,,0,195,,18027,,,0,201,,18028,,,0
8800,'4487',827,,18056,,,0,98,,18057,,,0,100,,18058,,,0,100,,18059,,,0,100,,18060,,,0,99,,18061,,,0,100,,18052,,,0,100,,18053,,,0,100,,18054,,,0,100,,18055,,,0,98,,18049,,,0,100,,18050,,,0,101,,18051,,,0,100,,18048,,,0
8800,'4744',852,,18076,,,0,200,,18077,,,0,201,,18078,,,0,200,,18079,,,0,200,,18080,,,0,206,,18081,,,0
8800,'4745',827,,18090,,,0,94,,18091,,,0,100,,18092,,,0,101,,18093,,,0,101,,18094,,,0,100,,18095,,,0,99,,18086,,,0,99,,18087,,,0,100,,18088,,,0,101,,18089,,,0,102,,18083,,,0,99,,18084,,,0,99,,18085,,,0,98,,18082,,,0
8800,'4947',852,,18096,,,0,200,,18097,,,0,201,,18098,,,0,200,,18099,,,0,200,,18100,,,0,206,,18101,,,0
8800,'4952',852,,18102,,,0,200,,18103,,,0,201,,18104,,,0,200,,18105,,,0,200,,18106,,,0,206,,18107,,,0
8800,'4953',827,,18116,,,0,98,,18117,,,0,100,,18118,,,0,100,,18119,,,0,100,,18120,,,0,99,,18121,,,0,100,,18112,,,0,100,,18113,,,0,100,,18114,,,0,100,,18115,,,0,98,,18109,,,0,100,,18110,,,0,101,,18111,,,0,100,,18108,,,0
8800,'4954',827,,18130,,,0,94,,18131,,,0,100,,18132,,,0,101,,18133,,,0,101,,18134,,,0,100,,18135,,,0,99,,18126,,,0,99,,18127,,,0,100,,18128,,,0,101,,18129,,,0,102,,18123,,,0,99,,18124,,,0,99,,18125,,,0,98,,18122,,,0
