2200,'4744',1238,,8170,,,0,70,,8162,,,0,31,,8178,,,0,70,,8156,,,0,105,,8173,,,0,31,,8167,,,0,77,,8180,,,0,100,,8168,,,0,94,,8164,,,0
2200,'4870',1238,,8222,,,0,70,,8214,,,0,31,,8230,,,0,70,,8208,,,0,105,,8225,,,0,31,,8219,,,0,77,,8232,,,0,100,,8220,,,0,94,,8216,,,0
2200,'4875',1238,,8253,,,0,70,,8245,,,0,31,,8261,,,0,70,,8239,,,0,105,,8256,,,0,31,,8250,,,0,77,,8263,,,0,100,,8251,,,0,94,,8247,,,0
2201,'4744',548,,8393,,,0,67,,8383,,,0,111,,8382,,,0,26,,8394,,,0,75,,8384,,,0,106,,8378,,,0,69,,8381,,,0,29,,8395,,,0,98,,8398,,,0
2201,'4870',548,,8442,,,0,67,,8432,,,0,111,,8431,,,0,26,,8443,,,0,75,,8433,,,0,106,,8427,,,0,69,,8430,,,0,29,,8444,,,0,98,,8447,,,0
2201,'4875',548,,8466,,,0,67,,8456,,,0,111,,8455,,,0,26,,8467,,,0,75,,8457,,,0,106,,8451,,,0,69,,8454,,,0,29,,8468,,,0,98,,8471,,,0
1002200,'4744',1157,,19866,,,0,280,,19867,,,0,207,,19865,,,0,95,,19870,,,0,191,,19868,,,0
1002200,'4870',1157,,19872,,,0,280,,19873,,,0,207,,19871,,,0,95,,19876,,,0,191,,19874,,,0
1002200,'4875',1157,,19878,,,0,280,,19879,,,0,207,,19877,,,0,95,,19882,,,0,191,,19880,,,0
1002201,'4744',650,,19890,,,0,255,,19889,,,0,200,,19885,,,0
1002201,'4870',650,,19898,,,0,255,,19897,,,0,200,,19893,,,0
1002201,'4875',650,,19909,,,0,255,,19908,,,0,200,,19904,,,0
