7101,'4623',612,,75035,20,,,0,31,,75034,20,,,0,86,,75033,20,,,0
7101,'5222',612,,75038,20,,,0,31,,75037,20,,,0,86,,75036,20,,,0
8701,'4623',630,,76123,9,,,0,197,,76124,9,,,0,201,,76125,9,,,0,199,,76126,9,,,0,199,,76127,9,,,0,203,,76128,9,,,0
8701,'5222',630,,76129,9,,,0,197,,76130,9,,,0,201,,76131,9,,,0,199,,76132,9,,,0,199,,76133,9,,,0,203,,76134,9,,,0
8801,'4623',720,,76203,9,,,0,200,,76204,9,,,0,200,,76205,9,,,0,199,,76206,9,,,0,200,,76207,9,,,0,206,,76208,9,,,0,103,,76209,9,,,0
8801,'4833',755,,76220,9,,,0,99,,76221,9,,,0,99,,76222,9,,,0,100,,76223,9,,,0,98,,76214,9,,,0,100,,76215,9,,,0,100,,76217,9,,,0,100,,76218,9,,,0,102,,76216,9,,,0,100,,76219,9,,,0,98,,76211,9,,,0,100,,76212,9,,,0,102,,76213,9,,,0,100,,76210,9,,,0
8801,'5015',755,,76234,9,,,0,99,,76235,9,,,0,99,,76236,9,,,0,100,,76237,9,,,0,98,,76228,9,,,0,100,,76229,9,,,0,100,,76231,9,,,0,100,,76232,9,,,0,102,,76230,9,,,0,100,,76233,9,,,0,98,,76225,9,,,0,100,,76226,9,,,0,102,,76227,9,,,0,100,,76224,9,,,0
8801,'5222',720,,76238,9,,,0,200,,76239,9,,,0,200,,76240,9,,,0,199,,76241,9,,,0,200,,76242,9,,,0,206,,76243,9,,,0,103,,76244,9,,,0
8801,'5365',756,,76253,9,,,0,94,,76254,9,,,0,100,,76255,9,,,0,100,,76256,9,,,0,100,,76257,9,,,0,100,,76258,9,,,0,99,,76248,9,,,0,100,,76249,9,,,0,101,,76250,9,,,0,101,,76251,9,,,0,102,,76252,9,,,0,99,,76246,9,,,0,100,,76247,9,,,0,98,,76245,9,,,0
8801,'5390',756,,76267,9,,,0,94,,76268,9,,,0,100,,76269,9,,,0,100,,76270,9,,,0,100,,76271,9,,,0,100,,76272,9,,,0,99,,76262,9,,,0,100,,76263,9,,,0,101,,76264,9,,,0,101,,76265,9,,,0,102,,76266,9,,,0,99,,76260,9,,,0,100,,76261,9,,,0,98,,76259,9,,,0
1008801,'4623',648,,77540,5,,,0,106,,77541,5,,,0,96,,77542,5,,,0,100,,77543,5,,,0,100,,77539,5,,,0,99,,77544,5,,,0,100,,77545,5,,,0,100,,77546,5,,,0,100,,77547,5,,,0,100,,77548,5,,,0,100,,77549,5,,,0,108,,77550,5,,,0,99,,77551,5,,,0,71,,77552,5,,,0,101,,77553,5,,,0
1008801,'5222',648,,77555,5,,,0,106,,77556,5,,,0,96,,77557,5,,,0,100,,77558,5,,,0,100,,77554,5,,,0,99,,77559,5,,,0,100,,77560,5,,,0,100,,77561,5,,,0,100,,77562,5,,,0,100,,77563,5,,,0,100,,77564,5,,,0,108,,77565,5,,,0,99,,77566,5,,,0,71,,77567,5,,,0,101,,77568,5,,,0
