4800,'5036',637,,44674,34,,,0,22,,44673,34,,,0,67,,44672,34,,,0
4800,'5040',637,,44677,34,,,0,22,,44676,34,,,0,67,,44675,34,,,0
5200,'5036',520,,44768,46,,,0,31,,44777,46,,,0,71,,44771,46,,,0,22,,44782,46,,,0,62,,44769,46,,,0,24,,44790,46,,,0,70,,44776,46,,,0,25,,44805,46,,,0,9,,44770,46,,,0,15,,44798,46,,,0,10,,44781,46,,,0,68,,44772,46,,,0,30,,44789,46,,,0,66,,44775,46,,,0,30,,44773,46,,,0,75,,44774,46,,,0,31,,44791,46,,,0,72,,44778,46,,,0,70,,44779,46,,,0,36,,44780,46,,,0,74,,44788,46,,,0,36,,44783,46,,,0,71,,44784,46,,,0,22,,44804,11,,,0,11,,44800,46,,,0,71,,44785,46,,,0,30,,44787,46,,,0,67,,44786,46,,,0,29,,44792,46,,,0,71,,44801,46,,,0,30,,44793,46,,,0,73,,44794,46,,,0,29,,44795,46,,,0,69,,44802,46,,,0,26,,44796,46,,,0,72,,44797,46,,,0,96,,44803,46,,,0,98,,44799,46,,,0,103,,44806,46,,,0
5200,'5040',520,,44807,46,,,0,31,,44816,46,,,0,71,,44810,46,,,0,22,,44821,46,,,0,62,,44808,46,,,0,24,,44829,46,,,0,70,,44815,46,,,0,25,,44844,46,,,0,9,,44809,46,,,0,15,,44837,46,,,0,10,,44820,46,,,0,68,,44811,46,,,0,30,,44828,46,,,0,66,,44814,46,,,0,30,,44812,46,,,0,75,,44813,46,,,0,31,,44830,46,,,0,72,,44817,46,,,0,70,,44818,46,,,0,36,,44819,46,,,0,74,,44827,46,,,0,32,,44843,11,,,0,4,,44822,46,,,0,71,,44823,46,,,0,33,,44839,46,,,0,71,,44824,46,,,0,30,,44826,46,,,0,67,,44825,46,,,0,29,,44831,46,,,0,71,,44840,46,,,0,30,,44832,46,,,0,73,,44833,46,,,0,29,,44834,46,,,0,69,,44841,46,,,0,26,,44835,46,,,0,72,,44836,46,,,0,96,,44842,46,,,0,98,,44838,46,,,0,103,,44845,46,,,0
5200,'5041',653,,44863,46,,,0,70,,44862,46,,,0,81,,44857,46,,,0,35,,44865,46,,,0,72,,44860,46,,,0,33,,44846,46,,,0,70,,44853,46,,,0,30,,44872,46,,,0,72,,44851,46,,,0,35,,44848,46,,,0,73,,44854,46,,,0,32,,44874,46,,,0,75,,44849,46,,,0,73,,44847,46,,,0,36,,44856,46,,,0,66,,44873,46,,,0,34,,44852,46,,,0,72,,44859,46,,,0,35,,44855,46,,,0,68,,44870,46,,,0,30,,44850,46,,,0,69,,44861,46,,,0,22,,44867,46,,,0,64,,44858,46,,,0,24,,44866,46,,,0,24,,44869,46,,,0,68,,44868,46,,,0,28,,44864,46,,,0,70,,44871,46,,,0,100,,44875,46,,,0,93,,44876,46,,,0,108,,44877,46,,,0
5200,'5078',723,,44899,46,,,0,32,,44881,46,,,0,81,,44884,46,,,0,72,,44898,46,,,0,32,,44892,46,,,0,72,,44880,46,,,0,31,,44883,46,,,0,72,,44894,46,,,0,31,,44888,46,,,0,72,,44879,46,,,0,33,,44882,46,,,0,70,,44897,46,,,0,31,,44890,46,,,0,78,,44878,46,,,0,70,,44886,46,,,0,34,,44896,46,,,0,74,,44889,46,,,0,33,,44905,46,,,0,68,,44885,46,,,0,30,,44895,46,,,0,68,,44891,46,,,0,30,,44893,46,,,0,68,,44887,46,,,0,29,,44901,46,,,0,79,,44900,46,,,0,99,,44902,46,,,0,98,,44904,46,,,0,106,,44903,46,,,0
5200,'5079',723,,44927,46,,,0,32,,44909,46,,,0,81,,44912,46,,,0,72,,44926,46,,,0,32,,44920,46,,,0,72,,44908,46,,,0,31,,44911,46,,,0,72,,44922,46,,,0,31,,44916,46,,,0,72,,44907,46,,,0,33,,44910,46,,,0,70,,44925,46,,,0,31,,44918,46,,,0,78,,44906,46,,,0,70,,44914,46,,,0,34,,44924,46,,,0,74,,44917,46,,,0,33,,44933,46,,,0,68,,44913,46,,,0,30,,44923,46,,,0,68,,44919,46,,,0,30,,44921,46,,,0,68,,44915,46,,,0,29,,44929,46,,,0,79,,44928,46,,,0,99,,44930,46,,,0,98,,44932,46,,,0,106,,44931,46,,,0
5400,'5036',628,,45183,39,,,0,100,,45187,39,,,0,131,,45186,39,,,0,242,,45184,39,,,0,136,,45185,39,,,0,202,,45189,39,,,0,105,,45188,39,,,0,194,,45190,39,,,0,193,,45191,39,,,0,191,,45192,39,,,0
5400,'5040',628,,45193,39,,,0,100,,45197,39,,,0,131,,45196,39,,,0,242,,45194,39,,,0,136,,45195,39,,,0,202,,45199,39,,,0,105,,45198,39,,,0,194,,45200,39,,,0,193,,45201,39,,,0,191,,45202,39,,,0
5400,'5041',724,,45209,39,,,0,204,,45208,39,,,0,211,,45205,39,,,0,207,,45206,39,,,0,206,,45207,39,,,0,249,,45204,39,,,0,203,,45203,39,,,0
5400,'5078',723,,45210,39,,,0,203,,45212,39,,,0,212,,45213,39,,,0,207,,45214,39,,,0,205,,45211,39,,,0,250,,45215,39,,,0,203,,45216,39,,,0
5400,'5079',723,,45217,39,,,0,203,,45219,39,,,0,212,,45220,39,,,0,207,,45221,39,,,0,205,,45218,39,,,0,250,,45222,39,,,0,203,,45223,39,,,0
