7100,'4744',1608,,16643,,,0,106,,16644,,,0,103,,16645,,,0
7100,'4870',1608,,16646,,,0,106,,16647,,,0,103,,16648,,,0
7100,'4875',1608,,16649,,,0,106,,16650,,,0,103,,16651,,,0
7200,'4487',633,,16661,,,0,100,,16662,,,0,71,,16663,,,0,30,,16664,,,0,69,,16665,,,0,30,,16666,,,0,70,,16667,,,0,30,,16668,,,0,70,,16669,,,0,29,,16670,,,0,70,,16671,,,0,30,,16672,,,0,70,,16673,,,0,30,,16674,,,0,69,,16675,,,0,30,,16676,,,0,70,,16677,,,0,30,,16678,,,0,70,,16679,,,0,30,,16680,,,0,70,,16681,,,0,30,,16682,,,0,70,,16683,,,0,30,,16684,,,0,70,,16685,,,0,30,,16686,,,0,71,,16687,,,0,30,,16688,,,0,70,,16689,,,0,30,,16690,,,0,100,,16691,,,0,100,,16692,,,0,118,,16693,0,10 11 12,0
7200,'4743',633,,16694,,,0,100,,16695,,,0,71,,16696,,,0,30,,16697,,,0,69,,16698,,,0,30,,16699,,,0,70,,16700,,,0,30,,16701,,,0,70,,16702,,,0,29,,16703,,,0,70,,16704,,,0,30,,16705,,,0,70,,16706,,,0,30,,16707,,,0,69,,16708,,,0,30,,16709,,,0,70,,16710,,,0,30,,16711,,,0,70,,16712,,,0,30,,16713,,,0,70,,16714,,,0,30,,16715,,,0,70,,16716,,,0,30,,16717,,,0,70,,16718,,,0,30,,16719,,,0,71,,16720,,,0,30,,16721,,,0,70,,16722,,,0,30,,16723,,,0,100,,16724,,,0,100,,16725,,,0,118,,16726,0,10 11 12,0
7200,'4744',624,,16751,,,0,29,,16745,,,0,79,,16734,,,0,69,,16750,,,0,31,,16757,,,0,70,,16738,,,0,30,,16752,,,0,69,,16746,,,0,30,,16730,,,0,70,,16753,,,0,30,,16742,,,0,70,,16736,,,0,30,,16728,,,0,70,,16729,,,0,30,,16735,,,0,70,,16727,,,0,30,,16758,,,0,70,,16731,,,0,30,,16739,,,0,70,,16733,,,0,30,,16732,,,0,69,,16737,,,0,31,,16740,,,0,70,,16759,,,0,32,,16747,,,0,68,,16741,,,0,30,,16744,,,0,70,,16743,,,0,30,,16749,,,0,72,,16755,,,0,30,,16748,,,0,99,,16754,,,0,100,,16756,,,0,116,,16760,0,10 11 12,0
7200,'4745',733,,16762,,,0,100,,16763,,,0,100,,16764,,,0,100,,16765,,,0,99,,16761,,,0,70,,16766,,,0,30,,16767,,,0,70,,16768,,,0,29,,16769,,,0,70,,16770,,,0,30,,16771,,,0,70,,16772,,,0,30,,16773,,,0,70,,16774,,,0,30,,16775,,,0,70,,16776,,,0,30,,16777,,,0,70,,16778,,,0,30,,16779,,,0,71,,16780,,,0,30,,16781,,,0,70,,16782,,,0,31,,16783,,,0,99,,16784,,,0,100,,16785,,,0,102,,16786,,,0,75,,16787,0,10 11 12,0
7200,'4870',624,,16809,,,0,29,,16803,,,0,148,,16808,,,0,31,,16815,,,0,70,,16796,,,0,30,,16810,,,0,69,,16804,,,0,30,,16791,,,0,70,,16811,,,0,30,,16800,,,0,70,,16795,,,0,30,,16789,,,0,70,,16790,,,0,100,,16788,,,0,30,,16816,,,0,70,,16792,,,0,30,,16797,,,0,70,,16794,,,0,30,,16793,,,0,100,,16798,,,0,70,,16817,,,0,32,,16805,,,0,68,,16799,,,0,30,,16802,,,0,70,,16801,,,0,30,,16807,,,0,72,,16813,,,0,30,,16806,,,0,99,,16812,,,0,100,,16814,,,0,116,,16818,0,10 11 12,0
7200,'4871',732,,16819,,,0,599,,16820,,,0,369,,16821,,,0
7200,'4874',732,,16822,,,0,599,,16823,,,0,369,,16824,,,0
7200,'4875',624,,16849,,,0,29,,16843,,,0,79,,16832,,,0,69,,16848,,,0,31,,16855,,,0,70,,16836,,,0,30,,16850,,,0,69,,16844,,,0,30,,16828,,,0,70,,16851,,,0,30,,16840,,,0,70,,16834,,,0,30,,16826,,,0,70,,16827,,,0,30,,16833,,,0,70,,16825,,,0,30,,16856,,,0,70,,16829,,,0,30,,16837,,,0,70,,16831,,,0,30,,16830,,,0,69,,16835,,,0,31,,16838,,,0,70,,16857,,,0,32,,16845,,,0,68,,16839,,,0,30,,16842,,,0,70,,16841,,,0,30,,16847,,,0,72,,16853,,,0,30,,16846,,,0,99,,16852,,,0,100,,16854,,,0,116,,16858,0,10 11 12,0
7200,'4876',633,,16859,,,0,100,,16860,,,0,71,,16861,,,0,30,,16862,,,0,69,,16863,,,0,30,,16864,,,0,70,,16865,,,0,30,,16866,,,0,70,,16867,,,0,29,,16868,,,0,70,,16869,,,0,30,,16870,,,0,70,,16871,,,0,30,,16872,,,0,69,,16873,,,0,30,,16874,,,0,70,,16875,,,0,30,,16876,,,0,70,,16877,,,0,30,,16878,,,0,70,,16879,,,0,30,,16880,,,0,70,,16881,,,0,30,,16882,,,0,70,,16883,,,0,30,,16884,,,0,71,,16885,,,0,30,,16886,,,0,70,,16887,,,0,30,,16888,,,0,100,,16889,,,0,100,,16890,,,0,118,,16891,0,10 11 12,0
7200,'4877',733,,16893,,,0,100,,16894,,,0,100,,16895,,,0,100,,16896,,,0,99,,16892,,,0,70,,16897,,,0,30,,16898,,,0,70,,16899,,,0,29,,16900,,,0,70,,16901,,,0,30,,16902,,,0,70,,16903,,,0,30,,16904,,,0,70,,16905,,,0,30,,16906,,,0,70,,16907,,,0,30,,16908,,,0,70,,16909,,,0,30,,16910,,,0,71,,16911,,,0,30,,16912,,,0,70,,16913,,,0,31,,16914,,,0,99,,16915,,,0,100,,16916,,,0,102,,16917,,,0,75,,16918,0,10 11 12,0
8100,'4487',833,,17647,,,0,100,,17648,,,0,100,,17649,,,0,99,,17650,,,0,100,,17651,,,0,100,,17652,,,0,101,,17653,,,0,100,,17654,,,0,100,,17655,,,0,100,,17656,,,0,100,,17657,,,0,101,,17658,,,0,100,,17659,,,0
8100,'4743',833,,17661,,,0,100,,17662,,,0,100,,17663,,,0,99,,17664,,,0,100,,17665,,,0,100,,17666,,,0,101,,17667,,,0,100,,17668,,,0,100,,17669,,,0,100,,17670,,,0,100,,17671,,,0,101,,17672,,,0,100,,17673,,,0
8100,'4744',621,,17675,,,0,191,,17676,,,0,122,,17677,,,0,98,,17678,,,0,100,,17679,,,0,100,,17680,,,0,100,,17681,,,0,100,,17682,,,0,100,,17683,,,0,100,,17685,,,0,100,,17686,,,0,85,,17687,,,0,115,,17688,,,0,100,,17689,,,0
8100,'4745',832,,17692,,,0,101,,17691,,,0,99,,17693,,,0,100,,17694,,,0,100,,17695,,,0,100,,17696,,,0,100,,17697,,,0,100,,17698,,,0,100,,17699,,,0,100,,17700,,,0,100,,17701,,,0,101,,17702,,,0,102,,17703,,,0
8100,'4870',621,,17705,,,0,191,,17706,,,0,122,,17707,,,0,98,,17708,,,0,100,,17709,,,0,100,,17710,,,0,100,,17711,,,0,100,,17712,,,0,100,,17713,,,0,100,,17715,,,0,100,,17716,,,0,200,,17717,,,0,100,,17718,,,0
8100,'4872',1817,,17720,,,0
8100,'4873',1817,,17721,,,0
8100,'4875',621,,17722,,,0,191,,17723,,,0,122,,17724,,,0,98,,17725,,,0,100,,17726,,,0,100,,17727,,,0,100,,17728,,,0,100,,17729,,,0,100,,17730,,,0,100,,17732,,,0,100,,17733,,,0,85,,17734,,,0,115,,17735,,,0,100,,17736,,,0
8100,'4876',833,,17738,,,0,100,,17739,,,0,100,,17740,,,0,99,,17741,,,0,100,,17742,,,0,100,,17743,,,0,101,,17744,,,0,100,,17745,,,0,100,,17746,,,0,100,,17747,,,0,100,,17748,,,0,101,,17749,,,0,100,,17750,,,0
8100,'4877',832,,17753,,,0,101,,17752,,,0,99,,17754,,,0,100,,17755,,,0,100,,17756,,,0,100,,17757,,,0,100,,17758,,,0,100,,17759,,,0,100,,17760,,,0,100,,17761,,,0,100,,17762,,,0,101,,17763,,,0,102,,17764,,,0
