4800,'4744',617,,13657,,,0,20,,13656,,,0,66,,13655,,,0
4800,'4870',617,,13660,,,0,20,,13659,,,0,66,,13658,,,0
4800,'4875',617,,13663,,,0,20,,13662,,,0,66,,13661,,,0
5200,'4487',639,,13824,,,0,70,,13823,,,0,41,,13818,,,0,74,,13825,,,0,30,,13820,,,0,73,,13807,,,0,30,,13814,,,0,70,,13833,,,0,32,,13812,,,0,74,,13809,,,0,73,,13815,,,0,32,,13835,,,0,75,,13810,,,0,33,,13808,,,0,76,,13817,,,0,26,,13834,,,0,74,,13813,,,0,32,,13819,,,0,75,,13816,,,0,29,,13831,,,0,70,,13811,,,0,29,,13822,,,0,62,,13828,,,0,25,,13821,,,0,64,,13826,,,0,24,,13830,,,0,68,,13829,,,0,28,,13827,,,0,30,,13832,,,0,100,,13836,,,0,94,,13837,,,0,149,,13838,,,0
5200,'4743',639,,13856,,,0,70,,13855,,,0,41,,13850,,,0,74,,13857,,,0,30,,13852,,,0,73,,13839,,,0,30,,13846,,,0,70,,13865,,,0,32,,13844,,,0,74,,13841,,,0,73,,13847,,,0,32,,13867,,,0,75,,13842,,,0,33,,13840,,,0,76,,13849,,,0,26,,13866,,,0,74,,13845,,,0,32,,13851,,,0,75,,13848,,,0,29,,13863,,,0,70,,13843,,,0,29,,13854,,,0,62,,13860,,,0,25,,13853,,,0,64,,13858,,,0,24,,13862,,,0,68,,13861,,,0,28,,13859,,,0,30,,13864,,,0,100,,13868,,,0,94,,13869,,,0,149,,13870,,,0
5200,'4744',505,,13871,,,0,31,,13880,,,0,71,,13874,,,0,20,,13885,,,0,19,,13872,,,0,65,,13893,,,0,26,,13879,,,0,65,,13908,,,0,10,,13873,,,0,16,,13901,,,0,10,,13884,,,0,70,,13875,,,0,31,,13892,,,0,66,,13878,,,0,30,,13876,,,0,75,,13877,,,0,31,,13894,,,0,71,,13881,,,0,30,,13882,,,0,76,,13883,,,0,34,,13891,,,0,74,,13886,,,0,31,,13887,,,0,73,,13903,,,0,71,,13888,,,0,31,,13890,,,0,68,,13889,,,0,30,,13895,,,0,71,,13904,,,0,30,,13896,,,0,74,,13897,,,0,29,,13898,,,0,69,,13905,,,0,27,,13899,,,0,72,,13900,,,0,56,,13906,,,0,99,,13902,,,0,143,,13909,,,0
5200,'4745',709,,13932,,,0,32,,13914,,,0,80,,13917,,,0,31,,13931,,,0,72,,13925,,,0,31,,13912,,,0,71,,13916,,,0,32,,13927,,,0,71,,13921,,,0,72,,13911,,,0,33,,13915,,,0,70,,13930,,,0,31,,13923,,,0,78,,13910,,,0,29,,13919,,,0,74,,13929,,,0,34,,13922,,,0,73,,13913,,,0,29,,13918,,,0,70,,13928,,,0,28,,13924,,,0,70,,13926,,,0,29,,13920,,,0,69,,13934,,,0,39,,13933,,,0,99,,13935,,,0,98,,13937,,,0,148,,13936,,,0
5200,'4870',505,,13938,,,0,31,,13947,,,0,71,,13941,,,0,20,,13952,,,0,19,,13939,,,0,65,,13960,,,0,26,,13946,,,0,65,,13975,,,0,10,,13940,,,0,16,,13968,,,0,10,,13951,,,0,70,,13942,,,0,31,,13959,,,0,66,,13945,,,0,30,,13943,,,0,75,,13944,,,0,31,,13961,,,0,71,,13948,,,0,30,,13949,,,0,76,,13950,,,0,34,,13958,,,0,74,,13953,,,0,31,,13954,,,0,73,,13970,,,0,71,,13955,,,0,31,,13957,,,0,68,,13956,,,0,30,,13962,,,0,71,,13971,,,0,30,,13963,,,0,74,,13964,,,0,29,,13965,,,0,69,,13972,,,0,27,,13966,,,0,72,,13967,,,0,56,,13973,,,0,99,,13969,,,0,143,,13976,,,0
5200,'4875',505,,13977,,,0,31,,13986,,,0,71,,13980,,,0,20,,13991,,,0,19,,13978,,,0,65,,13999,,,0,26,,13985,,,0,65,,14014,,,0,10,,13979,,,0,16,,14007,,,0,10,,13990,,,0,70,,13981,,,0,31,,13998,,,0,66,,13984,,,0,30,,13982,,,0,75,,13983,,,0,31,,14000,,,0,71,,13987,,,0,30,,13988,,,0,76,,13989,,,0,34,,13997,,,0,74,,13992,,,0,31,,13993,,,0,73,,14009,,,0,71,,13994,,,0,31,,13996,,,0,68,,13995,,,0,30,,14001,,,0,71,,14010,,,0,30,,14002,,,0,74,,14003,,,0,29,,14004,,,0,69,,14011,,,0,27,,14005,,,0,72,,14006,,,0,56,,14012,,,0,99,,14008,,,0,143,,14015,,,0
5200,'4876',639,,14033,,,0,70,,14032,,,0,41,,14027,,,0,74,,14034,,,0,30,,14029,,,0,73,,14016,,,0,30,,14023,,,0,70,,14042,,,0,32,,14021,,,0,74,,14018,,,0,73,,14024,,,0,32,,14044,,,0,75,,14019,,,0,33,,14017,,,0,76,,14026,,,0,26,,14043,,,0,74,,14022,,,0,32,,14028,,,0,75,,14025,,,0,29,,14040,,,0,70,,14020,,,0,29,,14031,,,0,62,,14037,,,0,25,,14030,,,0,64,,14035,,,0,24,,14039,,,0,68,,14038,,,0,28,,14036,,,0,30,,14041,,,0,100,,14045,,,0,94,,14046,,,0,149,,14047,,,0
5200,'4877',709,,14070,,,0,32,,14052,,,0,80,,14055,,,0,31,,14069,,,0,72,,14063,,,0,31,,14050,,,0,71,,14054,,,0,32,,14065,,,0,71,,14059,,,0,72,,14049,,,0,33,,14053,,,0,70,,14068,,,0,31,,14061,,,0,78,,14048,,,0,29,,14057,,,0,74,,14067,,,0,34,,14060,,,0,73,,14051,,,0,29,,14056,,,0,70,,14066,,,0,28,,14062,,,0,70,,14064,,,0,29,,14058,,,0,69,,14072,,,0,39,,14071,,,0,99,,14073,,,0,98,,14075,,,0,148,,14074,,,0
5501,'4487',842,,14681,,,0,211,,14678,,,0,205,,14679,,,0,246,,14680,,,0,210,,14676,,,0,204,,14677,,,0
5501,'4743',842,,14687,,,0,211,,14684,,,0,205,,14685,,,0,246,,14686,,,0,210,,14682,,,0,204,,14683,,,0
5501,'4744',638,,14691,,,0,170,,14690,,,0,204,,14688,,,0,136,,14689,,,0,200,,14693,,,0,105,,14692,,,0,196,,14694,,,0,194,,14695,,,0,193,,14696,,,0
5501,'4745',841,,14697,,,0,212,,14699,,,0,205,,14700,,,0,245,,14698,,,0,210,,14702,,,0,204,,14701,,,0
5501,'4870',638,,14706,,,0,170,,14705,,,0,204,,14703,,,0,136,,14704,,,0,200,,14708,,,0,105,,14707,,,0,196,,14709,,,0,194,,14710,,,0,193,,14711,,,0
5501,'4875',638,,14715,,,0,170,,14714,,,0,204,,14712,,,0,136,,14713,,,0,200,,14717,,,0,105,,14716,,,0,196,,14718,,,0,194,,14719,,,0,193,,14720,,,0
5501,'4876',842,,14726,,,0,211,,14723,,,0,205,,14724,,,0,246,,14725,,,0,210,,14721,,,0,204,,14722,,,0
5501,'4877',841,,14727,,,0,212,,14729,,,0,205,,14730,,,0,245,,14728,,,0,210,,14732,,,0,204,,14731,,,0
6401,'4744',639,,16309,,,0,578,,16308,,,0,500,,16312,0,34 35 36,0
6401,'4870',639,,16316,,,0,578,,16315,,,0,500,,16319,0,34 35 36,0
6401,'4875',639,,16323,,,0,578,,16322,,,0,500,,16326,0,34 35 36,0
