1700,'5036',758,,40938,10,,,0
1700,'5040',758,,40939,10,,,0
1701,'5036',1510,,40940,12,,,0
1701,'5040',1510,,40941,12,,,0
2601,'5036',602,,42177,14,,,0,22,,42178,14,,,0,17,,42179,14,,,0,14,,42176,14,,,0,55,,42185,14,,,0,16,,42196,14,,,0,16,,42191,14,,,0,12,,42207,14,,,0,57,,42187,14,,,0,15,,42192,14,,,0,11,,42189,14,,,0,15,,42195,14,,,0,55,,42186,14,,,0,14,,42194,14,,,0,15,,42202,14,,,0,15,,42188,14,,,0,55,,42190,14,,,0,15,,42197,14,,,0,15,,42206,14,,,0,15,,42182,14,,,0,55,,42180,14,,,0,15,,42183,14,,,0,14,,42193,14,,,0,14,,42198,14,,,0,55,,42203,14,,,0,15,,42199,14,,,0,15,,42200,14,,,0,15,,42204,14,,,0,56,,42205,14,,,0,15,,42201,14,,,0,14,,42184,14,,,0,12,,42225,14,,,0,13,,42181,14,,,0,53,,42221,14,,,0,14,,42219,14,,,0,15,,42212,14,,,0,11,,42211,14,,,0,55,,42213,14,,,0,15,,42210,14,,,0,15,,42208,14,,,0,15,,42220,14,,,0,53,,42215,14,,,0,15,,42226,14,,,0,14,,42224,14,,,0,16,,42218,14,,,0,54,,42216,14,,,0,15,,42223,14,,,0,15,,42217,14,,,0,14,,42209,14,,,0,55,,42171,14,,,0,15,,42170,14,,,0,16,,42172,14,,,0,15,,42175,14,,,0,55,,42173,14,,,0,15,,42214,14,,,0,15,,42222,14,,,0,20,,42169,14,,,0,60,,42174,14,,,0,38,,42165,14,,,0,60,,42161,14,,,0,20,,42168,14,,,0,70,,42160,14,,,0,31,,42163,14,,,0,71,,42164,14,,,0,30,,42166,14,,,0,69,,42167,14,,,0,31,,42162,14,,,0
2601,'5040',602,,42246,14,,,0,22,,42247,14,,,0,17,,42248,14,,,0,14,,42245,14,,,0,55,,42254,14,,,0,16,,42265,14,,,0,16,,42260,14,,,0,12,,42276,14,,,0,57,,42256,14,,,0,15,,42261,14,,,0,11,,42258,14,,,0,15,,42264,14,,,0,55,,42255,14,,,0,14,,42263,14,,,0,15,,42271,14,,,0,15,,42257,14,,,0,55,,42259,14,,,0,15,,42266,14,,,0,15,,42275,14,,,0,15,,42251,14,,,0,55,,42249,14,,,0,15,,42252,14,,,0,14,,42262,14,,,0,14,,42267,14,,,0,55,,42272,14,,,0,15,,42268,14,,,0,15,,42269,14,,,0,15,,42273,14,,,0,56,,42274,14,,,0,15,,42270,14,,,0,14,,42253,14,,,0,12,,42294,14,,,0,13,,42250,14,,,0,53,,42290,14,,,0,14,,42288,14,,,0,15,,42281,14,,,0,11,,42280,14,,,0,55,,42282,14,,,0,15,,42279,14,,,0,15,,42277,14,,,0,15,,42289,14,,,0,53,,42284,14,,,0,15,,42295,14,,,0,14,,42293,14,,,0,16,,42287,14,,,0,54,,42285,14,,,0,15,,42292,14,,,0,15,,42286,14,,,0,14,,42278,14,,,0,55,,42240,14,,,0,15,,42239,14,,,0,16,,42241,14,,,0,15,,42244,14,,,0,55,,42242,14,,,0,15,,42283,14,,,0,15,,42291,14,,,0,20,,42238,14,,,0,60,,42243,14,,,0,20,,42236,14,,,0,18,,42232,14,,,0,60,,42228,14,,,0,20,,42237,14,,,0,70,,42227,14,,,0,31,,42230,14,,,0,71,,42231,14,,,0,30,,42234,14,,,0,69,,42235,14,,,0,31,,42229,14,,,0,70,,42233,14,,,0
2601,'5041',628,,42297,14,,,0,30,,42298,14,,,0,66,,42299,14,,,0,17,,42300,14,,,0,17,,42301,14,,,0,57,,42302,14,,,0,17,,42303,14,,,0,18,,42304,14,,,0,57,,42305,14,,,0,17,,42306,14,,,0,17,,42307,14,,,0,17,,42308,14,,,0,57,,42309,14,,,0,17,,42310,14,,,0,17,,42311,14,,,0,57,,42312,14,,,0,17,,42313,14,,,0,18,,42296,14,,,0,17,,42314,14,,,0,57,,42315,14,,,0,17,,42316,14,,,0,17,,42317,14,,,0,56,,42318,14,,,0,17,,42319,14,,,0,17,,42320,14,,,0,17,,42321,14,,,0,56,,42322,14,,,0,17,,42323,14,,,0,17,,42324,14,,,0,56,,42325,14,,,0,16,,42326,14,,,0,16,,42327,14,,,0,16,,42328,14,,,0,57,,42329,14,,,0,17,,42330,14,,,0,17,,42331,14,,,0,17,,42332,14,,,0,57,,42333,14,,,0,18,,42334,14,,,0,20,,42335,14,,,0,60,,42336,14,,,0,20,,42337,14,,,0,20,,42338,14,,,0,60,,42339,14,,,0,20,,42340,14,,,0,18,,42341,14,,,0,60,,42342,14,,,0,20,,42343,14,,,0,20,,42344,14,,,0,60,,42345,14,,,0,20,,42346,14,,,0,20,,42347,14,,,0,60,,42348,14,,,0,22,,42349,14,,,0,70,,42350,14,,,0,30,,42351,14,,,0,70,,42352,14,,,0,30,,42353,14,,,0,71,,42354,14,,,0
2601,'5075',2034,,42355,14,,,0
2601,'5076',2034,,42356,14,,,0
2601,'5078',648,,42380,14,,,0,62,,42367,14,,,0,23,,42357,14,,,0,22,,42376,14,,,0,60,,42381,14,,,0,26,,42366,14,,,0,60,,42359,14,,,0,20,,42377,14,,,0,23,,42370,14,,,0,58,,42360,14,,,0,18,,42364,14,,,0,18,,42358,14,,,0,18,,42378,14,,,0,58,,42362,14,,,0,19,,42383,14,,,0,18,,42361,14,,,0,58,,42365,14,,,0,18,,42363,14,,,0,18,,42374,14,,,0,58,,42371,14,,,0,18,,42384,14,,,0,18,,42368,14,,,0,18,,42379,14,,,0,58,,42372,14,,,0,18,,42375,14,,,0,18,,42373,14,,,0,58,,42382,14,,,0,18,,42369,14,,,0,18,,42393,14,,,0,58,,42388,14,,,0,18,,42392,14,,,0,17,,42386,14,,,0,17,,42395,14,,,0,57,,42385,14,,,0,20,,42391,14,,,0,20,,42389,14,,,0,60,,42390,14,,,0,20,,42394,14,,,0,20,,42387,14,,,0,59,,42397,14,,,0,20,,42403,14,,,0,20,,42399,14,,,0,60,,42402,14,,,0,20,,42398,14,,,0,20,,42396,14,,,0,60,,42400,14,,,0,22,,42401,14,,,0,70,,42404,14,,,0,30,,42405,14,,,0,70,,42406,14,,,0,30,,42407,14,,,0
2601,'5079',648,,42431,14,,,0,62,,42418,14,,,0,23,,42408,14,,,0,22,,42427,14,,,0,60,,42432,14,,,0,26,,42417,14,,,0,60,,42410,14,,,0,20,,42428,14,,,0,23,,42421,14,,,0,58,,42411,14,,,0,18,,42415,14,,,0,18,,42409,14,,,0,18,,42429,14,,,0,58,,42413,14,,,0,19,,42434,14,,,0,18,,42412,14,,,0,58,,42416,14,,,0,18,,42414,14,,,0,18,,42425,14,,,0,58,,42422,14,,,0,18,,42435,14,,,0,18,,42419,14,,,0,18,,42430,14,,,0,58,,42423,14,,,0,18,,42426,14,,,0,18,,42424,14,,,0,58,,42433,14,,,0,18,,42420,14,,,0,18,,42444,14,,,0,58,,42439,14,,,0,18,,42443,14,,,0,17,,42437,14,,,0,17,,42446,14,,,0,57,,42436,14,,,0,20,,42442,14,,,0,20,,42440,14,,,0,60,,42441,14,,,0,20,,42445,14,,,0,20,,42438,14,,,0,59,,42448,14,,,0,20,,42454,14,,,0,20,,42450,14,,,0,60,,42453,14,,,0,20,,42449,14,,,0,20,,42447,14,,,0,60,,42451,14,,,0,22,,42452,14,,,0,70,,42455,14,,,0,30,,42456,14,,,0,70,,42457,14,,,0,30,,42458,14,,,0
4001,'5036',601,,44537,14,,,0,55,,44531,14,,,0,67,,44539,14,,,0,95,,44525,14,,,0,97,,44535,14,,,0,100,,44526,14,,,0,100,,44534,14,,,0,101,,44527,14,,,0,101,,44536,14,,,0,100,,44528,14,,,0,108,,44538,14,,,0,75,,44523,14,,,0,35,,44530,14,,,0,74,,44524,14,,,0,34,,44541,14,,,0,85,,44529,14,,,0,97,,44540,14,,,0,97,,44532,14,,,0,124,,44533,14,,,0
4001,'5040',601,,44556,14,,,0,55,,44550,14,,,0,67,,44558,14,,,0,95,,44544,14,,,0,97,,44554,14,,,0,100,,44545,14,,,0,100,,44553,14,,,0,101,,44546,14,,,0,101,,44555,14,,,0,100,,44547,14,,,0,108,,44557,14,,,0,75,,44542,14,,,0,35,,44549,14,,,0,74,,44543,14,,,0,34,,44560,14,,,0,85,,44548,14,,,0,97,,44559,14,,,0,97,,44551,14,,,0,124,,44552,14,,,0
4001,'5041',635,,44570,14,,,0,166,,44573,14,,,0,101,,44561,14,,,0,100,,44563,14,,,0,101,,44569,14,,,0,100,,44571,14,,,0,100,,44562,14,,,0,100,,44564,14,,,0,100,,44567,14,,,0,100,,44572,14,,,0,100,,44565,14,,,0,100,,44566,14,,,0,99,,44568,14,,,0,99,,44574,14,,,0,130,,44575,14,,,0
4001,'5078',730,,44577,14,,,0,171,,44576,14,,,0,101,,44578,14,,,0,100,,44579,14,,,0,101,,44581,14,,,0,100,,44580,14,,,0,100,,44585,14,,,0,100,,44583,14,,,0,100,,44584,14,,,0,99,,44582,14,,,0,100,,44587,14,,,0,99,,44586,14,,,0,100,,44588,14,,,0
4001,'5079',730,,44590,14,,,0,171,,44589,14,,,0,101,,44591,14,,,0,100,,44592,14,,,0,101,,44594,14,,,0,100,,44593,14,,,0,100,,44598,14,,,0,100,,44596,14,,,0,100,,44597,14,,,0,99,,44595,14,,,0,100,,44600,14,,,0,99,,44599,14,,,0,100,,44601,14,,,0
1002601,'5036',1514,,48602,14,,,0,13,,48601,12,,,0
1002601,'5040',1408,,48603,12,,,0,106,,48604,14,,,0
24005101,'5036',739,,48878,6,,,0,72,,48876,6,,,0,40,,48875,6,,,0,677,,48871,6,,,0,21,,48870,6,,,0,69,,48872,6,,,0,33,,48873,6,,,0,68,,48877,6,,,0,29,,48874,6,,,0
24005101,'5040',739,,48887,6,,,0,72,,48885,6,,,0,40,,48884,6,,,0,677,,48880,6,,,0,21,,48879,6,,,0,69,,48881,6,,,0,33,,48882,6,,,0,68,,48886,6,,,0,29,,48883,6,,,0
