1101,'5036',618,,39312,57,,,0,32,,39304,57,,,0,61,,39287,57,,,0,23,,39294,57,,,0,21,,39272,57,,,0,61,,39289,57,,,0,20,,39308,57,,,0,20,,39285,57,,,0,59,,39305,57,,,0,18,,39280,57,,,0,19,,39273,57,,,0,61,,39298,57,,,0,25,,39288,57,,,0,66,,39310,57,,,0,25,,39284,57,,,0,26,,39307,57,,,0,65,,39274,57,,,0,25,,39297,57,,,0,66,,39281,57,,,0,26,,39313,57,,,0,65,,39286,57,,,0,28,,39306,57,,,0,25,,39268,57,,,0,59,,39266,57,,,0,18,,39296,57,,,0,20,,39290,57,,,0,56,,39267,57,,,0,18,,39311,57,,,0,17,,39282,57,,,0,60,,39269,57,,,0,17,,39303,57,,,0,18,,39271,57,,,0,18,,39270,57,,,0,60,,39295,57,,,0,20,,39283,57,,,0,23,,39309,57,,,0,54,,39275,57,,,0,17,,39278,57,,,0,20,,39301,57,,,0,70,,39276,57,,,0,34,,39279,57,,,0,70,,39277,57,,,0,34,,39302,57,,,0,69,,39291,57,,,0,75,,39292,57,,,0,26,,39293,57,,,0,28,,39300,57,,,0,85,,39299,57,,,0
1101,'5040',618,,39360,57,,,0,32,,39352,57,,,0,61,,39335,57,,,0,23,,39342,57,,,0,21,,39320,57,,,0,61,,39337,57,,,0,20,,39356,57,,,0,20,,39333,57,,,0,59,,39353,57,,,0,18,,39328,57,,,0,19,,39321,57,,,0,61,,39346,57,,,0,25,,39336,57,,,0,66,,39358,57,,,0,25,,39332,57,,,0,26,,39355,57,,,0,65,,39322,57,,,0,25,,39345,57,,,0,66,,39329,57,,,0,26,,39361,57,,,0,65,,39334,57,,,0,28,,39354,57,,,0,25,,39316,57,,,0,59,,39314,57,,,0,18,,39344,57,,,0,20,,39338,57,,,0,56,,39315,57,,,0,18,,39359,57,,,0,17,,39330,57,,,0,60,,39317,57,,,0,17,,39351,57,,,0,18,,39319,57,,,0,18,,39318,57,,,0,60,,39343,57,,,0,20,,39331,57,,,0,23,,39357,57,,,0,54,,39323,57,,,0,17,,39326,57,,,0,20,,39349,57,,,0,70,,39324,57,,,0,34,,39327,57,,,0,70,,39325,57,,,0,34,,39350,57,,,0,69,,39339,57,,,0,75,,39340,57,,,0,26,,39341,57,,,0,28,,39348,57,,,0,85,,39347,57,,,0
1101,'5041',714,,39375,57,,,0,37,,39363,57,,,0,75,,39368,57,,,0,30,,39393,57,,,0,78,,39376,57,,,0,70,,39362,57,,,0,30,,39371,57,,,0,72,,39387,57,,,0,25,,39365,57,,,0,20,,39389,57,,,0,66,,39377,57,,,0,25,,39364,57,,,0,67,,39369,57,,,0,25,,39386,57,,,0,25,,39366,57,,,0,66,,39384,57,,,0,25,,39374,57,,,0,65,,39367,57,,,0,25,,39373,57,,,0,65,,39395,57,,,0,25,,39370,57,,,0,24,,39388,57,,,0,65,,39378,57,,,0,24,,39372,57,,,0,65,,39394,57,,,0,24,,39385,57,,,0,24,,39391,57,,,0,65,,39392,57,,,0,22,,39379,57,,,0,65,,39390,57,,,0,25,,39383,57,,,0,25,,39382,57,,,0,65,,39380,57,,,0,35,,39381,57,,,0,70,,39398,57,,,0,29,,39396,57,,,0,72,,39397,57,,,0,28,,39399,57,,,0,84,,39400,57,,,0
1101,'5078',734,,39401,57,,,0,85,,39406,57,,,0,87,,39403,57,,,0,46,,39402,57,,,0,76,,39404,57,,,0,72,,39405,57,,,0,31,,39407,57,,,0,70,,39408,57,,,0,28,,39409,57,,,0,30,,39410,57,,,0,71,,39412,57,,,0,28,,39414,57,,,0,70,,39413,57,,,0,30,,39411,57,,,0,71,,39415,57,,,0,30,,39416,57,,,0,68,,39417,57,,,0,30,,39418,57,,,0,70,,39420,57,,,0,29,,39419,57,,,0,70,,39422,57,,,0,29,,39421,57,,,0,70,,39424,57,,,0,75,,39423,57,,,0,43,,39425,57,,,0,80,,39426,57,,,0,84,,39427,57,,,0,43,,39428,57,,,0,77,,39429,57,,,0,78,,39430,57,,,0
1101,'5079',734,,39431,57,,,0,85,,39436,57,,,0,87,,39433,57,,,0,46,,39432,57,,,0,76,,39434,57,,,0,72,,39435,57,,,0,31,,39437,57,,,0,70,,39438,57,,,0,28,,39439,57,,,0,30,,39440,57,,,0,71,,39442,57,,,0,28,,39444,57,,,0,70,,39443,57,,,0,30,,39441,57,,,0,71,,39445,57,,,0,30,,39446,57,,,0,68,,39447,57,,,0,30,,39448,57,,,0,70,,39450,57,,,0,29,,39449,57,,,0,70,,39452,57,,,0,29,,39451,57,,,0,70,,39454,57,,,0,75,,39453,57,,,0,43,,39455,57,,,0,80,,39456,57,,,0,84,,39457,57,,,0,43,,39458,57,,,0,77,,39459,57,,,0,78,,39460,57,,,0
2500,'5036',554,,41709,8,,,0,74,,41702,8,,,0,29,,41700,8,,,0,78,,41701,8,,,0,70,,41708,8,,,0,95,,41707,8,,,0,104,,41705,8,,,0,101,,41703,8,,,0,100,,41704,8,,,0,98,,41710,8,,,0,100,,41706,8,,,0,137,,41712,8,,,0,84,,41711,8,,,0,99,,41713,8,,,0,103,,41714,8,,,0,100,,41715,8,,,0,121,,41716,8,,,0,167,,41717,8,,,0,134,,41718,8,0,5,0
2500,'5040',554,,41729,8,,,0,74,,41721,8,,,0,29,,41719,8,,,0,78,,41720,8,,,0,70,,41727,8,,,0,95,,41726,8,,,0,104,,41724,8,,,0,101,,41722,8,,,0,100,,41723,8,,,0,98,,41730,8,,,0,100,,41725,8,,,0,137,,41732,8,,,0,84,,41731,8,,,0,99,,41733,8,,,0,103,,41734,8,,,0,100,,41735,8,,,0,121,,41736,8,,,0,167,,41737,8,,,0,134,,41738,8,0,5,0
2500,'5041',738,,41745,8,,,0,109,,41743,8,,,0,153,,41747,8,,,0,101,,41741,8,,,0,99,,41739,8,,,0,58,,41740,8,,,0,100,,41742,8,,,0,99,,41746,8,,,0,100,,41744,8,,,0,101,,41748,8,,,0,143,,41749,8,,,0,124,,41750,8,,,0,121,,41751,8,,,0,170,,41752,8,,,0,130,,41753,8,0,5,0
2500,'5078',729,,41758,8,,,0,127,,41756,8,,,0,169,,41757,8,,,0,130,,41759,8,,,0,172,,41760,8,,,0,129,,41761,8,,,0,173,,41762,8,,,0,129,,41763,8,,,0,170,,41764,8,,,0,122,,41765,8,,,0,168,,41766,8,,,0
2500,'5079',729,,41769,8,,,0,127,,41767,8,,,0,169,,41768,8,,,0,130,,41770,8,,,0,172,,41771,8,,,0,129,,41772,8,,,0,173,,41773,8,,,0,129,,41774,8,,,0,170,,41775,8,,,0,122,,41776,8,,,0,168,,41777,8,,,0
