5300,'5036',621,,45100,7,0,25 40,0,33,,45099,7,,,0,184,,45102,7,0,25 40,0,185,,45101,7,0,25 40,0,130,,45103,7,0,25 40,0,172,,45105,16,0,25 40,0,188,,45107,16,0,25 40,0,106,,45104,16,0,25 40,0,129,,45106,16,0,25 40,0,166,,45108,16,0,25 40,0,130,,45109,16,0,25 40,0
5300,'5040',621,,45111,7,0,25 40,0,33,,45110,7,,,0,184,,45113,7,0,25 40,0,185,,45112,7,0,25 40,0,130,,45114,7,0,25 40,0,172,,45116,16,0,25 40,0,188,,45118,16,0,25 40,0,106,,45115,16,0,25 40,0,129,,45117,16,0,25 40,0,166,,45119,16,0,25 40,0,130,,45120,16,0,25 40,0
5300,'5041',703,,45124,7,0,25 40,0,200,,45125,7,0,25 40,0,210,,45126,7,0,25 40,0,217,,45127,16,0,25 40,0,210,,45123,16,0,25 40,0,209,,45121,16,0,25 40,0,206,,45122,16,0,25 40,0
5300,'5078',703,,45131,7,0,25 40,0,202,,45128,7,0,25 40,0,208,,45129,7,0,25 40,0,216,,45132,16,0,25 40,0,210,,45130,16,0,25 40,0,210,,45134,16,0,25 40,0,205,,45133,16,0,25 40,0
5300,'5079',703,,45138,7,0,25 40,0,202,,45135,7,0,25 40,0,208,,45136,7,0,25 40,0,216,,45139,16,0,25 40,0,210,,45137,16,0,25 40,0,210,,45141,16,0,25 40,0,205,,45140,16,0,25 40,0
5701,'5036',611,,45429,22,,,0,90,,45433,22,,,0,45,,45438,22,,,0,80,,45450,22,,,0,10,,45431,22,,,0,81,,45432,22,,,0,87,,45430,22,,,0,45,,45434,22,,,0,85,,45435,22,,,0,85,,45436,22,,,0,86,,45437,22,,,0,45,,45439,22,,,0,90,,45440,22,,,0,101,,45449,22,,,0,73,,45441,22,,,0,42,,45442,22,,,0,85,,45443,22,,,0,86,,45445,22,,,0,88,,45444,22,,,0,99,,45446,22,,,0,114,,45447,22,,,0,110,,45448,22,,,0
5701,'5040',611,,45451,22,,,0,90,,45455,22,,,0,45,,45460,22,,,0,80,,45472,22,,,0,10,,45453,22,,,0,81,,45454,22,,,0,87,,45452,22,,,0,45,,45456,22,,,0,85,,45457,22,,,0,85,,45458,22,,,0,86,,45459,22,,,0,45,,45461,22,,,0,90,,45462,22,,,0,101,,45471,22,,,0,73,,45463,22,,,0,42,,45464,22,,,0,85,,45465,22,,,0,86,,45467,22,,,0,88,,45466,22,,,0,99,,45468,22,,,0,114,,45469,22,,,0,110,,45470,22,,,0
5701,'5041',637,,45484,22,,,0,108,,45474,22,,,0,97,,45485,22,,,0,105,,45488,22,,,0,103,,45486,22,,,0,107,,45487,22,,,0,150,,45473,22,,,0,100,,45479,22,,,0,110,,45483,22,,,0,101,,45480,22,,,0,108,,45475,22,,,0,90,,45477,22,,,0,113,,45481,22,,,0,99,,45482,22,,,0,99,,45478,22,,,0,113,,45476,22,,,0
5701,'5078',745,,45492,22,,,0,99,,45489,22,,,0,105,,45491,22,,,0,100,,45490,22,,,0,107,,45493,22,,,0,150,,45496,22,,,0,100,,45494,22,,,0,110,,45497,22,,,0,100,,45495,22,,,0,109,,45501,22,,,0,90,,45503,22,,,0,113,,45502,22,,,0,100,,45500,22,,,0,99,,45499,22,,,0,85,,45498,22,,,0
5701,'5079',745,,45507,22,,,0,99,,45504,22,,,0,105,,45506,22,,,0,100,,45505,22,,,0,107,,45508,22,,,0,150,,45511,22,,,0,100,,45509,22,,,0,110,,45512,22,,,0,100,,45510,22,,,0,109,,45516,22,,,0,90,,45518,22,,,0,113,,45517,22,,,0,100,,45515,22,,,0,99,,45514,22,,,0,85,,45513,22,,,0
