200,'4623',604,,63268,30,,,0,41,,63260,30,,,0,61,,63255,30,,,0,32,,63269,30,,,0,72,,63263,30,,,0,31,,63254,30,,,0,71,,63267,30,,,0,29,,63264,30,,,0,86,,63253,30,,,0,78,,63256,30,,,0,41,,63257,30,,,0,81,,63266,30,,,0,80,,63259,30,,,0,41,,63258,30,,,0,79,,63265,30,,,0,79,,63261,30,,,0,36,,63262,30,,,0,77,,63270,30,,,0,36,,63271,30,,,0,88,,63273,30,,,0,72,,63272,30,,,0,39,,63277,30,,,0,89,,63275,30,,,0,78,,63276,30,,,0,82,,63281,30,,,0,40,,63280,30,,,0,78,,63282,30,,,0,79,,63283,30,,,0,39,,63284,30,,,0,78,,63285,30,,,0
200,'4833',614,,63307,30,,,0,113,,63310,30,,,0,121,,63308,30,,,0,80,,63296,30,,,0,87,,63309,30,,,0,40,,63294,30,,,0,80,,63288,30,,,0,81,,63295,30,,,0,40,,63289,30,,,0,81,,63302,30,,,0,81,,63290,30,,,0,41,,63293,30,,,0,80,,63292,30,,,0,79,,63291,30,,,0,40,,63305,30,,,0,79,,63306,30,,,0,74,,63304,30,,,0,40,,63298,30,,,0,75,,63299,30,,,0,94,,63301,30,,,0,80,,63300,30,,,0,45,,63316,30,,,0,80,,63313,30,,,0,80,,63312,30,,,0,37,,63314,30,,,0,79,,63311,30,,,0
200,'5015',614,,63337,30,,,0,113,,63340,30,,,0,121,,63338,30,,,0,80,,63326,30,,,0,87,,63339,30,,,0,40,,63324,30,,,0,80,,63318,30,,,0,81,,63325,30,,,0,40,,63319,30,,,0,81,,63332,30,,,0,81,,63320,30,,,0,41,,63323,30,,,0,80,,63322,30,,,0,79,,63321,30,,,0,40,,63335,30,,,0,79,,63336,30,,,0,74,,63334,30,,,0,40,,63328,30,,,0,75,,63329,30,,,0,94,,63331,30,,,0,80,,63330,30,,,0,45,,63346,30,,,0,80,,63343,30,,,0,80,,63342,30,,,0,37,,63344,30,,,0,79,,63341,30,,,0
200,'5222',604,,63364,30,,,0,41,,63356,30,,,0,61,,63351,30,,,0,32,,63365,30,,,0,72,,63359,30,,,0,31,,63350,30,,,0,71,,63363,30,,,0,29,,63360,30,,,0,86,,63349,30,,,0,78,,63352,30,,,0,41,,63353,30,,,0,81,,63362,30,,,0,80,,63355,30,,,0,41,,63354,30,,,0,79,,63361,30,,,0,79,,63357,30,,,0,36,,63358,30,,,0,77,,63366,30,,,0,36,,63367,30,,,0,88,,63369,30,,,0,72,,63368,30,,,0,39,,63373,30,,,0,89,,63371,30,,,0,78,,63372,30,,,0,82,,63377,30,,,0,40,,63376,30,,,0,78,,63378,30,,,0,79,,63379,30,,,0,39,,63380,30,,,0,78,,63381,30,,,0
200,'5365',710,,63405,30,,,0,121,,63404,30,,,0,122,,63403,30,,,0,101,,63384,30,,,0,81,,63402,30,,,0,81,,63390,30,,,0,40,,63388,30,,,0,80,,63383,30,,,0,82,,63385,30,,,0,40,,63396,30,,,0,80,,63391,30,,,0,80,,63386,30,,,0,39,,63389,30,,,0,79,,63387,30,,,0,74,,63397,30,,,0,39,,63393,30,,,0,94,,63398,30,,,0,80,,63394,30,,,0,80,,63400,30,,,0,39,,63401,30,,,0,80,,63399,30,,,0,79,,63406,30,,,0,39,,63407,30,,,0
200,'5390',710,,63430,30,,,0,121,,63429,30,,,0,122,,63428,30,,,0,101,,63409,30,,,0,81,,63427,30,,,0,81,,63415,30,,,0,40,,63413,30,,,0,80,,63408,30,,,0,82,,63410,30,,,0,40,,63421,30,,,0,80,,63416,30,,,0,80,,63411,30,,,0,39,,63414,30,,,0,79,,63412,30,,,0,74,,63422,30,,,0,39,,63418,30,,,0,94,,63423,30,,,0,80,,63419,30,,,0,80,,63425,30,,,0,39,,63426,30,,,0,80,,63424,30,,,0,79,,63431,30,,,0,39,,63432,30,,,0
500,'4623',624,,64666,30,,,0,97,,64659,30,,,0,34,,64661,30,,,0,71,,64658,30,,,0,31,,64660,30,,,0,68,,64663,30,,,0,87,,64662,30,,,0,33,,64671,30,,,0,80,,64668,30,,,0,81,,64664,30,,,0,41,,64665,30,,,0,82,,64667,30,,,0,78,,64672,30,,,0,40,,64669,30,,,0,77,,64670,30,,,0,76,,64674,30,,,0,37,,64673,30,,,0,74,,64675,30,,,0,48,,64676,30,,,0,76,,64677,30,,,0,83,,64679,30,,,0,85,,64678,30,,,0
500,'4833',650,,64691,30,,,0,157,,64687,30,,,0,101,,64690,30,,,0,42,,64681,30,,,0,85,,64688,30,,,0,80,,64682,30,,,0,41,,64697,30,,,0,80,,64689,30,,,0,81,,64680,30,,,0,41,,64686,30,,,0,80,,64683,30,,,0,81,,64693,30,,,0,40,,64684,30,,,0,79,,64685,30,,,0,79,,64694,30,,,0,35,,64695,30,,,0,79,,64696,30,,,0,80,,64692,30,,,0,89,,64698,30,,,0
500,'5015',650,,64710,30,,,0,157,,64706,30,,,0,101,,64709,30,,,0,42,,64700,30,,,0,85,,64707,30,,,0,80,,64701,30,,,0,41,,64716,30,,,0,80,,64708,30,,,0,81,,64699,30,,,0,41,,64705,30,,,0,80,,64702,30,,,0,81,,64712,30,,,0,40,,64703,30,,,0,79,,64704,30,,,0,79,,64713,30,,,0,35,,64714,30,,,0,79,,64715,30,,,0,80,,64711,30,,,0,89,,64717,30,,,0
500,'5222',624,,64726,30,,,0,97,,64719,30,,,0,34,,64721,30,,,0,71,,64718,30,,,0,31,,64720,30,,,0,68,,64723,30,,,0,87,,64722,30,,,0,33,,64731,30,,,0,80,,64728,30,,,0,81,,64724,30,,,0,41,,64725,30,,,0,82,,64727,30,,,0,78,,64732,30,,,0,40,,64729,30,,,0,77,,64730,30,,,0,76,,64734,30,,,0,37,,64733,30,,,0,74,,64735,30,,,0,48,,64736,30,,,0,76,,64737,30,,,0,83,,64739,30,,,0,85,,64738,30,,,0
500,'5365',751,,64753,30,,,0,161,,64752,30,,,0,122,,64751,30,,,0,81,,64746,30,,,0,40,,64740,30,,,0,81,,64741,30,,,0,80,,64754,30,,,0,41,,64747,30,,,0,81,,64744,30,,,0,80,,64742,30,,,0,40,,64743,30,,,0,80,,64755,30,,,0,78,,64748,30,,,0,35,,64745,30,,,0,78,,64749,30,,,0,80,,64750,30,,,0
500,'5390',751,,64769,30,,,0,161,,64768,30,,,0,122,,64767,30,,,0,81,,64762,30,,,0,40,,64756,30,,,0,81,,64757,30,,,0,80,,64770,30,,,0,41,,64763,30,,,0,81,,64760,30,,,0,80,,64758,30,,,0,40,,64759,30,,,0,80,,64771,30,,,0,78,,64764,30,,,0,35,,64761,30,,,0,78,,64765,30,,,0,80,,64766,30,,,0
