900,'4744',716,,4042,,,0,41,,4045,,,0
900,'4870',716,,4047,,,0,41,,4050,,,0
900,'4875',716,,4052,,,0,41,,4055,,,0
2100,'4487',855,,7518,0,18 19,0,387,,7509,0,18 19,0,199,,7510,0,18 19,0,202,,7524,0,18 19,0,199,,7519,0,18 19,0
2100,'4743',855,,7545,0,18 19,0,387,,7536,0,18 19,0,199,,7537,0,18 19,0,202,,7551,0,18 19,0,199,,7546,0,18 19,0
2100,'4744',635,,7562,0,5,0,512,,7586,0,18 19,0,503,,7604,0,18 19,0
2100,'4745',915,,7613,0,18 19,0,322,,7611,0,18 19,0,203,,7617,0,18 19,0,200,,7623,0,18 19,0,197,,7629,0,18 19,0
2100,'4870',635,,7634,0,5,0,512,,7658,0,18 19,0,503,,7675,0,18 19,0
2100,'4875',635,,7682,0,5,0,512,,7706,0,18 19,0,503,,7724,0,18 19,0
2100,'4876',855,,7739,0,18 19,0,387,,7730,0,18 19,0,199,,7731,0,18 19,0,202,,7745,0,18 19,0,199,,7740,0,18 19,0
2100,'4877',915,,7760,0,18 19,0,322,,7758,0,18 19,0,203,,7764,0,18 19,0,200,,7770,0,18 19,0,197,,7776,0,18 19,0
2101,'4744',705,,7851,,,0,14,,7876,,,0,15,,7859,,,0,16,,7861,,,0,55,,7858,,,0,17,,7860,,,0,17,,7870,,,0,62,,7862,,,0,41,,7884,,,0,79,,7853,,,0,81,,7866,,,0,39,,7863,,,0,83,,7852,,,0,81,,7872,,,0,41,,7865,,,0,79,,7895,,,0,18,,7883,,,0,58,,7882,,,0,38,,7897,,,0,19,,7878,,,0,56,,7898,,,0,21,,7881,,,0,17,,7879,,,0,78,,7875,,,0,21,,7874,,,0,59,,7880,,,0
2101,'4870',705,,7930,,,0,14,,7955,,,0,15,,7938,,,0,16,,7940,,,0,55,,7937,,,0,17,,7939,,,0,17,,7949,,,0,62,,7941,,,0,41,,7962,,,0,79,,7932,,,0,81,,7945,,,0,39,,7942,,,0,83,,7931,,,0,81,,7951,,,0,41,,7944,,,0,79,,7973,,,0,18,,7961,,,0,58,,7960,,,0,38,,7975,,,0,19,,7957,,,0,56,,7976,,,0,38,,7958,,,0,78,,7954,,,0,21,,7953,,,0,59,,7959,,,0
2101,'4872',1635,,7977,,,0
2101,'4873',1635,,7978,,,0
2101,'4875',705,,7981,,,0,14,,8006,,,0,15,,7989,,,0,16,,7991,,,0,55,,7988,,,0,17,,7990,,,0,17,,8000,,,0,62,,7992,,,0,41,,8014,,,0,79,,7983,,,0,81,,7996,,,0,39,,7993,,,0,83,,7982,,,0,81,,8002,,,0,41,,7995,,,0,79,,8025,,,0,18,,8013,,,0,58,,8012,,,0,38,,8027,,,0,19,,8008,,,0,56,,8028,,,0,21,,8011,,,0,17,,8009,,,0,78,,8005,,,0,21,,8004,,,0,59,,8010,,,0
3801,'4744',637,,12856,,,0,69,,12857,,,0,26,,12860,,,0,26,,12858,,,0,75,,12876,,,0,88,,12859,,,0,90,,12861,,,0,97,,12862,,,0,100,,12863,,,0,102,,12864,,,0,101,,12865,,,0,100,,12866,,,0,47,,12867,,,0,72,,12868,,,0,70,,12869,,,0,30,,12870,,,0,70,,12872,,,0,30,,12873,,,0,77,,12871,,,0,100,,12874,,,0,105,,12875,,,0
3801,'4870',637,,12877,,,0,69,,12878,,,0,26,,12881,,,0,26,,12879,,,0,75,,12897,,,0,88,,12880,,,0,90,,12882,,,0,97,,12883,,,0,100,,12884,,,0,102,,12885,,,0,101,,12886,,,0,100,,12887,,,0,47,,12888,,,0,72,,12889,,,0,70,,12890,,,0,30,,12891,,,0,70,,12893,,,0,30,,12894,,,0,77,,12892,,,0,100,,12895,,,0,105,,12896,,,0
3801,'4875',637,,12898,,,0,69,,12899,,,0,26,,12902,,,0,26,,12900,,,0,75,,12918,,,0,88,,12901,,,0,90,,12903,,,0,97,,12904,,,0,100,,12905,,,0,102,,12906,,,0,101,,12907,,,0,100,,12908,,,0,47,,12909,,,0,72,,12910,,,0,70,,12911,,,0,30,,12912,,,0,70,,12914,,,0,30,,12915,,,0,77,,12913,,,0,100,,12916,,,0,105,,12917,,,0
3901,'4744',633,,13137,,,0,76,,13138,,,0,31,,13139,,,0,13,,13142,,,0,54,,13141,,,0,14,,13143,,,0,17,,13140,,,0,15,,13147,,,0,62,,13144,,,0,26,,13148,,,0,70,,13145,,,0,29,,13146,,,0,70,,13150,,,0,31,,13149,,,0,71,,13152,,,0,30,,13151,,,0,70,,13153,,,0,30,,13154,,,0,73,,13155,,,0,31,,13157,,,0,60,,13177,,,0,16,,13156,,,0,17,,13159,,,0,15,,13160,,,0,57,,13161,,,0,13,,13162,,,0,15,,13164,,,0,16,,13163,,,0,56,,13165,,,0,14,,13167,,,0,18,,13168,,,0,16,,13166,,,0,60,,13169,,,0,19,,13171,,,0,18,,13170,,,0,60,,13176,,,0,20,,13174,,,0,23,,13173,,,0,147,,13172,,,0
3901,'4870',633,,13191,,,0,76,,13192,,,0,31,,13193,,,0,13,,13196,,,0,54,,13195,,,0,14,,13197,,,0,17,,13194,,,0,15,,13201,,,0,62,,13198,,,0,26,,13202,,,0,70,,13199,,,0,29,,13200,,,0,70,,13204,,,0,31,,13203,,,0,71,,13206,,,0,30,,13205,,,0,70,,13207,,,0,30,,13208,,,0,73,,13209,,,0,31,,13211,,,0,60,,13231,,,0,16,,13210,,,0,17,,13213,,,0,15,,13214,,,0,57,,13215,,,0,13,,13216,,,0,15,,13218,,,0,16,,13217,,,0,56,,13219,,,0,14,,13221,,,0,18,,13222,,,0,16,,13220,,,0,60,,13223,,,0,19,,13225,,,0,18,,13224,,,0,60,,13230,,,0,20,,13228,,,0,23,,13227,,,0,147,,13226,,,0
3901,'4875',633,,13232,,,0,76,,13233,,,0,31,,13234,,,0,13,,13237,,,0,54,,13236,,,0,14,,13238,,,0,17,,13235,,,0,15,,13242,,,0,62,,13239,,,0,26,,13243,,,0,70,,13240,,,0,29,,13241,,,0,70,,13245,,,0,31,,13244,,,0,71,,13247,,,0,30,,13246,,,0,70,,13248,,,0,30,,13249,,,0,73,,13250,,,0,31,,13252,,,0,60,,13272,,,0,16,,13251,,,0,17,,13254,,,0,15,,13255,,,0,57,,13256,,,0,13,,13257,,,0,15,,13259,,,0,16,,13258,,,0,56,,13260,,,0,14,,13262,,,0,18,,13263,,,0,16,,13261,,,0,60,,13264,,,0,19,,13266,,,0,18,,13265,,,0,60,,13271,,,0,20,,13269,,,0,23,,13268,,,0,147,,13267,,,0
8300,'4487',1043,,17882,,,0,300,,17883,,,0,305,,17881,,,0,300,,17880,,,0
8300,'4743',1043,,17886,,,0,300,,17887,,,0,305,,17885,,,0,300,,17884,,,0
8300,'4744',657,,17888,,,0,244,,17889,,,0,140,,17890,,,0,207,,17891,,,0,198,,17892,,,0,212,,17893,,,0,248,,17894,,,0
8300,'4745',1043,,17897,,,0,300,,17898,,,0,305,,17896,,,0,300,,17895,,,0
8300,'4870',657,,17899,,,0,244,,17900,,,0,140,,17901,,,0,207,,17902,,,0,198,,17903,,,0,212,,17904,,,0,248,,17905,,,0
8300,'4875',657,,17906,,,0,244,,17907,,,0,140,,17908,,,0,207,,17909,,,0,198,,17910,,,0,212,,17911,,,0,248,,17912,,,0
8300,'4876',1043,,17915,,,0,300,,17916,,,0,305,,17914,,,0,300,,17913,,,0
8300,'4877',1043,,17919,,,0,300,,17920,,,0,305,,17918,,,0,300,,17917,,,0
8301,'4487',1016,,17924,,,0,300,,17922,,,0,305,,17923,,,0,299,,17921,,,0
8301,'4743',1016,,17928,,,0,300,,17926,,,0,305,,17927,,,0,299,,17925,,,0
8301,'4744',739,,17929,,,0,93,,17930,,,0,208,,17931,,,0,181,,17932,,,0,195,,17933,,,0,213,,17934,,,0,210,,17935,,,0,199,,17936,,,0
8301,'4745',1014,,17939,,,0,300,,17940,,,0,305,,17938,,,0,299,,17937,,,0
8301,'4870',739,,17941,,,0,93,,17942,,,0,208,,17943,,,0,181,,17944,,,0,195,,17945,,,0,213,,17946,,,0,210,,17947,,,0,199,,17948,,,0
8301,'4875',739,,17949,,,0,93,,17950,,,0,208,,17951,,,0,181,,17952,,,0,195,,17953,,,0,213,,17954,,,0,210,,17955,,,0,199,,17956,,,0
8301,'4876',1016,,17960,,,0,300,,17958,,,0,305,,17959,,,0,299,,17957,,,0
8301,'4877',1014,,17963,,,0,300,,17964,,,0,305,,17962,,,0,299,,17961,,,0
