4801,'4744',1725,,13664,,,0,28,,13665,,,0,69,,13666,,,0
4801,'4870',1725,,13667,,,0,28,,13668,,,0,69,,13669,,,0
4801,'4875',1725,,13670,,,0,28,,13671,,,0,69,,13672,,,0
5201,'4487',702,,14085,,,0,32,,14095,,,0,70,,14093,,,0,32,,14076,,,0,70,,14083,,,0,30,,14102,,,0,70,,14079,,,0,31,,14077,,,0,70,,14084,,,0,30,,14103,,,0,71,,14081,,,0,32,,14078,,,0,75,,14087,,,0,29,,14105,,,0,75,,14082,,,0,35,,14092,,,0,75,,14086,,,0,30,,14104,,,0,70,,14080,,,0,30,,14090,,,0,64,,14098,,,0,25,,14089,,,0,64,,14094,,,0,25,,14091,,,0,70,,14088,,,0,28,,14101,,,0,72,,14096,,,0,30,,14100,,,0,70,,14097,,,0,24,,14099,0,30 14,0,70,,14106,,,0,103,,14107,,,0,99,,14108,,,0
5201,'4743',702,,14118,,,0,32,,14128,,,0,70,,14126,,,0,32,,14109,,,0,70,,14116,,,0,30,,14135,,,0,70,,14112,,,0,31,,14110,,,0,70,,14117,,,0,30,,14136,,,0,71,,14114,,,0,32,,14111,,,0,75,,14120,,,0,29,,14138,,,0,75,,14115,,,0,35,,14125,,,0,75,,14119,,,0,30,,14137,,,0,70,,14113,,,0,30,,14123,,,0,64,,14131,,,0,25,,14122,,,0,64,,14127,,,0,25,,14124,,,0,70,,14121,,,0,28,,14134,,,0,72,,14129,,,0,30,,14133,,,0,70,,14130,,,0,24,,14132,0,30 14,0,70,,14139,,,0,103,,14140,,,0,99,,14141,,,0
5201,'4744',520,,14145,,,0,37,,14142,,,0,78,,14149,,,0,78,,14144,,,0,27,,14155,,,0,69,,14143,,,0,34,,14161,,,0,63,,14150,,,0,34,,14146,,,0,75,,14147,,,0,29,,14159,,,0,70,,14151,,,0,28,,14148,,,0,75,,14152,,,0,34,,14160,,,0,71,,14153,,,0,30,,14154,,,0,70,,14174,,,0,32,,14156,,,0,60,,14180,0,38 3 39,0,8,,14162,,,0,25,,14179,0,30 14,0,3,,14181,0,30 14,0,73,,14158,,,0,35,,14175,,,0,63,,14163,,,0,25,,14164,,,0,62,,14165,,,0,30,,14166,,,0,69,,14176,,,0,30,,14167,,,0,73,,14168,,,0,28,,14170,,,0,68,,14178,,,0,26,,14171,0,30 14,0,74,,14172,,,0,97,,14177,,,0,99,,14173,,,0
5201,'4745',733,,14188,,,0,70,,14204,,,0,31,,14196,,,0,71,,14183,,,0,30,,14191,,,0,71,,14198,,,0,31,,14193,,,0,70,,14184,,,0,30,,14190,,,0,70,,14199,,,0,30,,14195,,,0,75,,14182,,,0,30,,14189,,,0,75,,14202,,,0,35,,14194,,,0,75,,14185,,,0,30,,14187,,,0,70,,14201,,,0,30,,14192,,,0,70,,14197,,,0,29,,14186,,,0,70,,14200,,,0,79,,14203,,,0,100,,14205,,,0,99,,14206,,,0,100,,14207,,,0,99,,14208,,,0
5201,'4870',520,,14212,,,0,37,,14209,,,0,78,,14216,,,0,78,,14211,,,0,27,,14222,,,0,69,,14210,,,0,34,,14228,,,0,63,,14217,,,0,34,,14213,,,0,75,,14214,,,0,29,,14226,,,0,70,,14218,,,0,28,,14215,,,0,75,,14219,,,0,34,,14227,,,0,71,,14220,,,0,30,,14221,,,0,70,,14241,,,0,32,,14223,,,0,60,,14247,0,38 3 39,0,8,,14229,,,0,25,,14246,0,30 14,0,3,,14248,0,30 14,0,73,,14225,,,0,35,,14242,,,0,63,,14230,,,0,25,,14231,,,0,62,,14232,,,0,30,,14233,,,0,69,,14243,,,0,30,,14234,,,0,73,,14235,,,0,28,,14237,,,0,68,,14245,,,0,26,,14238,0,30 14,0,74,,14239,,,0,97,,14244,,,0,99,,14240,,,0
5201,'4875',520,,14252,,,0,37,,14249,,,0,78,,14256,,,0,78,,14251,,,0,27,,14262,,,0,69,,14250,,,0,34,,14268,,,0,63,,14257,,,0,34,,14253,,,0,75,,14254,,,0,29,,14266,,,0,70,,14258,,,0,28,,14255,,,0,75,,14259,,,0,34,,14267,,,0,71,,14260,,,0,30,,14261,,,0,70,,14281,,,0,27,,14286,0,30 14,0,5,,14263,,,0,60,,14287,0,38 3 39,0,8,,14269,,,0,28,,14264,,,0,73,,14265,,,0,35,,14282,,,0,63,,14270,,,0,25,,14271,,,0,62,,14272,,,0,30,,14273,,,0,69,,14283,,,0,30,,14274,,,0,73,,14275,,,0,28,,14277,,,0,68,,14285,,,0,26,,14278,0,30 14,0,74,,14279,,,0,97,,14284,,,0,99,,14280,,,0
5201,'4876',702,,14297,,,0,32,,14307,,,0,70,,14305,,,0,32,,14288,,,0,70,,14295,,,0,30,,14314,,,0,70,,14291,,,0,31,,14289,,,0,70,,14296,,,0,30,,14315,,,0,71,,14293,,,0,32,,14290,,,0,75,,14299,,,0,29,,14317,,,0,75,,14294,,,0,35,,14304,,,0,75,,14298,,,0,30,,14316,,,0,70,,14292,,,0,30,,14302,,,0,64,,14310,,,0,25,,14301,,,0,64,,14306,,,0,25,,14303,,,0,70,,14300,,,0,28,,14313,,,0,72,,14308,,,0,30,,14312,,,0,70,,14309,,,0,24,,14311,0,30 14,0,70,,14318,,,0,103,,14319,,,0,99,,14320,,,0
5201,'4877',733,,14327,,,0,70,,14343,,,0,31,,14335,,,0,71,,14322,,,0,30,,14330,,,0,71,,14337,,,0,31,,14332,,,0,70,,14323,,,0,30,,14329,,,0,70,,14338,,,0,30,,14334,,,0,75,,14321,,,0,30,,14328,,,0,75,,14341,,,0,35,,14333,,,0,75,,14324,,,0,30,,14326,,,0,70,,14340,,,0,30,,14331,,,0,70,,14336,,,0,29,,14325,,,0,70,,14339,,,0,79,,14342,,,0,100,,14344,,,0,99,,14345,,,0,100,,14346,,,0,99,,14347,,,0
6100,'4487',656,,15800,0,30 14,0,100,,15801,0,30 14,0,82,,15799,0,30 14,0,98,,15802,0,30 14,0,96,,15803,0,30 14,0,82,,15804,0,30 14,0,35,,15805,0,30 14,0,88,,15806,0,30 14,0,75,,15807,0,30 14,0,35,,15808,0,30 14,0,76,,15809,0,30 14,0,36,,15810,0,30 14,0,77,,15811,0,30 14,0,77,,15812,0,30 14,0,25,,15813,0,30 14,0,78,,15814,0,30 14,0,41,,15815,0,30 14,0,72,,15816,0,30 14,0,71,,15817,0,30 14,0,31,,15818,0,30 14,0,73,,15819,0,30 14,0,43,,15820,0,30 14,0,81,,15821,0,30 14,0,80,,15822,0,30 14,0,103,,15823,0,30 14,0,32,,15824,0,30 14,0,100,,15825,0,30 14,0,78,,15826,0,30,0
6100,'4743',656,,15828,0,30 14,0,100,,15829,0,30 14,0,82,,15827,0,30 14,0,98,,15830,0,30 14,0,96,,15831,0,30 14,0,82,,15832,0,30 14,0,35,,15833,0,30 14,0,88,,15834,0,30 14,0,75,,15835,0,30 14,0,35,,15836,0,30 14,0,76,,15837,0,30 14,0,36,,15838,0,30 14,0,77,,15839,0,30 14,0,77,,15840,0,30 14,0,25,,15841,0,30 14,0,78,,15842,0,30 14,0,41,,15843,0,30 14,0,72,,15844,0,30 14,0,71,,15845,0,30 14,0,31,,15846,0,30 14,0,73,,15847,0,30 14,0,43,,15848,0,30 14,0,81,,15849,0,30 14,0,80,,15850,0,30 14,0,103,,15851,0,30 14,0,32,,15852,0,30 14,0,100,,15853,0,30 14,0,78,,15854,0,30,0
6100,'4744',841,,15867,0,30 14,0,80,,15856,0,30 14,0,36,,15860,0,30 14,0,64,,15871,0,30 14,0,36,,15863,0,30 14,0,88,,15862,0,30 14,0,76,,15869,0,30 14,0,35,,15864,0,30 14,0,74,,15866,0,30 14,0,79,,15873,0,30 14,0,30,,15868,0,30 14,0,80,,15870,0,30 14,0,33,,15875,0,30 14,0,67,,15891,0,30 14,0,15,,15876,0,30 14,0,66,,15879,0,30 14,0,39,,15883,0,30 14,0,68,,15878,0,30 14,0,25,,15877,0,30 14,0,68,,15882,0,30 14,0,32,,15884,0,30 14,0,70,,15880,0,30 14,0,30,,15881,0,30 14,0,95,,15885,0,30 14,0,81,,15886,0,30 14,0,103,,15887,0,30 14,0,33,,15888,0,30 14,0,100,,15889,0,30 14,0,73,,15890,0,30 14,0
6100,'4745',659,,15892,0,30 14,0,144,,15893,0,30 14,0,43,,15894,0,30 14,0,97,,15895,0,30 14,0,83,,15896,0,30 14,0,86,,15897,0,30 14,0,97,,15898,0,30 14,0,44,,15899,0,30 14,0,101,,15900,0,30 14,0,93,,15901,0,30 14,0,103,,15902,0,30 14,0,77,,15903,0,30 14,0,102,,15904,0,30 14,0,86,,15905,0,30 14,0,103,,15906,0,30 14,0,86,,15907,0,30 14,0,45,,15908,0,30 14,0,101,,15909,0,30 14,0,93,,15910,0,30 14,0,101,,15911,0,30 14,0,74,,15912,0,30,0
6100,'4870',841,,15925,0,30 14,0,80,,15914,0,30 14,0,36,,15918,0,30 14,0,64,,15929,0,30 14,0,36,,15921,0,30 14,0,88,,15920,0,30 14,0,76,,15927,0,30 14,0,35,,15922,0,30 14,0,74,,15924,0,30 14,0,79,,15931,0,30 14,0,30,,15926,0,30 14,0,80,,15928,0,30 14,0,33,,15933,0,30 14,0,67,,15949,0,30 14,0,15,,15934,0,30 14,0,66,,15937,0,30 14,0,39,,15941,0,30 14,0,68,,15936,0,30 14,0,25,,15935,0,30 14,0,68,,15940,0,30 14,0,32,,15942,0,30 14,0,70,,15938,0,30 14,0,30,,15939,0,30 14,0,95,,15943,0,30 14,0,81,,15944,0,30 14,0,103,,15945,0,30 14,0,33,,15946,0,30 14,0,100,,15947,0,30 14,0,73,,15948,0,30 14,0
6100,'4875',841,,15962,0,30 14,0,80,,15951,0,30 14,0,36,,15955,0,30 14,0,64,,15966,0,30 14,0,36,,15958,0,30 14,0,88,,15957,0,30 14,0,76,,15964,0,30 14,0,35,,15959,0,30 14,0,74,,15961,0,30 14,0,79,,15968,0,30 14,0,30,,15963,0,30 14,0,68,,15987,0,30 14,0,12,,15965,0,30 14,0,33,,15970,0,30 14,0,82,,15971,0,30 14,0,66,,15974,0,30 14,0,39,,15978,0,30 14,0,68,,15973,0,30 14,0,25,,15972,0,30 14,0,68,,15977,0,30 14,0,32,,15979,0,30 14,0,70,,15975,0,30 14,0,30,,15976,0,30 14,0,95,,15980,0,30 14,0,81,,15981,0,30 14,0,103,,15983,0,30 14,0,33,,15984,0,30 14,0,100,,15985,0,30 14,0,73,,15986,0,30 14,0,100,,15982,0,30,0
6100,'4876',656,,15989,0,30 14,0,100,,15990,0,30 14,0,82,,15988,0,30 14,0,98,,15991,0,30 14,0,96,,15992,0,30 14,0,82,,15993,0,30 14,0,35,,15994,0,30 14,0,88,,15995,0,30 14,0,75,,15996,0,30 14,0,35,,15997,0,30 14,0,76,,15998,0,30 14,0,36,,15999,0,30 14,0,77,,16000,0,30 14,0,77,,16001,0,30 14,0,25,,16002,0,30 14,0,78,,16003,0,30 14,0,41,,16004,0,30 14,0,72,,16005,0,30 14,0,71,,16006,0,30 14,0,31,,16007,0,30 14,0,73,,16008,0,30 14,0,43,,16009,0,30 14,0,81,,16010,0,30 14,0,80,,16011,0,30 14,0,103,,16012,0,30 14,0,32,,16013,0,30 14,0,100,,16014,0,30 14,0,78,,16015,0,30,0,99,,16016,0,30,0
6100,'4877',659,,16017,0,30 14,0,144,,16018,0,30 14,0,43,,16019,0,30 14,0,97,,16020,0,30 14,0,83,,16021,0,30 14,0,86,,16022,0,30 14,0,97,,16023,0,30 14,0,44,,16024,0,30 14,0,101,,16025,0,30 14,0,93,,16026,0,30 14,0,103,,16027,0,30 14,0,77,,16028,0,30 14,0,102,,16029,0,30 14,0,86,,16030,0,30 14,0,103,,16031,0,30 14,0,86,,16032,0,30 14,0,45,,16033,0,30 14,0,101,,16034,0,30 14,0,93,,16035,0,30 14,0,101,,16036,0,30 14,0,74,,16037,0,30,0
6400,'4744',743,,16287,,,0,507,,16289,,,0,580,,16291,,,0
6400,'4870',743,,16294,,,0,507,,16296,,,0,580,,16298,,,0
6400,'4875',743,,16301,,,0,507,,16303,,,0,580,,16305,,,0
