3800,'4663',604,,59162,2,,,0,31,,59163,2,,,0,12,,59164,2,,,0,12,,59167,2,,,0,62,,59165,2,,,0,28,,59166,2,,,0,80,,59182,2,,,0,72,,59168,2,,,0,101,,59169,2,,,0,100,,59170,2,,,0,100,,59171,2,,,0,102,,59172,2,,,0,53,,59173,2,,,0,78,,59183,2,,,0,70,,59174,2,,,0,27,,59175,2,,,0,80,,59176,2,,,0,31,,59177,2,,,0,75,,59178,2,,,0,83,,59180,2,,,0,105,,59179,2,,,0,102,,59181,2,,,0
3800,'5372',604,,44167,2,,,0,31,,44168,2,,,0,12,,44169,2,,,0,12,,44172,2,,,0,62,,44170,2,,,0,28,,44171,2,,,0,80,,44187,2,,,0,72,,44173,2,,,0,101,,50230,2,,,0,100,,44175,2,,,0,100,,50231,2,,,0,102,,59184,2,,,0,53,,44178,2,,,0,78,,44188,2,,,0,70,,44179,2,,,0,27,,44180,2,,,0,80,,44181,2,,,0,31,,44182,2,,,0,75,,44183,2,,,0,83,,59185,2,,,0,105,,50232,2,,,0,102,,59186,2,,,0
3800,'5385',604,,59187,2,,,0,31,,59188,2,,,0,12,,59189,2,,,0,12,,59192,2,,,0,62,,59190,2,,,0,28,,59191,2,,,0,80,,59207,2,,,0,72,,59193,2,,,0,101,,59194,2,,,0,100,,59195,2,,,0,100,,59196,2,,,0,102,,59197,2,,,0,53,,59198,2,,,0,78,,59208,2,,,0,70,,59199,2,,,0,27,,59200,2,,,0,80,,59201,2,,,0,31,,59202,2,,,0,75,,59203,2,,,0,83,,59205,2,,,0,105,,59204,2,,,0,102,,59206,2,,,0
4600,'4663',553,,59571,2,,,0,57,,59559,2,,,0,23,,59572,2,,,0,25,,59560,2,,,0,79,,59561,2,,,0,101,,59562,2,,,0,101,,59566,2,,,0,377,,59563,2,,,0,107,,59564,2,,,0,33,,59565,2,,,0,72,,59570,2,,,0,102,,59567,2,,,0,70,,59568,2,,,0,47,,59569,2,,,0
4600,'5372',553,,50307,2,,,0,57,,44608,2,,,0,23,,51723,2,,,0,25,,44609,2,,,0,79,,44610,2,,,0,101,,50303,2,,,0,101,,50305,2,,,0,377,,44612,2,,,0,107,,50304,2,,,0,33,,44614,2,,,0,72,,44619,2,,,0,102,,50306,2,,,0,70,,44617,2,,,0,47,,44618,2,,,0
4600,'5385',553,,59585,2,,,0,57,,59573,2,,,0,23,,59586,2,,,0,25,,59574,2,,,0,79,,59575,2,,,0,101,,59576,2,,,0,101,,59580,2,,,0,377,,59577,2,,,0,107,,59578,2,,,0,33,,59579,2,,,0,72,,59584,2,,,0,102,,59581,2,,,0,70,,59582,2,,,0,47,,59583,2,,,0
4701,'4663',1720,,59617,52,4,,0,30,,59618,52,4,,0,69,,59619,52,4,,0
4701,'5372',1720,,51727,52,4,,0,30,,51728,52,4,,0,69,,51729,52,4,,0
4701,'5385',1720,,59620,52,4,,0,30,,59621,52,4,,0,69,,59622,52,4,,0
5800,'4332',702,,60370,10,,,0,100,,60371,10,,,0,101,,60372,10,,,0,106,,60373,10,,,0,105,,60368,10,,,0,105,,60369,10,,,0,100,,60367,10,,,0,111,,60365,10,,,0,100,,60366,10,,,0,110,,60364,10,,,0,99,,60359,10,,,0,104,,60360,10,,,0,100,,60361,10,,,0,105,,60362,10,,,0,154,,60363,10,,,0,110,,60358,10,,,0
5800,'4663',629,,60338,10,,,0,71,,60347,10,,,0,40,,60335,10,,,0,80,,60334,10,,,0,25,,60341,10,,,0,70,,60337,10,,,0,43,,60336,10,,,0,86,,60339,10,,,0,85,,60340,10,,,0,85,,60342,10,,,0,45,,60344,10,,,0,87,,60343,10,,,0,87,,60345,10,,,0,25,,60355,11,,,0,58,,60346,10,,,0,16,,60356,10,,,0,27,,60348,10,,,0,91,,60349,10,,,0,88,,60350,10,,,0,85,,60351,10,,,0,85,,60352,10,,,0,145,,60353,10,,,0,150,,60354,10,,,0,108,,60357,10,,,0
5800,'5078',801,,60374,10,,,0,102,,60378,10,,,0,105,,60375,10,,,0,106,,60379,10,,,0,105,,60377,10,,,0,100,,60380,10,,,0,111,,60376,10,,,0,100,,60381,10,,,0,109,,60382,10,,,0,100,,60384,10,,,0,103,,60383,10,,,0,100,,60385,10,,,0,105,,60386,10,,,0,199,,60387,10,,,0
5800,'5372',629,,45523,10,,,0,71,,45532,10,,,0,40,,45520,10,,,0,80,,45519,10,,,0,25,,45526,10,,,0,70,,45522,10,,,0,43,,45521,10,,,0,86,,45524,10,,,0,85,,45525,10,,,0,85,,45527,10,,,0,45,,45529,10,,,0,87,,45528,10,,,0,87,,45530,10,,,0,25,,45540,11,,,0,58,,45531,10,,,0,16,,45541,10,,,0,27,,45533,10,,,0,91,,45534,10,,,0,88,,45535,10,,,0,85,,45536,10,,,0,85,,45537,10,,,0,145,,45538,10,,,0,150,,45539,10,,,0,108,,45542,10,,,0
5800,'5385',629,,60392,10,,,0,71,,60401,10,,,0,40,,60389,10,,,0,80,,60388,10,,,0,25,,60395,10,,,0,70,,60391,10,,,0,43,,60390,10,,,0,86,,60393,10,,,0,85,,60394,10,,,0,85,,60396,10,,,0,45,,60398,10,,,0,87,,60397,10,,,0,87,,60399,10,,,0,25,,60409,11,,,0,58,,60400,10,,,0,16,,60410,10,,,0,27,,60402,10,,,0,91,,60403,10,,,0,88,,60404,10,,,0,85,,60405,10,,,0,85,,60406,10,,,0,145,,60407,10,,,0,150,,60408,10,,,0,108,,60411,10,,,0
6500,'4663',602,,61032,38,,,0,55,,61034,38,,,0,62,,61035,38,,,0,83,,61033,38,,,0
6500,'5372',602,,46333,38,,,0,55,,46335,38,,,0,62,,46336,38,,,0,83,,46334,38,,,0
6500,'5385',602,,61036,38,,,0,55,,61038,38,,,0,62,,61039,38,,,0,83,,61037,38,,,0
24005100,'4663',630,,63176,2,,,0,16,,63175,2,,,0,63,,63173,2,,,0,26,,63171,2,,,0,699,,63170,2,,,0,103,,63177,2,,,0,68,,63174,2,,,0,31,,63172,2,,,0
24005100,'5372',630,,48860,2,,,0,16,,48859,2,,,0,63,,48857,2,,,0,26,,48855,2,,,0,699,,48854,2,,,0,103,,52688,2,,,0,68,,48858,2,,,0,31,,48856,2,,,0
24005100,'5385',630,,63184,2,,,0,16,,63183,2,,,0,63,,63181,2,,,0,26,,63179,2,,,0,699,,63178,2,,,0,103,,63185,2,,,0,68,,63182,2,,,0,31,,63180,2,,,0
