6100,'4532',640,,74454,17,0,30 14,0,99,,74455,17,0,30 14,0,82,,74453,17,0,30 14,0,98,,74456,17,0,30 14,0,95,,74457,17,0,30 14,0,42,,74458,17,0,30 14,0,75,,74459,17,0,30 14,0,87,,74460,17,0,30 14,0,35,,74461,17,0,30 14,0,75,,74462,17,0,30 14,0,76,,74463,17,0,30 14,0,37,,74464,17,0,30 14,0,77,,74465,17,0,30 14,0,37,,74466,17,0,30 14,0,66,,74467,17,0,30 14,0,38,,74468,17,0,30 14,0,81,,74469,17,0,30 14,0,72,,74470,17,0,30 14,0,31,,74471,17,0,30 14,0,71,,74472,17,0,30 14,0,33,,74473,17,0,30 14,0,83,,74474,17,0,30 14,0,81,,74475,17,0,30 14,0,41,,74476,17,0,30 14,0,103,,74477,17,0,30 14,0,73,,74478,17,0,30 14,0,100,,74479,17,0,30 14,0,78,,74480,17,0,30,0,100,,74481,17,0,30,0
6100,'4623',529,,74420,35,,,0,78,,74400,35,,,0,15,,74421,35,,,0,20,,74402,35,,,0,64,,74398,35,,,0,20,,74389,35,,,0,17,,74397,35,,,0,69,,74392,35,,,0,13,,74418,17,0,30 14,0,34,,74404,17,0,30 14,0,80,,74401,17,0,30 14,0,64,,74419,17,0,30 14,0,36,,74399,17,0,30 14,0,87,,74408,17,0,30 14,0,76,,74422,17,0,30 14,0,36,,74407,17,0,30 14,0,74,,74406,17,0,30 14,0,39,,74423,17,0,30 14,0,70,,74405,17,0,30 14,0,80,,74403,17,0,30 14,0,32,,74388,17,0,30 14,0,82,,74390,17,0,30 14,0,26,,74391,17,0,30 14,0,79,,74393,17,0,30 14,0,31,,74411,17,0,30 14,0,67,,74396,17,0,30 14,0,25,,74395,17,0,30 14,0,72,,74394,17,0,30 14,0,31,,74410,17,0,30 14,0,70,,74409,17,0,30 14,0,95,,74414,17,0,30 14,0,41,,74413,17,0,30 14,0,104,,74415,17,0,30 14,0,73,,74412,17,0,30 14,0,100,,74416,17,0,30 14,0,74,,74417,17,0,30 14,0,100,,74424,17,0,30,0
6100,'4832',644,,74518,17,0,30 14,0,104,,74519,17,0,30 14,0,83,,74520,17,0,30 14,0,96,,74521,17,0,30 14,0,82,,74522,17,0,30 14,0,46,,74523,17,0,30 14,0,97,,74524,17,0,30 14,0,82,,74525,17,0,30 14,0,101,,74526,17,0,30 14,0,94,,74527,17,0,30 14,0,103,,74528,17,0,30 14,0,79,,74529,17,0,30 14,0,102,,74530,17,0,30 14,0,46,,74531,17,0,30 14,0,143,,74532,17,0,30 14,0,46,,74533,17,0,30 14,0,86,,74534,17,0,30 14,0,101,,74535,17,0,30 14,0,93,,74536,17,0,30 14,0,101,,74537,17,0,30 14,0,75,,74538,17,0,30,0
6100,'4833',640,,74426,17,0,30 14,0,99,,74427,17,0,30 14,0,82,,74425,17,0,30 14,0,98,,74428,17,0,30 14,0,95,,74429,17,0,30 14,0,42,,74430,17,0,30 14,0,75,,74431,17,0,30 14,0,87,,74432,17,0,30 14,0,35,,74433,17,0,30 14,0,75,,74434,17,0,30 14,0,76,,74435,17,0,30 14,0,37,,74436,17,0,30 14,0,77,,74437,17,0,30 14,0,37,,74438,17,0,30 14,0,66,,74439,17,0,30 14,0,38,,74440,17,0,30 14,0,81,,74441,17,0,30 14,0,72,,74442,17,0,30 14,0,31,,74443,17,0,30 14,0,71,,74444,17,0,30 14,0,33,,74445,17,0,30 14,0,83,,74446,17,0,30 14,0,81,,74447,17,0,30 14,0,41,,74448,17,0,30 14,0,103,,74449,17,0,30 14,0,73,,74450,17,0,30 14,0,100,,74451,17,0,30 14,0,78,,74452,17,0,30,0
6100,'5222',529,,74514,35,,,0,78,,74494,35,,,0,15,,74515,35,,,0,20,,74496,35,,,0,64,,74492,35,,,0,20,,74483,35,,,0,17,,74491,35,,,0,69,,74486,35,,,0,13,,74512,17,0,30 14,0,34,,74498,17,0,30 14,0,80,,74495,17,0,30 14,0,64,,74513,17,0,30 14,0,36,,74493,17,0,30 14,0,87,,74502,17,0,30 14,0,76,,74516,17,0,30 14,0,36,,74501,17,0,30 14,0,74,,74500,17,0,30 14,0,39,,74517,17,0,30 14,0,70,,74499,17,0,30 14,0,80,,74497,17,0,30 14,0,32,,74482,17,0,30 14,0,82,,74484,17,0,30 14,0,26,,74485,17,0,30 14,0,79,,74487,17,0,30 14,0,31,,74505,17,0,30 14,0,67,,74490,17,0,30 14,0,25,,74489,17,0,30 14,0,72,,74488,17,0,30 14,0,31,,74504,17,0,30 14,0,70,,74503,17,0,30 14,0,95,,74508,17,0,30 14,0,41,,74507,17,0,30 14,0,104,,74509,17,0,30 14,0,73,,74506,17,0,30 14,0,100,,74510,17,0,30 14,0,74,,74511,17,0,30 14,0
6100,'5390',644,,74539,17,0,30 14,0,104,,74540,17,0,30 14,0,83,,74541,17,0,30 14,0,96,,74542,17,0,30 14,0,82,,74543,17,0,30 14,0,46,,74544,17,0,30 14,0,97,,74545,17,0,30 14,0,82,,74546,17,0,30 14,0,101,,74547,17,0,30 14,0,94,,74548,17,0,30 14,0,103,,74549,17,0,30 14,0,79,,74550,17,0,30 14,0,102,,74551,17,0,30 14,0,46,,74552,17,0,30 14,0,143,,74553,17,0,30 14,0,46,,74554,17,0,30 14,0,86,,74555,17,0,30 14,0,101,,74556,17,0,30 14,0,93,,74557,17,0,30 14,0,101,,74558,17,0,30 14,0,75,,74559,17,0,30,0
6400,'4623',859,,74744,16,0,32 33,0,296,,74739,31,,,0,372,,74740,31,0,32 33,0,207,,74741,16,,,0
6400,'5222',859,,74751,16,0,32 33,0,296,,74746,31,,,0,372,,74747,31,0,32 33,0,207,,74748,16,,,0
6500,'4623',547,,74769,26,,,0,101,,74768,26,,,0,63,,74767,26,,,0,41,,74766,26,,,0
6500,'5222',547,,74773,26,,,0,101,,74772,26,,,0,63,,74771,26,,,0,41,,74770,26,,,0
