2500,'4663',626,,57076,56,,,0,77,,57068,56,,,0,35,,57066,56,,,0,80,,57067,56,,,0,28,,57074,56,,,0,93,,57073,56,,,0,104,,57071,56,,,0,101,,57069,56,,,0,101,,57070,56,,,0,100,,57077,56,,,0,100,,57072,56,,,0,101,,57075,48,,,0,80,,57079,56,,,0,84,,57078,56,,,0,93,,57080,56,,,0,99,,57081,56,,,0,99,,57082,56,,,0,120,,57083,56,,,0,127,,57084,56,,,0
2500,'5372',626,,41709,56,,,0,77,,41702,56,,,0,35,,41700,56,,,0,80,,41701,56,,,0,28,,41708,56,,,0,93,,41707,56,,,0,104,,41705,56,,,0,101,,41703,56,,,0,101,,41704,56,,,0,100,,41710,56,,,0,100,,41706,56,,,0,181,,41712,56,,,0,84,,41711,56,,,0,93,,41713,56,,,0,99,,41714,56,,,0,99,,41715,56,,,0,120,,41716,56,,,0,127,,41717,56,,,0
2500,'5373',1546,,41755,48,,,0
2500,'5377',801,,41758,56,,,0,131,,41756,56,,,0,170,,41757,56,,,0,131,,41759,56,,,0,173,,41760,56,,,0,130,,41761,56,,,0,170,,41762,56,,,0,127,,41763,56,,,0,169,,41764,56,,,0,119,,41765,56,,,0,127,,41766,56,,,0
2500,'5381',1546,,50127,48,,,0
2500,'5383',810,,57092,56,,,0,110,,57090,56,,,0,116,,57094,56,,,0,103,,57088,56,,,0,100,,57086,56,,,0,99,,57087,56,,,0,100,,57089,56,,,0,100,,57093,56,,,0,99,,57091,56,,,0,100,,57095,56,,,0,102,,57096,56,,,0,162,,57097,56,,,0,121,,57098,56,,,0,127,,57099,56,,,0
2500,'5384',801,,57103,56,,,0,131,,57101,56,,,0,170,,57102,56,,,0,131,,57104,56,,,0,173,,57105,56,,,0,130,,57106,56,,,0,170,,57107,56,,,0,127,,57108,56,,,0,169,,57109,56,,,0,119,,57110,56,,,0,127,,57111,56,,,0
2500,'5385',626,,57121,56,,,0,77,,57114,56,,,0,35,,57112,56,,,0,80,,57113,56,,,0,28,,57120,56,,,0,93,,57119,56,,,0,104,,57117,56,,,0,101,,57115,56,,,0,101,,57116,56,,,0,100,,57122,56,,,0,100,,57118,56,,,0,181,,57124,56,,,0,84,,57123,56,,,0,93,,57125,56,,,0,99,,57126,56,,,0,99,,57127,56,,,0,120,,57128,56,,,0,127,,57129,56,,,0
2500,'5387',1546,,57131,48,,,0
2500,'5388',1546,,57132,48,,,0
