700,'4663',608,,54314,23,0,5,0,28,,54312,23,0,5,0,17,,54325,23,0,5,0,54,,54308,23,0,5,0,16,,54319,23,0,5,0,13,,54298,23,0,5,0,17,,54329,23,0,5,0,55,,54305,23,0,5,0,20,,54315,23,0,5,0,18,,54299,23,0,5,0,58,,54303,23,0,5,0,26,,54317,23,0,5,0,26,,54337,23,0,5,0,70,,54334,23,0,5,0,30,,54335,23,0,5,0,70,,54311,23,0,5,0,30,,54338,23,0,5,0,70,,54333,23,0,5,0,30,,54332,23,0,5,0,71,,54336,23,0,5,0,30,,54310,23,0,5,0,70,,54321,23,0,5,0,20,,54300,23,0,5,0,59,,54313,23,0,5,0,15,,54339,23,0,5,0,5,,54306,23,0,5,0,20,,54331,23,0,5,0,56,,54301,23,0,5,0,18,,54320,23,0,5,0,18,,54309,23,0,5,0,19,,54302,23,0,5,0,59,,54316,23,0,5,0,18,,54307,23,0,5,0,16,,54322,23,0,5,0,58,,54304,23,0,5,0,16,,54328,23,0,5,0,31,,54324,23,0,5,0,70,,54326,23,0,5,0,33,,54318,23,0,5,0,69,,54327,23,0,5,0,30,,54330,23,0,5,0,70,,54323,23,0,5,0
700,'5372',608,,38410,23,0,5,0,28,,38408,23,0,5,0,17,,38421,23,0,5,0,54,,38404,23,0,5,0,16,,38415,23,0,5,0,13,,38394,23,0,5,0,17,,38425,23,0,5,0,55,,38401,23,0,5,0,20,,38411,23,0,5,0,18,,38395,23,0,5,0,58,,38399,23,0,5,0,26,,38413,23,0,5,0,26,,38433,23,0,5,0,70,,38430,23,0,5,0,30,,38431,23,0,5,0,70,,38407,23,0,5,0,30,,38434,23,0,5,0,70,,38429,23,0,5,0,30,,51619,23,0,5,0,71,,38432,23,0,5,0,30,,38406,23,0,5,0,70,,38417,23,0,5,0,20,,38396,23,0,5,0,59,,38409,23,0,5,0,15,,54340,23,0,5,0,5,,38402,23,0,5,0,20,,38427,23,0,5,0,56,,38397,23,0,5,0,18,,38416,23,0,5,0,18,,38405,23,0,5,0,19,,38398,23,0,5,0,59,,38412,23,0,5,0,18,,38403,23,0,5,0,16,,38418,23,0,5,0,58,,38400,23,0,5,0,16,,38424,23,0,5,0,31,,38420,23,0,5,0,70,,38422,23,0,5,0,33,,38414,23,0,5,0,69,,38423,23,0,5,0,30,,38426,23,0,5,0,70,,38419,23,0,5,0
700,'5377',722,,38523,23,0,5,0,35,,38525,23,0,5,0,84,,38511,23,0,5,0,77,,38524,23,0,5,0,82,,38526,23,0,5,0,30,,38507,23,0,5,0,70,,38512,23,0,5,0,30,,38514,23,0,5,0,29,,48982,23,0,5,0,71,,38513,23,0,5,0,70,,38510,23,0,5,0,30,,38508,23,0,5,0,70,,38515,23,0,5,0,30,,38516,23,0,5,0,70,,38517,23,0,5,0,30,,38518,23,0,5,0,70,,38520,23,0,5,0,30,,38519,23,0,5,0,70,,38522,23,0,5,0,30,,38521,23,0,5,0,70,,38527,23,0,5,0,28,,38530,23,0,5,0,30,,38529,23,0,5,0,70,,38528,23,0,5,0,30,,38532,23,0,5,0,71,,48983,23,0,5,0
700,'5383',656,,54362,23,0,5,0,85,,54369,23,0,5,0,80,,54352,23,0,5,0,29,,54363,23,0,5,0,79,,54344,23,0,5,0,30,,54364,23,0,5,0,70,,54347,23,0,5,0,71,,54355,23,0,5,0,30,,54341,23,0,5,0,71,,54342,23,0,5,0,30,,54365,23,0,5,0,70,,54348,23,0,5,0,30,,54356,23,0,5,0,28,,54343,23,0,5,0,72,,54345,23,0,5,0,70,,54366,23,0,5,0,30,,54349,23,0,5,0,71,,54357,23,0,5,0,30,,54346,23,0,5,0,70,,54351,23,0,5,0,31,,54367,23,0,5,0,70,,54350,23,0,5,0,28,,54359,23,0,5,0,69,,54354,23,0,5,0,28,,54353,23,0,5,0,30,,54368,23,0,5,0,70,,54358,23,0,5,0,28,,54360,23,0,5,0,70,,54361,23,0,5,0
700,'5384',722,,54386,23,0,5,0,35,,54388,23,0,5,0,84,,54374,23,0,5,0,77,,54387,23,0,5,0,82,,54389,23,0,5,0,30,,54370,23,0,5,0,70,,54375,23,0,5,0,30,,54377,23,0,5,0,29,,54372,23,0,5,0,71,,54376,23,0,5,0,70,,54373,23,0,5,0,30,,54371,23,0,5,0,70,,54378,23,0,5,0,30,,54379,23,0,5,0,70,,54380,23,0,5,0,30,,54381,23,0,5,0,70,,54383,23,0,5,0,30,,54382,23,0,5,0,70,,54385,23,0,5,0,30,,54384,23,0,5,0,70,,54390,23,0,5,0,28,,54393,23,0,5,0,30,,54392,23,0,5,0,70,,54391,23,0,5,0,30,,54395,23,0,5,0,71,,54394,23,0,5,0
700,'5385',608,,54412,23,0,5,0,28,,54410,23,0,5,0,17,,54423,23,0,5,0,54,,54406,23,0,5,0,16,,54417,23,0,5,0,13,,54396,23,0,5,0,17,,54427,23,0,5,0,55,,54403,23,0,5,0,20,,54413,23,0,5,0,18,,54397,23,0,5,0,58,,54401,23,0,5,0,26,,54415,23,0,5,0,26,,54435,23,0,5,0,70,,54432,23,0,5,0,30,,54433,23,0,5,0,70,,54409,23,0,5,0,30,,54436,23,0,5,0,70,,54431,23,0,5,0,30,,54430,23,0,5,0,71,,54434,23,0,5,0,30,,54408,23,0,5,0,70,,54419,23,0,5,0,20,,54398,23,0,5,0,59,,54411,23,0,5,0,15,,54437,23,0,5,0,5,,54404,23,0,5,0,20,,54429,23,0,5,0,56,,54399,23,0,5,0,18,,54418,23,0,5,0,18,,54407,23,0,5,0,19,,54400,23,0,5,0,59,,54414,23,0,5,0,18,,54405,23,0,5,0,16,,54420,23,0,5,0,58,,54402,23,0,5,0,16,,54426,23,0,5,0,31,,54422,23,0,5,0,70,,54424,23,0,5,0,33,,54416,23,0,5,0,69,,54425,23,0,5,0,30,,54428,23,0,5,0,70,,54421,23,0,5,0
14000700,'4663',2155,,63076,23,0,5,0,70,,63079,23,0,5,0,32,,63077,23,0,5,0,69,,63078,23,0,5,0,31,,63080,23,0,5,0,69,,63081,23,0,5,0
14000700,'5372',2155,,48747,23,0,5,0,70,,48750,23,0,5,0,32,,48748,23,0,5,0,69,,48749,23,0,5,0,31,,48751,23,0,5,0,69,,48752,23,0,5,0
14000700,'5377',2057,,48765,23,0,5,0,71,,51591,23,0,5,0,30,,48767,23,0,5,0,100,,48768,23,0,5,0,98,,48769,23,0,5,0
14000700,'5383',2154,,63082,23,0,5,0,74,,63083,23,0,5,0,30,,63084,23,0,5,0,69,,63085,23,0,5,0,30,,63086,23,0,5,0,71,,63087,23,0,5,0
14000700,'5384',2057,,63088,23,0,5,0,71,,63089,23,0,5,0,30,,63090,23,0,5,0,100,,63091,23,0,5,0,98,,63092,23,0,5,0
14000700,'5385',2155,,63093,23,0,5,0,70,,63096,23,0,5,0,32,,63094,23,0,5,0,69,,63095,23,0,5,0,31,,63097,23,0,5,0,69,,63098,23,0,5,0
