5401,'4663',557,,60089,44,,,0,170,,60092,44,,,0,174,,60090,44,,,0,214,,60091,44,,,0,198,,60093,44,,,0,133,,60094,44,,,0,105,,60095,44,,,0,184,,60096,44,,,0,190,,60097,44,,,0,199,,60098,44,,,0
5401,'5372',557,,50521,44,,,0,170,,45227,44,,,0,174,,45225,44,,,0,214,,45226,44,,,0,198,,50522,44,,,0,133,,51780,44,,,0,105,,45230,44,,,0,184,,45231,44,,,0,190,,45232,44,,,0,199,,45233,44,,,0
5401,'5377',753,,45253,44,,,0,201,,45254,44,,,0,251,,45251,44,,,0,205,,45252,44,,,0,210,,45255,44,,,0,210,,50520,44,,,0,224,,50519,44,,,0
5401,'5383',753,,60105,44,,,0,201,,60102,44,,,0,251,,60103,44,,,0,205,,60104,44,,,0,211,,60101,44,,,0,209,,60100,44,,,0,224,,60099,44,,,0
5401,'5384',753,,60108,44,,,0,201,,60109,44,,,0,251,,60106,44,,,0,205,,60107,44,,,0,210,,60110,44,,,0,210,,60112,44,,,0,224,,60111,44,,,0
5401,'5385',557,,60113,44,,,0,170,,60116,44,,,0,174,,60114,44,,,0,214,,60115,44,,,0,198,,60117,44,,,0,133,,60118,44,,,0,105,,60119,44,,,0,184,,60120,44,,,0,190,,60121,44,,,0,199,,60122,44,,,0
5501,'4663',656,,60160,40,,,0,170,,60159,40,,,0,204,,60157,40,,,0,176,,60158,40,,,0,200,,60162,40,,,0,105,,60161,40,,,0,196,,60163,40,,,0,193,,60164,40,,,0,152,,60165,40,,,0
5501,'5372',656,,45309,40,,,0,170,,45308,40,,,0,204,,45306,40,,,0,176,,45307,40,,,0,200,,50546,40,,,0,105,,50545,40,,,0,196,,50547,40,,,0,193,,45313,40,,,0,152,,45314,40,,,0
5501,'5377',856,,50538,40,,,0,252,,50539,40,,,0,207,,50540,40,,,0,205,,45331,40,,,0,210,,50542,40,,,0,203,,50541,40,,,0
5501,'5383',858,,60171,40,,,0,251,,60168,40,,,0,207,,60169,40,,,0,206,,60170,40,,,0,209,,60166,40,,,0,203,,60167,40,,,0
5501,'5384',856,,60172,40,,,0,252,,60174,40,,,0,207,,60175,40,,,0,205,,60173,40,,,0,210,,60177,40,,,0,203,,60176,40,,,0
5501,'5385',656,,60181,40,,,0,170,,60180,40,,,0,204,,60178,40,,,0,176,,60179,40,,,0,200,,60183,40,,,0,105,,60182,40,,,0,196,,60184,40,,,0,193,,60185,40,,,0,152,,60186,40,,,0
