3901,'4487',744,,29838,11,0,28 29 14,0,99,,29841,11,0,28 29 14,0,100,,29846,11,0,28 29 14,0,99,,29836,11,0,28 29 14,0,100,,29839,11,0,28 29 14,0,100,,29842,11,0,28 29 14,0,100,,29847,11,0,28 29 14,0,100,,29837,11,0,28 29 14,0,100,,29840,11,0,28 29 14,0,100,,29843,11,0,28 29 14,0,101,,29848,11,0,28 29 14,0,100,,29844,11,0,28 29 14,0,100,,29845,11,0,28 29 14,0
3901,'4737',615,,29849,11,,,0,36,,29850,11,,,0,69,,29851,11,,,0,13,,29854,11,,,0,13,,29853,11,,,0,13,,29855,11,,,0,56,,29852,11,,,0,15,,29859,11,,,0,24,,29856,11,,,0,67,,29860,11,,,0,30,,29857,11,,,0,70,,29858,11,,,0,30,,29862,11,,,0,70,,29861,11,,,0,30,,29864,11,,,0,70,,29863,11,,,0,30,,29865,11,,,0,70,,29866,11,,,0,31,,29867,11,,,0,71,,29869,11,,,0,18,,29889,11,,,0,16,,29868,11,,,0,57,,29871,11,,,0,8,,29870,11,0,28 29 14,0,7,,29872,11,,,0,18,,29873,11,,,0,54,,29874,11,,,0,16,,29876,11,,,0,16,,29875,11,,,0,16,,29877,11,,,0,55,,29879,11,,,0,18,,29880,11,,,0,16,,29878,11,,,0,20,,29881,11,,,0,59,,29883,11,,,0,19,,29882,11,,,0,20,,29888,11,,,0,60,,29886,11,,,0,23,,29885,11,,,0,108,,29884,11,,,0,106,,29887,11,0,28 29 14,0
3901,'4744',615,,29890,11,,,0,36,,29891,11,,,0,69,,29892,11,,,0,13,,29895,11,,,0,13,,29894,11,,,0,13,,29896,11,,,0,56,,29893,11,,,0,15,,29900,11,,,0,24,,29897,11,,,0,67,,29901,11,,,0,30,,29898,11,,,0,70,,29899,11,,,0,30,,29903,11,,,0,70,,29902,11,,,0,30,,29905,11,,,0,70,,29904,11,,,0,30,,29906,11,,,0,70,,29907,11,,,0,31,,29908,11,,,0,71,,29910,11,,,0,18,,29930,11,,,0,16,,29909,11,,,0,57,,29912,11,,,0,8,,29911,11,0,28 29 14,0,7,,29913,11,,,0,18,,29914,11,,,0,54,,29915,11,,,0,16,,29917,11,,,0,16,,29916,11,,,0,16,,29918,11,,,0,55,,29920,11,,,0,18,,29921,11,,,0,16,,29919,11,,,0,20,,29922,11,,,0,59,,29924,11,,,0,19,,29923,11,,,0,20,,29929,11,,,0,60,,29927,11,,,0,23,,29926,11,,,0,108,,29925,11,,,0,106,,29928,11,0,28 29 14,0
3901,'4745',744,,29932,11,0,28 29 14,0,100,,29931,11,0,28 29 14,0,99,,29933,11,0,28 29 14,0,99,,29934,11,0,28 29 14,0,100,,29935,11,0,28 29 14,0,100,,29936,11,0,28 29 14,0,100,,29939,11,0,28 29 14,0,100,,29940,11,0,28 29 14,0,100,,29938,11,0,28 29 14,0,100,,29937,11,0,28 29 14,0,100,,29941,11,0,28 29 14,0,101,,29942,11,0,28 29 14,0,100,,29943,11,0,28 29 14,0
3901,'5066',615,,29944,11,,,0,36,,29945,11,,,0,69,,29946,11,,,0,13,,29949,11,,,0,13,,29948,11,,,0,13,,29950,11,,,0,56,,29947,11,,,0,15,,29954,11,,,0,24,,29951,11,,,0,67,,29955,11,,,0,30,,29952,11,,,0,70,,29953,11,,,0,30,,29957,11,,,0,70,,29956,11,,,0,30,,29959,11,,,0,70,,29958,11,,,0,30,,29960,11,,,0,70,,29961,11,,,0,31,,29962,11,,,0,71,,29964,11,,,0,18,,29984,11,,,0,16,,29963,11,,,0,57,,29966,11,,,0,8,,29965,11,0,28 29 14,0,7,,29967,11,,,0,18,,29968,11,,,0,54,,29969,11,,,0,16,,29971,11,,,0,16,,29970,11,,,0,16,,29972,11,,,0,55,,29974,11,,,0,18,,29975,11,,,0,16,,29973,11,,,0,20,,29976,11,,,0,59,,29978,11,,,0,19,,29977,11,,,0,20,,29983,11,,,0,60,,29981,11,,,0,23,,29980,11,,,0,108,,29979,11,,,0,106,,29982,11,0,28 29 14,0
3901,'5070',744,,29987,11,0,28 29 14,0,99,,29990,11,0,28 29 14,0,100,,29995,11,0,28 29 14,0,99,,29985,11,0,28 29 14,0,100,,29988,11,0,28 29 14,0,100,,29991,11,0,28 29 14,0,100,,29996,11,0,28 29 14,0,100,,29986,11,0,28 29 14,0,100,,29989,11,0,28 29 14,0,100,,29992,11,0,28 29 14,0,101,,29997,11,0,28 29 14,0,100,,29993,11,0,28 29 14,0,100,,29994,11,0,28 29 14,0
3901,'5072',744,,29999,11,0,28 29 14,0,100,,29998,11,0,28 29 14,0,99,,30000,11,0,28 29 14,0,99,,30001,11,0,28 29 14,0,100,,30002,11,0,28 29 14,0,100,,30003,11,0,28 29 14,0,100,,30006,11,0,28 29 14,0,100,,30007,11,0,28 29 14,0,100,,30005,11,0,28 29 14,0,100,,30004,11,0,28 29 14,0,100,,30008,11,0,28 29 14,0,101,,30009,11,0,28 29 14,0,100,,30010,11,0,28 29 14,0
24002800,'4737',1533,,36291,16,,,0,70,,36289,16,,,0,32,,36290,16,,,0,71,,36292,16,,,0,35,,36293,16,,,0,68,,36294,16,,,0
24002800,'4744',1533,,36297,16,,,0,70,,36295,16,,,0,32,,36296,16,,,0,71,,36298,16,,,0,35,,36299,16,,,0,68,,36300,16,,,0
24002800,'5066',1533,,36303,16,,,0,70,,36301,16,,,0,32,,36302,16,,,0,71,,36304,16,,,0,35,,36305,16,,,0,68,,36306,16,,,0
