801,'4487',731,,17705,0,8 9,0,85,,17706,0,8 9,0,86,,17707,0,8 9,0,47,,17708,0,8 9,0,85,,17709,0,8 9,0,93,,17710,0,8 9,0,88,,17711,0,8 9,0,91,,17712,0,8 9,0,52,,17704,0,8 9,0,90,,17713,0,8 9,0,92,,17714,0,8 9,0,90,,17715,0,8 9,0,89,,17716,0,8 9,0,86,,17717,0,8 9,0,43,,17718,0,8 9,0
801,'4743',731,,11373,0,8 9,0,85,,11374,0,8 9,0,86,,11375,0,8 9,0,47,,11376,0,8 9,0,85,,11377,0,8 9,0,93,,11378,0,8 9,0,88,,11379,0,8 9,0,91,,11380,0,8 9,0,52,,11372,0,8 9,0,90,,11381,0,8 9,0,92,,11382,0,8 9,0,90,,11383,0,8 9,0,89,,11384,0,8 9,0,86,,11385,0,8 9,0,43,,11386,0,8 9,0
801,'4744',657,,17720,,,0,58,,17721,,,0,18,,17722,,,0,24,,17723,,,0,67,,17724,,,0,35,,17725,,,0,85,,17719,,,0,84,,17726,,,0,72,,17742,,,0,42,,17727,,,0,85,,17728,,,0,79,,17729,,,0,45,,17730,,,0,88,,17731,,,0,70,,17732,0,8 9,0,17,,17733,,,0,32,,17743,,,0,73,,17734,,,0,74,,17735,,,0,43,,17736,,,0,69,,17744,,,0,31,,17737,,,0,74,,17738,,,0,86,,17739,,,0,97,,17740,,,0,44,,17741,,,0
801,'4745',948,,17746,0,8 9,0,86,,17747,0,8 9,0,91,,17748,0,8 9,0,88,,17749,0,8 9,0,90,,17745,0,8 9,0,53,,17750,0,8 9,0,90,,17751,0,8 9,0,92,,17752,0,8 9,0,90,,17753,0,8 9,0,90,,17754,0,8 9,0,86,,17755,0,8 9,0
801,'4935',657,,2016,,,0,58,,2017,,,0,18,,2018,,,0,24,,2019,,,0,67,,2020,,,0,35,,2021,,,0,85,,2015,,,0,84,,2022,,,0,72,,2038,,,0,42,,2023,,,0,85,,2024,,,0,79,,2025,,,0,45,,2026,,,0,88,,2027,,,0,70,,2028,0,8 9,0,17,,2029,,,0,32,,2039,,,0,73,,2030,,,0,74,,2031,,,0,43,,2032,,,0,69,,2040,,,0,31,,2033,,,0,74,,2034,,,0,86,,2035,,,0,97,,2036,,,0,44,,2037,,,0
801,'4941',657,,2042,,,0,58,,2043,,,0,18,,2044,,,0,24,,2045,,,0,67,,2046,,,0,35,,2047,,,0,85,,2041,,,0,84,,2048,,,0,72,,2064,,,0,42,,2049,,,0,85,,2050,,,0,79,,2051,,,0,45,,2052,,,0,88,,2053,,,0,70,,2054,0,8 9,0,17,,2055,,,0,32,,2065,,,0,73,,2056,,,0,74,,2057,,,0,43,,2058,,,0,69,,2066,,,0,31,,2059,,,0,74,,2060,,,0,86,,2061,,,0,97,,2062,,,0,44,,2063,,,0
801,'4943',731,,2068,0,8 9,0,85,,2069,0,8 9,0,86,,2070,0,8 9,0,47,,2071,0,8 9,0,85,,2072,0,8 9,0,93,,2073,0,8 9,0,88,,2074,0,8 9,0,91,,2075,0,8 9,0,52,,2067,0,8 9,0,90,,2076,0,8 9,0,92,,2077,0,8 9,0,90,,2078,0,8 9,0,89,,2079,0,8 9,0,86,,2080,0,8 9,0,43,,2081,0,8 9,0
801,'4945',948,,2083,0,8 9,0,86,,2084,0,8 9,0,91,,2085,0,8 9,0,88,,2086,0,8 9,0,90,,2082,0,8 9,0,53,,2087,0,8 9,0,90,,2088,0,8 9,0,92,,2089,0,8 9,0,90,,2090,0,8 9,0,90,,2091,0,8 9,0,86,,2092,0,8 9,0
801,'4947',657,,17757,,,0,58,,17758,,,0,18,,17759,,,0,24,,17760,,,0,67,,17761,,,0,35,,17762,,,0,85,,17756,,,0,84,,17763,,,0,72,,17779,,,0,42,,17764,,,0,85,,17765,,,0,79,,17766,,,0,45,,17767,,,0,88,,17768,,,0,70,,17769,0,8 9,0,17,,17770,,,0,32,,17780,,,0,73,,17771,,,0,74,,17772,,,0,43,,17773,,,0,69,,17781,,,0,31,,17774,,,0,74,,17775,,,0,86,,17776,,,0,97,,17777,,,0,44,,17778,,,0
801,'4952',657,,17783,,,0,58,,17784,,,0,18,,17785,,,0,24,,17786,,,0,67,,17787,,,0,35,,17788,,,0,85,,17782,,,0,84,,17789,,,0,72,,17805,,,0,42,,17790,,,0,85,,17791,,,0,79,,17792,,,0,45,,17793,,,0,88,,17794,,,0,70,,17795,0,8 9,0,17,,17796,,,0,32,,17806,,,0,73,,17797,,,0,74,,17798,,,0,43,,17799,,,0,69,,17807,,,0,31,,17800,,,0,74,,17801,,,0,86,,17802,,,0,97,,17803,,,0,44,,17804,,,0
801,'4953',731,,17809,0,8 9,0,85,,17810,0,8 9,0,86,,17811,0,8 9,0,47,,17812,0,8 9,0,85,,17813,0,8 9,0,93,,17814,0,8 9,0,88,,17815,0,8 9,0,91,,17816,0,8 9,0,52,,17808,0,8 9,0,90,,17817,0,8 9,0,92,,17818,0,8 9,0,90,,17819,0,8 9,0,89,,17820,0,8 9,0,86,,17821,0,8 9,0,43,,17822,0,8 9,0
801,'4954',948,,17824,0,8 9,0,86,,17825,0,8 9,0,91,,17826,0,8 9,0,88,,17827,0,8 9,0,90,,17823,0,8 9,0,53,,17828,0,8 9,0,90,,17829,0,8 9,0,92,,17830,0,8 9,0,90,,17831,0,8 9,0,90,,17832,0,8 9,0,86,,17833,0,8 9,0
