2101,'4332',650,,56638,23,,,0,70,,56620,23,,,0,31,,56629,23,,,0,71,,56612,23,,,0,30,,56639,23,,,0,69,,56621,23,,,0,30,,56630,23,,,0,67,,56608,23,,,0,29,,56610,23,,,0,69,,56631,23,,,0,31,,56615,23,,,0,69,,56623,23,,,0,28,,56609,23,,,0,70,,56611,23,,,0,29,,56632,23,,,0,70,,56616,23,,,0,31,,56624,23,,,0,71,,56613,23,,,0,30,,56614,23,,,0,73,,56633,23,,,0,30,,56617,23,,,0,69,,56626,23,,,0,31,,56619,23,,,0,70,,56618,23,,,0,30,,56634,23,,,0,70,,56622,23,,,0,36,,56625,23,,,0,76,,56627,23,,,0,29,,56636,23,,,0,70,,56628,23,,,0,72,,56637,23,,,0,30,,56635,23,,,0,70,,56640,23,,,0,104,,56641,23,,,0
2101,'4661',600,,56692,23,,,0,29,,56700,23,,,0,22,,56691,23,,,0,55,,56676,23,,,0,16,,56687,27,,,0,15,,56671,27,,,0,16,,56679,27,,,0,58,,56686,27,,,0,16,,56675,27,,,0,17,,56705,27,,,0,15,,56672,27,,,0,59,,56702,27,,,0,30,,56713,27,,,0,70,,56685,27,,,0,27,,56707,27,,,0,70,,56710,27,,,0,30,,56712,27,,,0,71,,56709,27,,,0,30,,56684,27,,,0,70,,56714,27,,,0,29,,56708,27,,,0,70,,56711,27,,,0,32,,56673,27,,,0,62,,56706,27,,,0,18,,56678,27,,,0,18,,56677,23,,,0,60,,56688,27,,,0,19,,56681,27,,,0,17,,56698,27,,,0,60,,56680,27,,,0,16,,56703,27,,,0,15,,56674,23,,,0,19,,56704,27,,,0,59,,56682,27,,,0,18,,56683,27,,,0,30,,56689,23,,,0,70,,56696,23,,,0,31,,56695,23,,,0,70,,56699,23,,,0,30,,56693,23,,,0,70,,56697,23,,,0,72,,56694,23,,,0,29,,56690,23,,,0,70,,56701,23,,,0,105,,56715,23,,,0
2101,'4663',600,,56584,23,,,0,29,,56592,23,,,0,22,,56583,23,,,0,55,,56568,23,,,0,16,,56579,27,,,0,15,,56563,27,,,0,16,,56571,27,,,0,58,,56578,27,,,0,16,,56567,27,,,0,17,,56597,27,,,0,15,,56564,27,,,0,59,,56594,27,,,0,30,,56605,27,,,0,70,,56577,27,,,0,27,,56599,27,,,0,70,,56602,27,,,0,30,,56604,27,,,0,71,,56601,27,,,0,30,,56576,27,,,0,70,,56606,27,,,0,29,,56600,27,,,0,70,,56603,27,,,0,32,,56565,27,,,0,62,,56598,27,,,0,18,,56570,27,,,0,18,,56569,23,,,0,60,,56580,27,,,0,19,,56573,27,,,0,17,,56590,27,,,0,60,,56572,27,,,0,16,,56595,27,,,0,15,,56566,23,,,0,19,,56596,27,,,0,59,,56574,27,,,0,18,,56575,27,,,0,30,,56581,23,,,0,70,,56588,23,,,0,31,,56587,23,,,0,70,,56591,23,,,0,30,,56585,23,,,0,70,,56589,23,,,0,72,,56586,23,,,0,29,,56582,23,,,0,70,,56593,23,,,0,105,,56607,23,,,0
2101,'5078',658,,56655,23,,,0,80,,56645,23,,,0,80,,56656,23,,,0,36,,56654,23,,,0,65,,56642,23,,,0,28,,56644,23,,,0,70,,56657,23,,,0,29,,56643,23,,,0,70,,56658,23,,,0,29,,56647,23,,,0,70,,56646,23,,,0,30,,56659,23,,,0,68,,56648,23,,,0,30,,56660,23,,,0,70,,56661,23,,,0,29,,56662,23,,,0,71,,56650,23,,,0,32,,56651,23,,,0,73,,56652,23,,,0,29,,56653,23,,,0,71,,56649,23,,,0,30,,56663,23,,,0,72,,56664,23,,,0,35,,56665,23,,,0,104,,56666,23,,,0,141,,56667,23,,,0,102,,56668,23,,,0,100,,56669,23,,,0,103,,56670,23,,,0
2201,'4332',729,,56864,35,,,0,79,,56875,35,,,0,29,,56860,35,,,0,69,,56854,35,,,0,30,,56863,35,,,0,70,,56876,35,,,0,29,,56859,35,,,0,69,,56858,35,,,0,31,,56861,35,,,0,69,,56856,35,,,0,28,,56880,35,,,0,70,,56857,35,,,0,28,,56862,35,,,0,70,,56855,35,,,0,30,,56868,35,,,0,71,,56879,35,,,0,29,,56870,35,,,0,71,,56866,35,,,0,31,,56869,35,,,0,74,,56871,35,,,0,31,,56867,35,,,0,71,,56865,35,,,0,30,,56873,35,,,0,71,,56872,35,,,0,27,,56878,35,,,0,68,,56874,35,,,0,32,,56881,35,,,0,71,,56877,35,,,0,48,,56882,35,0,5 49,0
2201,'4661',612,,56925,43,,,0,29,,56915,43,,,0,90,,56909,35,,,0,27,,56914,49,,,0,72,,56926,49,,,0,71,,56916,49,,,0,100,,56910,49,,,0,29,,56913,49,,,0,70,,56927,49,,,0,58,,56930,49,,,0,70,,56908,35,,,0,29,,56917,35,,,0,100,,56918,35,,,0,72,,56931,35,,,0,101,,56919,35,,,0,71,,56928,35,,,0,30,,56920,35,,,0,98,,56911,35,,,0,76,,56921,35,,,0,98,,56922,35,,,0,31,,56912,35,,,0,103,,56929,35,,,0,71,,56924,35,,,0,48,,56923,35,0,5 49,0
2201,'4663',612,,56847,43,,,0,29,,56837,43,,,0,90,,56831,35,,,0,27,,56836,49,,,0,72,,56848,49,,,0,71,,56838,49,,,0,100,,56832,49,,,0,29,,56835,49,,,0,70,,56849,49,,,0,58,,56852,49,,,0,70,,56830,35,,,0,29,,56839,35,,,0,100,,56840,35,,,0,72,,56853,35,,,0,101,,56841,35,,,0,71,,56850,35,,,0,30,,56842,35,,,0,98,,56833,35,,,0,76,,56843,35,,,0,98,,56844,35,,,0,31,,56834,35,,,0,103,,56851,35,,,0,71,,56846,35,,,0,48,,56845,35,0,5 49,0
2201,'5078',758,,56891,35,,,0,80,,56892,35,,,0,69,,56884,35,,,0,28,,56885,35,,,0,70,,56894,35,,,0,29,,56893,35,,,0,69,,56883,35,,,0,30,,56887,35,,,0,70,,56888,35,,,0,30,,56886,35,,,0,68,,56890,35,,,0,30,,56889,35,,,0,70,,56896,35,,,0,30,,56897,35,,,0,70,,56895,35,,,0,30,,56899,35,,,0,75,,56898,35,,,0,30,,56901,35,,,0,70,,56900,35,,,0,30,,56902,35,,,0,72,,56903,35,,,0,30,,56904,35,,,0,91,,56905,35,0,5,0,101,,56906,35,0,5,0,110,,56907,35,0,5,0
3001,'4332',649,,58669,26,,,0,87,,58670,26,,,0,80,,58671,26,,,0,33,,58668,26,,,0,71,,58672,26,,,0,32,,58673,26,,,0,72,,58674,26,,,0,29,,58675,26,,,0,70,,58676,26,,,0,29,,58677,26,,,0,70,,58678,26,,,0,29,,58679,26,,,0,68,,58680,26,,,0,30,,58681,26,,,0,70,,58682,26,,,0,30,,58683,26,,,0,70,,58684,26,,,0,30,,58685,26,,,0,71,,58686,26,,,0,30,,58687,26,,,0,70,,58688,26,,,0,31,,58689,26,,,0,75,,58690,26,,,0,80,,58691,26,,,0,41,,58692,26,,,0,81,,58693,26,,,0,95,,58694,26,,,0,100,,58695,26,,,0,111,,58696,26,,,0,91,,58697,26,,,0
3001,'4661',621,,58725,26,,,0,31,,58726,26,,,0,74,,58727,26,,,0,28,,58728,26,,,0,70,,58729,26,,,0,33,,58730,26,,,0,67,,58731,26,,,0,30,,58732,26,,,0,69,,58733,26,,,0,31,,58734,26,,,0,70,,58735,26,,,0,30,,58736,26,,,0,72,,58737,26,,,0,30,,58738,26,,,0,70,,58739,26,,,0,32,,58740,26,,,0,70,,58741,26,,,0,31,,58742,26,,,0,74,,58743,26,,,0,72,,58744,26,,,0,32,,58745,26,,,0,72,,58746,26,,,0,33,,58747,26,,,0,68,,58748,26,,,0,28,,58749,26,,,0,76,,58750,26,,,0,39,,58751,26,,,0,78,,58752,26,,,0,94,,58753,26,,,0,99,,58754,26,,,0,108,,58755,26,,,0,90,,58756,26,,,0
3001,'4663',621,,58636,26,,,0,31,,58637,26,,,0,74,,58638,26,,,0,28,,58639,26,,,0,70,,58640,26,,,0,33,,58641,26,,,0,67,,58642,26,,,0,30,,58643,26,,,0,69,,58644,26,,,0,31,,58645,26,,,0,70,,58646,26,,,0,30,,58647,26,,,0,72,,58648,26,,,0,30,,58649,26,,,0,70,,58650,26,,,0,32,,58651,26,,,0,70,,58652,26,,,0,31,,58653,26,,,0,74,,58654,26,,,0,72,,58655,26,,,0,32,,58656,26,,,0,72,,58657,26,,,0,33,,58658,26,,,0,68,,58659,26,,,0,28,,58660,26,,,0,76,,58661,26,,,0,39,,58662,26,,,0,78,,58663,26,,,0,94,,58664,26,,,0,99,,58665,26,,,0,108,,58666,26,,,0,90,,58667,26,,,0
3001,'5078',750,,58698,26,,,0,102,,58699,26,,,0,81,,58700,26,,,0,80,,58701,26,,,0,38,,58702,26,,,0,70,,58703,26,,,0,30,,58704,26,,,0,70,,58705,26,,,0,29,,58706,26,,,0,70,,58707,26,,,0,30,,58708,26,,,0,70,,58709,26,,,0,30,,58710,26,,,0,70,,58711,26,,,0,31,,58712,26,,,0,70,,58713,26,,,0,30,,58714,26,,,0,70,,58715,26,,,0,32,,58716,26,,,0,75,,58717,26,,,0,80,,58718,26,,,0,40,,58719,26,,,0,81,,58720,26,,,0,95,,58721,26,,,0,100,,58722,26,,,0,106,,58723,26,,,0,105,,58724,26,,,0
3101,'4332',710,,58915,22,,,0,46,,58916,22,,,0,77,,58917,22,,,0,71,,58918,22,,,0,32,,58919,22,,,0,72,,58920,22,,,0,30,,58921,22,,,0,70,,58922,22,,,0,29,,58923,22,,,0,70,,58924,22,,,0,29,,58925,22,,,0,68,,58926,22,,,0,30,,58927,22,,,0,70,,58928,22,,,0,30,,58929,22,,,0,70,,58930,22,,,0,30,,58931,22,,,0,71,,58932,22,,,0,30,,58933,22,,,0,70,,58934,22,,,0,31,,58935,22,,,0,70,,58936,22,,,0,40,,58937,22,,,0,81,,58938,22,,,0,80,,58939,22,,,0,46,,58940,22,,,0,100,,58941,22,,,0,101,,58942,22,,,0,150,,58943,22,,,0,96,,58944,22,4,,0
3101,'4661',601,,58973,22,,,0,36,,58974,22,,,0,74,,58975,22,,,0,28,,58976,22,,,0,70,,58972,22,,,0,30,,58977,22,,,0,70,,58978,22,,,0,30,,58979,22,,,0,69,,58980,22,,,0,30,,58981,22,,,0,69,,58982,22,,,0,32,,58983,22,,,0,71,,58984,22,,,0,31,,58985,22,,,0,70,,58986,22,,,0,31,,58987,22,,,0,71,,58988,22,,,0,29,,58989,22,,,0,73,,58990,22,,,0,33,,58991,22,,,0,71,,58992,22,,,0,35,,58993,22,,,0,72,,58994,22,,,0,29,,58995,22,,,0,69,,58996,22,,,0,29,,58997,22,,,0,82,,58998,22,,,0,74,,58999,22,,,0,46,,59000,22,,,0,100,,59001,22,,,0,99,,59002,22,,,0,101,,59003,22,,,0,145,,59004,22,4,,0
3101,'4663',601,,58882,22,,,0,36,,58883,22,,,0,74,,58884,22,,,0,28,,58885,22,,,0,70,,58881,22,,,0,30,,58886,22,,,0,70,,58887,22,,,0,30,,58888,22,,,0,69,,58889,22,,,0,30,,58890,22,,,0,69,,58891,22,,,0,32,,58892,22,,,0,71,,58893,22,,,0,31,,58894,22,,,0,70,,58895,22,,,0,31,,58896,22,,,0,71,,58897,22,,,0,29,,58898,22,,,0,73,,58899,22,,,0,33,,58900,22,,,0,71,,58901,22,,,0,35,,58902,22,,,0,72,,58903,22,,,0,29,,58904,22,,,0,69,,58905,22,,,0,29,,58906,22,,,0,82,,58907,22,,,0,74,,58908,22,,,0,46,,58909,22,,,0,100,,58910,22,,,0,99,,58911,22,,,0,101,,58912,22,,,0,145,,58913,22,4,,0
3101,'5078',720,,58946,22,,,0,102,,58947,22,,,0,91,,58948,22,,,0,40,,58949,22,,,0,78,,58945,22,,,0,75,,58950,22,,,0,30,,58951,22,,,0,70,,58952,22,,,0,29,,58953,22,,,0,70,,58954,22,,,0,30,,58955,22,,,0,70,,58956,22,,,0,30,,58957,22,,,0,70,,58958,22,,,0,30,,58959,22,,,0,71,,58960,22,,,0,30,,58961,22,,,0,70,,58962,22,,,0,31,,58963,22,,,0,71,,58964,22,,,0,40,,58965,22,,,0,80,,58966,22,,,0,81,,58967,22,,,0,47,,58968,22,,,0,98,,58969,22,,,0,100,,58970,22,,,0,146,,58971,22,,,0
3201,'4661',724,,59114,31,,,0,83,,59115,31,,,0
3201,'4663',724,,59068,31,,,0,83,,59069,31,,,0
4700,'4661',704,,59616,47,,,0,23,,59615,47,,,0,26,,59614,47,,,0
4700,'4663',704,,59613,47,,,0,23,,59612,47,,,0,26,,59611,47,,,0
4800,'4661',702,,59628,51,,,0,26,,59627,51,,,0,30,,59626,51,,,0
4800,'4663',702,,59625,51,,,0,26,,59624,51,,,0,30,,59623,51,,,0
5300,'4661',737,,60010,45,,,0
5300,'4663',737,,59985,45,,,0
6100,'4661',605,,60837,71,,,0,43,,60835,71,,,0,56,,60838,71,,,0,22,,60839,71,,,0,26,,60841,71,,,0,59,,60845,71,,,0,18,,60852,71,,,0,28,,60854,71,,,0
6100,'4663',605,,60746,71,,,0,43,,60744,71,,,0,56,,60747,71,,,0,22,,60748,71,,,0,26,,60750,71,,,0,59,,60754,71,,,0,18,,60761,71,,,0,28,,60763,71,,,0
6500,'4661',629,,61036,56,,,0,104,,61038,56,,,0,68,,61039,56,,,0,41,,61037,56,,,0
6500,'4663',629,,61032,56,,,0,104,,61034,56,,,0,68,,61035,56,,,0,41,,61033,56,,,0
7001,'4332',938,,61163,14,,,0,103,,61164,14,,,0,102,,61165,14,,,0,101,,61166,14,,,0,101,,61167,14,,,0,103,,61168,14,,,0,99,,61169,14,,,0,98,,61170,14,,,0,97,,61171,14,,,0,96,,61172,14,,,0,100,,61173,14,,,0,100,,61176,14,,,0,98,,61174,14,,,0,199,,61175,14,,,0
7001,'4661',737,,61198,14,,,0,107,,61193,14,,,0,97,,61201,14,,,0,99,,61194,14,,,0,204,,61207,14,,,0,101,,61205,14,,,0,101,,61195,14,,,0,106,,61200,14,,,0,98,,61203,14,,,0,68,,61196,14,,,0,33,,61197,14,,,0,93,,61199,14,,,0,97,,61202,14,,,0,100,,61209,14,,,0,100,,61204,14,,,0,98,,61208,14,,,0,99,,61206,14,,,0
7001,'4663',737,,61150,14,,,0,107,,61144,14,,,0,97,,61153,14,,,0,99,,61145,14,,,0,104,,61146,14,,,0,100,,61159,14,,,0,101,,61157,14,,,0,101,,61147,14,,,0,106,,61152,14,,,0,98,,61155,14,,,0,68,,61148,14,,,0,33,,61149,14,,,0,93,,61151,14,,,0,97,,61154,14,,,0,100,,61161,14,,,0,100,,61156,14,,,0,98,,61160,14,,,0,99,,61158,14,,,0
7001,'4674',1144,,61162,14,,,0
7001,'4677',1144,,61210,14,,,0
7001,'5078',938,,61177,14,,,0,100,,61191,14,,,0,101,,61178,14,,,0,100,,61179,14,,,0,104,,61180,14,,,0,100,,61181,14,,,0,103,,61182,14,,,0,96,,61183,14,,,0,102,,61184,14,,,0,96,,61185,14,,,0,101,,61186,14,,,0,100,,61187,14,,,0,99,,61188,14,,,0,101,,61192,14,,,0,97,,61189,14,,,0,97,,61190,14,,,0
7101,'4661',641,,61222,34,,,0,71,,61221,34,,,0,91,,61220,34,,,0
7101,'4663',641,,61219,34,,,0,71,,61218,34,,,0,91,,61217,34,,,0
7201,'4332',650,,61424,55,,,0,104,,61394,55,,,0,100,,61395,55,,,0,73,,61396,55,,,0,73,,61397,55,,,0,30,,61398,55,,,0,72,,61399,55,,,0,31,,61400,55,,,0,71,,61401,55,,,0,30,,61402,55,,,0,71,,61393,55,,,0,30,,61403,55,,,0,69,,61404,55,,,0,31,,61405,55,,,0,74,,61406,55,,,0,31,,61407,55,,,0,68,,61408,55,,,0,32,,61409,55,,,0,68,,61410,55,,,0,27,,61411,55,,,0,67,,61412,55,,,0,30,,61413,55,,,0,68,,61414,55,,,0,29,,61415,55,,,0,28,,61416,55,,,0,70,,61417,55,,,0,31,,61418,55,,,0,68,,61419,55,,,0,30,,61420,55,,,0,100,,61421,55,,,0,97,,61422,55,,,0,96,,61423,55,,,0
7201,'4661',623,,61476,55,,,0,82,,61466,55,,,0,32,,61477,55,,,0,75,,61468,55,,,0,32,,61455,55,,,0,87,,61475,55,,,0,69,,61481,55,,,0,30,,61460,55,,,0,71,,61474,55,,,0,31,,61467,55,,,0,73,,61452,55,,,0,30,,61478,55,,,0,70,,61465,55,,,0,31,,61459,55,,,0,70,,61453,55,,,0,31,,61454,55,,,0,106,,61458,55,,,0,71,,61482,55,,,0,31,,61457,55,,,0,66,,61461,55,,,0,28,,61464,55,,,0,68,,61463,55,,,0,96,,61462,55,,,0,29,,61483,55,,,0,68,,61470,55,,,0,30,,61471,55,,,0,70,,61469,55,,,0,30,,61472,55,,,0,70,,61473,55,,,0,56,,61480,55,,,0,96,,61479,55,,,0,98,,61484,55,,,0
7201,'4663',623,,61381,55,,,0,82,,61371,55,,,0,32,,61382,55,,,0,75,,61373,55,,,0,32,,61357,55,,,0,60,,61359,55,,,0,27,,61380,55,,,0,69,,61386,55,,,0,30,,61364,55,,,0,71,,61379,55,,,0,31,,61372,55,,,0,73,,61354,55,,,0,30,,61383,55,,,0,70,,61370,55,,,0,31,,61363,55,,,0,70,,61355,55,,,0,31,,61356,55,,,0,75,,61358,55,,,0,31,,61362,55,,,0,71,,61387,55,,,0,31,,61361,55,,,0,66,,61365,55,,,0,28,,61369,55,,,0,68,,61367,55,,,0,29,,61368,55,,,0,67,,61366,55,,,0,29,,61388,55,,,0,68,,61375,55,,,0,30,,61376,55,,,0,70,,61374,55,,,0,30,,61377,55,,,0,70,,61378,55,,,0,56,,61385,55,,,0,96,,61384,55,,,0,98,,61389,55,,,0
7201,'4674',904,,61391,55,,,0,608,,61390,55,,,0,324,,61392,55,,,0
7201,'4677',904,,61485,55,,,0,605,,61486,55,,,0,327,,61487,55,,,0
7201,'5078',752,,61426,55,,,0,102,,61427,55,,,0,102,,61428,55,,,0,146,,61429,55,,,0,100,,61430,55,,,0,30,,61431,55,,,0,70,,61425,55,,,0,31,,61432,55,,,0,70,,61433,55,,,0,30,,61435,55,,,0,70,,61436,55,,,0,31,,61437,55,,,0,69,,61434,55,,,0,29,,61438,55,,,0,69,,61439,55,,,0,30,,61440,55,,,0,74,,61441,55,,,0,28,,61442,55,,,0,70,,61443,55,,,0,29,,61444,55,,,0,70,,61445,55,,,0,29,,61446,55,,,0,70,,61447,55,,,0,30,,61448,55,,,0,69,,61449,55,,,0,55,,61450,55,,,0,96,,61451,55,,,0
7501,'4332',820,,61662,50,,,0,102,,61663,50,,,0,114,,61664,52,,,0,72,,61687,31,,,0,32,,61665,52,,,0,69,,61684,31,,,0,33,,61666,52,,,0,70,,61667,52,,,0,31,,61668,52,,,0,70,,61669,52,,,0,30,,61670,52,,,0,73,,61671,52,,,0,30,,61672,52,,,0,70,,61673,52,,,0,30,,61674,52,,,0,69,,61675,52,,,0,30,,61676,52,,,0,67,,61685,31,,,0,29,,61677,52,,,0,65,,61686,31,,,0,29,,61678,52,,,0,98,,61679,52,,,0,100,,61680,52,,,0,100,,61681,52,,,0
7501,'4661',617,,61711,50,,,0,30,,61712,50,,,0,63,,61713,50,,,0,22,,61714,50,,,0,24,,61715,50,,,0,66,,61716,50,,,0,19,,61717,50,,,0,16,,61718,50,,,0,68,,61719,50,,,0,32,,61720,52,,,0,79,,61721,52,,,0,71,,61722,52,,,0,34,,61723,52,,,0,68,,61724,52,,,0,30,,61725,52,,,0,71,,61726,52,,,0,30,,61727,52,,,0,70,,61728,52,,,0,33,,61729,52,,,0,72,,61730,52,,,0,28,,61749,26,,,0,6,,61731,52,,,0,60,,61747,52,,,0,4,,61748,26,,,0,6,,61732,52,,,0,19,,61733,52,,,0,14,,61734,52,,,0,49,,61735,50,,,0,9,,61736,31,,,0,3,,61750,26,,,0,7,,61737,52,,,0,27,,61738,52,,,0,66,,61739,52,,,0,29,,61740,52,,,0,97,,61741,52,,,0,96,,61742,52,,,0,100,,61743,52,,,0,98,,61744,52,,,0
7501,'4663',617,,61620,50,,,0,30,,61621,50,,,0,63,,61622,50,,,0,22,,61623,50,,,0,24,,61624,50,,,0,66,,61625,50,,,0,19,,61626,50,,,0,16,,61627,50,,,0,68,,61628,50,,,0,32,,61629,52,,,0,79,,61630,52,,,0,71,,61631,52,,,0,34,,61632,52,,,0,68,,61633,52,,,0,30,,61634,52,,,0,71,,61635,52,,,0,30,,61636,52,,,0,70,,61637,52,,,0,33,,61638,52,,,0,72,,61639,52,,,0,28,,61658,26,,,0,6,,61640,52,,,0,60,,61656,52,,,0,4,,61657,26,,,0,6,,61641,52,,,0,19,,61642,52,,,0,14,,61643,52,,,0,49,,61644,50,,,0,9,,61645,31,,,0,3,,61659,26,,,0,7,,61646,52,,,0,27,,61647,52,,,0,66,,61648,52,,,0,29,,61649,52,,,0,97,,61650,52,,,0,96,,61651,52,,,0,100,,61652,52,,,0,98,,61653,52,,,0
7501,'5078',922,,61690,50,,,0,111,,61691,52,,,0,101,,61692,52,,,0,104,,61693,52,,,0,71,,61694,52,,,0,30,,61695,52,,,0,70,,61696,52,,,0,30,,61697,52,,,0,71,,61698,52,,,0,31,,61699,52,,,0,70,,61700,52,,,0,30,,61701,52,,,0,67,,61710,31,,,0,33,,61702,52,,,0,101,,61703,52,,,0,98,,61704,52,,,0,98,,61705,52,,,0,99,,61706,52,,,0,100,,61707,52,,,0
9500,'4332',621,,62145,19,0,15,0,32,,62146,19,0,15,0,62,,62147,19,0,15,0,15,,62148,19,0,15,0,15,,62149,19,0,15,0,55,,62150,19,0,15,0,16,,62151,19,0,15,0,16,,62152,19,0,15,0,15,,62153,19,0,15,0,54,,62154,19,0,15,0,14,,62155,19,0,15,0,15,,62156,19,0,15,0,15,,62157,19,0,15,0,55,,62158,19,0,15,0,14,,62159,19,0,15,0,15,,62160,19,0,15,0,14,,62161,19,0,15,0,15,,62162,19,0,15,0,55,,62163,19,0,15,0,15,,62164,19,0,15,0,14,,62165,19,0,15,0,13,,62166,19,0,15,0,52,,62167,19,0,15,0,11,,62168,19,0,15,0,12,,62169,19,0,15,0,12,,62170,19,0,15,0,12,,62171,19,0,15,0,52,,62172,19,0,15,0,11,,62173,19,0,15,0,12,,62174,19,0,15,0,12,,62175,19,0,15,0,13,,62176,19,0,15,0,52,,62177,19,0,15,0,11,,62178,19,0,15,0,12,,62179,19,0,15,0,11,,62180,19,0,15,0,11,,62181,19,0,15,0,52,,62182,19,0,15,0,13,,62183,19,0,15,0,12,,62184,19,0,15,0,12,,62185,19,0,15,0,13,,62186,19,0,15,0,52,,62187,19,0,15,0,12,,62188,19,0,15,0,13,,62189,19,0,15,0,12,,62190,19,0,15,0,12,,62191,19,0,15,0,53,,62192,19,0,15,0,12,,62193,19,0,15,0,12,,62194,19,0,15,0,12,,62195,19,0,15,0,13,,62196,19,0,15,0,52,,62197,19,0,15,0,13,,62198,19,0,15,0,16,,62199,19,0,15,0,15,,62200,19,0,15,0,56,,62201,19,0,15,0,15,,62202,19,0,15,0,15,,62203,19,0,15,0,15,,62204,19,0,15,0,55,,62205,19,0,15,0,15,,62206,19,0,15,0,16,,62207,19,0,15,0,15,,62208,19,0,15,0,55,,62209,19,0,15,0,15,,62210,19,0,15,0,20,,62211,19,0,15,0,60,,62212,19,0,15,0,20,,62213,19,0,15,0,20,,62214,19,0,15,0,71,,62215,19,0,15,0,30,,62216,19,0,15,0,70,,62217,19,0,15,0,30,,62218,19,0,15,0,69,,62219,19,0,15,0,30,,62220,19,0,15,0,70,,62221,19,0,15,0
9500,'4661',506,,62379,19,0,15,0,25,,62369,19,0,15,0,17,,62367,19,0,15,0,55,,62366,19,0,15,0,15,,62368,19,0,15,0,11,,62357,19,0,15,0,11,,62360,19,0,15,0,12,,62380,19,0,15,0,48,,62351,19,0,15,0,8,,62352,19,0,15,0,7,,62358,19,0,15,0,8,,62340,19,0,15,0,7,,62353,19,0,15,0,9,,62347,19,0,15,0,9,,62344,19,0,15,0,7,,62349,19,0,15,0,48,,62338,19,0,15,0,7,,62370,19,0,15,0,9,,62337,19,0,15,0,8,,62335,19,0,15,0,9,,62334,19,0,15,0,9,,62378,19,0,15,0,10,,62336,19,0,15,0,50,,62329,19,0,15,0,9,,62359,19,0,15,0,10,,62327,19,0,15,0,11,,62371,19,0,15,0,10,,62333,19,0,15,0,10,,62342,19,0,15,0,50,,62331,19,0,15,0,10,,62326,19,0,15,0,10,,62317,19,0,15,0,11,,62319,19,0,15,0,12,,62377,19,0,15,0,53,,62316,19,0,15,0,12,,62354,19,0,15,0,12,,62312,19,0,15,0,12,,62372,19,0,15,0,13,,62339,19,0,15,0,52,,62332,19,0,15,0,12,,62310,19,0,15,0,12,,62320,19,0,15,0,12,,62311,19,0,15,0,13,,62375,19,0,15,0,52,,62309,19,0,15,0,12,,62355,19,0,15,0,12,,62307,19,0,15,0,12,,62373,19,0,15,0,12,,62341,19,0,15,0,51,,62328,19,0,15,0,10,,62306,19,0,15,0,10,,62304,19,0,15,0,10,,62318,19,0,15,0,10,,62305,19,0,15,0,11,,62313,19,0,15,0,50,,62376,19,0,15,0,11,,62308,19,0,15,0,11,,62356,19,0,15,0,11,,62300,19,0,15,0,10,,62299,19,0,15,0,10,,62374,19,0,15,0,51,,62343,19,0,15,0,10,,62330,19,0,15,0,10,,62297,19,0,15,0,11,,62295,19,0,15,0,11,,62323,19,0,15,0,10,,62384,19,0,15,0,51,,62315,19,0,15,0,8,,62381,19,0,15,0,12,,62294,19,0,15,0,13,,62365,19,0,15,0,12,,62301,19,0,15,0,53,,62293,19,0,15,0,13,,62346,19,0,15,0,11,,62296,19,0,15,0,14,,62292,19,0,15,0,12,,62324,19,0,15,0,52,,62314,19,0,15,0,12,,62383,19,0,15,0,15,,62364,19,0,15,0,15,,62303,19,0,15,0,56,,62348,19,0,15,0,15,,62298,19,0,15,0,15,,62291,19,0,15,0,15,,62325,19,0,15,0,55,,62382,19,0,15,0,15,,62362,19,0,15,0,20,,62302,19,0,15,0,60,,62350,19,0,15,0,20,,62290,19,0,15,0,20,,62321,19,0,15,0,70,,62363,19,0,15,0,32,,62345,19,0,15,0,70,,62322,19,0,15,0,30,,62361,19,0,15,0
9500,'4663',506,,62139,19,0,15,0,25,,62129,19,0,15,0,17,,62127,19,0,15,0,55,,62126,19,0,15,0,15,,62128,19,0,15,0,11,,62117,19,0,15,0,11,,62120,19,0,15,0,12,,62140,19,0,15,0,48,,62111,19,0,15,0,8,,62112,19,0,15,0,7,,62118,19,0,15,0,8,,62100,19,0,15,0,7,,62113,19,0,15,0,9,,62107,19,0,15,0,9,,62104,19,0,15,0,7,,62109,19,0,15,0,48,,62098,19,0,15,0,7,,62130,19,0,15,0,9,,62097,19,0,15,0,8,,62095,19,0,15,0,9,,62094,19,0,15,0,9,,62138,19,0,15,0,10,,62096,19,0,15,0,50,,62089,19,0,15,0,9,,62119,19,0,15,0,10,,62087,19,0,15,0,11,,62131,19,0,15,0,10,,62093,19,0,15,0,10,,62102,19,0,15,0,50,,62091,19,0,15,0,10,,62086,19,0,15,0,10,,62077,19,0,15,0,11,,62079,19,0,15,0,12,,62137,19,0,15,0,53,,62076,19,0,15,0,12,,62114,19,0,15,0,12,,62072,19,0,15,0,12,,62132,19,0,15,0,13,,62099,19,0,15,0,52,,62092,19,0,15,0,12,,62070,19,0,15,0,12,,62080,19,0,15,0,12,,62071,19,0,15,0,13,,62135,19,0,15,0,52,,62069,19,0,15,0,12,,62115,19,0,15,0,12,,62067,19,0,15,0,12,,62133,19,0,15,0,12,,62101,19,0,15,0,51,,62088,19,0,15,0,10,,62066,19,0,15,0,10,,62064,19,0,15,0,10,,62078,19,0,15,0,10,,62065,19,0,15,0,11,,62073,19,0,15,0,50,,62136,19,0,15,0,11,,62068,19,0,15,0,11,,62116,19,0,15,0,11,,62060,19,0,15,0,10,,62059,19,0,15,0,10,,62134,19,0,15,0,51,,62103,19,0,15,0,10,,62090,19,0,15,0,10,,62057,19,0,15,0,11,,62055,19,0,15,0,11,,62083,19,0,15,0,10,,62144,19,0,15,0,51,,62075,19,0,15,0,8,,62141,19,0,15,0,12,,62054,19,0,15,0,13,,62125,19,0,15,0,12,,62061,19,0,15,0,53,,62053,19,0,15,0,13,,62106,19,0,15,0,11,,62056,19,0,15,0,14,,62051,19,0,15,0,12,,62084,19,0,15,0,52,,62074,19,0,15,0,12,,62143,19,0,15,0,15,,62124,19,0,15,0,15,,62063,19,0,15,0,56,,62108,19,0,15,0,15,,62058,19,0,15,0,15,,62049,19,0,15,0,15,,62085,19,0,15,0,55,,62142,19,0,15,0,15,,62122,19,0,15,0,20,,62062,19,0,15,0,60,,62110,19,0,15,0,20,,62047,19,0,15,0,20,,62081,19,0,15,0,70,,62123,19,0,15,0,32,,62105,19,0,15,0,70,,62082,19,0,15,0,30,,62121,19,0,15,0,70,,62052,19,0,15,0,30,,62048,19,0,15,0,70,,62050,19,0,15,0
9500,'5078',623,,62223,19,0,15,0,30,,62224,19,0,15,0,60,,62225,19,0,15,0,20,,62226,19,0,15,0,20,,62227,19,0,15,0,55,,62228,19,0,15,0,15,,62222,19,0,15,0,15,,62229,19,0,15,0,15,,62230,19,0,15,0,54,,62231,19,0,15,0,15,,62232,19,0,15,0,15,,62233,19,0,15,0,14,,62234,19,0,15,0,55,,62235,19,0,15,0,15,,62237,19,0,15,0,15,,62238,19,0,15,0,15,,62236,19,0,15,0,55,,62239,19,0,15,0,14,,62240,19,0,15,0,15,,62241,19,0,15,0,15,,62242,19,0,15,0,55,,62289,19,0,15,0,15,,62243,19,0,15,0,15,,62288,19,0,15,0,14,,62244,19,0,15,0,54,,62287,19,0,15,0,15,,62245,19,0,15,0,15,,62246,19,0,15,0,15,,62247,19,0,15,0,55,,62248,19,0,15,0,15,,62249,19,0,15,0,15,,62250,19,0,15,0,15,,62251,19,0,15,0,55,,62252,19,0,15,0,13,,62253,19,0,15,0,12,,62254,19,0,15,0,12,,62255,19,0,15,0,13,,62256,19,0,15,0,52,,62257,19,0,15,0,12,,62258,19,0,15,0,13,,62259,19,0,15,0,12,,62260,19,0,15,0,13,,62261,19,0,15,0,52,,62262,19,0,15,0,14,,62263,19,0,15,0,15,,62264,19,0,15,0,17,,62265,19,0,15,0,55,,62266,19,0,15,0,15,,62267,19,0,15,0,15,,62268,19,0,15,0,15,,62269,19,0,15,0,55,,62270,19,0,15,0,15,,62271,19,0,15,0,15,,62272,19,0,15,0,16,,62273,19,0,15,0,55,,62274,19,0,15,0,15,,62275,19,0,15,0,15,,62276,19,0,15,0,15,,62277,19,0,15,0,55,,62278,19,0,15,0,15,,62279,19,0,15,0,21,,62280,19,0,15,0,60,,62281,19,0,15,0,20,,62282,19,0,15,0,20,,62283,19,0,15,0,71,,62284,19,0,15,0,30,,62285,19,0,15,0,70,,62286,19,0,15,0
1002201,'4661',712,,62925,37,,,0,218,,62924,37,,,0,199,,62920,37,,,0,198,,62922,23,,,0,174,,62919,23,,,0,200,,62926,23,,,0,132,,62923,23,,,0,173,,62921,23,,,0
1002201,'4663',712,,62916,37,,,0,218,,62915,37,,,0,199,,62911,37,,,0,198,,62913,23,,,0,99,,62909,23,0,5 49,0,75,,62910,23,,,0,200,,62917,23,,,0,132,,62914,23,,,0,173,,62912,23,,,0
1002201,'5387',1527,,62927,23,0,5 49,0
24007001,'4332',1137,,63211,13,,,0,201,,63212,13,,,0,204,,63213,13,,,0,194,,63214,13,,,0,196,,63215,13,,,0,199,,63216,13,,,0,391,,63217,12,4,,0
24007001,'4661',1137,,63226,13,,,0,201,,63227,13,,,0,208,,63228,13,,,0,199,,63229,13,,,0,189,,63230,13,,,0,200,,63231,13,,,0,389,,63225,12,4,,0
24007001,'4663',1137,,63205,13,,,0,201,,63206,13,,,0,208,,63207,13,,,0,199,,63208,13,,,0,189,,63209,13,,,0,200,,63210,13,,,0,389,,63204,12,4,,0
24007001,'5078',1132,,63218,13,,,0,206,,63219,13,,,0,203,,63220,13,,,0,198,,63221,13,,,0,196,,63222,13,,,0,198,,63223,13,,,0,309,,63224,12,4,,0
