800,'4661',623,,54628,5,,,0,85,,54629,5,,,0,29,,54630,5,,,0,19,,54631,5,,,0,60,,54632,5,,,0,91,,54633,5,,,0,35,,54634,5,,,0,83,,54627,5,,,0,83,,54635,5,,,0,34,,54650,5,,,0,84,,54636,5,,,0,85,,54637,5,,,0,42,,54638,5,,,0,86,,54639,5,0,16,0,14,,54640,5,,,0,81,,54641,5,,,0,84,,54642,5,,,0,34,,54651,5,,,0,75,,54643,5,,,0,73,,54644,5,,,0,33,,54645,5,,,0,71,,54652,5,,,0,55,,54646,5,,,0,84,,54647,5,,,0,97,,54648,5,,,0,83,,54649,5,,,0
800,'4663',623,,54576,5,,,0,85,,54577,5,,,0,29,,54578,5,,,0,19,,54579,5,,,0,60,,54580,5,,,0,91,,54581,5,,,0,35,,54582,5,,,0,83,,54575,5,,,0,83,,54583,5,,,0,34,,54598,5,,,0,84,,54584,5,,,0,85,,54585,5,,,0,42,,54586,5,,,0,86,,54587,5,0,16,0,14,,54588,5,,,0,81,,54589,5,,,0,84,,54590,5,,,0,34,,54599,5,,,0,75,,54591,5,,,0,73,,54592,5,,,0,33,,54593,5,,,0,71,,54600,5,,,0,55,,54594,5,,,0,84,,54595,5,,,0,97,,54596,5,,,0,83,,54597,5,,,0
900,'4661',720,,54731,12,,,0,82,,54732,12,,,0
900,'4663',720,,54729,12,,,0,82,,54730,12,,,0
2101,'4332',639,,56638,5,,,0,70,,56620,5,,,0,31,,56629,5,,,0,70,,56612,5,,,0,30,,56639,5,,,0,69,,56621,5,,,0,29,,56630,5,,,0,67,,56608,5,,,0,28,,56610,5,,,0,69,,56631,5,,,0,30,,56615,5,,,0,69,,56623,5,,,0,28,,56609,5,,,0,30,,56611,5,,,0,68,,56632,5,,,0,30,,56616,5,,,0,72,,56624,5,,,0,71,,56613,5,,,0,30,,56614,5,,,0,74,,56633,5,,,0,30,,56617,5,,,0,69,,56626,5,,,0,31,,56619,5,,,0,71,,56618,5,,,0,31,,56634,5,,,0,71,,56622,5,,,0,36,,56625,5,,,0,76,,56627,5,,,0,29,,56636,5,,,0,70,,56628,5,,,0,33,,56637,5,,,0,70,,56635,5,,,0,30,,56640,5,,,0,105,,56641,5,,,0
2101,'4661',549,,56692,5,,,0,68,,56700,5,,,0,22,,56691,5,,,0,14,,56676,5,,,0,56,,56687,9,,,0,14,,56671,9,,,0,16,,56679,9,,,0,16,,56686,9,,,0,55,,56675,9,,,0,17,,56705,9,,,0,17,,56672,9,,,0,60,,56702,9,,,0,30,,56713,9,,,0,70,,56685,9,,,0,27,,56707,9,,,0,70,,56710,9,,,0,30,,56712,9,,,0,70,,56709,9,,,0,30,,56684,9,,,0,70,,56714,9,,,0,30,,56708,9,,,0,70,,56711,9,,,0,28,,56673,9,,,0,20,,56706,9,,,0,58,,56678,9,,,0,18,,56677,5,,,0,20,,56688,9,,,0,59,,56681,9,,,0,17,,56698,9,,,0,20,,56680,9,,,0,18,,56703,9,,,0,57,,56674,5,,,0,19,,56704,9,,,0,21,,56682,9,,,0,58,,56683,9,,,0,31,,56689,5,,,0,71,,56696,5,,,0,32,,56695,5,,,0,70,,56699,5,,,0,30,,56693,5,,,0,70,,56697,5,,,0,32,,56694,5,,,0,70,,56690,5,,,0,30,,56701,5,,,0,106,,56715,5,,,0
2101,'4663',549,,56584,5,,,0,68,,56592,5,,,0,22,,56583,5,,,0,14,,56568,5,,,0,56,,56579,9,,,0,14,,56563,9,,,0,16,,56571,9,,,0,16,,56578,9,,,0,55,,56567,9,,,0,17,,56597,9,,,0,17,,56564,9,,,0,60,,56594,9,,,0,30,,56605,9,,,0,70,,56577,9,,,0,27,,56599,9,,,0,70,,56602,9,,,0,30,,56604,9,,,0,70,,56601,9,,,0,30,,56576,9,,,0,70,,56606,9,,,0,30,,56600,9,,,0,70,,56603,9,,,0,28,,56565,9,,,0,20,,56598,9,,,0,58,,56570,9,,,0,18,,56569,5,,,0,20,,56580,9,,,0,59,,56573,9,,,0,17,,56590,9,,,0,20,,56572,9,,,0,18,,56595,9,,,0,57,,56566,5,,,0,19,,56596,9,,,0,21,,56574,9,,,0,58,,56575,9,,,0,31,,56581,5,,,0,71,,56588,5,,,0,32,,56587,5,,,0,70,,56591,5,,,0,30,,56585,5,,,0,70,,56589,5,,,0,32,,56586,5,,,0,70,,56582,5,,,0,30,,56593,5,,,0,106,,56607,5,,,0
2101,'5078',648,,56655,5,,,0,79,,56645,5,,,0,80,,56656,5,,,0,36,,56654,5,,,0,64,,56642,5,,,0,27,,56644,5,,,0,70,,56657,5,,,0,29,,56643,5,,,0,70,,56658,5,,,0,29,,56647,5,,,0,70,,56646,5,,,0,30,,56659,5,,,0,68,,56648,5,,,0,29,,56660,5,,,0,30,,56661,5,,,0,70,,56662,5,,,0,71,,56650,5,,,0,32,,56651,5,,,0,73,,56652,5,,,0,30,,56653,5,,,0,71,,56649,5,,,0,30,,56663,5,,,0,72,,56664,5,,,0,35,,56665,5,,,0,105,,56666,5,,,0,101,,56667,5,,,0,104,,56668,5,,,0,100,,56669,5,,,0,103,,56670,5,,,0
3801,'4661',641,,59233,12,,,0,69,,59234,12,,,0,27,,59237,12,,,0,67,,59235,12,,,0,35,,59253,12,,,0,87,,59236,12,,,0,90,,59238,12,,,0,97,,59239,12,,,0,100,,59240,12,,,0,102,,59241,12,,,0,102,,59242,12,,,0,101,,59243,12,,,0,88,,59244,12,,,0,32,,59245,12,,,0,69,,59246,12,,,0,29,,59247,12,,,0,69,,59249,12,,,0,29,,59250,12,,,0,76,,59248,12,,,0,100,,59251,12,,,0,105,,59252,12,,,0
3801,'4663',641,,59209,12,,,0,69,,59210,12,,,0,27,,59213,12,,,0,67,,59211,12,,,0,35,,59229,12,,,0,87,,59212,12,,,0,90,,59214,12,,,0,97,,59215,12,,,0,100,,59216,12,,,0,102,,59217,12,,,0,102,,59218,12,,,0,101,,59219,12,,,0,88,,59220,12,,,0,32,,59221,12,,,0,69,,59222,12,,,0,29,,59223,12,,,0,69,,59225,12,,,0,29,,59226,12,,,0,76,,59224,12,,,0,100,,59227,12,,,0,105,,59228,12,,,0
