601,'4332',600,,54135,12,,,0,23,,54136,12,,,0,20,,54133,12,,,0,77,,54137,12,,,0,16,,54138,12,,,0,19,,54139,12,,,0,73,,54140,12,,,0,14,,54141,12,,,0,15,,54142,12,,,0,68,,54143,12,,,0,13,,54144,12,,,0,13,,54134,12,,,0,62,,54145,12,,,0,12,,54146,12,,,0,12,,54147,12,,,0,64,,54149,12,,,0,11,,54150,12,,,0,12,,54148,12,,,0,24,,54151,12,,,0,11,,54152,12,,,0,52,,54153,12,,,0,23,,54160,12,,,0,12,,54154,12,,,0,12,,54155,12,,,0,64,,54156,12,,,0,10,,54157,12,,,0,11,,54158,12,,,0,60,,54161,12,,,0,10,,54162,12,,,0,11,,54163,12,,,0,21,,54159,12,,,0,11,,54164,12,,,0,50,,54169,12,,,0,21,,54165,12,,,0,10,,54166,12,,,0,10,,54167,12,,,0,61,,54168,12,,,0,10,,54170,12,,,0,10,,54171,12,,,0,11,,54172,12,,,0,64,,54173,12,,,0,13,,54174,12,,,0,12,,54175,12,,,0,13,,54176,12,,,0,65,,54177,12,,,0,12,,54178,12,,,0,13,,54179,12,,,0,15,,54180,12,,,0,70,,54181,12,,,0,15,,54182,12,,,0,15,,54183,12,,,0,77,,54184,12,,,0,18,,54185,12,,,0,76,,54186,12,,,0,18,,54187,12,,,0,82,,54188,12,,,0,25,,54189,12,,,0,96,,54190,12,,,0,66,,54191,12,,,0,31,,54192,12,,,0,70,,54193,12,,,0,30,,54194,12,,,0,70,,54195,12,,,0,29,,54196,12,,,0
601,'4661',540,,54295,12,,,0,15,,54289,12,,,0,68,,54283,12,,,0,24,,54294,12,,,0,55,,54260,12,,,0,15,,54279,12,,,0,6,,54252,12,,,0,15,,54282,12,,,0,16,,54270,12,,,0,52,,54261,12,,,0,18,,54290,12,,,0,18,,54278,12,,,0,17,,54284,12,,,0,57,,54249,12,,,0,20,,54263,12,,,0,22,,54255,12,,,0,63,,54285,12,,,0,23,,54272,12,,,0,63,,54291,12,,,0,24,,54280,12,,,0,24,,54297,12,,,0,64,,54264,12,,,0,25,,54254,12,,,0,65,,54286,12,,,0,23,,54271,12,,,0,21,,54265,12,,,0,60,,54253,12,,,0,19,,54281,12,,,0,20,,54296,12,,,0,58,,54246,12,,,0,11,,54248,2,,,0,5,,54266,12,,,0,11,,54293,12,,,0,20,,54247,12,,,0,59,,54287,12,,,0,19,,54274,12,,,0,22,,54268,12,,,0,62,,54256,12,,,0,26,,54288,12,,,0,64,,54275,12,,,0,12,,54292,12,,,0,25,,54259,12,,,0,70,,54250,12,,,0,33,,54267,12,,,0,77,,54251,12,,,0,18,,54273,12,,,0,76,,54258,12,,,0,22,,54257,12,,,0,90,,54262,12,,,0,100,,54276,12,,,0,72,,54269,12,,,0,31,,54277,12,,,0
601,'4663',540,,54130,12,,,0,15,,54124,12,,,0,68,,54118,12,,,0,24,,54129,12,,,0,55,,54091,12,,,0,15,,54112,12,,,0,6,,54083,12,,,0,15,,54117,12,,,0,16,,54101,12,,,0,52,,54092,12,,,0,18,,54125,12,,,0,18,,54111,12,,,0,17,,54119,12,,,0,57,,54080,12,,,0,20,,54094,12,,,0,22,,54086,12,,,0,63,,54120,12,,,0,23,,54103,12,,,0,63,,54126,12,,,0,24,,54113,12,,,0,24,,54132,12,,,0,64,,54095,12,,,0,25,,54085,12,,,0,65,,54121,12,,,0,23,,54102,12,,,0,21,,54096,12,,,0,60,,54084,12,,,0,19,,54114,12,,,0,20,,54131,12,,,0,58,,54077,12,,,0,11,,54079,2,,,0,5,,54097,12,,,0,11,,54128,12,,,0,20,,54078,12,,,0,59,,54122,12,,,0,19,,54105,12,,,0,22,,54099,12,,,0,62,,54087,12,,,0,26,,54123,12,,,0,64,,54106,12,,,0,12,,54127,12,,,0,25,,54090,12,,,0,70,,54081,12,,,0,33,,54098,12,,,0,77,,54082,12,,,0,18,,54104,12,,,0,76,,54089,12,,,0,22,,54088,12,,,0,90,,54093,12,,,0,100,,54107,12,,,0,72,,54100,12,,,0,31,,54109,12,,,0,70,,54108,12,,,0,30,,54110,12,,,0,71,,54115,12,,,0,30,,54116,12,,,0
601,'5078',641,,54234,12,,,0,95,,54208,12,,,0,84,,54217,12,,,0,19,,54207,12,,,0,79,,54233,12,,,0,17,,54222,12,,,0,15,,54244,12,,,0,70,,54197,12,,,0,16,,54236,12,,,0,15,,54224,12,,,0,70,,54206,12,,,0,15,,54199,12,,,0,12,,54198,12,,,0,64,,54226,12,,,0,12,,54201,12,,,0,12,,54202,12,,,0,12,,54216,12,,,0,64,,54200,12,,,0,12,,54241,12,,,0,12,,54225,12,,,0,12,,54205,12,,,0,64,,54215,12,,,0,12,,54204,12,,,0,12,,54203,12,,,0,12,,54239,12,,,0,64,,54211,12,,,0,13,,54212,12,,,0,12,,54214,12,,,0,12,,54213,12,,,0,65,,54240,12,,,0,12,,54219,12,,,0,12,,54209,12,,,0,12,,54210,12,,,0,64,,54245,12,,,0,12,,54221,12,,,0,13,,54237,12,,,0,16,,54218,12,,,0,70,,54223,12,,,0,19,,54220,12,,,0,58,,54231,12,,,0,36,,54228,12,,,0,18,,54227,12,,,0,74,,54229,12,,,0,17,,54230,12,,,0,75,,54235,12,,,0,20,,54238,12,,,0,97,,54232,12,,,0,71,,54243,12,,,0,42,,54242,12,,,0
1000601,'4332',703,,62839,20,,,0,110,,62840,20,,,0,99,,62841,20,,,0,89,,62842,20,,,0,48,,62843,20,,,0,87,,62844,20,,,0,87,,62845,20,,,0,88,,62846,20,,,0,42,,62848,20,,,0,82,,62847,20,,,0,82,,62849,20,,,0,42,,62850,20,,,0,93,,62851,20,,,0,100,,62852,20,,,0,149,,62853,20,,,0,103,,62854,20,,,0,54,,62855,20,,,0,99,,62856,20,,,0,150,,62857,20,,,0
1000601,'4661',609,,62890,20,,,0,47,,62885,20,,,0,74,,62879,20,,,0,29,,62893,20,,,0,74,,62880,20,,,0,75,,62894,20,,,0,39,,62892,20,,,0,86,,62895,20,,,0,86,,62881,20,,,0,88,,62887,20,,,0,50,,62891,20,,,0,86,,62875,20,,,0,80,,62874,20,,,0,79,,62888,20,,,0,45,,62882,20,,,0,76,,62876,20,,,0,84,,62878,20,,,0,49,,62877,20,,,0,145,,62896,20,,,0,107,,62883,20,,,0,94,,62886,20,,,0,100,,62889,20,,,0,100,,62884,20,,,0
1000601,'4663',609,,62831,20,,,0,47,,62826,20,,,0,74,,62820,20,,,0,29,,62834,20,,,0,74,,62821,20,,,0,75,,62835,20,,,0,39,,62833,20,,,0,86,,62836,20,,,0,86,,62822,20,,,0,88,,62828,20,,,0,50,,62832,20,,,0,86,,62816,20,,,0,80,,62815,20,,,0,79,,62829,20,,,0,45,,62823,20,,,0,76,,62817,20,,,0,84,,62819,20,,,0,49,,62818,20,,,0,145,,62837,20,,,0,107,,62824,20,,,0,94,,62827,20,,,0,100,,62830,20,,,0,100,,62825,20,,,0
1000601,'5078',711,,62865,20,,,0,90,,62871,20,,,0,57,,62859,20,,,0,147,,62863,20,,,0,101,,62858,20,,,0,94,,62873,20,,,0,100,,62860,20,,,0,100,,62861,20,,,0,100,,62867,20,,,0,101,,62864,20,,,0,101,,62862,20,,,0,108,,62866,20,,,0,110,,62868,20,,,0,93,,62870,20,,,0,91,,62869,20,,,0,108,,62872,20,,,0
2000601,'4661',635,,63065,15,,,0,74,,63071,15,,,0,37,,63059,15,,,0,69,,63062,15,,,0,36,,63060,15,,,0,73,,63064,15,,,0,86,,63067,15,,,0,46,,63061,15,,,0,87,,63069,15,,,0,89,,63072,15,,,0,89,,63074,15,,,0,82,,63073,15,,,0,39,,63070,15,,,0,77,,63057,15,,,0,87,,63068,15,,,0,40,,63058,15,,,0,86,,63075,15,,,0,102,,63063,15,,,0,97,,63066,15,,,0
2000601,'4663',635,,63046,15,,,0,74,,63052,15,,,0,37,,63040,15,,,0,69,,63043,15,,,0,36,,63041,15,,,0,73,,63045,15,,,0,86,,63048,15,,,0,46,,63042,15,,,0,87,,63050,15,,,0,89,,63053,15,,,0,89,,63055,15,,,0,82,,63054,15,,,0,39,,63051,15,,,0,77,,63038,15,,,0,87,,63049,15,,,0,40,,63039,15,,,0,86,,63056,15,,,0,102,,63044,15,,,0,97,,63047,15,,,0
