8300,'4487',1059,,30133,,,0,300,,30134,,,0,344,,30132,,,0,300,,30131,,,0
8300,'4743',1059,,13978,,,0,300,,13979,,,0,344,,13977,,,0,300,,13976,,,0
8300,'4744',712,,30135,,,0,204,,30136,,,0,140,,30137,,,0,247,,30138,,,0,199,,30139,,,0,213,,30140,,,0,206,,30141,,,0
8300,'4745',1058,,30144,,,0,300,,30145,,,0,345,,30143,,,0,300,,30142,,,0
8300,'4935',712,,9346,,,0,204,,9347,,,0,140,,9348,,,0,247,,9349,,,0,199,,9350,,,0,213,,9351,,,0,206,,9352,,,0
8300,'4941',712,,9353,,,0,204,,9354,,,0,140,,9355,,,0,247,,9356,,,0,199,,9357,,,0,213,,9358,,,0,206,,9359,,,0
8300,'4943',1059,,9362,,,0,300,,9363,,,0,344,,9361,,,0,300,,9360,,,0
8300,'4945',1058,,9366,,,0,300,,9367,,,0,345,,9365,,,0,300,,9364,,,0
8300,'4947',712,,30146,,,0,204,,30147,,,0,140,,30148,,,0,247,,30149,,,0,199,,30150,,,0,213,,30151,,,0,206,,30152,,,0
8300,'4952',712,,30153,,,0,204,,30154,,,0,140,,30155,,,0,247,,30156,,,0,199,,30157,,,0,213,,30158,,,0,206,,30159,,,0
8300,'4953',1059,,30162,,,0,300,,30163,,,0,344,,30161,,,0,300,,30160,,,0
8300,'4954',1058,,30166,,,0,300,,30167,,,0,345,,30165,,,0,300,,30164,,,0
