800,'4623',630,,65917,17,,,0,88,,65918,17,,,0,29,,65919,17,,,0,81,,65920,17,,,0,89,,65921,17,,,0,35,,65922,17,,,0,82,,65916,17,,,0,83,,65923,17,,,0,35,,65937,17,,,0,84,,65924,17,,,0,85,,65925,17,,,0,83,,65926,17,,,0,101,,65927,17,,,0,42,,65928,17,,,0,85,,65929,17,,,0,71,,65938,17,,,0,34,,65930,17,,,0,72,,65931,17,,,0,32,,65932,17,,,0,71,,65939,17,,,0,95,,65933,17,,,0,43,,65934,17,,,0,96,,65935,17,,,0,83,,65936,17,,,0
800,'4833',718,,65946,6,,,0,85,,65947,6,,,0,45,,65948,6,,,0,86,,65941,6,,,0,90,,65942,6,,,0,85,,65940,6,,,0,50,,65943,6,,,0,90,,65944,6,,,0,90,,65945,6,,,0,93,,65949,6,,,0,90,,65950,6,,,0,92,,65951,6,,,0,88,,65952,6,,,0,47,,65953,6,,,0,85,,65954,6,,,0
800,'5015',718,,65961,6,,,0,85,,65962,6,,,0,45,,65963,6,,,0,86,,65956,6,,,0,90,,65957,6,,,0,85,,65955,6,,,0,50,,65958,6,,,0,90,,65959,6,,,0,90,,65960,6,,,0,93,,65964,6,,,0,90,,65965,6,,,0,92,,65966,6,,,0,88,,65967,6,,,0,47,,65968,6,,,0,85,,65969,6,,,0
800,'5078',848,,54617,6,,,0,86,,54618,6,,,0,90,,54619,6,,,0,85,,54620,6,,,0,50,,54621,6,,,0,90,,54616,6,,,0,90,,54622,6,,,0,92,,54623,6,,,0,91,,54624,6,,,0,92,,54625,6,,,0,88,,54626,6,,,0
800,'5222',630,,65971,17,,,0,88,,65972,17,,,0,29,,65973,17,,,0,81,,65974,17,,,0,89,,65975,17,,,0,35,,65976,17,,,0,82,,65970,17,,,0,83,,65977,17,,,0,35,,65991,17,,,0,84,,65978,17,,,0,85,,65979,17,,,0,83,,65980,17,,,0,101,,65981,17,,,0,42,,65982,17,,,0,85,,65983,17,,,0,71,,65992,17,,,0,34,,65984,17,,,0,72,,65985,17,,,0,32,,65986,17,,,0,71,,65993,17,,,0,95,,65987,17,,,0,43,,65988,17,,,0,96,,65989,17,,,0,83,,65990,17,,,0
800,'5365',848,,65995,6,,,0,86,,65996,6,,,0,90,,65997,6,,,0,85,,65998,6,,,0,50,,65999,6,,,0,90,,65994,6,,,0,90,,66000,6,,,0,92,,66001,6,,,0,91,,66002,6,,,0,92,,66003,6,,,0,88,,66004,6,,,0
800,'5390',848,,66006,6,,,0,86,,66007,6,,,0,90,,66008,6,,,0,85,,66009,6,,,0,50,,66010,6,,,0,90,,66005,6,,,0,90,,66011,6,,,0,92,,66012,6,,,0,91,,66013,6,,,0,92,,66014,6,,,0,88,,66015,6,,,0
900,'4623',732,,66116,24,,,0,82,,66117,24,,,0
900,'5222',732,,66118,24,,,0,82,,66119,24,,,0
1100,'4623',559,,66347,17,,,0,70,,66330,17,,,0,21,,66359,17,,,0,57,,66336,17,,,0,18,,66356,17,,,0,18,,66339,17,,,0,15,,66319,17,,,0,55,,66345,17,,,0,18,,66322,17,,,0,18,,66340,17,,,0,61,,66360,17,,,0,25,,66335,17,,,0,66,,66357,17,,,0,25,,66320,17,,,0,25,,66348,17,,,0,65,,66338,17,,,0,24,,66362,17,,,0,65,,66337,17,,,0,25,,66353,17,,,0,25,,66321,17,,,0,67,,66349,17,,,0,24,,66334,17,,,0,58,,66315,17,,,0,17,,66361,17,,,0,18,,66332,17,,,0,18,,66314,17,,,0,57,,66355,17,,,0,20,,66323,17,,,0,18,,66325,17,,,0,60,,66346,17,,,0,19,,66331,17,,,0,18,,66318,17,,,0,57,,66363,17,,,0,18,,66333,17,,,0,17,,66324,17,,,0,18,,66358,17,,,0,55,,66317,17,,,0,18,,66316,17,,,0,19,,66341,17,,,0,65,,66328,17,,,0,30,,66329,17,,,0,75,,66351,17,,,0,30,,66326,17,,,0,75,,66327,17,,,0,30,,66342,17,,,0,74,,66350,17,,,0,70,,66344,17,,,0,31,,66343,17,,,0,83,,66352,17,,,0
1100,'4833',716,,66394,17,,,0,35,,66378,17,,,0,76,,66364,17,,,0,30,,66368,17,,,0,70,,66395,17,,,0,30,,66386,17,,,0,65,,66373,17,,,0,25,,66365,17,,,0,65,,66371,17,,,0,28,,66383,17,,,0,65,,66367,17,,,0,25,,66381,17,,,0,24,,66375,17,,,0,64,,66366,17,,,0,25,,66369,17,,,0,65,,66382,17,,,0,25,,66374,17,,,0,25,,66385,17,,,0,67,,66377,17,,,0,25,,66372,17,,,0,65,,66376,17,,,0,24,,66393,17,,,0,64,,66370,17,,,0,24,,66384,17,,,0,25,,66396,17,,,0,65,,66387,17,,,0,25,,66379,17,,,0,64,,66380,17,,,0,25,,66389,17,,,0,25,,66391,17,,,0,65,,66388,17,,,0,30,,66390,17,,,0,70,,66392,17,,,0,34,,66397,17,,,0,75,,66398,17,,,0,70,,66399,17,,,0,30,,66400,17,,,0,80,,66401,17,,,0
1100,'5015',716,,66432,17,,,0,35,,66416,17,,,0,76,,66402,17,,,0,30,,66406,17,,,0,70,,66433,17,,,0,30,,66424,17,,,0,65,,66411,17,,,0,25,,66403,17,,,0,65,,66409,17,,,0,28,,66421,17,,,0,65,,66405,17,,,0,25,,66419,17,,,0,24,,66413,17,,,0,64,,66404,17,,,0,25,,66407,17,,,0,65,,66420,17,,,0,25,,66412,17,,,0,25,,66423,17,,,0,67,,66415,17,,,0,25,,66410,17,,,0,65,,66414,17,,,0,24,,66431,17,,,0,64,,66408,17,,,0,24,,66422,17,,,0,25,,66434,17,,,0,65,,66425,17,,,0,25,,66417,17,,,0,64,,66418,17,,,0,25,,66427,17,,,0,25,,66429,17,,,0,65,,66426,17,,,0,30,,66428,17,,,0,70,,66430,17,,,0,34,,66435,17,,,0,75,,66436,17,,,0,70,,66437,17,,,0,30,,66438,17,,,0,80,,66439,17,,,0
1100,'5078',731,,54963,17,,,0,80,,54962,17,,,0,40,,54965,17,,,0,70,,54964,17,,,0,31,,54967,17,,,0,75,,54966,17,,,0,75,,54971,17,,,0,31,,54969,17,,,0,70,,54968,17,,,0,30,,54970,17,,,0,70,,54974,17,,,0,30,,54975,17,,,0,70,,54973,17,,,0,30,,54972,17,,,0,70,,54978,17,,,0,30,,54977,17,,,0,70,,54976,17,,,0,30,,54980,17,,,0,69,,54981,17,,,0,30,,54979,17,,,0,69,,54982,17,,,0,30,,54983,17,,,0,70,,54985,17,,,0,45,,54984,17,,,0,85,,54986,17,,,0,84,,54987,17,,,0,40,,54988,17,,,0,85,,54989,17,,,0,85,,54990,17,,,0
1100,'5222',559,,66473,17,,,0,70,,66456,17,,,0,21,,66485,17,,,0,57,,66462,17,,,0,18,,66482,17,,,0,18,,66465,17,,,0,15,,66445,17,,,0,55,,66471,17,,,0,18,,66448,17,,,0,18,,66466,17,,,0,61,,66486,17,,,0,25,,66461,17,,,0,66,,66483,17,,,0,25,,66446,17,,,0,25,,66474,17,,,0,65,,66464,17,,,0,24,,66488,17,,,0,65,,66463,17,,,0,25,,66479,17,,,0,25,,66447,17,,,0,67,,66475,17,,,0,24,,66460,17,,,0,58,,66441,17,,,0,17,,66487,17,,,0,18,,66458,17,,,0,18,,66440,17,,,0,57,,66481,17,,,0,20,,66449,17,,,0,18,,66451,17,,,0,60,,66472,17,,,0,19,,66457,17,,,0,18,,66444,17,,,0,57,,66489,17,,,0,18,,66459,17,,,0,17,,66450,17,,,0,18,,66484,17,,,0,55,,66443,17,,,0,18,,66442,17,,,0,19,,66467,17,,,0,65,,66454,17,,,0,30,,66455,17,,,0,75,,66477,17,,,0,30,,66452,17,,,0,75,,66453,17,,,0,30,,66468,17,,,0,74,,66476,17,,,0,70,,66470,17,,,0,31,,66469,17,,,0,83,,66478,17,,,0
1100,'5365',731,,66491,17,,,0,80,,66490,17,,,0,40,,66493,17,,,0,70,,66492,17,,,0,31,,66495,17,,,0,75,,66494,17,,,0,75,,66499,17,,,0,31,,66497,17,,,0,70,,66496,17,,,0,30,,66498,17,,,0,70,,66502,17,,,0,30,,66503,17,,,0,70,,66501,17,,,0,30,,66500,17,,,0,70,,66506,17,,,0,30,,66505,17,,,0,70,,66504,17,,,0,30,,66508,17,,,0,69,,66509,17,,,0,30,,66507,17,,,0,69,,66510,17,,,0,30,,66511,17,,,0,70,,66513,17,,,0,45,,66512,17,,,0,85,,66514,17,,,0,84,,66515,17,,,0,40,,66516,17,,,0,85,,66517,17,,,0,85,,66518,17,,,0
1100,'5390',731,,66520,17,,,0,80,,66519,17,,,0,40,,66522,17,,,0,70,,66521,17,,,0,31,,66524,17,,,0,75,,66523,17,,,0,75,,66528,17,,,0,31,,66526,17,,,0,70,,66525,17,,,0,30,,66527,17,,,0,70,,66531,17,,,0,30,,66532,17,,,0,70,,66530,17,,,0,30,,66529,17,,,0,70,,66535,17,,,0,30,,66534,17,,,0,70,,66533,17,,,0,30,,66537,17,,,0,69,,66538,17,,,0,30,,66536,17,,,0,69,,66539,17,,,0,30,,66540,17,,,0,70,,66542,17,,,0,45,,66541,17,,,0,85,,66543,17,,,0,84,,66544,17,,,0,40,,66545,17,,,0,85,,66546,17,,,0,85,,66547,17,,,0
