2401,'4663',505,,57008,19,,,0,51,,57004,19,,,0,89,,56997,19,,,0,84,,57000,19,,,0,73,,57005,19,,,0,56,,57002,19,,,0,146,,56999,19,,,0,100,,56998,19,,,0,100,,57007,19,,,0,100,,57003,19,,,0,111,,57001,19,,,0,96,,57006,19,,,0,92,,57009,19,,,0,50,,57011,19,,,0,79,,57010,19,,,0,91,,57012,19,,,0,85,,57013,19,,,0,103,,57014,19,,,0,115,,57015,19,,,0,131,,57016,19,,,0,161,,57017,19,,,0
2401,'5372',505,,41631,19,,,0,51,,41627,19,,,0,89,,41620,19,,,0,84,,41623,19,,,0,73,,41628,19,,,0,56,,41625,19,,,0,146,,41622,19,,,0,100,,41621,19,,,0,100,,41630,19,,,0,100,,41626,19,,,0,111,,41624,19,,,0,96,,41629,19,,,0,92,,41632,19,,,0,50,,41634,19,,,0,79,,41633,19,,,0,91,,41635,19,,,0,85,,41636,19,,,0,103,,41637,19,,,0,115,,41638,19,,,0,131,,41639,19,,,0,161,,41640,19,,,0
2401,'5377',801,,41678,19,,,0,130,,41679,19,,,0,171,,41680,19,,,0,127,,41681,19,,,0,171,,41682,19,,,0,132,,41683,19,,,0,170,,41684,19,,,0,129,,41685,19,,,0,170,,41686,19,,,0,125,,41687,19,,,0,130,,41688,19,,,0
2401,'5383',654,,57024,19,,,0,147,,57023,19,,,0,104,,57025,19,,,0,100,,57021,19,,,0,101,,57018,19,,,0,98,,57019,19,,,0,55,,57020,19,,,0,100,,57027,19,,,0,98,,57022,19,,,0,143,,57026,19,,,0,104,,57028,19,,,0,128,,57029,19,,,0,124,,57030,19,,,0,170,,57031,19,,,0,131,,57032,19,,,0,161,,57033,19,,,0
2401,'5384',801,,57034,19,,,0,130,,57035,19,,,0,171,,57036,19,,,0,127,,57037,19,,,0,171,,57038,19,,,0,132,,57039,19,,,0,170,,57040,19,,,0,129,,57041,19,,,0,170,,57042,19,,,0,125,,57043,19,,,0,130,,57044,19,,,0
2401,'5385',505,,57056,19,,,0,51,,57052,19,,,0,89,,57045,19,,,0,84,,57048,19,,,0,73,,57053,19,,,0,56,,57050,19,,,0,146,,57047,19,,,0,100,,57046,19,,,0,100,,57055,19,,,0,100,,57051,19,,,0,111,,57049,19,,,0,96,,57054,19,,,0,92,,57057,19,,,0,50,,57059,19,,,0,79,,57058,19,,,0,91,,57060,19,,,0,85,,57061,19,,,0,103,,57062,19,,,0,115,,57063,19,,,0,131,,57064,19,,,0,161,,57065,19,,,0
2501,'4663',625,,57137,25,,,0,80,,57140,25,,,0,37,,57134,25,0,6 7,0,79,,57133,25,,,0,113,,57143,25,,,0,100,,57139,25,,,0,100,,57136,25,,,0,100,,57135,25,,,0,100,,57138,25,,,0,105,,57142,25,,,0,94,,57141,25,,,0,100,,57144,25,,,0,80,,57145,25,,,0,45,,57146,25,,,0,85,,57147,25,,,0,95,,57148,25,,,0,103,,57149,25,,,0,171,,57150,25,,,0,130,,57151,25,,,0
2501,'5372',625,,41782,25,,,0,80,,41785,25,,,0,37,,41779,25,0,6 7,0,79,,41778,25,,,0,113,,41788,25,,,0,100,,41784,25,,,0,100,,41781,25,,,0,100,,41780,25,,,0,100,,41783,25,,,0,105,,41787,25,,,0,94,,41786,25,,,0,180,,41789,25,,,0,45,,41790,25,,,0,85,,41791,25,,,0,95,,41792,25,,,0,103,,41793,25,,,0,171,,41794,25,,,0,130,,41795,25,,,0
2501,'5373',1633,,41831,25,,,0
2501,'5377',846,,41833,25,,,0,171,,41832,25,,,0,127,,41834,25,,,0,170,,41835,25,,,0,132,,41836,25,,,0,171,,41837,25,,,0,129,,41838,25,,,0,170,,41839,25,,,0,130,,41840,25,,,0,166,,41841,25,,,0,129,,41842,25,,,0
2501,'5381',1633,,50129,25,,,0
2501,'5383',731,,57155,25,,,0,99,,57152,25,,,0,105,,57154,25,,,0,102,,57153,25,,,0,97,,57161,25,,,0,95,,57158,25,,,0,100,,57157,25,,,0,98,,57156,25,,,0,100,,57159,25,,,0,102,,57160,25,,,0,118,,57162,25,,,0,169,,57163,25,,,0,126,,57164,25,,,0,170,,57165,25,,,0,130,,57166,25,,,0
2501,'5384',846,,57168,25,,,0,171,,57167,25,,,0,127,,57169,25,,,0,170,,57170,25,,,0,132,,57171,25,,,0,171,,57172,25,,,0,129,,57173,25,,,0,170,,57174,25,,,0,130,,57175,25,,,0,166,,57176,25,,,0,129,,57177,25,,,0
2501,'5385',625,,57182,25,,,0,80,,57185,25,,,0,37,,57179,25,0,6 7,0,79,,57178,25,,,0,113,,57188,25,,,0,100,,57184,25,,,0,100,,57181,25,,,0,100,,57180,25,,,0,100,,57183,25,,,0,105,,57187,25,,,0,94,,57186,25,,,0,180,,57189,25,,,0,45,,57190,25,,,0,85,,57191,25,,,0,95,,57192,25,,,0,103,,57193,25,,,0,171,,57194,25,,,0,130,,57195,25,,,0
2501,'5387',1633,,57196,25,,,0
2501,'5388',1633,,57197,25,,,0
