700,'4532',702,,65635,31,,,0,45,,65642,31,,,0,80,,65625,31,,,0,29,,65636,31,,,0,79,,65617,31,,,0,70,,65637,31,,,0,31,,65620,31,,,0,71,,65628,31,,,0,30,,65614,31,,,0,71,,65615,31,,,0,30,,65638,31,,,0,70,,65621,31,,,0,30,,65629,31,,,0,68,,65616,31,,,0,32,,65618,31,,,0,70,,65639,31,,,0,30,,65622,31,,,0,70,,65630,31,,,0,30,,65619,31,,,0,70,,65624,31,,,0,31,,65640,31,,,0,70,,65623,31,,,0,28,,65632,31,,,0,69,,65627,31,,,0,28,,65626,31,,,0,70,,65641,31,,,0,30,,65631,31,,,0,68,,65633,31,,,0,30,,65634,31,,,0
700,'4623',614,,65557,31,,,0,25,,65550,31,,,0,18,,65553,31,,,0,60,,65549,31,,,0,20,,65552,31,,,0,20,,65564,31,,,0,60,,65548,31,,,0,20,,65559,31,,,0,69,,65551,31,,,0,30,,65554,31,,,0,70,,65562,31,,,0,28,,65566,31,,,0,67,,65558,31,,,0,31,,65567,31,,,0,69,,65555,31,,,0,31,,65561,31,,,0,70,,65563,31,,,0,31,,65560,31,,,0,70,,65565,31,,,0,30,,65556,31,,,0,67,,65570,31,,,0,20,,65572,31,,,0,23,,65573,31,,,0,62,,65569,31,,,0,20,,65576,31,,,0,20,,65574,31,,,0,61,,65571,31,,,0,22,,65568,31,,,0,20,,65575,31,,,0,59,,65577,31,,,0,25,,65579,31,,,0,70,,65580,31,,,0,30,,65578,31,,,0,71,,65581,31,,,0,30,,65582,31,,,0,70,,65583,31,,,0,29,,65584,31,,,0
700,'4832',727,,65696,31,,,0,75,,65698,31,,,0,45,,65684,31,,,0,77,,65697,31,,,0,82,,65699,31,,,0,30,,65680,31,,,0,70,,65685,31,,,0,30,,65687,31,,,0,69,,65682,31,,,0,31,,65686,31,,,0,70,,65683,31,,,0,30,,65681,31,,,0,70,,65688,31,,,0,30,,65689,31,,,0,70,,65690,31,,,0,30,,65691,31,,,0,70,,65693,31,,,0,30,,65692,31,,,0,70,,65695,31,,,0,30,,65694,31,,,0,70,,65700,31,,,0,28,,65703,31,,,0,70,,65702,31,,,0,30,,65701,31,,,0,70,,65705,31,,,0,30,,65704,31,,,0
700,'4833',702,,65606,31,,,0,45,,65613,31,,,0,80,,65596,31,,,0,29,,65607,31,,,0,79,,65588,31,,,0,70,,65608,31,,,0,31,,65591,31,,,0,71,,65599,31,,,0,30,,65585,31,,,0,71,,65586,31,,,0,30,,65609,31,,,0,70,,65592,31,,,0,30,,65600,31,,,0,68,,65587,31,,,0,32,,65589,31,,,0,70,,65610,31,,,0,30,,65593,31,,,0,70,,65601,31,,,0,30,,65590,31,,,0,70,,65595,31,,,0,31,,65611,31,,,0,70,,65594,31,,,0,28,,65603,31,,,0,69,,65598,31,,,0,28,,65597,31,,,0,70,,65612,31,,,0,30,,65602,31,,,0,68,,65604,31,,,0,30,,65605,31,,,0
700,'5222',614,,65652,31,,,0,25,,65645,31,,,0,18,,65648,31,,,0,60,,65644,31,,,0,20,,65647,31,,,0,20,,65659,31,,,0,60,,65643,31,,,0,20,,65654,31,,,0,69,,65646,31,,,0,30,,65649,31,,,0,70,,65657,31,,,0,28,,65661,31,,,0,67,,65653,31,,,0,31,,65662,31,,,0,69,,65650,31,,,0,31,,65656,31,,,0,70,,65658,31,,,0,31,,65655,31,,,0,70,,65660,31,,,0,30,,65651,31,,,0,67,,65665,31,,,0,20,,65667,31,,,0,23,,65668,31,,,0,62,,65664,31,,,0,20,,65671,31,,,0,20,,65669,31,,,0,61,,65666,31,,,0,22,,65663,31,,,0,20,,65670,31,,,0,59,,65672,31,,,0,25,,65674,31,,,0,70,,65675,31,,,0,30,,65673,31,,,0,71,,65676,31,,,0,30,,65677,31,,,0,70,,65678,31,,,0,29,,65679,31,,,0
700,'5390',727,,65722,31,,,0,75,,65724,31,,,0,45,,65710,31,,,0,77,,65723,31,,,0,82,,65725,31,,,0,30,,65706,31,,,0,70,,65711,31,,,0,30,,65713,31,,,0,69,,65708,31,,,0,31,,65712,31,,,0,70,,65709,31,,,0,30,,65707,31,,,0,70,,65714,31,,,0,30,,65715,31,,,0,70,,65716,31,,,0,30,,65717,31,,,0,70,,65719,31,,,0,30,,65718,31,,,0,70,,65721,31,,,0,30,,65720,31,,,0,70,,65726,31,,,0,28,,65729,31,,,0,70,,65728,31,,,0,30,,65727,31,,,0,70,,65731,31,,,0,30,,65730,31,,,0
14000700,'4532',2202,,77659,35,0,5,0,34,,77660,35,0,5,0,69,,77661,35,0,5,0,29,,77662,35,0,5,0,70,,77663,35,0,5,0,31,,77664,35,0,5,0
14000700,'4623',2203,,77648,35,0,5,0,28,,77647,35,0,5,0,72,,77649,35,0,5,0,29,,77650,35,0,5,0,71,,77651,35,0,5,0,29,,77652,35,0,5,0
14000700,'4832',2104,,77671,35,0,5,0,31,,77672,35,0,5,0,70,,77673,35,0,5,0,100,,77674,35,0,5,0,97,,77675,35,0,5,0
14000700,'4833',2202,,77653,35,0,5,0,34,,77654,35,0,5,0,69,,77655,35,0,5,0,29,,77656,35,0,5,0,70,,77657,35,0,5,0,31,,77658,35,0,5,0
14000700,'5222',2203,,77666,35,0,5,0,28,,77665,35,0,5,0,72,,77667,35,0,5,0,29,,77668,35,0,5,0,71,,77669,35,0,5,0,29,,77670,35,0,5,0
14000700,'5390',2104,,77676,35,0,5,0,31,,77677,35,0,5,0,70,,77678,35,0,5,0,100,,77679,35,0,5,0,97,,77680,35,0,5,0
