7100,'4623',1610,,75027,36,,,0,104,,75028,36,,,0,103,,75029,36,,,0
7100,'5222',1610,,75030,36,,,0,104,,75031,36,,,0,103,,75032,36,,,0
7200,'4532',632,,75106,55,,,0,100,,75107,55,,,0,71,,75108,55,,,0,30,,75109,55,,,0,69,,75110,55,,,0,30,,75111,55,,,0,70,,75112,55,,,0,30,,75113,55,,,0,70,,75114,55,,,0,30,,75115,55,,,0,70,,75116,55,,,0,30,,75117,55,,,0,70,,75118,55,,,0,30,,75119,55,,,0,69,,75120,55,,,0,30,,75121,55,,,0,70,,75122,55,,,0,30,,75123,55,,,0,70,,75124,55,,,0,30,,75125,55,,,0,70,,75126,55,,,0,30,,75127,55,,,0,70,,75128,55,,,0,30,,75129,55,,,0,70,,75130,55,,,0,30,,75131,55,,,0,71,,75132,55,,,0,30,,75133,55,,,0,70,,75134,55,,,0,30,,75135,55,,,0,100,,75136,55,,,0,100,,75137,55,,,0,117,,75138,55,0,10 11 12,0
7200,'4623',623,,75063,55,,,0,29,,75057,55,,,0,80,,75046,55,,,0,69,,75062,55,,,0,31,,75069,55,,,0,70,,75050,55,,,0,30,,75064,55,,,0,69,,75058,55,,,0,30,,75042,55,,,0,71,,75065,55,,,0,29,,75054,55,,,0,72,,75048,55,,,0,28,,75040,55,,,0,70,,75041,55,,,0,30,,75047,55,,,0,70,,75039,55,,,0,30,,75070,55,,,0,70,,75043,55,,,0,30,,75051,55,,,0,70,,75045,55,,,0,30,,75044,55,,,0,69,,75049,55,,,0,31,,75052,55,,,0,70,,75071,55,,,0,32,,75059,55,,,0,68,,75053,55,,,0,31,,75056,55,,,0,69,,75055,55,,,0,30,,75061,55,,,0,71,,75067,55,,,0,30,,75060,55,,,0,100,,75066,55,,,0,99,,75068,55,,,0,116,,75072,55,0,10 11 12,0
7200,'4832',732,,75173,55,,,0,100,,75174,55,,,0,100,,75177,55,,,0,100,,75175,55,,,0,99,,75176,55,,,0,70,,75178,55,,,0,30,,75179,55,,,0,70,,75180,55,,,0,30,,75181,55,,,0,70,,75182,55,,,0,30,,75183,55,,,0,70,,75184,55,,,0,30,,75185,55,,,0,70,,75186,55,,,0,30,,75187,55,,,0,70,,75188,55,,,0,30,,75189,55,,,0,70,,75190,55,,,0,30,,75191,55,,,0,70,,75192,55,,,0,30,,75193,55,,,0,70,,75194,55,,,0,31,,75195,55,,,0,100,,75196,55,,,0,100,,75197,55,,,0,101,,75198,55,,,0,75,,75199,55,0,10 11 12,0
7200,'5222',623,,75163,55,,,0,29,,75157,55,,,0,80,,75146,55,,,0,69,,75162,55,,,0,31,,75169,55,,,0,70,,75150,55,,,0,30,,75164,55,,,0,69,,75158,55,,,0,30,,75142,55,,,0,71,,75165,55,,,0,29,,75154,55,,,0,72,,75148,55,,,0,28,,75140,55,,,0,70,,75141,55,,,0,30,,75147,55,,,0,70,,75139,55,,,0,30,,75170,55,,,0,70,,75143,55,,,0,30,,75151,55,,,0,70,,75145,55,,,0,30,,75144,55,,,0,69,,75149,55,,,0,31,,75152,55,,,0,70,,75171,55,,,0,32,,75159,55,,,0,68,,75153,55,,,0,31,,75156,55,,,0,69,,75155,55,,,0,30,,75161,55,,,0,71,,75167,55,,,0,30,,75160,55,,,0,100,,75166,55,,,0,99,,75168,55,,,0,116,,75172,55,0,10 11 12,0
7200,'5390',732,,75200,55,,,0,100,,75201,55,,,0,100,,75204,55,,,0,100,,75202,55,,,0,99,,75203,55,,,0,70,,75205,55,,,0,30,,75206,55,,,0,70,,75207,55,,,0,30,,75208,55,,,0,70,,75209,55,,,0,30,,75210,55,,,0,70,,75211,55,,,0,30,,75212,55,,,0,70,,75213,55,,,0,30,,75214,55,,,0,70,,75215,55,,,0,30,,75216,55,,,0,70,,75217,55,,,0,30,,75218,55,,,0,70,,75219,55,,,0,30,,75220,55,,,0,70,,75221,55,,,0,31,,75222,55,,,0,100,,75223,55,,,0,100,,75224,55,,,0,101,,75225,55,,,0,75,,75226,55,0,10 11 12,0
8100,'4532',832,,75874,31,,,0,100,,75875,31,,,0,100,,75876,31,,,0,100,,75877,31,,,0,100,,75878,31,,,0,100,,75879,31,,,0,100,,75880,31,,,0,100,,75881,31,,,0,100,,75882,31,,,0,100,,75883,31,,,0,100,,75884,31,,,0,101,,75885,31,,,0,100,,75886,31,,,0
8100,'4623',621,,75845,31,,,0,191,,75846,31,,,0,122,,75847,31,,,0,97,,75848,31,,,0,100,,75849,31,,,0,100,,75850,31,,,0,100,,75851,31,,,0,100,,75852,31,,,0,100,,75853,31,,,0,100,,75854,31,,,0,100,,75855,31,,,0,87,,75856,31,,,0,115,,75857,31,,,0,99,,75858,31,,,0
8100,'4832',832,,75904,31,,,0,100,,75903,31,,,0,100,,75905,31,,,0,100,,75906,31,,,0,100,,75907,31,,,0,100,,75908,31,,,0,100,,75909,31,,,0,100,,75910,31,,,0,100,,75911,31,,,0,100,,75912,31,,,0,100,,75913,31,,,0,100,,75914,31,,,0,102,,75915,31,,,0
8100,'5222',621,,75888,31,,,0,191,,75889,31,,,0,122,,75890,31,,,0,97,,75891,31,,,0,100,,75892,31,,,0,100,,75893,31,,,0,100,,75894,31,,,0,100,,75895,31,,,0,100,,75896,31,,,0,100,,75897,31,,,0,100,,75898,31,,,0,87,,75899,31,,,0,115,,75900,31,,,0,99,,75901,31,,,0
8100,'5390',832,,75918,31,,,0,100,,75917,31,,,0,100,,75919,31,,,0,100,,75920,31,,,0,100,,75921,31,,,0,100,,75922,31,,,0,100,,75923,31,,,0,100,,75924,31,,,0,100,,75925,31,,,0,100,,75926,31,,,0,100,,75927,31,,,0,100,,75928,31,,,0,102,,75929,31,,,0
