4801,'4663',1722,,59629,55,,,0,27,,59630,55,,,0,70,,59631,55,,,0
4801,'5372',1722,,59632,55,,,0,27,,59633,55,,,0,70,,59634,55,,,0
4801,'5385',1722,,59635,55,,,0,27,,59636,55,,,0,70,,59637,55,,,0
5201,'4332',700,,59895,33,,,0,32,,59905,33,,,0,70,,59903,33,,,0,31,,59886,33,,,0,70,,59893,33,,,0,30,,59912,33,,,0,70,,59890,33,,,0,32,,59887,33,,,0,70,,59894,33,,,0,30,,59913,33,,,0,71,,59891,33,,,0,31,,59888,33,,,0,75,,59897,33,,,0,30,,59915,33,,,0,75,,59892,33,,,0,35,,59902,33,,,0,75,,59896,33,,,0,30,,59914,33,,,0,70,,59889,33,,,0,30,,59900,33,,,0,63,,59908,33,,,0,25,,59899,33,,,0,64,,59904,33,,,0,25,,59901,33,,,0,70,,59898,33,,,0,29,,59911,33,,,0,72,,59906,33,,,0,30,,59910,33,,,0,70,,59907,33,,,0,24,,59909,33,0,38 3 39 49,0,30,,59916,33,,,0,143,,59917,33,,,0,100,,59918,33,,,0
5201,'4663',519,,59850,33,,,0,36,,59847,33,,,0,78,,59854,33,,,0,78,,59849,33,,,0,26,,59860,33,,,0,70,,59848,33,,,0,33,,59866,33,,,0,64,,59855,33,,,0,34,,59851,33,,,0,75,,59852,33,,,0,29,,59864,33,,,0,70,,59856,33,,,0,28,,59853,33,,,0,75,,59857,33,,,0,34,,59865,33,,,0,71,,59858,33,,,0,30,,59859,33,,,0,70,,59879,33,,,0,26,,59884,18,0,30 14,0,5,,59861,33,,,0,60,,59885,33,0,38 3 39 49,0,8,,59867,33,,,0,28,,59862,33,,,0,73,,59863,33,,,0,37,,59880,33,,,0,62,,59868,33,,,0,25,,59869,33,,,0,62,,59870,33,,,0,30,,59871,33,,,0,69,,59881,33,,,0,29,,59872,33,,,0,73,,59873,33,,,0,29,,59875,33,,,0,68,,59883,33,,,0,26,,59876,33,0,38 3 39 49,0,74,,59877,33,,,0,98,,59882,33,,,0,99,,59878,33,,,0
5201,'5078',731,,59924,33,,,0,70,,59940,33,,,0,31,,59932,33,,,0,71,,59920,33,,,0,30,,59927,33,,,0,70,,59934,33,,,0,31,,59929,33,,,0,70,,59921,33,,,0,31,,59926,33,,,0,70,,59935,33,,,0,30,,59931,33,,,0,75,,59919,33,,,0,30,,59925,33,,,0,75,,59938,33,,,0,35,,59930,33,,,0,75,,59945,33,,,0,29,,59923,33,,,0,70,,59937,33,,,0,30,,59928,33,,,0,70,,59933,33,,,0,30,,59922,33,,,0,70,,59936,33,,,0,79,,59939,33,,,0,100,,59941,33,,,0,99,,59942,33,,,0,100,,59943,33,,,0,100,,59944,33,,,0
5201,'5372',519,,44937,33,,,0,36,,44934,33,,,0,78,,44941,33,,,0,78,,44936,33,,,0,26,,44947,33,,,0,70,,44935,33,,,0,33,,44953,33,,,0,64,,44942,33,,,0,34,,44938,33,,,0,75,,44939,33,,,0,29,,44951,33,,,0,70,,44943,33,,,0,28,,44940,33,,,0,75,,44944,33,,,0,34,,44952,33,,,0,71,,44945,33,,,0,30,,44946,33,,,0,70,,51771,33,,,0,31,,44948,33,,,0,60,,51772,33,0,38 3 39 49,0,8,,44954,33,,,0,25,,44971,18,0,30 14,0,3,,44949,33,,,0,73,,44950,33,,,0,37,,44967,33,,,0,62,,44955,33,,,0,25,,44956,33,,,0,62,,44957,33,,,0,30,,44958,33,,,0,69,,44968,33,,,0,29,,44959,33,,,0,73,,44960,33,,,0,29,,44962,33,,,0,68,,44970,33,,,0,26,,44963,33,0,38 3 39 49,0,74,,44964,33,,,0,98,,44969,33,,,0,99,,44965,33,,,0
5201,'5385',519,,59949,33,,,0,36,,59946,33,,,0,78,,59953,33,,,0,78,,59948,33,,,0,26,,59959,33,,,0,70,,59947,33,,,0,33,,59965,33,,,0,64,,59954,33,,,0,34,,59950,33,,,0,75,,59951,33,,,0,29,,59963,33,,,0,70,,59955,33,,,0,28,,59952,33,,,0,75,,59956,33,,,0,34,,59964,33,,,0,71,,59957,33,,,0,30,,59958,33,,,0,70,,59978,33,,,0,31,,59960,33,,,0,60,,59984,33,0,38 3 39 49,0,8,,59966,33,,,0,25,,59983,18,0,30 14,0,3,,59961,33,,,0,73,,59962,33,,,0,37,,59979,33,,,0,62,,59967,33,,,0,25,,59968,33,,,0,62,,59969,33,,,0,30,,59970,33,,,0,69,,59980,33,,,0,29,,59971,33,,,0,73,,59972,33,,,0,29,,59974,33,,,0,68,,59982,33,,,0,26,,59975,33,0,38 3 39 49,0,74,,59976,33,,,0,98,,59981,33,,,0,99,,59977,33,,,0
5500,'4332',818,,60139,31,,,0,201,,60135,31,,,0,213,,60136,31,,,0,204,,60137,31,,,0,211,,60138,31,,,0,209,,60134,31,,,0,264,,60133,31,,,0
5500,'4663',623,,60123,31,,,0,132,,60125,31,,,0,173,,60124,31,,,0,214,,60126,31,,,0,198,,60127,31,,,0,174,,60128,31,,,0,106,,60129,31,,,0,182,,60130,31,,,0,148,,60131,31,,,0,198,,60132,31,,,0
5500,'5078',816,,60140,31,,,0,202,,60143,31,,,0,214,,60142,31,,,0,205,,60141,31,,,0,210,,60145,31,,,0,208,,60146,31,,,0,263,,60144,31,,,0
5500,'5372',623,,50530,31,,,0,132,,45267,31,,,0,173,,45266,31,,,0,214,,45268,31,,,0,198,,50531,31,,,0,174,,51782,31,,,0,106,,45271,31,,,0,182,,45272,31,,,0,148,,45273,31,,,0,198,,45274,31,,,0
5500,'5385',623,,60147,31,,,0,132,,60149,31,,,0,173,,60148,31,,,0,214,,60150,31,,,0,198,,60151,31,,,0,174,,60152,31,,,0,106,,60153,31,,,0,182,,60154,31,,,0,148,,60155,31,,,0,198,,60156,31,,,0
5901,'4332',657,,60582,16,,,0,100,,60583,16,,,0,101,,60584,16,,,0,101,,60580,16,,,0,145,,60581,16,,,0,105,,60579,16,,,0,105,,60578,16,,,0,105,,60577,16,,,0,105,,60576,16,,,0,102,,60575,16,,,0,103,,60574,16,,,0,105,,60573,16,,,0,105,,60572,16,,,0,120,,60571,16,,,0
5901,'4663',656,,60554,16,,,0,69,,60562,16,,,0,100,,60555,16,,,0,106,,60556,16,,,0,101,,60557,16,,,0,97,,60558,16,,,0,103,,60559,16,,,0,102,,60560,16,,,0,107,,60561,16,,,0,98,,60553,16,,,0,86,,60569,16,,,0,84,,60563,16,,,0,42,,60564,16,,,0,81,,60568,16,,,0,104,,60565,16,,,0,105,,60566,16,,,0,114,,60567,16,,,0
5901,'5078',757,,60586,16,,,0,101,,60585,16,,,0,101,,60587,16,,,0,145,,60589,16,,,0,105,,60588,16,,,0,105,,60592,16,,,0,105,,60593,16,,,0,105,,60591,16,,,0,102,,60590,16,,,0,103,,60596,16,,,0,105,,60595,16,,,0,105,,60597,16,,,0,120,,60594,16,,,0
5901,'5372',656,,45780,16,,,0,69,,45788,16,,,0,100,,45781,16,,,0,106,,45782,16,,,0,101,,45783,16,,,0,97,,45784,16,,,0,103,,45785,16,,,0,102,,45786,16,,,0,107,,45787,16,,,0,98,,60570,16,,,0,86,,45795,16,,,0,84,,45789,16,,,0,42,,45790,16,,,0,81,,45794,16,,,0,104,,45791,16,,,0,105,,45792,16,,,0,114,,45793,16,,,0
5901,'5385',656,,60599,16,,,0,69,,60607,16,,,0,100,,60600,16,,,0,106,,60601,16,,,0,101,,60602,16,,,0,97,,60603,16,,,0,103,,60604,16,,,0,102,,60605,16,,,0,107,,60606,16,,,0,98,,60598,16,,,0,86,,60614,16,,,0,84,,60608,16,,,0,42,,60609,16,,,0,81,,60613,16,,,0,104,,60610,16,,,0,105,,60611,16,,,0,114,,60612,16,,,0
6100,'4332',654,,60786,32,0,30 14,0,99,,60787,32,0,30 14,0,82,,60785,32,0,30 14,0,98,,60788,32,0,30 14,0,96,,60789,32,0,30 14,0,82,,60790,32,0,30 14,0,35,,60791,32,0,30 14,0,88,,60792,32,0,30 14,0,75,,60793,32,0,30 14,0,35,,60794,32,0,30 14,0,76,,60795,32,0,30 14,0,36,,60796,32,0,30 14,0,77,,60797,32,0,30 14,0,77,,60798,32,0,30 14,0,25,,60799,32,0,30 14,0,78,,60800,32,0,30 14,0,41,,60801,32,0,30 14,0,72,,60802,32,0,30 14,0,31,,60803,32,0,30 14,0,71,,60804,32,0,30 14,0,73,,60805,32,0,30 14,0,43,,60806,32,0,30 14,0,81,,60807,32,0,30 14,0,81,,60808,32,0,30 14,0,103,,60809,32,0,30 14,0,32,,60810,32,0,30 14,0,100,,60811,32,0,30 14,0,78,,60812,32,0,30,0,99,,60813,32,0,30,0
6100,'4663',542,,60746,50,,,0,77,,60744,50,,,0,13,,60747,50,,,0,20,,60748,50,,,0,61,,60750,50,,,0,19,,60754,50,,,0,18,,60761,50,,,0,69,,60763,50,,,0,19,,60756,32,0,30 14,0,80,,60745,32,0,30 14,0,36,,60749,32,0,30 14,0,64,,60760,32,0,30 14,0,36,,60752,32,0,30 14,0,88,,60751,32,0,30 14,0,76,,60758,32,0,30 14,0,35,,60753,32,0,30 14,0,74,,60755,32,0,30 14,0,79,,60762,32,0,30 14,0,30,,60757,32,0,30 14,0,68,,60781,32,0,30 14,0,12,,60759,32,0,30 14,0,33,,60764,32,0,30 14,0,82,,60765,32,0,30 14,0,26,,60768,32,0,30 14,0,79,,60772,32,0,30 14,0,68,,60767,32,0,30 14,0,25,,60766,32,0,30 14,0,28,,60771,32,0,30 14,0,72,,60773,32,0,30 14,0,30,,60769,32,0,30 14,0,70,,60770,32,0,30 14,0,95,,60774,32,0,30 14,0,81,,60775,32,0,30 14,0,104,,60777,32,0,30 14,0,33,,60778,32,0,30 14,0,100,,60779,32,0,30 14,0,74,,60780,32,0,30 14,0,100,,60776,32,0,30,0
6100,'5078',657,,60814,32,0,30 14,0,144,,60815,32,0,30 14,0,43,,60816,32,0,30 14,0,96,,60817,32,0,30 14,0,83,,60818,32,0,30 14,0,86,,60819,32,0,30 14,0,97,,60820,32,0,30 14,0,44,,60821,32,0,30 14,0,101,,60822,32,0,30 14,0,93,,60823,32,0,30 14,0,103,,60824,32,0,30 14,0,77,,60825,32,0,30 14,0,102,,60826,32,0,30 14,0,86,,60827,32,0,30 14,0,103,,60828,32,0,30 14,0,86,,60829,32,0,30 14,0,46,,60830,32,0,30 14,0,101,,60831,32,0,30 14,0,93,,60832,32,0,30 14,0,101,,60833,32,0,30 14,0,74,,60834,32,0,30,0
6100,'5372',542,,50731,50,,,0,77,,46007,50,,,0,13,,50732,50,,,0,20,,46011,50,,,0,61,,46013,50,,,0,19,,46017,50,,,0,18,,46024,50,,,0,69,,46026,50,,,0,19,,46019,32,0,30 14,0,80,,46008,32,0,30 14,0,36,,46012,32,0,30 14,0,64,,46023,32,0,30 14,0,36,,46015,32,0,30 14,0,88,,50733,32,0,30 14,0,76,,51797,32,0,30 14,0,35,,46016,32,0,30 14,0,74,,46018,32,0,30 14,0,79,,51798,32,0,30 14,0,30,,46020,32,0,30 14,0,80,,46022,32,0,30 14,0,33,,51799,32,0,30 14,0,82,,46028,32,0,30 14,0,26,,46030,32,0,30 14,0,79,,46034,32,0,30 14,0,68,,51800,32,0,30 14,0,53,,51802,32,0,30 14,0,72,,51803,32,0,30 14,0,30,,60782,32,0,30 14,0,70,,46032,32,0,30 14,0,95,,51804,32,0,30 14,0,81,,46037,32,0,30 14,0,104,,46038,32,0,30 14,0,33,,46039,32,0,30 14,0,100,,46040,32,0,30 14,0,74,,46041,32,0,30 14,0
6100,'5373',1829,,60783,32,0,30 14,0
6100,'5385',542,,60837,50,,,0,77,,60835,50,,,0,13,,60838,50,,,0,20,,60839,50,,,0,61,,60841,50,,,0,19,,60845,50,,,0,18,,60852,50,,,0,69,,60854,50,,,0,19,,60847,32,0,30 14,0,80,,60836,32,0,30 14,0,36,,60840,32,0,30 14,0,64,,60851,32,0,30 14,0,36,,60843,32,0,30 14,0,88,,60842,32,0,30 14,0,76,,60849,32,0,30 14,0,35,,60844,32,0,30 14,0,74,,60846,32,0,30 14,0,79,,60853,32,0,30 14,0,30,,60848,32,0,30 14,0,80,,60850,32,0,30 14,0,33,,60855,32,0,30 14,0,82,,60856,32,0,30 14,0,26,,60858,32,0,30 14,0,79,,60862,32,0,30 14,0,68,,60857,32,0,30 14,0,53,,60861,32,0,30 14,0,72,,60863,32,0,30 14,0,30,,60859,32,0,30 14,0,70,,60860,32,0,30 14,0,95,,60864,32,0,30 14,0,81,,60865,32,0,30 14,0,104,,60866,32,0,30 14,0,33,,60867,32,0,30 14,0,100,,60868,32,0,30 14,0,74,,60869,32,0,30 14,0
6100,'5387',1829,,60870,32,0,30 14,0
6100,'5388',1829,,60871,32,0,30 14,0
6400,'4663',741,,61005,57,,,0,507,,61007,88,,,0,580,,61009,73,,,0
6400,'5372',741,,46306,57,,,0,507,,51838,88,,,0,580,,46310,73,,,0
6400,'5385',741,,61012,57,,,0,507,,61014,88,,,0,580,,61016,73,,,0
