401,'4858',550,,797,,,0,57,,808,,,0,19,,818,,,0,15,,782,,,0,14,,799,,,0,53,,789,,,0,15,,800,,,0,15,,783,,,0,13,,786,,,0,54,,798,,,0,12,,835,,,0,14,,802,,,0,13,,836,,,0,14,,809,,,0,55,,817,,,0,14,,796,,,0,13,,837,,,0,13,,801,,,0,53,,820,,,0,13,,769,,,0,13,,829,,,0,14,,804,,,0,12,,795,,,0,52,,812,,,0,13,,810,,,0,13,,774,,,0,14,,832,,,0,53,,825,,,0,15,,806,,,0,14,,766,,,0,14,,821,,,0,54,,830,,,0,14,,803,,,0,11,,805,,,0,13,,839,,,0,13,,807,,,0,53,,813,,,0,13,,793,,,0,15,,791,,,0,9,,833,,,0,9,,823,,,0,55,,790,,,0,16,,787,,,0,8,,827,,,0,10,,792,,,0,16,,831,,,0,48,,834,,,0,11,,838,,,0,19,,811,,,0,16,,816,,,0,56,,788,,,0,15,,822,,,0,15,,819,,,0,17,,794,,,0,55,,824,,,0,16,,828,,,0,16,,826,,,0,15,,815,,,0,55,,814,,,0,16,,773,,,0,15,,767,,,0,16,,772,,,0,58,,775,,,0,17,,778,,,0,16,,779,,,0,56,,771,,,0,19,,770,,,0,20,,776,,,0,60,,781,,,0,24,,768,,,0,25,,777,,,0,69,,780,,,0,31,,784,,,0,72,,785,,,0
401,'4867',550,,875,,,0,57,,886,,,0,19,,896,,,0,15,,856,,,0,14,,877,,,0,53,,867,,,0,15,,878,,,0,15,,858,,,0,13,,862,,,0,54,,876,,,0,12,,913,,,0,14,,880,,,0,13,,914,,,0,14,,887,,,0,55,,895,,,0,14,,874,,,0,13,,915,,,0,13,,879,,,0,53,,898,,,0,13,,843,,,0,13,,907,,,0,14,,882,,,0,12,,873,,,0,52,,890,,,0,13,,888,,,0,13,,848,,,0,14,,910,,,0,53,,903,,,0,15,,884,,,0,14,,840,,,0,14,,899,,,0,54,,908,,,0,14,,881,,,0,11,,883,,,0,13,,917,,,0,13,,885,,,0,53,,891,,,0,13,,871,,,0,15,,869,,,0,9,,911,,,0,9,,901,,,0,55,,868,,,0,16,,865,,,0,8,,905,,,0,10,,870,,,0,16,,909,,,0,48,,912,,,0,11,,916,,,0,19,,889,,,0,16,,894,,,0,56,,866,,,0,15,,900,,,0,15,,897,,,0,17,,872,,,0,55,,902,,,0,16,,906,,,0,16,,904,,,0,15,,893,,,0,55,,892,,,0,16,,847,,,0,15,,841,,,0,16,,846,,,0,58,,849,,,0,17,,852,,,0,16,,853,,,0,56,,845,,,0,19,,844,,,0,20,,850,,,0,60,,855,,,0,24,,842,,,0,25,,851,,,0,69,,854,,,0,31,,859,,,0,72,,860,,,0,30,,861,,,0,71,,863,,,0,30,,857,,,0,70,,864,,,0
401,'4868',658,,952,,,0,60,,961,,,0,20,,934,,,0,18,,944,,,0,56,,954,,,0,16,,924,,,0,16,,942,,,0,56,,943,,,0,15,,957,,,0,15,,918,,,0,15,,930,,,0,55,,932,,,0,15,,981,,,0,15,,946,,,0,15,,959,,,0,55,,919,,,0,14,,928,,,0,15,,940,,,0,15,,951,,,0,15,,956,,,0,55,,920,,,0,16,,929,,,0,15,,935,,,0,55,,953,,,0,16,,960,,,0,16,,933,,,0,15,,925,,,0,56,,936,,,0,16,,949,,,0,16,,955,,,0,16,,921,,,0,56,,927,,,0,15,,922,,,0,16,,945,,,0,16,,958,,,0,57,,938,,,0,17,,926,,,0,16,,923,,,0,56,,948,,,0,15,,950,,,0,17,,931,,,0,18,,937,,,0,59,,939,,,0,18,,947,,,0,19,,941,,,0,58,,963,,,0,18,,962,,,0,18,,964,,,0,18,,968,,,0,58,,969,,,0,18,,971,,,0,18,,972,,,0,58,,970,,,0,18,,974,,,0,25,,978,,,0,64,,973,,,0,30,,976,,,0,72,,975,,,0,31,,979,,,0,72,,977,,,0,30,,980,,,0,70,,967,,,0,31,,966,,,0,70,,965,,,0
401,'4869',721,,982,,,0,30,,983,,,0,71,,984,,,0,29,,985,,,0,67,,986,,,0,30,,987,,,0,59,,988,,,0,19,,989,,,0,20,,990,,,0,59,,991,,,0,20,,992,,,0,20,,993,,,0,59,,994,,,0,20,,995,,,0,19,,996,,,0,60,,997,,,0,20,,998,,,0,17,,1026,,,0,18,,999,,,0,56,,1000,,,0,16,,1001,,,0,16,,1002,,,0,57,,1028,,,0,17,,1003,,,0,16,,1004,,,0,16,,1005,,,0,57,,1006,,,0,16,,1027,,,0,16,,1007,,,0,17,,1008,,,0,57,,1009,,,0,19,,1010,,,0,19,,1011,,,0,58,,1012,,,0,18,,1013,,,0,19,,1014,,,0,58,,1015,,,0,19,,1029,,,0,18,,1016,,,0,60,,1017,,,0,20,,1018,,,0,24,,1019,,,0,72,,1020,,,0,32,,1021,,,0,69,,1022,,,0,32,,1023,,,0,70,,1024,,,0,30,,1025,0,23,0
700,'4858',559,,1632,,,0,67,,1644,,,0,17,,1633,,,0,14,,1643,,,0,53,,1641,,,0,14,,1652,,,0,16,,1642,,,0,15,,1653,,,0,60,,1638,,,0,18,,1664,,,0,18,,1639,,,0,61,,1640,,,0,21,,1634,,,0,20,,1656,,,0,60,,1635,,,0,20,,1645,,,0,20,,1657,,,0,60,,1637,,,0,20,,1636,,,0,20,,1646,,,0,60,,1648,,,0,20,,1649,,,0,20,,1655,,,0,57,,1674,,,0,19,,1658,,,0,16,,1647,,,0,55,,1650,,,0,17,,1676,,,0,17,,1654,,,0,17,,1651,,,0,53,,1677,,,0,24,,1665,,,0,20,,1673,,,0,58,,1663,,,0,18,,1661,,,0,19,,1659,,,0,59,,1675,,,0,19,,1662,,,0,16,,1666,,,0,75,,1660,,,0,31,,1670,,,0,70,,1667,,,0,33,,1668,,,0,69,,1669,,,0,30,,1671,,,0,72,,1672,,,0
700,'4860',1510,,1679,,,0,245,,1678,,,0
700,'4865',1510,,1681,,,0,245,,1680,,,0
700,'4867',559,,1682,,,0,67,,1694,,,0,17,,1683,,,0,14,,1693,,,0,53,,1691,,,0,14,,1702,,,0,16,,1692,,,0,15,,1703,,,0,60,,1688,,,0,18,,1716,,,0,18,,1689,,,0,61,,1690,,,0,21,,1684,,,0,20,,1706,,,0,60,,1685,,,0,20,,1695,,,0,20,,1707,,,0,60,,1687,,,0,20,,1686,,,0,20,,1696,,,0,60,,1698,,,0,20,,1699,,,0,20,,1705,,,0,57,,1726,,,0,19,,1708,,,0,16,,1697,,,0,55,,1700,,,0,17,,1728,,,0,17,,1704,,,0,17,,1701,,,0,53,,1729,,,0,6,,1714,,,0,18,,1717,,,0,20,,1725,,,0,58,,1715,,,0,18,,1711,,,0,19,,1709,,,0,59,,1727,,,0,19,,1712,,,0,16,,1718,,,0,18,,1713,,,0,57,,1710,,,0,31,,1722,,,0,70,,1719,,,0,33,,1720,,,0,69,,1721,,,0,30,,1723,,,0,72,,1724,,,0
700,'4868',646,,1751,,,0,85,,1758,,,0,80,,1741,,,0,29,,1752,,,0,79,,1733,,,0,29,,1753,,,0,70,,1736,,,0,31,,1744,,,0,69,,1730,,,0,31,,1731,,,0,70,,1754,,,0,30,,1737,,,0,70,,1745,,,0,28,,1732,,,0,72,,1734,,,0,30,,1755,,,0,70,,1738,,,0,31,,1746,,,0,70,,1735,,,0,30,,1740,,,0,71,,1756,,,0,30,,1739,,,0,69,,1748,,,0,29,,1743,,,0,68,,1742,,,0,31,,1757,,,0,70,,1747,,,0,28,,1749,,,0,70,,1750,,,0
700,'4869',712,,1775,,,0,35,,1777,,,0,84,,1763,,,0,77,,1776,,,0,40,,1778,,,0,70,,1759,,,0,30,,1764,,,0,70,,1766,,,0,29,,1761,,,0,71,,1765,,,0,30,,1762,,,0,70,,1760,,,0,30,,1767,,,0,70,,1768,,,0,30,,1769,,,0,70,,1770,,,0,30,,1772,,,0,70,,1771,,,0,30,,1774,,,0,70,,1773,,,0,30,,1779,,,0,70,,1782,,,0,30,,1781,,,0,70,,1780,,,0,30,,1784,,,0,71,,1783,,,0
901,'4858',1457,,2105,0,24,0,55,,2108,0,24,0,34,,2104,0,24,0,76,,2109,0,24,0,21,,2106,,,0,14,,2107,0,24,0,55,,2110,0,24,0,15,,2103,,,0
901,'4867',1457,,2113,0,24,0,55,,2116,0,24,0,34,,2112,0,24,0,76,,2117,0,24,0,21,,2114,,,0,14,,2115,0,24,0,55,,2118,0,24,0,15,,2111,,,0
14000700,'4858',2145,,10582,,,0,70,,10583,,,0,32,,10584,,,0,69,,10585,,,0,31,,10586,,,0,70,,10587,,,0
14000700,'4867',2145,,10588,,,0,70,,10589,,,0,32,,10590,,,0,69,,10591,,,0,31,,10592,,,0,70,,10593,,,0
14000700,'4868',2144,,10594,,,0,74,,10595,,,0,30,,10596,,,0,69,,10597,,,0,30,,10598,,,0,72,,10599,,,0
14000700,'4869',2047,,10600,,,0,71,,10601,,,0,30,,10602,,,0,100,,10603,,,0,99,,10604,,,0
