5300,'4332',1326,,60002,9,0,25 40,0,210,,59998,9,0,25 40,0,210,,59996,9,0,25 40,0,206,,59997,9,0,25 40,0
5300,'4663',1321,,59991,9,0,25 40,0,187,,59993,9,0,25 40,0,107,,59990,9,0,25 40,0,129,,59992,9,0,25 40,0,167,,59994,9,0,25 40,0,130,,59995,9,0,25 40,0
5300,'5078',1326,,60007,9,0,25 40,0,210,,60005,9,0,25 40,0,210,,60009,9,0,25 40,0,205,,60008,9,0,25 40,0
5300,'5372',1321,,50456,9,0,25 40,0,187,,50458,9,0,25 40,0,107,,50455,9,0,25 40,0,129,,51774,9,0,25 40,0,167,,50459,9,0,25 40,0,130,,50460,9,0,25 40,0
5300,'5385',1321,,60016,9,0,25 40,0,187,,60018,9,0,25 40,0,107,,60015,9,0,25 40,0,129,,60017,9,0,25 40,0,167,,60019,9,0,25 40,0,130,,60020,9,0,25 40,0
5301,'4332',759,,60036,31,,,0,200,,60037,31,,,0,254,,60035,31,,,0
5301,'4663',810,,60023,31,,,0,115,,60021,31,,,0,199,,60022,31,,,0
5301,'5078',759,,60041,31,,,0,200,,60038,31,,,0,253,,60039,31,,,0
5301,'5372',810,,50492,31,,,0,115,,45142,31,,,0,199,,50491,31,,,0
5301,'5385',810,,60047,31,,,0,115,,60045,31,,,0,199,,60046,31,,,0
