4901,'4532',643,,72930,24,,,0,204,,72931,24,,,0,253,,72932,24,,,0,202,,72927,24,,,0,210,,72928,24,,,0,208,,72929,24,,,0,193,,72926,24,,,0
4901,'4623',645,,72912,24,,,0,107,,72908,24,,,0,101,,72909,24,,,0,173,,72914,24,,,0,201,,72910,24,,,0,125,,72915,24,,,0,185,,72917,24,,,0,105,,72916,24,,,0,92,,72911,24,,,0,108,,72913,24,,,0,191,,72918,24,,,0
4901,'4832',847,,72945,24,,,0,211,,72944,24,,,0,243,,72946,24,,,0,208,,72947,24,,,0,209,,72948,24,,,0,194,,72949,24,,,0
4901,'5222',645,,72937,24,,,0,107,,72933,24,,,0,101,,72934,24,,,0,173,,72939,24,,,0,201,,72935,24,,,0,125,,72940,24,,,0,185,,72942,24,,,0,105,,72941,24,,,0,92,,72936,24,,,0,108,,72938,24,,,0,191,,72943,24,,,0
4901,'5390',847,,72951,24,,,0,211,,72950,24,,,0,243,,72952,24,,,0,208,,72953,24,,,0,209,,72954,24,,,0,194,,72955,24,,,0
5301,'4532',752,,73412,22,,,0,200,,73413,22,,,0,253,,73411,22,,,0,217,,73408,22,,,0,210,,73409,22,,,0,210,,73410,22,,,0,202,,73407,22,,,0
5301,'4623',800,,73390,22,,,0,116,,73399,22,,,0,199,,73391,22,,,0,130,,73394,22,,,0,173,,73392,22,,,0,193,,73393,22,,,0,100,,73395,41,,,0,129,,73397,22,,,0,167,,73396,22,,,0,130,,73398,22,,,0
5301,'4832',752,,73427,22,,,0,200,,73424,22,,,0,252,,73425,22,,,0,218,,73428,22,,,0,210,,73426,22,,,0,210,,73429,22,,,0,202,,73430,22,,,0
5301,'5222',800,,73414,22,,,0,116,,73423,22,,,0,199,,73415,22,,,0,130,,73418,22,,,0,173,,73416,22,,,0,193,,73417,22,,,0,100,,73419,41,,,0,129,,73421,22,,,0,167,,73420,22,,,0,130,,73422,22,,,0
5301,'5390',752,,73434,22,,,0,200,,73431,22,,,0,252,,73432,22,,,0,218,,73435,22,,,0,210,,73433,22,,,0,210,,73436,22,,,0,202,,73437,22,,,0
