6100,'4332',637,,60786,11,0,30 14,0,99,,60787,11,0,30 14,0,82,,60785,11,0,30 14,0,97,,60788,11,0,30 14,0,95,,60789,11,0,30 14,0,42,,60790,11,0,30 14,0,75,,60791,11,0,30 14,0,87,,60792,11,0,30 14,0,35,,60793,11,0,30 14,0,75,,60794,11,0,30 14,0,76,,60795,11,0,30 14,0,37,,60796,11,0,30 14,0,77,,60797,11,0,30 14,0,37,,60798,11,0,30 14,0,66,,60799,11,0,30 14,0,38,,60800,11,0,30 14,0,81,,60801,11,0,30 14,0,72,,60802,11,0,30 14,0,31,,60803,11,0,30 14,0,71,,60804,11,0,30 14,0,33,,60805,11,0,30 14,0,83,,60806,11,0,30 14,0,81,,60807,11,0,30 14,0,41,,60808,11,0,30 14,0,104,,60809,11,0,30 14,0,73,,60810,11,0,30 14,0,100,,60811,11,0,30 14,0,78,,60812,11,0,30,0,100,,60813,11,0,30,0
6100,'4663',526,,60746,29,,,0,74,,60744,29,,,0,13,,60747,29,,,0,20,,60748,29,,,0,20,,60750,29,,,0,59,,60754,29,,,0,19,,60761,29,,,0,69,,60763,29,,,0,19,,60756,11,0,30 14,0,81,,60745,11,0,30 14,0,36,,60749,11,0,30 14,0,64,,60760,11,0,30 14,0,36,,60752,11,0,30 14,0,88,,60751,11,0,30 14,0,76,,60758,11,0,30 14,0,35,,60753,11,0,30 14,0,74,,60755,11,0,30 14,0,39,,60762,11,0,30 14,0,69,,60757,11,0,30 14,0,27,,60781,11,0,30 14,0,12,,60759,11,0,30 14,0,73,,60764,11,0,30 14,0,82,,60765,11,0,30 14,0,27,,60768,11,0,30 14,0,79,,60772,11,0,30 14,0,30,,60767,11,0,30 14,0,65,,60766,11,0,30 14,0,28,,60771,11,0,30 14,0,72,,60773,11,0,30 14,0,31,,60769,11,0,30 14,0,70,,60770,11,0,30 14,0,95,,60774,11,0,30 14,0,41,,60775,11,0,30 14,0,104,,60777,11,0,30 14,0,73,,60778,11,0,30 14,0,100,,60779,11,0,30 14,0,75,,60780,11,0,30 14,0,100,,60776,11,0,30,0
6100,'5078',641,,60814,11,0,30 14,0,104,,60815,11,0,30 14,0,83,,60816,11,0,30 14,0,95,,60817,11,0,30 14,0,82,,60818,11,0,30 14,0,46,,60819,11,0,30 14,0,97,,60820,11,0,30 14,0,82,,60821,11,0,30 14,0,101,,60822,11,0,30 14,0,94,,60823,11,0,30 14,0,103,,60824,11,0,30 14,0,79,,60825,11,0,30 14,0,102,,60826,11,0,30 14,0,46,,60827,11,0,30 14,0,103,,60828,11,0,30 14,0,86,,60829,11,0,30 14,0,86,,60830,11,0,30 14,0,101,,60831,11,0,30 14,0,94,,60832,11,0,30 14,0,101,,60833,11,0,30 14,0,75,,60834,11,0,30,0
6100,'5372',526,,50731,29,,,0,74,,46007,29,,,0,13,,50732,29,,,0,20,,46011,29,,,0,20,,46013,29,,,0,59,,46017,29,,,0,19,,46024,29,,,0,69,,46026,29,,,0,19,,46019,11,0,30 14,0,81,,46008,11,0,30 14,0,36,,46012,11,0,30 14,0,64,,46023,11,0,30 14,0,36,,46015,11,0,30 14,0,88,,50733,11,0,30 14,0,76,,51797,11,0,30 14,0,35,,46016,11,0,30 14,0,74,,46018,11,0,30 14,0,39,,51798,11,0,30 14,0,69,,46020,11,0,30 14,0,39,,46022,11,0,30 14,0,73,,51799,11,0,30 14,0,82,,46028,11,0,30 14,0,27,,46030,11,0,30 14,0,79,,46034,11,0,30 14,0,30,,51800,11,0,30 14,0,93,,51802,11,0,30 14,0,72,,51803,11,0,30 14,0,31,,60782,11,0,30 14,0,70,,46032,11,0,30 14,0,95,,51804,11,0,30 14,0,41,,46037,11,0,30 14,0,104,,46038,11,0,30 14,0,73,,46039,11,0,30 14,0,100,,46040,11,0,30 14,0,75,,46041,11,0,30 14,0
6100,'5373',1812,,60783,11,0,30 14,0
6100,'5385',526,,60837,29,,,0,74,,60835,29,,,0,13,,60838,29,,,0,20,,60839,29,,,0,20,,60841,29,,,0,59,,60845,29,,,0,19,,60852,29,,,0,69,,60854,29,,,0,19,,60847,11,0,30 14,0,81,,60836,11,0,30 14,0,36,,60840,11,0,30 14,0,64,,60851,11,0,30 14,0,36,,60843,11,0,30 14,0,88,,60842,11,0,30 14,0,76,,60849,11,0,30 14,0,35,,60844,11,0,30 14,0,74,,60846,11,0,30 14,0,39,,60853,11,0,30 14,0,69,,60848,11,0,30 14,0,39,,60850,11,0,30 14,0,73,,60855,11,0,30 14,0,82,,60856,11,0,30 14,0,27,,60858,11,0,30 14,0,79,,60862,11,0,30 14,0,30,,60857,11,0,30 14,0,93,,60861,11,0,30 14,0,72,,60863,11,0,30 14,0,31,,60859,11,0,30 14,0,70,,60860,11,0,30 14,0,95,,60864,11,0,30 14,0,41,,60865,11,0,30 14,0,104,,60866,11,0,30 14,0,73,,60867,11,0,30 14,0,100,,60868,11,0,30 14,0,75,,60869,11,0,30 14,0
6100,'5387',1812,,60870,11,0,30 14,0
6100,'5388',1812,,60871,11,0,30 14,0
6400,'4663',856,,61006,11,0,32 33,0,295,,61007,26,,,0,372,,61008,26,0,32 33,0,208,,61009,11,,,0
6400,'5372',856,,51837,11,0,32 33,0,295,,51838,26,,,0,372,,46309,26,0,32 33,0,208,,46310,11,,,0
6400,'5385',856,,61013,11,0,32 33,0,295,,61014,26,,,0,372,,61015,26,0,32 33,0,208,,61016,11,,,0
6500,'4663',544,,61032,20,,,0,94,,61034,20,,,0,21,,61035,20,,,0,83,,61033,20,,,0
6500,'5372',544,,46333,20,,,0,94,,46335,20,,,0,21,,46336,20,,,0,83,,46334,20,,,0
6500,'5385',544,,61036,20,,,0,94,,61038,20,,,0,21,,61039,20,,,0,83,,61037,20,,,0
