600,'4332',559,,53914,20,,,0,71,,53915,20,,,0,84,,53916,20,,,0,20,,53917,20,,,0,76,,53918,20,,,0,20,,53919,20,,,0,18,,53920,20,,,0,70,,53921,20,,,0,15,,53913,20,,,0,15,,53922,20,,,0,67,,53923,20,,,0,13,,53924,20,,,0,13,,53925,20,,,0,12,,53926,20,,,0,64,,53927,20,,,0,12,,53928,20,,,0,12,,53929,20,,,0,65,,53930,20,,,0,12,,53931,20,,,0,12,,53932,20,,,0,24,,53933,20,,,0,52,,53934,20,,,0,13,,53935,20,,,0,24,,53936,20,,,0,12,,53937,20,,,0,52,,53938,20,,,0,20,,53939,20,,,0,10,,53940,20,,,0,10,,53941,20,,,0,62,,53942,20,,,0,11,,53951,20,,,0,10,,53943,20,,,0,20,,53944,20,,,0,51,,53952,20,,,0,10,,53945,20,,,0,20,,53946,20,,,0,11,,53953,20,,,0,10,,53947,20,,,0,60,,53948,20,,,0,11,,53949,20,,,0,12,,53954,20,,,0,12,,53950,20,,,0,64,,53955,20,,,0,12,,53956,20,,,0,12,,53957,20,,,0,11,,53958,20,,,0,65,,53960,20,,,0,15,,53961,20,,,0,14,,53962,20,,,0,69,,53963,20,,,0,15,,53964,20,,,0,17,,53959,20,,,0,76,,53965,20,,,0,18,,53966,20,,,0,74,,53967,20,,,0,21,,53968,20,,,0,20,,53969,20,,,0,90,,53970,20,,,0,94,,53971,20,,,0,69,,53972,20,,,0,29,,53973,20,,,0,70,,53974,20,,,0,29,,53975,20,,,0,69,,53976,20,,,0
600,'4661',534,,54067,9,,,0,20,,54062,20,,,0,71,,54068,20,,,0,31,,54061,20,,,0,66,,54072,20,,,0,24,,54066,20,,,0,65,,54035,20,,,0,19,,54032,20,,,0,20,,54044,20,,,0,59,,54069,20,,,0,19,,54058,20,,,0,25,,54074,20,,,0,64,,54046,20,,,0,23,,54038,20,,,0,65,,54064,20,,,0,23,,54053,20,,,0,24,,54070,20,,,0,64,,54060,20,,,0,25,,54073,20,,,0,64,,54045,20,,,0,25,,54036,20,,,0,26,,54063,20,,,0,63,,54054,20,,,0,21,,54047,20,,,0,60,,54037,20,,,0,21,,54059,20,,,0,16,,54029,20,,,0,14,,54057,20,,,0,57,,54027,20,,,0,14,,54028,20,,,0,16,,54042,20,,,0,15,,54076,20,,,0,53,,54065,20,,,0,14,,54030,20,,,0,16,,54031,20,,,0,14,,54050,20,,,0,54,,54041,20,,,0,17,,54075,20,,,0,17,,54034,20,,,0,63,,54071,20,,,0,24,,54039,20,,,0,28,,54033,20,,,0,73,,54048,20,,,0,18,,54040,20,,,0,75,,54055,20,,,0,18,,54049,20,,,0,78,,54043,20,,,0,19,,54056,20,,,0,100,,54051,20,,,0,98,,54052,20,,,0
600,'4663',534,,53903,9,,,0,20,,53898,20,,,0,71,,53904,20,,,0,31,,53897,20,,,0,66,,53908,20,,,0,24,,53902,20,,,0,65,,53866,20,,,0,19,,53863,20,,,0,20,,53875,20,,,0,59,,53905,20,,,0,19,,53892,20,,,0,25,,53910,20,,,0,64,,53877,20,,,0,23,,53869,20,,,0,65,,53900,20,,,0,23,,53884,20,,,0,24,,53906,20,,,0,64,,53894,20,,,0,25,,53909,20,,,0,64,,53876,20,,,0,25,,53867,20,,,0,26,,53899,20,,,0,63,,53885,20,,,0,21,,53878,20,,,0,60,,53868,20,,,0,21,,53893,20,,,0,16,,53860,20,,,0,14,,53888,20,,,0,57,,53858,20,,,0,14,,53859,20,,,0,16,,53873,20,,,0,15,,53912,20,,,0,53,,53901,20,,,0,14,,53861,20,,,0,16,,53862,20,,,0,14,,53881,20,,,0,54,,53872,20,,,0,17,,53911,20,,,0,17,,53865,20,,,0,63,,53907,20,,,0,24,,53870,20,,,0,28,,53864,20,,,0,73,,53879,20,,,0,18,,53871,20,,,0,75,,53886,20,,,0,18,,53880,20,,,0,78,,53874,20,,,0,19,,53887,20,,,0,100,,53882,20,,,0,98,,53883,20,,,0,70,,53889,20,,,0,30,,53891,20,,,0,69,,53890,20,,,0,30,,53895,20,,,0,70,,53896,20,,,0
600,'5078',645,,54003,20,,,0,69,,54016,20,,,0,96,,53986,20,,,0,25,,54014,20,,,0,80,,53988,20,,,0,21,,53978,20,,,0,78,,53998,20,,,0,15,,54025,20,,,0,16,,53987,20,,,0,73,,54018,20,,,0,15,,54002,20,,,0,15,,53977,20,,,0,70,,53979,20,,,0,12,,53981,20,,,0,12,,54021,20,,,0,12,,54005,20,,,0,64,,53980,20,,,0,12,,53991,20,,,0,12,,53982,20,,,0,12,,53985,20,,,0,64,,54004,20,,,0,12,,53983,20,,,0,12,,53984,20,,,0,12,,53992,20,,,0,64,,53995,20,,,0,12,,54022,20,,,0,12,,54006,20,,,0,12,,53996,20,,,0,65,,53994,20,,,0,12,,53993,20,,,0,11,,53990,20,,,0,12,,54020,20,,,0,65,,53989,20,,,0,12,,54000,20,,,0,11,,53999,20,,,0,12,,54026,20,,,0,65,,54011,20,,,0,15,,53997,20,,,0,15,,54001,20,,,0,72,,54007,20,,,0,16,,54013,20,,,0,18,,54008,20,,,0,74,,54009,20,,,0,17,,54012,20,,,0,74,,54017,20,,,0,17,,54019,20,,,0,18,,54010,20,,,0,88,,54015,20,,,0,96,,54024,20,,,0,79,,54023,20,,,0
1700,'4661',754,,56430,6,,,0
1700,'4663',754,,56429,6,,,0
1000600,'4332',653,,62754,20,,,0,99,,62755,20,,,0,151,,62756,20,,,0,99,,62757,20,,,0,103,,62758,20,,,0,49,,62759,20,,,0,89,,62760,20,,,0,88,,62761,20,,,0,86,,62762,20,,,0,41,,62763,20,,,0,82,,62764,20,,,0,81,,62765,20,,,0,80,,62767,20,,,0,57,,62766,20,,,0,100,,62768,20,,,0,97,,62769,20,,,0,104,,62770,20,,,0,92,,62771,20,,,0,164,,62772,20,,,0,95,,62773,20,,,0
1000600,'4661',609,,62813,20,,,0,99,,62798,20,,,0,50,,62804,20,,,0,82,,62799,20,,,0,77,,62793,20,,,0,88,,62800,20,,,0,47,,62805,20,,,0,88,,62796,20,,,0,89,,62807,20,,,0,89,,62811,20,,,0,90,,62814,20,,,0,43,,62810,20,,,0,80,,62808,20,,,0,28,,62790,20,,,0,71,,62812,20,,,0,70,,62806,20,,,0,28,,62801,20,,,0,29,,62791,20,,,0,71,,62809,20,,,0,85,,62797,20,,,0,95,,62802,20,,,0,93,,62792,20,,,0,54,,62794,20,,,0,149,,62795,20,,,0,98,,62803,20,,,0
1000600,'4663',609,,62752,20,,,0,99,,62737,20,,,0,50,,62743,20,,,0,82,,62738,20,,,0,77,,62732,20,,,0,88,,62739,20,,,0,47,,62744,20,,,0,88,,62735,20,,,0,89,,62746,20,,,0,89,,62750,20,,,0,90,,62753,20,,,0,43,,62749,20,,,0,80,,62747,20,,,0,28,,62729,20,,,0,71,,62751,20,,,0,70,,62745,20,,,0,28,,62740,20,,,0,29,,62730,20,,,0,71,,62748,20,,,0,85,,62736,20,,,0,95,,62741,20,,,0,93,,62731,20,,,0,54,,62733,20,,,0,149,,62734,20,,,0,98,,62742,20,,,0
1000600,'5078',745,,62782,20,,,0,110,,62783,20,,,0,101,,62788,20,,,0,146,,62774,20,,,0,101,,62777,20,,,0,103,,62775,20,,,0,100,,62789,20,,,0,100,,62776,20,,,0,101,,62778,20,,,0,99,,62779,20,,,0,100,,62781,20,,,0,98,,62780,20,,,0,109,,62784,20,,,0,90,,62785,20,,,0,112,,62787,20,,,0,94,,62786,20,,,0
2000600,'4661',641,,63028,20,,,0,91,,63024,20,,,0,88,,63031,20,,,0,39,,63023,20,,,0,82,,63032,20,,,0,88,,63033,20,,,0,88,,63036,20,,,0,87,,63022,20,,,0,49,,63026,20,,,0,90,,63029,20,,,0,87,,63018,20,,,0,80,,63019,20,,,0,34,,63035,20,,,0,72,,63025,20,,,0,30,,63021,20,,,0,67,,63020,20,,,0,30,,63034,20,,,0,71,,63030,20,,,0,36,,63027,20,,,0,89,,63037,20,,,0
2000600,'4663',641,,63007,20,,,0,91,,63003,20,,,0,88,,63010,20,,,0,39,,63002,20,,,0,82,,63011,20,,,0,88,,63012,20,,,0,88,,63015,20,,,0,87,,63001,20,,,0,49,,63005,20,,,0,90,,63008,20,,,0,87,,62997,20,,,0,80,,62998,20,,,0,34,,63014,20,,,0,72,,63004,20,,,0,30,,63000,20,,,0,67,,62999,20,,,0,30,,63013,20,,,0,71,,63009,20,,,0,36,,63006,20,,,0,89,,63016,20,,,0
