3800,'4623',625,,72301,22,,,0,76,,72302,22,,,0,31,,72299,22,,,0,24,,72298,22,,,0,71,,72306,22,,,0,30,,72300,22,,,0,67,,72304,22,,,0,101,,72305,22,,,0,102,,72303,22,,,0,103,,72307,22,,,0,100,,72309,22,,,0,95,,72314,22,,,0,79,,72311,22,,,0,31,,72316,22,,,0,70,,72308,22,,,0,31,,72310,22,,,0,74,,72313,22,,,0,33,,72312,22,,,0,83,,72318,22,,,0,103,,72315,22,,,0,102,,72317,22,,,0
3800,'5222',625,,72322,22,,,0,76,,72323,22,,,0,31,,72320,22,,,0,24,,72319,22,,,0,71,,72327,22,,,0,30,,72321,22,,,0,67,,72325,22,,,0,101,,72326,22,,,0,102,,72324,22,,,0,103,,72328,22,,,0,100,,72330,22,,,0,95,,72335,22,,,0,79,,72332,22,,,0,31,,72337,22,,,0,70,,72329,22,,,0,31,,72331,22,,,0,74,,72334,22,,,0,33,,72333,22,,,0,83,,72339,22,,,0,103,,72336,22,,,0,102,,72338,22,,,0
4600,'4623',608,,72784,17,,,0,17,,72796,17,,,0,30,,72786,17,,,0,69,,72785,17,,,0,77,,72797,17,,,0,99,,72793,17,,,0,54,,72787,17,,,0,378,,72789,17,,,0,111,,72788,17,,,0,73,,72790,17,,,0,37,,72794,17,,,0,96,,72791,17,,,0,68,,72792,17,,,0,89,,72795,17,,,0
4600,'5222',608,,72798,17,,,0,17,,72810,17,,,0,30,,72800,17,,,0,69,,72799,17,,,0,77,,72811,17,,,0,99,,72807,17,,,0,54,,72801,17,,,0,378,,72803,17,,,0,111,,72802,17,,,0,73,,72804,17,,,0,37,,72808,17,,,0,96,,72805,17,,,0,68,,72806,17,,,0,89,,72809,17,,,0
4800,'4623',646,,72848,41,,,0,67,,72847,41,,,0,30,,72846,41,,,0
4800,'5222',646,,72851,41,,,0,67,,72850,41,,,0,30,,72849,41,,,0
6100,'4623',552,,74420,61,,,0,80,,74400,61,,,0,16,,74421,61,,,0,62,,74402,61,,,0,24,,74398,61,,,0,20,,74389,61,,,0,58,,74397,61,,,0,28,,74392,61,,,0
6100,'5222',552,,74514,61,,,0,80,,74494,61,,,0,16,,74515,61,,,0,62,,74496,61,,,0,24,,74492,61,,,0,20,,74483,61,,,0,58,,74491,61,,,0,28,,74486,61,,,0
9500,'4532',607,,76445,11,0,15,0,32,,76446,11,0,15,0,62,,76447,11,0,15,0,15,,76448,11,0,15,0,15,,76449,11,0,15,0,15,,76450,11,0,15,0,55,,76451,11,0,15,0,15,,76452,11,0,15,0,15,,76453,11,0,15,0,14,,76454,11,0,15,0,14,,76455,11,0,15,0,55,,76456,11,0,15,0,15,,76457,11,0,15,0,15,,76458,11,0,15,0,14,,76459,11,0,15,0,54,,76460,11,0,15,0,14,,76461,11,0,15,0,15,,76462,11,0,15,0,14,,76463,11,0,15,0,55,,76464,11,0,15,0,14,,76465,11,0,15,0,13,,76466,11,0,15,0,12,,76467,11,0,15,0,51,,76468,11,0,15,0,12,,76469,11,0,15,0,12,,76470,11,0,15,0,12,,76471,11,0,15,0,12,,76472,11,0,15,0,11,,76473,11,0,15,0,52,,76474,11,0,15,0,12,,76475,11,0,15,0,13,,76476,11,0,15,0,12,,76477,11,0,15,0,11,,76478,11,0,15,0,52,,76479,11,0,15,0,11,,76480,11,0,15,0,11,,76481,11,0,15,0,12,,76482,11,0,15,0,13,,76483,11,0,15,0,52,,76484,11,0,15,0,12,,76485,11,0,15,0,13,,76486,11,0,15,0,12,,76487,11,0,15,0,12,,76488,11,0,15,0,53,,76489,11,0,15,0,12,,76490,11,0,15,0,12,,76491,11,0,15,0,13,,76492,11,0,15,0,52,,76493,11,0,15,0,13,,76494,11,0,15,0,12,,76495,11,0,15,0,13,,76496,11,0,15,0,12,,76497,11,0,15,0,53,,76498,11,0,15,0,16,,76499,11,0,15,0,15,,76500,11,0,15,0,16,,76501,11,0,15,0,55,,76502,11,0,15,0,16,,76503,11,0,15,0,15,,76504,11,0,15,0,15,,76505,11,0,15,0,55,,76506,11,0,15,0,16,,76507,11,0,15,0,15,,76508,11,0,15,0,15,,76509,11,0,15,0,55,,76510,11,0,15,0,20,,76511,11,0,15,0,20,,76512,11,0,15,0,60,,76513,11,0,15,0,20,,76514,11,0,15,0,31,,76515,11,0,15,0,71,,76516,11,0,15,0,71,,76517,11,0,15,0,30,,76518,11,0,15,0,70,,76519,11,0,15,0,30,,76520,11,0,15,0,70,,76521,11,0,15,0
9500,'4623',452,,76368,11,0,15,0,65,,76346,11,0,15,0,16,,76345,11,0,15,0,16,,76319,11,0,15,0,54,,76366,11,0,15,0,11,,76327,11,0,15,0,11,,76326,11,0,15,0,10,,76353,11,0,15,0,7,,76322,11,0,15,0,7,,76324,11,0,15,0,7,,76350,11,0,15,0,48,,76281,11,0,15,0,6,,76329,11,0,15,0,7,,76283,11,0,15,0,8,,76325,11,0,15,0,8,,76284,11,0,15,0,8,,76308,11,0,15,0,7,,76367,11,0,15,0,9,,76280,11,0,15,0,48,,76307,11,0,15,0,10,,76323,11,0,15,0,9,,76370,11,0,15,0,11,,76297,11,0,15,0,10,,76305,11,0,15,0,11,,76348,11,0,15,0,51,,76343,11,0,15,0,10,,76286,11,0,15,0,10,,76301,11,0,15,0,10,,76282,11,0,15,0,10,,76306,11,0,15,0,11,,76364,11,0,15,0,50,,76310,11,0,15,0,12,,76363,11,0,15,0,12,,76293,11,0,15,0,12,,76313,11,0,15,0,12,,76349,11,0,15,0,52,,76338,11,0,15,0,12,,76289,11,0,15,0,12,,76300,11,0,15,0,12,,76309,11,0,15,0,12,,76357,11,0,15,0,52,,76316,11,0,15,0,12,,76360,11,0,15,0,12,,76292,11,0,15,0,13,,76312,11,0,15,0,12,,76347,11,0,15,0,52,,76342,11,0,15,0,13,,76287,11,0,15,0,12,,76299,11,0,15,0,10,,76273,11,0,15,0,10,,76304,11,0,15,0,50,,76356,11,0,15,0,10,,76277,11,0,15,0,10,,76318,11,0,15,0,10,,76358,11,0,15,0,10,,76294,11,0,15,0,10,,76311,11,0,15,0,51,,76274,11,0,15,0,11,,76340,11,0,15,0,10,,76341,11,0,15,0,11,,76288,11,0,15,0,8,,76298,11,0,15,0,11,,76276,11,0,15,0,51,,76303,11,0,15,0,11,,76352,11,0,15,0,11,,76279,11,0,15,0,11,,76291,11,0,15,0,11,,76359,11,0,15,0,50,,76295,11,0,15,0,12,,76302,11,0,15,0,12,,76290,11,0,15,0,13,,76337,11,0,15,0,11,,76335,11,0,15,0,53,,76285,11,0,15,0,13,,76275,11,0,15,0,14,,76355,11,0,15,0,13,,76278,11,0,15,0,12,,76361,11,0,15,0,52,,76296,11,0,15,0,15,,76320,11,0,15,0,15,,76339,11,0,15,0,16,,76331,11,0,15,0,55,,76317,11,0,15,0,15,,76351,11,0,15,0,15,,76314,11,0,15,0,15,,76369,11,0,15,0,55,,76321,11,0,15,0,20,,76336,11,0,15,0,21,,76333,11,0,15,0,61,,76354,11,0,15,0,20,,76315,11,0,15,0,30,,76328,11,0,15,0,72,,76330,11,0,15,0,71,,76362,11,0,15,0,30,,76344,11,0,15,0,70,,76334,11,0,15,0,30,,76332,11,0,15,0,70,,76365,11,0,15,0
9500,'4832',609,,76617,11,0,15,0,30,,76619,11,0,15,0,20,,76620,11,0,15,0,60,,76621,11,0,15,0,20,,76622,11,0,15,0,15,,76623,11,0,15,0,54,,76618,11,0,15,0,15,,76624,11,0,15,0,14,,76625,11,0,15,0,14,,76626,11,0,15,0,55,,76627,11,0,15,0,15,,76628,11,0,15,0,14,,76629,11,0,15,0,15,,76630,11,0,15,0,55,,76632,11,0,15,0,15,,76633,11,0,15,0,14,,76631,11,0,15,0,15,,76634,11,0,15,0,54,,76635,11,0,15,0,15,,76636,11,0,15,0,15,,76637,11,0,15,0,15,,76684,11,0,15,0,55,,76638,11,0,15,0,15,,76683,11,0,15,0,14,,76639,11,0,15,0,14,,76682,11,0,15,0,55,,76640,11,0,15,0,15,,76641,11,0,15,0,15,,76642,11,0,15,0,15,,76643,11,0,15,0,54,,76644,11,0,15,0,15,,76645,11,0,15,0,15,,76646,11,0,15,0,15,,76647,11,0,15,0,13,,76648,11,0,15,0,52,,76649,11,0,15,0,13,,76650,11,0,15,0,13,,76651,11,0,15,0,11,,76652,11,0,15,0,12,,76653,11,0,15,0,53,,76654,11,0,15,0,12,,76655,11,0,15,0,13,,76656,11,0,15,0,12,,76657,11,0,15,0,54,,76658,11,0,15,0,15,,76659,11,0,15,0,18,,76660,11,0,15,0,15,,76661,11,0,15,0,55,,76662,11,0,15,0,16,,76663,11,0,15,0,15,,76664,11,0,15,0,15,,76665,11,0,15,0,55,,76666,11,0,15,0,15,,76667,11,0,15,0,17,,76668,11,0,15,0,15,,76669,11,0,15,0,55,,76670,11,0,15,0,15,,76671,11,0,15,0,15,,76672,11,0,15,0,15,,76674,11,0,15,0,55,,76675,11,0,15,0,21,,76673,11,0,15,0,20,,76676,11,0,15,0,60,,76677,11,0,15,0,20,,76678,11,0,15,0,72,,76679,11,0,15,0,30,,76680,11,0,15,0,70,,76681,11,0,15,0
9500,'4833',607,,76371,11,0,15,0,32,,76372,11,0,15,0,62,,76373,11,0,15,0,15,,76374,11,0,15,0,15,,76375,11,0,15,0,15,,76376,11,0,15,0,55,,76377,11,0,15,0,15,,76378,11,0,15,0,15,,76379,11,0,15,0,14,,76380,11,0,15,0,14,,76381,11,0,15,0,55,,76382,11,0,15,0,15,,76383,11,0,15,0,15,,76384,11,0,15,0,14,,76385,11,0,15,0,54,,76386,11,0,15,0,14,,76387,11,0,15,0,15,,76388,11,0,15,0,14,,76389,11,0,15,0,55,,76390,11,0,15,0,14,,76391,11,0,15,0,13,,76392,11,0,15,0,12,,76393,11,0,15,0,51,,76394,11,0,15,0,12,,76395,11,0,15,0,12,,76396,11,0,15,0,12,,76397,11,0,15,0,12,,76398,11,0,15,0,11,,76399,11,0,15,0,52,,76400,11,0,15,0,12,,76401,11,0,15,0,13,,76402,11,0,15,0,12,,76403,11,0,15,0,11,,76404,11,0,15,0,52,,76405,11,0,15,0,11,,76406,11,0,15,0,11,,76407,11,0,15,0,12,,76408,11,0,15,0,13,,76409,11,0,15,0,52,,76410,11,0,15,0,12,,76411,11,0,15,0,13,,76412,11,0,15,0,12,,76413,11,0,15,0,12,,76414,11,0,15,0,53,,76415,11,0,15,0,12,,76416,11,0,15,0,12,,76417,11,0,15,0,13,,76418,11,0,15,0,52,,76419,11,0,15,0,13,,76420,11,0,15,0,12,,76421,11,0,15,0,13,,76422,11,0,15,0,12,,76423,11,0,15,0,53,,76424,11,0,15,0,16,,76425,11,0,15,0,15,,76426,11,0,15,0,16,,76427,11,0,15,0,55,,76428,11,0,15,0,16,,76429,11,0,15,0,15,,76430,11,0,15,0,15,,76431,11,0,15,0,55,,76432,11,0,15,0,16,,76433,11,0,15,0,15,,76434,11,0,15,0,15,,76435,11,0,15,0,55,,76436,11,0,15,0,20,,76437,11,0,15,0,20,,76438,11,0,15,0,60,,76439,11,0,15,0,20,,76440,11,0,15,0,31,,76441,11,0,15,0,71,,76442,11,0,15,0,71,,76443,11,0,15,0,30,,76444,11,0,15,0
9500,'5222',452,,76614,11,0,15,0,65,,76593,11,0,15,0,16,,76592,11,0,15,0,16,,76568,11,0,15,0,54,,76612,11,0,15,0,11,,76576,11,0,15,0,11,,76575,11,0,15,0,10,,76600,11,0,15,0,7,,76571,11,0,15,0,7,,76573,11,0,15,0,7,,76597,11,0,15,0,48,,76530,11,0,15,0,6,,76578,11,0,15,0,7,,76532,11,0,15,0,8,,76574,11,0,15,0,8,,76533,11,0,15,0,8,,76557,11,0,15,0,7,,76613,11,0,15,0,9,,76529,11,0,15,0,48,,76556,11,0,15,0,10,,76572,11,0,15,0,9,,76616,11,0,15,0,11,,76546,11,0,15,0,10,,76554,11,0,15,0,11,,76595,11,0,15,0,51,,76590,11,0,15,0,10,,76535,11,0,15,0,10,,76550,11,0,15,0,10,,76531,11,0,15,0,10,,76555,11,0,15,0,11,,76611,11,0,15,0,50,,76559,11,0,15,0,12,,76610,11,0,15,0,12,,76542,11,0,15,0,12,,76562,11,0,15,0,12,,76596,11,0,15,0,52,,76585,11,0,15,0,12,,76538,11,0,15,0,12,,76549,11,0,15,0,12,,76558,11,0,15,0,12,,76604,11,0,15,0,52,,76565,11,0,15,0,12,,76607,11,0,15,0,12,,76541,11,0,15,0,13,,76561,11,0,15,0,12,,76594,11,0,15,0,52,,76589,11,0,15,0,13,,76536,11,0,15,0,12,,76548,11,0,15,0,10,,76522,11,0,15,0,10,,76553,11,0,15,0,50,,76603,11,0,15,0,10,,76526,11,0,15,0,10,,76567,11,0,15,0,10,,76605,11,0,15,0,10,,76543,11,0,15,0,10,,76560,11,0,15,0,51,,76523,11,0,15,0,11,,76587,11,0,15,0,10,,76588,11,0,15,0,11,,76537,11,0,15,0,8,,76547,11,0,15,0,11,,76525,11,0,15,0,51,,76552,11,0,15,0,11,,76599,11,0,15,0,11,,76528,11,0,15,0,11,,76540,11,0,15,0,11,,76606,11,0,15,0,50,,76544,11,0,15,0,12,,76551,11,0,15,0,12,,76539,11,0,15,0,13,,76584,11,0,15,0,11,,76582,11,0,15,0,53,,76534,11,0,15,0,13,,76524,11,0,15,0,14,,76602,11,0,15,0,13,,76527,11,0,15,0,12,,76608,11,0,15,0,52,,76545,11,0,15,0,15,,76569,11,0,15,0,15,,76586,11,0,15,0,16,,76580,11,0,15,0,55,,76566,11,0,15,0,15,,76598,11,0,15,0,15,,76563,11,0,15,0,15,,76615,11,0,15,0,55,,76570,11,0,15,0,20,,76583,11,0,15,0,21,,76581,11,0,15,0,61,,76601,11,0,15,0,20,,76564,11,0,15,0,30,,76577,11,0,15,0,72,,76579,11,0,15,0,71,,76609,11,0,15,0,30,,76591,11,0,15,0
9500,'5390',609,,76685,11,0,15,0,30,,76687,11,0,15,0,20,,76688,11,0,15,0,60,,76689,11,0,15,0,20,,76690,11,0,15,0,15,,76691,11,0,15,0,54,,76686,11,0,15,0,15,,76692,11,0,15,0,14,,76693,11,0,15,0,14,,76694,11,0,15,0,55,,76695,11,0,15,0,15,,76696,11,0,15,0,14,,76697,11,0,15,0,15,,76698,11,0,15,0,55,,76700,11,0,15,0,15,,76701,11,0,15,0,14,,76699,11,0,15,0,15,,76702,11,0,15,0,54,,76703,11,0,15,0,15,,76704,11,0,15,0,15,,76705,11,0,15,0,15,,76752,11,0,15,0,55,,76706,11,0,15,0,15,,76751,11,0,15,0,14,,76707,11,0,15,0,14,,76750,11,0,15,0,55,,76708,11,0,15,0,15,,76709,11,0,15,0,15,,76710,11,0,15,0,15,,76711,11,0,15,0,54,,76712,11,0,15,0,15,,76713,11,0,15,0,15,,76714,11,0,15,0,15,,76715,11,0,15,0,13,,76716,11,0,15,0,52,,76717,11,0,15,0,13,,76718,11,0,15,0,13,,76719,11,0,15,0,11,,76720,11,0,15,0,12,,76721,11,0,15,0,53,,76722,11,0,15,0,12,,76723,11,0,15,0,13,,76724,11,0,15,0,12,,76725,11,0,15,0,54,,76726,11,0,15,0,15,,76727,11,0,15,0,18,,76728,11,0,15,0,15,,76729,11,0,15,0,55,,76730,11,0,15,0,16,,76731,11,0,15,0,15,,76732,11,0,15,0,15,,76733,11,0,15,0,55,,76734,11,0,15,0,15,,76735,11,0,15,0,17,,76736,11,0,15,0,15,,76737,11,0,15,0,55,,76738,11,0,15,0,15,,76739,11,0,15,0,15,,76740,11,0,15,0,15,,76742,11,0,15,0,55,,76743,11,0,15,0,21,,76741,11,0,15,0,20,,76744,11,0,15,0,60,,76745,11,0,15,0,20,,76746,11,0,15,0,72,,76747,11,0,15,0,30,,76748,11,0,15,0,70,,76749,11,0,15,0
24005100,'4623',649,,77774,15,,,0,67,,77771,15,,,0,27,,77773,15,,,0,71,,77772,15,,,0,811,,77776,15,,,0,30,,77775,15,,,0
24005100,'5222',649,,77780,15,,,0,67,,77777,15,,,0,27,,77779,15,,,0,71,,77778,15,,,0,811,,77782,15,,,0,30,,77781,15,,,0
