100,'4661',1501,,52696,1,,,0
100,'4663',1501,,52691,1,,,0
101,'4661',655,,52708,19,,,0,82,,52707,19,,,0,96,,52706,19,,,0,711,,52705,19,,,0,99,,52704,19,,,0
101,'4663',655,,52703,19,,,0,82,,52702,19,,,0,96,,52701,19,,,0,711,,52700,19,,,0,99,,52699,19,,,0
400,'4332',639,,53298,1,,,0,65,,53279,1,,,0,20,,53284,1,,,0,20,,53291,1,,,0,60,,53273,1,,,0,18,,53289,1,,,0,17,,53293,1,,,0,16,,53274,1,,,0,56,,53264,1,,,0,16,,53290,1,,,0,16,,53296,1,,,0,16,,53258,1,,,0,56,,53267,1,,,0,15,,53261,1,,,0,16,,53320,1,,,0,55,,53281,1,,,0,15,,53280,1,,,0,16,,53256,1,,,0,15,,53268,1,,,0,55,,53278,1,,,0,15,,53288,1,,,0,15,,53297,1,,,0,15,,53255,1,,,0,56,,53262,1,,,0,16,,53272,1,,,0,15,,53282,1,,,0,16,,53292,1,,,0,56,,53260,1,,,0,15,,53265,1,,,0,16,,53275,1,,,0,16,,53287,1,,,0,56,,53295,1,,,0,16,,53257,1,,,0,16,,53271,1,,,0,15,,53266,1,,,0,56,,53285,1,,,0,16,,53294,1,,,0,16,,53269,1,,,0,56,,53276,1,,,0,16,,53259,1,,,0,16,,53286,1,,,0,15,,53283,1,,,0,56,,53270,1,,,0,17,,53263,1,,,0,18,,53277,1,,,0,18,,53302,1,,,0,58,,53299,1,,,0,18,,53301,1,,,0,18,,53300,1,,,0,58,,53316,1,,,0,17,,53308,1,,,0,18,,53307,1,,,0,58,,53309,1,,,0,18,,53310,1,,,0,18,,53317,1,,,0,18,,53313,1,,,0,65,,53314,1,,,0,23,,53312,1,,,0,70,,53311,1,,,0,31,,53315,1,,,0,70,,53318,1,,,0,30,,53319,1,,,0,69,,53306,1,,,0,30,,53303,1,,,0,70,,53304,1,,,0,30,,53305,1,,,0
400,'4661',553,,53419,1,,,0,60,,53396,1,,,0,18,,53401,1,,,0,22,,53426,1,,,0,55,,53386,1,,,0,15,,53398,1,,,0,15,,53388,1,,,0,15,,53390,1,,,0,51,,53429,1,,,0,4,,53375,1,,,0,15,,53389,1,,,0,16,,53397,1,,,0,16,,53431,1,,,0,54,,53402,1,,,0,14,,53432,1,,,0,15,,53428,1,,,0,15,,53399,1,,,0,55,,53433,1,,,0,15,,53400,1,,,0,15,,53408,1,,,0,15,,53372,1,,,0,55,,53427,1,,,0,15,,53405,1,,,0,16,,53410,1,,,0,17,,53403,1,,,0,55,,53373,1,,,0,15,,53417,1,,,0,15,,53407,1,,,0,15,,53406,1,,,0,55,,53380,1,,,0,13,,53415,1,,,0,15,,53423,1,,,0,16,,53404,1,,,0,55,,53435,1,,,0,15,,53416,1,,,0,15,,53425,1,,,0,15,,53392,1,,,0,55,,53393,1,,,0,15,,53420,1,,,0,14,,53394,1,,,0,16,,53413,1,,,0,58,,53395,1,,,0,16,,53424,1,,,0,14,,53434,1,,,0,14,,53436,1,,,0,55,,53422,1,,,0,15,,53391,1,,,0,10,,53421,1,,,0,13,,53430,1,,,0,55,,53414,1,,,0,14,,53418,1,,,0,15,,53409,1,,,0,15,,53411,1,,,0,55,,53412,1,,,0,16,,53374,1,,,0,15,,53382,1,,,0,15,,53381,1,,,0,55,,53383,1,,,0,16,,53378,1,,,0,17,,53370,1,,,0,17,,53376,1,,,0,56,,53384,1,,,0,17,,53369,1,,,0,19,,53377,1,,,0,60,,53379,1,,,0,44,,53368,1,,,0,64,,53371,1,,,0,29,,53387,1,,,0,69,,53385,1,,,0
400,'4663',553,,53235,1,,,0,60,,53212,1,,,0,18,,53217,1,,,0,22,,53242,1,,,0,55,,53198,1,,,0,15,,53214,1,,,0,15,,53204,1,,,0,15,,53206,1,,,0,51,,53245,1,,,0,4,,53186,1,,,0,15,,53205,1,,,0,16,,53213,1,,,0,16,,53247,1,,,0,54,,53218,1,,,0,14,,53248,1,,,0,15,,53244,1,,,0,15,,53215,1,,,0,55,,53249,1,,,0,15,,53216,1,,,0,15,,53224,1,,,0,15,,53182,1,,,0,55,,53243,1,,,0,15,,53221,1,,,0,16,,53226,1,,,0,17,,53219,1,,,0,55,,53183,1,,,0,15,,53233,1,,,0,15,,53223,1,,,0,15,,53222,1,,,0,55,,53191,1,,,0,13,,53231,1,,,0,15,,53239,1,,,0,16,,53220,1,,,0,55,,53251,1,,,0,15,,53232,1,,,0,15,,53241,1,,,0,15,,53208,1,,,0,55,,53209,1,,,0,15,,53236,1,,,0,14,,53210,1,,,0,16,,53229,1,,,0,58,,53211,1,,,0,16,,53240,1,,,0,14,,53250,1,,,0,14,,53252,1,,,0,55,,53238,1,,,0,15,,53207,1,,,0,10,,53237,1,,,0,13,,53246,1,,,0,55,,53230,1,,,0,14,,53234,1,,,0,15,,53225,1,,,0,15,,53227,1,,,0,55,,53228,1,,,0,16,,53184,1,,,0,15,,53193,1,,,0,15,,53192,1,,,0,55,,53194,1,,,0,16,,53189,1,,,0,17,,53180,1,,,0,17,,53187,1,,,0,56,,53195,1,,,0,17,,53179,1,,,0,19,,53188,1,,,0,60,,53190,1,,,0,20,,53185,1,,,0,24,,53178,1,,,0,64,,53181,1,,,0,29,,53201,1,,,0,69,,53196,1,,,0,30,,53197,1,,,0,70,,53202,1,,,0,30,,53199,1,,,0,70,,53203,1,,,0,30,,53200,1,,,0
400,'4682',2227,,53438,1,,,0
400,'5078',745,,53321,1,,,0,70,,53322,1,,,0,32,,53323,1,,,0,70,,53324,1,,,0,29,,53325,1,,,0,70,,53326,1,,,0,20,,53327,1,,,0,20,,53328,1,,,0,60,,53329,1,,,0,20,,53330,1,,,0,20,,53331,1,,,0,60,,53332,1,,,0,20,,53333,1,,,0,20,,53334,1,,,0,60,,53335,1,,,0,20,,53336,1,,,0,20,,53337,1,,,0,58,,53364,1,,,0,18,,53338,1,,,0,16,,53339,1,,,0,56,,53340,1,,,0,16,,53341,1,,,0,16,,53366,1,,,0,16,,53342,1,,,0,56,,53343,1,,,0,16,,53344,1,,,0,16,,53345,1,,,0,16,,53365,1,,,0,56,,53346,1,,,0,17,,53347,1,,,0,17,,53348,1,,,0,58,,53349,1,,,0,18,,53350,1,,,0,17,,53351,1,,,0,18,,53352,1,,,0,58,,53353,1,,,0,18,,53354,1,,,0,18,,53367,1,,,0,58,,53355,1,,,0,20,,53356,1,,,0,20,,53357,1,,,0,64,,53358,1,,,0,30,,53359,1,,,0,72,,53360,1,,,0,29,,53361,1,,,0,70,,53362,1,,,0,33,,53363,1,,,0
400,'5387',2227,,53437,1,,,0
401,'4332',722,,53548,26,4,,0,20,,53557,26,4,,0,60,,53530,26,4,,0,18,,53540,26,4,,0,17,,53550,26,4,,0,16,,53520,26,4,,0,56,,53538,26,4,,0,16,,53539,26,4,,0,16,,53553,26,4,,0,16,,53514,26,4,,0,55,,53526,26,4,,0,15,,53528,26,4,,0,16,,53577,26,4,,0,15,,53542,26,4,,0,55,,53555,26,4,,0,16,,53515,26,4,,0,15,,53524,26,4,,0,15,,53536,26,4,,0,55,,53547,26,4,,0,15,,53552,26,4,,0,15,,53516,26,4,,0,56,,53525,26,4,,0,16,,53531,26,4,,0,15,,53549,26,4,,0,16,,53556,26,4,,0,56,,53529,26,4,,0,15,,53521,26,4,,0,16,,53532,26,4,,0,16,,53545,26,4,,0,56,,53551,26,4,,0,16,,53517,26,4,,0,16,,53523,26,4,,0,15,,53518,26,4,,0,56,,53541,26,4,,0,16,,53554,26,4,,0,16,,53534,26,4,,0,16,,53522,26,4,,0,56,,53519,26,4,,0,16,,53544,26,4,,0,15,,53546,26,4,,0,57,,53527,26,4,,0,17,,53533,26,4,,0,18,,53535,26,4,,0,18,,53543,26,4,,0,58,,53537,26,4,,0,18,,53559,26,4,,0,18,,53558,26,4,,0,58,,53560,26,4,,0,17,,53564,26,4,,0,18,,53565,26,4,,0,18,,53567,26,4,,0,58,,53568,26,4,,0,18,,53566,26,4,,0,18,,53570,26,4,,0,65,,53574,26,4,,0,23,,53569,26,4,,0,70,,53572,26,4,,0,31,,53571,26,4,,0,70,,53575,26,4,,0,30,,53573,26,4,,0,69,,53576,26,4,,0,30,,53563,26,4,,0,70,,53562,26,4,,0,30,,53561,26,4,,0
401,'4661',611,,53656,26,4,,0,18,,53665,26,4,,0,21,,53674,26,4,,0,55,,53641,26,4,,0,15,,53658,26,4,,0,15,,53648,26,4,,0,15,,53659,26,4,,0,55,,53642,26,4,,0,15,,53645,26,4,,0,16,,53657,26,4,,0,15,,53688,26,4,,0,54,,53661,26,4,,0,14,,53689,26,4,,0,16,,53673,26,4,,0,15,,53655,26,4,,0,55,,53690,26,4,,0,15,,53660,26,4,,0,15,,53676,26,4,,0,15,,53629,26,4,,0,54,,53684,26,4,,0,15,,53654,26,4,,0,16,,53668,26,4,,0,17,,53666,26,4,,0,55,,53634,26,4,,0,15,,53687,26,4,,0,15,,53681,26,4,,0,15,,53663,26,4,,0,55,,53626,26,4,,0,13,,53677,26,4,,0,15,,53685,26,4,,0,16,,53662,26,4,,0,55,,53692,26,4,,0,15,,53664,26,4,,0,15,,53669,26,4,,0,15,,53652,26,4,,0,54,,53650,26,4,,0,15,,53679,26,4,,0,16,,53649,26,4,,0,16,,53646,26,4,,0,56,,53651,26,4,,0,16,,53686,26,4,,0,14,,53691,26,4,,0,14,,53693,26,4,,0,55,,53667,26,4,,0,15,,53672,26,4,,0,11,,53647,26,4,,0,13,,53678,26,4,,0,55,,53675,26,4,,0,15,,53653,26,4,,0,15,,53680,26,4,,0,15,,53683,26,4,,0,55,,53682,26,4,,0,16,,53671,26,4,,0,15,,53670,26,4,,0,15,,53633,26,4,,0,55,,53627,26,4,,0,16,,53632,26,4,,0,18,,53635,26,4,,0,17,,53638,26,4,,0,56,,53639,26,4,,0,17,,53631,26,4,,0,19,,53630,26,4,,0,60,,53636,26,4,,0,44,,53628,26,4,,0,64,,53637,26,4,,0,29,,53640,26,4,,0,69,,53643,26,4,,0,30,,53644,26,4,,0
401,'4663',611,,53474,26,4,,0,18,,53483,26,4,,0,21,,53492,26,4,,0,55,,53455,26,4,,0,15,,53476,26,4,,0,15,,53466,26,4,,0,15,,53477,26,4,,0,55,,53457,26,4,,0,15,,53461,26,4,,0,16,,53475,26,4,,0,15,,53506,26,4,,0,54,,53479,26,4,,0,14,,53507,26,4,,0,16,,53491,26,4,,0,15,,53473,26,4,,0,55,,53508,26,4,,0,15,,53478,26,4,,0,15,,53494,26,4,,0,15,,53442,26,4,,0,54,,53502,26,4,,0,15,,53472,26,4,,0,16,,53486,26,4,,0,17,,53484,26,4,,0,55,,53447,26,4,,0,15,,53505,26,4,,0,15,,53499,26,4,,0,15,,53481,26,4,,0,55,,53439,26,4,,0,13,,53495,26,4,,0,15,,53503,26,4,,0,16,,53480,26,4,,0,55,,53510,26,4,,0,15,,53482,26,4,,0,15,,53487,26,4,,0,15,,53470,26,4,,0,54,,53468,26,4,,0,15,,53497,26,4,,0,16,,53467,26,4,,0,16,,53464,26,4,,0,56,,53469,26,4,,0,16,,53504,26,4,,0,14,,53509,26,4,,0,14,,53511,26,4,,0,55,,53485,26,4,,0,15,,53490,26,4,,0,11,,53465,26,4,,0,13,,53496,26,4,,0,55,,53493,26,4,,0,15,,53471,26,4,,0,15,,53498,26,4,,0,15,,53501,26,4,,0,55,,53500,26,4,,0,16,,53489,26,4,,0,15,,53488,26,4,,0,15,,53446,26,4,,0,55,,53440,26,4,,0,16,,53445,26,4,,0,18,,53448,26,4,,0,17,,53451,26,4,,0,56,,53452,26,4,,0,17,,53444,26,4,,0,19,,53443,26,4,,0,60,,53449,26,4,,0,20,,53454,26,4,,0,24,,53441,26,4,,0,64,,53450,26,4,,0,29,,53453,26,4,,0,69,,53458,26,4,,0,30,,53459,26,4,,0,70,,53460,26,4,,0,30,,53462,26,4,,0,70,,53456,26,4,,0,30,,53463,26,4,,0
401,'4682',2225,,53695,26,4,,0
401,'5078',743,,53578,26,4,,0,70,,53579,26,4,,0,32,,53580,26,4,,0,70,,53581,26,4,,0,28,,53582,26,4,,0,70,,53583,26,4,,0,20,,53584,26,4,,0,20,,53585,26,4,,0,60,,53586,26,4,,0,20,,53587,26,4,,0,20,,53588,26,4,,0,60,,53589,26,4,,0,20,,53590,26,4,,0,20,,53591,26,4,,0,60,,53592,26,4,,0,20,,53593,26,4,,0,20,,53594,26,4,,0,58,,53622,26,4,,0,18,,53595,26,4,,0,16,,53596,26,4,,0,56,,53597,26,4,,0,16,,53598,26,4,,0,16,,53624,26,4,,0,16,,53599,26,4,,0,56,,53600,26,4,,0,16,,53601,26,4,,0,16,,53602,26,4,,0,16,,53623,26,4,,0,56,,53603,26,4,,0,17,,53604,26,4,,0,17,,53605,26,4,,0,58,,53606,26,4,,0,18,,53607,26,4,,0,17,,53608,26,4,,0,18,,53609,26,4,,0,58,,53610,26,4,,0,18,,53611,26,4,,0,18,,53625,26,4,,0,58,,53612,26,4,,0,20,,53613,26,4,,0,20,,53614,26,4,,0,64,,53615,26,4,,0,31,,53616,26,4,,0,72,,53617,26,4,,0,29,,53618,26,4,,0,70,,53619,26,4,,0,30,,53620,26,4,,0
401,'5387',2225,,53694,26,4,,0
700,'4332',705,,54362,34,4,,0,45,,54369,34,4,,0,80,,54352,34,4,,0,70,,54363,34,4,,0,39,,54344,34,4,,0,70,,54364,34,4,,0,31,,54347,34,4,,0,71,,54355,34,4,,0,30,,54341,34,4,,0,71,,54342,34,4,,0,30,,54365,34,4,,0,70,,54348,34,4,,0,30,,54356,34,4,,0,68,,54343,34,4,,0,32,,54345,34,4,,0,70,,54366,34,4,,0,30,,54349,34,4,,0,70,,54357,34,4,,0,30,,54346,34,4,,0,70,,54351,34,4,,0,30,,54367,34,4,,0,70,,54350,34,4,,0,28,,54359,34,4,,0,69,,54354,34,4,,0,28,,54353,34,4,,0,70,,54368,34,4,,0,30,,54358,34,4,,0,68,,54360,34,4,,0,30,,54361,34,4,,0
700,'4661',616,,54412,34,4,,0,28,,54410,34,4,,0,57,,54423,34,4,,0,15,,54406,34,4,,0,16,,54417,34,4,,0,13,,54396,34,4,,0,57,,54427,34,4,,0,16,,54403,34,4,,0,20,,54413,34,4,,0,18,,54397,34,4,,0,58,,54401,34,4,,0,25,,54415,34,4,,0,66,,54435,34,4,,0,30,,54432,34,4,,0,70,,54433,34,4,,0,30,,54409,34,4,,0,71,,54436,34,4,,0,30,,54431,34,4,,0,70,,54430,34,4,,0,31,,54434,34,4,,0,70,,54408,34,4,,0,30,,54419,34,4,,0,20,,54398,34,4,,0,59,,54411,34,4,,0,15,,54437,34,4,,0,5,,54404,34,4,,0,20,,54429,34,4,,0,56,,54399,34,4,,0,18,,54418,34,4,,0,18,,54407,34,4,,0,59,,54400,34,4,,0,19,,54414,34,4,,0,18,,54405,34,4,,0,56,,54420,34,4,,0,16,,54402,34,4,,0,16,,54426,34,4,,0,71,,54422,34,4,,0,30,,54424,34,4,,0,73,,54416,34,4,,0,29,,54425,34,4,,0,70,,54428,34,4,,0,30,,54421,34,4,,0
700,'4663',616,,54314,34,4,,0,28,,54312,34,4,,0,57,,54325,34,4,,0,15,,54308,34,4,,0,16,,54319,34,4,,0,13,,54298,34,4,,0,57,,54329,34,4,,0,16,,54305,34,4,,0,20,,54315,34,4,,0,18,,54299,34,4,,0,58,,54303,34,4,,0,25,,54317,34,4,,0,66,,54337,34,4,,0,30,,54334,34,4,,0,70,,54335,34,4,,0,30,,54311,34,4,,0,71,,54338,34,4,,0,30,,54333,34,4,,0,70,,54332,34,4,,0,31,,54336,34,4,,0,70,,54310,34,4,,0,30,,54321,34,4,,0,20,,54300,34,4,,0,59,,54313,34,4,,0,15,,54339,34,4,,0,5,,54306,34,4,,0,20,,54331,34,4,,0,56,,54301,34,4,,0,18,,54320,34,4,,0,18,,54309,34,4,,0,59,,54302,34,4,,0,19,,54316,34,4,,0,18,,54307,34,4,,0,56,,54322,34,4,,0,16,,54304,34,4,,0,16,,54328,34,4,,0,71,,54324,34,4,,0,30,,54326,34,4,,0,73,,54318,34,4,,0,29,,54327,34,4,,0,70,,54330,34,4,,0,30,,54323,34,4,,0
700,'5078',730,,54386,34,4,,0,75,,54388,34,4,,0,45,,54374,34,4,,0,77,,54387,34,4,,0,82,,54389,34,4,,0,30,,54370,34,4,,0,70,,54375,34,4,,0,30,,54377,34,4,,0,70,,54372,34,4,,0,31,,54376,34,4,,0,70,,54373,34,4,,0,30,,54371,34,4,,0,70,,54378,34,4,,0,30,,54379,34,4,,0,70,,54380,34,4,,0,30,,54381,34,4,,0,70,,54383,34,4,,0,30,,54382,34,4,,0,70,,54385,34,4,,0,29,,54384,34,4,,0,70,,54390,34,4,,0,28,,54393,34,4,,0,70,,54392,34,4,,0,30,,54391,34,4,,0,70,,54395,34,4,,0,30,,54394,34,4,,0
2100,'4332',705,,56491,1,0,17,0,45,,56498,1,0,17,0,80,,56482,1,0,18 19,0,70,,56492,1,0,17,0,39,,56475,1,0,17,0,70,,56493,1,0,17,0,31,,56477,1,0,17,0,71,,56487,1,0,17,0,30,,56472,1,0,17,0,71,,56473,1,0,18 19,0,30,,56494,1,0,17,0,70,,56478,1,0,17,0,30,,56486,1,0,17,0,68,,56474,1,0,18 19,0,32,,56476,1,0,17,0,70,,56495,1,0,17,0,30,,56479,1,0,17,0,70,,56488,1,0,18 19,0,30,,56480,1,0,17,0,70,,56481,1,0,17,0,30,,56497,1,0,17,0,70,,56483,1,0,18 19,0,28,,56489,1,0,17,0,69,,56484,1,0,17,0,28,,56485,1,0,17,0,70,,56496,1,0,17,0,30,,56490,1,0,17,0
2100,'4661',616,,56541,1,0,50 51 52,0,28,,56526,1,0,50 51 52,0,57,,56543,1,0,50 51 52,0,15,,56528,1,0,50 51 52,0,16,,56545,1,0,50 51 52,0,13,,56524,1,0,50 51 52,0,57,,56539,1,0,50 51 52,0,16,,56527,1,0,50 51 52,0,20,,56554,1,0,50 51 52,0,18,,56525,1,0,50 51 52,0,58,,56535,1,0,50 51 52,0,25,,56546,1,0,50 51 52,0,66,,56561,1,0,50 51 52,0,30,,56559,1,0,50 51 52,0,70,,56558,1,0,18 19,0,30,,56537,1,0,50 51 52,0,71,,56562,1,0,50 51 52,0,30,,56556,1,0,50 51 52,0,70,,56557,1,0,50 51 52,0,31,,56560,1,0,50 51 52,0,70,,56536,1,0,50 51 52,0,30,,56540,1,0,50 51 52,0,20,,56531,1,0,50 51 52,0,59,,56547,1,0,50 51 52,0,20,,56529,1,0,50 51 52,0,20,,56542,1,0,50 51 52,0,56,,56532,1,0,18 19,0,18,,56544,1,0,50 51 52,0,18,,56530,1,0,50 51 52,0,59,,56534,1,0,50 51 52,0,19,,56538,1,0,17,0,18,,56533,1,0,17,0,56,,56551,1,0,17,0,32,,56548,1,0,17,0,71,,56553,1,0,17,0,30,,56555,1,0,17,0,73,,56549,1,0,17,0,29,,56550,1,0,17,0
2100,'4663',616,,56450,1,0,50 51 52,0,28,,56435,1,0,50 51 52,0,57,,56452,1,0,50 51 52,0,15,,56437,1,0,50 51 52,0,16,,56454,1,0,50 51 52,0,13,,56433,1,0,50 51 52,0,57,,56448,1,0,50 51 52,0,16,,56436,1,0,50 51 52,0,20,,56463,1,0,50 51 52,0,18,,56434,1,0,50 51 52,0,58,,56444,1,0,50 51 52,0,25,,56455,1,0,50 51 52,0,66,,56470,1,0,50 51 52,0,30,,56468,1,0,50 51 52,0,70,,56467,1,0,18 19,0,30,,56446,1,0,50 51 52,0,71,,56471,1,0,50 51 52,0,30,,56465,1,0,50 51 52,0,70,,56466,1,0,50 51 52,0,31,,56469,1,0,50 51 52,0,70,,56445,1,0,50 51 52,0,30,,56449,1,0,50 51 52,0,20,,56440,1,0,50 51 52,0,59,,56456,1,0,50 51 52,0,20,,56438,1,0,50 51 52,0,20,,56451,1,0,50 51 52,0,56,,56441,1,0,18 19,0,18,,56453,1,0,50 51 52,0,18,,56439,1,0,50 51 52,0,59,,56443,1,0,50 51 52,0,19,,56447,1,0,17,0,18,,56442,1,0,17,0,56,,56460,1,0,17,0,32,,56457,1,0,17,0,71,,56462,1,0,17,0,30,,56464,1,0,17,0,73,,56458,1,0,17,0,29,,56459,1,0,17,0
2100,'5078',730,,56516,1,0,17,0,75,,56515,1,0,17,0,45,,56503,1,0,18 19,0,77,,56514,1,0,17,0,82,,56517,1,0,17,0,30,,56499,1,0,17,0,70,,56502,1,0,17,0,30,,56505,1,0,17,0,70,,56501,1,0,18 19,0,31,,56504,1,0,17,0,70,,56500,1,0,17,0,30,,56506,1,0,17,0,70,,56507,1,0,18 19,0,30,,56509,1,0,17,0,70,,56510,1,0,17,0,30,,56508,1,0,17,0,70,,56513,1,0,18 19,0,30,,56511,1,0,17,0,70,,56512,1,0,17,0,29,,56518,1,0,17,0,70,,56519,1,0,18 19,0,28,,56521,1,0,17,0,70,,56520,1,0,17,0,30,,56523,1,0,17,0,70,,56522,1,0,17,0
14000700,'4332',2205,,63082,38,4,,0,33,,63083,38,4,,0,69,,63084,38,4,,0,29,,63085,38,4,,0,70,,63086,38,4,,0,31,,63087,38,4,,0
14000700,'4661',2205,,63093,38,4,,0,29,,63096,38,4,,0,71,,63094,38,4,,0,29,,63095,38,4,,0,71,,63097,38,4,,0,29,,63098,38,4,,0
14000700,'4663',2205,,63076,38,4,,0,29,,63079,38,4,,0,71,,63077,38,4,,0,29,,63078,38,4,,0,71,,63080,38,4,,0,29,,63081,38,4,,0
14000700,'5078',2107,,63088,38,4,,0,31,,63089,38,4,,0,69,,63090,38,4,,0,100,,63091,38,4,,0,97,,63092,38,4,,0
14002100,'4332',2105,,63128,1,,,0,30,,63129,1,,,0,70,,63130,1,,,0,102,,63131,1,,,0,99,,63132,1,,,0
14002100,'4661',2105,,63138,1,,,0,30,,63136,1,,,0,70,,63139,1,,,0,100,,63137,1,,,0,100,,63140,1,,,0
14002100,'4663',2105,,63125,1,,,0,30,,63123,1,,,0,70,,63126,1,,,0,100,,63124,1,,,0,100,,63127,1,,,0
14002100,'5078',2107,,63133,1,,,0,100,,63134,1,,,0,100,,63135,1,,,0
