3901,'4487',742,,11607,9,0,28 29 14,0,100,,11610,9,0,28 29 14,0,100,,11615,9,0,28 29 14,0,99,,11605,9,0,28 29 14,0,100,,11608,9,0,28 29 14,0,100,,11611,9,0,28 29 14,0,100,,11616,9,0,28 29 14,0,100,,11606,9,0,28 29 14,0,100,,11609,9,0,28 29 14,0,100,,11612,9,0,28 29 14,0,101,,11617,9,0,28 29 14,0,100,,11613,9,0,28 29 14,0,100,,11614,9,0,28 29 14,0
3901,'4737',613,,11618,9,,,0,36,,11619,9,,,0,70,,11620,9,,,0,13,,11623,9,,,0,13,,11622,9,,,0,13,,11624,9,,,0,56,,11621,9,,,0,15,,11628,9,,,0,24,,11625,9,,,0,67,,11629,9,,,0,30,,11626,9,,,0,70,,11627,9,,,0,30,,11631,9,,,0,70,,11630,9,,,0,30,,11633,9,,,0,70,,11632,9,,,0,30,,11634,9,,,0,70,,11635,9,,,0,31,,11636,9,,,0,71,,11638,9,,,0,18,,11658,9,,,0,16,,11637,9,,,0,56,,11640,9,,,0,8,,11639,9,0,28 29 14,0,8,,11641,9,,,0,18,,11642,9,,,0,54,,11643,9,,,0,16,,11645,9,,,0,16,,11644,9,,,0,15,,11646,9,,,0,56,,11648,9,,,0,18,,11649,9,,,0,16,,11647,9,,,0,20,,11650,9,,,0,59,,11652,9,,,0,19,,11651,9,,,0,20,,11657,9,,,0,60,,11655,9,,,0,23,,11654,9,,,0,108,,11653,9,,,0,106,,11656,9,0,28 29 14,0
3901,'4740',742,,11661,9,0,28 29 14,0,100,,11664,9,0,28 29 14,0,100,,11669,9,0,28 29 14,0,99,,11659,9,0,28 29 14,0,100,,11662,9,0,28 29 14,0,100,,11665,9,0,28 29 14,0,100,,11670,9,0,28 29 14,0,100,,11660,9,0,28 29 14,0,100,,11663,9,0,28 29 14,0,100,,11666,9,0,28 29 14,0,101,,11671,9,0,28 29 14,0,100,,11667,9,0,28 29 14,0,100,,11668,9,0,28 29 14,0
3901,'4744',613,,11672,9,,,0,36,,11673,9,,,0,70,,11674,9,,,0,13,,11677,9,,,0,13,,11676,9,,,0,13,,11678,9,,,0,56,,11675,9,,,0,15,,11682,9,,,0,24,,11679,9,,,0,67,,11683,9,,,0,30,,11680,9,,,0,70,,11681,9,,,0,30,,11685,9,,,0,70,,11684,9,,,0,30,,11687,9,,,0,70,,11686,9,,,0,30,,11688,9,,,0,70,,11689,9,,,0,31,,11690,9,,,0,71,,11692,9,,,0,18,,11712,9,,,0,16,,11691,9,,,0,56,,11694,9,,,0,8,,11693,9,0,28 29 14,0,8,,11695,9,,,0,18,,11696,9,,,0,54,,11697,9,,,0,16,,11699,9,,,0,16,,11698,9,,,0,15,,11700,9,,,0,56,,11702,9,,,0,18,,11703,9,,,0,16,,11701,9,,,0,20,,11704,9,,,0,59,,11706,9,,,0,19,,11705,9,,,0,20,,11711,9,,,0,60,,11709,9,,,0,23,,11708,9,,,0,108,,11707,9,,,0,106,,11710,9,0,28 29 14,0
3901,'4745',743,,11714,9,0,28 29 14,0,99,,11713,9,0,28 29 14,0,99,,11715,9,0,28 29 14,0,100,,11716,9,0,28 29 14,0,100,,11717,9,0,28 29 14,0,100,,11718,9,0,28 29 14,0,100,,11721,9,0,28 29 14,0,100,,11722,9,0,28 29 14,0,100,,11720,9,0,28 29 14,0,100,,11719,9,0,28 29 14,0,100,,11723,9,0,28 29 14,0,101,,11724,9,0,28 29 14,0,100,,11725,9,0,28 29 14,0
3901,'4947',613,,11726,9,,,0,36,,11727,9,,,0,70,,11728,9,,,0,13,,11731,9,,,0,13,,11730,9,,,0,13,,11732,9,,,0,56,,11729,9,,,0,15,,11736,9,,,0,24,,11733,9,,,0,67,,11737,9,,,0,30,,11734,9,,,0,70,,11735,9,,,0,30,,11739,9,,,0,70,,11738,9,,,0,30,,11741,9,,,0,70,,11740,9,,,0,30,,11742,9,,,0,70,,11743,9,,,0,31,,11744,9,,,0,71,,11746,9,,,0,18,,11766,9,,,0,16,,11745,9,,,0,56,,11748,9,,,0,8,,11747,9,0,28 29 14,0,8,,11749,9,,,0,18,,11750,9,,,0,54,,11751,9,,,0,16,,11753,9,,,0,16,,11752,9,,,0,15,,11754,9,,,0,56,,11756,9,,,0,18,,11757,9,,,0,16,,11755,9,,,0,20,,11758,9,,,0,59,,11760,9,,,0,19,,11759,9,,,0,20,,11765,9,,,0,60,,11763,9,,,0,23,,11762,9,,,0,108,,11761,9,,,0,106,,11764,9,0,28 29 14,0
3901,'4954',743,,11768,9,0,28 29 14,0,99,,11767,9,0,28 29 14,0,99,,11769,9,0,28 29 14,0,100,,11770,9,0,28 29 14,0,100,,11771,9,0,28 29 14,0,100,,11772,9,0,28 29 14,0,100,,11775,9,0,28 29 14,0,100,,11776,9,0,28 29 14,0,100,,11774,9,0,28 29 14,0,100,,11773,9,0,28 29 14,0,100,,11777,9,0,28 29 14,0,101,,11778,9,0,28 29 14,0,100,,11779,9,0,28 29 14,0
24002800,'4737',1531,,18060,14,,,0,71,,18058,14,,,0,32,,18059,14,,,0,71,,18061,14,,,0,35,,18062,14,,,0,68,,18063,14,,,0
24002800,'4744',1531,,18066,14,,,0,71,,18064,14,,,0,32,,18065,14,,,0,71,,18067,14,,,0,35,,18068,14,,,0,68,,18069,14,,,0
24002800,'4947',1531,,18072,14,,,0,71,,18070,14,,,0,32,,18071,14,,,0,71,,18073,14,,,0,35,,18074,14,,,0,68,,18075,14,,,0
