8100,'4663',2138,,61766,25,4,,0
8100,'5372',2138,,47206,25,4,,0
8100,'5377',2138,,47250,25,4,,0
8100,'5383',2134,,61780,25,4,,0
8100,'5384',2138,,61794,25,4,,0
8100,'5385',2138,,61810,25,4,,0
8101,'4663',534,,61811,1,,,0,169,,61812,16,,,0,32,,61813,1,,,0,180,,61814,16,,,0,103,,61815,16,,,0,97,,61816,16,,,0,100,,61817,16,,,0,100,,61818,16,,,0,100,,61819,16,,,0,101,,61820,16,,,0,99,,61821,16,,,0,99,,61822,16,,,0,100,,61823,16,,,0,99,,61824,16,,,0,101,,61825,16,,,0,99,,61826,16,,,0
8101,'5372',534,,47265,1,,,0,169,,47266,16,,,0,32,,47267,1,,,0,180,,47268,16,,,0,103,,47269,16,,,0,97,,47270,16,,,0,100,,47271,16,,,0,100,,47272,16,,,0,100,,47273,16,,,0,101,,51868,16,,,0,99,,47275,16,,,0,99,,47276,16,,,0,100,,47277,16,,,0,99,,47278,16,,,0,101,,47279,16,,,0,99,,47280,16,,,0
8101,'5377',913,,47310,16,,,0,101,,47311,16,,,0,102,,47312,16,,,0,100,,47313,16,,,0,100,,47314,16,,,0,101,,47315,16,,,0,100,,47316,16,,,0,100,,47317,16,,,0,102,,47318,16,,,0,100,,47319,16,,,0,100,,47320,16,,,0,100,,47321,16,,,0,100,,47322,16,,,0
8101,'5383',913,,61827,16,,,0,103,,61828,16,,,0,100,,61829,16,,,0,100,,61830,16,,,0,100,,61831,16,,,0,104,,61832,16,,,0,100,,61833,16,,,0,100,,61834,16,,,0,96,,61835,16,,,0,97,,61836,16,,,0,100,,61837,16,,,0,100,,61838,16,,,0,100,,61839,16,,,0
8101,'5384',913,,61840,16,,,0,101,,61841,16,,,0,102,,61842,16,,,0,100,,61843,16,,,0,100,,61844,16,,,0,101,,61845,16,,,0,100,,61846,16,,,0,100,,61847,16,,,0,102,,61848,16,,,0,100,,61849,16,,,0,100,,61850,16,,,0,100,,61851,16,,,0,100,,61852,16,,,0
8101,'5385',534,,61853,1,,,0,169,,61854,16,,,0,32,,61855,1,,,0,180,,61856,16,,,0,103,,61857,16,,,0,97,,61858,16,,,0,100,,61859,16,,,0,100,,61860,16,,,0,100,,61861,16,,,0,101,,61862,16,,,0,99,,61863,16,,,0,99,,61864,16,,,0,100,,61865,16,,,0,99,,61866,16,,,0,101,,61867,16,,,0,99,,61868,16,,,0
8300,'4663',738,,61869,49,4,,0,204,,61870,49,4,,0,179,,61871,49,4,,0,208,,61872,49,4,,0,200,,61873,49,4,,0,212,,61874,49,4,,0,204,,61875,49,4,,0
8300,'5372',738,,47336,49,4,,0,204,,47337,49,4,,0,179,,47338,49,4,,0,208,,47339,49,4,,0,200,,47340,49,4,,0,212,,47341,49,4,,0,204,,47342,49,4,,0
8300,'5377',1123,,47356,49,4,,0,300,,47357,49,4,,0,302,,47355,49,4,,0,300,,47354,49,4,,0
8300,'5383',1124,,61878,49,4,,0,301,,61879,49,4,,0,302,,61877,49,4,,0,299,,61876,49,4,,0
8300,'5384',1123,,61882,49,4,,0,300,,61883,49,4,,0,302,,61881,49,4,,0,300,,61880,49,4,,0
8300,'5385',738,,61884,49,4,,0,204,,61885,49,4,,0,179,,61886,49,4,,0,208,,61887,49,4,,0,200,,61888,49,4,,0,212,,61889,49,4,,0,204,,61890,49,4,,0
8301,'4663',655,,61891,1,,,0,90,,61892,1,,,0,210,,61893,1,,,0,180,,61894,1,,,0,195,,61895,1,,,0,210,,61896,1,,,0,215,,61897,1,,,0,200,,61898,1,,,0
8301,'5372',655,,47362,1,,,0,90,,47363,1,,,0,210,,47364,1,,,0,180,,47365,1,,,0,195,,47366,1,,,0,210,,47367,1,,,0,215,,47368,1,,,0,200,,47369,1,,,0
8301,'5377',930,,47384,1,,,0,300,,47385,1,,,0,305,,47383,1,,,0,300,,47382,1,,,0
8301,'5383',930,,61902,1,,,0,300,,61900,1,,,0,305,,61901,1,,,0,300,,61899,1,,,0
8301,'5384',930,,61905,1,,,0,300,,61906,1,,,0,305,,61904,1,,,0,300,,61903,1,,,0
8301,'5385',655,,61907,1,,,0,90,,61908,1,,,0,210,,61909,1,,,0,180,,61910,1,,,0,195,,61911,1,,,0,210,,61912,1,,,0,215,,61913,1,,,0,200,,61914,1,,,0
8500,'4663',630,,61915,1,,,0,82,,61915,54,4,,0,15,,61916,1,,,0,83,,61916,54,4,,0,117,,61917,1,,,0,84,,61917,54,4,,0,116,,61918,1,,,0,85,,61918,54,4,,0,115,,61919,1,,,0,85,,61919,54,4,,0,115,,61920,1,,,0,85,,61920,54,4,,0,115,,61921,1,,,0,82,,61921,54,4,,0,118,,61922,1,,,0,81,,61922,54,4,,0
8500,'5372',630,,47390,1,,,0,82,,47390,54,4,,0,15,,47391,1,,,0,83,,47391,54,4,,0,117,,47392,1,,,0,84,,47392,54,4,,0,116,,47393,1,,,0,85,,47393,54,4,,0,115,,47394,1,,,0,85,,47394,54,4,,0,115,,47395,1,,,0,85,,47395,54,4,,0,115,,47396,1,,,0,82,,47396,54,4,,0,118,,47397,1,,,0,81,,47397,54,4,,0
8500,'5377',835,,47412,1,,,0,82,,47412,54,4,,0,218,,47413,1,,,0,83,,47413,54,4,,0,222,,47410,1,,,0,84,,47410,54,4,,0,216,,47411,1,,,0,82,,47411,54,4,,0
8500,'5383',835,,61925,1,,,0,82,,61925,54,4,,0,218,,61926,1,,,0,83,,61926,54,4,,0,222,,61923,1,,,0,84,,61923,54,4,,0,216,,61924,1,,,0,82,,61924,54,4,,0
8500,'5384',835,,61929,1,,,0,82,,61929,54,4,,0,218,,61930,1,,,0,83,,61930,54,4,,0,222,,61927,1,,,0,84,,61927,54,4,,0,216,,61928,1,,,0,82,,61928,54,4,,0
8500,'5385',630,,61931,1,,,0,82,,61931,54,4,,0,15,,61932,1,,,0,83,,61932,54,4,,0,117,,61933,1,,,0,84,,61933,54,4,,0,116,,61934,1,,,0,85,,61934,54,4,,0,115,,61935,1,,,0,85,,61935,54,4,,0,115,,61936,1,,,0,85,,61936,54,4,,0,115,,61937,1,,,0,82,,61937,54,4,,0,118,,61938,1,,,0,81,,61938,54,4,,0
8700,'4663',754,,61940,45,4,,0,202,,61939,45,4,,0,201,,61941,45,4,,0,246,,61945,38,4,,0,155,,61943,45,4,,0,199,,61944,45,4,,0
8700,'5372',754,,47419,45,4,,0,202,,47418,45,4,,0,201,,47420,45,4,,0,246,,47424,38,4,,0,155,,47422,45,4,,0,199,,47423,45,4,,0
8700,'5385',754,,61947,45,4,,0,202,,61946,45,4,,0,201,,61948,45,4,,0,246,,61952,38,4,,0,155,,61950,45,4,,0,199,,61951,45,4,,0
8701,'4663',620,,61953,1,,,0,197,,61954,1,,,0,201,,61955,1,,,0,198,,61956,1,,,0,199,,61957,1,,,0,203,,61958,1,,,0
8701,'5372',620,,47432,1,,,0,197,,47433,1,,,0,201,,47434,1,,,0,198,,47435,1,,,0,199,,47436,1,,,0,203,,47437,1,,,0
8701,'5385',620,,61959,1,,,0,197,,61960,1,,,0,201,,61961,1,,,0,198,,61962,1,,,0,199,,61963,1,,,0,203,,61964,1,,,0
8800,'4663',855,,61965,19,4,,0,201,,61966,19,4,,0,201,,61967,19,4,,0,201,,61968,19,4,,0,199,,61969,19,4,,0,245,,61970,19,4,,0
8800,'5372',855,,47444,19,4,,0,201,,47445,19,4,,0,201,,47446,19,4,,0,201,,47447,19,4,,0,199,,47448,19,4,,0,245,,47449,19,4,,0
8800,'5377',830,,47475,19,4,,0,94,,47476,19,4,,0,101,,47477,19,4,,0,101,,47478,19,4,,0,101,,47479,19,4,,0,100,,47480,19,4,,0,99,,47471,19,4,,0,99,,47472,19,4,,0,100,,47473,19,4,,0,101,,47474,19,4,,0,101,,47482,19,4,,0,99,,47483,19,4,,0,99,,47470,19,4,,0,98,,47481,19,4,,0
8800,'5383',830,,61979,19,4,,0,99,,61980,19,4,,0,101,,61981,19,4,,0,100,,61982,19,4,,0,100,,61983,19,4,,0,99,,61984,19,4,,0,100,,61975,19,4,,0,100,,61976,19,4,,0,99,,61977,19,4,,0,100,,61978,19,4,,0,98,,61972,19,4,,0,99,,61973,19,4,,0,101,,61974,19,4,,0,100,,61971,19,4,,0
8800,'5384',830,,61990,19,4,,0,94,,61991,19,4,,0,101,,61992,19,4,,0,101,,61993,19,4,,0,101,,61994,19,4,,0,100,,61995,19,4,,0,99,,61986,19,4,,0,99,,61987,19,4,,0,100,,61988,19,4,,0,101,,61989,19,4,,0,101,,61997,19,4,,0,99,,61998,19,4,,0,99,,61985,19,4,,0,98,,61996,19,4,,0
8800,'5385',855,,61999,19,4,,0,201,,62000,19,4,,0,201,,62001,19,4,,0,201,,62002,19,4,,0,199,,62003,19,4,,0,245,,62004,19,4,,0
8801,'4663',710,,62005,1,,,0,200,,62006,1,,,0,199,,62007,1,,,0,199,,62008,1,,,0,200,,62009,1,,,0,207,,62010,1,,,0,103,,62011,1,,,0
8801,'5372',710,,47498,1,,,0,200,,47499,1,,,0,199,,47500,1,,,0,199,,47501,1,,,0,200,,47502,1,,,0,207,,47503,1,,,0,103,,47504,1,,,0
8801,'5377',746,,47534,1,,,0,94,,47535,1,,,0,100,,47536,1,,,0,100,,47537,1,,,0,100,,47538,1,,,0,100,,47539,1,,,0,99,,47529,1,,,0,100,,47530,1,,,0,101,,47531,1,,,0,101,,47532,1,,,0,102,,47533,1,,,0,99,,47527,1,,,0,100,,47528,1,,,0,98,,47526,1,,,0
8801,'5383',744,,62022,1,,,0,99,,62023,1,,,0,99,,62024,1,,,0,100,,62025,1,,,0,98,,62016,1,,,0,100,,62017,1,,,0,100,,62018,1,,,0,100,,62019,1,,,0,102,,62020,1,,,0,100,,62021,1,,,0,98,,62013,1,,,0,100,,62014,1,,,0,102,,62015,1,,,0,100,,62012,1,,,0
8801,'5384',746,,62034,1,,,0,94,,62035,1,,,0,100,,62036,1,,,0,100,,62037,1,,,0,100,,62038,1,,,0,100,,62039,1,,,0,99,,62029,1,,,0,100,,62030,1,,,0,101,,62031,1,,,0,101,,62032,1,,,0,102,,62033,1,,,0,99,,62027,1,,,0,100,,62028,1,,,0,98,,62026,1,,,0
8801,'5385',710,,62040,1,,,0,200,,62041,1,,,0,199,,62042,1,,,0,199,,62043,1,,,0,200,,62044,1,,,0,207,,62045,1,,,0,103,,62046,1,,,0
1008800,'4663',635,,62933,10,4,,0,186,,62934,10,4,,0,96,,62935,10,4,,0,100,,62936,10,4,,0,100,,62937,10,4,,0,100,,62938,10,4,,0,100,,62939,10,4,,0,100,,62940,10,4,,0,100,,62941,10,4,,0,100,,62942,10,4,,0,99,,62943,10,4,,0,107,,62944,10,4,,0,98,,62945,10,4,,0,29,,62946,10,4,,0,70,,62947,10,4,,0,31,,62948,10,4,,0,70,,62949,10,4,,0
1008800,'5372',635,,48605,10,4,,0,186,,48606,10,4,,0,96,,48607,10,4,,0,100,,48608,10,4,,0,100,,48609,10,4,,0,100,,48610,10,4,,0,100,,48611,10,4,,0,100,,48612,10,4,,0,100,,48613,10,4,,0,100,,48614,10,4,,0,99,,48615,10,4,,0,107,,48616,10,4,,0,98,,48617,10,4,,0,29,,48618,10,4,,0,70,,48619,10,4,,0,31,,48620,10,4,,0,70,,48621,10,4,,0
1008800,'5385',635,,62950,10,4,,0,186,,62951,10,4,,0,96,,62952,10,4,,0,100,,62953,10,4,,0,100,,62954,10,4,,0,100,,62955,10,4,,0,100,,62956,10,4,,0,100,,62957,10,4,,0,100,,62958,10,4,,0,100,,62959,10,4,,0,99,,62960,10,4,,0,107,,62961,10,4,,0,98,,62962,10,4,,0,29,,62963,10,4,,0,70,,62964,10,4,,0,31,,62965,10,4,,0,70,,62966,10,4,,0
1008801,'4663',642,,62968,1,,,0,106,,62969,1,,,0,96,,62970,1,,,0,100,,62971,1,,,0,99,,62967,1,,,0,99,,62972,1,,,0,100,,62973,1,,,0,100,,62974,1,,,0,100,,62975,1,,,0,100,,62976,1,,,0,100,,62977,1,,,0,109,,62978,1,,,0,99,,62979,1,,,0,71,,62980,1,,,0,101,,62981,1,,,0
1008801,'5372',642,,48640,1,,,0,106,,48641,1,,,0,96,,48642,1,,,0,100,,48643,1,,,0,99,,48639,1,,,0,99,,48644,1,,,0,100,,48645,1,,,0,100,,48646,1,,,0,100,,48647,1,,,0,100,,48648,1,,,0,100,,48649,1,,,0,109,,48650,1,,,0,99,,48651,1,,,0,71,,48652,1,,,0,101,,48653,1,,,0
1008801,'5385',642,,62983,1,,,0,106,,62984,1,,,0,96,,62985,1,,,0,100,,62986,1,,,0,99,,62982,1,,,0,99,,62987,1,,,0,100,,62988,1,,,0,100,,62989,1,,,0,100,,62990,1,,,0,100,,62991,1,,,0,100,,62992,1,,,0,109,,62993,1,,,0,99,,62994,1,,,0,71,,62995,1,,,0,101,,62996,1,,,0
