4700,'4663',659,,59613,42,,,0,63,,59612,42,,,0,26,,59611,42,,,0
4700,'5372',659,,44662,42,,,0,63,,44661,42,,,0,26,,50317,42,,,0
4700,'5385',659,,59616,42,,,0,63,,59615,42,,,0,26,,59614,42,,,0
4800,'4663',657,,59625,46,,,0,66,,59624,46,,,0,30,,59623,46,,,0
4800,'5372',657,,44674,46,,,0,66,,44673,46,,,0,30,,44672,46,,,0
4800,'5385',657,,59628,46,,,0,66,,59627,46,,,0,30,,59626,46,,,0
5300,'4663',732,,59985,40,,,0
5300,'5372',732,,50450,40,,,0
5300,'5385',732,,60010,40,,,0
6100,'4663',601,,60746,66,,,0,42,,60744,66,,,0,16,,60747,66,,,0,62,,60748,66,,,0,26,,60750,66,,,0,59,,60754,66,,,0,18,,60761,66,,,0,28,,60763,66,,,0
6100,'5372',601,,50731,66,,,0,42,,46007,66,,,0,16,,50732,66,,,0,62,,46011,66,,,0,26,,46013,66,,,0,59,,46017,66,,,0,18,,46024,66,,,0,28,,46026,66,,,0
6100,'5385',601,,60837,66,,,0,42,,60835,66,,,0,16,,60838,66,,,0,62,,60839,66,,,0,26,,60841,66,,,0,59,,60845,66,,,0,18,,60852,66,,,0,28,,60854,66,,,0
6500,'4663',624,,61032,51,,,0,104,,61034,51,,,0,28,,61035,51,,,0,81,,61033,51,,,0
6500,'5372',624,,46333,51,,,0,104,,46335,51,,,0,28,,46336,51,,,0,81,,46334,51,,,0
6500,'5385',624,,61036,51,,,0,104,,61038,51,,,0,28,,61039,51,,,0,81,,61037,51,,,0
