1000,'4487',645,,17877,,,0,95,2,17879,,,0,102,2,17874,,,0,102,2,17873,,,0,100,2,17875,,,0,105,2,17878,,,0,154,2,17880,,,0,55,2,17876,,,0,142,42,17881,,,0,100,42,17882,,,0,102,2,17883,,,0,99,42,17885,,,0,102,2,17884,,,0,97,42,17886,,,0
1000,'4743',645,,11391,,,0,95,,11393,,,0,102,,11388,,,0,102,,11387,,,0,100,,11389,,,0,105,,11392,,,0,154,,11394,,,0,55,,11390,,,0,142,,11395,,,0,100,,11396,,,0,102,,11397,,,0,99,,11399,,,0,102,,11398,,,0,97,,11400,,,0
1000,'4744',546,,17906,,,0,97,,17905,,,0,84,,17897,,,0,77,,17896,,,0,38,,17895,,,0,84,,17898,,,0,79,,17894,,,0,96,,17901,,,0,115,,17899,,,0,91,,17893,,,0,36,,17902,,,0,87,,17892,,,0,83,,17904,,,0,96,,17891,,,0,42,,17903,,,0,85,,17890,,,0,78,,17900,,,0,21,,17889,,,0,69,,17887,,,0,53,,17888,,,0
1000,'4745',739,2,17915,,,0,101,2,17914,,,0,102,2,17913,,,0,104,2,17916,,,0,102,2,17918,,,0,111,2,17919,,,0,96,2,17909,,,0,101,2,17911,,,0,100,2,17907,,,0,100,2,17908,,,0,102,2,17912,,,0,142,42,17910,,,0,59,2,17917,,,0
1000,'4935',546,,2138,,,0,97,,2137,,,0,84,,2129,,,0,77,,2128,,,0,38,,2127,,,0,84,,2130,,,0,79,,2126,,,0,96,,2133,,,0,115,,2131,,,0,91,,2125,,,0,36,,2134,,,0,87,,2124,,,0,83,,2136,,,0,96,,2123,,,0,42,,2135,,,0,85,,2122,,,0,78,,2132,,,0,21,,2121,,,0,69,,2119,,,0,53,,2120,,,0
1000,'4941',546,,2158,,,0,97,,2157,,,0,84,,2149,,,0,77,,2148,,,0,38,,2147,,,0,84,,2150,,,0,79,,2146,,,0,96,,2153,,,0,115,,2151,,,0,91,,2145,,,0,36,,2154,,,0,87,,2144,,,0,83,,2156,,,0,96,,2143,,,0,42,,2155,,,0,85,,2142,,,0,78,,2152,,,0,21,,2141,,,0,69,,2139,,,0,53,,2140,,,0
1000,'4943',645,,2163,,,0,95,,2165,,,0,102,,2160,,,0,102,,2159,,,0,100,,2161,,,0,105,,2164,,,0,154,,2166,,,0,55,,2162,,,0,142,,2167,,,0,100,,2168,,,0,102,,2169,,,0,99,,2171,,,0,102,,2170,,,0,97,,2172,,,0
1000,'4945',739,,2181,,,0,101,,2180,,,0,102,,2179,,,0,104,,2182,,,0,102,,2184,,,0,111,,2185,,,0,96,,2175,,,0,101,,2177,,,0,100,,2173,,,0,100,,2174,,,0,102,,2178,,,0,142,,2176,,,0,59,,2183,,,0
1000,'4947',546,,17939,,,0,97,2,17938,,,0,84,2,17930,,,0,77,2,17929,,,0,38,2,17928,,,0,84,2,17931,,,0,79,2,17927,,,0,96,42,17934,,,0,115,2,17932,,,0,91,2,17926,,,0,36,2,17935,,,0,86,2,17925,,,0,84,2,17937,,,0,96,2,17924,,,0,42,2,17936,,,0,85,2,17923,,,0,78,2,17933,,,0,21,2,17922,,,0,69,2,17920,,,0,53,2,17921,,,0
1000,'4952',546,,17959,,,0,97,2,17958,,,0,84,2,17950,,,0,77,2,17949,,,0,38,2,17948,,,0,84,2,17951,,,0,79,2,17947,,,0,96,42,17954,,,0,115,2,17952,,,0,91,2,17946,,,0,36,2,17955,,,0,86,2,17945,,,0,84,2,17957,,,0,96,2,17944,,,0,42,2,17956,,,0,85,2,17943,,,0,78,2,17953,,,0,21,2,17942,,,0,69,2,17940,,,0,53,2,17941,,,0
1000,'4953',645,,17964,,,0,95,2,17966,,,0,102,2,17961,,,0,102,2,17960,,,0,100,2,17962,,,0,105,2,17965,,,0,154,2,17967,,,0,55,2,17963,,,0,142,42,17968,,,0,100,42,17969,,,0,102,2,17970,,,0,99,42,17972,,,0,102,2,17971,,,0,97,42,17973,,,0
1000,'4954',739,2,17982,,,0,101,2,17981,,,0,102,2,17980,,,0,104,2,17983,,,0,102,2,17985,,,0,111,2,17986,,,0,96,2,17976,,,0,101,2,17978,,,0,100,2,17974,,,0,100,2,17975,,,0,102,2,17979,,,0,142,42,17977,,,0,59,2,17984,,,0
