4800,'4663',636,,59625,32,,,0,21,,59624,32,,,0,67,,59623,32,,,0
4800,'5372',636,,44674,32,,,0,21,,44673,32,,,0,67,,44672,32,,,0
4800,'5385',636,,59628,32,,,0,21,,59627,32,,,0,67,,59626,32,,,0
5200,'4332',653,,59765,44,,,0,70,,59764,44,,,0,81,,59759,44,,,0,35,,59767,44,,,0,71,,59762,44,,,0,33,,59748,44,,,0,70,,59755,44,,,0,30,,59774,44,,,0,72,,59753,44,,,0,35,,59750,44,,,0,73,,59756,44,,,0,32,,59776,44,,,0,75,,59751,44,,,0,73,,59749,44,,,0,36,,59758,44,,,0,66,,59775,44,,,0,34,,59754,44,,,0,72,,59761,44,,,0,35,,59757,44,,,0,68,,59772,44,,,0,30,,59752,44,,,0,69,,59763,44,,,0,22,,59769,44,,,0,65,,59760,44,,,0,24,,59768,44,,,0,24,,59771,44,,,0,68,,59770,44,,,0,28,,59766,44,,,0,70,,59773,44,,,0,100,,59777,44,,,0,93,,59778,44,,,0,108,,59779,44,,,0
5200,'4663',519,,59709,44,,,0,31,,59718,44,,,0,72,,59712,44,,,0,21,,59723,44,,,0,61,,59710,44,,,0,25,,59731,44,,,0,29,,59717,44,,,0,66,,59746,44,,,0,9,,59711,44,,,0,15,,59739,44,,,0,10,,59722,44,,,0,68,,59713,44,,,0,30,,59730,44,,,0,66,,59716,44,,,0,30,,59714,44,,,0,75,,59715,44,,,0,31,,59732,44,,,0,72,,59719,44,,,0,70,,59720,44,,,0,36,,59721,44,,,0,74,,59729,44,,,0,31,,59745,9,,,0,5,,59724,44,,,0,71,,59725,44,,,0,33,,59741,44,,,0,71,,59726,44,,,0,30,,59728,44,,,0,67,,59727,44,,,0,29,,59733,44,,,0,71,,59742,44,,,0,30,,59734,44,,,0,74,,59735,44,,,0,29,,59736,44,,,0,69,,59743,44,,,0,26,,59737,44,,,0,72,,59738,44,,,0,96,,59744,44,,,0,98,,59740,44,,,0,102,,59747,44,,,0
5200,'5078',723,,59801,44,,,0,32,,59783,44,,,0,81,,59786,44,,,0,71,,59800,44,,,0,32,,59794,44,,,0,72,,59782,44,,,0,31,,59785,44,,,0,72,,59796,44,,,0,31,,59790,44,,,0,72,,59781,44,,,0,33,,59784,44,,,0,70,,59799,44,,,0,31,,59792,44,,,0,78,,59780,44,,,0,30,,59788,44,,,0,74,,59798,44,,,0,74,,59791,44,,,0,33,,59807,44,,,0,68,,59787,44,,,0,30,,59797,44,,,0,68,,59793,44,,,0,30,,59795,44,,,0,69,,59789,44,,,0,29,,59803,44,,,0,79,,59802,44,,,0,99,,59804,44,,,0,98,,59806,44,,,0,106,,59805,44,,,0
5200,'5372',519,,44768,44,,,0,31,,44777,44,,,0,72,,44771,44,,,0,21,,44782,44,,,0,61,,44769,44,,,0,25,,44790,44,,,0,29,,44776,44,,,0,66,,44805,44,,,0,9,,44770,44,,,0,15,,44798,44,,,0,10,,44781,44,,,0,68,,44772,44,,,0,30,,44789,44,,,0,66,,44775,44,,,0,30,,44773,44,,,0,75,,44774,44,,,0,31,,44791,44,,,0,72,,44778,44,,,0,70,,44779,44,,,0,36,,44780,44,,,0,74,,44788,44,,,0,36,,44783,44,,,0,71,,44784,44,,,0,21,,51755,9,,,0,12,,51754,44,,,0,71,,44785,44,,,0,30,,44787,44,,,0,67,,44786,44,,,0,29,,44792,44,,,0,71,,44801,44,,,0,30,,44793,44,,,0,74,,44794,44,,,0,29,,44795,44,,,0,69,,44802,44,,,0,26,,44796,44,,,0,72,,44797,44,,,0,96,,44803,44,,,0,98,,44799,44,,,0,102,,44806,44,,,0
5200,'5385',519,,59808,44,,,0,31,,59817,44,,,0,72,,59811,44,,,0,21,,59822,44,,,0,61,,59809,44,,,0,25,,59830,44,,,0,29,,59816,44,,,0,66,,59845,44,,,0,9,,59810,44,,,0,15,,59838,44,,,0,10,,59821,44,,,0,68,,59812,44,,,0,30,,59829,44,,,0,66,,59815,44,,,0,30,,59813,44,,,0,75,,59814,44,,,0,31,,59831,44,,,0,72,,59818,44,,,0,70,,59819,44,,,0,36,,59820,44,,,0,74,,59828,44,,,0,36,,59823,44,,,0,71,,59824,44,,,0,21,,59844,9,,,0,12,,59840,44,,,0,71,,59825,44,,,0,30,,59827,44,,,0,67,,59826,44,,,0,29,,59832,44,,,0,71,,59841,44,,,0,30,,59833,44,,,0,74,,59834,44,,,0,29,,59835,44,,,0,69,,59842,44,,,0,26,,59836,44,,,0,72,,59837,44,,,0,96,,59843,44,,,0,98,,59839,44,,,0,102,,59846,44,,,0
5400,'4332',723,,60071,37,,,0,204,,60070,37,,,0,211,,60067,37,,,0,207,,60068,37,,,0,206,,60069,37,,,0,249,,60066,37,,,0,203,,60065,37,,,0
5400,'4663',627,,60055,37,,,0,100,,60059,37,,,0,131,,60058,37,,,0,242,,60056,37,,,0,136,,60057,37,,,0,202,,60061,37,,,0,105,,60060,37,,,0,194,,60062,37,,,0,193,,60063,37,,,0,191,,60064,37,,,0
5400,'5078',722,,60072,37,,,0,203,,60074,37,,,0,212,,60075,37,,,0,207,,60076,37,,,0,205,,60073,37,,,0,210,,60077,37,,,0,243,,60078,37,,,0
5400,'5372',627,,45183,37,,,0,100,,45187,37,,,0,131,,45186,37,,,0,242,,45184,37,,,0,136,,45185,37,,,0,202,,50513,37,,,0,105,,50512,37,,,0,194,,50514,37,,,0,193,,45191,37,,,0,191,,45192,37,,,0
5400,'5385',627,,60079,37,,,0,100,,60083,37,,,0,131,,60082,37,,,0,242,,60080,37,,,0,136,,60081,37,,,0,202,,60085,37,,,0,105,,60084,37,,,0,194,,60086,37,,,0,193,,60087,37,,,0,191,,60088,37,,,0
