7100,'4661',1606,,61214,30,,,0,104,,61215,30,,,0,103,,61216,30,,,0
7100,'4663',1606,,61211,30,,,0,104,,61212,30,,,0,103,,61213,30,,,0
7200,'4332',629,,61260,49,,,0,100,,61261,49,,,0,71,,61262,49,,,0,30,,61263,49,,,0,29,,61264,49,,,0,70,,61265,49,,,0,30,,61266,49,,,0,70,,61267,49,,,0,30,,61268,49,,,0,69,,61269,49,,,0,30,,61270,49,,,0,70,,61271,49,,,0,30,,61272,49,,,0,70,,61273,49,,,0,29,,61274,49,,,0,70,,61275,49,,,0,30,,61276,49,,,0,70,,61277,49,,,0,30,,61278,49,,,0,70,,61279,49,,,0,30,,61280,49,,,0,70,,61281,49,,,0,30,,61282,49,,,0,70,,61283,49,,,0,30,,61284,49,,,0,70,,61285,49,,,0,31,,61286,49,,,0,70,,61287,49,,,0,30,,61288,49,,,0,70,,61289,49,,,0,100,,61290,49,,,0,100,,61291,49,,,0,118,,61292,49,0,10 11 12,0
7200,'4661',620,,61341,49,,,0,29,,61335,49,,,0,108,,61340,49,,,0,70,,61347,49,,,0,30,,61328,49,,,0,71,,61342,49,,,0,29,,61336,49,,,0,70,,61323,49,,,0,31,,61343,49,,,0,69,,61332,49,,,0,32,,61327,49,,,0,68,,61321,49,,,0,30,,61322,49,,,0,99,,61320,49,,,0,70,,61348,49,,,0,30,,61324,49,,,0,70,,61329,49,,,0,30,,61326,49,,,0,70,,61325,49,,,0,100,,61330,49,,,0,30,,61349,49,,,0,73,,61337,49,,,0,28,,61331,49,,,0,71,,61334,49,,,0,29,,61333,49,,,0,70,,61339,49,,,0,32,,61345,49,,,0,70,,61338,49,,,0,100,,61344,49,,,0,99,,61346,49,,,0,116,,61350,49,0,10 11 12,0
7200,'4663',620,,61247,49,,,0,29,,61241,49,,,0,79,,61230,49,,,0,29,,61246,49,,,0,70,,61253,49,,,0,30,,61234,49,,,0,71,,61248,49,,,0,29,,61242,49,,,0,70,,61226,49,,,0,31,,61249,49,,,0,69,,61238,49,,,0,32,,61232,49,,,0,68,,61224,49,,,0,30,,61225,49,,,0,69,,61231,49,,,0,30,,61223,49,,,0,70,,61254,49,,,0,30,,61227,49,,,0,70,,61235,49,,,0,30,,61229,49,,,0,70,,61228,49,,,0,29,,61233,49,,,0,71,,61236,49,,,0,30,,61255,49,,,0,73,,61243,49,,,0,28,,61237,49,,,0,71,,61240,49,,,0,29,,61239,49,,,0,70,,61245,49,,,0,32,,61251,49,,,0,70,,61244,49,,,0,100,,61250,49,,,0,99,,61252,49,,,0,116,,61256,49,0,10 11 12,0
7200,'4674',728,,61257,49,,,0,598,,61258,49,,,0,329,,61259,49,,,0
7200,'4677',728,,61351,49,,,0,598,,61352,49,,,0,329,,61353,49,,,0
7200,'5078',729,,61293,49,,,0,100,,61294,49,,,0,100,,61297,49,,,0,100,,61295,49,,,0,99,,61296,49,,,0,30,,61298,49,,,0,70,,61299,49,,,0,30,,61300,49,,,0,69,,61301,49,,,0,30,,61302,49,,,0,70,,61303,49,,,0,30,,61304,49,,,0,70,,61305,49,,,0,30,,61306,49,,,0,70,,61307,49,,,0,30,,61308,49,,,0,70,,61309,49,,,0,30,,61310,49,,,0,70,,61311,49,,,0,31,,61312,49,,,0,70,,61313,49,,,0,30,,61314,49,,,0,71,,61315,49,,,0,99,,61316,49,,,0,100,,61317,49,,,0,102,,61318,49,,,0,75,,61319,49,0,10 11 12,0
8100,'4332',829,,61767,25,,,0,100,,61768,25,,,0,100,,61769,25,,,0,100,,61770,25,,,0,100,,61771,25,,,0,100,,61772,25,,,0,100,,61773,25,,,0,100,,61774,25,,,0,100,,61775,25,,,0,100,,61776,25,,,0,100,,61777,25,,,0,101,,61778,25,,,0,100,,61779,25,,,0
8100,'4661',618,,61795,25,,,0,190,,61796,25,,,0,123,,61797,25,,,0,97,,61798,25,,,0,100,,61799,25,,,0,100,,61800,25,,,0,100,,61801,25,,,0,100,,61802,25,,,0,100,,61803,25,,,0,100,,61805,25,,,0,100,,61806,25,,,0,87,,61807,25,,,0,115,,61808,25,,,0,99,,61809,25,,,0
8100,'4663',618,,61751,25,,,0,190,,61752,25,,,0,123,,61753,25,,,0,97,,61754,25,,,0,100,,61755,25,,,0,100,,61756,25,,,0,100,,61757,25,,,0,100,,61758,25,,,0,100,,61759,25,,,0,100,,61761,25,,,0,100,,61762,25,,,0,87,,61763,25,,,0,115,,61764,25,,,0,99,,61765,25,,,0
8100,'5078',829,,61782,25,,,0,100,,61781,25,,,0,100,,61783,25,,,0,100,,61784,25,,,0,100,,61785,25,,,0,100,,61786,25,,,0,100,,61787,25,,,0,100,,61788,25,,,0,100,,61789,25,,,0,100,,61790,25,,,0,100,,61791,25,,,0,100,,61792,25,,,0,102,,61793,25,,,0
