300,'4332',717,,52992,12,,,0,97,,53000,12,,,0,98,,53010,12,,,0,100,,52985,12,,,0,98,,52998,12,,,0,99,,53011,12,,,0,101,,52988,12,,,0,103,,52987,12,,,0,109,,52990,12,,,0,109,,52991,12,,,0,101,,53003,12,,,0,101,,53002,12,,,0,96,,53006,12,,,0,102,,53009,12,,,0
300,'4663',642,,52983,12,,,0,113,,52981,12,,,0,153,,52979,12,,,0,99,,52973,12,,,0,98,,52970,12,,,0,105,,52968,12,,,0,100,,52975,12,,,0,104,,52966,12,,,0,109,,52965,12,,,0,34,,52964,12,,,0,73,,52977,12,,,0,109,,52962,12,,,0,99,,52961,12,,,0,95,,52958,12,,,0,97,,52956,12,,,0
300,'5078',746,,53016,12,,,0,162,,53023,12,,,0,115,,53014,12,,,0,89,,53019,12,,,0,98,,53020,12,,,0,99,,53017,12,,,0,108,,53022,12,,,0,108,,53026,12,,,0,99,,53030,12,,,0,98,,53032,12,,,0,103,,53034,12,,,0,105,,53037,12,,,0
300,'5372',642,,36807,12,,,0,113,,36805,12,,,0,153,,36803,12,,,0,99,,36797,12,,,0,98,,36794,12,,,0,105,,36792,12,,,0,100,,36799,12,,,0,104,,36790,12,,,0,109,,36789,12,,,0,34,,36788,12,,,0,73,,36801,12,,,0,109,,36786,12,,,0,99,,36785,12,,,0,95,,36782,12,,,0,97,,36780,12,,,0
300,'5385',642,,53066,12,,,0,113,,53064,12,,,0,153,,53062,12,,,0,99,,53056,12,,,0,98,,53053,12,,,0,105,,53051,12,,,0,100,,53058,12,,,0,104,,53049,12,,,0,109,,53048,12,,,0,34,,53047,12,,,0,73,,53060,12,,,0,109,,53045,12,,,0,99,,53044,12,,,0,95,,53041,12,,,0,97,,53039,12,,,0
301,'4332',730,,53118,33,,,0,101,,53097,33,,,0,101,,53105,33,,,0,102,,53109,33,,,0,100,,53120,33,,,0,102,,53100,33,,,0,100,,53111,33,,,0,101,,53106,33,,,0,107,,53101,33,,,0,106,,53107,33,,,0,100,,53108,33,,,0,102,,53114,33,,,0,95,,53117,33,,,0,100,,53119,33,,,0
301,'4663',651,,53094,33,,,0,155,,53095,33,,,0,117,,53085,33,,,0,177,,53086,33,,,0,101,,53082,33,,,0,106,,53080,33,,,0,133,,53078,33,,,0,108,,53089,33,,,0,74,,53076,33,,,0,35,,53075,33,,,0,73,,53091,33,,,0,70,,53074,33,,,0,58,,53090,33,,,0,99,,53071,33,,,0,89,,53070,33,,,0
301,'5078',745,,53138,33,,,0,166,,53139,33,,,0,122,,53137,33,,,0,100,,53133,33,,,0,101,,53127,33,,,0,102,,53131,33,,,0,100,,53129,33,,,0,105,,53136,33,,,0,103,,53140,33,,,0,99,,53146,33,,,0,99,,53143,33,,,0,100,,53147,33,,,0
301,'5372',651,,36943,33,,,0,155,,36944,33,,,0,117,,36934,33,,,0,177,,36935,33,,,0,101,,36931,33,,,0,106,,36929,33,,,0,133,,36927,33,,,0,108,,36938,33,,,0,74,,36925,33,,,0,35,,36924,33,,,0,73,,36940,33,,,0,70,,36923,33,,,0,58,,36939,33,,,0,99,,36920,33,,,0,89,,36919,33,,,0
301,'5385',651,,53175,33,,,0,155,,53176,33,,,0,117,,53166,33,,,0,177,,53167,33,,,0,101,,53163,33,,,0,106,,53161,33,,,0,133,,53159,33,,,0,108,,53170,33,,,0,74,,53157,33,,,0,35,,53156,33,,,0,73,,53172,33,,,0,70,,53155,33,,,0,58,,53171,33,,,0,99,,53152,33,,,0,89,,53151,33,,,0
