300,'4487',643,,18688,2,,,0,68,,18691,2,,,0,30,,18686,2,,,0,67,,18696,2,,,0,32,,18690,2,,,0,67,,18685,2,,,0,32,,18697,2,,,0,68,,18687,2,,,0,26,,18684,2,,,0,72,,18689,2,,,0,27,,18694,2,,,0,71,,18692,2,,,0,29,,18695,2,,,0,71,,18700,2,,,0,29,,18693,2,,,0,76,,18699,2,,,0,29,,18698,2,,,0,81,,18701,2,,,0,28,,18705,2,,,0,73,,18703,2,,,0,33,,18702,2,,,0,73,,18704,2,,,0,28,,18706,2,,,0,69,,18709,2,,,0,32,,18710,2,,,0,70,,18707,2,,,0,32,,18708,2,,,0,68,,18711,2,,,0,87,,18712,2,0,5,0
300,'4737',604,,18741,2,,,0,31,,18740,2,,,0,76,,18739,2,,,0,38,,18738,2,,,0,79,,18737,2,,,0,74,,18736,2,,,0,28,,18729,2,,,0,71,,18730,2,,,0,28,,18728,2,,,0,29,,18727,2,,,0,70,,18733,2,,,0,74,,18725,2,,,0,31,,18726,2,,,0,69,,18732,2,,,0,30,,18724,2,,,0,73,,18723,2,,,0,34,,18731,2,,,0,75,,18722,2,,,0,34,,18721,2,,,0,74,,18734,2,,,0,78,,18720,2,,,0,31,,18719,2,,,0,72,,18735,2,,,0,29,,18718,2,,,0,71,,18717,2,,,0,24,,18715,2,,,0,27,,18714,2,,,0,69,,18713,2,,,0,88,,18716,2,0,5,0
300,'4744',604,,18770,2,,,0,31,,18769,2,,,0,76,,18768,2,,,0,38,,18767,2,,,0,79,,18766,2,,,0,74,,18765,2,,,0,28,,18758,2,,,0,71,,18759,2,,,0,28,,18757,2,,,0,29,,18756,2,,,0,70,,18762,2,,,0,74,,18754,2,,,0,31,,18755,2,,,0,69,,18761,2,,,0,30,,18753,2,,,0,73,,18752,2,,,0,34,,18760,2,,,0,75,,18751,2,,,0,34,,18750,2,,,0,74,,18763,2,,,0,78,,18749,2,,,0,31,,18748,2,,,0,72,,18764,2,,,0,29,,18747,2,,,0,71,,18746,2,,,0,24,,18744,2,,,0,27,,18743,2,,,0,69,,18742,2,,,0,88,,18745,2,0,5,0
300,'4745',658,,18795,2,,,0,82,,18792,2,,,0,81,,18794,2,,,0,83,,18790,2,,,0,35,,18793,2,,,0,79,,18782,2,,,0,21,,18789,2,,,0,68,,18788,2,,,0,32,,18781,2,,,0,67,,18791,2,,,0,31,,18786,2,,,0,68,,18772,2,,,0,32,,18771,2,,,0,75,,18783,2,,,0,30,,18773,2,,,0,73,,18784,2,,,0,33,,18778,2,,,0,68,,18775,2,,,0,33,,18774,2,,,0,68,,18777,2,,,0,33,,18779,2,,,0,68,,18776,2,,,0,32,,18780,2,,,0,74,,18785,2,,,0,85,,18787,2,0,5,0
300,'5066',604,,18824,2,,,0,31,,18823,2,,,0,76,,18822,2,,,0,38,,18821,2,,,0,79,,18820,2,,,0,74,,18819,2,,,0,28,,18812,2,,,0,71,,18813,2,,,0,28,,18811,2,,,0,29,,18810,2,,,0,70,,18816,2,,,0,74,,18808,2,,,0,31,,18809,2,,,0,69,,18815,2,,,0,30,,18807,2,,,0,73,,18806,2,,,0,34,,18814,2,,,0,75,,18805,2,,,0,34,,18804,2,,,0,74,,18817,2,,,0,78,,18803,2,,,0,31,,18802,2,,,0,72,,18818,2,,,0,29,,18801,2,,,0,71,,18800,2,,,0,24,,18798,2,,,0,27,,18797,2,,,0,69,,18796,2,,,0,88,,18799,2,0,5,0
300,'5070',643,,18829,2,,,0,68,,18832,2,,,0,30,,18827,2,,,0,67,,18837,2,,,0,32,,18831,2,,,0,67,,18826,2,,,0,32,,18838,2,,,0,68,,18828,2,,,0,26,,18825,2,,,0,72,,18830,2,,,0,27,,18835,2,,,0,71,,18833,2,,,0,29,,18836,2,,,0,71,,18841,2,,,0,29,,18834,2,,,0,76,,18840,2,,,0,29,,18839,2,,,0,81,,18842,2,,,0,28,,18846,2,,,0,73,,18844,2,,,0,33,,18843,2,,,0,73,,18845,2,,,0,28,,18847,2,,,0,69,,18850,2,,,0,32,,18851,2,,,0,70,,18848,2,,,0,32,,18849,2,,,0,68,,18852,2,,,0,87,,18853,2,0,5,0
300,'5072',658,,18878,2,,,0,82,,18875,2,,,0,81,,18877,2,,,0,83,,18873,2,,,0,35,,18876,2,,,0,79,,18865,2,,,0,21,,18872,2,,,0,68,,18871,2,,,0,32,,18864,2,,,0,67,,18874,2,,,0,31,,18869,2,,,0,68,,18855,2,,,0,32,,18854,2,,,0,75,,18866,2,,,0,30,,18856,2,,,0,73,,18867,2,,,0,33,,18861,2,,,0,68,,18858,2,,,0,33,,18857,2,,,0,68,,18860,2,,,0,33,,18862,2,,,0,68,,18859,2,,,0,32,,18863,2,,,0,74,,18868,2,,,0,85,,18870,2,0,5,0
1100,'4487',737,,22090,39,,,0,76,,22074,39,,,0,36,,22060,39,,,0,71,,22064,39,,,0,30,,22091,39,,,0,72,,22082,39,,,0,26,,22069,39,,,0,65,,22061,39,,,0,26,,22067,39,,,0,69,,22079,39,,,0,25,,22063,39,,,0,25,,22077,39,,,0,65,,22071,39,,,0,25,,22062,39,,,0,65,,22065,39,,,0,26,,22078,39,,,0,65,,22070,39,,,0,25,,22081,39,,,0,27,,22073,39,,,0,65,,22068,39,,,0,23,,22072,39,,,0,64,,22089,39,,,0,23,,22066,39,,,0,23,,22080,39,,,0,64,,22092,39,,,0,25,,22083,39,,,0,65,,22075,39,,,0,24,,22076,39,,,0,23,,22085,39,,,0,65,,22087,39,,,0,24,,22084,39,,,0,70,,22086,39,,,0,30,,22088,39,,,0,73,,22093,39,,,0,35,,22094,39,,,0,69,,22095,39,,,0,30,,22096,39,,,0,79,,22097,39,,,0
1100,'4737',549,,22138,11,,,0,72,,22131,39,,,0,32,,22114,39,,,0,60,,22143,39,,,0,21,,22120,39,,,0,18,,22140,39,,,0,59,,22123,39,,,0,17,,22103,39,,,0,16,,22129,39,,,0,58,,22106,39,,,0,18,,22124,39,,,0,19,,22144,39,,,0,64,,22119,39,,,0,24,,22141,39,,,0,28,,22104,39,,,0,65,,22132,39,,,0,25,,22122,39,,,0,66,,22146,39,,,0,26,,22121,39,,,0,65,,22137,39,,,0,25,,22105,39,,,0,25,,22133,39,,,0,64,,22118,39,,,0,19,,22099,39,,,0,18,,22145,39,,,0,58,,22116,39,,,0,18,,22098,39,,,0,18,,22139,39,,,0,60,,22107,39,,,0,20,,22109,39,,,0,20,,22130,39,,,0,58,,22115,39,,,0,15,,22102,39,,,0,15,,22147,39,,,0,17,,22117,39,,,0,57,,22108,39,,,0,18,,22142,39,,,0,14,,22101,39,,,0,16,,22100,39,,,0,58,,22125,39,,,0,24,,22112,39,,,0,70,,22113,39,,,0,34,,22135,39,,,0,70,,22110,39,,,0,35,,22111,39,,,0,69,,22126,39,,,0,33,,22134,39,,,0,70,,22128,39,,,0,30,,22127,39,,,0,84,,22136,39,,,0
1100,'4744',549,,22188,11,,,0,72,,22181,39,,,0,32,,22164,39,,,0,60,,22193,39,,,0,21,,22170,39,,,0,18,,22190,39,,,0,59,,22173,39,,,0,17,,22153,39,,,0,16,,22179,39,,,0,58,,22156,39,,,0,18,,22174,39,,,0,19,,22194,39,,,0,64,,22169,39,,,0,24,,22191,39,,,0,28,,22154,39,,,0,65,,22182,39,,,0,25,,22172,39,,,0,66,,22196,39,,,0,26,,22171,39,,,0,65,,22187,39,,,0,25,,22155,39,,,0,25,,22183,39,,,0,64,,22168,39,,,0,19,,22149,39,,,0,18,,22195,39,,,0,58,,22166,39,,,0,18,,22148,39,,,0,18,,22189,39,,,0,60,,22157,39,,,0,20,,22159,39,,,0,20,,22180,39,,,0,58,,22165,39,,,0,15,,22152,39,,,0,15,,22197,39,,,0,17,,22167,39,,,0,57,,22158,39,,,0,18,,22192,39,,,0,14,,22151,39,,,0,16,,22150,39,,,0,58,,22175,39,,,0,24,,22162,39,,,0,70,,22163,39,,,0,34,,22185,39,,,0,70,,22160,39,,,0,35,,22161,39,,,0,69,,22176,39,,,0,33,,22184,39,,,0,70,,22178,39,,,0,30,,22177,39,,,0,84,,22186,39,,,0
1100,'4745',752,,22199,39,,,0,80,,22198,39,,,0,81,,22201,39,,,0,32,,22200,39,,,0,71,,22203,39,,,0,36,,22202,39,,,0,75,,22207,39,,,0,31,,22205,39,,,0,70,,22204,39,,,0,72,,22206,39,,,0,30,,22210,39,,,0,70,,22211,39,,,0,30,,22209,39,,,0,71,,22208,39,,,0,30,,22214,39,,,0,70,,22213,39,,,0,29,,22212,39,,,0,70,,22216,39,,,0,29,,22217,39,,,0,28,,22215,39,,,0,68,,22218,39,,,0,29,,22219,39,,,0,70,,22221,39,,,0,85,,22220,39,,,0,45,,22222,39,,,0,84,,22223,39,,,0,78,,22224,39,,,0,85,,22225,39,,,0,45,,22226,39,,,0
1100,'5066',549,,22267,11,,,0,72,,22260,39,,,0,32,,22243,39,,,0,60,,22272,39,,,0,21,,22249,39,,,0,18,,22269,39,,,0,59,,22252,39,,,0,17,,22232,39,,,0,16,,22258,39,,,0,58,,22235,39,,,0,18,,22253,39,,,0,19,,22273,39,,,0,64,,22248,39,,,0,24,,22270,39,,,0,28,,22233,39,,,0,65,,22261,39,,,0,25,,22251,39,,,0,66,,22275,39,,,0,26,,22250,39,,,0,65,,22266,39,,,0,25,,22234,39,,,0,25,,22262,39,,,0,64,,22247,39,,,0,19,,22228,39,,,0,18,,22274,39,,,0,58,,22245,39,,,0,18,,22227,39,,,0,18,,22268,39,,,0,60,,22236,39,,,0,20,,22238,39,,,0,20,,22259,39,,,0,58,,22244,39,,,0,15,,22231,39,,,0,15,,22276,39,,,0,17,,22246,39,,,0,57,,22237,39,,,0,18,,22271,39,,,0,14,,22230,39,,,0,16,,22229,39,,,0,58,,22254,39,,,0,24,,22241,39,,,0,70,,22242,39,,,0,34,,22264,39,,,0,70,,22239,39,,,0,35,,22240,39,,,0,69,,22255,39,,,0,33,,22263,39,,,0,70,,22257,39,,,0,30,,22256,39,,,0,84,,22265,39,,,0
1100,'5070',737,,22307,39,,,0,76,,22291,39,,,0,36,,22277,39,,,0,71,,22281,39,,,0,30,,22308,39,,,0,72,,22299,39,,,0,26,,22286,39,,,0,65,,22278,39,,,0,26,,22284,39,,,0,69,,22296,39,,,0,25,,22280,39,,,0,25,,22294,39,,,0,65,,22288,39,,,0,25,,22279,39,,,0,65,,22282,39,,,0,26,,22295,39,,,0,65,,22287,39,,,0,25,,22298,39,,,0,27,,22290,39,,,0,65,,22285,39,,,0,23,,22289,39,,,0,64,,22306,39,,,0,23,,22283,39,,,0,23,,22297,39,,,0,64,,22309,39,,,0,25,,22300,39,,,0,65,,22292,39,,,0,24,,22293,39,,,0,23,,22302,39,,,0,65,,22304,39,,,0,24,,22301,39,,,0,70,,22303,39,,,0,30,,22305,39,,,0,73,,22310,39,,,0,35,,22311,39,,,0,69,,22312,39,,,0,30,,22313,39,,,0,79,,22314,39,,,0
1100,'5072',752,,22316,39,,,0,80,,22315,39,,,0,81,,22318,39,,,0,32,,22317,39,,,0,71,,22320,39,,,0,36,,22319,39,,,0,75,,22324,39,,,0,31,,22322,39,,,0,70,,22321,39,,,0,72,,22323,39,,,0,30,,22327,39,,,0,70,,22328,39,,,0,30,,22326,39,,,0,71,,22325,39,,,0,30,,22331,39,,,0,70,,22330,39,,,0,29,,22329,39,,,0,70,,22333,39,,,0,29,,22334,39,,,0,28,,22332,39,,,0,68,,22335,39,,,0,29,,22336,39,,,0,70,,22338,39,,,0,85,,22337,39,,,0,45,,22339,39,,,0,84,,22340,39,,,0,78,,22341,39,,,0,85,,22342,39,,,0,45,,22343,39,,,0
