2401,'4487',646,,21931,,,0,106,,21930,,,0,103,,21932,,,0,100,,21928,,,0,100,,21925,,,0,98,,21926,,,0,95,,21927,,,0,100,,21934,,,0,98,,21929,,,0,103,,21933,,,0,104,,21935,,,0,169,,21936,,,0,125,,21937,,,0,170,,21938,,,0,131,,21939,,,0,163,,21940,,,0
2401,'4743',646,,12010,,,0,106,,12009,,,0,103,,12011,,,0,100,,12007,,,0,100,,12004,,,0,98,,12005,,,0,95,,12006,,,0,100,,12013,,,0,98,,12008,,,0,103,,12012,,,0,104,,12014,,,0,169,,12015,,,0,125,,12016,,,0,170,,12017,,,0,131,,12018,,,0,163,,12019,,,0
2401,'4744',458,,21952,,,0,90,,21948,,,0,86,,21941,,,0,84,,21944,,,0,31,,21949,,,0,95,,21946,,,0,108,,21943,,,0,100,,21942,,,0,99,,21951,,,0,100,,21947,,,0,151,,21945,,,0,53,,21950,,,0,94,,21953,,,0,91,,21955,,,0,80,,21954,,,0,92,,21956,,,0,46,,21957,,,0,144,,21958,,,0,115,,21959,,,0,132,,21960,,,0,162,,21961,,,0
2401,'4745',752,,21962,,,0,170,,21963,,,0,129,,21964,,,0,167,,21965,,,0,131,,21966,,,0,172,,21967,,,0,131,,21968,,,0,170,,21969,,,0,131,,21970,,,0,165,,21971,,,0,130,,21972,,,0
2401,'4935',458,,4517,,,0,90,,4513,,,0,86,,4506,,,0,84,,4509,,,0,31,,4514,,,0,95,,4511,,,0,108,,4508,,,0,100,,4507,,,0,99,,4516,,,0,100,,4512,,,0,151,,4510,,,0,53,,4515,,,0,94,,4518,,,0,91,,4520,,,0,80,,4519,,,0,92,,12020,,,0,46,,12021,,,0,144,,4523,,,0,115,,12022,,,0,132,,4525,,,0,162,,4526,,,0
2401,'4941',458,,4538,,,0,90,,4534,,,0,86,,4527,,,0,84,,4530,,,0,31,,4535,,,0,95,,4532,,,0,108,,4529,,,0,100,,4528,,,0,99,,4537,,,0,100,,4533,,,0,151,,4531,,,0,53,,4536,,,0,94,,4539,,,0,91,,4541,,,0,80,,4540,,,0,92,,12023,,,0,46,,12024,,,0,144,,4544,,,0,115,,12025,,,0,132,,4546,,,0,162,,4547,,,0
2401,'4943',646,,4554,,,0,106,,4553,,,0,103,,4555,,,0,100,,4551,,,0,100,,4548,,,0,98,,4549,,,0,95,,4550,,,0,100,,4557,,,0,98,,4552,,,0,103,,4556,,,0,104,,4558,,,0,169,,4559,,,0,125,,4560,,,0,170,,4561,,,0,131,,4562,,,0,163,,4563,,,0
2401,'4945',752,,4564,,,0,170,,4565,,,0,129,,4566,,,0,167,,4567,,,0,131,,4568,,,0,172,,4569,,,0,131,,4570,,,0,170,,4571,,,0,131,,4572,,,0,165,,4573,,,0,130,,4574,,,0
2401,'4947',458,,21984,,,0,90,,21980,,,0,86,,21973,,,0,84,,21976,,,0,31,,21981,,,0,95,,21978,,,0,108,,21975,,,0,100,,21974,,,0,99,,21983,,,0,100,,21979,,,0,151,,21977,,,0,53,,21982,,,0,94,,21985,,,0,91,,21987,,,0,80,,21986,,,0,92,,21988,,,0,46,,21989,,,0,144,,21990,,,0,115,,21991,,,0,132,,21992,,,0,162,,21993,,,0
2401,'4952',458,,22005,,,0,90,,22001,,,0,86,,21994,,,0,84,,21997,,,0,31,,22002,,,0,95,,21999,,,0,108,,21996,,,0,100,,21995,,,0,99,,22004,,,0,100,,22000,,,0,151,,21998,,,0,53,,22003,,,0,94,,22006,,,0,91,,22008,,,0,80,,22007,,,0,92,,22009,,,0,46,,22010,,,0,144,,22011,,,0,115,,22012,,,0,132,,22013,,,0,162,,22014,,,0
2401,'4953',646,,22021,,,0,106,,22020,,,0,103,,22022,,,0,100,,22018,,,0,100,,22015,,,0,98,,22016,,,0,95,,22017,,,0,100,,22024,,,0,98,,22019,,,0,103,,22023,,,0,104,,22025,,,0,169,,22026,,,0,125,,22027,,,0,170,,22028,,,0,131,,22029,,,0,163,,22030,,,0
2401,'4954',752,,22031,,,0,170,,22032,,,0,129,,22033,,,0,167,,22034,,,0,131,,22035,,,0,172,,22036,,,0,131,,22037,,,0,170,,22038,,,0,131,,22039,,,0,165,,22040,,,0,130,,22041,,,0
