2600,'4532',658,,69704,38,,,0,71,,69705,38,,,0,30,,69706,38,,,0,58,,69707,38,,,0,17,,69708,38,,,0,19,,69709,38,,,0,58,,69710,38,,,0,18,,69711,38,,,0,17,,69712,38,,,0,58,,69713,38,,,0,17,,69714,38,,,0,18,,69715,38,,,0,17,,69716,38,,,0,58,,69717,38,,,0,18,,69718,38,,,0,17,,69703,38,,,0,59,,69719,38,,,0,19,,69720,38,,,0,17,,69721,38,,,0,57,,69722,38,,,0,17,,69723,38,,,0,17,,69724,38,,,0,17,,69725,38,,,0,57,,69726,38,,,0,18,,69727,38,,,0,16,,69728,38,,,0,16,,69729,38,,,0,58,,69730,38,,,0,17,,69731,38,,,0,18,,69732,38,,,0,57,,69733,38,,,0,16,,69734,38,,,0,15,,69735,38,,,0,14,,69736,38,,,0,55,,69737,38,,,0,16,,69738,38,,,0,16,,69739,38,,,0,16,,69740,38,,,0,55,,69741,38,,,0,17,,69742,38,,,0,17,,69743,38,,,0,60,,69744,38,,,0,19,,69745,38,,,0,20,,69746,38,,,0,59,,69747,38,,,0,20,,69748,38,,,0,19,,69749,38,,,0,59,,69750,38,,,0,19,,69751,38,,,0,20,,69752,38,,,0,65,,69753,38,,,0,29,,69754,38,,,0,70,,69755,38,,,0,30,,69756,38,,,0,69,,69757,38,,,0,30,,69758,38,,,0,69,,69759,38,,,0,101,,69760,38,,,0
2600,'4623',616,,69639,38,,,0,30,,69635,38,,,0,63,,69634,38,,,0,15,,69626,38,,,0,15,,69628,38,,,0,16,,69645,38,,,0,55,,69622,38,,,0,17,,69624,38,,,0,15,,69623,38,,,0,15,,69621,38,,,0,55,,69630,38,,,0,14,,69615,38,,,0,15,,69619,38,,,0,14,,69638,38,,,0,56,,69613,38,,,0,15,,69616,38,,,0,15,,69604,38,,,0,16,,69609,38,,,0,55,,69627,38,,,0,15,,69620,38,,,0,15,,69599,38,,,0,15,,69644,38,,,0,55,,69601,38,,,0,16,,69600,38,,,0,15,,69603,38,,,0,15,,69598,38,,,0,54,,69632,38,,,0,15,,69610,38,,,0,15,,69597,38,,,0,15,,69643,38,,,0,55,,69592,38,,,0,15,,69596,38,,,0,14,,69606,38,,,0,16,,69588,38,,,0,56,,69629,38,,,0,16,,69612,38,,,0,16,,69586,38,,,0,55,,69587,38,,,0,15,,69637,38,,,0,13,,69595,38,,,0,18,,69585,38,,,0,54,,69607,38,,,0,11,,69583,38,,,0,14,,69633,38,,,0,12,,69618,38,,,0,14,,69584,38,,,0,53,,69582,38,,,0,13,,69642,38,,,0,14,,69591,38,,,0,14,,69581,38,,,0,55,,69608,38,,,0,15,,69580,38,,,0,14,,69625,38,,,0,15,,69614,38,,,0,60,,69641,38,,,0,19,,69593,38,,,0,20,,69602,38,,,0,60,,69579,38,,,0,20,,69611,38,,,0,20,,69640,38,,,0,61,,69594,38,,,0,32,,69605,38,,,0,67,,69636,38,,,0,30,,69589,38,,,0,69,,69631,38,,,0,30,,69617,38,,,0,69,,69590,38,,,0,100,,69578,38,,,0
2600,'4832',721,,69844,38,,,0,27,,69852,38,,,0,61,,69834,38,,,0,23,,69828,38,,,0,24,,69846,38,,,0,61,,69853,38,,,0,27,,69835,38,,,0,65,,69829,38,,,0,20,,69847,38,,,0,24,,69838,38,,,0,60,,69830,38,,,0,18,,69836,38,,,0,18,,69832,38,,,0,60,,69845,38,,,0,19,,69833,38,,,0,20,,69850,38,,,0,58,,69831,38,,,0,18,,69848,38,,,0,19,,69840,38,,,0,58,,69843,38,,,0,20,,69841,38,,,0,18,,69851,38,,,0,17,,69837,38,,,0,58,,69849,38,,,0,18,,69839,38,,,0,17,,69842,38,,,0,58,,69858,38,,,0,18,,69862,38,,,0,16,,69855,38,,,0,18,,69864,38,,,0,58,,69857,38,,,0,18,,69860,38,,,0,17,,69856,38,,,0,56,,69865,38,,,0,16,,69854,38,,,0,20,,69863,38,,,0,59,,69859,38,,,0,18,,69861,38,,,0,18,,69869,38,,,0,20,,69867,38,,,0,59,,69871,38,,,0,20,,69868,38,,,0,19,,69870,38,,,0,60,,69872,38,,,0,20,,69866,38,,,0,70,,69874,38,,,0,28,,69873,38,,,0,70,,69875,38,,,0,30,,69876,38,,,0
2600,'5222',616,,69821,38,,,0,30,,69817,38,,,0,63,,69816,38,,,0,15,,69808,38,,,0,15,,69810,38,,,0,16,,69827,38,,,0,55,,69804,38,,,0,17,,69806,38,,,0,15,,69805,38,,,0,15,,69803,38,,,0,55,,69812,38,,,0,14,,69797,38,,,0,15,,69801,38,,,0,14,,69820,38,,,0,56,,69795,38,,,0,15,,69798,38,,,0,15,,69786,38,,,0,16,,69791,38,,,0,55,,69809,38,,,0,15,,69802,38,,,0,15,,69781,38,,,0,15,,69826,38,,,0,55,,69783,38,,,0,16,,69782,38,,,0,15,,69785,38,,,0,15,,69780,38,,,0,54,,69814,38,,,0,15,,69792,38,,,0,15,,69779,38,,,0,15,,69825,38,,,0,55,,69774,38,,,0,15,,69778,38,,,0,14,,69788,38,,,0,16,,69770,38,,,0,56,,69811,38,,,0,16,,69794,38,,,0,16,,69768,38,,,0,55,,69769,38,,,0,15,,69819,38,,,0,13,,69777,38,,,0,18,,69767,38,,,0,54,,69789,38,,,0,11,,69765,38,,,0,14,,69815,38,,,0,12,,69800,38,,,0,14,,69766,38,,,0,53,,69764,38,,,0,13,,69824,38,,,0,14,,69773,38,,,0,14,,69763,38,,,0,55,,69790,38,,,0,15,,69762,38,,,0,14,,69807,38,,,0,15,,69796,38,,,0,60,,69823,38,,,0,19,,69775,38,,,0,20,,69784,38,,,0,60,,69761,38,,,0,20,,69793,38,,,0,20,,69822,38,,,0,61,,69776,38,,,0,32,,69787,38,,,0,67,,69818,38,,,0,30,,69771,38,,,0,69,,69813,38,,,0,30,,69799,38,,,0,69,,69772,38,,,0
2600,'5390',721,,69893,38,,,0,27,,69901,38,,,0,61,,69883,38,,,0,23,,69877,38,,,0,24,,69895,38,,,0,61,,69902,38,,,0,27,,69884,38,,,0,65,,69878,38,,,0,20,,69896,38,,,0,24,,69887,38,,,0,60,,69879,38,,,0,18,,69885,38,,,0,18,,69881,38,,,0,60,,69894,38,,,0,19,,69882,38,,,0,20,,69899,38,,,0,58,,69880,38,,,0,18,,69897,38,,,0,19,,69889,38,,,0,58,,69892,38,,,0,20,,69890,38,,,0,18,,69900,38,,,0,17,,69886,38,,,0,58,,69898,38,,,0,18,,69888,38,,,0,17,,69891,38,,,0,58,,69907,38,,,0,18,,69911,38,,,0,16,,69904,38,,,0,18,,69913,38,,,0,58,,69906,38,,,0,18,,69909,38,,,0,17,,69905,38,,,0,56,,69914,38,,,0,16,,69903,38,,,0,20,,69912,38,,,0,59,,69908,38,,,0,18,,69910,38,,,0,18,,69918,38,,,0,20,,69916,38,,,0,59,,69920,38,,,0,20,,69917,38,,,0,19,,69919,38,,,0,60,,69921,38,,,0,20,,69915,38,,,0,70,,69923,38,,,0,28,,69922,38,,,0,70,,69924,38,,,0,30,,69925,38,,,0
2701,'4623',1529,,70575,10,4,,0,20,,70574,10,4,,0,56,,70600,10,4,,0,15,,70572,10,4,,0,17,,70606,10,4,,0,16,,70573,10,4,,0,56,,70578,10,4,,0,15,,70610,10,4,,0
2701,'5222',1529,,70729,10,4,,0,20,,70728,10,4,,0,56,,70754,10,4,,0,15,,70726,10,4,,0,17,,70760,10,4,,0,16,,70727,10,4,,0,56,,70732,10,4,,0,15,,70764,10,4,,0
2801,'4623',1900,,71158,15,4,,0
2801,'5222',1900,,71302,15,4,,0
3900,'4532',721,,72423,20,,,0,127,,72424,20,,,0,101,,72428,20,,,0,102,,72432,20,,,0,100,,72422,20,,,0,100,,72426,20,,,0,100,,72429,20,,,0,100,,72433,20,,,0,100,,72425,20,,,0,100,,72427,20,,,0,100,,72430,20,,,0,98,,72434,20,,,0,99,,72431,20,,,0
3900,'4623',657,,72403,26,,,0,78,,72390,26,,,0,74,,72404,26,,,0,27,,72391,26,,,0,70,,72388,26,,,0,36,,72382,26,,,0,68,,72398,26,,,0,29,,72389,26,,,0,70,,72383,26,,,0,31,,72400,26,,,0,70,,72392,26,,,0,30,,72384,26,,,0,72,,72399,26,,,0,30,,72393,26,,,0,70,,72386,26,,,0,31,,72401,26,,,0,72,,72394,26,,,0,33,,72385,26,,,0,74,,72402,26,,,0,34,,72395,26,,,0,70,,72387,26,,,0,28,,72405,26,,,0,73,,72396,26,,,0,80,,72408,26,,,0,35,,72397,26,,,0,82,,72407,26,,,0,106,,72406,26,,,0
3900,'4832',848,,72463,20,,,0,102,,72462,20,,,0,100,,72464,20,,,0,100,,72466,20,,,0,100,,72465,20,,,0,100,,72470,20,,,0,100,,72467,20,,,0,100,,72468,20,,,0,100,,72469,20,,,0,100,,72471,20,,,0,100,,72472,20,,,0,99,,72473,20,,,0
3900,'5222',657,,72456,26,,,0,78,,72443,26,,,0,74,,72457,26,,,0,27,,72444,26,,,0,70,,72441,26,,,0,36,,72435,26,,,0,68,,72451,26,,,0,29,,72442,26,,,0,70,,72436,26,,,0,31,,72453,26,,,0,70,,72445,26,,,0,30,,72437,26,,,0,72,,72452,26,,,0,30,,72446,26,,,0,70,,72439,26,,,0,31,,72454,26,,,0,72,,72447,26,,,0,33,,72438,26,,,0,74,,72455,26,,,0,34,,72448,26,,,0,70,,72440,26,,,0,28,,72458,26,,,0,73,,72449,26,,,0,80,,72461,26,,,0,35,,72450,26,,,0,82,,72460,26,,,0,106,,72459,26,,,0
3900,'5390',848,,72475,20,,,0,102,,72474,20,,,0,100,,72476,20,,,0,100,,72478,20,,,0,100,,72477,20,,,0,100,,72482,20,,,0,100,,72479,20,,,0,100,,72480,20,,,0,100,,72481,20,,,0,100,,72483,20,,,0,100,,72484,20,,,0,99,,72485,20,,,0
4000,'4532',734,,72636,33,,,0,173,,72637,33,,,0,100,,72627,33,,,0,102,,72630,33,,,0,100,,72632,33,,,0,101,,72638,33,,,0,101,,72628,33,,,0,101,,72629,33,,,0,100,,72633,33,,,0,100,,72639,33,,,0,97,,72631,33,,,0,98,,72635,33,,,0,100,,72634,33,,,0,93,,72640,33,,,0
4000,'4623',655,,72607,33,,,0,85,,72598,33,,,0,67,,72603,33,,,0,31,,72608,33,,,0,106,,72596,33,,,0,98,,72605,33,,,0,101,,72599,33,,,0,100,,72606,33,,,0,100,,72597,33,,,0,100,,72609,33,,,0,104,,72601,33,,,0,75,,72594,33,,,0,36,,72610,33,,,0,64,,72595,33,,,0,33,,72600,33,,,0,96,,72611,33,,,0,99,,72602,33,,,0,169,,72604,33,,,0,382,,72612,33,,,0
4000,'4832',831,,72661,33,,,0,176,,72660,33,,,0,101,,72662,33,,,0,100,,72663,33,,,0,101,,72664,33,,,0,101,,72665,33,,,0,101,,72668,33,,,0,100,,72667,33,,,0,100,,72666,33,,,0,98,,72669,33,,,0,98,,72670,33,,,0,99,,72671,33,,,0
4000,'5222',655,,72654,33,,,0,85,,72645,33,,,0,67,,72650,33,,,0,31,,72655,33,,,0,106,,72643,33,,,0,98,,72652,33,,,0,101,,72646,33,,,0,100,,72653,33,,,0,100,,72644,33,,,0,100,,72656,33,,,0,104,,72648,33,,,0,75,,72641,33,,,0,36,,72657,33,,,0,64,,72642,33,,,0,33,,72647,33,,,0,96,,72658,33,,,0,99,,72649,33,,,0,169,,72651,33,,,0,382,,72659,33,,,0
4000,'5390',831,,72673,33,,,0,176,,72672,33,,,0,101,,72674,33,,,0,100,,72675,33,,,0,101,,72676,33,,,0,101,,72677,33,,,0,101,,72680,33,,,0,100,,72679,33,,,0,100,,72678,33,,,0,98,,72681,33,,,0,98,,72682,33,,,0,99,,72683,33,,,0
24005100,'4623',711,,77774,28,,,0,29,,77771,28,,,0,70,,77773,28,,,0,30,,77772,28,,,0,810,,77776,28,,,0,68,,77775,28,,,0
24005100,'5222',711,,77780,28,,,0,29,,77777,28,,,0,70,,77779,28,,,0,30,,77778,28,,,0,810,,77782,28,,,0,68,,77781,28,,,0
