6000,'4623',646,,74210,10,,,0,72,,74227,10,,,0,31,,74213,10,,,0,104,,74214,10,,,0,103,,74215,10,,,0,101,,74211,10,,,0,98,,74218,10,,,0,103,,74219,10,,,0,144,,74220,10,,,0,105,,74221,10,,,0,104,,74212,10,,,0,40,,74216,10,,,0,83,,74222,10,,,0,82,,74223,10,,,0,41,,74217,10,,,0,143,,74224,10,,,0,104,,74225,10,,,0,114,,74226,10,,,0
6000,'4833',718,,74240,10,,,0,100,,74241,10,,,0,101,,74239,10,,,0,101,,74238,10,,,0,106,,74237,10,,,0,105,,74236,10,,,0,105,,74235,10,,,0,106,,74234,10,,,0,106,,74232,10,,,0,102,,74233,10,,,0,103,,74228,10,,,0,104,,74229,10,,,0,145,,74230,10,,,0,120,,74231,10,,,0
6000,'5015',718,,74254,10,,,0,100,,74255,10,,,0,101,,74253,10,,,0,101,,74252,10,,,0,106,,74251,10,,,0,105,,74250,10,,,0,105,,74249,10,,,0,106,,74248,10,,,0,106,,74246,10,,,0,102,,74247,10,,,0,103,,74242,10,,,0,104,,74243,10,,,0,145,,74244,10,,,0,120,,74245,10,,,0
6000,'5078',819,,60649,10,,,0,101,,60650,10,,,0,101,,60652,10,,,0,106,,60651,10,,,0,105,,60656,10,,,0,105,,60655,10,,,0,105,,60654,10,,,0,105,,60653,10,,,0,102,,60659,10,,,0,103,,60660,10,,,0,104,,60661,10,,,0,145,,60658,10,,,0,120,,60657,10,,,0
6000,'5222',646,,74256,10,,,0,72,,74273,10,,,0,31,,74259,10,,,0,104,,74260,10,,,0,103,,74261,10,,,0,101,,74257,10,,,0,98,,74264,10,,,0,103,,74265,10,,,0,144,,74266,10,,,0,105,,74267,10,,,0,104,,74258,10,,,0,40,,74262,10,,,0,83,,74268,10,,,0,82,,74269,10,,,0,41,,74263,10,,,0,143,,74270,10,,,0,104,,74271,10,,,0,114,,74272,10,,,0
6000,'5365',819,,74274,10,,,0,101,,74275,10,,,0,101,,74277,10,,,0,106,,74276,10,,,0,105,,74281,10,,,0,105,,74280,10,,,0,105,,74279,10,,,0,105,,74278,10,,,0,102,,74284,10,,,0,103,,74285,10,,,0,104,,74286,10,,,0,145,,74283,10,,,0,120,,74282,10,,,0
6000,'5390',819,,74287,10,,,0,101,,74288,10,,,0,101,,74290,10,,,0,106,,74289,10,,,0,105,,74294,10,,,0,105,,74293,10,,,0,105,,74292,10,,,0,105,,74291,10,,,0,102,,74297,10,,,0,103,,74298,10,,,0,104,,74299,10,,,0,145,,74296,10,,,0,120,,74295,10,,,0
6001,'4623',726,,74300,23,,,0,78,,74307,23,,,0,112,,74308,23,,,0,92,,74301,23,,,0,101,,74302,23,,,0,101,,74303,23,,,0,103,,74304,23,,,0,111,,74305,23,,,0,97,,74309,23,,,0,91,,74310,23,,,0,44,,74311,23,,,0,82,,74306,23,,,0,84,,74312,23,,,0,99,,74314,23,,,0,99,,74313,23,,,0,110,,74315,23,,,0,107,,74316,23,,,0
6001,'4833',735,,74328,23,,,0,101,,74329,23,,,0,100,,74330,23,,,0,101,,74327,23,,,0,105,,74326,23,,,0,105,,74325,23,,,0,106,,74324,23,,,0,105,,74323,23,,,0,144,,74322,23,,,0,105,,74321,23,,,0,105,,74320,23,,,0,105,,74319,23,,,0,104,,74318,23,,,0,107,,74317,23,,,0
6001,'5015',735,,74342,23,,,0,101,,74343,23,,,0,100,,74344,23,,,0,101,,74341,23,,,0,105,,74340,23,,,0,105,,74339,23,,,0,106,,74338,23,,,0,105,,74337,23,,,0,144,,74336,23,,,0,105,,74335,23,,,0,105,,74334,23,,,0,105,,74333,23,,,0,104,,74332,23,,,0,107,,74331,23,,,0
6001,'5078',835,,60714,23,,,0,101,,60715,23,,,0,101,,60716,23,,,0,105,,60713,23,,,0,105,,60719,23,,,0,105,,60720,23,,,0,106,,60718,23,,,0,145,,60717,23,,,0,105,,60722,23,,,0,104,,60723,23,,,0,105,,60721,23,,,0,104,,60725,23,,,0,106,,60724,23,,,0
6001,'5222',726,,74345,23,,,0,78,,74352,23,,,0,112,,74353,23,,,0,92,,74346,23,,,0,101,,74347,23,,,0,101,,74348,23,,,0,103,,74349,23,,,0,111,,74350,23,,,0,97,,74354,23,,,0,91,,74355,23,,,0,44,,74356,23,,,0,82,,74351,23,,,0,84,,74357,23,,,0,99,,74359,23,,,0,99,,74358,23,,,0,110,,74360,23,,,0,107,,74361,23,,,0
6001,'5365',835,,74363,23,,,0,101,,74364,23,,,0,101,,74365,23,,,0,105,,74362,23,,,0,105,,74368,23,,,0,105,,74369,23,,,0,106,,74367,23,,,0,145,,74366,23,,,0,105,,74371,23,,,0,104,,74372,23,,,0,105,,74370,23,,,0,104,,74374,23,,,0,106,,74373,23,,,0
6001,'5390',835,,74376,23,,,0,101,,74377,23,,,0,101,,74378,23,,,0,105,,74375,23,,,0,105,,74381,23,,,0,105,,74382,23,,,0,106,,74380,23,,,0,145,,74379,23,,,0,105,,74384,23,,,0,104,,74385,23,,,0,105,,74383,23,,,0,104,,74387,23,,,0,106,,74386,23,,,0
