5300,'4532',1328,,73364,11,0,25 40,0,210,,73361,11,0,25 40,0,210,,73359,11,0,25 40,0,205,,73360,11,0,25 40,0
5300,'4623',1323,,73347,11,0,25 40,0,187,,73345,11,0,25 40,0,107,,73344,11,0,25 40,0,129,,73349,11,0,25 40,0,167,,73348,11,0,25 40,0,130,,73350,11,0,25 40,0
5300,'4832',1328,,73380,11,0,25 40,0,210,,73378,11,0,25 40,0,210,,73382,11,0,25 40,0,205,,73381,11,0,25 40,0
5300,'5222',1323,,73372,11,0,25 40,0,187,,73370,11,0,25 40,0,107,,73369,11,0,25 40,0,129,,73374,11,0,25 40,0,167,,73373,11,0,25 40,0,130,,73375,11,0,25 40,0
5300,'5390',1328,,73387,11,0,25 40,0,210,,73385,11,0,25 40,0,210,,73389,11,0,25 40,0,205,,73388,11,0,25 40,0
5301,'4532',801,,73412,34,,,0,200,,73413,34,,,0,214,,73411,34,,,0
5301,'4623',811,,73390,34,,,0,116,,73399,34,,,0,199,,73391,34,,,0
5301,'4832',801,,73427,34,,,0,200,,73424,34,,,0,213,,73425,34,,,0
5301,'5222',811,,73414,34,,,0,116,,73423,34,,,0,199,,73415,34,,,0
5301,'5390',801,,73434,34,,,0,200,,73431,34,,,0,213,,73432,34,,,0
