7100,'4623',1610,,75027,37,,,0,104,,75028,37,,,0,103,,75029,37,,,0
7100,'5222',1610,,75030,37,,,0,104,,75031,37,,,0,103,,75032,37,,,0
7200,'4532',633,,75106,56,,,0,100,,75107,56,,,0,71,,75108,56,,,0,30,,75109,56,,,0,69,,75110,56,,,0,30,,75111,56,,,0,70,,75112,56,,,0,30,,75113,56,,,0,70,,75114,56,,,0,29,,75115,56,,,0,70,,75116,56,,,0,30,,75117,56,,,0,70,,75118,56,,,0,30,,75119,56,,,0,69,,75120,56,,,0,30,,75121,56,,,0,70,,75122,56,,,0,30,,75123,56,,,0,70,,75124,56,,,0,30,,75125,56,,,0,70,,75126,56,,,0,30,,75127,56,,,0,70,,75128,56,,,0,30,,75129,56,,,0,70,,75130,56,,,0,30,,75131,56,,,0,71,,75132,56,,,0,30,,75133,56,,,0,70,,75134,56,,,0,30,,75135,56,,,0,100,,75136,56,,,0,100,,75137,56,,,0,118,,75138,56,0,10 11 12,0
7200,'4623',624,,75063,56,,,0,29,,75057,56,,,0,79,,75046,56,,,0,69,,75062,56,,,0,31,,75069,56,,,0,70,,75050,56,,,0,30,,75064,56,,,0,69,,75058,56,,,0,30,,75042,56,,,0,71,,75065,56,,,0,29,,75054,56,,,0,72,,75048,56,,,0,28,,75040,56,,,0,70,,75041,56,,,0,30,,75047,56,,,0,70,,75039,56,,,0,30,,75070,56,,,0,70,,75043,56,,,0,30,,75051,56,,,0,70,,75045,56,,,0,30,,75044,56,,,0,69,,75049,56,,,0,31,,75052,56,,,0,70,,75071,56,,,0,32,,75059,56,,,0,68,,75053,56,,,0,31,,75056,56,,,0,69,,75055,56,,,0,30,,75061,56,,,0,72,,75067,56,,,0,30,,75060,56,,,0,100,,75066,56,,,0,99,,75068,56,,,0,116,,75072,56,0,10 11 12,0
7200,'4832',733,,75173,56,,,0,100,,75174,56,,,0,100,,75177,56,,,0,100,,75175,56,,,0,99,,75176,56,,,0,70,,75178,56,,,0,30,,75179,56,,,0,70,,75180,56,,,0,29,,75181,56,,,0,70,,75182,56,,,0,30,,75183,56,,,0,70,,75184,56,,,0,30,,75185,56,,,0,70,,75186,56,,,0,30,,75187,56,,,0,70,,75188,56,,,0,30,,75189,56,,,0,70,,75190,56,,,0,30,,75191,56,,,0,71,,75192,56,,,0,30,,75193,56,,,0,70,,75194,56,,,0,31,,75195,56,,,0,99,,75196,56,,,0,100,,75197,56,,,0,102,,75198,56,,,0,75,,75199,56,0,10 11 12,0
7200,'4833',633,,75073,56,,,0,100,,75074,56,,,0,71,,75075,56,,,0,30,,75076,56,,,0,69,,75077,56,,,0,30,,75078,56,,,0,70,,75079,56,,,0,30,,75080,56,,,0,70,,75081,56,,,0,29,,75082,56,,,0,70,,75083,56,,,0,30,,75084,56,,,0,70,,75085,56,,,0,30,,75086,56,,,0,69,,75087,56,,,0,30,,75088,56,,,0,70,,75089,56,,,0,30,,75090,56,,,0,70,,75091,56,,,0,30,,75092,56,,,0,70,,75093,56,,,0,30,,75094,56,,,0,70,,75095,56,,,0,30,,75096,56,,,0,70,,75097,56,,,0,30,,75098,56,,,0,71,,75099,56,,,0,30,,75100,56,,,0,70,,75101,56,,,0,30,,75102,56,,,0,100,,75103,56,,,0,100,,75104,56,,,0,118,,75105,56,0,10 11 12,0
7200,'5222',624,,75163,56,,,0,29,,75157,56,,,0,79,,75146,56,,,0,69,,75162,56,,,0,31,,75169,56,,,0,70,,75150,56,,,0,30,,75164,56,,,0,69,,75158,56,,,0,30,,75142,56,,,0,71,,75165,56,,,0,29,,75154,56,,,0,72,,75148,56,,,0,28,,75140,56,,,0,70,,75141,56,,,0,30,,75147,56,,,0,70,,75139,56,,,0,30,,75170,56,,,0,70,,75143,56,,,0,30,,75151,56,,,0,70,,75145,56,,,0,30,,75144,56,,,0,69,,75149,56,,,0,31,,75152,56,,,0,70,,75171,56,,,0,32,,75159,56,,,0,68,,75153,56,,,0,31,,75156,56,,,0,69,,75155,56,,,0,30,,75161,56,,,0,72,,75167,56,,,0,30,,75160,56,,,0,100,,75166,56,,,0,99,,75168,56,,,0,116,,75172,56,0,10 11 12,0
7200,'5390',733,,75200,56,,,0,100,,75201,56,,,0,100,,75204,56,,,0,100,,75202,56,,,0,99,,75203,56,,,0,70,,75205,56,,,0,30,,75206,56,,,0,70,,75207,56,,,0,29,,75208,56,,,0,70,,75209,56,,,0,30,,75210,56,,,0,70,,75211,56,,,0,30,,75212,56,,,0,70,,75213,56,,,0,30,,75214,56,,,0,70,,75215,56,,,0,30,,75216,56,,,0,70,,75217,56,,,0,30,,75218,56,,,0,71,,75219,56,,,0,30,,75220,56,,,0,70,,75221,56,,,0,31,,75222,56,,,0,99,,75223,56,,,0,100,,75224,56,,,0,102,,75225,56,,,0,75,,75226,56,0,10 11 12,0
8100,'4532',833,,75874,32,,,0,100,,75875,32,,,0,100,,75876,32,,,0,99,,75877,32,,,0,100,,75878,32,,,0,100,,75879,32,,,0,101,,75880,32,,,0,100,,75881,32,,,0,100,,75882,32,,,0,100,,75883,32,,,0,100,,75884,32,,,0,101,,75885,32,,,0,100,,75886,32,,,0
8100,'4623',622,,75845,32,,,0,191,,75846,32,,,0,122,,75847,32,,,0,97,,75848,32,,,0,100,,75849,32,,,0,100,,75850,32,,,0,100,,75851,32,,,0,100,,75852,32,,,0,100,,75853,32,,,0,100,,75854,32,,,0,100,,75855,32,,,0,87,,75856,32,,,0,114,,75857,32,,,0,99,,75858,32,,,0
8100,'4832',832,,75904,32,,,0,101,,75903,32,,,0,99,,75905,32,,,0,100,,75906,32,,,0,100,,75907,32,,,0,100,,75908,32,,,0,100,,75909,32,,,0,100,,75910,32,,,0,100,,75911,32,,,0,100,,75912,32,,,0,100,,75913,32,,,0,101,,75914,32,,,0,102,,75915,32,,,0
8100,'4833',833,,75860,32,,,0,100,,75861,32,,,0,100,,75862,32,,,0,99,,75863,32,,,0,100,,75864,32,,,0,100,,75865,32,,,0,101,,75866,32,,,0,100,,75867,32,,,0,100,,75868,32,,,0,100,,75869,32,,,0,100,,75870,32,,,0,101,,75871,32,,,0,100,,75872,32,,,0
8100,'5222',622,,75888,32,,,0,191,,75889,32,,,0,122,,75890,32,,,0,97,,75891,32,,,0,100,,75892,32,,,0,100,,75893,32,,,0,100,,75894,32,,,0,100,,75895,32,,,0,100,,75896,32,,,0,100,,75897,32,,,0,100,,75898,32,,,0,87,,75899,32,,,0,114,,75900,32,,,0,99,,75901,32,,,0
8100,'5390',832,,75918,32,,,0,101,,75917,32,,,0,99,,75919,32,,,0,100,,75920,32,,,0,100,,75921,32,,,0,100,,75922,32,,,0,100,,75923,32,,,0,100,,75924,32,,,0,100,,75925,32,,,0,100,,75926,32,,,0,100,,75927,32,,,0,101,,75928,32,,,0,102,,75929,32,,,0
