5500,'4487',811,,31193,17,,,0,201,,31189,17,,,0,213,,31190,17,,,0,204,,31191,17,,,0,211,,31192,17,,,0,209,,31188,17,,,0,264,,31187,17,,,0
5500,'4737',616,,31194,17,,,0,131,,31196,17,,,0,174,,31195,17,,,0,214,,31197,17,,,0,198,,31198,17,,,0,173,,31199,17,,,0,106,,31200,17,,,0,143,,31201,17,,,0,189,,31202,17,,,0,198,,31203,17,,,0
5500,'4744',616,,31204,17,,,0,131,,31206,17,,,0,174,,31205,17,,,0,214,,31207,17,,,0,198,,31208,17,,,0,173,,31209,17,,,0,106,,31210,17,,,0,143,,31211,17,,,0,189,,31212,17,,,0,198,,31213,17,,,0
5500,'4745',810,,31214,17,,,0,201,,31217,17,,,0,214,,31216,17,,,0,205,,31215,17,,,0,210,,31219,17,,,0,208,,31220,17,,,0,264,,31218,17,,,0
5500,'5066',616,,31221,17,,,0,131,,31223,17,,,0,174,,31222,17,,,0,214,,31224,17,,,0,198,,31225,17,,,0,173,,31226,17,,,0,106,,31227,17,,,0,143,,31228,17,,,0,189,,31229,17,,,0,198,,31230,17,,,0
5500,'5070',811,,31237,17,,,0,201,,31233,17,,,0,213,,31234,17,,,0,204,,31235,17,,,0,211,,31236,17,,,0,209,,31232,17,,,0,264,,31231,17,,,0
5500,'5072',810,,31238,17,,,0,201,,31241,17,,,0,214,,31240,17,,,0,205,,31239,17,,,0,210,,31243,17,,,0,208,,31244,17,,,0,264,,31242,17,,,0
6400,'4737',732,,32675,43,,,0,507,,32677,74,,,0,580,,32679,59,,,0
6400,'4744',732,,32682,43,,,0,507,,32684,74,,,0,580,,32686,59,,,0
6400,'5066',732,,32689,43,,,0,507,,32691,74,,,0,580,,32693,59,,,0
