901,'4623',1726,,66121,44,,,0,79,,66120,44,,,0
901,'5222',1726,,66123,44,,,0,79,,66122,44,,,0
2100,'4532',853,,68577,29,0,18 19,0,387,,68568,29,0,18 19,0,199,,68569,29,0,18 19,0,202,,68583,29,0,18 19,0,199,,68578,29,0,18 19,0
2100,'4623',632,,68523,1,0,18 19,0,6,,68513,29,0,50 51 52,0,69,,68507,29,0,50 51 52,0,19,,68510,29,0,50 51 52,0,20,,68505,29,0,50 51 52,0,61,,68509,29,0,50 51 52,0,20,,68521,29,0,50 51 52,0,19,,68504,29,0,50 51 52,0,61,,68512,29,0,50 51 52,0,29,,68506,29,0,50 51 52,0,70,,68511,29,0,50 51 52,0,30,,68517,29,0,50 51 52,0,68,,68518,29,0,50 51 52,0,28,,68515,29,0,18 19,0,72,,68522,29,0,50 51 52,0,30,,68508,29,0,50 51 52,0,71,,68516,29,0,50 51 52,0,30,,68519,29,0,50 51 52,0,72,,68514,29,0,50 51 52,0,31,,68520,29,0,50 51 52,0,100,,68528,29,0,50 51 52,0,62,,68526,29,0,50 51 52,0,22,,68530,29,0,50 51 52,0,22,,68525,29,0,18 19,0,60,,68531,29,0,50 51 52,0,20,,68529,29,0,50 51 52,0,18,,68527,29,0,50 51 52,0
2100,'4832',913,,68634,29,0,18 19,0,322,,68632,29,0,18 19,0,203,,68638,29,0,18 19,0,200,,68644,29,0,18 19,0,197,,68650,29,0,18 19,0
2100,'4833',853,,68550,29,0,18 19,0,387,,68541,29,0,18 19,0,199,,68542,29,0,18 19,0,202,,68556,29,0,18 19,0,199,,68551,29,0,18 19,0
2100,'5222',632,,68613,1,0,18 19,0,6,,68603,29,0,50 51 52,0,69,,68597,29,0,50 51 52,0,19,,68600,29,0,50 51 52,0,20,,68595,29,0,50 51 52,0,61,,68599,29,0,50 51 52,0,20,,68611,29,0,50 51 52,0,19,,68594,29,0,50 51 52,0,61,,68602,29,0,50 51 52,0,29,,68596,29,0,50 51 52,0,70,,68601,29,0,50 51 52,0,30,,68607,29,0,50 51 52,0,68,,68608,29,0,50 51 52,0,28,,68605,29,0,18 19,0,72,,68612,29,0,50 51 52,0,30,,68598,29,0,50 51 52,0,71,,68606,29,0,50 51 52,0,30,,68609,29,0,50 51 52,0,72,,68604,29,0,50 51 52,0,31,,68610,29,0,50 51 52,0,100,,68618,29,0,50 51 52,0,62,,68616,29,0,50 51 52,0,22,,68620,29,0,50 51 52,0,22,,68615,29,0,18 19,0,60,,68621,29,0,50 51 52,0,20,,68619,29,0,50 51 52,0,18,,68617,29,0,50 51 52,0
2100,'5390',913,,68659,29,0,18 19,0,322,,68657,29,0,18 19,0,203,,68663,29,0,18 19,0,200,,68669,29,0,18 19,0,197,,68675,29,0,18 19,0
3800,'4623',638,,72301,37,,,0,77,,72302,37,,,0,33,,72299,37,,,0,63,,72298,37,,,0,32,,72306,37,,,0,68,,72300,37,,,0,27,,72304,37,,,0,101,,72305,37,,,0,102,,72303,37,,,0,103,,72307,37,,,0,100,,72309,37,,,0,98,,72314,37,,,0,81,,72311,37,,,0,32,,72316,37,,,0,70,,72308,37,,,0,31,,72310,37,,,0,71,,72313,37,,,0,31,,72312,37,,,0,82,,72318,37,,,0,101,,72315,37,,,0,102,,72317,37,,,0
3800,'5222',638,,72322,37,,,0,77,,72323,37,,,0,33,,72320,37,,,0,63,,72319,37,,,0,32,,72327,37,,,0,68,,72321,37,,,0,27,,72325,37,,,0,101,,72326,37,,,0,102,,72324,37,,,0,103,,72328,37,,,0,100,,72330,37,,,0,98,,72335,37,,,0,81,,72332,37,,,0,32,,72337,37,,,0,70,,72329,37,,,0,31,,72331,37,,,0,71,,72334,37,,,0,31,,72333,37,,,0,82,,72339,37,,,0,101,,72336,37,,,0,102,,72338,37,,,0
