1100,'4532',714,,66432,15,,,0,35,,66416,15,,,0,76,,66402,15,,,0,30,,66406,15,,,0,70,,66433,15,,,0,30,,66424,15,,,0,65,,66411,15,,,0,25,,66403,15,,,0,65,,66409,15,,,0,28,,66421,15,,,0,65,,66405,15,,,0,25,,66419,15,,,0,24,,66413,15,,,0,64,,66404,15,,,0,25,,66407,15,,,0,65,,66420,15,,,0,25,,66412,15,,,0,25,,66423,15,,,0,67,,66415,15,,,0,25,,66410,15,,,0,65,,66414,15,,,0,24,,66431,15,,,0,64,,66408,15,,,0,24,,66422,15,,,0,25,,66434,15,,,0,65,,66425,15,,,0,25,,66417,15,,,0,64,,66418,15,,,0,25,,66427,15,,,0,25,,66429,15,,,0,65,,66426,15,,,0,30,,66428,15,,,0,70,,66430,15,,,0,34,,66435,15,,,0,75,,66436,15,,,0,30,,66437,15,,,0,70,,66438,15,,,0,80,,66439,15,,,0
1100,'4623',557,,66347,15,,,0,70,,66330,15,,,0,21,,66359,15,,,0,57,,66336,15,,,0,18,,66356,15,,,0,18,,66339,15,,,0,15,,66319,15,,,0,55,,66345,15,,,0,18,,66322,15,,,0,18,,66340,15,,,0,61,,66360,15,,,0,25,,66335,15,,,0,26,,66357,15,,,0,65,,66320,15,,,0,25,,66348,15,,,0,65,,66338,15,,,0,24,,66362,15,,,0,65,,66337,15,,,0,25,,66353,15,,,0,25,,66321,15,,,0,67,,66349,15,,,0,24,,66334,15,,,0,58,,66315,15,,,0,17,,66361,15,,,0,18,,66332,15,,,0,18,,66314,15,,,0,57,,66355,15,,,0,20,,66323,15,,,0,18,,66325,15,,,0,60,,66346,15,,,0,19,,66331,15,,,0,18,,66318,15,,,0,57,,66363,15,,,0,18,,66333,15,,,0,17,,66324,15,,,0,18,,66358,15,,,0,55,,66317,15,,,0,18,,66316,15,,,0,19,,66341,15,,,0,65,,66328,15,,,0,30,,66329,15,,,0,75,,66351,15,,,0,30,,66326,15,,,0,75,,66327,15,,,0,30,,66342,15,,,0,74,,66350,15,,,0,30,,66344,15,,,0,71,,66343,15,,,0,84,,66352,15,,,0
1100,'4832',729,,66491,15,,,0,80,,66490,15,,,0,40,,66493,15,,,0,70,,66492,15,,,0,31,,66495,15,,,0,75,,66494,15,,,0,75,,66499,15,,,0,31,,66497,15,,,0,70,,66496,15,,,0,30,,66498,15,,,0,70,,66502,15,,,0,30,,66503,15,,,0,70,,66501,15,,,0,30,,66500,15,,,0,70,,66506,15,,,0,30,,66505,15,,,0,70,,66504,15,,,0,30,,66508,15,,,0,69,,66509,15,,,0,30,,66507,15,,,0,29,,66510,15,,,0,70,,66511,15,,,0,30,,66513,15,,,0,85,,66512,15,,,0,85,,66514,15,,,0,84,,66515,15,,,0,40,,66516,15,,,0,85,,66517,15,,,0,85,,66518,15,,,0
1100,'4833',714,,66394,15,,,0,35,,66378,15,,,0,76,,66364,15,,,0,30,,66368,15,,,0,70,,66395,15,,,0,30,,66386,15,,,0,65,,66373,15,,,0,25,,66365,15,,,0,65,,66371,15,,,0,28,,66383,15,,,0,65,,66367,15,,,0,25,,66381,15,,,0,24,,66375,15,,,0,64,,66366,15,,,0,25,,66369,15,,,0,65,,66382,15,,,0,25,,66374,15,,,0,25,,66385,15,,,0,67,,66377,15,,,0,25,,66372,15,,,0,65,,66376,15,,,0,24,,66393,15,,,0,64,,66370,15,,,0,24,,66384,15,,,0,25,,66396,15,,,0,65,,66387,15,,,0,25,,66379,15,,,0,64,,66380,15,,,0,25,,66389,15,,,0,25,,66391,15,,,0,65,,66388,15,,,0,30,,66390,15,,,0,70,,66392,15,,,0,34,,66397,15,,,0,75,,66398,15,,,0,30,,66399,15,,,0,70,,66400,15,,,0,80,,66401,15,,,0
1100,'5222',557,,66473,15,,,0,70,,66456,15,,,0,21,,66485,15,,,0,57,,66462,15,,,0,18,,66482,15,,,0,18,,66465,15,,,0,15,,66445,15,,,0,55,,66471,15,,,0,18,,66448,15,,,0,18,,66466,15,,,0,61,,66486,15,,,0,25,,66461,15,,,0,26,,66483,15,,,0,65,,66446,15,,,0,25,,66474,15,,,0,65,,66464,15,,,0,24,,66488,15,,,0,65,,66463,15,,,0,25,,66479,15,,,0,25,,66447,15,,,0,67,,66475,15,,,0,24,,66460,15,,,0,58,,66441,15,,,0,17,,66487,15,,,0,18,,66458,15,,,0,18,,66440,15,,,0,57,,66481,15,,,0,20,,66449,15,,,0,18,,66451,15,,,0,60,,66472,15,,,0,19,,66457,15,,,0,18,,66444,15,,,0,57,,66489,15,,,0,18,,66459,15,,,0,17,,66450,15,,,0,18,,66484,15,,,0,55,,66443,15,,,0,18,,66442,15,,,0,19,,66467,15,,,0,65,,66454,15,,,0,30,,66455,15,,,0,75,,66477,15,,,0,30,,66452,15,,,0,75,,66453,15,,,0,30,,66468,15,,,0,74,,66476,15,,,0,30,,66470,15,,,0,71,,66469,15,,,0,84,,66478,15,,,0
1100,'5390',729,,66520,15,,,0,80,,66519,15,,,0,40,,66522,15,,,0,70,,66521,15,,,0,31,,66524,15,,,0,75,,66523,15,,,0,75,,66528,15,,,0,31,,66526,15,,,0,70,,66525,15,,,0,30,,66527,15,,,0,70,,66531,15,,,0,30,,66532,15,,,0,70,,66530,15,,,0,30,,66529,15,,,0,70,,66535,15,,,0,30,,66534,15,,,0,70,,66533,15,,,0,30,,66537,15,,,0,69,,66538,15,,,0,30,,66536,15,,,0,29,,66539,15,,,0,70,,66540,15,,,0,30,,66542,15,,,0,85,,66541,15,,,0,85,,66543,15,,,0,84,,66544,15,,,0,40,,66545,15,,,0,85,,66546,15,,,0,85,,66547,15,,,0
2501,'4532',758,,69525,63,,,0,101,,69522,63,,,0,147,,69524,63,,,0,103,,69523,63,,,0,99,,69531,63,,,0,95,,69528,63,,,0,100,,69527,63,,,0,99,,69526,63,,,0,100,,69529,63,,,0,101,,69530,63,,,0,117,,69532,63,,,0,127,,69533,63,,,0,165,,69534,63,,,0,129,,69535,63,,,0,169,,69536,63,,,0
2501,'4623',656,,69488,63,,,0,80,,69489,63,,,0,120,,69493,63,,,0,151,,69491,63,,,0,103,,69490,63,,,0,100,,69492,63,,,0,99,,69495,63,,,0,100,,69496,63,,,0,115,,69494,63,,,0,93,,69497,63,,,0,96,,69502,63,,,0,37,,69498,63,,,0,83,,69499,63,,,0,82,,69500,63,,,0,92,,69501,63,,,0,103,,69503,63,,,0,131,,69504,63,,,0,167,,69505,63,,,0
2501,'4832',915,,69557,63,,,0,132,,69556,63,,,0,170,,69558,63,,,0,131,,69559,63,,,0,172,,69560,63,,,0,131,,69561,63,,,0,166,,69562,63,,,0,129,,69563,63,,,0,169,,69564,63,,,0,124,,69565,63,,,0,169,,69566,63,,,0
2501,'4833',758,,69510,63,,,0,101,,69507,63,,,0,147,,69509,63,,,0,103,,69508,63,,,0,99,,69516,63,,,0,95,,69513,63,,,0,100,,69512,63,,,0,99,,69511,63,,,0,100,,69514,63,,,0,101,,69515,63,,,0,117,,69517,63,,,0,127,,69518,63,,,0,165,,69519,63,,,0,129,,69520,63,,,0,169,,69521,63,,,0
2501,'5222',656,,69537,63,,,0,80,,69538,63,,,0,120,,69542,63,,,0,151,,69540,63,,,0,103,,69539,63,,,0,100,,69541,63,,,0,99,,69544,63,,,0,100,,69545,63,,,0,115,,69543,63,,,0,93,,69546,63,,,0,96,,69551,63,,,0,37,,69547,63,,,0,83,,69548,63,,,0,82,,69549,63,,,0,92,,69550,63,,,0,103,,69552,63,,,0,131,,69553,63,,,0,167,,69554,63,,,0
2501,'5390',915,,69568,63,,,0,132,,69567,63,,,0,170,,69569,63,,,0,131,,69570,63,,,0,172,,69571,63,,,0,131,,69572,63,,,0,166,,69573,63,,,0,129,,69574,63,,,0,169,,69575,63,,,0,124,,69576,63,,,0,169,,69577,63,,,0
