4001,'4487',642,,26172,,,0,167,,26175,,,0,101,,26163,,,0,100,,26165,,,0,101,,26171,,,0,101,,26173,,,0,100,,26164,,,0,100,,26166,,,0,100,,26169,,,0,100,,26174,,,0,100,,26167,,,0,98,,26168,,,0,99,,26170,,,0,99,,26176,,,0,130,,26177,,,0
4001,'4743',642,,13414,,,0,167,,13417,,,0,101,,13405,,,0,100,,13407,,,0,101,,13413,,,0,101,,13415,,,0,100,,13406,,,0,100,,13408,,,0,100,,13411,,,0,100,,13416,,,0,100,,13409,,,0,98,,13410,,,0,99,,13412,,,0,99,,13418,,,0,130,,13419,,,0
4001,'4744',608,,26192,,,0,95,,26186,,,0,27,,26194,,,0,96,,26180,,,0,97,,26190,,,0,100,,26181,,,0,100,,26189,,,0,102,,26182,,,0,101,,26191,,,0,101,,26183,,,0,109,,26193,,,0,75,,26178,,,0,34,,26185,,,0,73,,26179,,,0,33,,26196,,,0,84,,26184,,,0,97,,26195,,,0,97,,26187,,,0,124,,26188,,,0
4001,'4745',737,,26198,,,0,172,,26197,,,0,101,,26199,,,0,100,,26200,,,0,102,,26202,,,0,100,,26201,,,0,100,,26206,,,0,100,,26204,,,0,100,,26205,,,0,99,,26203,,,0,98,,26208,,,0,99,,26207,,,0,100,,26209,,,0
4001,'4935',608,,7028,,,0,95,,7022,,,0,27,,7030,,,0,96,,7016,,,0,97,,7026,,,0,100,,7017,,,0,100,,7025,,,0,102,,7018,,,0,101,,7027,,,0,101,,7019,,,0,109,,7029,,,0,75,,7014,,,0,34,,7021,,,0,73,,7015,,,0,33,,7032,,,0,84,,7020,,,0,97,,7031,,,0,97,,7023,,,0,124,,7024,,,0
4001,'4941',608,,7047,,,0,95,,7041,,,0,27,,7049,,,0,96,,7035,,,0,97,,7045,,,0,100,,7036,,,0,100,,7044,,,0,102,,7037,,,0,101,,7046,,,0,101,,7038,,,0,109,,7048,,,0,75,,7033,,,0,34,,7040,,,0,73,,7034,,,0,33,,7051,,,0,84,,7039,,,0,97,,7050,,,0,97,,7042,,,0,124,,7043,,,0
4001,'4943',642,,7061,,,0,167,,7064,,,0,101,,7052,,,0,100,,7054,,,0,101,,7060,,,0,101,,7062,,,0,100,,7053,,,0,100,,7055,,,0,100,,7058,,,0,100,,7063,,,0,100,,7056,,,0,98,,7057,,,0,99,,7059,,,0,99,,7065,,,0,130,,7066,,,0
4001,'4945',737,,7068,,,0,172,,7067,,,0,101,,7069,,,0,100,,7070,,,0,102,,7072,,,0,100,,7071,,,0,100,,7076,,,0,100,,7074,,,0,100,,7075,,,0,99,,7073,,,0,98,,7078,,,0,99,,7077,,,0,100,,7079,,,0
4001,'4947',608,,26224,,,0,95,,26218,,,0,27,,26226,,,0,96,,26212,,,0,97,,26222,,,0,100,,26213,,,0,100,,26221,,,0,102,,26214,,,0,101,,26223,,,0,101,,26215,,,0,109,,26225,,,0,75,,26210,,,0,34,,26217,,,0,73,,26211,,,0,33,,26228,,,0,84,,26216,,,0,97,,26227,,,0,97,,26219,,,0,124,,26220,,,0
4001,'4952',608,,26243,,,0,95,,26237,,,0,27,,26245,,,0,96,,26231,,,0,97,,26241,,,0,100,,26232,,,0,100,,26240,,,0,102,,26233,,,0,101,,26242,,,0,101,,26234,,,0,109,,26244,,,0,75,,26229,,,0,34,,26236,,,0,73,,26230,,,0,33,,26247,,,0,84,,26235,,,0,97,,26246,,,0,97,,26238,,,0,124,,26239,,,0
4001,'4953',642,,26257,,,0,167,,26260,,,0,101,,26248,,,0,100,,26250,,,0,101,,26256,,,0,101,,26258,,,0,100,,26249,,,0,100,,26251,,,0,100,,26254,,,0,100,,26259,,,0,100,,26252,,,0,98,,26253,,,0,99,,26255,,,0,99,,26261,,,0,130,,26262,,,0
4001,'4954',737,,26264,,,0,172,,26263,,,0,101,,26265,,,0,100,,26266,,,0,102,,26268,,,0,100,,26267,,,0,100,,26272,,,0,100,,26270,,,0,100,,26271,,,0,99,,26269,,,0,98,,26274,,,0,99,,26273,,,0,100,,26275,,,0
