600,'4332',553,,53914,10,,,0,70,,53915,10,,,0,84,,53916,10,,,0,20,,53917,10,,,0,76,,53918,10,,,0,20,,53919,10,,,0,18,,53920,10,,,0,70,,53921,10,,,0,15,,53913,10,,,0,15,,53922,10,,,0,66,,53923,10,,,0,13,,53924,10,,,0,13,,53925,10,,,0,12,,53926,10,,,0,64,,53927,10,,,0,12,,53928,10,,,0,12,,53929,10,,,0,25,,53930,10,,,0,52,,53931,10,,,0,12,,53932,10,,,0,24,,53933,10,,,0,12,,53934,10,,,0,52,,53935,10,,,0,24,,53936,10,,,0,12,,53937,10,,,0,12,,53938,10,,,0,60,,53939,10,,,0,10,,53940,10,,,0,10,,53941,10,,,0,21,,53942,10,,,0,51,,53951,10,,,0,10,,53943,10,,,0,21,,53944,10,,,0,11,,53952,10,,,0,50,,53945,10,,,0,20,,53946,10,,,0,11,,53953,10,,,0,10,,53947,10,,,0,60,,53948,10,,,0,11,,53949,10,,,0,12,,53954,10,,,0,12,,53950,10,,,0,64,,53955,10,,,0,12,,53956,10,,,0,12,,53957,10,,,0,12,,53958,10,,,0,65,,53960,10,,,0,15,,53961,10,,,0,14,,53962,10,,,0,70,,53963,10,,,0,15,,53964,10,,,0,17,,53959,10,,,0,76,,53965,10,,,0,18,,53966,10,,,0,74,,53967,10,,,0,21,,53968,10,,,0,20,,53969,10,,,0,90,,53970,10,,,0,94,,53971,10,,,0,30,,53972,10,,,0,69,,53973,10,,,0,30,,53974,10,,,0,70,,53975,10,,,0,29,,53976,10,,,0
600,'4661',548,,54062,10,,,0,70,,54068,10,,,0,31,,54061,10,,,0,65,,54072,10,,,0,24,,54066,10,,,0,64,,54035,10,,,0,19,,54032,10,,,0,20,,54044,10,,,0,59,,54069,10,,,0,20,,54058,10,,,0,25,,54074,10,,,0,64,,54046,10,,,0,22,,54038,10,,,0,25,,54064,10,,,0,63,,54053,10,,,0,24,,54070,10,,,0,64,,54060,10,,,0,24,,54073,10,,,0,24,,54045,10,,,0,65,,54036,10,,,0,26,,54063,10,,,0,63,,54054,10,,,0,21,,54047,10,,,0,20,,54037,10,,,0,60,,54059,10,,,0,17,,54029,10,,,0,14,,54057,10,,,0,17,,54027,10,,,0,54,,54028,10,,,0,16,,54042,10,,,0,15,,54076,10,,,0,14,,54065,10,,,0,54,,54030,10,,,0,16,,54031,10,,,0,14,,54050,10,,,0,15,,54041,10,,,0,57,,54075,10,,,0,17,,54034,10,,,0,23,,54071,10,,,0,64,,54039,10,,,0,29,,54033,10,,,0,73,,54048,10,,,0,18,,54040,10,,,0,75,,54055,10,,,0,18,,54049,10,,,0,78,,54043,10,,,0,19,,54056,10,,,0,100,,54051,10,,,0,99,,54052,10,,,0
600,'4663',548,,53898,10,,,0,70,,53904,10,,,0,31,,53897,10,,,0,65,,53908,10,,,0,24,,53902,10,,,0,64,,53866,10,,,0,19,,53863,10,,,0,20,,53875,10,,,0,59,,53905,10,,,0,20,,53892,10,,,0,25,,53910,10,,,0,64,,53877,10,,,0,22,,53869,10,,,0,25,,53900,10,,,0,63,,53884,10,,,0,24,,53906,10,,,0,64,,53894,10,,,0,24,,53909,10,,,0,24,,53876,10,,,0,65,,53867,10,,,0,26,,53899,10,,,0,63,,53885,10,,,0,21,,53878,10,,,0,20,,53868,10,,,0,60,,53893,10,,,0,17,,53860,10,,,0,14,,53888,10,,,0,17,,53858,10,,,0,54,,53859,10,,,0,16,,53873,10,,,0,15,,53912,10,,,0,14,,53901,10,,,0,54,,53861,10,,,0,16,,53862,10,,,0,14,,53881,10,,,0,15,,53872,10,,,0,57,,53911,10,,,0,17,,53865,10,,,0,23,,53907,10,,,0,64,,53870,10,,,0,29,,53864,10,,,0,73,,53879,10,,,0,18,,53871,10,,,0,75,,53886,10,,,0,18,,53880,10,,,0,78,,53874,10,,,0,19,,53887,10,,,0,100,,53882,10,,,0,99,,53883,10,,,0,30,,53889,10,,,0,70,,53891,10,,,0,30,,53890,10,,,0,70,,53895,10,,,0,30,,53896,10,,,0
600,'5078',638,,54003,10,,,0,70,,54016,10,,,0,95,,53986,10,,,0,25,,54014,10,,,0,80,,53988,10,,,0,21,,53978,10,,,0,78,,53998,10,,,0,15,,54025,10,,,0,16,,53987,10,,,0,72,,54018,10,,,0,15,,54002,10,,,0,15,,53977,10,,,0,70,,53979,10,,,0,12,,53981,10,,,0,12,,54021,10,,,0,12,,54005,10,,,0,64,,53980,10,,,0,12,,53991,10,,,0,12,,53982,10,,,0,12,,53985,10,,,0,64,,54004,10,,,0,12,,53983,10,,,0,12,,53984,10,,,0,12,,53992,10,,,0,64,,53995,10,,,0,12,,54022,10,,,0,12,,54006,10,,,0,12,,53996,10,,,0,64,,53994,10,,,0,12,,53993,10,,,0,12,,53990,10,,,0,12,,54020,10,,,0,64,,53989,10,,,0,12,,54000,10,,,0,12,,53999,10,,,0,12,,54026,10,,,0,65,,54011,10,,,0,15,,53997,10,,,0,15,,54001,10,,,0,72,,54007,10,,,0,17,,54013,10,,,0,18,,54008,10,,,0,74,,54009,10,,,0,17,,54012,10,,,0,74,,54017,10,,,0,17,,54019,10,,,0,18,,54010,10,,,0,88,,54015,10,,,0,96,,54024,10,,,0,80,,54023,10,,,0
1000600,'4332',646,,62754,10,,,0,99,,62755,10,,,0,111,,62756,10,,,0,98,,62757,10,,,0,103,,62758,10,,,0,89,,62759,10,,,0,88,,62760,10,,,0,88,,62761,10,,,0,86,,62762,10,,,0,40,,62763,10,,,0,83,,62764,10,,,0,81,,62765,10,,,0,41,,62767,10,,,0,97,,62766,10,,,0,100,,62768,10,,,0,97,,62769,10,,,0,105,,62770,10,,,0,92,,62771,10,,,0,164,,62772,10,,,0,95,,62773,10,,,0
1000600,'4661',603,,62813,10,,,0,98,,62798,10,,,0,49,,62804,10,,,0,81,,62799,10,,,0,78,,62793,10,,,0,48,,62800,10,,,0,86,,62805,10,,,0,88,,62796,10,,,0,88,,62807,10,,,0,89,,62811,10,,,0,50,,62814,10,,,0,82,,62810,10,,,0,80,,62808,10,,,0,29,,62790,10,,,0,71,,62812,10,,,0,30,,62806,10,,,0,69,,62801,10,,,0,29,,62791,10,,,0,72,,62809,10,,,0,85,,62797,10,,,0,96,,62802,10,,,0,53,,62792,10,,,0,94,,62794,10,,,0,109,,62795,10,,,0,99,,62803,10,,,0
1000600,'4663',603,,62752,10,,,0,98,,62737,10,,,0,49,,62743,10,,,0,81,,62738,10,,,0,78,,62732,10,,,0,48,,62739,10,,,0,86,,62744,10,,,0,88,,62735,10,,,0,88,,62746,10,,,0,89,,62750,10,,,0,50,,62753,10,,,0,82,,62749,10,,,0,80,,62747,10,,,0,29,,62729,10,,,0,71,,62751,10,,,0,30,,62745,10,,,0,69,,62740,10,,,0,29,,62730,10,,,0,72,,62748,10,,,0,85,,62736,10,,,0,96,,62741,10,,,0,53,,62731,10,,,0,94,,62733,10,,,0,109,,62734,10,,,0,99,,62742,10,,,0
1000600,'5078',738,,62782,10,,,0,110,,62783,10,,,0,101,,62788,10,,,0,105,,62774,10,,,0,101,,62777,10,,,0,103,,62775,10,,,0,100,,62789,10,,,0,100,,62776,10,,,0,100,,62778,10,,,0,100,,62779,10,,,0,100,,62781,10,,,0,98,,62780,10,,,0,150,,62784,10,,,0,50,,62785,10,,,0,152,,62787,10,,,0,94,,62786,10,,,0
2000600,'4661',634,,63028,10,,,0,90,,63024,10,,,0,87,,63031,10,,,0,39,,63023,10,,,0,83,,63032,10,,,0,87,,63033,10,,,0,88,,63036,10,,,0,47,,63022,10,,,0,88,,63026,10,,,0,90,,63029,10,,,0,87,,63018,10,,,0,80,,63019,10,,,0,34,,63035,10,,,0,72,,63025,10,,,0,30,,63021,10,,,0,68,,63020,10,,,0,30,,63034,10,,,0,71,,63030,10,,,0,37,,63027,10,,,0,89,,63037,10,,,0
2000600,'4663',634,,63007,10,,,0,90,,63003,10,,,0,87,,63010,10,,,0,39,,63002,10,,,0,83,,63011,10,,,0,87,,63012,10,,,0,88,,63015,10,,,0,47,,63001,10,,,0,88,,63005,10,,,0,90,,63008,10,,,0,87,,62997,10,,,0,80,,62998,10,,,0,34,,63014,10,,,0,72,,63004,10,,,0,30,,63000,10,,,0,68,,62999,10,,,0,30,,63013,10,,,0,71,,63009,10,,,0,37,,63006,10,,,0,89,,63016,10,,,0
