2200,'4487',713,,21458,,,0,40,,21443,,,0,80,,21447,,,0,80,,21460,,,0,32,,21444,,,0,71,,21438,,,0,32,,21445,,,0,72,,21459,,,0,32,,21442,,,0,71,,21441,,,0,31,,21446,,,0,70,,21439,,,0,31,,21464,,,0,70,,21440,,,0,30,,21453,,,0,70,,21448,,,0,30,,21452,,,0,69,,21463,,,0,28,,21454,,,0,71,,21449,,,0,30,,21456,,,0,72,,21455,,,0,30,,21451,,,0,67,,21450,,,0,29,,21465,,,0,69,,21466,,,0,27,,21462,,,0,68,,21457,,,0
2200,'4743',713,,11945,,,0,40,,11930,,,0,80,,11934,,,0,80,,11947,,,0,32,,11931,,,0,71,,11925,,,0,32,,11932,,,0,72,,11946,,,0,32,,11929,,,0,71,,11928,,,0,31,,11933,,,0,70,,11926,,,0,31,,11951,,,0,70,,11927,,,0,30,,11940,,,0,70,,11935,,,0,30,,11939,,,0,69,,11950,,,0,28,,11941,,,0,71,,11936,,,0,30,,11943,,,0,72,,11942,,,0,30,,11938,,,0,67,,11937,,,0,29,,11952,,,0,69,,11953,,,0,27,,11949,,,0,68,,11944,,,0
2200,'4744',625,,21492,,,0,32,,21476,,,0,70,,21487,,,0,73,,21479,,,0,34,,21491,,,0,22,,21471,,,0,68,,21475,,,0,102,,21477,,,0,25,,21493,,,0,70,,21470,,,0,103,,21486,0,21 22,0,30,,21478,0,21 22,0,70,,21494,0,21 22,0,30,,21472,0,21 22,0,103,,21489,0,21 22,0,63,,21468,,,0,8,,21483,0,21 22,0,77,,21496,0,21 22,0,102,,21484,0,21 22,0,94,,21480,0,21 22,0,27,,21495,,,0,24,,21473,,,0,97,,21488,,,0,70,,21485,,,0,29,,21474,,,0,68,,21482,,,0
2200,'4745',801,,21500,,,0,102,,21501,,,0,41,,21502,,,0,71,,21497,,,0,32,,21498,,,0,70,,21499,,,0,31,,21504,,,0,69,,21505,,,0,33,,21503,,,0,70,,21506,,,0,30,,21507,,,0,70,,21515,,,0,31,,21514,,,0,70,,21508,,,0,29,,21509,,,0,70,,21510,,,0,30,,21511,,,0,72,,21512,,,0,30,,21513,,,0,69,,21516,,,0,29,,21517,,,0,67,,21518,,,0,30,,21519,,,0,154,,21520,,,0
2200,'4935',625,,4249,,,0,32,,4233,,,0,70,,4244,,,0,73,,4236,,,0,34,,4248,,,0,22,,4228,,,0,68,,4232,,,0,102,,4234,,,0,25,,4250,,,0,70,,4227,,,0,103,,4243,0,21 22,0,30,,4235,0,21 22,0,70,,4251,0,21 22,0,30,,4229,0,21 22,0,103,,4246,0,21 22,0,71,,4240,0,21 22,0,77,,4253,0,21 22,0,102,,4241,0,21 22,0,94,,4237,0,21 22,0,27,,4252,,,0,24,,4230,,,0,97,,4245,,,0,70,,4242,,,0,29,,4231,,,0,68,,4239,,,0
2200,'4937',1520,,4254,,,0
2200,'4941',625,,4280,,,0,32,,4264,,,0,70,,4275,,,0,73,,4267,,,0,34,,4279,,,0,22,,4259,,,0,68,,4263,,,0,102,,4265,,,0,25,,4281,,,0,70,,4258,,,0,103,,4274,0,21 22,0,30,,4266,0,21 22,0,70,,4282,0,21 22,0,30,,4260,0,21 22,0,64,,4256,,,0,39,,4277,0,21 22,0,71,,4271,0,21 22,0,77,,4284,0,21 22,0,102,,4272,0,21 22,0,94,,4268,0,21 22,0,27,,4283,,,0,24,,4261,,,0,97,,4276,,,0,70,,4273,,,0,29,,4262,,,0,68,,4270,,,0
2200,'4943',713,,4305,,,0,40,,4290,,,0,80,,4294,,,0,80,,4307,,,0,32,,4291,,,0,71,,4285,,,0,32,,4292,,,0,72,,4306,,,0,32,,4289,,,0,71,,4288,,,0,31,,4293,,,0,70,,4286,,,0,31,,4311,,,0,70,,4287,,,0,30,,4300,,,0,70,,4295,,,0,30,,4299,,,0,69,,4310,,,0,28,,4301,,,0,71,,4296,,,0,30,,4303,,,0,72,,4302,,,0,30,,4298,,,0,67,,4297,,,0,29,,4312,,,0,69,,4313,,,0,27,,4309,,,0,68,,4304,,,0
2200,'4945',801,,4318,,,0,102,,4319,,,0,41,,4320,,,0,71,,4315,,,0,32,,4316,,,0,70,,4317,,,0,31,,4322,,,0,69,,4323,,,0,33,,4321,,,0,70,,4324,,,0,30,,4325,,,0,70,,4333,,,0,31,,4332,,,0,70,,4326,,,0,29,,4327,,,0,70,,4328,,,0,30,,4329,,,0,72,,4330,,,0,30,,4331,,,0,69,,4334,,,0,29,,4335,,,0,67,,4336,,,0,30,,4337,,,0,154,,4338,,,0
2200,'4947',625,,21544,,,0,32,,21528,,,0,70,,21539,,,0,73,,21531,,,0,34,,21543,,,0,22,,21523,,,0,68,,21527,,,0,102,,21529,,,0,25,,21545,,,0,70,,21522,,,0,103,,21538,0,21 22,0,30,,21530,0,21 22,0,70,,21546,0,21 22,0,30,,21524,0,21 22,0,103,,21541,0,21 22,0,71,,21535,0,21 22,0,77,,21548,0,21 22,0,102,,21536,0,21 22,0,94,,21532,0,21 22,0,27,,21547,,,0,24,,21525,,,0,97,,21540,,,0,70,,21537,,,0,29,,21526,,,0,68,,21534,,,0
2200,'4949',1418,,21549,,,0
2200,'4950',1520,,21550,,,0
2200,'4952',625,,21575,,,0,32,,21559,,,0,70,,21570,,,0,73,,21562,,,0,34,,21574,,,0,22,,21554,,,0,68,,21558,,,0,102,,21560,,,0,25,,21576,,,0,70,,21553,,,0,103,,21569,0,21 22,0,30,,21561,0,21 22,0,70,,21577,0,21 22,0,30,,21555,0,21 22,0,64,,21551,,,0,39,,21572,0,21 22,0,71,,21566,0,21 22,0,77,,21579,0,21 22,0,102,,21567,0,21 22,0,94,,21563,0,21 22,0,27,,21578,,,0,24,,21556,,,0,97,,21571,,,0,70,,21568,,,0,29,,21557,,,0,68,,21565,,,0
2200,'4953',713,,21600,,,0,40,,21585,,,0,80,,21589,,,0,80,,21602,,,0,32,,21586,,,0,71,,21580,,,0,32,,21587,,,0,72,,21601,,,0,32,,21584,,,0,71,,21583,,,0,31,,21588,,,0,70,,21581,,,0,31,,21606,,,0,70,,21582,,,0,30,,21595,,,0,70,,21590,,,0,30,,21594,,,0,69,,21605,,,0,28,,21596,,,0,71,,21591,,,0,30,,21598,,,0,72,,21597,,,0,30,,21593,,,0,67,,21592,,,0,29,,21607,,,0,69,,21608,,,0,27,,21604,,,0,68,,21599,,,0
2200,'4954',801,,21613,,,0,102,,21614,,,0,41,,21615,,,0,71,,21610,,,0,32,,21611,,,0,70,,21612,,,0,31,,21617,,,0,69,,21618,,,0,33,,21616,,,0,70,,21619,,,0,30,,21620,,,0,70,,21628,,,0,31,,21627,,,0,70,,21621,,,0,29,,21622,,,0,70,,21623,,,0,30,,21624,,,0,72,,21625,,,0,30,,21626,,,0,69,,21629,,,0,29,,21630,,,0,67,,21631,,,0,30,,21632,,,0,154,,21633,,,0
