3100,'4487',720,,24880,,,0,88,,24881,,,0,41,,24882,,,0,75,,24883,,,0,31,,24884,,,0,72,,24885,,,0,74,,24886,,,0,30,,24887,,,0,70,,24888,,,0,30,,24889,,,0,70,,24890,,,0,31,,24891,,,0,71,,24892,,,0,30,,24893,,,0,70,,24894,,,0,31,,24895,,,0,69,,24896,,,0,30,,24897,,,0,68,,24898,,,0,30,,24899,,,0,69,,24900,,,0,30,,24901,,,0,74,,24902,,,0,40,,24903,,,0,79,,24904,,,0,79,,24905,,,0,55,,24906,,,0,100,,24907,,,0,153,,24908,,,0,93,,24909,,,0
3100,'4743',720,,13233,,,0,88,,13234,,,0,41,,13235,,,0,75,,13236,,,0,31,,13237,,,0,72,,13238,,,0,74,,13239,,,0,30,,13240,,,0,70,,13241,,,0,30,,13242,,,0,70,,13243,,,0,31,,13244,,,0,71,,13245,,,0,30,,13246,,,0,70,,13247,,,0,31,,13248,,,0,69,,13249,,,0,30,,13250,,,0,68,,13251,,,0,30,,13252,,,0,69,,13253,,,0,30,,13254,,,0,74,,13255,,,0,40,,13256,,,0,79,,13257,,,0,79,,13258,,,0,55,,13259,,,0,100,,13260,,,0,153,,13261,,,0,93,,13262,,,0
3100,'4744',633,,24910,,,0,78,,24911,,,0,33,,24912,,,0,72,,24913,,,0,31,,24914,,,0,70,,24915,,,0,29,,24916,,,0,71,,24917,,,0,30,,24918,,,0,70,,24919,,,0,32,,24920,,,0,70,,24921,,,0,30,,24922,,,0,71,,24923,,,0,30,,24924,,,0,68,,24925,,,0,30,,24926,,,0,72,,24927,,,0,33,,24928,,,0,74,,24929,,,0,76,,24930,,,0,28,,24931,,,0,71,,24932,,,0,29,,24933,,,0,25,,24934,,,0,67,,24935,,,0,28,,24936,,,0,77,,24937,,,0,78,,24938,,,0,53,,24939,,,0,97,,24940,,,0,151,,24941,,,0,96,,24942,,,0
3100,'4745',720,,24943,,,0,112,,24944,,,0,94,,24945,,,0,80,,24946,,,0,41,,24947,,,0,81,,24948,,,0,30,,24949,,,0,71,,24950,,,0,30,,24951,,,0,71,,24952,,,0,70,,24953,,,0,31,,24954,,,0,70,,24955,,,0,30,,24956,,,0,71,,24957,,,0,29,,24958,,,0,69,,24959,,,0,29,,24960,,,0,30,,24961,,,0,69,,24962,,,0,75,,24963,,,0,40,,24964,,,0,78,,24965,,,0,80,,24966,,,0,55,,24967,,,0,100,,24968,,,0,151,,24969,,,0
3100,'4935',633,,6240,,,0,78,,6241,,,0,33,,6242,,,0,72,,6243,,,0,31,,6244,,,0,70,,6245,,,0,29,,6246,,,0,71,,13263,,,0,30,,6248,,,0,70,,6249,,,0,32,,13264,,,0,70,,6251,,,0,30,,6252,,,0,71,,13265,,,0,30,,6254,,,0,68,,6255,,,0,30,,13266,,,0,72,,6257,,,0,33,,6258,,,0,74,,13267,,,0,76,,6260,,,0,28,,6261,,,0,71,,13268,,,0,29,,6263,,,0,25,,6264,,,0,67,,13269,,,0,28,,6266,,,0,77,,6267,,,0,78,,6268,,,0,53,,6269,,,0,97,,6270,,,0,247,,6271,,,0
3100,'4937',2407,,6272,,,0
3100,'4941',633,,6274,,,0,78,,6275,,,0,33,,6276,,,0,72,,6277,,,0,31,,6278,,,0,70,,6279,,,0,29,,6280,,,0,71,,13270,,,0,30,,6282,,,0,70,,6283,,,0,32,,13271,,,0,70,,6285,,,0,30,,6286,,,0,71,,13272,,,0,30,,6288,,,0,68,,6289,,,0,30,,13273,,,0,72,,6291,,,0,33,,6292,,,0,74,,13274,,,0,76,,6294,,,0,28,,6295,,,0,71,,13275,,,0,29,,6297,,,0,25,,6298,,,0,67,,13276,,,0,28,,6300,,,0,77,,6301,,,0,78,,6302,,,0,53,,6303,,,0,97,,6304,,,0,151,,6305,,,0,96,,6306,,,0
3100,'4943',720,,6307,,,0,88,,6308,,,0,41,,6309,,,0,75,,6310,,,0,31,,6311,,,0,72,,6312,,,0,74,,6313,,,0,30,,6314,,,0,70,,6315,,,0,30,,13277,,,0,70,,6317,,,0,31,,6318,,,0,71,,6319,,,0,30,,6320,,,0,70,,6321,,,0,31,,6322,,,0,69,,13278,,,0,30,,6324,,,0,68,,6325,,,0,30,,6326,,,0,69,,6327,,,0,30,,6328,,,0,74,,13279,,,0,40,,6330,,,0,79,,13280,,,0,79,,6332,,,0,55,,6333,,,0,100,,13281,,,0,153,,6335,,,0,93,,6336,,,0
3100,'4945',720,,6337,,,0,112,,6338,,,0,94,,6339,,,0,80,,6340,,,0,41,,6341,,,0,81,,6342,,,0,30,,6343,,,0,71,,13282,,,0,30,,6345,,,0,71,,6346,,,0,70,,6347,,,0,31,,6348,,,0,70,,13283,,,0,30,,13284,,,0,71,,6351,,,0,29,,6352,,,0,69,,6353,,,0,29,,13285,,,0,30,,6355,,,0,69,,13286,,,0,75,,13287,,,0,40,,6358,,,0,78,,13288,,,0,80,,6360,,,0,55,,6361,,,0,100,,6362,,,0,151,,6363,,,0
3100,'4947',633,,24970,,,0,78,,24971,,,0,33,,24972,,,0,72,,24973,,,0,31,,24974,,,0,70,,24975,,,0,29,,24976,,,0,71,,24977,,,0,30,,24978,,,0,70,,24979,,,0,32,,24980,,,0,70,,24981,,,0,30,,24982,,,0,71,,24983,,,0,30,,24984,,,0,68,,24985,,,0,30,,24986,,,0,72,,24987,,,0,33,,24988,,,0,74,,24989,,,0,76,,24990,,,0,28,,24991,,,0,71,,24992,,,0,29,,24993,,,0,25,,24994,,,0,67,,24995,,,0,28,,24996,,,0,77,,24997,,,0,78,,24998,,,0,53,,24999,,,0,97,,25000,,,0,247,,25001,,,0
3100,'4949',2407,,25002,,,0
3100,'4950',2407,,25003,,,0
3100,'4952',633,,25004,,,0,78,,25005,,,0,33,,25006,,,0,72,,25007,,,0,31,,25008,,,0,70,,25009,,,0,29,,25010,,,0,71,,25011,,,0,30,,25012,,,0,70,,25013,,,0,32,,25014,,,0,70,,25015,,,0,30,,25016,,,0,71,,25017,,,0,30,,25018,,,0,68,,25019,,,0,30,,25020,,,0,72,,25021,,,0,33,,25022,,,0,74,,25023,,,0,76,,25024,,,0,28,,25025,,,0,71,,25026,,,0,29,,25027,,,0,25,,25028,,,0,67,,25029,,,0,28,,25030,,,0,77,,25031,,,0,78,,25032,,,0,53,,25033,,,0,97,,25034,,,0,151,,25035,,,0,96,,25036,,,0
3100,'4953',720,,25037,,,0,88,,25038,,,0,41,,25039,,,0,75,,25040,,,0,31,,25041,,,0,72,,25042,,,0,74,,25043,,,0,30,,25044,,,0,70,,25045,,,0,30,,25046,,,0,70,,25047,,,0,31,,25048,,,0,71,,25049,,,0,30,,25050,,,0,70,,25051,,,0,31,,25052,,,0,69,,25053,,,0,30,,25054,,,0,68,,25055,,,0,30,,25056,,,0,69,,25057,,,0,30,,25058,,,0,74,,25059,,,0,40,,25060,,,0,79,,25061,,,0,79,,25062,,,0,55,,25063,,,0,100,,25064,,,0,153,,25065,,,0,93,,25066,,,0
3100,'4954',720,,25067,,,0,112,,25068,,,0,94,,25069,,,0,80,,25070,,,0,41,,25071,,,0,81,,25072,,,0,30,,25073,,,0,71,,25074,,,0,30,,25075,,,0,71,,25076,,,0,70,,25077,,,0,31,,25078,,,0,70,,25079,,,0,30,,25080,,,0,71,,25081,,,0,29,,25082,,,0,69,,25083,,,0,29,,25084,,,0,30,,25085,,,0,69,,25086,,,0,75,,25087,,,0,40,,25088,,,0,78,,25089,,,0,80,,25090,,,0,55,,25091,,,0,100,,25092,,,0,151,,25093,,,0
