2200,'4663',1240,,56734,67,,,0,70,,56726,67,,,0,31,,56742,67,,,0,70,,56720,67,,,0,105,,56737,67,,,0,31,,56731,67,,,0,77,,56744,67,,,0,100,,56732,67,,,0,94,,56728,67,,,0
2200,'5372',1240,,49988,67,,,0,70,,49980,67,,,0,31,,49996,67,,,0,70,,49974,67,,,0,105,,49991,67,,,0,31,,49985,67,,,0,77,,49998,67,,,0,100,,49986,67,,,0,94,,49982,67,,,0
2200,'5385',1240,,56817,67,,,0,70,,56809,67,,,0,31,,56825,67,,,0,70,,56803,67,,,0,105,,56820,67,,,0,31,,56814,67,,,0,77,,56827,67,,,0,100,,56815,67,,,0,94,,56811,67,,,0
2201,'4663',550,,56847,6,,,0,67,,56837,6,,,0,112,,56836,12,,,0,25,,56848,12,,,0,76,,56838,12,,,0,106,,56832,12,,,0,69,,56835,12,,,0,29,,56849,12,,,0,98,,56852,12,,,0
2201,'5372',550,,50119,6,,,0,67,,50109,6,,,0,112,,50108,12,,,0,25,,50120,12,,,0,76,,50110,12,,,0,106,,50104,12,,,0,69,,50107,12,,,0,29,,50121,12,,,0,98,,50124,12,,,0
2201,'5385',550,,56925,6,,,0,67,,56915,6,,,0,112,,56914,12,,,0,25,,56926,12,,,0,76,,56916,12,,,0,106,,56910,12,,,0,69,,56913,12,,,0,29,,56927,12,,,0,98,,56930,12,,,0
3800,'4663',630,,59162,26,,,0,75,,59163,26,,,0,16,,59164,26,,,0,14,,59167,26,,,0,23,,59165,26,,,0,68,,59166,26,,,0,77,,59182,26,,,0,27,,59168,26,,,0,100,,59169,26,,,0,101,,59170,26,,,0,102,,59171,26,,,0,101,,59172,26,,,0,95,,59173,26,,,0,79,,59183,26,,,0,31,,59174,26,,,0,71,,59175,26,,,0,35,,59176,26,,,0,70,,59177,26,,,0,34,,59178,26,,,0,81,,59180,26,,,0,102,,59179,26,,,0,102,,59181,26,,,0
3800,'5372',630,,44167,26,,,0,75,,44168,26,,,0,16,,44169,26,,,0,14,,44172,26,,,0,23,,44170,26,,,0,68,,44171,26,,,0,77,,44187,26,,,0,27,,44173,26,,,0,100,,50230,26,,,0,101,,44175,26,,,0,102,,50231,26,,,0,101,,59184,26,,,0,95,,44178,26,,,0,79,,44188,26,,,0,31,,44179,26,,,0,71,,44180,26,,,0,35,,44181,26,,,0,70,,44182,26,,,0,34,,44183,26,,,0,81,,59185,26,,,0,102,,50232,26,,,0,102,,59186,26,,,0
3800,'5385',630,,59187,26,,,0,75,,59188,26,,,0,16,,59189,26,,,0,14,,59192,26,,,0,23,,59190,26,,,0,68,,59191,26,,,0,77,,59207,26,,,0,27,,59193,26,,,0,100,,59194,26,,,0,101,,59195,26,,,0,102,,59196,26,,,0,101,,59197,26,,,0,95,,59198,26,,,0,79,,59208,26,,,0,31,,59199,26,,,0,71,,59200,26,,,0,35,,59201,26,,,0,70,,59202,26,,,0,34,,59203,26,,,0,81,,59205,26,,,0,102,,59204,26,,,0,102,,59206,26,,,0
5300,'4332',723,,59999,32,0,25 40,0,201,,60000,32,0,25 40,0,211,,60001,32,0,25 40,0,218,,60002,41,0,25 40,0,250,,59998,41,0,25 40,0,209,,59996,41,0,25 40,0,204,,59997,41,0,25 40,0
5300,'4663',643,,59986,32,0,25 40,0,75,,59985,32,,,0,184,,59988,32,0,25 40,0,143,,59987,32,0,25 40,0,170,,59989,32,0,25 40,0,133,,59991,41,0,25 40,0,190,,59993,41,0,25 40,0,104,,59990,41,0,25 40,0,168,,59992,41,0,25 40,0,126,,59994,41,0,25 40,0,170,,59995,41,0,25 40,0
5300,'5078',722,,60006,32,0,25 40,0,203,,60003,32,0,25 40,0,209,,60004,32,0,25 40,0,217,,60007,41,0,25 40,0,250,,60005,41,0,25 40,0,210,,60009,41,0,25 40,0,205,,60008,41,0,25 40,0
5300,'5372',643,,50451,32,0,25 40,0,75,,50450,32,,,0,184,,50453,32,0,25 40,0,143,,50452,32,0,25 40,0,170,,50454,32,0,25 40,0,133,,50456,41,0,25 40,0,190,,50458,41,0,25 40,0,104,,50455,41,0,25 40,0,168,,51774,41,0,25 40,0,126,,50459,41,0,25 40,0,170,,50460,41,0,25 40,0
5300,'5385',643,,60011,32,0,25 40,0,75,,60010,32,,,0,184,,60013,32,0,25 40,0,143,,60012,32,0,25 40,0,170,,60014,32,0,25 40,0,133,,60016,41,0,25 40,0,190,,60018,41,0,25 40,0,104,,60015,41,0,25 40,0,168,,60017,41,0,25 40,0,126,,60019,41,0,25 40,0,170,,60020,41,0,25 40,0
1002200,'4663',1200,,62898,57,,,0,239,,62899,57,,,0,207,,62897,57,,,0,95,,62902,57,,,0,192,,62900,57,,,0
1002200,'5372',1200,,51566,57,,,0,239,,51567,57,,,0,207,,51565,57,,,0,95,,51570,57,,,0,192,,51568,57,,,0
1002200,'5385',1200,,62904,57,,,0,239,,62905,57,,,0,207,,62903,57,,,0,95,,62908,57,,,0,192,,62906,57,,,0
1002201,'4663',652,,62916,12,,,0,256,,62915,12,,,0,200,,62911,12,,,0
1002201,'5372',652,,51585,12,,,0,256,,51584,12,,,0,200,,51580,12,,,0
1002201,'5385',652,,62925,12,,,0,256,,62924,12,,,0,200,,62920,12,,,0
