4800,'4661',630,,59628,21,,,0,20,,59627,21,,,0,66,,59626,21,,,0
4800,'4663',630,,59625,21,,,0,20,,59624,21,,,0,66,,59623,21,,,0
5401,'4332',734,,60105,13,,,0,201,,60102,13,,,0,211,,60103,13,,,0,205,,60104,13,,,0,250,,60101,13,,,0,210,,60100,13,,,0,224,,60099,13,,,0
5401,'4661',539,,60113,13,,,0,168,,60116,13,,,0,133,,60114,13,,,0,216,,60115,13,,,0,198,,60117,13,,,0,171,,60118,13,,,0,103,,60119,13,,,0,186,,60120,13,,,0,192,,60121,13,,,0,199,,60122,13,,,0
5401,'4663',539,,60089,13,,,0,168,,60092,13,,,0,133,,60090,13,,,0,216,,60091,13,,,0,198,,60093,13,,,0,171,,60094,13,,,0,103,,60095,13,,,0,186,,60096,13,,,0,192,,60097,13,,,0,199,,60098,13,,,0
5401,'5078',734,,60108,13,,,0,201,,60109,13,,,0,211,,60106,13,,,0,205,,60107,13,,,0,250,,60110,13,,,0,210,,60112,13,,,0,224,,60111,13,,,0
6001,'4332',728,,60710,10,0,28 37 14,0,101,,60711,10,0,28 37 14,0,100,,60712,10,0,28 37 14,0,101,,60709,10,0,28 37 14,0,105,,60708,10,0,28 37 14,0,105,,60707,10,0,28 37 14,0,105,,60706,10,0,28 37 14,0,105,,60705,10,0,28 37 14,0,105,,60704,10,0,28 37 14,0,145,,60703,10,0,28 37 14,0,105,,60702,10,0,28 37 14,0,105,,60701,10,0,28 37 14,0,104,,60700,10,0,28 37 14,0,107,,60699,10,0,28 37 14,0
6001,'4661',718,,60730,10,0,28 37 14,0,38,,60728,10,0,28 37 14,0,72,,60729,10,0,28 37 14,0,80,,60727,10,0,28 37 14,0,92,,60726,10,0,28 37 14,0,101,,60731,10,0,28 37 14,0,101,,60732,10,0,28 37 14,0,103,,60733,10,0,28 37 14,0,110,,60734,10,0,28 37 14,0,97,,60735,10,0,28 37 14,0,91,,60736,10,0,28 37 14,0,44,,60737,10,0,28 37 14,0,82,,60742,10,0,28 37 14,0,85,,60739,10,0,28 37 14,0,100,,60738,10,0,28 37 14,0,99,,60740,10,0,28 37 14,0,110,,60741,10,0,28 37 14,0,107,,60743,10,0,28 37 14,0
6001,'4663',718,,60685,10,0,28 37 14,0,38,,60683,10,0,28 37 14,0,72,,60684,10,0,28 37 14,0,80,,60682,10,0,28 37 14,0,92,,60681,10,0,28 37 14,0,101,,60686,10,0,28 37 14,0,101,,60687,10,0,28 37 14,0,103,,60688,10,0,28 37 14,0,110,,60689,10,0,28 37 14,0,97,,60690,10,0,28 37 14,0,91,,60691,10,0,28 37 14,0,44,,60692,10,0,28 37 14,0,82,,60697,10,0,28 37 14,0,85,,60694,10,0,28 37 14,0,100,,60693,10,0,28 37 14,0,99,,60695,10,0,28 37 14,0,110,,60696,10,0,28 37 14,0,107,,60698,10,0,28 37 14,0
6001,'5078',829,,60714,10,0,28 37 14,0,100,,60715,10,0,28 37 14,0,101,,60716,10,0,28 37 14,0,105,,60713,10,0,28 37 14,0,105,,60719,10,0,28 37 14,0,105,,60720,10,0,28 37 14,0,105,,60718,10,0,28 37 14,0,105,,60717,10,0,28 37 14,0,145,,60722,10,0,28 37 14,0,105,,60723,10,0,28 37 14,0,105,,60721,10,0,28 37 14,0,105,,60725,10,0,28 37 14,0,106,,60724,10,0,28 37 14,0
