4701,'4737',1719,,12098,49,,,0,30,,12099,49,,,0,65,,12100,49,,,0
4701,'4744',1719,,12101,49,,,0,30,,12102,49,,,0,65,,12103,49,,,0
4701,'4947',1719,,12104,49,,,0,30,,12105,49,,,0,65,,12106,49,,,0
5800,'4487',700,,13328,7,,,0,100,,13329,7,,,0,101,,13330,7,,,0,106,,13331,7,,,0,105,,13326,7,,,0,105,,13327,7,,,0,100,,13325,7,,,0,111,,13323,7,,,0,100,,13324,7,,,0,110,,13322,7,,,0,99,,13317,7,,,0,104,,13318,7,,,0,100,,13319,7,,,0,105,,13320,7,,,0,154,,13321,7,,,0,110,,13316,7,,,0
5800,'4737',627,,13336,7,,,0,31,,13345,7,,,0,79,,13333,7,,,0,80,,13332,7,,,0,23,,13339,7,,,0,73,,13335,7,,,0,43,,13334,7,,,0,86,,13337,7,,,0,85,,13338,7,,,0,85,,13340,7,,,0,45,,13342,7,,,0,86,,13341,7,,,0,86,,13343,7,,,0,24,,13353,7,,,0,61,,13344,7,,,0,16,,13354,7,,,0,27,,13346,7,,,0,92,,13347,7,,,0,85,,13348,7,,,0,87,,13349,7,,,0,85,,13350,7,,,0,145,,13351,7,,,0,150,,13352,7,,,0,108,,13355,7,,,0
5800,'4740',700,,13368,7,,,0,100,,13369,7,,,0,101,,13370,7,,,0,106,,13371,7,,,0,105,,13366,7,,,0,105,,13367,7,,,0,100,,13365,7,,,0,111,,13363,7,,,0,100,,13364,7,,,0,110,,13362,7,,,0,99,,13357,7,,,0,104,,13358,7,,,0,100,,13359,7,,,0,105,,13360,7,,,0,154,,13361,7,,,0,110,,13356,7,,,0
5800,'4744',627,,13376,7,,,0,31,,13385,7,,,0,79,,13373,7,,,0,80,,13372,7,,,0,23,,13379,7,,,0,73,,13375,7,,,0,43,,13374,7,,,0,86,,13377,7,,,0,85,,13378,7,,,0,85,,13380,7,,,0,45,,13382,7,,,0,86,,13381,7,,,0,86,,13383,7,,,0,24,,13393,7,,,0,61,,13384,7,,,0,16,,13394,7,,,0,27,,13386,7,,,0,92,,13387,7,,,0,85,,13388,7,,,0,87,,13389,7,,,0,85,,13390,7,,,0,145,,13391,7,,,0,150,,13392,7,,,0,108,,13395,7,,,0
5800,'4745',759,,13396,7,,,0,142,,13400,7,,,0,105,,13397,7,,,0,106,,13401,7,,,0,105,,13399,7,,,0,100,,13402,7,,,0,111,,13398,7,,,0,100,,13403,7,,,0,109,,13404,7,,,0,100,,13406,7,,,0,103,,13405,7,,,0,100,,13407,7,,,0,105,,13408,7,,,0,199,,13409,7,,,0
5800,'4947',627,,13414,7,,,0,31,,13423,7,,,0,79,,13411,7,,,0,80,,13410,7,,,0,23,,13417,7,,,0,73,,13413,7,,,0,43,,13412,7,,,0,86,,13415,7,,,0,85,,13416,7,,,0,85,,13418,7,,,0,45,,13420,7,,,0,86,,13419,7,,,0,86,,13421,7,,,0,24,,13431,7,,,0,61,,13422,7,,,0,16,,13432,7,,,0,27,,13424,7,,,0,92,,13425,7,,,0,85,,13426,7,,,0,87,,13427,7,,,0,85,,13428,7,,,0,145,,13429,7,,,0,150,,13430,7,,,0,108,,13433,7,,,0
5800,'4954',759,,13434,7,,,0,142,,13438,7,,,0,105,,13435,7,,,0,106,,13439,7,,,0,105,,13437,7,,,0,100,,13440,7,,,0,111,,13436,7,,,0,100,,13441,7,,,0,109,,13442,7,,,0,100,,13444,7,,,0,103,,13443,7,,,0,100,,13445,7,,,0,105,,13446,7,,,0,199,,13447,7,,,0
