3801,'4744',713,,25637,4,,0,30,,25638,4,,0,73,,25641,4,,0,31,,25639,4,,0,69,,25657,4,,0,84,,25640,4,,0,50,,25642,4,,0,98,,25643,4,,0,103,,25644,4,,0,103,,25645,4,,0,105,,25646,4,,0,149,,25647,4,,0,49,,25648,4,,0,73,,25649,4,,0,24,,25650,4,,0,64,,25651,4,,0,22,,25653,4,,0,67,,25654,4,,0,35,,25652,4,,0,100,,25655,4,,0,102,,25656,4,,0
3801,'4935',713,,6689,4,,0,30,,6690,4,,0,73,,6693,4,,0,31,,6691,4,,0,69,,6709,4,,0,84,,6692,4,,0,50,,6694,4,,0,98,,6695,4,,0,103,,6696,4,,0,103,,6697,4,,0,105,,6698,4,,0,149,,6699,4,,0,49,,6700,4,,0,73,,6701,4,,0,24,,6702,4,,0,64,,6703,4,,0,22,,6705,4,,0,67,,6706,4,,0,35,,6704,4,,0,100,,6707,4,,0,102,,6708,4,,0
3801,'4941',713,,6710,4,,0,30,,6711,4,,0,73,,6714,4,,0,31,,6712,4,,0,69,,6730,4,,0,84,,6713,4,,0,50,,6715,4,,0,98,,6716,4,,0,103,,6717,4,,0,103,,6718,4,,0,105,,6719,4,,0,149,,6720,4,,0,49,,6721,4,,0,73,,6722,4,,0,24,,6723,4,,0,64,,6724,4,,0,22,,6726,4,,0,67,,6727,4,,0,35,,6725,4,,0,100,,6728,4,,0,102,,6729,4,,0
3801,'4947',713,,25658,4,,0,30,,25659,4,,0,73,,25662,4,,0,31,,25660,4,,0,69,,25678,4,,0,84,,25661,4,,0,50,,25663,4,,0,98,,25664,4,,0,103,,25665,4,,0,103,,25666,4,,0,105,,25667,4,,0,149,,25668,4,,0,49,,25669,4,,0,73,,25670,4,,0,24,,25671,4,,0,64,,25672,4,,0,22,,25674,4,,0,67,,25675,4,,0,35,,25673,4,,0,100,,25676,4,,0,102,,25677,4,,0
3801,'4952',713,,25679,4,,0,30,,25680,4,,0,73,,25683,4,,0,31,,25681,4,,0,69,,25699,4,,0,84,,25682,4,,0,50,,25684,4,,0,98,,25685,4,,0,103,,25686,4,,0,103,,25687,4,,0,105,,25688,4,,0,149,,25689,4,,0,49,,25690,4,,0,73,,25691,4,,0,24,,25692,4,,0,64,,25693,4,,0,22,,25695,4,,0,67,,25696,4,,0,35,,25694,4,,0,100,,25697,4,,0,102,,25698,4,,0
24005101,'4744',812,,32415,4,,0,34,,32410,4,,0,80,,32407,4,,0,93,,32416,4,,0,97,,32412,4,,0,101,,32418,4,,0,101,,32413,4,,0,103,,32417,4,,0,113,,32414,4,,0,80,,32403,4,,0,20,,32402,4,,0,68,,32404,4,,0,31,,32405,4,,0,23,,32411,4,,0,66,,32406,4,,0,101,,32408,4,,0,99,,32409,4,,0
24005101,'4935',812,,10723,4,,0,34,,10718,4,,0,80,,10715,4,,0,93,,10724,4,,0,97,,10720,4,,0,101,,10726,4,,0,101,,10721,4,,0,103,,10725,4,,0,113,,10722,4,,0,80,,10711,4,,0,20,,10710,4,,0,68,,10712,4,,0,31,,10713,4,,0,23,,10719,4,,0,66,,10714,4,,0,101,,10716,4,,0,99,,10717,4,,0
24005101,'4941',812,,10741,4,,0,34,,10736,4,,0,80,,10733,4,,0,93,,10742,4,,0,97,,10738,4,,0,101,,10744,4,,0,101,,10739,4,,0,103,,10743,4,,0,113,,10740,4,,0,80,,10729,4,,0,20,,10728,4,,0,68,,10730,4,,0,31,,10731,4,,0,23,,10737,4,,0,66,,10732,4,,0,101,,10734,4,,0,99,,10735,4,,0
24005101,'4947',812,,32433,4,,0,34,,32428,4,,0,80,,32425,4,,0,93,,32434,4,,0,97,,32430,4,,0,101,,32436,4,,0,101,,32431,4,,0,103,,32435,4,,0,113,,32432,4,,0,80,,32421,4,,0,20,,32420,4,,0,68,,32422,4,,0,31,,32423,4,,0,23,,32429,4,,0,66,,32424,4,,0,101,,32426,4,,0,99,,32427,4,,0
24005101,'4952',812,,32451,4,,0,34,,32446,4,,0,80,,32443,4,,0,93,,32452,4,,0,97,,32448,4,,0,101,,32454,4,,0,101,,32449,4,,0,103,,32453,4,,0,113,,32450,4,,0,80,,32439,4,,0,20,,32438,4,,0,68,,32440,4,,0,31,,32441,4,,0,23,,32447,4,,0,66,,32442,4,,0,101,,32444,4,,0,99,,32445,4,,0
