1000600,'4487',659,,31602,,,0,100,,31603,,,0,151,,31604,,,0,100,,31605,,,0,103,,31606,,,0,89,,31607,,,0,49,,31608,,,0,88,,31609,,,0,86,,31610,,,0,81,,31611,,,0,42,,31612,,,0,81,,31613,,,0,80,,31614,,,0,97,,31615,,,0,100,,31616,,,0,97,,31617,,,0,104,,31618,,,0,52,,31619,,,0,164,,31620,,,0,95,,31621,,,0
1000600,'4743',659,,14165,,,0,100,,14166,,,0,151,,14167,,,0,100,,14168,,,0,103,,14169,,,0,89,,14170,,,0,49,,14171,,,0,88,,14172,,,0,86,,14173,,,0,81,,14174,,,0,42,,14175,,,0,81,,14176,,,0,80,,14177,,,0,97,,14178,,,0,100,,14179,,,0,97,,14180,,,0,104,,14181,,,0,52,,14182,,,0,164,,14183,,,0,95,,14184,,,0
1000600,'4744',616,,31645,,,0,100,,31630,,,0,91,,31636,,,0,42,,31631,,,0,76,,31625,,,0,88,,31632,,,0,87,,31637,,,0,48,,31628,,,0,90,,31639,,,0,88,,31643,,,0,91,,31646,,,0,84,,31642,,,0,40,,31640,,,0,68,,31622,,,0,31,,31644,,,0,70,,31638,,,0,26,,31633,,,0,69,,31623,,,0,31,,31641,,,0,85,,31629,,,0,95,,31634,,,0,93,,31624,,,0,94,,31626,,,0,108,,31627,,,0,98,,31635,,,0
1000600,'4745',752,,31655,,,0,150,,31656,,,0,102,,31661,,,0,106,,31647,,,0,101,,31650,,,0,103,,31648,,,0,100,,31662,,,0,100,,31649,,,0,101,,31651,,,0,99,,31652,,,0,100,,31654,,,0,98,,31653,,,0,109,,31657,,,0,90,,31658,,,0,112,,31660,,,0,93,,31659,,,0
1000600,'4935',616,,10233,,,0,100,,10218,,,0,91,,10224,,,0,42,,10219,,,0,76,,10213,,,0,88,,10220,,,0,87,,10225,,,0,48,,10216,,,0,90,,10227,,,0,88,,10231,,,0,91,,10234,,,0,84,,10230,,,0,40,,10228,,,0,68,,10210,,,0,31,,10232,,,0,70,,10226,,,0,26,,10221,,,0,69,,10211,,,0,31,,10229,,,0,85,,10217,,,0,95,,10222,,,0,93,,10212,,,0,94,,10214,,,0,108,,10215,,,0,98,,10223,,,0
1000600,'4941',616,,10258,,,0,100,,10243,,,0,91,,10249,,,0,42,,10244,,,0,76,,10238,,,0,88,,10245,,,0,87,,10250,,,0,48,,10241,,,0,90,,10252,,,0,88,,10256,,,0,91,,10259,,,0,84,,10255,,,0,40,,10253,,,0,68,,10235,,,0,31,,10257,,,0,70,,10251,,,0,26,,10246,,,0,69,,10236,,,0,31,,10254,,,0,85,,10242,,,0,95,,10247,,,0,93,,10237,,,0,94,,10239,,,0,108,,10240,,,0,98,,10248,,,0
1000600,'4943',659,,10260,,,0,100,,10261,,,0,151,,10262,,,0,100,,10263,,,0,103,,10264,,,0,89,,10265,,,0,49,,14185,,,0,88,,10267,,,0,86,,10268,,,0,81,,10269,,,0,42,,10270,,,0,81,,10271,,,0,80,,10272,,,0,97,,10273,,,0,100,,10274,,,0,97,,10275,,,0,104,,10276,,,0,52,,10277,,,0,164,,10278,,,0,95,,14186,,,0
1000600,'4945',752,,10288,,,0,150,,10289,,,0,102,,10294,,,0,106,,10280,,,0,101,,10283,,,0,103,,14187,,,0,100,,10295,,,0,100,,10282,,,0,101,,10284,,,0,99,,10285,,,0,100,,10287,,,0,98,,14188,,,0,109,,14189,,,0,90,,14190,,,0,112,,10293,,,0,93,,10292,,,0
1000600,'4947',616,,31686,,,0,100,,31671,,,0,91,,31677,,,0,42,,31672,,,0,76,,31666,,,0,88,,31673,,,0,87,,31678,,,0,48,,31669,,,0,90,,31680,,,0,88,,31684,,,0,91,,31687,,,0,84,,31683,,,0,40,,31681,,,0,68,,31663,,,0,31,,31685,,,0,70,,31679,,,0,26,,31674,,,0,69,,31664,,,0,31,,31682,,,0,85,,31670,,,0,95,,31675,,,0,93,,31665,,,0,94,,31667,,,0,108,,31668,,,0,98,,31676,,,0
1000600,'4952',616,,31711,,,0,100,,31696,,,0,91,,31702,,,0,42,,31697,,,0,76,,31691,,,0,88,,31698,,,0,87,,31703,,,0,48,,31694,,,0,90,,31705,,,0,88,,31709,,,0,91,,31712,,,0,84,,31708,,,0,40,,31706,,,0,68,,31688,,,0,31,,31710,,,0,70,,31704,,,0,26,,31699,,,0,69,,31689,,,0,31,,31707,,,0,85,,31695,,,0,95,,31700,,,0,93,,31690,,,0,94,,31692,,,0,108,,31693,,,0,98,,31701,,,0
1000600,'4953',659,,31713,,,0,100,,31714,,,0,151,,31715,,,0,100,,31716,,,0,103,,31717,,,0,89,,31718,,,0,49,,31719,,,0,88,,31720,,,0,86,,31721,,,0,81,,31722,,,0,42,,31723,,,0,81,,31724,,,0,80,,31725,,,0,97,,31726,,,0,100,,31727,,,0,97,,31728,,,0,104,,31729,,,0,52,,31730,,,0,164,,31731,,,0,95,,31732,,,0
1000600,'4954',752,,31741,,,0,150,,31742,,,0,102,,31747,,,0,106,,31733,,,0,101,,31736,,,0,103,,31734,,,0,100,,31748,,,0,100,,31735,,,0,101,,31737,,,0,99,,31738,,,0,100,,31740,,,0,98,,31739,,,0,109,,31743,,,0,90,,31744,,,0,112,,31746,,,0,93,,31745,,,0
