2700,'4332',646,,57768,25,,,0,71,,57769,25,,,0,27,,57770,25,,,0,70,,57771,25,,,0,27,,57772,25,,,0,67,,57773,25,,,0,27,,57774,25,,,0,66,,57775,25,,,0,26,,57776,25,,,0,22,,57777,25,,,0,62,,57778,25,,,0,23,,57779,25,,,0,22,,57780,25,,,0,62,,57781,25,,,0,22,,57782,25,,,0,63,,57783,25,,,0,23,,57784,25,,,0,23,,57785,25,,,0,63,,57786,25,,,0,19,,57787,25,,,0,21,,57788,25,,,0,61,,57789,25,,,0,21,,57790,25,,,0,21,,57791,25,,,0,60,,57792,25,,,0,20,,57793,25,,,0,21,,57794,25,,,0,59,,57795,25,,,0,21,,57796,25,,,0,20,,57797,25,,,0,60,,57798,25,,,0,20,,57799,25,,,0,21,,57800,25,,,0,66,,57801,25,,,0,26,,57802,25,,,0,69,,57803,25,,,0,30,,57804,25,,,0,69,,57805,25,,,0,30,,57806,25,,,0,70,,57807,25,,,0,33,,57808,25,,,0,71,,57809,25,,,0,30,,57810,25,,,0,71,,57811,25,,,0,30,,57812,25,,,0,68,,57813,25,,,0,30,,57814,25,,,0,70,,57815,25,,,0,29,,57816,25,,,0
2700,'4661',727,,57864,25,,,0,111,,57876,25,,,0,62,,57901,25,,,0,24,,57888,25,,,0,25,,57871,25,,,0,66,,57860,25,,,0,25,,57859,25,,,0,66,,57858,25,,,0,27,,57861,25,,,0,67,,57875,25,,,0,27,,57885,25,,,0,26,,57868,25,,,0,66,,57862,25,,,0,26,,57866,25,,,0,64,,57867,25,,,0,25,,57869,25,,,0,22,,57874,25,,,0,62,,57865,25,,,0,16,,57892,25,,,0,16,,57896,25,,,0,56,,57897,25,,,0,16,,57898,25,,,0,16,,57877,25,,,0,16,,57899,25,,,0,57,,57872,25,,,0,16,,57873,25,,,0,15,,57879,25,,,0,70,,57878,25,,,0,15,,57880,25,,,0,15,,57881,25,,,0,61,,57883,25,,,0,50,,57884,25,,,0,68,,57889,25,,,0,97,,57891,25,,,0,29,,57890,25,,,0,106,,57894,25,,,0,79,,57895,25,,,0,78,,57893,25,,,0
2700,'4663',727,,57715,25,,,0,111,,57727,25,,,0,62,,57760,25,,,0,24,,57741,25,,,0,25,,57722,25,,,0,66,,57711,25,,,0,25,,57710,25,,,0,66,,57709,25,,,0,27,,57712,25,,,0,67,,57726,25,,,0,27,,57738,25,,,0,26,,57719,25,,,0,66,,57713,25,,,0,26,,57717,25,,,0,64,,57718,25,,,0,25,,57720,25,,,0,22,,57725,25,,,0,62,,57716,25,,,0,16,,57747,25,,,0,16,,57752,25,,,0,56,,57753,25,,,0,16,,57754,25,,,0,16,,57728,25,,,0,16,,57755,25,,,0,57,,57723,25,,,0,16,,57724,25,,,0,15,,57731,25,,,0,14,,57729,25,,,0,56,,57730,25,,,0,15,,57732,25,,,0,15,,57733,25,,,0,61,,57735,25,,,0,23,,57736,25,,,0,27,,57737,25,,,0,68,,57742,25,,,0,29,,57745,25,,,0,68,,57744,25,,,0,29,,57743,25,,,0,70,,57746,25,,,0,36,,57749,25,,,0,79,,57750,25,,,0,78,,57748,25,,,0,41,,57756,25,,,0,80,,57758,25,,,0,79,,57757,25,,,0,39,,57759,25,,,0
2700,'4682',1756,,57906,25,,,0,170,,57907,25,,,0,124,,57908,25,,,0,167,,57909,25,,,0
2700,'5078',719,,57817,25,,,0,30,,57819,25,,,0,69,,57820,25,,,0,30,,57821,25,,,0,70,,57822,25,,,0,28,,57823,25,,,0,68,,57824,25,,,0,27,,57825,25,,,0,67,,57826,25,,,0,25,,57827,25,,,0,25,,57828,25,,,0,63,,57829,25,,,0,23,,57830,25,,,0,62,,57831,25,,,0,24,,57832,25,,,0,23,,57833,25,,,0,63,,57834,25,,,0,23,,57835,25,,,0,62,,57836,25,,,0,23,,57837,25,,,0,23,,57838,25,,,0,63,,57839,25,,,0,23,,57840,25,,,0,23,,57841,25,,,0,63,,57842,25,,,0,23,,57843,25,,,0,64,,57844,25,,,0,24,,57845,25,,,0,25,,57846,25,,,0,66,,57847,25,,,0,28,,57848,25,,,0,69,,57849,25,,,0,30,,57850,25,,,0,70,,57851,25,,,0,36,,57852,25,,,0,83,,57853,25,,,0,79,,57854,25,,,0,100,,57855,25,,,0
2700,'5387',1756,,57902,25,,,0,170,,57903,25,,,0,124,,57904,25,,,0,167,,57905,25,,,0
2800,'4332',800,,58188,25,,,0,29,,58189,25,,,0,25,,58190,25,,,0,67,,58191,25,,,0,27,,58192,25,,,0,67,,58184,25,,,0,23,,58193,25,,,0,62,,58194,25,,,0,22,,58195,25,,,0,23,,58196,25,,,0,62,,58197,25,,,0,22,,58198,25,,,0,22,,58199,25,,,0,63,,58200,25,,,0,24,,58201,25,,,0,62,,58202,25,,,0,22,,58203,25,,,0,20,,58204,25,,,0,61,,58205,25,,,0,21,,58206,25,,,0,21,,58207,25,,,0,60,,58208,25,,,0,20,,58209,25,,,0,21,,58210,25,,,0,59,,58211,25,,,0,21,,58212,25,,,0,20,,58213,25,,,0,60,,58214,25,,,0,20,,58215,25,,,0,20,,58216,25,,,0,63,,58217,25,,,0,26,,58218,25,,,0,68,,58219,25,,,0,30,,58220,25,,,0,70,,58221,25,,,0,29,,58222,25,,,0,70,,58223,25,,,0,31,,58224,25,,,0,74,,58225,25,,,0,30,,58226,25,,,0,70,,58227,25,,,0,30,,58228,25,,,0,70,,58229,25,,,0,28,,58230,25,,,0,70,,58231,25,,,0,29,,58232,25,,,0
2800,'4661',601,,58277,25,,,0,24,,58273,25,,,0,22,,58272,25,,,0,11,,58275,25,,,0,52,,58294,25,,,0,9,,58276,25,,,0,22,,58280,25,,,0,14,,58291,25,,,0,52,,58281,25,,,0,17,,58278,25,,,0,24,,58279,25,,,0,64,,58317,25,,,0,24,,58282,25,,,0,66,,58283,25,,,0,26,,58295,25,,,0,25,,58300,25,,,0,67,,58288,25,,,0,26,,58284,25,,,0,67,,58285,25,,,0,27,,58287,25,,,0,66,,58286,25,,,0,27,,58293,25,,,0,24,,58301,25,,,0,64,,58290,25,,,0,24,,58289,25,,,0,62,,58313,25,,,0,35,,58292,25,,,0,104,,58314,25,,,0,72,,58309,25,,,0,31,,58315,25,,,0,70,,58296,25,,,0,16,,58316,25,,,0,17,,58303,25,,,0,62,,58299,25,,,0,26,,58297,25,,,0,67,,58298,25,,,0,29,,58308,25,,,0,68,,58305,25,,,0,29,,58307,25,,,0,69,,58306,25,,,0,31,,58304,25,,,0,79,,58311,25,,,0,38,,58312,25,,,0,80,,58310,25,,,0
2800,'4663',601,,58131,25,,,0,24,,58127,25,,,0,22,,58126,25,,,0,11,,58129,25,,,0,52,,58149,25,,,0,9,,58130,25,,,0,22,,58134,25,,,0,14,,58145,25,,,0,52,,58135,25,,,0,17,,58132,25,,,0,24,,58133,25,,,0,64,,58175,25,,,0,24,,58136,25,,,0,66,,58137,25,,,0,26,,58150,25,,,0,25,,58155,25,,,0,67,,58142,25,,,0,26,,58138,25,,,0,67,,58139,25,,,0,27,,58141,25,,,0,66,,58140,25,,,0,27,,58148,25,,,0,24,,58156,25,,,0,64,,58144,25,,,0,24,,58143,25,,,0,62,,58168,25,,,0,35,,58147,25,,,0,72,,58146,25,,,0,32,,58169,25,,,0,72,,58164,25,,,0,31,,58170,25,,,0,70,,58151,25,,,0,16,,58171,25,,,0,17,,58158,25,,,0,62,,58154,25,,,0,26,,58152,25,,,0,67,,58153,25,,,0,29,,58163,25,,,0,68,,58160,25,,,0,29,,58162,25,,,0,69,,58161,25,,,0,31,,58159,25,,,0,79,,58166,25,,,0,38,,58167,25,,,0,80,,58165,25,,,0,81,,58172,25,,,0,39,,58174,25,,,0,80,,58173,25,,,0
2800,'4682',1614,,58319,25,,,0
2800,'5078',833,,58237,25,,,0,70,,58238,25,,,0,30,,58239,25,,,0,67,,58240,25,,,0,27,,58241,25,,,0,27,,58242,25,,,0,67,,58243,25,,,0,25,,58244,25,,,0,64,,58245,25,,,0,23,,58246,25,,,0,22,,58247,25,,,0,63,,58248,25,,,0,24,,58249,25,,,0,63,,58250,25,,,0,23,,58251,25,,,0,22,,58252,25,,,0,63,,58253,25,,,0,23,,58254,25,,,0,23,,58255,25,,,0,63,,58256,25,,,0,23,,58257,25,,,0,63,,58258,25,,,0,23,,58259,25,,,0,23,,58260,25,,,0,64,,58261,25,,,0,25,,58262,25,,,0,65,,58263,25,,,0,27,,58264,25,,,0,69,,58265,25,,,0,29,,58266,25,,,0,70,,58267,25,,,0,31,,58268,25,,,0,80,,58269,25,,,0,42,,58270,25,,,0,85,,58271,25,,,0
2800,'5387',1614,,58318,25,,,0
24002800,'4661',1523,,63166,10,,,0,31,,63164,10,,,0,73,,63165,10,,,0,31,,63167,10,,,0,74,,63168,10,,,0,69,,63169,10,,,0
24002800,'4663',1523,,63159,10,,,0,31,,63157,10,,,0,73,,63158,10,,,0,31,,63160,10,,,0,74,,63161,10,,,0,69,,63162,10,,,0
