4701,'4737',1702,,12098,34,,,0,30,,12099,34,,,0,26,,12100,34,,,0
4701,'4744',1702,,12101,34,,,0,30,,12102,34,,,0,26,,12103,34,,,0
4701,'4947',1702,,12104,34,,,0,30,,12105,34,,,0,26,,12106,34,,,0
4900,'4487',821,,12130,13,,,0,211,,12131,13,,,0,201,,12126,13,,,0,210,,12127,13,,,0,210,,12128,13,,,0,194,,12129,13,,,0,267,,12125,13,,,0
4900,'4737',724,,12134,13,,,0,100,,12136,13,,,0,133,,12133,13,,,0,200,,12135,13,,,0,166,,12137,13,,,0,182,,12138,13,,,0,105,,12139,13,,,0,95,,12132,13,,,0,107,,12140,13,,,0,195,,12141,13,,,0,208,,12142,13,,,0
4900,'4740',821,,12148,13,,,0,211,,12149,13,,,0,201,,12144,13,,,0,210,,12145,13,,,0,210,,12146,13,,,0,194,,12147,13,,,0,267,,12143,13,,,0
4900,'4744',724,,12152,13,,,0,100,,12154,13,,,0,133,,12151,13,,,0,200,,12153,13,,,0,166,,12155,13,,,0,182,,12156,13,,,0,105,,12157,13,,,0,95,,12150,13,,,0,107,,12158,13,,,0,195,,12159,13,,,0,208,,12160,13,,,0
4900,'4745',821,,12162,13,,,0,210,,12161,13,,,0,201,,12163,13,,,0,210,,12164,13,,,0,210,,12166,13,,,0,194,,12167,13,,,0,268,,12165,13,,,0
4900,'4947',724,,12170,13,,,0,100,,12172,13,,,0,133,,12169,13,,,0,200,,12171,13,,,0,166,,12173,13,,,0,182,,12174,13,,,0,105,,12175,13,,,0,95,,12168,13,,,0,107,,12176,13,,,0,195,,12177,13,,,0,208,,12178,13,,,0
4900,'4954',821,,12180,13,,,0,210,,12179,13,,,0,201,,12181,13,,,0,210,,12182,13,,,0,210,,12184,13,,,0,194,,12185,13,,,0,268,,12183,13,,,0
