6100,'4332',637,,60786,10,0,30 14,0,99,,60787,10,0,30 14,0,82,,60785,10,0,30 14,0,97,,60788,10,0,30 14,0,95,,60789,10,0,30 14,0,42,,60790,10,0,30 14,0,75,,60791,10,0,30 14,0,87,,60792,10,0,30 14,0,35,,60793,10,0,30 14,0,75,,60794,10,0,30 14,0,76,,60795,10,0,30 14,0,37,,60796,10,0,30 14,0,77,,60797,10,0,30 14,0,37,,60798,10,0,30 14,0,66,,60799,10,0,30 14,0,38,,60800,10,0,30 14,0,81,,60801,10,0,30 14,0,72,,60802,10,0,30 14,0,31,,60803,10,0,30 14,0,71,,60804,10,0,30 14,0,33,,60805,10,0,30 14,0,83,,60806,10,0,30 14,0,81,,60807,10,0,30 14,0,41,,60808,10,0,30 14,0,104,,60809,10,0,30 14,0,73,,60810,10,0,30 14,0,100,,60811,10,0,30 14,0,78,,60812,10,0,30,0,100,,60813,10,0,30,0
6100,'4663',526,,60746,28,,,0,74,,60744,28,,,0,13,,60747,28,,,0,20,,60748,28,,,0,20,,60750,28,,,0,59,,60754,28,,,0,19,,60761,28,,,0,28,,60763,28,,,0,60,,60756,10,0,30 14,0,81,,60745,10,0,30 14,0,36,,60749,10,0,30 14,0,64,,60760,10,0,30 14,0,36,,60752,10,0,30 14,0,88,,60751,10,0,30 14,0,76,,60758,10,0,30 14,0,35,,60753,10,0,30 14,0,74,,60755,10,0,30 14,0,39,,60762,10,0,30 14,0,69,,60757,10,0,30 14,0,27,,60781,10,0,30 14,0,12,,60759,10,0,30 14,0,72,,60764,10,0,30 14,0,83,,60765,10,0,30 14,0,27,,60768,10,0,30 14,0,79,,60772,10,0,30 14,0,30,,60767,10,0,30 14,0,65,,60766,10,0,30 14,0,28,,60771,10,0,30 14,0,72,,60773,10,0,30 14,0,31,,60769,10,0,30 14,0,70,,60770,10,0,30 14,0,95,,60774,10,0,30 14,0,41,,60775,10,0,30 14,0,104,,60777,10,0,30 14,0,73,,60778,10,0,30 14,0,100,,60779,10,0,30 14,0,75,,60780,10,0,30 14,0,100,,60776,10,0,30,0
6100,'5078',641,,60814,10,0,30 14,0,104,,60815,10,0,30 14,0,83,,60816,10,0,30 14,0,95,,60817,10,0,30 14,0,82,,60818,10,0,30 14,0,46,,60819,10,0,30 14,0,97,,60820,10,0,30 14,0,82,,60821,10,0,30 14,0,101,,60822,10,0,30 14,0,94,,60823,10,0,30 14,0,103,,60824,10,0,30 14,0,79,,60825,10,0,30 14,0,102,,60826,10,0,30 14,0,46,,60827,10,0,30 14,0,103,,60828,10,0,30 14,0,86,,60829,10,0,30 14,0,86,,60830,10,0,30 14,0,101,,60831,10,0,30 14,0,94,,60832,10,0,30 14,0,101,,60833,10,0,30 14,0,75,,60834,10,0,30,0
6100,'5372',526,,50731,28,,,0,74,,46007,28,,,0,13,,50732,28,,,0,20,,46011,28,,,0,20,,46013,28,,,0,59,,46017,28,,,0,19,,46024,28,,,0,28,,46026,28,,,0,60,,46019,10,0,30 14,0,81,,46008,10,0,30 14,0,36,,46012,10,0,30 14,0,64,,46023,10,0,30 14,0,36,,46015,10,0,30 14,0,88,,50733,10,0,30 14,0,76,,51797,10,0,30 14,0,35,,46016,10,0,30 14,0,74,,46018,10,0,30 14,0,39,,51798,10,0,30 14,0,69,,46020,10,0,30 14,0,39,,46022,10,0,30 14,0,72,,51799,10,0,30 14,0,83,,46028,10,0,30 14,0,27,,46030,10,0,30 14,0,79,,46034,10,0,30 14,0,30,,51800,10,0,30 14,0,93,,51802,10,0,30 14,0,72,,51803,10,0,30 14,0,31,,60782,10,0,30 14,0,70,,46032,10,0,30 14,0,95,,51804,10,0,30 14,0,41,,46037,10,0,30 14,0,104,,46038,10,0,30 14,0,73,,46039,10,0,30 14,0,100,,46040,10,0,30 14,0,75,,46041,10,0,30 14,0
6100,'5373',1812,,60783,10,0,30 14,0
6100,'5385',526,,60837,28,,,0,74,,60835,28,,,0,13,,60838,28,,,0,20,,60839,28,,,0,20,,60841,28,,,0,59,,60845,28,,,0,19,,60852,28,,,0,28,,60854,28,,,0,60,,60847,10,0,30 14,0,81,,60836,10,0,30 14,0,36,,60840,10,0,30 14,0,64,,60851,10,0,30 14,0,36,,60843,10,0,30 14,0,88,,60842,10,0,30 14,0,76,,60849,10,0,30 14,0,35,,60844,10,0,30 14,0,74,,60846,10,0,30 14,0,39,,60853,10,0,30 14,0,69,,60848,10,0,30 14,0,39,,60850,10,0,30 14,0,72,,60855,10,0,30 14,0,83,,60856,10,0,30 14,0,27,,60858,10,0,30 14,0,79,,60862,10,0,30 14,0,30,,60857,10,0,30 14,0,93,,60861,10,0,30 14,0,72,,60863,10,0,30 14,0,31,,60859,10,0,30 14,0,70,,60860,10,0,30 14,0,95,,60864,10,0,30 14,0,41,,60865,10,0,30 14,0,104,,60866,10,0,30 14,0,73,,60867,10,0,30 14,0,100,,60868,10,0,30 14,0,75,,60869,10,0,30 14,0
6100,'5387',1812,,60870,10,0,30 14,0
6100,'5388',1812,,60871,10,0,30 14,0
6400,'4663',856,,61006,10,0,32 33,0,295,,61007,25,,,0,372,,61008,25,0,32 33,0,208,,61009,10,,,0
6400,'5372',856,,51837,10,0,32 33,0,295,,51838,25,,,0,372,,46309,25,0,32 33,0,208,,46310,10,,,0
6400,'5385',856,,61013,10,0,32 33,0,295,,61014,25,,,0,372,,61015,25,0,32 33,0,208,,61016,10,,,0
6500,'4663',544,,61032,19,,,0,94,,61034,19,,,0,21,,61035,19,,,0,83,,61033,19,,,0
6500,'5372',544,,46333,19,,,0,94,,46335,19,,,0,21,,46336,19,,,0,83,,46334,19,,,0
6500,'5385',544,,61036,19,,,0,94,,61038,19,,,0,21,,61039,19,,,0,83,,61037,19,,,0
