1500,'4743',625,,11756,,,0,25,,11743,,,0,61,,11741,,,0,19,,11742,,,0,16,,11718,,,0,55,,11754,,,0,15,,11736,,,0,16,,11715,,,0,14,,11740,,,0,55,,11739,,,0,14,,11717,,,0,15,,11755,,,0,15,,11737,,,0,55,,11716,,,0,15,,11738,,,0,15,,11735,,,0,15,,11710,,,0,55,,11714,,,0,15,,11753,,,0,16,,11734,,,0,16,,11713,,,0,55,,11733,,,0,15,,11732,,,0,15,,11712,,,0,15,,11711,,,0,55,,11752,,,0,14,,11731,,,0,15,,11709,,,0,16,,11729,,,0,55,,11730,,,0,15,,11707,,,0,15,,11708,,,0,16,,11751,,,0,55,,11728,,,0,15,,11706,,,0,15,,11727,,,0,15,,11726,,,0,55,,11704,,,0,15,,11705,,,0,15,,11750,,,0,14,,11725,,,0,55,,11700,,,0,16,,11721,,,0,15,,11723,,,0,15,,11702,,,0,55,,11703,,,0,15,,11749,,,0,14,,11722,,,0,15,,11701,,,0,55,,11720,,,0,15,,11724,,,0,16,,11719,,,0,18,,11746,,,0,60,,11747,,,0,20,,11748,,,0,20,,11745,,,0,60,,11744,,,0,20,,11758,,,0,20,,11757,,,0,60,,11759,,,0,24,,11760,,,0,70,,11761,,,0,30,,11762,,,0,70,,11763,,,0,30,,11764,,,0
1500,'4933',526,,3367,,,0,127,,3372,,,0,189,,3369,,,0,868,,3399,,,0
1500,'4935',545,,3377,,,0,59,,3371,,,0,16,,3374,,,0,17,,3358,,,0,71,,3370,,,0,15,,3426,,,0,13,,3373,,,0,12,,3368,,,0,11,,3375,,,0,50,,3359,,,0,11,,3382,,,0,11,,3362,,,0,22,,3357,,,0,52,,3376,,,0,12,,3378,,,0,11,,3380,,,0,14,,3379,,,0,15,,3381,,,0,55,,3361,,,0,15,,3360,,,0,15,,3363,,,0,15,,3383,,,0,55,,3384,,,0,15,,3385,,,0,14,,3364,,,0,15,,3386,,,0,55,,3387,,,0,15,,3428,,,0,15,,3388,,,0,15,,3365,,,0,55,,3389,,,0,15,,3366,,,0,15,,3390,,,0,15,,3391,,,0,56,,3392,,,0,15,,3408,,,0,15,,3393,,,0,15,,3402,,,0,53,,3394,,,0,15,,3395,,,0,15,,3396,,,0,15,,3397,,,0,55,,3398,,,0,15,,3425,,,0,15,,3427,,,0,15,,3407,,,0,70,,3401,,,0,16,,3400,,,0,14,,3403,,,0,55,,3404,,,0,18,,3405,,,0,15,,3406,,,0,15,,3413,,,0,55,,3415,,,0,15,,3414,,,0,20,,3409,,,0,60,,3416,,,0,20,,3412,,,0,20,,3417,,,0,60,,3411,,,0,20,,3418,,,0,20,,3419,,,0,60,,3420,,,0,25,,3421,,,0,70,,3410,,,0,31,,3422,,,0,70,,3423,,,0,30,,3424,,,0
1500,'4940',526,,11765,,,0,127,,11767,,,0,189,,11766,,,0,868,,11768,,,0
1500,'4941',526,,11769,,,0,19,,3450,,,0,59,,3444,,,0,16,,3447,,,0,17,,3431,,,0,16,,11771,,,0,55,,3443,,,0,15,,3503,,,0,13,,3446,,,0,12,,3441,,,0,11,,3448,,,0,50,,3432,,,0,11,,3455,,,0,11,,3435,,,0,11,,11770,,,0,11,,3430,,,0,52,,3449,,,0,12,,3451,,,0,11,,3453,,,0,14,,3452,,,0,15,,3454,,,0,55,,3434,,,0,15,,3433,,,0,15,,3436,,,0,15,,3456,,,0,55,,3457,,,0,15,,3458,,,0,14,,3437,,,0,15,,3459,,,0,55,,3460,,,0,15,,3505,,,0,15,,3461,,,0,15,,3438,,,0,55,,3462,,,0,15,,3439,,,0,15,,3463,,,0,15,,3464,,,0,56,,3465,,,0,15,,3481,,,0,15,,3466,,,0,15,,3475,,,0,53,,3467,,,0,15,,3468,,,0,15,,3469,,,0,15,,3470,,,0,55,,3471,,,0,15,,3502,,,0,15,,3504,,,0,15,,3480,,,0,55,,11772,,,0,15,,3474,,,0,16,,3473,,,0,14,,3476,,,0,55,,3477,,,0,18,,3478,,,0,15,,3479,,,0,15,,3486,,,0,55,,3488,,,0,15,,3487,,,0,20,,3482,,,0,60,,3489,,,0,20,,3485,,,0,20,,3490,,,0,60,,3484,,,0,20,,3491,,,0,20,,3492,,,0,60,,3493,,,0,25,,3494,,,0,70,,3483,,,0,31,,3495,,,0,70,,3496,,,0,30,,3497,,,0,70,,3498,,,0,30,,3500,,,0,70,,3499,,,0,30,,3501,,,0
1500,'4943',625,,3563,,,0,25,,3550,,,0,61,,3548,,,0,19,,3549,,,0,16,,3525,,,0,55,,3561,,,0,15,,3543,,,0,16,,3522,,,0,14,,3547,,,0,55,,3546,,,0,14,,3524,,,0,15,,3562,,,0,15,,3544,,,0,55,,3523,,,0,15,,3545,,,0,15,,3542,,,0,15,,3517,,,0,55,,3521,,,0,15,,3560,,,0,16,,3541,,,0,16,,3520,,,0,55,,3540,,,0,15,,3539,,,0,15,,3519,,,0,15,,3518,,,0,55,,3559,,,0,14,,3538,,,0,15,,3516,,,0,16,,3536,,,0,55,,3537,,,0,15,,3514,,,0,15,,3515,,,0,16,,3558,,,0,55,,3535,,,0,15,,3513,,,0,15,,3534,,,0,15,,3533,,,0,55,,3511,,,0,15,,3512,,,0,15,,3557,,,0,14,,3532,,,0,55,,3507,,,0,16,,3528,,,0,15,,3530,,,0,15,,3509,,,0,55,,3510,,,0,15,,3556,,,0,14,,3529,,,0,15,,3508,,,0,55,,3527,,,0,15,,3531,,,0,16,,3526,,,0,18,,3553,,,0,60,,3554,,,0,20,,3555,,,0,20,,3552,,,0,60,,3551,,,0,20,,3565,,,0,20,,3564,,,0,60,,3566,,,0,24,,3567,,,0,70,,3568,,,0,30,,3569,,,0,70,,3570,,,0,30,,3571,,,0,69,,3572,,,0,29,,3573,,,0,70,,3574,,,0,30,,3575,,,0
1500,'4945',647,,3616,,,0,70,,3615,,,0,28,,3591,,,0,61,,3594,,,0,17,,3632,,,0,16,,3581,,,0,15,,3593,,,0,55,,3580,,,0,15,,3576,,,0,15,,3595,,,0,15,,3585,,,0,55,,3597,,,0,15,,3577,,,0,15,,3582,,,0,15,,3578,,,0,54,,3579,,,0,15,,3600,,,0,15,,3589,,,0,15,,3598,,,0,55,,3586,,,0,15,,3588,,,0,15,,3583,,,0,14,,3584,,,0,55,,3601,,,0,15,,3590,,,0,15,,3602,,,0,15,,3587,,,0,55,,3603,,,0,15,,3604,,,0,15,,3599,,,0,15,,3614,,,0,55,,3610,,,0,15,,3608,,,0,15,,3606,,,0,15,,3611,,,0,55,,3613,,,0,15,,3607,,,0,15,,3609,,,0,15,,3612,,,0,55,,3605,,,0,15,,3592,,,0,15,,3596,,,0,15,,3620,,,0,56,,3619,,,0,15,,3618,,,0,15,,3622,,,0,15,,3627,,,0,60,,3624,,,0,20,,3617,,,0,20,,3623,,,0,59,,3626,,,0,27,,3625,,,0,69,,3621,,,0,30,,3628,,,0,70,,3629,,,0,30,,3631,,,0,70,,3630,,,0
2500,'4743',754,,12032,,,0,149,,12030,,,0,114,,12034,,,0,102,,12028,,,0,100,,12026,,,0,98,,12027,,,0,100,,12029,,,0,99,,12033,,,0,100,,12031,,,0,101,,12035,,,0,102,,12036,,,0,123,,12037,,,0,161,,12038,,,0,128,,12039,,,0,170,,12040,0,5,0
2500,'4933',1943,,4590,,,0,287,,4592,,,0
2500,'4935',610,,4584,,,0,35,,4577,,,0,73,,4575,,,0,39,,4576,,,0,68,,4583,,,0,94,,4582,,,0,104,,4580,,,0,100,,4578,,,0,101,,4579,,,0,99,,4585,,,0,100,,4581,,,0,181,,4587,,,0,41,,4586,,,0,97,,4588,,,0,101,,4589,,,0,260,,4591,,,0,298,,4593,0,5,0
2500,'4937',1522,,4594,,,0
2500,'4938',1522,,4595,,,0
2500,'4940',1943,,12041,,,0,287,,12042,,,0
2500,'4941',610,,4606,,,0,35,,4598,,,0,73,,4596,,,0,39,,4597,,,0,68,,4604,,,0,94,,4603,,,0,104,,4601,,,0,100,,4599,,,0,101,,4600,,,0,99,,4607,,,0,100,,4602,,,0,99,,4605,,,0,82,,4609,,,0,41,,4608,,,0,97,,4610,,,0,101,,4611,,,0,100,,12043,,,0,160,,4613,,,0,127,,12044,,,0,171,,4615,0,5,0
2500,'4943',754,,4622,,,0,149,,4620,,,0,114,,4624,,,0,102,,4618,,,0,100,,4616,,,0,98,,4617,,,0,100,,4619,,,0,99,,4623,,,0,100,,4621,,,0,101,,4625,,,0,102,,4626,,,0,123,,4627,,,0,161,,4628,,,0,128,,4629,,,0,170,,4630,0,5,0
2500,'4945',744,,4633,,,0,169,,4631,,,0,130,,4632,,,0,170,,4634,,,0,133,,4635,,,0,169,,4636,,,0,131,,4637,,,0,168,,4638,,,0,130,,4639,,,0,160,,4640,,,0,128,,4641,,,0
