2201,'4623',632,,69054,65,,,0,69,,69056,65,,,0,54,,69057,57,,,0,68,,69055,71,,,0,33,,69058,71,,,0,71,,69060,71,,,0,97,,69059,71,,,0,29,,69061,71,,,0,70,,69062,71,,,0,100,,69052,71,,,0,30,,69064,57,,,0,69,,69065,57,,,0,100,,69063,57,,,0,32,,69053,57,,,0,103,,69066,57,,,0,72,,69067,57,,,0,30,,69068,57,,,0,97,,69069,57,,,0,75,,69070,57,,,0,96,,69071,57,,,0,30,,69072,57,,,0,100,,69074,57,,,0,70,,69073,57,,,0
2201,'4833',747,,69086,57,,,0,80,,69096,57,,,0,29,,69082,57,,,0,69,,69076,57,,,0,31,,69085,57,,,0,70,,69097,57,,,0,30,,69081,57,,,0,70,,69080,57,,,0,31,,69083,57,,,0,69,,69078,57,,,0,29,,69101,57,,,0,70,,69079,57,,,0,29,,69084,57,,,0,70,,69077,57,,,0,30,,69090,57,,,0,70,,69100,57,,,0,29,,69092,57,,,0,71,,69088,57,,,0,31,,69091,57,,,0,74,,69093,57,,,0,30,,69089,57,,,0,71,,69087,57,,,0,70,,69104,57,,,0,30,,69094,57,,,0,27,,69099,57,,,0,68,,69095,57,,,0,31,,69102,57,,,0,70,,69098,57,,,0
2201,'5015',747,,69115,57,,,0,80,,69126,57,,,0,29,,69111,57,,,0,69,,69105,57,,,0,31,,69114,57,,,0,70,,69127,57,,,0,30,,69110,57,,,0,70,,69109,57,,,0,31,,69112,57,,,0,69,,69107,57,,,0,29,,69131,57,,,0,70,,69108,57,,,0,29,,69113,57,,,0,70,,69106,57,,,0,30,,69119,57,,,0,70,,69130,57,,,0,29,,69121,57,,,0,71,,69117,57,,,0,31,,69120,57,,,0,74,,69122,57,,,0,30,,69118,57,,,0,71,,69116,57,,,0,70,,69124,57,,,0,30,,69123,57,,,0,27,,69129,57,,,0,68,,69125,57,,,0,31,,69132,57,,,0,70,,69128,57,,,0
2201,'5078',817,,56891,57,,,0,40,,56892,57,,,0,69,,56884,57,,,0,28,,56885,57,,,0,71,,56894,57,,,0,30,,56893,57,,,0,69,,56883,57,,,0,31,,56887,57,,,0,70,,56888,57,,,0,30,,56886,57,,,0,69,,56890,57,,,0,30,,56889,57,,,0,70,,56896,57,,,0,30,,56897,57,,,0,70,,56895,57,,,0,30,,56899,57,,,0,73,,56898,57,,,0,30,,56901,57,,,0,70,,56900,57,,,0,30,,56902,57,,,0,71,,56903,57,,,0,30,,56904,57,,,0
2201,'5222',632,,69136,65,,,0,69,,69138,65,,,0,54,,69139,57,,,0,68,,69137,71,,,0,33,,69140,71,,,0,71,,69142,71,,,0,97,,69141,71,,,0,29,,69143,71,,,0,70,,69144,71,,,0,100,,69134,71,,,0,30,,69146,57,,,0,69,,69147,57,,,0,100,,69145,57,,,0,32,,69135,57,,,0,103,,69148,57,,,0,72,,69149,57,,,0,30,,69150,57,,,0,97,,69151,57,,,0,75,,69152,57,,,0,96,,69153,57,,,0,30,,69154,57,,,0,100,,69156,57,,,0,70,,69155,57,,,0
2201,'5365',817,,69166,57,,,0,40,,69167,57,,,0,69,,69159,57,,,0,28,,69160,57,,,0,71,,69169,57,,,0,30,,69168,57,,,0,69,,69158,57,,,0,31,,69162,57,,,0,70,,69163,57,,,0,30,,69161,57,,,0,69,,69165,57,,,0,30,,69164,57,,,0,70,,69171,57,,,0,30,,69172,57,,,0,70,,69170,57,,,0,30,,69174,57,,,0,73,,69173,57,,,0,30,,69176,57,,,0,70,,69175,57,,,0,30,,69177,57,,,0,71,,69178,57,,,0,30,,69179,57,,,0
2201,'5390',817,,69191,57,,,0,40,,69192,57,,,0,69,,69184,57,,,0,28,,69185,57,,,0,71,,69194,57,,,0,30,,69193,57,,,0,69,,69183,57,,,0,31,,69187,57,,,0,70,,69188,57,,,0,30,,69186,57,,,0,69,,69190,57,,,0,30,,69189,57,,,0,70,,69196,57,,,0,30,,69197,57,,,0,70,,69195,57,,,0,30,,69199,57,,,0,73,,69198,57,,,0,30,,69201,57,,,0,70,,69200,57,,,0,30,,69202,57,,,0,71,,69203,57,,,0,30,,69204,57,,,0
2700,'4623',722,,70290,18,,,0,111,,70302,18,,,0,22,,70334,18,,,0,64,,70316,18,,,0,25,,70297,18,,,0,66,,70286,18,,,0,25,,70285,18,,,0,66,,70284,18,,,0,27,,70287,18,,,0,26,,70301,18,,,0,67,,70313,18,,,0,26,,70294,18,,,0,66,,70288,18,,,0,26,,70292,18,,,0,64,,70293,18,,,0,25,,70295,18,,,0,22,,70300,18,,,0,62,,70291,18,,,0,15,,70322,18,,,0,16,,70326,18,,,0,16,,70327,18,,,0,57,,70328,18,,,0,15,,70303,18,,,0,16,,70329,18,,,0,57,,70298,18,,,0,17,,70299,18,,,0,15,,70306,18,,,0,14,,70304,18,,,0,56,,70305,18,,,0,16,,70307,18,,,0,15,,70308,18,,,0,21,,70310,18,,,0,63,,70311,18,,,0,27,,70312,18,,,0,68,,70317,18,,,0,29,,70320,18,,,0,68,,70319,18,,,0,29,,70318,18,,,0,70,,70321,18,,,0,36,,70324,18,,,0,79,,70325,18,,,0,79,,70323,18,,,0,40,,70330,18,,,0,80,,70332,18,,,0,80,,70331,18,,,0,39,,70333,18,,,0
2700,'4833',642,,70336,18,,,0,71,,70337,18,,,0,27,,70338,18,,,0,70,,70339,18,,,0,27,,70340,18,,,0,67,,70341,18,,,0,26,,70342,18,,,0,26,,70343,18,,,0,66,,70344,18,,,0,22,,70345,18,,,0,62,,70346,18,,,0,23,,70347,18,,,0,22,,70348,18,,,0,62,,70349,18,,,0,22,,70350,18,,,0,23,,70351,18,,,0,63,,70352,18,,,0,23,,70353,18,,,0,63,,70354,18,,,0,19,,70355,18,,,0,21,,70356,18,,,0,60,,70357,18,,,0,22,,70358,18,,,0,21,,70359,18,,,0,60,,70360,18,,,0,20,,70361,18,,,0,21,,70362,18,,,0,59,,70363,18,,,0,21,,70364,18,,,0,20,,70365,18,,,0,60,,70366,18,,,0,20,,70367,18,,,0,21,,70368,18,,,0,66,,70369,18,,,0,26,,70370,18,,,0,69,,70371,18,,,0,30,,70372,18,,,0,69,,70373,18,,,0,30,,70374,18,,,0,70,,70375,18,,,0,34,,70376,18,,,0,71,,70377,18,,,0,30,,70378,18,,,0,71,,70379,18,,,0
2700,'5015',642,,70381,18,,,0,71,,70382,18,,,0,27,,70383,18,,,0,70,,70384,18,,,0,27,,70385,18,,,0,67,,70386,18,,,0,26,,70387,18,,,0,26,,70388,18,,,0,66,,70389,18,,,0,22,,70390,18,,,0,62,,70391,18,,,0,23,,70392,18,,,0,22,,70393,18,,,0,62,,70394,18,,,0,22,,70395,18,,,0,23,,70396,18,,,0,63,,70397,18,,,0,23,,70398,18,,,0,63,,70399,18,,,0,19,,70400,18,,,0,21,,70401,18,,,0,60,,70402,18,,,0,22,,70403,18,,,0,21,,70404,18,,,0,60,,70405,18,,,0,20,,70406,18,,,0,21,,70407,18,,,0,59,,70408,18,,,0,21,,70409,18,,,0,20,,70410,18,,,0,60,,70411,18,,,0,20,,70412,18,,,0,21,,70413,18,,,0,66,,70414,18,,,0,26,,70415,18,,,0,69,,70416,18,,,0,30,,70417,18,,,0,69,,70418,18,,,0,30,,70419,18,,,0,70,,70420,18,,,0,34,,70421,18,,,0,71,,70422,18,,,0,30,,70423,18,,,0,71,,70424,18,,,0,30,,70425,18,,,0,68,,70426,18,,,0,30,,70427,18,,,0,70,,70428,18,,,0,29,,70429,18,,,0
2700,'5078',715,,57817,18,,,0,30,,57819,18,,,0,69,,57820,18,,,0,30,,57821,18,,,0,70,,57822,18,,,0,28,,57823,18,,,0,68,,57824,18,,,0,27,,57825,18,,,0,67,,57826,18,,,0,24,,57827,18,,,0,25,,57828,18,,,0,63,,57829,18,,,0,23,,57830,18,,,0,62,,57831,18,,,0,24,,57832,18,,,0,23,,57833,18,,,0,63,,57834,18,,,0,23,,57835,18,,,0,22,,57836,18,,,0,63,,57837,18,,,0,23,,57838,18,,,0,63,,57839,18,,,0,23,,57840,18,,,0,23,,57841,18,,,0,63,,57842,18,,,0,23,,57843,18,,,0,64,,57844,18,,,0,24,,57845,18,,,0,25,,57846,18,,,0,66,,57847,18,,,0,28,,57848,18,,,0,69,,57849,18,,,0,30,,57850,18,,,0,70,,57851,18,,,0,36,,57852,18,,,0,83,,57853,18,,,0,79,,57854,18,,,0,101,,57855,18,,,0
2700,'5222',722,,70438,18,,,0,111,,70450,18,,,0,22,,70478,18,,,0,64,,70464,18,,,0,25,,70445,18,,,0,66,,70434,18,,,0,25,,70433,18,,,0,66,,70432,18,,,0,27,,70435,18,,,0,26,,70449,18,,,0,67,,70461,18,,,0,26,,70442,18,,,0,66,,70436,18,,,0,26,,70440,18,,,0,64,,70441,18,,,0,25,,70443,18,,,0,22,,70448,18,,,0,62,,70439,18,,,0,15,,70470,18,,,0,16,,70474,18,,,0,16,,70475,18,,,0,57,,70476,18,,,0,15,,70451,18,,,0,16,,70477,18,,,0,57,,70446,18,,,0,17,,70447,18,,,0,15,,70454,18,,,0,14,,70452,18,,,0,56,,70453,18,,,0,16,,70455,18,,,0,15,,70456,18,,,0,21,,70458,18,,,0,63,,70459,18,,,0,27,,70460,18,,,0,68,,70465,18,,,0,29,,70468,18,,,0,68,,70467,18,,,0,29,,70466,18,,,0,70,,70469,18,,,0,36,,70472,18,,,0,79,,70473,18,,,0,79,,70471,18,,,0
2700,'5365',715,,70479,18,,,0,30,,70481,18,,,0,69,,70482,18,,,0,30,,70483,18,,,0,70,,70484,18,,,0,28,,70485,18,,,0,68,,70486,18,,,0,27,,70487,18,,,0,67,,70488,18,,,0,24,,70489,18,,,0,25,,70490,18,,,0,63,,70491,18,,,0,23,,70492,18,,,0,62,,70493,18,,,0,24,,70494,18,,,0,23,,70495,18,,,0,63,,70496,18,,,0,23,,70497,18,,,0,22,,70498,18,,,0,63,,70499,18,,,0,23,,70500,18,,,0,63,,70501,18,,,0,23,,70502,18,,,0,23,,70503,18,,,0,63,,70504,18,,,0,23,,70505,18,,,0,64,,70506,18,,,0,24,,70507,18,,,0,25,,70508,18,,,0,66,,70509,18,,,0,28,,70510,18,,,0,69,,70511,18,,,0,30,,70512,18,,,0,70,,70513,18,,,0,36,,70514,18,,,0,83,,70515,18,,,0,79,,70516,18,,,0,101,,70517,18,,,0
2700,'5390',715,,70518,18,,,0,30,,70520,18,,,0,69,,70521,18,,,0,30,,70522,18,,,0,70,,70523,18,,,0,28,,70524,18,,,0,68,,70525,18,,,0,27,,70526,18,,,0,67,,70527,18,,,0,24,,70528,18,,,0,25,,70529,18,,,0,63,,70530,18,,,0,23,,70531,18,,,0,62,,70532,18,,,0,24,,70533,18,,,0,23,,70534,18,,,0,63,,70535,18,,,0,23,,70536,18,,,0,22,,70537,18,,,0,63,,70538,18,,,0,23,,70539,18,,,0,63,,70540,18,,,0,23,,70541,18,,,0,23,,70542,18,,,0,63,,70543,18,,,0,23,,70544,18,,,0,64,,70545,18,,,0,24,,70546,18,,,0,25,,70547,18,,,0,66,,70548,18,,,0,28,,70549,18,,,0,69,,70550,18,,,0,30,,70551,18,,,0,70,,70552,18,,,0,36,,70553,18,,,0,83,,70554,18,,,0,79,,70555,18,,,0,101,,70556,18,,,0
2800,'4623',557,,70849,18,,,0,64,,70845,18,,,0,22,,70844,18,,,0,11,,70847,18,,,0,52,,70867,18,,,0,8,,70848,18,,,0,22,,70852,18,,,0,14,,70863,18,,,0,52,,70853,18,,,0,17,,70850,18,,,0,24,,70851,18,,,0,64,,70893,18,,,0,24,,70854,18,,,0,26,,70855,18,,,0,66,,70868,18,,,0,25,,70873,18,,,0,67,,70860,18,,,0,26,,70856,18,,,0,66,,70857,18,,,0,27,,70859,18,,,0,66,,70858,18,,,0,27,,70866,18,,,0,24,,70874,18,,,0,64,,70862,18,,,0,24,,70861,18,,,0,62,,70886,18,,,0,34,,70865,18,,,0,71,,70864,18,,,0,33,,70887,18,,,0,73,,70882,18,,,0,32,,70888,18,,,0,70,,70869,18,,,0,16,,70889,18,,,0,17,,70876,18,,,0,62,,70872,18,,,0,26,,70870,18,,,0,67,,70871,18,,,0,29,,70881,18,,,0,28,,70878,18,,,0,69,,70880,18,,,0,29,,70879,18,,,0,71,,70877,18,,,0,79,,70884,18,,,0,39,,70885,18,,,0,80,,70883,18,,,0,80,,70890,18,,,0,40,,70892,18,,,0,80,,70891,18,,,0
2800,'4833',756,,70898,18,,,0,69,,70899,18,,,0,25,,70900,18,,,0,67,,70901,18,,,0,26,,70902,18,,,0,67,,70894,18,,,0,23,,70903,18,,,0,22,,70904,18,,,0,62,,70905,18,,,0,23,,70906,18,,,0,62,,70907,18,,,0,22,,70908,18,,,0,22,,70909,18,,,0,63,,70910,18,,,0,24,,70911,18,,,0,22,,70912,18,,,0,62,,70913,18,,,0,20,,70914,18,,,0,20,,70915,18,,,0,61,,70916,18,,,0,22,,70917,18,,,0,60,,70918,18,,,0,20,,70919,18,,,0,21,,70920,18,,,0,59,,70921,18,,,0,21,,70922,18,,,0,20,,70923,18,,,0,60,,70924,18,,,0,20,,70925,18,,,0,20,,70926,18,,,0,63,,70927,18,,,0,26,,70928,18,,,0,28,,70929,18,,,0,70,,70930,18,,,0,30,,70931,18,,,0,69,,70932,18,,,0,30,,70933,18,,,0,71,,70934,18,,,0,75,,70935,18,,,0,30,,70936,18,,,0,70,,70937,18,,,0,30,,70938,18,,,0
2800,'5015',756,,70943,18,,,0,69,,70944,18,,,0,25,,70945,18,,,0,67,,70946,18,,,0,26,,70947,18,,,0,67,,70939,18,,,0,23,,70948,18,,,0,22,,70949,18,,,0,62,,70950,18,,,0,23,,70951,18,,,0,62,,70952,18,,,0,22,,70953,18,,,0,22,,70954,18,,,0,63,,70955,18,,,0,24,,70956,18,,,0,22,,70957,18,,,0,62,,70958,18,,,0,20,,70959,18,,,0,20,,70960,18,,,0,61,,70961,18,,,0,22,,70962,18,,,0,60,,70963,18,,,0,20,,70964,18,,,0,21,,70965,18,,,0,59,,70966,18,,,0,21,,70967,18,,,0,20,,70968,18,,,0,60,,70969,18,,,0,20,,70970,18,,,0,20,,70971,18,,,0,63,,70972,18,,,0,26,,70973,18,,,0,28,,70974,18,,,0,70,,70975,18,,,0,30,,70976,18,,,0,69,,70977,18,,,0,30,,70978,18,,,0,71,,70979,18,,,0,75,,70980,18,,,0,30,,70981,18,,,0,70,,70982,18,,,0,30,,70983,18,,,0,70,,70984,18,,,0,28,,70985,18,,,0,70,,70986,18,,,0,29,,70987,18,,,0
2800,'5078',829,,58237,18,,,0,30,,58238,18,,,0,70,,58239,18,,,0,27,,58240,18,,,0,67,,58241,18,,,0,27,,58242,18,,,0,66,,58243,18,,,0,25,,58244,18,,,0,64,,58245,18,,,0,23,,58246,18,,,0,22,,58247,18,,,0,63,,58248,18,,,0,24,,58249,18,,,0,63,,58250,18,,,0,23,,58251,18,,,0,22,,58252,18,,,0,63,,58253,18,,,0,23,,58254,18,,,0,23,,58255,18,,,0,63,,58256,18,,,0,23,,58257,18,,,0,63,,58258,18,,,0,23,,58259,18,,,0,23,,58260,18,,,0,64,,58261,18,,,0,25,,58262,18,,,0,65,,58263,18,,,0,27,,58264,18,,,0,29,,58265,18,,,0,69,,58266,18,,,0,30,,58267,18,,,0,71,,58268,18,,,0,80,,58269,18,,,0,42,,58270,18,,,0,86,,58271,18,,,0
2800,'5222',557,,70993,18,,,0,64,,70989,18,,,0,22,,70988,18,,,0,11,,70991,18,,,0,52,,71011,18,,,0,8,,70992,18,,,0,22,,70996,18,,,0,14,,71007,18,,,0,52,,70997,18,,,0,17,,70994,18,,,0,24,,70995,18,,,0,64,,71034,18,,,0,24,,70998,18,,,0,26,,70999,18,,,0,66,,71012,18,,,0,25,,71017,18,,,0,67,,71004,18,,,0,26,,71000,18,,,0,66,,71001,18,,,0,27,,71003,18,,,0,66,,71002,18,,,0,27,,71010,18,,,0,24,,71018,18,,,0,64,,71006,18,,,0,24,,71005,18,,,0,62,,71030,18,,,0,34,,71009,18,,,0,71,,71008,18,,,0,33,,71031,18,,,0,73,,71026,18,,,0,32,,71032,18,,,0,70,,71013,18,,,0,16,,71033,18,,,0,17,,71020,18,,,0,62,,71016,18,,,0,26,,71014,18,,,0,67,,71015,18,,,0,29,,71025,18,,,0,28,,71022,18,,,0,69,,71024,18,,,0,29,,71023,18,,,0,71,,71021,18,,,0,79,,71028,18,,,0,39,,71029,18,,,0,80,,71027,18,,,0
2800,'5365',829,,71039,18,,,0,30,,71040,18,,,0,70,,71041,18,,,0,27,,71042,18,,,0,67,,71043,18,,,0,27,,71044,18,,,0,66,,71045,18,,,0,25,,71046,18,,,0,64,,71047,18,,,0,23,,71048,18,,,0,22,,71049,18,,,0,63,,71050,18,,,0,24,,71051,18,,,0,63,,71052,18,,,0,23,,71053,18,,,0,22,,71054,18,,,0,63,,71055,18,,,0,23,,71056,18,,,0,23,,71057,18,,,0,63,,71058,18,,,0,23,,71059,18,,,0,63,,71060,18,,,0,23,,71061,18,,,0,23,,71062,18,,,0,64,,71063,18,,,0,25,,71064,18,,,0,65,,71065,18,,,0,27,,71066,18,,,0,29,,71067,18,,,0,69,,71068,18,,,0,30,,71069,18,,,0,71,,71070,18,,,0,80,,71071,18,,,0,42,,71072,18,,,0,86,,71073,18,,,0
2800,'5390',829,,71078,18,,,0,30,,71079,18,,,0,70,,71080,18,,,0,27,,71081,18,,,0,67,,71082,18,,,0,27,,71083,18,,,0,66,,71084,18,,,0,25,,71085,18,,,0,64,,71086,18,,,0,23,,71087,18,,,0,22,,71088,18,,,0,63,,71089,18,,,0,24,,71090,18,,,0,63,,71091,18,,,0,23,,71092,18,,,0,22,,71093,18,,,0,63,,71094,18,,,0,23,,71095,18,,,0,23,,71096,18,,,0,63,,71097,18,,,0,23,,71098,18,,,0,63,,71099,18,,,0,23,,71100,18,,,0,23,,71101,18,,,0,64,,71102,18,,,0,25,,71103,18,,,0,65,,71104,18,,,0,27,,71105,18,,,0,29,,71106,18,,,0,69,,71107,18,,,0,30,,71108,18,,,0,71,,71109,18,,,0,80,,71110,18,,,0,42,,71111,18,,,0,86,,71112,18,,,0
1002201,'4623',734,,77489,59,,,0,220,,77490,59,,,0,199,,77492,59,,,0,199,,77493,45,,,0,175,,77494,45,,,0,200,,77491,45,,,0,129,,77495,45,,,0,171,,77496,45,,,0
1002201,'5222',734,,77497,59,,,0,220,,77498,59,,,0,199,,77500,59,,,0,199,,77501,45,,,0,175,,77502,45,,,0,200,,77499,45,,,0,129,,77503,45,,,0,171,,77504,45,,,0
