6000,'4332',718,,60647,11,,,0,100,,60648,11,,,0,101,,60646,11,,,0,101,,60645,11,,,0,106,,60644,11,,,0,105,,60643,11,,,0,105,,60642,11,,,0,106,,60641,11,,,0,106,,60639,11,,,0,102,,60640,11,,,0,103,,60635,11,,,0,104,,60636,11,,,0,145,,60637,11,,,0,120,,60638,11,,,0
6000,'4663',645,,60621,11,,,0,73,,60616,11,,,0,31,,60624,11,,,0,106,,60618,11,,,0,101,,60617,11,,,0,101,,60619,11,,,0,97,,60620,11,,,0,103,,60622,11,,,0,102,,60623,11,,,0,82,,60628,12,,,0,67,,60625,11,,,0,103,,60615,11,,,0,41,,60632,11,,,0,82,,60626,11,,,0,82,,60627,11,,,0,41,,60631,11,,,0,143,,60629,11,,,0,104,,60630,11,,,0,114,,60633,11,,,0
6000,'5078',819,,60649,11,,,0,101,,60650,11,,,0,101,,60652,11,,,0,106,,60651,11,,,0,105,,60656,11,,,0,105,,60655,11,,,0,105,,60654,11,,,0,105,,60653,11,,,0,102,,60659,11,,,0,103,,60660,11,,,0,104,,60661,11,,,0,145,,60658,11,,,0,120,,60657,11,,,0
6000,'5372',645,,45859,11,,,0,73,,45854,11,,,0,31,,45862,11,,,0,106,,45856,11,,,0,101,,45855,11,,,0,101,,45857,11,,,0,97,,45858,11,,,0,103,,45860,11,,,0,102,,45861,11,,,0,149,,45863,11,,,0,31,,45871,12,,,0,72,,60634,11,,,0,41,,45869,11,,,0,82,,45864,11,,,0,82,,45865,11,,,0,41,,45868,11,,,0,143,,45866,11,,,0,104,,45867,11,,,0,114,,45870,11,,,0
6000,'5385',645,,60668,11,,,0,73,,60663,11,,,0,31,,60671,11,,,0,106,,60665,11,,,0,101,,60664,11,,,0,101,,60666,11,,,0,97,,60667,11,,,0,103,,60669,11,,,0,102,,60670,11,,,0,149,,60672,11,,,0,31,,60680,12,,,0,72,,60662,11,,,0,41,,60678,11,,,0,82,,60673,11,,,0,82,,60674,11,,,0,41,,60677,11,,,0,143,,60675,11,,,0,104,,60676,11,,,0,114,,60679,11,,,0
6001,'4332',735,,60710,24,0,28 37 14,0,101,,60711,24,0,28 37 14,0,100,,60712,24,0,28 37 14,0,101,,60709,24,0,28 37 14,0,105,,60708,24,0,28 37 14,0,105,,60707,24,0,28 37 14,0,106,,60706,24,0,28 37 14,0,105,,60705,24,0,28 37 14,0,144,,60704,24,0,28 37 14,0,105,,60703,24,0,28 37 14,0,105,,60702,24,0,28 37 14,0,105,,60701,24,0,28 37 14,0,104,,60700,24,0,28 37 14,0,107,,60699,24,0,28 37 14,0
6001,'4663',725,,60685,24,0,28 37 14,0,78,,60683,24,0,28 37 14,0,33,,60684,24,0,28 37 14,0,79,,60682,24,0,28 37 14,0,92,,60681,24,0,28 37 14,0,101,,60686,24,0,28 37 14,0,101,,60687,24,0,28 37 14,0,103,,60688,24,0,28 37 14,0,111,,60689,24,0,28 37 14,0,97,,60690,24,0,28 37 14,0,91,,60691,24,0,28 37 14,0,44,,60692,24,0,28 37 14,0,81,,60697,24,0,28 37 14,0,85,,60694,24,0,28 37 14,0,100,,60693,24,0,28 37 14,0,99,,60695,24,0,28 37 14,0,110,,60696,24,0,28 37 14,0,107,,60698,24,0,28 37 14,0
6001,'5078',835,,60714,24,0,28 37 14,0,101,,60715,24,0,28 37 14,0,101,,60716,24,0,28 37 14,0,105,,60713,24,0,28 37 14,0,105,,60719,24,0,28 37 14,0,105,,60720,24,0,28 37 14,0,106,,60718,24,0,28 37 14,0,145,,60717,24,0,28 37 14,0,105,,60722,24,0,28 37 14,0,104,,60723,24,0,28 37 14,0,105,,60721,24,0,28 37 14,0,104,,60725,24,0,28 37 14,0,106,,60724,24,0,28 37 14,0
6001,'5372',725,,45935,24,0,28 37 14,0,78,,45933,24,0,28 37 14,0,33,,45934,24,0,28 37 14,0,79,,45932,24,0,28 37 14,0,92,,45931,24,0,28 37 14,0,101,,45936,24,0,28 37 14,0,101,,45937,24,0,28 37 14,0,103,,45938,24,0,28 37 14,0,111,,45939,24,0,28 37 14,0,97,,45940,24,0,28 37 14,0,91,,45941,24,0,28 37 14,0,44,,45942,24,0,28 37 14,0,81,,45947,24,0,28 37 14,0,85,,45944,24,0,28 37 14,0,100,,45943,24,0,28 37 14,0,99,,45945,24,0,28 37 14,0,110,,45946,24,0,28 37 14,0,107,,45948,24,0,28 37 14,0
6001,'5385',725,,60730,24,0,28 37 14,0,78,,60728,24,0,28 37 14,0,33,,60729,24,0,28 37 14,0,79,,60727,24,0,28 37 14,0,92,,60726,24,0,28 37 14,0,101,,60731,24,0,28 37 14,0,101,,60732,24,0,28 37 14,0,103,,60733,24,0,28 37 14,0,111,,60734,24,0,28 37 14,0,97,,60735,24,0,28 37 14,0,91,,60736,24,0,28 37 14,0,44,,60737,24,0,28 37 14,0,81,,60742,24,0,28 37 14,0,85,,60739,24,0,28 37 14,0,100,,60738,24,0,28 37 14,0,99,,60740,24,0,28 37 14,0,110,,60741,24,0,28 37 14,0,107,,60743,24,0,28 37 14,0
