2200,'4332',712,,56765,43,,,0,40,,56751,43,,,0,80,,56755,43,,,0,80,,56768,43,,,0,32,,56752,43,,,0,70,,56746,43,,,0,32,,56753,43,,,0,72,,56767,43,,,0,32,,56750,43,,,0,71,,56749,43,,,0,31,,56754,43,,,0,70,,56747,43,,,0,31,,56772,43,,,0,70,,56748,43,,,0,30,,56761,43,,,0,70,,56757,43,,,0,30,,56760,43,,,0,69,,56771,43,,,0,29,,56762,43,,,0,71,,56756,43,,,0,30,,56764,43,,,0,72,,56763,43,,,0,30,,56759,43,,,0,67,,56758,43,,,0,29,,56773,43,,,0,69,,56774,43,,,0,27,,56770,43,,,0,68,,56766,43,,,0
2200,'4663',624,,56740,43,,,0,31,,56724,43,,,0,70,,56735,43,,,0,33,,56727,43,,,0,74,,56739,43,,,0,22,,56719,43,,,0,68,,56723,43,,,0,102,,56725,43,,,0,26,,56741,43,,,0,70,,56718,43,,,0,103,,56734,43,0,21 22,0,30,,56726,43,0,21 22,0,70,,56742,43,0,21 22,0,30,,56720,43,0,21 22,0,63,,56716,13,,,0,39,,56737,43,0,21 22,0,71,,56731,43,0,21 22,0,77,,56744,43,0,21 22,0,102,,56732,43,0,21 22,0,95,,56728,43,0,21 22,0,27,,56743,43,,,0,24,,56721,43,,,0,97,,56736,43,,,0,70,,56733,43,,,0,29,,56722,43,,,0,68,,56730,43,,,0
2200,'5078',800,,56779,43,,,0,102,,56780,43,,,0,41,,56781,43,,,0,71,,56776,43,,,0,32,,56777,43,,,0,70,,56778,43,,,0,31,,56783,43,,,0,69,,56784,43,,,0,32,,56782,43,,,0,70,,56785,43,,,0,30,,56786,43,,,0,70,,56794,43,,,0,31,,56793,43,,,0,70,,56787,43,,,0,30,,56788,43,,,0,70,,56789,43,,,0,30,,56790,43,,,0,72,,56791,43,,,0,30,,56792,43,,,0,69,,56795,43,,,0,29,,56796,43,,,0,67,,56797,43,,,0,30,,56798,43,,,0,154,,56799,26,,,0
2200,'5372',624,,49994,43,,,0,31,,49978,43,,,0,70,,49989,43,,,0,33,,49981,43,,,0,74,,49993,43,,,0,22,,49973,43,,,0,68,,49977,43,,,0,102,,49979,43,,,0,26,,49995,43,,,0,70,,49972,43,,,0,103,,49988,43,0,21 22,0,30,,49980,43,0,21 22,0,70,,49996,43,0,21 22,0,30,,49974,43,0,21 22,0,102,,49991,43,0,21 22,0,71,,49985,43,0,21 22,0,77,,49998,43,0,21 22,0,102,,49986,43,0,21 22,0,95,,49982,43,0,21 22,0,27,,49997,43,,,0,24,,49975,43,,,0,97,,49990,43,,,0,70,,49987,43,,,0,29,,49976,43,,,0,68,,49984,43,,,0
2200,'5373',1518,,56745,13,,,0
2200,'5385',624,,56823,43,,,0,31,,56807,43,,,0,70,,56818,43,,,0,33,,56810,43,,,0,74,,56822,43,,,0,22,,56802,43,,,0,68,,56806,43,,,0,102,,56808,43,,,0,26,,56824,43,,,0,70,,56801,43,,,0,103,,56817,43,0,21 22,0,30,,56809,43,0,21 22,0,70,,56825,43,0,21 22,0,30,,56803,43,0,21 22,0,102,,56820,43,0,21 22,0,71,,56814,43,0,21 22,0,77,,56827,43,0,21 22,0,102,,56815,43,0,21 22,0,95,,56811,43,0,21 22,0,27,,56826,43,,,0,24,,56804,43,,,0,97,,56819,43,,,0,70,,56816,43,,,0,29,,56805,43,,,0,68,,56813,43,,,0
2200,'5387',1518,,56828,13,,,0
2200,'5388',1416,,56829,13,,,0
3800,'4663',635,,59162,32,,,0,76,,59163,32,,,0,17,,59164,32,,,0,15,,59167,32,,,0,63,,59165,32,,,0,28,,59166,32,,,0,75,,59182,32,,,0,27,,59168,32,,,0,99,,59169,32,,,0,101,,59170,32,,,0,103,,59171,32,,,0,101,,59172,32,,,0,97,,59173,32,,,0,80,,59183,32,,,0,31,,59174,32,,,0,71,,59175,32,,,0,34,,59176,32,,,0,68,,59177,32,,,0,33,,59178,32,,,0,81,,59180,32,,,0,102,,59179,32,,,0,102,,59181,32,,,0
3800,'5372',635,,44167,32,,,0,76,,44168,32,,,0,17,,44169,32,,,0,15,,44172,32,,,0,63,,44170,32,,,0,28,,44171,32,,,0,75,,44187,32,,,0,27,,44173,32,,,0,99,,50230,32,,,0,101,,44175,32,,,0,103,,50231,32,,,0,101,,59184,32,,,0,97,,44178,32,,,0,80,,44188,32,,,0,31,,44179,32,,,0,71,,44180,32,,,0,34,,44181,32,,,0,68,,44182,32,,,0,33,,44183,32,,,0,81,,59185,32,,,0,102,,50232,32,,,0,102,,59186,32,,,0
3800,'5385',635,,59187,32,,,0,76,,59188,32,,,0,17,,59189,32,,,0,15,,59192,32,,,0,63,,59190,32,,,0,28,,59191,32,,,0,75,,59207,32,,,0,27,,59193,32,,,0,99,,59194,32,,,0,101,,59195,32,,,0,103,,59196,32,,,0,101,,59197,32,,,0,97,,59198,32,,,0,80,,59208,32,,,0,31,,59199,32,,,0,71,,59200,32,,,0,34,,59201,32,,,0,68,,59202,32,,,0,33,,59203,32,,,0,81,,59205,32,,,0,102,,59204,32,,,0,102,,59206,32,,,0
