8300,'4487',1047,,30133,,,0,300,,30134,,,0,304,,30132,,,0,300,,30131,,,0
8300,'4743',1047,,13978,,,0,300,,13979,,,0,304,,13977,,,0,300,,13976,,,0
8300,'4744',700,,30135,,,0,204,,30136,,,0,140,,30137,,,0,207,,30138,,,0,198,,30139,,,0,253,,30140,,,0,207,,30141,,,0
8300,'4745',1046,,30144,,,0,300,,30145,,,0,305,,30143,,,0,300,,30142,,,0
8300,'4935',700,,9346,,,0,204,,9347,,,0,140,,9348,,,0,207,,9349,,,0,198,,9350,,,0,253,,9351,,,0,207,,9352,,,0
8300,'4941',700,,9353,,,0,204,,9354,,,0,140,,9355,,,0,207,,9356,,,0,198,,9357,,,0,253,,9358,,,0,207,,9359,,,0
8300,'4943',1047,,9362,,,0,300,,9363,,,0,304,,9361,,,0,300,,9360,,,0
8300,'4945',1046,,9366,,,0,300,,9367,,,0,305,,9365,,,0,300,,9364,,,0
8300,'4947',700,,30146,,,0,204,,30147,,,0,140,,30148,,,0,207,,30149,,,0,198,,30150,,,0,253,,30151,,,0,207,,30152,,,0
8300,'4952',700,,30153,,,0,204,,30154,,,0,140,,30155,,,0,207,,30156,,,0,198,,30157,,,0,253,,30158,,,0,207,,30159,,,0
8300,'4953',1047,,30162,,,0,300,,30163,,,0,304,,30161,,,0,300,,30160,,,0
8300,'4954',1046,,30166,,,0,300,,30167,,,0,305,,30165,,,0,300,,30164,,,0
