300,'4532',643,,63685,3,,,0,68,,63668,3,,,0,30,,63662,3,,,0,67,,63677,3,,,0,32,,63670,3,,,0,66,,63687,3,,,0,33,,63676,3,,,0,67,,63663,3,,,0,26,,63684,3,,,0,72,,63675,3,,,0,28,,63666,3,,,0,71,,63688,3,,,0,29,,63678,3,,,0,72,,63665,3,,,0,28,,63672,3,,,0,75,,63664,3,,,0,28,,63671,3,,,0,81,,63669,3,,,0,33,,63673,3,,,0,76,,63667,3,,,0,27,,63674,3,,,0,74,,63680,3,,,0,31,,63681,3,,,0,70,,63679,3,,,0,27,,63682,3,,,0,69,,63683,3,,,0,33,,63689,3,,,0,69,,63686,3,,,0,87,,63690,3,0,5,0
300,'4623',605,,63632,3,,,0,31,,63631,3,,,0,76,,63630,3,,,0,37,,63629,3,,,0,80,,63628,3,,,0,73,,63627,3,,,0,29,,63620,3,,,0,70,,63621,3,,,0,29,,63619,3,,,0,29,,63618,3,,,0,70,,63624,3,,,0,74,,63616,3,,,0,31,,63617,3,,,0,69,,63623,3,,,0,30,,63615,3,,,0,73,,63614,3,,,0,34,,63622,3,,,0,75,,63613,3,,,0,34,,63612,3,,,0,74,,63625,3,,,0,78,,63611,3,,,0,31,,63610,3,,,0,72,,63626,3,,,0,28,,63609,3,,,0,72,,63608,3,,,0,23,,63606,3,,,0,28,,63605,3,,,0,69,,63604,3,,,0,88,,63607,3,0,5,0
300,'4832',657,,63734,3,,,0,83,,63722,3,,,0,80,,63735,3,,,0,82,,63729,3,,,0,37,,63733,3,,,0,78,,63720,3,,,0,21,,63730,3,,,0,68,,63725,3,,,0,32,,63721,3,,,0,66,,63726,3,,,0,33,,63724,3,,,0,66,,63723,3,,,0,34,,63727,3,,,0,74,,63728,3,,,0,30,,63731,3,,,0,78,,63732,3,,,0,29,,63739,3,,,0,70,,63736,3,,,0,31,,63737,3,,,0,67,,63738,3,,,0,34,,63741,3,,,0,69,,63740,3,,,0,31,,63742,3,,,0,74,,63743,3,,,0,86,,63744,3,0,5,0
300,'4833',643,,63656,3,,,0,68,,63639,3,,,0,30,,63633,3,,,0,67,,63648,3,,,0,32,,63641,3,,,0,66,,63658,3,,,0,33,,63647,3,,,0,67,,63634,3,,,0,26,,63655,3,,,0,72,,63646,3,,,0,28,,63637,3,,,0,71,,63659,3,,,0,29,,63649,3,,,0,72,,63636,3,,,0,28,,63643,3,,,0,75,,63635,3,,,0,28,,63642,3,,,0,81,,63640,3,,,0,33,,63644,3,,,0,76,,63638,3,,,0,27,,63645,3,,,0,74,,63651,3,,,0,31,,63652,3,,,0,70,,63650,3,,,0,27,,63653,3,,,0,69,,63654,3,,,0,33,,63660,3,,,0,69,,63657,3,,,0,87,,63661,3,0,5,0
300,'5222',605,,63719,3,,,0,31,,63718,3,,,0,76,,63717,3,,,0,37,,63716,3,,,0,80,,63715,3,,,0,73,,63714,3,,,0,29,,63707,3,,,0,70,,63708,3,,,0,29,,63706,3,,,0,29,,63705,3,,,0,70,,63711,3,,,0,74,,63703,3,,,0,31,,63704,3,,,0,69,,63710,3,,,0,30,,63702,3,,,0,73,,63701,3,,,0,34,,63709,3,,,0,75,,63700,3,,,0,34,,63699,3,,,0,74,,63712,3,,,0,78,,63698,3,,,0,31,,63697,3,,,0,72,,63713,3,,,0,28,,63696,3,,,0,72,,63695,3,,,0,23,,63693,3,,,0,28,,63692,3,,,0,69,,63691,3,,,0,88,,63694,3,0,5,0
300,'5390',657,,63759,3,,,0,83,,63747,3,,,0,80,,63760,3,,,0,82,,63754,3,,,0,37,,63758,3,,,0,78,,63745,3,,,0,21,,63755,3,,,0,68,,63750,3,,,0,32,,63746,3,,,0,66,,63751,3,,,0,33,,63749,3,,,0,66,,63748,3,,,0,34,,63752,3,,,0,74,,63753,3,,,0,30,,63756,3,,,0,78,,63757,3,,,0,29,,63764,3,,,0,70,,63761,3,,,0,31,,63762,3,,,0,67,,63763,3,,,0,34,,63766,3,,,0,69,,63765,3,,,0,31,,63767,3,,,0,74,,63768,3,,,0,86,,63769,3,0,5,0
700,'4532',651,,65635,15,,,0,85,,65642,15,,,0,80,,65625,15,,,0,29,,65636,15,,,0,79,,65617,15,,,0,29,,65637,15,,,0,70,,65620,15,,,0,31,,65628,15,,,0,70,,65614,15,,,0,31,,65615,15,,,0,70,,65638,15,,,0,30,,65621,15,,,0,70,,65629,15,,,0,28,,65616,15,,,0,72,,65618,15,,,0,30,,65639,15,,,0,70,,65622,15,,,0,31,,65630,15,,,0,70,,65619,15,,,0,30,,65624,15,,,0,71,,65640,15,,,0,30,,65623,15,,,0,68,,65632,15,,,0,29,,65627,15,,,0,68,,65626,15,,,0,31,,65641,15,,,0,70,,65631,15,,,0,28,,65633,15,,,0,70,,65634,15,,,0
700,'4623',604,,65557,15,,,0,24,,65550,15,,,0,18,,65553,15,,,0,60,,65549,15,,,0,19,,65552,15,,,0,20,,65564,15,,,0,59,,65548,15,,,0,20,,65559,15,,,0,30,,65551,15,,,0,70,,65554,15,,,0,30,,65562,15,,,0,68,,65566,15,,,0,26,,65558,15,,,0,71,,65567,15,,,0,29,,65555,15,,,0,71,,65561,15,,,0,30,,65563,15,,,0,71,,65560,15,,,0,30,,65565,15,,,0,69,,65556,15,,,0,27,,65570,15,,,0,60,,65572,15,,,0,23,,65573,15,,,0,22,,65569,15,,,0,60,,65576,15,,,0,20,,65574,15,,,0,21,,65571,15,,,0,63,,65568,15,,,0,21,,65575,15,,,0,19,,65577,15,,,0,65,,65579,15,,,0,31,,65580,15,,,0,70,,65578,15,,,0,31,,65581,15,,,0,70,,65582,15,,,0,30,,65583,15,,,0,69,,65584,15,,,0
700,'4832',717,,65696,15,,,0,35,,65698,15,,,0,84,,65684,15,,,0,77,,65697,15,,,0,41,,65699,15,,,0,70,,65680,15,,,0,30,,65685,15,,,0,70,,65687,15,,,0,29,,65682,15,,,0,71,,65686,15,,,0,30,,65683,15,,,0,70,,65681,15,,,0,30,,65688,15,,,0,70,,65689,15,,,0,30,,65690,15,,,0,70,,65691,15,,,0,30,,65693,15,,,0,70,,65692,15,,,0,30,,65695,15,,,0,70,,65694,15,,,0,30,,65700,15,,,0,69,,65703,15,,,0,30,,65702,15,,,0,70,,65701,15,,,0,30,,65705,15,,,0,71,,65704,15,,,0
700,'4833',651,,65606,15,,,0,85,,65613,15,,,0,80,,65596,15,,,0,29,,65607,15,,,0,79,,65588,15,,,0,29,,65608,15,,,0,70,,65591,15,,,0,31,,65599,15,,,0,70,,65585,15,,,0,31,,65586,15,,,0,70,,65609,15,,,0,30,,65592,15,,,0,70,,65600,15,,,0,28,,65587,15,,,0,72,,65589,15,,,0,30,,65610,15,,,0,70,,65593,15,,,0,31,,65601,15,,,0,70,,65590,15,,,0,30,,65595,15,,,0,71,,65611,15,,,0,30,,65594,15,,,0,68,,65603,15,,,0,29,,65598,15,,,0,68,,65597,15,,,0,31,,65612,15,,,0,70,,65602,15,,,0,28,,65604,15,,,0,70,,65605,15,,,0
700,'5222',604,,65652,15,,,0,24,,65645,15,,,0,18,,65648,15,,,0,60,,65644,15,,,0,19,,65647,15,,,0,20,,65659,15,,,0,59,,65643,15,,,0,20,,65654,15,,,0,30,,65646,15,,,0,70,,65649,15,,,0,30,,65657,15,,,0,68,,65661,15,,,0,26,,65653,15,,,0,71,,65662,15,,,0,29,,65650,15,,,0,71,,65656,15,,,0,30,,65658,15,,,0,71,,65655,15,,,0,30,,65660,15,,,0,69,,65651,15,,,0,27,,65665,15,,,0,60,,65667,15,,,0,23,,65668,15,,,0,22,,65664,15,,,0,60,,65671,15,,,0,20,,65669,15,,,0,21,,65666,15,,,0,63,,65663,15,,,0,21,,65670,15,,,0,19,,65672,15,,,0,65,,65674,15,,,0,31,,65675,15,,,0,70,,65673,15,,,0,31,,65676,15,,,0,70,,65677,15,,,0,30,,65678,15,,,0,69,,65679,15,,,0
700,'5390',717,,65722,15,,,0,35,,65724,15,,,0,84,,65710,15,,,0,77,,65723,15,,,0,41,,65725,15,,,0,70,,65706,15,,,0,30,,65711,15,,,0,70,,65713,15,,,0,29,,65708,15,,,0,71,,65712,15,,,0,30,,65709,15,,,0,70,,65707,15,,,0,30,,65714,15,,,0,70,,65715,15,,,0,30,,65716,15,,,0,70,,65717,15,,,0,30,,65719,15,,,0,70,,65718,15,,,0,30,,65721,15,,,0,70,,65720,15,,,0,30,,65726,15,,,0,69,,65729,15,,,0,30,,65728,15,,,0,70,,65727,15,,,0,30,,65731,15,,,0,71,,65730,15,,,0
14000700,'4532',2149,,77659,15,0,5,0,74,,77660,15,0,5,0,30,,77661,15,0,5,0,69,,77662,15,0,5,0,30,,77663,15,0,5,0,72,,77664,15,0,5,0
14000700,'4623',2150,,77648,15,0,5,0,69,,77647,15,0,5,0,32,,77649,15,0,5,0,70,,77650,15,0,5,0,31,,77651,15,0,5,0,70,,77652,15,0,5,0
14000700,'4832',2052,,77671,15,0,5,0,71,,77672,15,0,5,0,30,,77673,15,0,5,0,100,,77674,15,0,5,0,99,,77675,15,0,5,0
14000700,'4833',2149,,77653,15,0,5,0,74,,77654,15,0,5,0,30,,77655,15,0,5,0,69,,77656,15,0,5,0,30,,77657,15,0,5,0,72,,77658,15,0,5,0
14000700,'5222',2150,,77666,15,0,5,0,69,,77665,15,0,5,0,32,,77667,15,0,5,0,70,,77668,15,0,5,0,31,,77669,15,0,5,0,70,,77670,15,0,5,0
14000700,'5390',2052,,77676,15,0,5,0,71,,77677,15,0,5,0,30,,77678,15,0,5,0,100,,77679,15,0,5,0,99,,77680,15,0,5,0
