7101,'4663',602,,61219,12,,,0,30,,61218,12,,,0,86,,61217,12,,,0
7101,'5372',602,,46560,12,,,0,30,,46559,12,,,0,86,,46558,12,,,0
7101,'5385',602,,61222,12,,,0,30,,61221,12,,,0,86,,61220,12,,,0
7201,'4332',606,,61424,12,,,0,101,,61394,12,,,0,100,,61395,12,,,0,33,,61396,12,,,0,70,,61397,12,,,0,30,,61398,12,,,0,71,,61399,12,,,0,29,,61400,12,,,0,71,,61401,12,,,0,30,,61402,12,,,0,70,,61393,12,,,0,30,,61403,12,,,0,69,,61404,12,,,0,31,,61405,12,,,0,74,,61406,12,,,0,31,,61407,12,,,0,69,,61408,12,,,0,31,,61409,12,,,0,69,,61410,12,,,0,26,,61411,12,,,0,69,,61412,12,,,0,30,,61413,12,,,0,69,,61414,12,,,0,30,,61415,12,,,0,70,,61416,12,,,0,30,,61417,12,,,0,70,,61418,12,,,0,30,,61419,12,,,0,70,,61420,12,,,0,100,,61421,12,,,0,100,,61422,12,,,0,100,,61423,12,,,0
7201,'4663',538,,61381,12,,,0,80,,61371,12,,,0,30,,61382,12,,,0,70,,61373,12,,,0,32,,61357,12,,,0,61,,61359,12,,,0,27,,61380,12,,,0,70,,61386,12,,,0,30,,61364,12,,,0,70,,61379,12,,,0,30,,61372,12,,,0,73,,61354,12,,,0,30,,61383,12,,,0,70,,61370,12,,,0,30,,61363,12,,,0,70,,61355,12,,,0,30,,61356,12,,,0,72,,61358,12,,,0,28,,61362,12,,,0,70,,61387,12,,,0,14,,61360,8,0,13 14,0,17,,61361,12,,,0,68,,61365,12,,,0,32,,61369,12,,,0,71,,61367,12,,,0,30,,61368,12,,,0,69,,61366,12,,,0,30,,61388,12,,,0,69,,61375,12,,,0,30,,61376,12,,,0,70,,61374,12,,,0,30,,61377,12,,,0,70,,61378,12,,,0,98,,61385,12,,,0,100,,61384,12,,,0,100,,61389,12,,,0
7201,'5078',707,,61426,12,,,0,100,,61427,12,,,0,100,,61428,12,,,0,103,,61429,12,,,0,100,,61430,12,,,0,30,,61431,12,,,0,70,,61425,12,,,0,30,,61432,12,,,0,70,,61433,12,,,0,30,,61435,12,,,0,70,,61436,12,,,0,30,,61437,12,,,0,70,,61434,12,,,0,30,,61438,12,,,0,70,,61439,12,,,0,30,,61440,12,,,0,74,,61441,12,,,0,28,,61442,12,,,0,72,,61443,12,,,0,30,,61444,12,,,0,70,,61445,12,,,0,30,,61446,12,,,0,70,,61447,12,,,0,30,,61448,12,,,0,70,,61449,12,,,0,95,,61450,12,,,0,100,,61451,12,,,0
7201,'5355',811,,61391,12,,,0,602,,61390,12,,,0,330,,61392,12,,,0
7201,'5372',538,,46746,12,,,0,80,,46736,12,,,0,30,,46747,12,,,0,70,,46738,12,,,0,32,,46725,12,,,0,88,,46745,12,,,0,70,,46751,12,,,0,30,,46730,12,,,0,70,,46744,12,,,0,30,,46737,12,,,0,73,,46722,12,,,0,30,,46748,12,,,0,70,,46735,12,,,0,30,,46729,12,,,0,70,,46723,12,,,0,30,,46724,12,,,0,100,,46728,12,,,0,70,,46752,12,,,0,14,,46726,8,0,13 14,0,17,,46727,12,,,0,68,,46731,12,,,0,32,,46734,12,,,0,71,,46733,12,,,0,99,,46732,12,,,0,30,,46753,12,,,0,69,,46740,12,,,0,30,,46741,12,,,0,70,,46739,12,,,0,30,,46742,12,,,0,70,,46743,12,,,0,98,,46750,12,,,0,100,,46749,12,,,0,100,,46754,12,,,0
7201,'5374',811,,46792,12,,,0,602,,46791,12,,,0,330,,46793,12,,,0
7201,'5375',811,,46794,12,,,0,600,,46795,12,,,0,332,,46796,12,,,0
7201,'5385',538,,61476,12,,,0,80,,61466,12,,,0,30,,61477,12,,,0,70,,61468,12,,,0,32,,61455,12,,,0,88,,61475,12,,,0,70,,61481,12,,,0,30,,61460,12,,,0,70,,61474,12,,,0,30,,61467,12,,,0,73,,61452,12,,,0,30,,61478,12,,,0,70,,61465,12,,,0,30,,61459,12,,,0,70,,61453,12,,,0,30,,61454,12,,,0,100,,61458,12,,,0,70,,61482,12,,,0,14,,61456,8,0,13 14,0,17,,61457,12,,,0,68,,61461,12,,,0,32,,61464,12,,,0,71,,61463,12,,,0,99,,61462,12,,,0,30,,61483,12,,,0,69,,61470,12,,,0,30,,61471,12,,,0,70,,61469,12,,,0,30,,61472,12,,,0,70,,61473,12,,,0,98,,61480,12,,,0,100,,61479,12,,,0,100,,61484,12,,,0
7201,'5386',811,,61485,12,,,0,600,,61486,12,,,0,332,,61487,12,,,0
