4700,'4737',632,,12091,24,,,0,19,,12090,24,,,0,63,,12089,24,,,0
4700,'4744',632,,12094,24,,,0,19,,12093,24,,,0,63,,12092,24,,,0
4700,'4947',632,,12097,24,,,0,19,,12096,24,,,0,63,,12095,24,,,0
4901,'4487',639,,12190,19,,,0,204,,12191,19,,,0,211,,12192,19,,,0,202,,12187,19,,,0,250,,12188,19,,,0,209,,12189,19,,,0,194,,12186,19,,,0
4901,'4737',640,,12197,19,,,0,110,,12195,19,,,0,99,,12198,19,,,0,171,,12194,19,,,0,200,,12196,19,,,0,126,,12199,19,,,0,185,,12201,19,,,0,104,,12200,19,,,0,93,,12193,19,,,0,106,,12202,19,,,0,194,,12203,19,,,0
4901,'4740',639,,12208,19,,,0,204,,12209,19,,,0,211,,12210,19,,,0,202,,12205,19,,,0,250,,12206,19,,,0,209,,12207,19,,,0,194,,12204,19,,,0
4901,'4744',640,,12215,19,,,0,110,,12213,19,,,0,99,,12216,19,,,0,171,,12212,19,,,0,200,,12214,19,,,0,126,,12217,19,,,0,185,,12219,19,,,0,104,,12218,19,,,0,93,,12211,19,,,0,106,,12220,19,,,0,194,,12221,19,,,0
4901,'4745',843,,12223,19,,,0,210,,12222,19,,,0,202,,12224,19,,,0,249,,12225,19,,,0,210,,12226,19,,,0,194,,12227,19,,,0
4901,'4947',640,,12232,19,,,0,110,,12230,19,,,0,99,,12233,19,,,0,171,,12229,19,,,0,200,,12231,19,,,0,126,,12234,19,,,0,185,,12236,19,,,0,104,,12235,19,,,0,93,,12228,19,,,0,106,,12237,19,,,0,194,,12238,19,,,0
4901,'4954',843,,12240,19,,,0,210,,12239,19,,,0,202,,12241,19,,,0,249,,12242,19,,,0,210,,12243,19,,,0,194,,12244,19,,,0
