601,'4332',612,,38234,29,,,0,23,,38235,29,,,0,20,,38232,29,,,0,78,,38236,29,,,0,16,,38237,29,,,0,60,,38238,29,,,0,33,,38239,29,,,0,14,,38240,29,,,0,55,,38241,29,,,0,28,,38242,29,,,0,13,,38243,29,,,0,53,,38233,29,,,0,24,,38244,29,,,0,12,,38245,29,,,0,12,,38246,29,,,0,64,,38248,29,,,0,12,,38249,29,,,0,12,,38247,29,,,0,64,,38250,29,,,0,12,,38251,29,,,0,12,,38252,29,,,0,23,,38259,29,,,0,52,,38253,29,,,0,12,,38254,29,,,0,24,,38255,29,,,0,10,,38256,29,,,0,51,,38257,29,,,0,20,,38260,29,,,0,10,,38261,29,,,0,11,,38262,29,,,0,61,,38258,29,,,0,11,,38263,29,,,0,10,,38268,29,,,0,21,,38264,29,,,0,10,,38265,29,,,0,50,,38266,29,,,0,21,,38267,29,,,0,10,,38269,29,,,0,10,,38270,29,,,0,11,,38271,29,,,0,64,,38272,29,,,0,12,,38273,29,,,0,12,,38274,29,,,0,12,,38275,29,,,0,64,,38276,29,,,0,12,,38277,29,,,0,13,,38278,29,,,0,55,,38279,29,,,0,30,,38280,29,,,0,15,,38281,29,,,0,55,,38282,29,,,0,35,,38283,29,,,0,18,,38284,29,,,0,76,,38285,29,,,0,18,,38286,29,,,0,82,,38287,29,,,0,25,,38288,29,,,0,95,,38289,29,,,0,65,,38290,29,,,0,30,,38291,29,,,0,70,,38292,29,,,0,30,,38293,29,,,0,70,,38294,29,,,0,29,,38295,29,,,0
601,'4661',552,,38173,29,,,0,55,,38167,29,,,0,29,,38161,29,,,0,64,,38172,29,,,0,16,,38138,29,,,0,15,,38157,29,,,0,8,,38130,29,,,0,15,,38160,29,,,0,56,,38148,29,,,0,14,,38139,29,,,0,19,,38168,29,,,0,57,,38156,29,,,0,16,,38162,29,,,0,16,,38127,29,,,0,20,,38141,29,,,0,62,,38133,29,,,0,24,,38163,29,,,0,63,,38150,29,,,0,23,,38169,29,,,0,24,,38158,29,,,0,88,,38142,29,,,0,65,,38132,29,,,0,26,,38164,29,,,0,23,,38149,29,,,0,61,,38143,29,,,0,20,,38131,29,,,0,20,,38159,29,,,0,60,,38174,29,,,0,19,,38124,29,,,0,11,,38126,19,,,0,5,,38144,29,,,0,10,,38171,29,,,0,60,,38125,29,,,0,19,,38165,29,,,0,21,,38152,29,,,0,61,,38146,29,,,0,21,,38134,29,,,0,64,,38166,29,,,0,23,,38153,29,,,0,12,,38170,29,,,0,64,,38137,29,,,0,29,,38128,29,,,0,73,,38145,29,,,0,36,,38129,29,,,0,18,,38151,29,,,0,76,,38136,29,,,0,21,,38135,29,,,0,90,,38140,29,,,0,100,,38154,29,,,0,70,,38147,29,,,0,31,,38155,29,,,0
601,'4663',552,,38229,29,,,0,55,,38223,29,,,0,29,,38217,29,,,0,64,,38228,29,,,0,16,,38190,29,,,0,15,,38211,29,,,0,8,,38182,29,,,0,15,,38216,29,,,0,56,,38200,29,,,0,14,,38191,29,,,0,19,,38224,29,,,0,57,,38210,29,,,0,16,,38218,29,,,0,16,,38179,29,,,0,20,,38193,29,,,0,62,,38185,29,,,0,24,,38219,29,,,0,63,,38202,29,,,0,23,,38225,29,,,0,24,,38212,29,,,0,64,,51616,29,,,0,24,,38194,29,,,0,65,,38184,29,,,0,26,,38220,29,,,0,23,,38201,29,,,0,61,,38195,29,,,0,20,,38183,29,,,0,20,,38213,29,,,0,60,,38230,29,,,0,19,,38176,29,,,0,11,,38178,19,,,0,5,,38196,29,,,0,10,,38227,29,,,0,60,,38177,29,,,0,19,,38221,29,,,0,21,,38204,29,,,0,61,,38198,29,,,0,21,,38186,29,,,0,64,,38222,29,,,0,23,,38205,29,,,0,12,,38226,29,,,0,64,,38189,29,,,0,29,,38180,29,,,0,73,,38197,29,,,0,36,,38181,29,,,0,18,,38203,29,,,0,76,,38188,29,,,0,21,,38187,29,,,0,90,,38192,29,,,0,100,,38206,29,,,0,70,,38199,29,,,0,31,,38208,29,,,0,70,,38207,29,,,0,30,,38209,29,,,0,71,,38214,29,,,0,30,,38215,29,,,0
601,'5078',654,,38333,29,,,0,95,,38307,29,,,0,85,,38316,29,,,0,20,,38306,29,,,0,80,,38332,29,,,0,17,,38321,29,,,0,55,,38343,29,,,0,31,,38296,29,,,0,16,,38335,29,,,0,55,,38323,29,,,0,30,,38305,29,,,0,15,,38298,29,,,0,52,,38297,29,,,0,24,,38325,29,,,0,12,,38300,29,,,0,12,,38301,29,,,0,52,,38315,29,,,0,24,,38299,29,,,0,12,,38340,29,,,0,12,,38324,29,,,0,52,,38304,29,,,0,24,,38314,29,,,0,12,,38303,29,,,0,12,,38302,29,,,0,52,,38338,29,,,0,24,,38310,29,,,0,12,,38311,29,,,0,12,,38313,29,,,0,52,,38312,29,,,0,24,,38339,29,,,0,12,,38318,29,,,0,12,,38308,29,,,0,52,,38309,29,,,0,24,,38344,29,,,0,12,,38320,29,,,0,13,,38336,29,,,0,55,,38317,29,,,0,30,,38322,29,,,0,19,,38319,29,,,0,57,,38330,29,,,0,36,,38327,29,,,0,58,,38326,29,,,0,34,,38328,29,,,0,57,,38329,29,,,0,35,,38334,29,,,0,20,,38337,29,,,0,95,,38331,29,,,0,70,,38342,29,,,0,82,,38341,29,,,0
601,'5079',654,,38382,29,,,0,95,,38356,29,,,0,85,,38365,29,,,0,20,,38355,29,,,0,80,,38381,29,,,0,17,,38370,29,,,0,55,,38392,29,,,0,31,,38345,29,,,0,16,,38384,29,,,0,55,,38372,29,,,0,30,,38354,29,,,0,15,,38347,29,,,0,52,,38346,29,,,0,24,,38374,29,,,0,12,,38349,29,,,0,12,,38350,29,,,0,52,,38364,29,,,0,24,,38348,29,,,0,12,,38389,29,,,0,12,,38373,29,,,0,52,,38353,29,,,0,24,,38363,29,,,0,12,,38352,29,,,0,12,,38351,29,,,0,52,,38387,29,,,0,24,,38359,29,,,0,12,,38360,29,,,0,12,,38362,29,,,0,52,,38361,29,,,0,24,,38388,29,,,0,12,,38367,29,,,0,12,,38357,29,,,0,52,,38358,29,,,0,24,,38393,29,,,0,12,,38369,29,,,0,13,,38385,29,,,0,55,,38366,29,,,0,30,,38371,29,,,0,19,,38368,29,,,0,57,,38379,29,,,0,36,,38376,29,,,0,58,,38375,29,,,0,34,,38377,29,,,0,57,,38378,29,,,0,35,,38383,29,,,0,20,,38386,29,,,0,95,,38380,29,,,0,70,,38391,29,,,0,82,,38390,29,,,0
601,'5214',1212,,38175,29,,,0
601,'5217',1212,,51617,29,,,0
1000601,'4332',715,,48519,37,,,0,111,,48520,37,,,0,100,,48521,37,,,0,91,,48522,37,,,0,88,,48523,37,,,0,48,,48524,37,,,0,88,,48525,37,,,0,88,,48526,37,,,0,82,,48528,37,,,0,42,,48527,37,,,0,82,,48529,37,,,0,81,,48530,37,,,0,93,,48531,37,,,0,100,,48532,37,,,0,107,,48533,37,,,0,102,,48534,37,,,0,94,,48535,37,,,0,98,,48536,37,,,0,110,,48537,37,,,0
1000601,'4661',622,,48489,37,,,0,87,,48484,37,,,0,37,,48478,37,,,0,71,,48492,37,,,0,35,,48479,37,,,0,72,,48493,37,,,0,79,,48491,37,,,0,47,,48494,37,,,0,86,,48480,37,,,0,88,,48486,37,,,0,90,,48490,37,,,0,87,,48474,37,,,0,120,,48487,37,,,0,85,,48481,37,,,0,38,,48475,37,,,0,83,,48477,37,,,0,86,,48476,37,,,0,102,,48495,37,,,0,106,,48482,37,,,0,94,,48485,37,,,0,99,,48488,37,,,0,100,,48483,37,,,0
1000601,'4663',622,,48512,37,,,0,87,,48507,37,,,0,37,,48501,37,,,0,71,,48515,37,,,0,35,,48502,37,,,0,72,,48516,37,,,0,79,,48514,37,,,0,47,,48517,37,,,0,86,,48503,37,,,0,88,,48509,37,,,0,90,,48513,37,,,0,87,,48497,37,,,0,40,,52680,37,,,0,80,,48510,37,,,0,85,,48504,37,,,0,38,,48498,37,,,0,83,,48500,37,,,0,86,,48499,37,,,0,102,,48518,37,,,0,106,,48505,37,,,0,94,,48508,37,,,0,99,,48511,37,,,0,100,,48506,37,,,0
1000601,'5078',724,,48545,37,,,0,90,,48551,37,,,0,100,,48539,37,,,0,107,,48543,37,,,0,102,,48538,37,,,0,94,,48553,37,,,0,100,,48540,37,,,0,100,,48541,37,,,0,100,,48547,37,,,0,100,,48544,37,,,0,100,,48542,37,,,0,107,,48546,37,,,0,109,,48548,37,,,0,93,,48550,37,,,0,91,,48549,37,,,0,106,,48552,37,,,0
1000601,'5079',724,,48561,37,,,0,90,,48567,37,,,0,100,,48555,37,,,0,107,,48559,37,,,0,102,,48554,37,,,0,94,,48569,37,,,0,100,,48556,37,,,0,100,,48557,37,,,0,100,,48563,37,,,0,100,,48560,37,,,0,100,,48558,37,,,0,107,,48562,37,,,0,109,,48564,37,,,0,93,,48566,37,,,0,91,,48565,37,,,0,106,,48568,37,,,0
1000601,'5214',1441,,51558,37,,,0
1000601,'5217',1441,,52681,37,,,0
2000601,'4661',648,,48717,32,,,0,75,,48723,32,,,0,79,,48711,32,,,0,31,,48714,32,,,0,75,,48712,32,,,0,32,,48716,32,,,0,86,,48719,32,,,0,87,,48713,32,,,0,87,,48721,32,,,0,49,,48724,32,,,0,172,,48725,32,,,0,80,,48722,32,,,0,38,,51590,32,,,0,86,,48720,32,,,0,82,,48710,32,,,0,43,,48727,32,,,0,99,,48715,32,,,0,96,,48718,32,,,0
2000601,'4663',648,,48736,32,,,0,75,,48742,32,,,0,79,,48730,32,,,0,31,,48733,32,,,0,75,,48731,32,,,0,32,,48735,32,,,0,86,,48738,32,,,0,87,,48732,32,,,0,87,,48740,32,,,0,49,,48743,32,,,0,90,,52685,32,,,0,82,,48744,32,,,0,80,,48741,32,,,0,38,,51589,32,,,0,86,,48739,32,,,0,82,,48729,32,,,0,43,,48746,32,,,0,99,,48734,32,,,0,96,,48737,32,,,0
2000601,'5214',1339,,48726,32,,,0
2000601,'5217',1339,,52686,32,,,0
