7101,'4663',604,,61219,14,,,0,30,,61218,14,,,0,86,,61217,14,,,0
7101,'5372',604,,46560,14,,,0,30,,46559,14,,,0,86,,46558,14,,,0
7101,'5385',604,,61222,14,,,0,30,,61221,14,,,0,86,,61220,14,,,0
7201,'4332',608,,61424,14,,,0,101,,61394,14,,,0,100,,61395,14,,,0,33,,61396,14,,,0,70,,61397,14,,,0,30,,61398,14,,,0,70,,61399,14,,,0,30,,61400,14,,,0,70,,61401,14,,,0,30,,61402,14,,,0,70,,61393,14,,,0,30,,61403,14,,,0,70,,61404,14,,,0,30,,61405,14,,,0,75,,61406,14,,,0,30,,61407,14,,,0,70,,61408,14,,,0,30,,61409,14,,,0,70,,61410,14,,,0,25,,61411,14,,,0,70,,61412,14,,,0,30,,61413,14,,,0,69,,61414,14,,,0,30,,61415,14,,,0,70,,61416,14,,,0,30,,61417,14,,,0,70,,61418,14,,,0,30,,61419,14,,,0,70,,61420,14,,,0,100,,61421,14,,,0,99,,61422,14,,,0,100,,61423,14,,,0
7201,'4663',540,,61381,14,,,0,80,,61371,14,,,0,30,,61382,14,,,0,70,,61373,14,,,0,31,,61357,14,,,0,61,,61359,14,,,0,27,,61380,14,,,0,70,,61386,14,,,0,30,,61364,14,,,0,70,,61379,14,,,0,30,,61372,14,,,0,73,,61354,14,,,0,30,,61383,14,,,0,70,,61370,14,,,0,30,,61363,14,,,0,70,,61355,14,,,0,30,,61356,14,,,0,74,,61358,14,,,0,27,,61362,14,,,0,70,,61387,14,,,0,15,,61360,10,0,13 14,0,16,,61361,14,,,0,68,,61365,14,,,0,31,,61369,14,,,0,71,,61367,14,,,0,30,,61368,14,,,0,70,,61366,14,,,0,30,,61388,14,,,0,69,,61375,14,,,0,30,,61376,14,,,0,70,,61374,14,,,0,30,,61377,14,,,0,70,,61378,14,,,0,98,,61385,14,,,0,99,,61384,14,,,0,100,,61389,14,,,0
7201,'5078',709,,61426,14,,,0,100,,61427,14,,,0,100,,61428,14,,,0,103,,61429,14,,,0,100,,61430,14,,,0,30,,61431,14,,,0,70,,61425,14,,,0,30,,61432,14,,,0,70,,61433,14,,,0,30,,61435,14,,,0,70,,61436,14,,,0,30,,61437,14,,,0,70,,61434,14,,,0,30,,61438,14,,,0,70,,61439,14,,,0,30,,61440,14,,,0,74,,61441,14,,,0,28,,61442,14,,,0,72,,61443,14,,,0,30,,61444,14,,,0,70,,61445,14,,,0,30,,61446,14,,,0,70,,61447,14,,,0,30,,61448,14,,,0,70,,61449,14,,,0,95,,61450,14,,,0,100,,61451,14,,,0
7201,'5355',812,,61391,14,,,0,604,,61390,14,,,0,328,,61392,14,,,0
7201,'5372',540,,46746,14,,,0,80,,46736,14,,,0,30,,46747,14,,,0,70,,46738,14,,,0,31,,46725,14,,,0,88,,46745,14,,,0,70,,46751,14,,,0,30,,46730,14,,,0,70,,46744,14,,,0,30,,46737,14,,,0,73,,46722,14,,,0,30,,46748,14,,,0,70,,46735,14,,,0,30,,46729,14,,,0,70,,46723,14,,,0,30,,46724,14,,,0,101,,46728,14,,,0,70,,46752,14,,,0,15,,46726,10,0,13 14,0,16,,46727,14,,,0,68,,46731,14,,,0,31,,46734,14,,,0,71,,46733,14,,,0,100,,46732,14,,,0,30,,46753,14,,,0,69,,46740,14,,,0,30,,46741,14,,,0,70,,46739,14,,,0,30,,46742,14,,,0,70,,46743,14,,,0,98,,46750,14,,,0,99,,46749,14,,,0,100,,46754,14,,,0
7201,'5374',812,,46792,14,,,0,604,,46791,14,,,0,328,,46793,14,,,0
7201,'5375',812,,46794,14,,,0,601,,46795,14,,,0,331,,46796,14,,,0
7201,'5385',540,,61476,14,,,0,80,,61466,14,,,0,30,,61477,14,,,0,70,,61468,14,,,0,31,,61455,14,,,0,88,,61475,14,,,0,70,,61481,14,,,0,30,,61460,14,,,0,70,,61474,14,,,0,30,,61467,14,,,0,73,,61452,14,,,0,30,,61478,14,,,0,70,,61465,14,,,0,30,,61459,14,,,0,70,,61453,14,,,0,30,,61454,14,,,0,101,,61458,14,,,0,70,,61482,14,,,0,15,,61456,10,0,13 14,0,16,,61457,14,,,0,68,,61461,14,,,0,31,,61464,14,,,0,71,,61463,14,,,0,100,,61462,14,,,0,30,,61483,14,,,0,69,,61470,14,,,0,30,,61471,14,,,0,70,,61469,14,,,0,30,,61472,14,,,0,70,,61473,14,,,0,98,,61480,14,,,0,99,,61479,14,,,0,100,,61484,14,,,0
7201,'5386',812,,61485,14,,,0,601,,61486,14,,,0,331,,61487,14,,,0
8500,'4332',915,,61925,52,,,0,300,,61926,52,,,0,306,,61923,52,,,0,299,,61924,52,,,0
8500,'4663',710,,61915,52,,,0,98,,61916,52,,,0,200,,61917,52,,,0,201,,61918,52,,,0,200,,61919,52,,,0,200,,61920,52,,,0,198,,61921,52,,,0,199,,61922,52,,,0
8500,'5078',915,,61929,52,,,0,300,,61930,52,,,0,306,,61927,52,,,0,299,,61928,52,,,0
8500,'5372',710,,47390,52,,,0,98,,47391,52,,,0,200,,47392,52,,,0,201,,47393,52,,,0,200,,47394,52,,,0,200,,47395,52,,,0,198,,47396,52,,,0,199,,47397,52,,,0
8500,'5385',710,,61931,52,,,0,98,,61932,52,,,0,200,,61933,52,,,0,201,,61934,52,,,0,200,,61935,52,,,0,200,,61936,52,,,0,198,,61937,52,,,0,199,,61938,52,,,0
8700,'4663',751,,61940,43,,,0,202,,61939,43,,,0,201,,61941,43,,,0,205,,61945,36,,,0,195,,61943,43,,,0,200,,61944,43,,,0
8700,'5372',751,,47419,43,,,0,202,,47418,43,,,0,201,,47420,43,,,0,205,,47424,36,,,0,195,,47422,43,,,0,200,,47423,43,,,0
8700,'5385',751,,61947,43,,,0,202,,61946,43,,,0,201,,61948,43,,,0,205,,61952,36,,,0,195,,61950,43,,,0,200,,61951,43,,,0
8800,'4332',827,,61979,17,,,0,99,,61980,17,,,0,100,,61981,17,,,0,100,,61982,17,,,0,100,,61983,17,,,0,99,,61984,17,,,0,100,,61975,17,,,0,100,,61976,17,,,0,100,,61977,17,,,0,100,,61978,17,,,0,98,,61972,17,,,0,99,,61973,17,,,0,101,,61974,17,,,0,100,,61971,17,,,0
8800,'4663',852,,61965,17,,,0,201,,61966,17,,,0,201,,61967,17,,,0,200,,61968,17,,,0,200,,61969,17,,,0,205,,61970,17,,,0
8800,'5078',827,,61990,17,,,0,94,,61991,17,,,0,101,,61992,17,,,0,101,,61993,17,,,0,101,,61994,17,,,0,100,,61995,17,,,0,99,,61986,17,,,0,99,,61987,17,,,0,100,,61988,17,,,0,101,,61989,17,,,0,101,,61997,17,,,0,99,,61998,17,,,0,99,,61985,17,,,0,98,,61996,17,,,0
8800,'5372',852,,47444,17,,,0,201,,47445,17,,,0,201,,47446,17,,,0,200,,47447,17,,,0,200,,47448,17,,,0,205,,47449,17,,,0
8800,'5385',852,,61999,17,,,0,201,,62000,17,,,0,201,,62001,17,,,0,200,,62002,17,,,0,200,,62003,17,,,0,205,,62004,17,,,0
