201,'4663',608,,52843,27,0,46 37,0,21,,52835,27,0,46 37,0,26,,52853,27,0,46 37,0,69,,52847,27,0,46 37,0,32,,52836,27,0,46 37,0,71,,52852,27,0,46 37,0,32,,52841,27,0,46 37,0,70,,52837,27,0,46 37,0,73,,52850,27,0,46 37,0,39,,52842,27,0,46 37,0,79,,52838,27,0,46 37,0,39,,52840,27,0,46 37,0,80,,52839,27,0,46 37,0,80,,52849,27,0,46 37,0,40,,52845,27,0,46 37,0,57,,52851,1,0,46 37,0,35,,52846,27,0,46 37,0,55,,52848,8,0,46 37,0,19,,52844,27,0,46 37,0,77,,52855,27,0,46 37,0,36,,52856,27,0,46 37,0,75,,52854,27,0,46 37,0,37,,52857,27,0,46 37,0,86,,52858,27,0,46 37,0,65,,52860,27,0,46 37,0,41,,52859,27,0,46 37,0,83,,52861,27,0,46 37,0,81,,52862,27,0,46 37,0,38,,52863,27,0,46 37,0,80,,52864,27,0,46 37,0,81,,52866,27,0,46 37,0,40,,52865,27,0,46 37,0,72,,52867,27,0,46 37,0,31,,52868,1,0,46 37,0
201,'5372',608,,36642,27,0,46 37,0,21,,36634,27,0,46 37,0,26,,36651,27,0,46 37,0,69,,36646,27,0,46 37,0,32,,36635,27,0,46 37,0,71,,36650,27,0,46 37,0,32,,36640,27,0,46 37,0,70,,36636,27,0,46 37,0,73,,36648,27,0,46 37,0,39,,36641,27,0,46 37,0,79,,36637,27,0,46 37,0,39,,36639,27,0,46 37,0,80,,36638,27,0,46 37,0,80,,36647,27,0,46 37,0,40,,36644,27,0,46 37,0,57,,36649,1,0,46 37,0,35,,36645,27,0,46 37,0,74,,36643,27,0,46 37,0,77,,36653,27,0,46 37,0,36,,36654,27,0,46 37,0,75,,36652,27,0,46 37,0,37,,36655,27,0,46 37,0,86,,36656,27,0,46 37,0,65,,36658,27,0,46 37,0,41,,36657,27,0,46 37,0,83,,36659,27,0,46 37,0,81,,36660,27,0,46 37,0,38,,36661,27,0,46 37,0,80,,36662,27,0,46 37,0,81,,36664,27,0,46 37,0,40,,36663,27,0,46 37,0,72,,36665,27,0,46 37,0
201,'5373',1506,,36729,8,0,46 37,0
201,'5377',637,,36744,27,0,46 37,0,120,,36751,27,0,46 37,0,158,,36745,27,0,46 37,0,99,,36732,1,0,46 37,0,37,,36752,27,0,46 37,0,60,,36730,1,0,46 37,0,40,,36731,27,0,46 37,0,79,,36742,27,0,46 37,0,79,,36738,27,0,46 37,0,40,,36737,27,0,46 37,0,80,,36733,27,0,46 37,0,80,,36734,27,0,46 37,0,40,,36743,27,0,46 37,0,81,,36739,27,0,46 37,0,76,,36735,27,0,46 37,0,40,,36736,27,0,46 37,0,81,,36740,27,0,46 37,0,77,,36749,27,0,46 37,0,40,,36741,27,0,46 37,0,80,,36748,27,0,46 37,0,81,,36747,27,0,46 37,0,40,,36750,27,0,46 37,0,81,,36746,27,0,46 37,0,81,,36753,27,0,46 37,0,41,,36754,27,0,46 37,0
201,'5381',1506,,36700,8,0,46 37,0
201,'5383',651,,52889,27,0,46 37,0,158,,52890,27,0,46 37,0,22,,52876,1,0,46 37,0,103,,52884,27,0,46 37,0,80,,52877,27,0,46 37,0,37,,52869,1,0,46 37,0,60,,52887,27,0,46 37,0,39,,52878,27,0,46 37,0,80,,52870,27,0,46 37,0,78,,52873,27,0,46 37,0,39,,52872,27,0,46 37,0,80,,52882,27,0,46 37,0,80,,52874,27,0,46 37,0,41,,52871,27,0,46 37,0,81,,52875,27,0,46 37,0,75,,52883,27,0,46 37,0,41,,52886,27,0,46 37,0,80,,52885,27,0,46 37,0,77,,52888,27,0,46 37,0,35,,52879,27,0,46 37,0,80,,52880,27,0,46 37,0,85,,52881,27,0,46 37,0,41,,52894,27,0,46 37,0,81,,52891,27,0,46 37,0,83,,52892,27,0,46 37,0,40,,52893,27,0,46 37,0,76,,52895,27,0,46 37,0,30,,52896,1,0,46 37,0
201,'5384',637,,52911,27,0,46 37,0,120,,52918,27,0,46 37,0,158,,52912,27,0,46 37,0,99,,52899,1,0,46 37,0,37,,52919,27,0,46 37,0,60,,52897,1,0,46 37,0,40,,52898,27,0,46 37,0,79,,52909,27,0,46 37,0,79,,52905,27,0,46 37,0,40,,52904,27,0,46 37,0,80,,52900,27,0,46 37,0,80,,52901,27,0,46 37,0,40,,52910,27,0,46 37,0,81,,52906,27,0,46 37,0,76,,52902,27,0,46 37,0,40,,52903,27,0,46 37,0,81,,52907,27,0,46 37,0,77,,52916,27,0,46 37,0,40,,52908,27,0,46 37,0,80,,52915,27,0,46 37,0,81,,52914,27,0,46 37,0,40,,52917,27,0,46 37,0,81,,52913,27,0,46 37,0,81,,52920,27,0,46 37,0,41,,52921,27,0,46 37,0
201,'5385',608,,52930,27,0,46 37,0,21,,52922,27,0,46 37,0,26,,52939,27,0,46 37,0,69,,52934,27,0,46 37,0,32,,52923,27,0,46 37,0,71,,52938,27,0,46 37,0,32,,52928,27,0,46 37,0,70,,52924,27,0,46 37,0,73,,52936,27,0,46 37,0,39,,52929,27,0,46 37,0,79,,52925,27,0,46 37,0,39,,52927,27,0,46 37,0,80,,52926,27,0,46 37,0,80,,52935,27,0,46 37,0,40,,52932,27,0,46 37,0,57,,52937,1,0,46 37,0,35,,52933,27,0,46 37,0,74,,52931,27,0,46 37,0,77,,52941,27,0,46 37,0,36,,52942,27,0,46 37,0,75,,52940,27,0,46 37,0,37,,52943,27,0,46 37,0,86,,52944,27,0,46 37,0,65,,52946,27,0,46 37,0,41,,52945,27,0,46 37,0,83,,52947,27,0,46 37,0,81,,52948,27,0,46 37,0,38,,52949,27,0,46 37,0,80,,52950,27,0,46 37,0,81,,52952,27,0,46 37,0,40,,52951,27,0,46 37,0,72,,52953,27,0,46 37,0
201,'5387',1506,,52954,8,0,46 37,0
201,'5388',1506,,52955,8,0,46 37,0
300,'4663',625,,52984,32,,,0,34,,52983,34,,,0,76,,52982,32,,,0,81,,52981,34,,,0,37,,52980,32,,,0,75,,52979,34,,,0,30,,52972,36,,,0,69,,52973,34,,,0,30,,52971,36,,,0,70,,52970,34,,,0,30,,52976,36,,,0,75,,52968,34,,,0,70,,52969,36,,,0,30,,52975,34,,,0,71,,52967,36,,,0,33,,52966,34,,,0,75,,52974,36,,,0,35,,52965,34,,,0,74,,52964,34,,,0,33,,52977,34,,,0,73,,52963,32,,,0,74,,52962,34,,,0,27,,52978,32,,,0,30,,52961,34,,,0,70,,52960,32,,,0,25,,52958,34,,,0,65,,52957,32,,,0,30,,52956,34,,,0,85,,52959,32,4,,0
300,'5372',625,,36808,32,,,0,34,,36807,34,,,0,76,,36806,32,,,0,81,,36805,34,,,0,37,,36804,32,,,0,75,,36803,34,,,0,30,,36796,36,,,0,69,,36797,34,,,0,30,,36795,36,,,0,70,,36794,34,,,0,30,,36800,36,,,0,75,,36792,34,,,0,70,,36793,36,,,0,30,,36799,34,,,0,71,,36791,36,,,0,33,,36790,34,,,0,75,,36798,36,,,0,35,,36789,34,,,0,74,,36788,34,,,0,33,,36801,34,,,0,73,,36787,32,,,0,74,,36786,34,,,0,27,,36802,32,,,0,30,,36785,34,,,0,70,,36784,32,,,0,25,,36782,34,,,0,65,,36781,32,,,0,30,,36780,34,,,0,85,,36783,32,4,,0
300,'5377',717,,36881,32,,,0,85,,36869,34,,,0,40,,36882,32,,,0,85,,36876,34,,,0,75,,36880,32,,,0,40,,36867,34,,,0,59,,36877,32,,,0,31,,36872,34,,,0,69,,36868,32,,,0,30,,36873,34,,,0,70,,36871,32,,,0,30,,36870,34,,,0,70,,36874,32,,,0,37,,36875,34,,,0,67,,36878,32,,,0,41,,36879,34,,,0,65,,36886,32,,,0,33,,36883,34,,,0,68,,36884,32,,,0,30,,36885,34,,,0,70,,36888,32,,,0,30,,36887,34,,,0,70,,36889,32,,,0,35,,36890,34,,,0,83,,36891,32,4,,0
300,'5383',703,,53008,32,,,0,30,,52992,34,,,0,69,,52986,32,,,0,30,,53000,34,,,0,70,,52993,32,,,0,30,,53010,34,,,0,70,,52999,32,,,0,30,,52985,34,,,0,69,,53007,36,,,0,30,,52998,34,,,0,70,,52989,36,,,0,30,,53011,34,,,0,70,,53001,36,,,0,31,,52988,34,,,0,69,,52995,36,,,0,34,,52987,34,,,0,69,,52994,36,,,0,40,,52990,34,,,0,70,,52996,32,,,0,38,,52991,34,,,0,64,,52997,32,,,0,36,,53003,34,,,0,68,,53004,32,,,0,32,,53002,34,,,0,65,,53005,32,,,0,30,,53006,34,,,0,70,,53012,32,,,0,30,,53009,34,,,0,85,,53013,32,4,,0
300,'5384',717,,53028,32,,,0,85,,53016,34,,,0,40,,53029,32,,,0,85,,53023,34,,,0,75,,53027,32,,,0,40,,53014,34,,,0,59,,53024,32,,,0,31,,53019,34,,,0,69,,53015,32,,,0,30,,53020,34,,,0,70,,53018,32,,,0,30,,53017,34,,,0,70,,53021,32,,,0,37,,53022,34,,,0,67,,53025,32,,,0,41,,53026,34,,,0,65,,53033,32,,,0,33,,53030,34,,,0,68,,53031,32,,,0,30,,53032,34,,,0,70,,53035,32,,,0,30,,53034,34,,,0,70,,53036,32,,,0,35,,53037,34,,,0,83,,53038,32,4,,0
300,'5385',625,,53067,32,,,0,34,,53066,34,,,0,76,,53065,32,,,0,81,,53064,34,,,0,37,,53063,32,,,0,75,,53062,34,,,0,30,,53055,36,,,0,69,,53056,34,,,0,30,,53054,36,,,0,70,,53053,34,,,0,30,,53059,36,,,0,75,,53051,34,,,0,70,,53052,36,,,0,30,,53058,34,,,0,71,,53050,36,,,0,33,,53049,34,,,0,75,,53057,36,,,0,35,,53048,34,,,0,74,,53047,34,,,0,33,,53060,34,,,0,73,,53046,32,,,0,74,,53045,34,,,0,27,,53061,32,,,0,30,,53044,34,,,0,70,,53043,32,,,0,25,,53041,34,,,0,65,,53040,32,,,0,30,,53039,34,,,0,85,,53042,32,4,,0
501,'4663',640,,53778,22,,,0,71,,53783,22,,,0,28,,53775,22,,,0,72,,53777,22,,,0,32,,53781,22,,,0,71,,53776,22,,,0,30,,53779,22,,,0,77,,53782,22,,,0,80,,53780,22,,,0,39,,53790,22,,,0,79,,53785,22,,,0,40,,53786,22,,,0,80,,53784,22,,,0,94,,53787,22,,,0,76,,53789,22,,,0,35,,53788,22,,,0,77,,53791,22,,,0,34,,53795,22,,,0,75,,53793,22,,,0,81,,53794,22,,,0,110,,53792,22,,,0,82,,53796,22,,,0,42,,53797,22,,,0
501,'5372',640,,37758,22,,,0,71,,37763,22,,,0,28,,37755,22,,,0,72,,37757,22,,,0,32,,37761,22,,,0,71,,37756,22,,,0,30,,37759,22,,,0,77,,37762,22,,,0,80,,37760,22,,,0,39,,37770,22,,,0,79,,37765,22,,,0,40,,37766,22,,,0,80,,37764,22,,,0,94,,37767,22,,,0,76,,37769,22,,,0,35,,37768,22,,,0,77,,37771,22,,,0,34,,37775,22,,,0,75,,37773,22,,,0,81,,37774,22,,,0,110,,37772,22,,,0,82,,37776,22,,,0,42,,37777,22,,,0
501,'5377',717,,37835,22,,,0,119,,37834,22,,,0,118,,37833,22,,,0,79,,37827,22,,,0,98,,37830,22,,,0,79,,37826,22,,,0,40,,37822,22,,,0,79,,37821,22,,,0,80,,37837,22,,,0,40,,37829,22,,,0,80,,37825,22,,,0,80,,37824,22,,,0,42,,37823,22,,,0,75,,37836,22,,,0,80,,37831,22,,,0,36,,37828,22,,,0,82,,37832,22,,,0
501,'5383',730,,53806,22,,,0,120,,53808,22,,,0,60,,53800,1,,,0,44,,53805,22,,,0,79,,53799,22,,,0,98,,53807,22,,,0,79,,53798,22,,,0,39,,53814,22,,,0,78,,53803,22,,,0,79,,53804,22,,,0,41,,53801,22,,,0,80,,53802,22,,,0,81,,53812,22,,,0,41,,53815,22,,,0,75,,53811,22,,,0,81,,53813,22,,,0,37,,53817,22,,,0,75,,53816,22,,,0,40,,53809,22,,,0,85,,53810,22,,,0
501,'5384',717,,53832,22,,,0,119,,53831,22,,,0,118,,53830,22,,,0,79,,53824,22,,,0,98,,53827,22,,,0,79,,53823,22,,,0,40,,53819,22,,,0,79,,53818,22,,,0,80,,53834,22,,,0,40,,53826,22,,,0,80,,53822,22,,,0,80,,53821,22,,,0,42,,53820,22,,,0,75,,53833,22,,,0,80,,53828,22,,,0,36,,53825,22,,,0,82,,53829,22,,,0
501,'5385',640,,53838,22,,,0,71,,53843,22,,,0,28,,53835,22,,,0,72,,53837,22,,,0,32,,53841,22,,,0,71,,53836,22,,,0,30,,53839,22,,,0,77,,53842,22,,,0,80,,53840,22,,,0,39,,53850,22,,,0,79,,53845,22,,,0,40,,53846,22,,,0,80,,53844,22,,,0,94,,53847,22,,,0,76,,53849,22,,,0,35,,53848,22,,,0,77,,53851,22,,,0,34,,53855,22,,,0,75,,53853,22,,,0,81,,53854,22,,,0,110,,53852,22,,,0,82,,53856,22,,,0,42,,53857,22,,,0
1001,'4663',621,,54825,21,0,46 37,0,82,,54824,21,0,46 37,0,36,,54816,21,0,46 37,0,76,,54815,21,0,46 37,0,44,,54818,21,0,46 37,0,80,,54814,21,0,46 37,0,95,,54823,21,0,46 37,0,115,,54819,21,0,46 37,0,90,,54813,21,0,46 37,0,75,,54817,21,0,46 37,0,86,,54812,21,0,46 37,0,41,,54822,21,0,46 37,0,95,,54811,21,0,46 37,0,81,,54820,21,0,46 37,0,88,,54810,21,0,46 37,0,41,,54821,21,0,46 37,0,61,,54809,21,0,46 37,0,31,,54806,21,0,46 37,0,96,,54808,21,0,46 37,0,101,,54807,21,0,46 37,0
1001,'5372',621,,39007,21,0,46 37,0,82,,39006,21,0,46 37,0,36,,38998,21,0,46 37,0,76,,38997,21,0,46 37,0,44,,39000,21,0,46 37,0,80,,38996,21,0,46 37,0,95,,39005,21,0,46 37,0,115,,39001,21,0,46 37,0,90,,38995,21,0,46 37,0,75,,38999,21,0,46 37,0,86,,38994,21,0,46 37,0,41,,39004,21,0,46 37,0,95,,38993,21,0,46 37,0,81,,39002,21,0,46 37,0,88,,38992,21,0,46 37,0,41,,39003,21,0,46 37,0,61,,38991,21,0,46 37,0,31,,38988,21,0,46 37,0,96,,38990,21,0,46 37,0,101,,38989,21,0,46 37,0
1001,'5377',719,,39047,21,0,46 37,0,100,,39046,21,0,46 37,0,99,,39043,21,0,46 37,0,104,,39044,21,0,46 37,0,100,,39050,21,0,46 37,0,110,,39049,21,0,46 37,0,90,,39042,21,0,46 37,0,107,,39045,21,0,46 37,0,100,,39048,21,0,46 37,0,99,,39052,21,0,46 37,0,103,,39051,21,0,46 37,0,105,,39053,21,0,46 37,0,99,,39054,21,0,46 37,0
1001,'5383',718,,54835,21,0,46 37,0,101,,54838,21,0,46 37,0,101,,54826,21,0,46 37,0,96,,54830,21,0,46 37,0,108,,54832,21,0,46 37,0,110,,54831,21,0,46 37,0,96,,54828,21,0,46 37,0,100,,54827,21,0,46 37,0,100,,54829,21,0,46 37,0,103,,54833,21,0,46 37,0,103,,54834,21,0,46 37,0,100,,54836,21,0,46 37,0,99,,54837,21,0,46 37,0,99,,54839,21,0,46 37,0
1001,'5384',719,,54845,21,0,46 37,0,100,,54844,21,0,46 37,0,99,,54841,21,0,46 37,0,104,,54842,21,0,46 37,0,100,,54848,21,0,46 37,0,110,,54847,21,0,46 37,0,90,,54840,21,0,46 37,0,107,,54843,21,0,46 37,0,100,,54846,21,0,46 37,0,99,,54850,21,0,46 37,0,103,,54849,21,0,46 37,0,105,,54851,21,0,46 37,0,99,,54852,21,0,46 37,0
1001,'5385',621,,54873,21,0,46 37,0,82,,54872,21,0,46 37,0,36,,54864,21,0,46 37,0,76,,54863,21,0,46 37,0,44,,54866,21,0,46 37,0,80,,54862,21,0,46 37,0,95,,54871,21,0,46 37,0,115,,54867,21,0,46 37,0,90,,54861,21,0,46 37,0,75,,54865,21,0,46 37,0,86,,54860,21,0,46 37,0,41,,54870,21,0,46 37,0,95,,54859,21,0,46 37,0,81,,54868,21,0,46 37,0,88,,54858,21,0,46 37,0,41,,54869,21,0,46 37,0,61,,54857,21,0,46 37,0,31,,54854,21,0,46 37,0,96,,54856,21,0,46 37,0,101,,54855,21,0,46 37,0
2701,'4663',545,,57911,32,,,0,81,,57910,32,,,0,26,,57916,32,,,0,62,,57923,32,,,0,32,,57941,32,,,0,68,,57917,32,,,0,25,,57951,32,,,0,69,,57952,32,,,0,19,,57930,32,,,0,22,,57969,32,,,0,62,,57950,32,,,0,25,,57924,32,,,0,67,,57913,32,,,0,26,,57912,32,,,0,28,,57914,32,,,0,67,,57915,32,,,0,27,,57929,32,,,0,67,,57949,32,,,0,26,,57918,32,,,0,66,,57919,32,,,0,24,,57958,32,,,0,3,,57922,32,,,0,65,,57920,32,,,0,29,,57921,32,,,0,86,,57942,32,,,0,33,,57959,32,,,0,71,,57961,32,,,0,30,,57943,32,,,0,68,,57935,32,,,0,12,,57933,32,,,0,13,,57962,32,,,0,13,,57936,32,,,0,55,,57937,32,,,0,14,,57938,32,,,0,21,,57939,32,,,0,63,,57940,32,,,0,26,,57945,32,,,0,68,,57946,32,,,0,29,,57947,32,,,0,67,,57948,32,,,0,29,,57944,32,,,0,29,,57954,32,,,0,74,,57957,32,,,0,79,,57955,32,,,0,36,,57956,32,,,0,82,,57966,32,,,0,80,,57967,32,,,0
2701,'5372',545,,42696,32,,,0,81,,42695,32,,,0,26,,42701,32,,,0,62,,42708,32,,,0,32,,42725,32,,,0,68,,42702,32,,,0,25,,42734,32,,,0,69,,42735,32,,,0,19,,42715,32,,,0,22,,57976,32,,,0,62,,42733,32,,,0,25,,42709,32,,,0,67,,57970,32,,,0,26,,42697,32,,,0,28,,42699,32,,,0,67,,42700,32,,,0,27,,57974,32,,,0,67,,42732,32,,,0,26,,42703,32,,,0,66,,57971,32,,,0,27,,42707,32,,,0,65,,42705,32,,,0,29,,42706,32,,,0,70,,42745,32,,,0,16,,42726,32,,,0,33,,51681,32,,,0,71,,42742,32,,,0,30,,57975,32,,,0,68,,42720,32,,,0,12,,42718,32,,,0,26,,42721,32,,,0,55,,42722,32,,,0,14,,42723,32,,,0,21,,42724,32,,,0,89,,42729,32,,,0,68,,42730,32,,,0,96,,42731,32,,,0,29,,42728,32,,,0,103,,42739,32,,,0,79,,42737,32,,,0,36,,42738,32,,,0
2701,'5373',1844,,42864,32,,,0,166,,42861,32,,,0,123,,42862,32,,,0,125,,42863,32,,,0
2701,'5377',718,,42865,32,,,0,82,,42866,32,,,0,30,,42867,32,,,0,29,,42868,32,,,0,73,,42869,32,,,0,71,,42870,32,,,0,29,,42871,32,,,0,69,,42872,32,,,0,27,,42873,32,,,0,27,,42874,32,,,0,65,,42875,32,,,0,25,,42876,32,,,0,63,,42877,32,,,0,24,,42878,32,,,0,22,,42879,32,,,0,64,,42880,32,,,0,23,,42881,32,,,0,63,,42882,32,,,0,23,,42883,32,,,0,23,,42884,32,,,0,63,,42885,32,,,0,23,,42886,32,,,0,21,,42887,32,,,0,63,,42888,32,,,0,23,,42889,32,,,0,62,,42890,32,,,0,22,,42891,32,,,0,22,,42892,32,,,0,64,,42893,32,,,0,25,,42894,32,,,0,65,,42895,32,,,0,28,,42896,32,,,0,69,,42897,32,,,0,30,,42898,32,,,0,70,,42899,32,,,0,35,,42900,32,,,0,80,,42901,32,,,0,38,,42902,32,,,0
2701,'5381',1844,,42810,32,,,0,166,,42807,32,,,0,123,,42808,32,,,0,125,,42809,32,,,0
2701,'5383',648,,57977,32,,,0,77,,57978,32,,,0,31,,57979,32,,,0,71,,57980,32,,,0,30,,57981,32,,,0,67,,57982,32,,,0,29,,57983,32,,,0,67,,57984,32,,,0,27,,57985,32,,,0,67,,57986,32,,,0,22,,57987,32,,,0,23,,57988,32,,,0,63,,57989,32,,,0,22,,57990,32,,,0,63,,57993,32,,,0,23,,57992,32,,,0,23,,57994,32,,,0,63,,57991,32,,,0,23,,57995,32,,,0,63,,57996,32,,,0,20,,57997,32,,,0,20,,57998,32,,,0,61,,57999,32,,,0,20,,58000,32,,,0,21,,58001,32,,,0,60,,58002,32,,,0,19,,58003,32,,,0,20,,58004,32,,,0,59,,58005,32,,,0,20,,58006,32,,,0,20,,58007,32,,,0,60,,58008,32,,,0,19,,58009,32,,,0,20,,58010,32,,,0,66,,58011,32,,,0,26,,58012,32,,,0,69,,58013,32,,,0,30,,58014,32,,,0,68,,58015,32,,,0,30,,58016,32,,,0,70,,58017,32,,,0,30,,58018,32,,,0,71,,58019,32,,,0,30,,58020,32,,,0,70,,58021,32,,,0,27,,58022,32,,,0,28,,58023,32,,,0,70,,58024,32,,,0
2701,'5384',718,,58027,32,,,0,82,,58028,32,,,0,30,,58029,32,,,0,29,,58030,32,,,0,73,,58031,32,,,0,71,,58032,32,,,0,29,,58033,32,,,0,69,,58034,32,,,0,27,,58035,32,,,0,27,,58036,32,,,0,65,,58037,32,,,0,25,,58038,32,,,0,63,,58039,32,,,0,24,,58040,32,,,0,22,,58041,32,,,0,64,,58042,32,,,0,23,,58043,32,,,0,63,,58044,32,,,0,23,,58045,32,,,0,23,,58046,32,,,0,63,,58047,32,,,0,23,,58048,32,,,0,21,,58049,32,,,0,63,,58050,32,,,0,23,,58051,32,,,0,62,,58052,32,,,0,22,,58053,32,,,0,22,,58054,32,,,0,64,,58055,32,,,0,25,,58056,32,,,0,65,,58057,32,,,0,28,,58058,32,,,0,69,,58059,32,,,0,30,,58060,32,,,0,70,,58061,32,,,0,35,,58062,32,,,0,80,,58063,32,,,0,38,,58064,32,,,0
2701,'5385',545,,58067,32,,,0,81,,58066,32,,,0,26,,58072,32,,,0,62,,58079,32,,,0,32,,58096,32,,,0,68,,58073,32,,,0,25,,58105,32,,,0,69,,58106,32,,,0,19,,58086,32,,,0,22,,58117,32,,,0,62,,58104,32,,,0,25,,58080,32,,,0,67,,58069,32,,,0,26,,58068,32,,,0,28,,58070,32,,,0,67,,58071,32,,,0,27,,58085,32,,,0,67,,58103,32,,,0,26,,58074,32,,,0,66,,58075,32,,,0,27,,58078,32,,,0,65,,58076,32,,,0,29,,58077,32,,,0,70,,58116,32,,,0,16,,58097,32,,,0,33,,58111,32,,,0,71,,58113,32,,,0,30,,58098,32,,,0,68,,58091,32,,,0,12,,58089,32,,,0,26,,58092,32,,,0,55,,58093,32,,,0,14,,58094,32,,,0,21,,58095,32,,,0,89,,58100,32,,,0,68,,58101,32,,,0,96,,58102,32,,,0,29,,58099,32,,,0,103,,58110,32,,,0,79,,58108,32,,,0,36,,58109,32,,,0
2701,'5387',1844,,58121,32,,,0,166,,58118,32,,,0,123,,58119,32,,,0,125,,58120,32,,,0
2701,'5388',1844,,58125,32,,,0,166,,58122,32,,,0,123,,58123,32,,,0,125,,58124,32,,,0
2801,'4663',612,,58320,37,,,0,28,,58325,37,,,0,64,,58321,37,,,0,23,,58323,37,,,0,13,,58324,37,,,0,14,,58343,37,,,0,53,,58322,37,,,0,13,,58356,37,,,0,12,,58326,37,,,0,13,,58339,37,,,0,12,,58328,37,,,0,60,,58327,37,,,0,20,,58330,37,,,0,63,,58369,37,,,0,23,,58329,37,,,0,26,,58331,37,,,0,67,,58344,37,,,0,26,,58354,37,,,0,68,,58335,37,,,0,27,,58332,37,,,0,67,,58333,37,,,0,27,,58334,37,,,0,26,,58337,37,,,0,66,,58342,37,,,0,27,,58355,37,,,0,67,,58338,37,,,0,29,,58336,37,,,0,56,,58362,37,,,0,33,,58340,37,,,0,72,,58341,37,,,0,30,,58363,37,,,0,70,,58357,37,,,0,129,,58347,37,,,0,22,,58346,37,,,0,65,,58348,37,,,0,27,,58349,37,,,0,68,,58350,37,,,0,28,,58351,37,,,0,68,,58352,37,,,0,29,,58353,37,,,0,70,,58359,37,,,0,38,,58360,37,,,0,77,,58358,37,,,0,80,,58361,37,,,0,41,,58366,37,,,0
2801,'5372',612,,43168,37,,,0,28,,58371,37,,,0,64,,43169,37,,,0,23,,43171,37,,,0,13,,43172,37,,,0,14,,43190,37,,,0,53,,58370,37,,,0,13,,43203,37,,,0,12,,43174,37,,,0,13,,43187,37,,,0,12,,43176,37,,,0,60,,43175,37,,,0,20,,58372,37,,,0,63,,43213,37,,,0,23,,43177,37,,,0,26,,43179,37,,,0,67,,58375,37,,,0,26,,43201,37,,,0,68,,43183,37,,,0,27,,58373,37,,,0,67,,43181,37,,,0,27,,43182,37,,,0,26,,43185,37,,,0,66,,58374,37,,,0,27,,43202,37,,,0,67,,43186,37,,,0,29,,43184,37,,,0,56,,58376,37,,,0,33,,43188,37,,,0,102,,43210,37,,,0,70,,43204,37,,,0,129,,43194,37,,,0,22,,43193,37,,,0,65,,43195,37,,,0,27,,43196,37,,,0,68,,43197,37,,,0,28,,43198,37,,,0,68,,43199,37,,,0,29,,43200,37,,,0,70,,43206,37,,,0,38,,43207,37,,,0,77,,43205,37,,,0,80,,43208,37,,,0
2801,'5373',1707,,43314,37,,,0
2801,'5377',648,,43316,37,,,0,96,,43317,37,,,0,70,,43318,37,,,0,30,,43319,37,,,0,70,,43315,37,,,0,33,,43320,37,,,0,71,,43321,37,,,0,29,,43322,37,,,0,67,,43323,37,,,0,27,,43324,37,,,0,66,,43325,37,,,0,25,,43326,37,,,0,24,,43327,37,,,0,64,,43328,37,,,0,23,,43329,37,,,0,63,,43330,37,,,0,23,,43331,37,,,0,23,,43332,37,,,0,63,,43333,37,,,0,23,,43334,37,,,0,63,,43335,37,,,0,23,,43336,37,,,0,22,,43337,37,,,0,62,,43338,37,,,0,23,,43339,37,,,0,23,,43340,37,,,0,62,,43341,37,,,0,22,,43342,37,,,0,63,,43343,37,,,0,25,,43344,37,,,0,25,,43345,37,,,0,66,,43346,37,,,0,28,,43347,37,,,0,70,,43348,37,,,0,30,,43349,37,,,0,70,,43350,37,,,0,40,,43351,37,,,0,78,,43352,37,,,0,83,,43353,37,,,0
2801,'5381',1707,,43264,37,,,0
2801,'5383',708,,58379,37,,,0,33,,58380,37,,,0,71,,58381,37,,,0,30,,58382,37,,,0,68,,58383,37,,,0,28,,58384,37,,,0,68,,58385,37,,,0,27,,58386,37,,,0,68,,58378,37,,,0,24,,58387,37,,,0,22,,58388,37,,,0,63,,58389,37,,,0,23,,58390,37,,,0,23,,58391,37,,,0,63,,58393,37,,,0,22,,58392,37,,,0,63,,58394,37,,,0,24,,58395,37,,,0,22,,58396,37,,,0,62,,58399,37,,,0,20,,58400,37,,,0,21,,58397,37,,,0,60,,58398,37,,,0,21,,58401,37,,,0,20,,58402,37,,,0,60,,58403,37,,,0,19,,58404,37,,,0,19,,58405,37,,,0,61,,58406,37,,,0,19,,58407,37,,,0,20,,58408,37,,,0,59,,58409,37,,,0,20,,58410,37,,,0,23,,58411,37,,,0,66,,58412,37,,,0,28,,58413,37,,,0,69,,58414,37,,,0,30,,58415,37,,,0,68,,58416,37,,,0,29,,58417,37,,,0,71,,58418,37,,,0,31,,58419,37,,,0,70,,58420,37,,,0,31,,58421,37,,,0,68,,58422,37,,,0,27,,58423,37,,,0,69,,58424,37,,,0
2801,'5384',648,,58428,37,,,0,96,,58429,37,,,0,70,,58430,37,,,0,30,,58431,37,,,0,70,,58427,37,,,0,33,,58432,37,,,0,71,,58433,37,,,0,29,,58434,37,,,0,67,,58435,37,,,0,27,,58436,37,,,0,66,,58437,37,,,0,25,,58438,37,,,0,24,,58439,37,,,0,64,,58440,37,,,0,23,,58441,37,,,0,63,,58442,37,,,0,23,,58443,37,,,0,23,,58444,37,,,0,63,,58445,37,,,0,23,,58446,37,,,0,63,,58447,37,,,0,23,,58448,37,,,0,22,,58449,37,,,0,62,,58450,37,,,0,23,,58451,37,,,0,23,,58452,37,,,0,62,,58453,37,,,0,22,,58454,37,,,0,63,,58455,37,,,0,25,,58456,37,,,0,25,,58457,37,,,0,66,,58458,37,,,0,28,,58459,37,,,0,70,,58460,37,,,0,30,,58461,37,,,0,70,,58462,37,,,0,40,,58463,37,,,0,78,,58464,37,,,0,83,,58465,37,,,0
2801,'5385',612,,58466,37,,,0,28,,58471,37,,,0,64,,58467,37,,,0,23,,58469,37,,,0,13,,58470,37,,,0,14,,58488,37,,,0,53,,58468,37,,,0,13,,58501,37,,,0,12,,58472,37,,,0,13,,58485,37,,,0,12,,58474,37,,,0,60,,58473,37,,,0,20,,58476,37,,,0,63,,58511,37,,,0,23,,58475,37,,,0,26,,58477,37,,,0,67,,58489,37,,,0,26,,58499,37,,,0,68,,58481,37,,,0,27,,58478,37,,,0,67,,58479,37,,,0,27,,58480,37,,,0,26,,58483,37,,,0,66,,58487,37,,,0,27,,58500,37,,,0,67,,58484,37,,,0,29,,58482,37,,,0,56,,58507,37,,,0,33,,58486,37,,,0,102,,58508,37,,,0,70,,58502,37,,,0,129,,58492,37,,,0,22,,58491,37,,,0,65,,58493,37,,,0,27,,58494,37,,,0,68,,58495,37,,,0,28,,58496,37,,,0,68,,58497,37,,,0,29,,58498,37,,,0,70,,58504,37,,,0,38,,58505,37,,,0,77,,58503,37,,,0,80,,58506,37,,,0
2801,'5387',1707,,58512,37,,,0
2801,'5388',1707,,58513,37,,,0
3001,'4663',627,,58636,30,,,0,31,,58637,30,,,0,74,,58638,30,,,0,69,,58639,30,,,0,30,,58640,30,,,0,73,,58641,30,,,0,27,,58642,30,,,0,70,,58643,30,,,0,29,,58644,30,,,0,71,,58645,30,,,0,31,,58646,30,,,0,70,,58647,30,,,0,32,,58648,30,,,0,70,,58649,30,,,0,30,,58650,30,,,0,71,,58651,30,,,0,30,,58652,30,,,0,71,,58653,30,,,0,35,,58654,30,,,0,72,,58655,30,,,0,33,,58656,30,,,0,72,,58657,30,,,0,31,,58658,30,,,0,68,,58659,30,,,0,27,,58660,30,,,0,76,,58661,30,,,0,39,,58662,30,,,0,77,,58663,30,,,0,94,,58664,30,,,0,99,,58665,30,,,0,108,,58666,30,,,0,90,,58667,30,,,0
3001,'5372',627,,43541,30,,,0,31,,43542,30,,,0,74,,43543,30,,,0,69,,43544,30,,,0,30,,43545,30,,,0,73,,43546,30,,,0,27,,43547,30,,,0,70,,43548,30,,,0,29,,43549,30,,,0,71,,43550,30,,,0,31,,43551,30,,,0,70,,51691,30,,,0,32,,43553,30,,,0,70,,43554,30,,,0,30,,51692,30,,,0,71,,43556,30,,,0,30,,43557,30,,,0,71,,51693,30,,,0,35,,43559,30,,,0,72,,43560,30,,,0,33,,43561,30,,,0,72,,43562,30,,,0,31,,43563,30,,,0,68,,43564,30,,,0,27,,43565,30,,,0,76,,43566,30,,,0,39,,43567,30,,,0,77,,43568,30,,,0,94,,43569,30,,,0,99,,43570,30,,,0,108,,43571,30,,,0,90,,50198,30,,,0
3001,'5377',755,,43635,30,,,0,102,,43636,30,,,0,82,,43637,30,,,0,80,,43638,30,,,0,38,,43639,30,,,0,70,,43640,30,,,0,30,,43641,30,,,0,70,,43642,30,,,0,30,,43643,30,,,0,70,,43644,30,,,0,30,,43645,30,,,0,70,,43646,30,,,0,30,,43647,30,,,0,70,,43648,30,,,0,30,,43649,30,,,0,70,,43650,30,,,0,30,,43651,30,,,0,70,,43652,30,,,0,32,,43653,30,,,0,75,,43654,30,,,0,80,,43655,30,,,0,40,,43656,30,,,0,80,,43657,30,,,0,95,,43658,30,,,0,100,,43659,30,,,0,106,,43660,30,,,0,104,,43661,30,,,0
3001,'5383',654,,58669,30,,,0,88,,58670,30,,,0,80,,58671,30,,,0,33,,58668,30,,,0,71,,58672,30,,,0,32,,58673,30,,,0,72,,58674,30,,,0,29,,58675,30,,,0,70,,58676,30,,,0,30,,58677,30,,,0,70,,58678,30,,,0,29,,58679,30,,,0,69,,58680,30,,,0,30,,58681,30,,,0,70,,58682,30,,,0,30,,58683,30,,,0,70,,58684,30,,,0,30,,58685,30,,,0,71,,58686,30,,,0,30,,58687,30,,,0,70,,58688,30,,,0,30,,58689,30,,,0,75,,58690,30,,,0,80,,58691,30,,,0,40,,58692,30,,,0,81,,58693,30,,,0,95,,58694,30,,,0,100,,58695,30,,,0,110,,58696,30,,,0,91,,58697,30,,,0
3001,'5384',755,,58698,30,,,0,102,,58699,30,,,0,82,,58700,30,,,0,80,,58701,30,,,0,38,,58702,30,,,0,70,,58703,30,,,0,30,,58704,30,,,0,70,,58705,30,,,0,30,,58706,30,,,0,70,,58707,30,,,0,30,,58708,30,,,0,70,,58709,30,,,0,30,,58710,30,,,0,70,,58711,30,,,0,30,,58712,30,,,0,70,,58713,30,,,0,30,,58714,30,,,0,70,,58715,30,,,0,32,,58716,30,,,0,75,,58717,30,,,0,80,,58718,30,,,0,40,,58719,30,,,0,80,,58720,30,,,0,95,,58721,30,,,0,100,,58722,30,,,0,106,,58723,30,,,0,104,,58724,30,,,0
3001,'5385',627,,58725,30,,,0,31,,58726,30,,,0,74,,58727,30,,,0,69,,58728,30,,,0,30,,58729,30,,,0,73,,58730,30,,,0,27,,58731,30,,,0,70,,58732,30,,,0,29,,58733,30,,,0,71,,58734,30,,,0,31,,58735,30,,,0,70,,58736,30,,,0,32,,58737,30,,,0,70,,58738,30,,,0,30,,58739,30,,,0,71,,58740,30,,,0,30,,58741,30,,,0,71,,58742,30,,,0,35,,58743,30,,,0,72,,58744,30,,,0,33,,58745,30,,,0,72,,58746,30,,,0,31,,58747,30,,,0,68,,58748,30,,,0,27,,58749,30,,,0,76,,58750,30,,,0,39,,58751,30,,,0,77,,58752,30,,,0,94,,58753,30,,,0,99,,58754,30,,,0,108,,58755,30,,,0,90,,58756,30,,,0
3101,'4663',607,,58882,26,,,0,36,,58883,26,,,0,74,,58884,26,,,0,29,,58885,26,,,0,70,,58881,26,,,0,30,,58886,26,,,0,70,,58887,26,,,0,30,,58888,26,,,0,69,,58889,26,,,0,30,,58890,26,,,0,69,,58891,26,,,0,33,,58892,26,,,0,71,,58893,26,,,0,31,,58894,26,,,0,70,,58895,26,,,0,30,,58896,26,,,0,71,,58897,26,,,0,29,,58898,26,,,0,74,,58899,26,,,0,33,,58900,26,,,0,71,,58901,26,,,0,76,,58902,26,,,0,31,,58903,26,,,0,68,,58904,26,,,0,29,,58905,26,,,0,28,,58906,26,,,0,82,,58907,26,,,0,73,,58908,26,,,0,86,,58909,26,,,0,100,,58910,26,,,0,59,,58911,26,,,0,141,,58912,26,,,0
3101,'5372',607,,58914,26,,,0,36,,43841,26,,,0,74,,43842,26,,,0,29,,43843,26,,,0,70,,43839,26,,,0,30,,43844,26,,,0,70,,43845,26,,,0,30,,43846,26,,,0,69,,43847,26,,,0,30,,43848,26,,,0,69,,43849,26,,,0,33,,43850,26,,,0,71,,43851,26,,,0,31,,43852,26,,,0,70,,51704,26,,,0,30,,43854,26,,,0,71,,43855,26,,,0,29,,51705,26,,,0,74,,43857,26,,,0,33,,51706,26,,,0,71,,43859,26,,,0,76,,43860,26,,,0,31,,51707,26,,,0,68,,43862,26,,,0,29,,43863,26,,,0,28,,43864,26,,,0,82,,43865,26,,,0,73,,43866,26,,,0,86,,43867,26,,,0,100,,43868,26,,,0,59,,43869,26,,,0,141,,43870,26,,,0
3101,'5377',725,,43936,26,,,0,102,,43937,26,,,0,92,,43938,26,,,0,40,,43939,26,,,0,78,,43935,26,,,0,75,,43940,26,,,0,30,,43941,26,,,0,70,,43942,26,,,0,30,,43943,26,,,0,70,,43944,26,,,0,30,,43945,26,,,0,70,,43946,26,,,0,30,,43947,26,,,0,70,,43948,26,,,0,30,,43949,26,,,0,70,,43950,26,,,0,30,,43951,26,,,0,70,,43952,26,,,0,31,,43953,26,,,0,71,,43954,26,,,0,40,,43955,26,,,0,80,,43956,26,,,0,80,,43957,26,,,0,87,,43958,26,,,0,58,,43959,26,,,0,100,,43960,26,,,0,145,,43961,26,,,0
3101,'5383',715,,58915,26,,,0,87,,58916,26,,,0,37,,58917,26,,,0,71,,58918,26,,,0,32,,58919,26,,,0,72,,58920,26,,,0,30,,58921,26,,,0,70,,58922,26,,,0,30,,58923,26,,,0,70,,58924,26,,,0,29,,58925,26,,,0,69,,58926,26,,,0,30,,58927,26,,,0,70,,58928,26,,,0,30,,58929,26,,,0,70,,58930,26,,,0,30,,58931,26,,,0,71,,58932,26,,,0,30,,58933,26,,,0,70,,58934,26,,,0,30,,58935,26,,,0,70,,58936,26,,,0,40,,58937,26,,,0,80,,58938,26,,,0,80,,58939,26,,,0,46,,58940,26,,,0,100,,58941,26,,,0,100,,58942,26,,,0,150,,58943,26,,,0
3101,'5384',725,,58946,26,,,0,102,,58947,26,,,0,92,,58948,26,,,0,40,,58949,26,,,0,78,,58945,26,,,0,75,,58950,26,,,0,30,,58951,26,,,0,70,,58952,26,,,0,30,,58953,26,,,0,70,,58954,26,,,0,30,,58955,26,,,0,70,,58956,26,,,0,30,,58957,26,,,0,70,,58958,26,,,0,30,,58959,26,,,0,70,,58960,26,,,0,30,,58961,26,,,0,70,,58962,26,,,0,31,,58963,26,,,0,71,,58964,26,,,0,40,,58965,26,,,0,80,,58966,26,,,0,80,,58967,26,,,0,87,,58968,26,,,0,58,,58969,26,,,0,100,,58970,26,,,0,145,,58971,26,,,0
3101,'5385',607,,58973,26,,,0,36,,58974,26,,,0,74,,58975,26,,,0,29,,58976,26,,,0,70,,58972,26,,,0,30,,58977,26,,,0,70,,58978,26,,,0,30,,58979,26,,,0,69,,58980,26,,,0,30,,58981,26,,,0,69,,58982,26,,,0,33,,58983,26,,,0,71,,58984,26,,,0,31,,58985,26,,,0,70,,58986,26,,,0,30,,58987,26,,,0,71,,58988,26,,,0,29,,58989,26,,,0,74,,58990,26,,,0,33,,58991,26,,,0,71,,58992,26,,,0,76,,58993,26,,,0,31,,58994,26,,,0,68,,58995,26,,,0,29,,58996,26,,,0,28,,58997,26,,,0,82,,58998,26,,,0,73,,58999,26,,,0,86,,59000,26,,,0,100,,59001,26,,,0,59,,59002,26,,,0,141,,59003,26,,,0
3201,'4663',730,,59068,35,,,0,84,,59069,35,,,0
3201,'5372',730,,44063,35,,,0,84,,59085,35,,,0
3201,'5385',730,,59114,35,,,0,84,,59115,35,,,0
4700,'4663',710,,59613,51,,,0,24,,59612,51,,,0,66,,59611,51,,,0
4700,'5372',710,,44662,51,,,0,24,,44661,51,,,0,66,,50317,51,,,0
4700,'5385',710,,59616,51,,,0,24,,59615,51,,,0,66,,59614,51,,,0
4800,'4663',708,,59625,55,,,0,27,,59624,55,,,0,70,,59623,55,,,0
4800,'5372',708,,44674,55,,,0,27,,44673,55,,,0,70,,44672,55,,,0
4800,'5385',708,,59628,55,,,0,27,,59627,55,,,0,70,,59626,55,,,0
5300,'4663',744,,59985,49,,,0
5300,'5372',744,,50450,49,,,0
5300,'5385',744,,60010,49,,,0
6100,'4663',611,,60746,75,,,0,44,,60744,75,,,0,56,,60747,75,,,0,24,,60748,75,,,0,66,,60750,75,,,0,19,,60754,75,,,0,18,,60761,75,,,0,68,,60763,75,,,0
6100,'5372',611,,50731,75,,,0,44,,46007,75,,,0,56,,50732,75,,,0,24,,46011,75,,,0,66,,46013,75,,,0,19,,46017,75,,,0,18,,46024,75,,,0,68,,46026,75,,,0
6100,'5385',611,,60837,75,,,0,44,,60835,75,,,0,56,,60838,75,,,0,24,,60839,75,,,0,66,,60841,75,,,0,19,,60845,75,,,0,18,,60852,75,,,0,68,,60854,75,,,0
6500,'4663',636,,61032,60,,,0,106,,61034,60,,,0,68,,61035,60,,,0,41,,61033,60,,,0
6500,'5372',636,,46333,60,,,0,106,,46335,60,,,0,68,,46336,60,,,0,41,,46334,60,,,0
6500,'5385',636,,61036,60,,,0,106,,61038,60,,,0,68,,61039,60,,,0,41,,61037,60,,,0
7001,'4663',744,,61150,18,,,0,108,,61144,18,,,0,97,,61153,18,,,0,99,,61145,18,,,0,105,,61146,18,,,0,100,,61159,18,,,0,101,,61157,18,,,0,102,,61147,18,,,0,146,,61152,18,,,0,99,,61155,18,,,0,27,,61148,18,,,0,72,,61149,18,,,0,52,,61151,18,,,0,97,,61154,18,,,0,99,,61161,18,,,0,100,,61156,18,,,0,98,,61160,18,,,0,99,,61158,18,,,0
7001,'5355',1153,,61162,18,,,0
7001,'5372',744,,46474,18,,,0,108,,46469,18,,,0,97,,46477,18,,,0,99,,46470,18,,,0,205,,46483,18,,,0,101,,46481,18,,,0,102,,46471,18,,,0,146,,46476,18,,,0,99,,46479,18,,,0,27,,46472,18,,,0,72,,46473,18,,,0,52,,46475,18,,,0,97,,46478,18,,,0,99,,46485,18,,,0,100,,46480,18,,,0,98,,46484,18,,,0,99,,46482,18,,,0
7001,'5374',1153,,46504,18,,,0
7001,'5375',1153,,46505,18,,,0
7001,'5377',945,,46520,18,,,0,100,,46534,18,,,0,102,,46521,18,,,0,100,,46522,18,,,0,105,,46523,18,,,0,100,,46524,18,,,0,103,,46525,18,,,0,95,,46526,18,,,0,102,,46527,18,,,0,96,,46528,18,,,0,100,,46529,18,,,0,100,,46530,18,,,0,99,,46531,18,,,0,101,,46535,18,,,0,97,,46532,18,,,0,95,,46533,18,,,0
7001,'5383',947,,61163,18,,,0,103,,61164,18,,,0,102,,61165,18,,,0,102,,61166,18,,,0,102,,61167,18,,,0,103,,61168,18,,,0,99,,61169,18,,,0,96,,61170,18,,,0,97,,61171,18,,,0,95,,61172,18,,,0,100,,61173,18,,,0,99,,61176,18,,,0,98,,61174,18,,,0,199,,61175,18,,,0
7001,'5384',945,,61177,18,,,0,100,,61191,18,,,0,102,,61178,18,,,0,100,,61179,18,,,0,105,,61180,18,,,0,100,,61181,18,,,0,103,,61182,18,,,0,95,,61183,18,,,0,102,,61184,18,,,0,96,,61185,18,,,0,100,,61186,18,,,0,100,,61187,18,,,0,99,,61188,18,,,0,101,,61192,18,,,0,97,,61189,18,,,0,95,,61190,18,,,0
7001,'5385',744,,61198,18,,,0,108,,61193,18,,,0,97,,61201,18,,,0,99,,61194,18,,,0,205,,61207,18,,,0,101,,61205,18,,,0,102,,61195,18,,,0,146,,61200,18,,,0,99,,61203,18,,,0,27,,61196,18,,,0,72,,61197,18,,,0,52,,61199,18,,,0,97,,61202,18,,,0,99,,61209,18,,,0,100,,61204,18,,,0,98,,61208,18,,,0,99,,61206,18,,,0
7001,'5386',1153,,61210,18,,,0
7101,'4663',647,,61219,38,,,0,72,,61218,38,,,0,91,,61217,38,,,0
7101,'5372',647,,46560,38,,,0,72,,46559,38,,,0,91,,46558,38,,,0
7101,'5385',647,,61222,38,,,0,72,,61221,38,,,0,91,,61220,38,,,0
7201,'4663',629,,61381,59,,,0,82,,61371,59,,,0,33,,61382,59,,,0,75,,61373,59,,,0,33,,61357,59,,,0,60,,61359,59,,,0,27,,61380,59,,,0,69,,61386,59,,,0,30,,61364,59,,,0,71,,61379,59,,,0,31,,61372,59,,,0,74,,61354,59,,,0,30,,61383,59,,,0,70,,61370,59,,,0,31,,61363,59,,,0,70,,61355,59,,,0,31,,61356,59,,,0,76,,61358,59,,,0,31,,61362,59,,,0,71,,61387,59,,,0,31,,61361,59,,,0,65,,61365,59,,,0,28,,61369,59,,,0,67,,61367,59,,,0,29,,61368,59,,,0,67,,61366,59,,,0,28,,61388,59,,,0,68,,61375,59,,,0,30,,61376,59,,,0,70,,61374,59,,,0,30,,61377,59,,,0,70,,61378,59,,,0,96,,61385,59,,,0,55,,61384,59,,,0,98,,61389,59,,,0
7201,'5355',912,,61391,59,,,0,610,,61390,59,,,0,322,,61392,59,,,0
7201,'5372',629,,46746,59,,,0,82,,46736,59,,,0,33,,46747,59,,,0,75,,46738,59,,,0,33,,46725,59,,,0,87,,46745,59,,,0,69,,46751,59,,,0,30,,46730,59,,,0,71,,46744,59,,,0,31,,46737,59,,,0,74,,46722,59,,,0,30,,46748,59,,,0,70,,46735,59,,,0,31,,46729,59,,,0,70,,46723,59,,,0,31,,46724,59,,,0,107,,46728,59,,,0,71,,46752,59,,,0,31,,46727,59,,,0,65,,46731,59,,,0,28,,46734,59,,,0,67,,46733,59,,,0,96,,46732,59,,,0,28,,46753,59,,,0,68,,46740,59,,,0,30,,46741,59,,,0,70,,46739,59,,,0,30,,46742,59,,,0,70,,46743,59,,,0,96,,46750,59,,,0,55,,46749,59,,,0,98,,46754,59,,,0
7201,'5374',912,,46792,59,,,0,610,,46791,59,,,0,322,,46793,59,,,0
7201,'5375',912,,46794,59,,,0,607,,46795,59,,,0,325,,46796,59,,,0
7201,'5377',759,,46830,59,,,0,142,,46831,59,,,0,102,,46832,59,,,0,106,,46833,59,,,0,101,,46834,59,,,0,31,,46835,59,,,0,70,,46829,59,,,0,31,,46836,59,,,0,70,,46837,59,,,0,30,,46839,59,,,0,70,,46840,59,,,0,31,,46841,59,,,0,69,,46838,59,,,0,29,,46842,59,,,0,69,,46843,59,,,0,30,,46844,59,,,0,73,,46845,59,,,0,28,,46846,59,,,0,69,,46847,59,,,0,29,,46848,59,,,0,70,,46849,59,,,0,29,,46850,59,,,0,70,,46851,59,,,0,29,,46852,59,,,0,69,,46853,59,,,0,95,,46854,59,,,0,55,,46855,59,,,0
7201,'5383',656,,61424,59,,,0,145,,61394,59,,,0,100,,61395,59,,,0,33,,61396,59,,,0,73,,61397,59,,,0,30,,61398,59,,,0,73,,61399,59,,,0,31,,61400,59,,,0,71,,61401,59,,,0,30,,61402,59,,,0,72,,61393,59,,,0,30,,61403,59,,,0,70,,61404,59,,,0,32,,61405,59,,,0,74,,61406,59,,,0,29,,61407,59,,,0,68,,61408,59,,,0,32,,61409,59,,,0,68,,61410,59,,,0,27,,61411,59,,,0,65,,61412,59,,,0,30,,61413,59,,,0,68,,61414,59,,,0,29,,61415,59,,,0,68,,61416,59,,,0,30,,61417,59,,,0,71,,61418,59,,,0,28,,61419,59,,,0,70,,61420,59,,,0,100,,61421,59,,,0,56,,61422,59,,,0,96,,61423,59,,,0
7201,'5384',759,,61426,59,,,0,142,,61427,59,,,0,102,,61428,59,,,0,106,,61429,59,,,0,101,,61430,59,,,0,31,,61431,59,,,0,70,,61425,59,,,0,31,,61432,59,,,0,70,,61433,59,,,0,30,,61435,59,,,0,70,,61436,59,,,0,31,,61437,59,,,0,69,,61434,59,,,0,29,,61438,59,,,0,69,,61439,59,,,0,30,,61440,59,,,0,73,,61441,59,,,0,28,,61442,59,,,0,69,,61443,59,,,0,29,,61444,59,,,0,70,,61445,59,,,0,29,,61446,59,,,0,70,,61447,59,,,0,29,,61448,59,,,0,69,,61449,59,,,0,95,,61450,59,,,0,55,,61451,59,,,0
7201,'5385',629,,61476,59,,,0,82,,61466,59,,,0,33,,61477,59,,,0,75,,61468,59,,,0,33,,61455,59,,,0,87,,61475,59,,,0,69,,61481,59,,,0,30,,61460,59,,,0,71,,61474,59,,,0,31,,61467,59,,,0,74,,61452,59,,,0,30,,61478,59,,,0,70,,61465,59,,,0,31,,61459,59,,,0,70,,61453,59,,,0,31,,61454,59,,,0,107,,61458,59,,,0,71,,61482,59,,,0,31,,61457,59,,,0,65,,61461,59,,,0,28,,61464,59,,,0,67,,61463,59,,,0,96,,61462,59,,,0,28,,61483,59,,,0,68,,61470,59,,,0,30,,61471,59,,,0,70,,61469,59,,,0,30,,61472,59,,,0,70,,61473,59,,,0,96,,61480,59,,,0,55,,61479,59,,,0,98,,61484,59,,,0
7201,'5386',912,,61485,59,,,0,607,,61486,59,,,0,325,,61487,59,,,0
7501,'4663',623,,61620,54,,,0,30,,61621,54,,,0,63,,61622,54,,,0,22,,61623,54,,,0,65,,61624,54,,,0,27,,61625,54,,,0,19,,61626,54,,,0,55,,61627,54,,,0,28,,61628,54,,,0,72,,61629,56,,,0,39,,61630,56,,,0,71,,61631,56,,,0,35,,61632,56,,,0,68,,61633,56,,,0,30,,61634,56,,,0,71,,61635,56,,,0,30,,61636,56,,,0,70,,61637,56,,,0,33,,61638,56,,,0,73,,61639,56,,,0,28,,61658,30,,,0,6,,61640,56,,,0,60,,61656,56,,,0,4,,61657,30,,,0,6,,61641,56,,,0,19,,61642,56,,,0,54,,61643,56,,,0,9,,61644,54,,,0,9,,61645,35,,,0,3,,61659,30,,,0,7,,61646,56,,,0,26,,61647,56,,,0,66,,61648,56,,,0,28,,61649,56,,,0,96,,61650,56,,,0,96,,61651,56,,,0,100,,61652,56,,,0,98,,61653,56,,,0
7501,'5372',623,,47038,54,,,0,30,,47039,54,,,0,63,,47040,54,,,0,22,,47041,54,,,0,65,,47042,54,,,0,27,,47043,54,,,0,19,,47044,54,,,0,55,,47045,54,,,0,28,,47046,54,,,0,72,,47047,56,,,0,39,,47048,56,,,0,71,,47049,56,,,0,35,,47050,56,,,0,68,,47051,56,,,0,30,,47052,56,,,0,71,,47053,56,,,0,30,,47054,56,,,0,70,,51861,56,,,0,33,,47056,56,,,0,73,,47057,56,,,0,28,,51864,30,,,0,6,,47058,56,,,0,60,,61660,56,,,0,4,,47075,30,,,0,6,,47059,56,,,0,19,,47060,56,,,0,54,,51862,56,,,0,9,,47062,54,,,0,9,,47063,35,,,0,3,,47077,30,,,0,7,,47064,56,,,0,26,,47065,56,,,0,66,,47066,56,,,0,28,,47067,56,,,0,96,,47068,56,,,0,96,,47069,56,,,0,100,,47070,56,,,0,98,,47071,56,,,0
7501,'5377',928,,47147,54,,,0,111,,47148,56,,,0,102,,47149,56,,,0,104,,47150,56,,,0,71,,47151,56,,,0,31,,47152,56,,,0,70,,47153,56,,,0,30,,47154,56,,,0,71,,47155,56,,,0,31,,47156,56,,,0,69,,47157,56,,,0,30,,47158,56,,,0,67,,47167,35,,,0,33,,47159,56,,,0,100,,47160,56,,,0,98,,47161,56,,,0,98,,47162,56,,,0,99,,47163,56,,,0,100,,47164,56,,,0
7501,'5383',826,,61662,54,,,0,102,,61663,54,,,0,115,,61664,56,,,0,74,,61687,35,,,0,32,,61665,56,,,0,69,,61684,35,,,0,33,,61666,56,,,0,70,,61667,56,,,0,31,,61668,56,,,0,70,,61669,56,,,0,30,,61670,56,,,0,73,,61671,56,,,0,30,,61672,56,,,0,70,,61673,56,,,0,29,,61674,56,,,0,69,,61675,56,,,0,30,,61676,56,,,0,67,,61685,35,,,0,29,,61677,56,,,0,64,,61686,35,,,0,29,,61678,56,,,0,98,,61679,56,,,0,100,,61680,56,,,0,100,,61681,56,,,0
7501,'5384',928,,61690,54,,,0,111,,61691,56,,,0,102,,61692,56,,,0,104,,61693,56,,,0,71,,61694,56,,,0,31,,61695,56,,,0,70,,61696,56,,,0,30,,61697,56,,,0,71,,61698,56,,,0,31,,61699,56,,,0,69,,61700,56,,,0,30,,61701,56,,,0,67,,61710,35,,,0,33,,61702,56,,,0,100,,61703,56,,,0,98,,61704,56,,,0,98,,61705,56,,,0,99,,61706,56,,,0,100,,61707,56,,,0
7501,'5385',623,,61711,54,,,0,30,,61712,54,,,0,63,,61713,54,,,0,22,,61714,54,,,0,65,,61715,54,,,0,27,,61716,54,,,0,19,,61717,54,,,0,55,,61718,54,,,0,28,,61719,54,,,0,72,,61720,56,,,0,39,,61721,56,,,0,71,,61722,56,,,0,35,,61723,56,,,0,68,,61724,56,,,0,30,,61725,56,,,0,71,,61726,56,,,0,30,,61727,56,,,0,70,,61728,56,,,0,33,,61729,56,,,0,73,,61730,56,,,0,28,,61749,30,,,0,6,,61731,56,,,0,60,,61747,56,,,0,4,,61748,30,,,0,6,,61732,56,,,0,19,,61733,56,,,0,54,,61734,56,,,0,9,,61735,54,,,0,9,,61736,35,,,0,3,,61750,30,,,0,7,,61737,56,,,0,26,,61738,56,,,0,66,,61739,56,,,0,28,,61740,56,,,0,96,,61741,56,,,0,96,,61742,56,,,0,100,,61743,56,,,0,98,,61744,56,,,0
9500,'4663',511,,62139,22,0,15,0,25,,62129,22,0,15,0,17,,62127,22,0,15,0,55,,62126,22,0,15,0,16,,62128,22,0,15,0,11,,62117,22,0,15,0,11,,62120,22,0,15,0,12,,62140,22,0,15,0,48,,62111,22,0,15,0,9,,62112,22,0,15,0,7,,62118,22,0,15,0,8,,62100,22,0,15,0,8,,62113,22,0,15,0,9,,62107,22,0,15,0,9,,62104,22,0,15,0,47,,62109,22,0,15,0,8,,62098,22,0,15,0,7,,62130,22,0,15,0,9,,62097,22,0,15,0,8,,62095,22,0,15,0,9,,62094,22,0,15,0,9,,62138,22,0,15,0,50,,62096,22,0,15,0,10,,62089,22,0,15,0,9,,62119,22,0,15,0,10,,62087,22,0,15,0,11,,62131,22,0,15,0,10,,62093,22,0,15,0,50,,62102,22,0,15,0,10,,62091,22,0,15,0,10,,62086,22,0,15,0,10,,62077,22,0,15,0,11,,62079,22,0,15,0,12,,62137,22,0,15,0,53,,62076,22,0,15,0,12,,62114,22,0,15,0,12,,62072,22,0,15,0,12,,62132,22,0,15,0,13,,62099,22,0,15,0,52,,62092,22,0,15,0,12,,62070,22,0,15,0,12,,62080,22,0,15,0,12,,62071,22,0,15,0,13,,62135,22,0,15,0,52,,62069,22,0,15,0,12,,62115,22,0,15,0,12,,62067,22,0,15,0,12,,62133,22,0,15,0,12,,62101,22,0,15,0,51,,62088,22,0,15,0,10,,62066,22,0,15,0,10,,62064,22,0,15,0,10,,62078,22,0,15,0,10,,62065,22,0,15,0,51,,62073,22,0,15,0,10,,62136,22,0,15,0,11,,62068,22,0,15,0,11,,62116,22,0,15,0,11,,62060,22,0,15,0,10,,62059,22,0,15,0,50,,62134,22,0,15,0,12,,62103,22,0,15,0,10,,62090,22,0,15,0,10,,62057,22,0,15,0,11,,62055,22,0,15,0,11,,62083,22,0,15,0,49,,62144,22,0,15,0,11,,62075,22,0,15,0,8,,62141,22,0,15,0,12,,62054,22,0,15,0,13,,62125,22,0,15,0,52,,62061,22,0,15,0,13,,62053,22,0,15,0,13,,62106,22,0,15,0,11,,62056,22,0,15,0,13,,62051,22,0,15,0,52,,62084,22,0,15,0,12,,62074,22,0,15,0,12,,62143,22,0,15,0,15,,62124,22,0,15,0,15,,62063,22,0,15,0,55,,62108,22,0,15,0,15,,62058,22,0,15,0,15,,62049,22,0,15,0,15,,62085,22,0,15,0,55,,62142,22,0,15,0,15,,62122,22,0,15,0,20,,62062,22,0,15,0,60,,62110,22,0,15,0,20,,62047,22,0,15,0,20,,62081,22,0,15,0,70,,62123,22,0,15,0,31,,62105,22,0,15,0,70,,62082,22,0,15,0,30,,62121,22,0,15,0,70,,62052,22,0,15,0,30,,62048,22,0,15,0,70,,62050,22,0,15,0
9500,'5372',511,,52263,22,0,15,0,25,,52253,22,0,15,0,17,,52251,22,0,15,0,55,,52250,22,0,15,0,16,,52252,22,0,15,0,11,,52241,22,0,15,0,11,,52244,22,0,15,0,12,,52264,22,0,15,0,48,,52235,22,0,15,0,9,,52236,22,0,15,0,7,,52242,22,0,15,0,8,,52226,22,0,15,0,8,,52237,22,0,15,0,9,,52232,22,0,15,0,9,,52229,22,0,15,0,47,,47613,22,0,15,0,8,,52224,22,0,15,0,7,,52254,22,0,15,0,9,,47601,22,0,15,0,8,,52222,22,0,15,0,9,,52221,22,0,15,0,9,,52262,22,0,15,0,50,,52223,22,0,15,0,10,,52216,22,0,15,0,9,,52243,22,0,15,0,10,,52214,22,0,15,0,11,,52255,22,0,15,0,10,,52220,22,0,15,0,50,,47606,22,0,15,0,10,,52218,22,0,15,0,10,,52213,22,0,15,0,10,,52204,22,0,15,0,11,,52206,22,0,15,0,12,,52261,22,0,15,0,53,,52203,22,0,15,0,12,,52238,22,0,15,0,12,,52199,22,0,15,0,12,,52256,22,0,15,0,13,,52225,22,0,15,0,52,,52219,22,0,15,0,12,,52197,22,0,15,0,12,,52207,22,0,15,0,12,,52198,22,0,15,0,13,,52259,22,0,15,0,52,,52196,22,0,15,0,12,,52239,22,0,15,0,12,,52194,22,0,15,0,12,,52257,22,0,15,0,12,,52227,22,0,15,0,51,,52215,22,0,15,0,10,,52193,22,0,15,0,10,,52191,22,0,15,0,10,,52205,22,0,15,0,10,,52192,22,0,15,0,51,,52200,22,0,15,0,10,,52260,22,0,15,0,11,,52195,22,0,15,0,11,,52240,22,0,15,0,11,,52187,22,0,15,0,10,,52186,22,0,15,0,50,,52258,22,0,15,0,12,,52228,22,0,15,0,10,,52217,22,0,15,0,10,,52184,22,0,15,0,11,,52182,22,0,15,0,11,,52210,22,0,15,0,49,,52268,22,0,15,0,11,,52202,22,0,15,0,8,,52265,22,0,15,0,12,,52181,22,0,15,0,13,,52249,22,0,15,0,52,,52188,22,0,15,0,13,,52180,22,0,15,0,13,,52231,22,0,15,0,11,,52183,22,0,15,0,13,,52179,22,0,15,0,52,,52211,22,0,15,0,12,,52201,22,0,15,0,12,,52267,22,0,15,0,15,,52248,22,0,15,0,15,,52190,22,0,15,0,55,,52233,22,0,15,0,15,,52185,22,0,15,0,15,,52178,22,0,15,0,15,,52212,22,0,15,0,55,,52266,22,0,15,0,15,,52246,22,0,15,0,20,,52189,22,0,15,0,60,,52234,22,0,15,0,20,,52177,22,0,15,0,20,,52208,22,0,15,0,70,,52247,22,0,15,0,31,,52230,22,0,15,0,70,,52209,22,0,15,0,30,,52245,22,0,15,0
9500,'5377',628,,52042,22,0,15,0,30,,52043,22,0,15,0,60,,52044,22,0,15,0,20,,52045,22,0,15,0,20,,52046,22,0,15,0,55,,52047,22,0,15,0,15,,52041,22,0,15,0,15,,52048,22,0,15,0,15,,52049,22,0,15,0,55,,52050,22,0,15,0,15,,52051,22,0,15,0,15,,52052,22,0,15,0,14,,52053,22,0,15,0,55,,52054,22,0,15,0,15,,52056,22,0,15,0,15,,52057,22,0,15,0,15,,52055,22,0,15,0,55,,52058,22,0,15,0,15,,52059,22,0,15,0,15,,52060,22,0,15,0,15,,52061,22,0,15,0,55,,52108,22,0,15,0,15,,52062,22,0,15,0,15,,52107,22,0,15,0,14,,52063,22,0,15,0,55,,52106,22,0,15,0,15,,52064,22,0,15,0,15,,52065,22,0,15,0,15,,52066,22,0,15,0,55,,52067,22,0,15,0,15,,52068,22,0,15,0,15,,52069,22,0,15,0,15,,52070,22,0,15,0,55,,52071,22,0,15,0,13,,52072,22,0,15,0,12,,52073,22,0,15,0,12,,52074,22,0,15,0,53,,52075,22,0,15,0,12,,52076,22,0,15,0,12,,52077,22,0,15,0,13,,52078,22,0,15,0,12,,52079,22,0,15,0,52,,52080,22,0,15,0,12,,52081,22,0,15,0,14,,52082,22,0,15,0,15,,52083,22,0,15,0,16,,52084,22,0,15,0,55,,52085,22,0,15,0,15,,52086,22,0,15,0,15,,52087,22,0,15,0,15,,52088,22,0,15,0,55,,52089,22,0,15,0,15,,52090,22,0,15,0,15,,52091,22,0,15,0,56,,52092,22,0,15,0,15,,52093,22,0,15,0,15,,52094,22,0,15,0,15,,52095,22,0,15,0,55,,52096,22,0,15,0,15,,52097,22,0,15,0,15,,52098,22,0,15,0,20,,52099,22,0,15,0,60,,52100,22,0,15,0,20,,52101,22,0,15,0,20,,52102,22,0,15,0,71,,52103,22,0,15,0,30,,52104,22,0,15,0,70,,52105,22,0,15,0
9500,'5383',626,,62145,22,0,15,0,32,,62146,22,0,15,0,62,,62147,22,0,15,0,15,,62148,22,0,15,0,15,,62149,22,0,15,0,55,,62150,22,0,15,0,16,,62151,22,0,15,0,16,,62152,22,0,15,0,15,,62153,22,0,15,0,54,,62154,22,0,15,0,15,,62155,22,0,15,0,15,,62156,22,0,15,0,15,,62157,22,0,15,0,55,,62158,22,0,15,0,14,,62159,22,0,15,0,15,,62160,22,0,15,0,15,,62161,22,0,15,0,55,,62162,22,0,15,0,15,,62163,22,0,15,0,15,,62164,22,0,15,0,14,,62165,22,0,15,0,53,,62166,22,0,15,0,12,,62167,22,0,15,0,12,,62168,22,0,15,0,12,,62169,22,0,15,0,12,,62170,22,0,15,0,52,,62171,22,0,15,0,12,,62172,22,0,15,0,11,,62173,22,0,15,0,12,,62174,22,0,15,0,12,,62175,22,0,15,0,53,,62176,22,0,15,0,12,,62177,22,0,15,0,12,,62178,22,0,15,0,12,,62179,22,0,15,0,11,,62180,22,0,15,0,51,,62181,22,0,15,0,12,,62182,22,0,15,0,13,,62183,22,0,15,0,12,,62184,22,0,15,0,12,,62185,22,0,15,0,52,,62186,22,0,15,0,12,,62187,22,0,15,0,12,,62188,22,0,15,0,13,,62189,22,0,15,0,12,,62190,22,0,15,0,52,,62191,22,0,15,0,13,,62192,22,0,15,0,12,,62193,22,0,15,0,12,,62194,22,0,15,0,12,,62195,22,0,15,0,53,,62196,22,0,15,0,12,,62197,22,0,15,0,13,,62198,22,0,15,0,15,,62199,22,0,15,0,15,,62200,22,0,15,0,55,,62201,22,0,15,0,15,,62202,22,0,15,0,15,,62203,22,0,15,0,15,,62204,22,0,15,0,55,,62205,22,0,15,0,15,,62206,22,0,15,0,16,,62207,22,0,15,0,55,,62208,22,0,15,0,15,,62209,22,0,15,0,15,,62210,22,0,15,0,20,,62211,22,0,15,0,60,,62212,22,0,15,0,20,,62213,22,0,15,0,20,,62214,22,0,15,0,71,,62215,22,0,15,0,30,,62216,22,0,15,0,69,,62217,22,0,15,0,30,,62218,22,0,15,0,69,,62219,22,0,15,0,30,,62220,22,0,15,0,70,,62221,22,0,15,0
9500,'5384',628,,62223,22,0,15,0,30,,62224,22,0,15,0,60,,62225,22,0,15,0,20,,62226,22,0,15,0,20,,62227,22,0,15,0,55,,62228,22,0,15,0,15,,62222,22,0,15,0,15,,62229,22,0,15,0,15,,62230,22,0,15,0,55,,62231,22,0,15,0,15,,62232,22,0,15,0,15,,62233,22,0,15,0,14,,62234,22,0,15,0,55,,62235,22,0,15,0,15,,62237,22,0,15,0,15,,62238,22,0,15,0,15,,62236,22,0,15,0,55,,62239,22,0,15,0,15,,62240,22,0,15,0,15,,62241,22,0,15,0,15,,62242,22,0,15,0,55,,62289,22,0,15,0,15,,62243,22,0,15,0,15,,62288,22,0,15,0,14,,62244,22,0,15,0,55,,62287,22,0,15,0,15,,62245,22,0,15,0,15,,62246,22,0,15,0,15,,62247,22,0,15,0,55,,62248,22,0,15,0,15,,62249,22,0,15,0,15,,62250,22,0,15,0,15,,62251,22,0,15,0,55,,62252,22,0,15,0,13,,62253,22,0,15,0,12,,62254,22,0,15,0,12,,62255,22,0,15,0,53,,62256,22,0,15,0,12,,62257,22,0,15,0,12,,62258,22,0,15,0,13,,62259,22,0,15,0,12,,62260,22,0,15,0,52,,62261,22,0,15,0,12,,62262,22,0,15,0,14,,62263,22,0,15,0,15,,62264,22,0,15,0,16,,62265,22,0,15,0,55,,62266,22,0,15,0,15,,62267,22,0,15,0,15,,62268,22,0,15,0,15,,62269,22,0,15,0,55,,62270,22,0,15,0,15,,62271,22,0,15,0,15,,62272,22,0,15,0,56,,62273,22,0,15,0,15,,62274,22,0,15,0,15,,62275,22,0,15,0,15,,62276,22,0,15,0,55,,62277,22,0,15,0,15,,62278,22,0,15,0,15,,62279,22,0,15,0,20,,62280,22,0,15,0,60,,62281,22,0,15,0,20,,62282,22,0,15,0,20,,62283,22,0,15,0,71,,62284,22,0,15,0,30,,62285,22,0,15,0,70,,62286,22,0,15,0
9500,'5385',511,,62379,22,0,15,0,25,,62369,22,0,15,0,17,,62367,22,0,15,0,55,,62366,22,0,15,0,16,,62368,22,0,15,0,11,,62357,22,0,15,0,11,,62360,22,0,15,0,12,,62380,22,0,15,0,48,,62351,22,0,15,0,9,,62352,22,0,15,0,7,,62358,22,0,15,0,8,,62340,22,0,15,0,8,,62353,22,0,15,0,9,,62347,22,0,15,0,9,,62344,22,0,15,0,47,,62349,22,0,15,0,8,,62338,22,0,15,0,7,,62370,22,0,15,0,9,,62337,22,0,15,0,8,,62335,22,0,15,0,9,,62334,22,0,15,0,9,,62378,22,0,15,0,50,,62336,22,0,15,0,10,,62329,22,0,15,0,9,,62359,22,0,15,0,10,,62327,22,0,15,0,11,,62371,22,0,15,0,10,,62333,22,0,15,0,50,,62342,22,0,15,0,10,,62331,22,0,15,0,10,,62326,22,0,15,0,10,,62317,22,0,15,0,11,,62319,22,0,15,0,12,,62377,22,0,15,0,53,,62316,22,0,15,0,12,,62354,22,0,15,0,12,,62312,22,0,15,0,12,,62372,22,0,15,0,13,,62339,22,0,15,0,52,,62332,22,0,15,0,12,,62310,22,0,15,0,12,,62320,22,0,15,0,12,,62311,22,0,15,0,13,,62375,22,0,15,0,52,,62309,22,0,15,0,12,,62355,22,0,15,0,12,,62307,22,0,15,0,12,,62373,22,0,15,0,12,,62341,22,0,15,0,51,,62328,22,0,15,0,10,,62306,22,0,15,0,10,,62304,22,0,15,0,10,,62318,22,0,15,0,10,,62305,22,0,15,0,51,,62313,22,0,15,0,10,,62376,22,0,15,0,11,,62308,22,0,15,0,11,,62356,22,0,15,0,11,,62300,22,0,15,0,10,,62299,22,0,15,0,50,,62374,22,0,15,0,12,,62343,22,0,15,0,10,,62330,22,0,15,0,10,,62297,22,0,15,0,11,,62295,22,0,15,0,11,,62323,22,0,15,0,49,,62384,22,0,15,0,11,,62315,22,0,15,0,8,,62381,22,0,15,0,12,,62294,22,0,15,0,13,,62365,22,0,15,0,52,,62301,22,0,15,0,13,,62293,22,0,15,0,13,,62346,22,0,15,0,11,,62296,22,0,15,0,13,,62292,22,0,15,0,52,,62324,22,0,15,0,12,,62314,22,0,15,0,12,,62383,22,0,15,0,15,,62364,22,0,15,0,15,,62303,22,0,15,0,55,,62348,22,0,15,0,15,,62298,22,0,15,0,15,,62291,22,0,15,0,15,,62325,22,0,15,0,55,,62382,22,0,15,0,15,,62362,22,0,15,0,20,,62302,22,0,15,0,60,,62350,22,0,15,0,20,,62290,22,0,15,0,20,,62321,22,0,15,0,70,,62363,22,0,15,0,31,,62345,22,0,15,0,70,,62322,22,0,15,0,30,,62361,22,0,15,0
24002701,'4663',731,,63149,27,0,5,0,27,,63150,27,0,5,0,66,,63152,27,0,5,0,25,,63151,27,0,5,0
24002701,'5372',731,,48834,27,0,5,0,27,,48835,27,0,5,0,66,,48837,27,0,5,0,25,,48836,27,0,5,0
24002701,'5385',731,,63153,27,0,5,0,27,,63154,27,0,5,0,66,,63156,27,0,5,0,25,,63155,27,0,5,0
24007001,'4663',1146,,63205,17,,,0,201,,63206,17,,,0,210,,63207,17,,,0,198,,63208,17,,,0,187,,63209,17,,,0,200,,63210,17,,,0
24007001,'5372',1146,,48889,17,,,0,201,,48890,17,,,0,210,,48891,17,,,0,198,,48892,17,,,0,187,,48893,17,,,0,200,,48894,17,,,0
24007001,'5377',1140,,48909,17,,,0,207,,48910,17,,,0,203,,48911,17,,,0,198,,48912,17,,,0,194,,48913,17,,,0,198,,48914,17,,,0
24007001,'5383',1147,,63211,17,,,0,201,,63212,17,,,0,205,,63213,17,,,0,192,,63214,17,,,0,195,,63215,17,,,0,198,,63216,17,,,0
24007001,'5384',1140,,63218,17,,,0,207,,63219,17,,,0,203,,63220,17,,,0,198,,63221,17,,,0,194,,63222,17,,,0,198,,63223,17,,,0
24007001,'5385',1146,,63226,17,,,0,201,,63227,17,,,0,210,,63228,17,,,0,198,,63229,17,,,0,187,,63230,17,,,0,200,,63231,17,,,0
