401,'4332',703,,37533,11,,,0,20,,48952,11,,,0,20,,48951,11,,,0,58,,37525,11,,,0,17,,37535,11,,,0,16,,37505,11,,,0,16,,37523,11,,,0,56,,37524,11,,,0,15,,37538,11,,,0,15,,37499,11,,,0,15,,37511,11,,,0,55,,37513,11,,,0,15,,37562,11,,,0,15,,37527,11,,,0,15,,37540,11,,,0,56,,37500,11,,,0,14,,37509,11,,,0,15,,37521,11,,,0,15,,37532,11,,,0,55,,37537,11,,,0,15,,37501,11,,,0,16,,37510,11,,,0,15,,37516,11,,,0,55,,37534,11,,,0,16,,37541,11,,,0,16,,37514,11,,,0,15,,37506,11,,,0,56,,37517,11,,,0,16,,37530,11,,,0,16,,37536,11,,,0,16,,37502,11,,,0,56,,37508,11,,,0,15,,37503,11,,,0,16,,37526,11,,,0,56,,37539,11,,,0,17,,37519,11,,,0,17,,37507,11,,,0,16,,37504,11,,,0,56,,37529,11,,,0,15,,37531,11,,,0,17,,37512,11,,,0,18,,37518,11,,,0,58,,37520,11,,,0,18,,37528,11,,,0,19,,51607,11,,,0,58,,37544,11,,,0,18,,48953,11,,,0,18,,37545,11,,,0,58,,51608,11,,,0,18,,51609,11,,,0,18,,48955,11,,,0,18,,37553,11,,,0,58,,37551,11,,,0,18,,51610,11,,,0,25,,37559,11,,,0,63,,37554,11,,,0,30,,48958,11,,,0,72,,48957,11,,,0,31,,37560,11,,,0,71,,37558,11,,,0,30,,37561,11,,,0,70,,37548,11,,,0,31,,37547,11,,,0,70,,37546,11,,,0
401,'4661',555,,37387,11,,,0,57,,37396,11,,,0,20,,37405,11,,,0,15,,37372,11,,,0,55,,37389,11,,,0,13,,37379,11,,,0,15,,37390,11,,,0,15,,37373,11,,,0,13,,37376,11,,,0,56,,37388,11,,,0,15,,37419,11,,,0,14,,37392,11,,,0,14,,37420,11,,,0,57,,37404,11,,,0,15,,37386,11,,,0,15,,37421,11,,,0,15,,37391,11,,,0,55,,37407,11,,,0,15,,37360,11,,,0,14,,37415,11,,,0,15,,37385,11,,,0,55,,37399,11,,,0,16,,37397,11,,,0,15,,37365,11,,,0,15,,37418,11,,,0,55,,37412,11,,,0,15,,37394,11,,,0,14,,37357,11,,,0,13,,37408,11,,,0,55,,37416,11,,,0,16,,37393,11,,,0,15,,37423,11,,,0,15,,37395,11,,,0,54,,37400,11,,,0,15,,37383,11,,,0,12,,37381,11,,,0,15,,37410,11,,,0,56,,37380,11,,,0,16,,37377,11,,,0,15,,37382,11,,,0,16,,37417,11,,,0,55,,37422,11,,,0,14,,37424,11,,,0,15,,37398,11,,,0,15,,37403,11,,,0,53,,37378,11,,,0,15,,37409,11,,,0,16,,37406,11,,,0,15,,37384,11,,,0,55,,37411,11,,,0,16,,37414,11,,,0,16,,37413,11,,,0,16,,37402,11,,,0,55,,37401,11,,,0,16,,37364,11,,,0,15,,37358,11,,,0,16,,37363,11,,,0,58,,37366,11,,,0,17,,37369,11,,,0,16,,37370,11,,,0,57,,37362,11,,,0,20,,37361,11,,,0,20,,37367,11,,,0,85,,37359,11,,,0,24,,37368,11,,,0,69,,37371,11,,,0,31,,37374,11,,,0,71,,37375,11,,,0
401,'4663',555,,37460,11,,,0,57,,37469,11,,,0,20,,37478,11,,,0,15,,37441,11,,,0,55,,37462,11,,,0,13,,37452,11,,,0,15,,37463,11,,,0,15,,37443,11,,,0,13,,37447,11,,,0,56,,37461,11,,,0,15,,37492,11,,,0,14,,37465,11,,,0,14,,37493,11,,,0,57,,37477,11,,,0,15,,37459,11,,,0,15,,37494,11,,,0,15,,37464,11,,,0,55,,37480,11,,,0,15,,37428,11,,,0,14,,37488,11,,,0,15,,37458,11,,,0,55,,37472,11,,,0,16,,37470,11,,,0,15,,37433,11,,,0,15,,37491,11,,,0,55,,37485,11,,,0,15,,37467,11,,,0,14,,37425,11,,,0,13,,37481,11,,,0,55,,37489,11,,,0,16,,37466,11,,,0,15,,37496,11,,,0,15,,37468,11,,,0,54,,37473,11,,,0,15,,37456,11,,,0,12,,37454,11,,,0,15,,37483,11,,,0,56,,37453,11,,,0,16,,37450,11,,,0,15,,37455,11,,,0,16,,37490,11,,,0,55,,37495,11,,,0,14,,37497,11,,,0,15,,37471,11,,,0,15,,37476,11,,,0,53,,37451,11,,,0,15,,37482,11,,,0,16,,37479,11,,,0,15,,37457,11,,,0,55,,37484,11,,,0,16,,37487,11,,,0,16,,37486,11,,,0,16,,37475,11,,,0,55,,37474,11,,,0,16,,37432,11,,,0,15,,37426,11,,,0,16,,37431,11,,,0,58,,37434,11,,,0,17,,37437,11,,,0,16,,37438,11,,,0,57,,37430,11,,,0,20,,37429,11,,,0,20,,37435,11,,,0,60,,51611,11,,,0,25,,37427,11,,,0,24,,37436,11,,,0,69,,37439,11,,,0,31,,37444,11,,,0,71,,37445,11,,,0,30,,37446,11,,,0,71,,37448,11,,,0,30,,37442,11,,,0,70,,37449,11,,,0
401,'5078',726,,48959,11,,,0,30,,37565,11,,,0,71,,48960,11,,,0,29,,37567,11,,,0,68,,37568,11,,,0,30,,37569,11,,,0,59,,37570,11,,,0,19,,37571,11,,,0,20,,37572,11,,,0,59,,37573,11,,,0,20,,37574,11,,,0,20,,37575,11,,,0,60,,37576,11,,,0,20,,37577,11,,,0,19,,37578,11,,,0,60,,37579,11,,,0,20,,37580,11,,,0,17,,37608,11,,,0,58,,37581,11,,,0,16,,37582,11,,,0,16,,37583,11,,,0,16,,37584,11,,,0,57,,37610,11,,,0,17,,37585,11,,,0,16,,37586,11,,,0,16,,37587,11,,,0,57,,37588,11,,,0,16,,37609,11,,,0,16,,37589,11,,,0,57,,37590,11,,,0,17,,37591,11,,,0,18,,37592,11,,,0,19,,37593,11,,,0,58,,37594,11,,,0,18,,37595,11,,,0,19,,37596,11,,,0,58,,37597,11,,,0,19,,37611,11,,,0,18,,37598,11,,,0,60,,37599,11,,,0,20,,37600,11,,,0,24,,37601,11,,,0,71,,37602,11,,,0,32,,37603,11,,,0,69,,37604,11,,,0,32,,37605,11,,,0,71,,37606,11,,,0,29,,48961,11,0,23,0
401,'5079',726,,48962,11,,,0,30,,37613,11,,,0,71,,48963,11,,,0,29,,37615,11,,,0,68,,37616,11,,,0,30,,37617,11,,,0,59,,37618,11,,,0,19,,37619,11,,,0,20,,37620,11,,,0,59,,37621,11,,,0,20,,37622,11,,,0,20,,37623,11,,,0,60,,37624,11,,,0,20,,37625,11,,,0,19,,37626,11,,,0,60,,37627,11,,,0,20,,37628,11,,,0,17,,37656,11,,,0,58,,37629,11,,,0,16,,37630,11,,,0,16,,37631,11,,,0,16,,37632,11,,,0,57,,37658,11,,,0,17,,37633,11,,,0,16,,37634,11,,,0,16,,37635,11,,,0,57,,37636,11,,,0,16,,37657,11,,,0,16,,37637,11,,,0,57,,37638,11,,,0,17,,37639,11,,,0,18,,37640,11,,,0,19,,37641,11,,,0,58,,37642,11,,,0,18,,37643,11,,,0,19,,37644,11,,,0,58,,37645,11,,,0,19,,48964,11,,,0,18,,37646,11,,,0,60,,37647,11,,,0,20,,37648,11,,,0,24,,37649,11,,,0,71,,37650,11,,,0,32,,37651,11,,,0,69,,37652,11,,,0,32,,37653,11,,,0,71,,37654,11,,,0,29,,37655,11,0,23,0
401,'5215',2207,,37563,11,,,0
401,'5218',2207,,51612,11,,,0
401,'5220',2207,,51613,11,,,0
901,'4661',1506,,38903,11,0,24,0,146,,38904,11,,,0,83,,38902,11,,,0
901,'4663',1506,,38906,11,0,24,0,146,,38907,11,,,0,83,,38905,11,,,0
