301,'4487',730,,14926,,,0,29,,14927,,,0,72,,14924,,,0,69,,14935,,,0,32,,14928,,,0,70,,14923,,,0,32,,14934,,,0,70,,14925,,,0,30,,14922,,,0,70,,14932,,,0,30,,14931,,,0,71,,14929,,,0,30,,14933,,,0,71,,14936,,,0,31,,14930,,,0,74,,14937,,,0,30,,14938,,,0,80,,14941,,,0,24,,14940,,,0,75,,14942,,,0,30,,14939,,,0,73,,14943,,,0,26,,14946,,,0,68,,14947,,,0,30,,14945,,,0,69,,14944,,,0,31,,14949,,,0,69,,14948,,,0
301,'4743',730,,10890,,,0,29,,10891,,,0,72,,10888,,,0,69,,10899,,,0,32,,10892,,,0,70,,10887,,,0,32,,10898,,,0,70,,10889,,,0,30,,10886,,,0,70,,10896,,,0,30,,10895,,,0,71,,10893,,,0,30,,10897,,,0,71,,10900,,,0,31,,10894,,,0,74,,10901,,,0,30,,10902,,,0,80,,10905,,,0,24,,10904,,,0,75,,10906,,,0,30,,10903,,,0,73,,10907,,,0,26,,10910,,,0,68,,10911,,,0,30,,10909,,,0,69,,10908,,,0,31,,10913,,,0,69,,10912,,,0
301,'4744',613,,14978,,,0,38,,14976,,,0,76,,14975,,,0,79,,14977,,,0,42,,14974,,,0,75,,14967,,,0,36,,14966,,,0,71,,14965,,,0,70,,14968,,,0,30,,14963,,,0,71,,14964,,,0,31,,14970,,,0,75,,14962,,,0,30,,14961,,,0,70,,14969,,,0,32,,14960,,,0,74,,14959,,,0,34,,14971,,,0,74,,14958,,,0,35,,14957,,,0,73,,14973,,,0,71,,14956,,,0,34,,14955,,,0,24,,14972,,,0,68,,14954,,,0,31,,14953,,,0,64,,14951,,,0,25,,14952,,,0,69,,14950,,,0
301,'4745',746,,15002,,,0,85,,14999,,,0,81,,15001,,,0,44,,14998,,,0,77,,15000,,,0,79,,14991,,,0,22,,14996,,,0,69,,14995,,,0,31,,14992,,,0,70,,14997,,,0,31,,14994,,,0,70,,14980,,,0,30,,14979,,,0,77,,14983,,,0,28,,14981,,,0,75,,14990,,,0,30,,14985,,,0,69,,14986,,,0,29,,14987,,,0,69,,14984,,,0,30,,14982,,,0,69,,14989,,,0,31,,14988,,,0,72,,14993,,,0
301,'4935',613,,407,,,0,38,,405,,,0,76,,404,,,0,79,,406,,,0,42,,403,,,0,75,,396,,,0,36,,395,,,0,71,,394,,,0,70,,397,,,0,30,,392,,,0,71,,393,,,0,31,,399,,,0,75,,391,,,0,30,,390,,,0,70,,398,,,0,32,,389,,,0,74,,388,,,0,34,,400,,,0,74,,387,,,0,35,,386,,,0,73,,402,,,0,71,,385,,,0,34,,384,,,0,24,,401,,,0,68,,383,,,0,31,,382,,,0,64,,380,,,0,25,,381,,,0,69,,379,,,0
301,'4941',613,,436,,,0,38,,434,,,0,76,,433,,,0,79,,435,,,0,42,,432,,,0,75,,425,,,0,36,,424,,,0,71,,423,,,0,70,,426,,,0,30,,421,,,0,71,,422,,,0,31,,428,,,0,75,,420,,,0,30,,419,,,0,70,,427,,,0,32,,418,,,0,74,,417,,,0,34,,429,,,0,74,,416,,,0,35,,415,,,0,73,,431,,,0,71,,414,,,0,34,,413,,,0,24,,430,,,0,68,,412,,,0,31,,411,,,0,64,,409,,,0,25,,410,,,0,69,,408,,,0
301,'4943',730,,441,,,0,29,,442,,,0,72,,439,,,0,69,,450,,,0,32,,443,,,0,70,,438,,,0,32,,449,,,0,70,,440,,,0,30,,437,,,0,70,,447,,,0,30,,446,,,0,71,,444,,,0,30,,448,,,0,71,,451,,,0,31,,445,,,0,74,,452,,,0,30,,453,,,0,80,,456,,,0,24,,455,,,0,75,,457,,,0,30,,454,,,0,73,,458,,,0,26,,461,,,0,68,,462,,,0,30,,460,,,0,69,,459,,,0,31,,464,,,0,69,,463,,,0
301,'4945',746,,488,,,0,85,,485,,,0,81,,487,,,0,44,,484,,,0,77,,486,,,0,79,,477,,,0,22,,482,,,0,69,,481,,,0,31,,478,,,0,70,,483,,,0,31,,480,,,0,70,,466,,,0,30,,465,,,0,77,,469,,,0,28,,467,,,0,75,,476,,,0,30,,471,,,0,69,,472,,,0,29,,473,,,0,69,,470,,,0,30,,468,,,0,69,,475,,,0,31,,474,,,0,72,,479,,,0
301,'4947',613,,15031,,,0,38,,15029,,,0,76,,15028,,,0,79,,15030,,,0,42,,15027,,,0,75,,15020,,,0,36,,15019,,,0,71,,15018,,,0,70,,15021,,,0,30,,15016,,,0,71,,15017,,,0,31,,15023,,,0,75,,15015,,,0,30,,15014,,,0,70,,15022,,,0,32,,15013,,,0,74,,15012,,,0,34,,15024,,,0,74,,15011,,,0,35,,15010,,,0,73,,15026,,,0,71,,15009,,,0,34,,15008,,,0,24,,15025,,,0,68,,15007,,,0,31,,15006,,,0,64,,15004,,,0,25,,15005,,,0,69,,15003,,,0
301,'4952',613,,15060,,,0,38,,15058,,,0,76,,15057,,,0,79,,15059,,,0,42,,15056,,,0,75,,15049,,,0,36,,15048,,,0,71,,15047,,,0,70,,15050,,,0,30,,15045,,,0,71,,15046,,,0,31,,15052,,,0,75,,15044,,,0,30,,15043,,,0,70,,15051,,,0,32,,15042,,,0,74,,15041,,,0,34,,15053,,,0,74,,15040,,,0,35,,15039,,,0,73,,15055,,,0,71,,15038,,,0,34,,15037,,,0,24,,15054,,,0,68,,15036,,,0,31,,15035,,,0,64,,15033,,,0,25,,15034,,,0,69,,15032,,,0
301,'4953',730,,15065,,,0,29,,15066,,,0,72,,15063,,,0,69,,15074,,,0,32,,15067,,,0,70,,15062,,,0,32,,15073,,,0,70,,15064,,,0,30,,15061,,,0,70,,15071,,,0,30,,15070,,,0,71,,15068,,,0,30,,15072,,,0,71,,15075,,,0,31,,15069,,,0,74,,15076,,,0,30,,15077,,,0,80,,15080,,,0,24,,15079,,,0,75,,15081,,,0,30,,15078,,,0,73,,15082,,,0,26,,15085,,,0,68,,15086,,,0,30,,15084,,,0,69,,15083,,,0,31,,15088,,,0,69,,15087,,,0
301,'4954',746,,15112,,,0,85,,15109,,,0,81,,15111,,,0,44,,15108,,,0,77,,15110,,,0,79,,15101,,,0,22,,15106,,,0,69,,15105,,,0,31,,15102,,,0,70,,15107,,,0,31,,15104,,,0,70,,15090,,,0,30,,15089,,,0,77,,15093,,,0,28,,15091,,,0,75,,15100,,,0,30,,15095,,,0,69,,15096,,,0,29,,15097,,,0,69,,15094,,,0,30,,15092,,,0,69,,15099,,,0,31,,15098,,,0,72,,15103,,,0
