2801,'4663',547,,58320,4,,,0,66,,58325,4,,,0,24,,58321,4,,,0,22,,58323,4,,,0,51,,58324,4,,,0,12,,58343,4,,,0,13,,58322,4,,,0,12,,58356,4,,,0,11,,58326,4,,,0,53,,58339,4,,,0,12,,58328,4,,,0,22,,58327,4,,,0,60,,58330,4,,,0,24,,58369,4,,,0,23,,58329,4,,,0,66,,58331,4,,,0,26,,58344,4,,,0,66,,58354,4,,,0,27,,58335,4,,,0,67,,58332,4,,,0,24,,58333,4,,,0,27,,58334,4,,,0,66,,58337,4,,,0,27,,58342,4,,,0,67,,58355,4,,,0,24,,58338,4,,,0,64,,58336,4,,,0,22,,58362,4,,,0,75,,58340,4,,,0,32,,58341,4,,,0,72,,58363,4,,,0,31,,58357,4,,,0,69,,58364,4,0,31 49,0,30,,58345,4,0,31 49,0,16,,58365,4,0,31 49,0,57,,58347,4,,,0,22,,58346,4,,,0,25,,58348,4,,,0,67,,58349,4,,,0,29,,58350,4,,,0,68,,58351,4,,,0,29,,58352,4,,,0,69,,58353,4,,,0,30,,58359,4,,,0,79,,58360,4,,,0,78,,58358,4,,,0,40,,58361,4,,,0,80,,58366,4,,,0,79,,58368,4,0,16 49,0,40,,58367,4,0,16 49,0
2801,'5372',547,,43168,4,,,0,66,,58371,4,,,0,24,,43169,4,,,0,22,,43171,4,,,0,51,,43172,4,,,0,12,,43190,4,,,0,13,,58370,4,,,0,12,,43203,4,,,0,11,,43174,4,,,0,53,,43187,4,,,0,12,,43176,4,,,0,22,,43175,4,,,0,60,,58372,4,,,0,24,,43213,4,,,0,23,,43177,4,,,0,66,,43179,4,,,0,26,,58375,4,,,0,66,,43201,4,,,0,27,,43183,4,,,0,67,,58373,4,,,0,24,,43181,4,,,0,27,,43182,4,,,0,66,,43185,4,,,0,27,,58374,4,,,0,67,,43202,4,,,0,24,,43186,4,,,0,64,,43184,4,,,0,22,,58376,4,,,0,75,,43188,4,,,0,104,,43210,4,,,0,31,,43204,4,,,0,69,,43211,4,0,31 49,0,30,,43192,4,0,31 49,0,16,,58377,4,0,31 49,0,57,,43194,4,,,0,22,,43193,4,,,0,25,,43195,4,,,0,67,,43196,4,,,0,29,,43197,4,,,0,68,,43198,4,,,0,29,,43199,4,,,0,69,,43200,4,,,0,30,,43206,4,,,0,79,,43207,4,,,0,78,,43205,4,,,0,40,,43208,4,,,0
2801,'5373',1632,,43314,4,,,0
2801,'5377',621,,43316,4,,,0,96,,43317,4,,,0,30,,43318,4,,,0,70,,43319,4,,,0,30,,43315,4,,,0,70,,43320,4,,,0,31,,43321,4,,,0,67,,43322,4,,,0,27,,43323,4,,,0,67,,43324,4,,,0,26,,43325,4,,,0,65,,43326,4,,,0,24,,43327,4,,,0,23,,43328,4,,,0,63,,43329,4,,,0,23,,43330,4,,,0,24,,43331,4,,,0,63,,43332,4,,,0,23,,43333,4,,,0,62,,43334,4,,,0,23,,43335,4,,,0,23,,43336,4,,,0,63,,43337,4,,,0,23,,43338,4,,,0,63,,43339,4,,,0,23,,43340,4,,,0,23,,43341,4,,,0,63,,43342,4,,,0,24,,43343,4,,,0,25,,43344,4,,,0,65,,43345,4,,,0,26,,43346,4,,,0,69,,43347,4,,,0,29,,43348,4,,,0,70,,43349,4,,,0,31,,43350,4,,,0,80,,43351,4,,,0,80,,43352,4,,,0,45,,43353,4,,,0
2801,'5381',1632,,43264,4,,,0
2801,'5383',642,,58379,4,,,0,73,,58380,4,,,0,30,,58381,4,,,0,69,,58382,4,,,0,28,,58383,4,,,0,67,,58384,4,,,0,27,,58385,4,,,0,66,,58386,4,,,0,27,,58378,4,,,0,23,,58387,4,,,0,62,,58388,4,,,0,23,,58389,4,,,0,22,,58390,4,,,0,63,,58391,4,,,0,22,,58393,4,,,0,62,,58392,4,,,0,23,,58394,4,,,0,24,,58395,4,,,0,62,,58396,4,,,0,22,,58399,4,,,0,20,,58400,4,,,0,61,,58397,4,,,0,21,,58398,4,,,0,61,,58401,4,,,0,20,,58402,4,,,0,20,,58403,4,,,0,61,,58404,4,,,0,19,,58405,4,,,0,21,,58406,4,,,0,60,,58407,4,,,0,20,,58408,4,,,0,20,,58409,4,,,0,59,,58410,4,,,0,23,,58411,4,,,0,26,,58412,4,,,0,68,,58413,4,,,0,30,,58414,4,,,0,70,,58415,4,,,0,29,,58416,4,,,0,70,,58417,4,,,0,31,,58418,4,,,0,73,,58419,4,,,0,30,,58420,4,,,0,69,,58421,4,,,0,30,,58422,4,,,0,70,,58423,4,,,0,28,,58424,4,,,0,70,,58425,4,0,16 49,0,29,,58426,4,0,16 49,0
2801,'5384',621,,58428,4,,,0,96,,58429,4,,,0,30,,58430,4,,,0,70,,58431,4,,,0,30,,58427,4,,,0,70,,58432,4,,,0,31,,58433,4,,,0,67,,58434,4,,,0,27,,58435,4,,,0,67,,58436,4,,,0,26,,58437,4,,,0,65,,58438,4,,,0,24,,58439,4,,,0,23,,58440,4,,,0,63,,58441,4,,,0,23,,58442,4,,,0,24,,58443,4,,,0,63,,58444,4,,,0,23,,58445,4,,,0,62,,58446,4,,,0,23,,58447,4,,,0,23,,58448,4,,,0,63,,58449,4,,,0,23,,58450,4,,,0,63,,58451,4,,,0,23,,58452,4,,,0,23,,58453,4,,,0,63,,58454,4,,,0,24,,58455,4,,,0,25,,58456,4,,,0,65,,58457,4,,,0,26,,58458,4,,,0,69,,58459,4,,,0,29,,58460,4,,,0,70,,58461,4,,,0,31,,58462,4,,,0,80,,58463,4,,,0,80,,58464,4,,,0,45,,58465,4,,,0
2801,'5385',547,,58466,4,,,0,66,,58471,4,,,0,24,,58467,4,,,0,22,,58469,4,,,0,51,,58470,4,,,0,12,,58488,4,,,0,13,,58468,4,,,0,12,,58501,4,,,0,11,,58472,4,,,0,53,,58485,4,,,0,12,,58474,4,,,0,22,,58473,4,,,0,60,,58476,4,,,0,24,,58511,4,,,0,23,,58475,4,,,0,66,,58477,4,,,0,26,,58489,4,,,0,66,,58499,4,,,0,27,,58481,4,,,0,67,,58478,4,,,0,24,,58479,4,,,0,27,,58480,4,,,0,66,,58483,4,,,0,27,,58487,4,,,0,67,,58500,4,,,0,24,,58484,4,,,0,64,,58482,4,,,0,22,,58507,4,,,0,75,,58486,4,,,0,104,,58508,4,,,0,31,,58502,4,,,0,69,,58509,4,0,31 49,0,30,,58490,4,0,31 49,0,16,,58510,4,0,31 49,0,57,,58492,4,,,0,22,,58491,4,,,0,25,,58493,4,,,0,67,,58494,4,,,0,29,,58495,4,,,0,68,,58496,4,,,0,29,,58497,4,,,0,69,,58498,4,,,0,30,,58504,4,,,0,79,,58505,4,,,0,78,,58503,4,,,0,40,,58506,4,,,0
2801,'5387',1632,,58512,4,,,0
2801,'5388',1632,,58513,4,,,0
