7500,'4663',552,,61489,62,0,42 43,0,58,,61490,62,0,13 14,0,19,,61491,62,0,13 14,0,20,,61492,62,0,13 14,0,57,,61488,62,0,13 14,0,18,,61493,62,0,13 14,0,15,,61494,62,0,42 43,0,68,,61495,73,0,13 14,0,12,,61496,62,0,13 14,0,21,,61497,62,0,13 14,0,61,,61498,62,0,42 43,0,28,,61499,64,0,13 14,0,28,,61500,64,0,42 43,0,74,,61501,64,0,13 14,0,27,,61502,64,0,42 43,0,70,,61503,64,0,13 14,0,30,,61504,64,0,42 43,0,70,,61505,64,0,13 14,0,30,,61506,64,0,42 43,0,70,,61507,64,0,13 14,0,30,,61508,64,0,42 43,0,70,,61509,64,0,13 14,0,30,,61510,64,0,42 43,0,70,,61511,64,0,42 43,0,30,,61512,64,0,42 43,0,70,,61513,64,0,13 14,0,31,,61514,64,0,42 43,0,68,,61515,73,0,13 14,0,20,,61516,73,0,42 43,0,65,,61517,75,0,13 14,0,11,,61518,73,0,13 14,0,16,,61519,64,0,13 14,0,63,,61520,73,0,42 43,0,24,,61521,64,0,13 14,0,76,,61522,64,0,42 43,0,107,,61523,64,0,42 43,0,95,,61524,64,0,13 14,0,99,,61525,62,0,13 14,0,108,,61526,62,0,13 14,0
7500,'5372',552,,46884,62,0,42 43,0,58,,46885,62,0,13 14,0,19,,46886,62,0,13 14,0,20,,46887,62,0,13 14,0,57,,46883,62,0,13 14,0,18,,46888,62,0,13 14,0,15,,46889,62,0,42 43,0,68,,46890,73,0,13 14,0,12,,46891,62,0,13 14,0,21,,46892,62,0,13 14,0,61,,46893,62,0,42 43,0,28,,46894,64,0,13 14,0,28,,46895,64,0,42 43,0,74,,46896,64,0,13 14,0,27,,46897,64,0,42 43,0,70,,46898,64,0,13 14,0,30,,46899,64,0,42 43,0,70,,46900,64,0,13 14,0,30,,46901,64,0,42 43,0,70,,46902,64,0,13 14,0,30,,51855,64,0,42 43,0,70,,61527,64,0,13 14,0,30,,46905,64,0,42 43,0,70,,46906,64,0,42 43,0,30,,46907,64,0,42 43,0,70,,46908,64,0,13 14,0,31,,46909,64,0,42 43,0,68,,46910,73,0,13 14,0,20,,46911,73,0,42 43,0,65,,46912,75,0,13 14,0,11,,46913,73,0,13 14,0,16,,46914,64,0,13 14,0,63,,46915,73,0,42 43,0,24,,46916,64,0,13 14,0,76,,46917,64,0,42 43,0,107,,46918,64,0,42 43,0,95,,46919,64,0,13 14,0,99,,50777,62,0,13 14,0
7500,'5373',2411,,46989,62,0,13 14,0
7500,'5377',702,,46990,62,0,13 14,0,100,,46991,62,0,42 43,0,101,,46992,62,0,42 43,0,99,,46993,64,0,42 43,0,98,,46994,64,0,42 43,0,100,,46995,64,0,42 43,0,30,,46996,64,0,13 14,0,70,,46997,64,0,42 43,0,31,,46998,64,0,13 14,0,70,,46999,64,0,42 43,0,30,,47000,64,0,13 14,0,70,,47001,64,0,42 43,0,30,,47002,64,0,13 14,0,70,,47003,64,0,42 43,0,100,,47004,64,0,42 43,0,101,,47005,64,0,42 43,0,102,,47006,64,0,42 43,0,102,,47007,64,0,42 43,0,104,,47008,64,0,42 43,0,96,,47009,64,0,13 14,0,129,,47010,62,0,13 14,0
7500,'5381',2411,,46960,62,0,13 14,0
7500,'5383',709,,61529,62,0,13 14,0,94,,61530,62,0,42 43,0,99,,61531,62,0,42 43,0,99,,61528,64,0,42 43,0,58,,61532,64,0,42 43,0,141,,61533,64,0,42 43,0,30,,61534,64,0,13 14,0,70,,61535,64,0,42 43,0,30,,61536,64,0,13 14,0,71,,61537,64,0,42 43,0,24,,61538,64,0,13 14,0,76,,61539,64,0,42 43,0,30,,61540,64,0,13 14,0,70,,61541,64,0,42 43,0,31,,61542,64,0,13 14,0,70,,61543,64,0,42 43,0,100,,61544,64,0,42 43,0,102,,61545,64,0,42 43,0,101,,61546,64,0,42 43,0,101,,61547,64,0,42 43,0,98,,61548,64,0,13 14,0,101,,61549,62,0,13 14,0,101,,61550,62,0,13 14,0
7500,'5384',702,,61556,62,0,13 14,0,100,,61557,62,0,42 43,0,101,,61558,62,0,42 43,0,99,,61559,64,0,42 43,0,98,,61560,64,0,42 43,0,100,,61561,64,0,42 43,0,30,,61562,64,0,13 14,0,70,,61563,64,0,42 43,0,31,,61564,64,0,13 14,0,70,,61565,64,0,42 43,0,30,,61566,64,0,13 14,0,70,,61567,64,0,42 43,0,30,,61568,64,0,13 14,0,70,,61569,64,0,42 43,0,100,,61570,64,0,42 43,0,101,,61571,64,0,42 43,0,102,,61572,64,0,42 43,0,102,,61573,64,0,42 43,0,104,,61574,64,0,42 43,0,96,,61575,64,0,13 14,0,129,,61576,62,0,13 14,0
7500,'5385',552,,61581,62,0,42 43,0,58,,61582,62,0,13 14,0,19,,61583,62,0,13 14,0,20,,61584,62,0,13 14,0,57,,61580,62,0,13 14,0,18,,61585,62,0,13 14,0,15,,61586,62,0,42 43,0,68,,61587,73,0,13 14,0,12,,61588,62,0,13 14,0,21,,61589,62,0,13 14,0,61,,61590,62,0,42 43,0,28,,61591,64,0,13 14,0,28,,61592,64,0,42 43,0,74,,61593,64,0,13 14,0,27,,61594,64,0,42 43,0,70,,61595,64,0,13 14,0,30,,61596,64,0,42 43,0,70,,61597,64,0,13 14,0,30,,61598,64,0,42 43,0,70,,61599,64,0,13 14,0,30,,61600,64,0,42 43,0,70,,61601,64,0,13 14,0,30,,61602,64,0,42 43,0,70,,61603,64,0,42 43,0,30,,61604,64,0,42 43,0,70,,61605,64,0,13 14,0,31,,61606,64,0,42 43,0,68,,61607,73,0,13 14,0,20,,61608,73,0,42 43,0,65,,61609,75,0,13 14,0,11,,61610,73,0,13 14,0,16,,61611,64,0,13 14,0,63,,61612,73,0,42 43,0,24,,61613,64,0,13 14,0,76,,61614,64,0,42 43,0,107,,61615,64,0,42 43,0,95,,61616,64,0,13 14,0,99,,61617,62,0,13 14,0
7500,'5387',2411,,61618,62,0,13 14,0
7500,'5388',2411,,61619,62,0,13 14,0
