6101,'4332',604,,60910,21,,,0,96,,60911,22,,,0,38,,60912,22,,,0,101,,60913,22,,,0,83,,60914,22,,,0,89,,60915,22,,,0,31,,60916,22,,,0,87,,60917,22,,,0,72,,60918,22,,,0,32,,60919,22,,,0,84,,60920,22,,,0,38,,60921,22,,,0,76,,60922,22,,,0,76,,60923,22,,,0,26,,60924,22,,,0,76,,60925,22,,,0,38,,60926,22,,,0,73,,60927,22,,,0,34,,60928,22,,,0,76,,60929,22,,,0,76,,60930,22,,,0,36,,60931,22,,,0,81,,60932,22,,,0,83,,60933,22,,,0,98,,60934,22,,,0,46,,60935,22,,,0,99,,60936,22,,,0,83,,60937,22,,,0,100,,60938,22,,,0
6101,'4663',532,,60873,22,,,0,68,,60874,22,,,0,27,,60877,22,,,0,27,,60887,22,,,0,78,,60883,22,,,0,79,,60872,22,,,0,37,,60875,22,,,0,65,,60886,22,,,0,34,,60879,22,,,0,88,,60876,22,,,0,77,,60884,22,,,0,37,,60880,22,,,0,77,,60878,22,,,0,77,,60885,22,,,0,26,,60881,22,,,0,77,,60882,22,,,0,31,,60890,22,,,0,71,,60893,22,,,0,32,,60895,22,,,0,69,,60888,45,,,0,16,,60900,22,,,0,15,,60889,45,,,0,74,,60897,45,,,0,22,,60899,45,,,0,15,,60891,45,,,0,61,,60903,45,,,0,37,,60894,45,,,0,53,,60896,22,,,0,30,,60898,22,,,0,86,,60902,22,,,0,89,,60901,22,,,0,98,,60904,22,,,0,44,,60906,22,,,0,97,,60907,22,,,0,85,,60905,22,,,0,99,,60908,22,,,0
6101,'5078',609,,60940,21,,,0,102,,60941,21,,,0,34,,60942,22,,,0,89,,60939,22,,,0,94,,60943,22,,,0,86,,60944,22,,,0,87,,60945,22,,,0,47,,60946,22,,,0,103,,60947,22,,,0,86,,60948,22,,,0,101,,60949,22,,,0,85,,60950,22,,,0,101,,60951,22,,,0,80,,60952,22,,,0,100,,60953,22,,,0,50,,60954,22,,,0,97,,60955,22,,,0,100,,60956,22,,,0,81,,60957,22,,,0,100,,60958,22,,,0,96,,60959,22,,,0
6101,'5372',532,,50753,22,,,0,68,,46155,22,,,0,27,,46158,22,,,0,27,,46168,22,,,0,78,,46164,22,,,0,79,,46153,22,,,0,37,,46156,22,,,0,65,,46167,22,,,0,34,,46160,22,,,0,88,,50754,22,,,0,77,,51819,22,,,0,37,,46161,22,,,0,77,,46159,22,,,0,77,,51820,22,,,0,26,,46162,22,,,0,77,,46163,22,,,0,31,,51823,22,,,0,71,,46173,22,,,0,32,,46176,22,,,0,69,,51821,45,,,0,16,,46181,22,,,0,15,,51822,45,,,0,74,,51827,45,,,0,22,,51828,45,,,0,15,,51824,45,,,0,61,,51830,45,,,0,37,,51825,45,,,0,53,,60909,22,,,0,30,,46179,22,,,0,86,,51829,22,,,0,89,,46182,22,,,0,98,,46185,22,,,0,44,,46187,22,,,0,97,,46188,22,,,0,85,,46186,22,,,0
6101,'5385',532,,60961,22,,,0,68,,60962,22,,,0,27,,60965,22,,,0,27,,60975,22,,,0,78,,60971,22,,,0,79,,60960,22,,,0,37,,60963,22,,,0,65,,60974,22,,,0,34,,60967,22,,,0,88,,60964,22,,,0,77,,60972,22,,,0,37,,60968,22,,,0,77,,60966,22,,,0,77,,60973,22,,,0,26,,60969,22,,,0,77,,60970,22,,,0,31,,60978,22,,,0,71,,60980,22,,,0,32,,60983,22,,,0,69,,60976,45,,,0,16,,60988,22,,,0,15,,60977,45,,,0,74,,60985,45,,,0,22,,60987,45,,,0,15,,60979,45,,,0,61,,60991,45,,,0,37,,60982,45,,,0,53,,60984,22,,,0,30,,60986,22,,,0,86,,60990,22,,,0,89,,60989,22,,,0,98,,60992,22,,,0,44,,60994,22,,,0,97,,60995,22,,,0,85,,60993,22,,,0
6401,'4663',635,,61018,15,4,,0,94,,61020,60,,,0,204,,61021,15,,,0,376,,61019,60,,,0,293,,61022,15,,,0,209,,61023,60,4,,0,96,,61024,15,4,,0
6401,'5372',635,,46319,15,4,,0,94,,51841,60,,,0,204,,51842,15,,,0,376,,46320,60,,,0,293,,46323,15,,,0,209,,50773,60,4,,0,96,,50774,15,4,,0
6401,'5385',635,,61025,15,4,,0,94,,61027,60,,,0,204,,61028,15,,,0,376,,61026,60,,,0,293,,61029,15,,,0,209,,61030,60,4,,0,96,,61031,15,4,,0
6501,'4663',1658,,61041,40,,,0,68,,61040,40,,,0,32,,61043,40,,,0,69,,61042,40,,,0
6501,'5372',1758,,51848,40,,,0,69,,51847,40,,,0
6501,'5373',1658,,61045,40,,,0,68,,61044,40,,,0
6501,'5385',1758,,61049,40,,,0,69,,61048,40,,,0
6501,'5387',1658,,61051,40,,,0,68,,61050,40,,,0
6501,'5388',1658,,61053,40,,,0,68,,61052,40,,,0
