4801,'4737',1704,,12116,35,,,0,29,,12117,35,,,0,70,,12118,35,,,0
4801,'4744',1704,,12119,35,,,0,29,,12120,35,,,0,70,,12121,35,,,0
4801,'4947',1704,,12122,35,,,0,29,,12123,35,,,0,70,,12124,35,,,0
6000,'4487',721,,13805,18,,,0,100,,13806,18,,,0,102,,13804,18,,,0,101,,13803,18,,,0,106,,13802,18,,,0,105,,13801,18,,,0,105,,13800,18,,,0,106,,13799,18,,,0,106,,13797,18,,,0,102,,13798,18,,,0,103,,13793,18,,,0,143,,13794,18,,,0,105,,13795,18,,,0,120,,13796,18,,,0
6000,'4737',649,,13813,18,,,0,73,,13808,18,,,0,31,,13816,18,,,0,106,,13810,18,,,0,141,,13809,18,,,0,101,,13811,18,,,0,57,,13812,18,,,0,143,,13814,18,,,0,102,,13815,18,,,0,43,,13820,19,,,0,67,,13817,18,,,0,102,,13807,18,,,0,41,,13824,18,,,0,82,,13818,18,,,0,82,,13819,18,,,0,80,,13823,18,,,0,103,,13821,18,,,0,104,,13822,18,,,0,113,,13825,18,,,0
6000,'4740',721,,13838,18,,,0,100,,13839,18,,,0,102,,13837,18,,,0,101,,13836,18,,,0,106,,13835,18,,,0,105,,13834,18,,,0,105,,13833,18,,,0,106,,13832,18,,,0,106,,13830,18,,,0,102,,13831,18,,,0,103,,13826,18,,,0,143,,13827,18,,,0,105,,13828,18,,,0,120,,13829,18,,,0
6000,'4744',649,,13846,18,,,0,73,,13841,18,,,0,31,,13849,18,,,0,106,,13843,18,,,0,141,,13842,18,,,0,101,,13844,18,,,0,57,,13845,18,,,0,143,,13847,18,,,0,102,,13848,18,,,0,110,,13850,18,,,0,31,,13858,19,,,0,71,,13840,18,,,0,41,,13856,18,,,0,82,,13851,18,,,0,82,,13852,18,,,0,80,,13855,18,,,0,103,,13853,18,,,0,104,,13854,18,,,0,113,,13857,18,,,0
6000,'4745',822,,13859,18,,,0,102,,13860,18,,,0,101,,13862,18,,,0,106,,13861,18,,,0,105,,13866,18,,,0,105,,13865,18,,,0,105,,13864,18,,,0,105,,13863,18,,,0,102,,13869,18,,,0,102,,13870,18,,,0,104,,13871,18,,,0,145,,13868,18,,,0,120,,13867,18,,,0
6000,'4947',649,,13878,18,,,0,73,,13873,18,,,0,31,,13881,18,,,0,106,,13875,18,,,0,141,,13874,18,,,0,101,,13876,18,,,0,57,,13877,18,,,0,143,,13879,18,,,0,102,,13880,18,,,0,110,,13882,18,,,0,31,,13890,19,,,0,71,,13872,18,,,0,41,,13888,18,,,0,82,,13883,18,,,0,82,,13884,18,,,0,80,,13887,18,,,0,103,,13885,18,,,0,104,,13886,18,,,0,113,,13889,18,,,0
6000,'4954',822,,13891,18,,,0,102,,13892,18,,,0,101,,13894,18,,,0,106,,13893,18,,,0,105,,13898,18,,,0,105,,13897,18,,,0,105,,13896,18,,,0,105,,13895,18,,,0,102,,13901,18,,,0,102,,13902,18,,,0,104,,13903,18,,,0,145,,13900,18,,,0,120,,13899,18,,,0
