4700,'4663',633,,59613,26,,,0,20,,59612,26,,,0,63,,59611,26,,,0
4700,'5372',633,,44662,26,,,0,20,,44661,26,,,0,63,,50317,26,,,0
4700,'5385',633,,59616,26,,,0,20,,59615,26,,,0,63,,59614,26,,,0
4701,'4663',1648,,59617,20,,,0,70,,59618,20,,,0,31,,59619,20,,,0
4701,'5372',1648,,51727,20,,,0,70,,51728,20,,,0,31,,51729,20,,,0
4701,'5385',1648,,59620,20,,,0,70,,59621,20,,,0,31,,59622,20,,,0
5700,'4332',727,,60222,15,,,0,97,,60210,15,,,0,105,,60213,15,,,0,101,,60208,15,,,0,107,,60211,15,,,0,110,,60216,15,,,0,100,,60212,15,,,0,110,,60217,15,,,0,101,,60220,15,,,0,148,,60221,15,,,0,51,,60219,15,,,0,154,,60215,15,,,0,100,,60214,15,,,0,99,,60209,15,,,0,113,,60218,15,,,0
5700,'4663',553,,60187,15,,,0,88,,60191,15,,,0,84,,60197,15,,,0,88,,60189,15,,,0,45,,60188,15,,,0,86,,60190,15,,,0,84,,60192,15,,,0,85,,60193,15,,,0,45,,60195,15,,,0,86,,60194,15,,,0,85,,60196,15,,,0,89,,60198,15,,,0,100,,60207,15,,,0,32,,60199,15,,,0,83,,60200,15,,,0,87,,60202,15,,,0,87,,60201,15,,,0,48,,60203,15,,,0,100,,60204,15,,,0,156,,60205,15,,,0,110,,60206,15,,,0
5700,'5078',727,,60225,15,,,0,99,,60223,15,,,0,105,,60227,15,,,0,100,,60224,15,,,0,106,,60226,15,,,0,110,,60229,15,,,0,100,,60230,15,,,0,110,,60228,15,,,0,100,,60231,15,,,0,150,,60236,15,,,0,50,,60237,15,,,0,153,,60233,15,,,0,100,,60234,15,,,0,100,,60232,15,,,0,45,,60235,15,,,0
5700,'5372',553,,45342,15,,,0,88,,45346,15,,,0,84,,45352,15,,,0,88,,45344,15,,,0,45,,45343,15,,,0,86,,45345,15,,,0,84,,45347,15,,,0,85,,45348,15,,,0,45,,45350,15,,,0,86,,45349,15,,,0,85,,45351,15,,,0,89,,45353,15,,,0,100,,45362,15,,,0,32,,45354,15,,,0,83,,45355,15,,,0,87,,45357,15,,,0,87,,45356,15,,,0,48,,45358,15,,,0,100,,45359,15,,,0,156,,45360,15,,,0,110,,45361,15,,,0
5700,'5385',553,,60238,15,,,0,88,,60242,15,,,0,84,,60248,15,,,0,88,,60240,15,,,0,45,,60239,15,,,0,86,,60241,15,,,0,84,,60243,15,,,0,85,,60244,15,,,0,45,,60246,15,,,0,86,,60245,15,,,0,85,,60247,15,,,0,89,,60249,15,,,0,100,,60258,15,,,0,32,,60250,15,,,0,83,,60251,15,,,0,87,,60253,15,,,0,87,,60252,15,,,0,48,,60254,15,,,0,100,,60255,15,,,0,156,,60256,15,,,0,110,,60257,15,,,0
