801,'4623',645,,66017,13,,,0,76,,66018,13,,,0,24,,66019,13,,,0,66,,66020,13,,,0,35,,66021,13,,,0,85,,66016,13,,,0,84,,66022,13,,,0,32,,66037,13,,,0,82,,66023,13,,,0,85,,66024,13,,,0,39,,66025,13,,,0,85,,66026,13,,,0,87,,66027,13,,,0,83,,66028,13,,,0,32,,66038,13,,,0,74,,66029,13,,,0,37,,66030,13,,,0,84,,66031,13,,,0,70,,66039,13,,,0,32,,66032,13,,,0,74,,66033,13,,,0,47,,66034,13,,,0,97,,66035,13,,,0,85,,66036,13,,,0
801,'4833',722,,66041,13,0,8 9,0,85,,66042,13,0,8 9,0,45,,66043,13,0,8 9,0,86,,66044,13,0,8 9,0,85,,66045,13,0,8 9,0,91,,66046,13,0,8 9,0,88,,66047,13,0,8 9,0,51,,66048,13,0,8 9,0,92,,66040,13,0,8 9,0,90,,66049,13,0,8 9,0,92,,66050,13,0,8 9,0,90,,66051,13,0,8 9,0,91,,66052,13,0,8 9,0,46,,66053,13,0,8 9,0,84,,66054,13,0,8 9,0
801,'5015',722,,66056,13,0,8 9,0,85,,66057,13,0,8 9,0,45,,66058,13,0,8 9,0,86,,66059,13,0,8 9,0,85,,66060,13,0,8 9,0,91,,66061,13,0,8 9,0,88,,66062,13,0,8 9,0,51,,66063,13,0,8 9,0,92,,66055,13,0,8 9,0,90,,66064,13,0,8 9,0,92,,66065,13,0,8 9,0,90,,66066,13,0,8 9,0,91,,66067,13,0,8 9,0,46,,66068,13,0,8 9,0,84,,66069,13,0,8 9,0
801,'5078',938,,54694,13,0,8 9,0,85,,54695,13,0,8 9,0,90,,54696,13,0,8 9,0,88,,54697,13,0,8 9,0,50,,54693,13,0,8 9,0,92,,54698,13,0,8 9,0,91,,54699,13,0,8 9,0,92,,54700,13,0,8 9,0,90,,54701,13,0,8 9,0,91,,54702,13,0,8 9,0,47,,54703,13,0,8 9,0
801,'5222',645,,66071,13,,,0,76,,66072,13,,,0,24,,66073,13,,,0,66,,66074,13,,,0,35,,66075,13,,,0,85,,66070,13,,,0,84,,66076,13,,,0,32,,66091,13,,,0,82,,66077,13,,,0,85,,66078,13,,,0,39,,66079,13,,,0,85,,66080,13,,,0,87,,66081,13,,,0,83,,66082,13,,,0,32,,66092,13,,,0,74,,66083,13,,,0,37,,66084,13,,,0,84,,66085,13,,,0,70,,66093,13,,,0,32,,66086,13,,,0,74,,66087,13,,,0,47,,66088,13,,,0,97,,66089,13,,,0,85,,66090,13,,,0
801,'5365',938,,66095,13,0,8 9,0,85,,66096,13,0,8 9,0,90,,66097,13,0,8 9,0,88,,66098,13,0,8 9,0,50,,66094,13,0,8 9,0,92,,66099,13,0,8 9,0,91,,66100,13,0,8 9,0,92,,66101,13,0,8 9,0,90,,66102,13,0,8 9,0,91,,66103,13,0,8 9,0,47,,66104,13,0,8 9,0
801,'5390',938,,66106,13,0,8 9,0,85,,66107,13,0,8 9,0,90,,66108,13,0,8 9,0,88,,66109,13,0,8 9,0,50,,66105,13,0,8 9,0,92,,66110,13,0,8 9,0,91,,66111,13,0,8 9,0,92,,66112,13,0,8 9,0,90,,66113,13,0,8 9,0,91,,66114,13,0,8 9,0,47,,66115,13,0,8 9,0
1400,'4623',615,,67014,39,,,0,20,,67012,39,,,0,17,,67013,39,,,0,55,,67011,39,,,0,16,,67003,39,,,0,17,,67002,39,,,0,17,,66995,39,,,0,55,,67000,39,,,0,16,,66998,39,,,0,15,,66994,39,,,0,15,,66991,39,,,0,54,,66990,39,,,0,16,,67010,39,,,0,15,,66986,39,,,0,15,,66989,39,,,0,55,,66982,39,,,0,15,,66983,39,,,0,15,,66996,39,,,0,15,,66981,39,,,0,55,,66984,39,,,0,15,,66980,39,,,0,17,,67009,39,,,0,56,,66975,39,,,0,15,,66988,39,,,0,15,,66978,39,,,0,16,,66974,39,,,0,55,,66997,39,,,0,15,,66973,39,,,0,15,,66985,39,,,0,13,,66969,39,,,0,55,,66970,39,,,0,16,,67004,39,,,0,15,,66966,39,,,0,15,,66992,39,,,0,56,,66977,39,,,0,15,,66964,39,,,0,17,,66999,39,,,0,15,,66965,39,,,0,55,,66987,39,,,0,15,,66971,39,,,0,16,,66959,39,,,0,14,,66961,39,,,0,54,,67006,39,,,0,15,,66962,39,,,0,15,,66993,39,,,0,14,,66979,39,,,0,55,,66958,39,,,0,14,,66957,39,,,0,15,,67001,39,,,0,16,,66972,39,,,0,54,,66952,39,,,0,16,,66953,39,,,0,14,,67007,39,,,0,14,,66963,39,,,0,55,,66976,39,,,0,15,,66954,39,,,0,18,,66949,39,,,0,20,,66967,39,,,0,60,,66948,39,,,0,20,,67005,39,,,0,20,,66960,39,,,0,59,,66955,39,,,0,21,,66950,39,,,0,70,,66968,39,,,0,30,,67008,39,,,0,70,,66956,39,,,0,29,,66951,39,,,0,70,,66946,39,,,0,30,,66944,39,,,0,70,,66947,39,,,0,30,,66945,39,,,0
1400,'4833',654,,67039,39,,,0,61,,67040,39,,,0,19,,67023,39,,,0,18,,67038,39,,,0,56,,67017,39,,,0,15,,67022,39,,,0,15,,67021,39,,,0,15,,67037,39,,,0,55,,67035,39,,,0,15,,67020,39,,,0,15,,67016,39,,,0,15,,67036,39,,,0,55,,67015,39,,,0,16,,67025,39,,,0,15,,67027,39,,,0,15,,67041,39,,,0,56,,67043,39,,,0,15,,67028,39,,,0,16,,67019,39,,,0,16,,67042,39,,,0,56,,67018,39,,,0,16,,67024,39,,,0,15,,67031,39,,,0,15,,67044,39,,,0,55,,67029,39,,,0,15,,67045,39,,,0,15,,67030,39,,,0,15,,67032,39,,,0,55,,67046,39,,,0,16,,67034,39,,,0,15,,67026,39,,,0,56,,67033,39,,,0,15,,67057,39,,,0,15,,67055,39,,,0,15,,67058,39,,,0,55,,67052,39,,,0,15,,67051,39,,,0,14,,67048,39,,,0,15,,67059,39,,,0,14,,67053,39,,,0,55,,67054,39,,,0,15,,67061,39,,,0,15,,67056,39,,,0,15,,67049,39,,,0,55,,67050,39,,,0,14,,67060,39,,,0,14,,67047,39,,,0,14,,67065,39,,,0,55,,67062,39,,,0,15,,67063,39,,,0,15,,67064,39,,,0,16,,67066,39,,,0,60,,67068,39,,,0,20,,67069,39,,,0,20,,67070,39,,,0,60,,67071,39,,,0,19,,67067,39,,,0,20,,67075,39,,,0,60,,67074,39,,,0,21,,67073,39,,,0,67,,67072,39,,,0,30,,67076,39,,,0,70,,67077,39,,,0,30,,67078,39,,,0
1400,'5015',654,,67103,39,,,0,61,,67104,39,,,0,19,,67087,39,,,0,18,,67102,39,,,0,56,,67081,39,,,0,15,,67086,39,,,0,15,,67085,39,,,0,15,,67101,39,,,0,55,,67099,39,,,0,15,,67084,39,,,0,15,,67080,39,,,0,15,,67100,39,,,0,55,,67079,39,,,0,16,,67089,39,,,0,15,,67091,39,,,0,15,,67105,39,,,0,56,,67107,39,,,0,15,,67092,39,,,0,16,,67083,39,,,0,16,,67106,39,,,0,56,,67082,39,,,0,16,,67088,39,,,0,15,,67095,39,,,0,15,,67108,39,,,0,55,,67093,39,,,0,15,,67109,39,,,0,15,,67094,39,,,0,15,,67096,39,,,0,55,,67110,39,,,0,16,,67098,39,,,0,15,,67090,39,,,0,56,,67097,39,,,0,15,,67121,39,,,0,15,,67119,39,,,0,15,,67122,39,,,0,55,,67116,39,,,0,15,,67115,39,,,0,14,,67112,39,,,0,15,,67123,39,,,0,14,,67117,39,,,0,55,,67118,39,,,0,15,,67125,39,,,0,15,,67120,39,,,0,15,,67113,39,,,0,55,,67114,39,,,0,14,,67124,39,,,0,14,,67111,39,,,0,14,,67129,39,,,0,55,,67126,39,,,0,15,,67127,39,,,0,15,,67128,39,,,0,16,,67130,39,,,0,60,,67132,39,,,0,20,,67133,39,,,0,20,,67134,39,,,0,60,,67135,39,,,0,19,,67131,39,,,0,20,,67139,39,,,0,60,,67138,39,,,0,21,,67137,39,,,0,67,,67136,39,,,0,30,,67140,39,,,0,70,,67141,39,,,0,30,,67142,39,,,0,70,,67143,39,,,0,29,,67144,39,,,0,68,,67145,39,,,0,30,,67146,39,,,0
1400,'5078',646,,55516,39,,,0,70,,55504,39,,,0,30,,55526,39,,,0,64,,55511,39,,,0,20,,55482,39,,,0,15,,55529,39,,,0,55,,55510,39,,,0,15,,55495,39,,,0,15,,55502,39,,,0,16,,55523,39,,,0,55,,55486,39,,,0,15,,55514,39,,,0,15,,55483,39,,,0,15,,55513,39,,,0,55,,55487,39,,,0,15,,55496,39,,,0,15,,55503,39,,,0,15,,55525,39,,,0,55,,55485,39,,,0,16,,55515,39,,,0,15,,55488,39,,,0,16,,55512,39,,,0,55,,55484,39,,,0,15,,55493,39,,,0,14,,55473,39,,,0,15,,55500,39,,,0,55,,55522,39,,,0,15,,55475,39,,,0,15,,55509,39,,,0,15,,55479,39,,,0,55,,55506,39,,,0,15,,55480,39,,,0,15,,55491,39,,,0,15,,55472,39,,,0,55,,55499,39,,,0,15,,55521,39,,,0,15,,55478,39,,,0,15,,55507,39,,,0,55,,55476,39,,,0,15,,55508,39,,,0,15,,55477,39,,,0,15,,55494,39,,,0,55,,55474,39,,,0,14,,55501,39,,,0,15,,55524,39,,,0,15,,55481,39,,,0,54,,55518,39,,,0,18,,55520,39,,,0,20,,55490,39,,,0,20,,55492,39,,,0,60,,55505,39,,,0,21,,55528,39,,,0,69,,55517,39,,,0,29,,55489,39,,,0,70,,55497,39,,,0,30,,55527,39,,,0,69,,55519,39,,,0,29,,55498,39,,,0
1400,'5222',615,,67213,39,,,0,20,,67211,39,,,0,17,,67212,39,,,0,55,,67210,39,,,0,16,,67202,39,,,0,17,,67201,39,,,0,17,,67194,39,,,0,55,,67199,39,,,0,16,,67197,39,,,0,15,,67193,39,,,0,15,,67190,39,,,0,54,,67189,39,,,0,16,,67209,39,,,0,15,,67185,39,,,0,15,,67188,39,,,0,55,,67181,39,,,0,15,,67182,39,,,0,15,,67195,39,,,0,15,,67180,39,,,0,55,,67183,39,,,0,15,,67179,39,,,0,17,,67208,39,,,0,56,,67174,39,,,0,15,,67187,39,,,0,15,,67177,39,,,0,16,,67173,39,,,0,55,,67196,39,,,0,15,,67172,39,,,0,15,,67184,39,,,0,13,,67168,39,,,0,55,,67169,39,,,0,16,,67203,39,,,0,15,,67165,39,,,0,15,,67191,39,,,0,56,,67176,39,,,0,15,,67163,39,,,0,17,,67198,39,,,0,15,,67164,39,,,0,55,,67186,39,,,0,15,,67170,39,,,0,16,,67158,39,,,0,14,,67160,39,,,0,54,,67205,39,,,0,15,,67161,39,,,0,15,,67192,39,,,0,14,,67178,39,,,0,55,,67157,39,,,0,14,,67156,39,,,0,15,,67200,39,,,0,16,,67171,39,,,0,54,,67151,39,,,0,16,,67152,39,,,0,14,,67206,39,,,0,14,,67162,39,,,0,55,,67175,39,,,0,15,,67153,39,,,0,18,,67148,39,,,0,20,,67166,39,,,0,60,,67147,39,,,0,20,,67204,39,,,0,20,,67159,39,,,0,59,,67154,39,,,0,21,,67149,39,,,0,70,,67167,39,,,0,30,,67207,39,,,0,70,,67155,39,,,0,29,,67150,39,,,0
1400,'5365',646,,67258,39,,,0,70,,67246,39,,,0,30,,67268,39,,,0,64,,67253,39,,,0,20,,67224,39,,,0,15,,67271,39,,,0,55,,67252,39,,,0,15,,67237,39,,,0,15,,67244,39,,,0,16,,67265,39,,,0,55,,67228,39,,,0,15,,67256,39,,,0,15,,67225,39,,,0,15,,67255,39,,,0,55,,67229,39,,,0,15,,67238,39,,,0,15,,67245,39,,,0,15,,67267,39,,,0,55,,67227,39,,,0,16,,67257,39,,,0,15,,67230,39,,,0,16,,67254,39,,,0,55,,67226,39,,,0,15,,67235,39,,,0,14,,67215,39,,,0,15,,67242,39,,,0,55,,67264,39,,,0,15,,67217,39,,,0,15,,67251,39,,,0,15,,67221,39,,,0,55,,67248,39,,,0,15,,67222,39,,,0,15,,67233,39,,,0,15,,67214,39,,,0,55,,67241,39,,,0,15,,67263,39,,,0,15,,67220,39,,,0,15,,67249,39,,,0,55,,67218,39,,,0,15,,67250,39,,,0,15,,67219,39,,,0,15,,67236,39,,,0,55,,67216,39,,,0,14,,67243,39,,,0,15,,67266,39,,,0,15,,67223,39,,,0,54,,67260,39,,,0,18,,67262,39,,,0,20,,67232,39,,,0,20,,67234,39,,,0,60,,67247,39,,,0,21,,67270,39,,,0,69,,67259,39,,,0,29,,67231,39,,,0,70,,67239,39,,,0,30,,67269,39,,,0,69,,67261,39,,,0,29,,67240,39,,,0
1400,'5390',646,,67316,39,,,0,70,,67304,39,,,0,30,,67326,39,,,0,64,,67311,39,,,0,20,,67282,39,,,0,15,,67329,39,,,0,55,,67310,39,,,0,15,,67295,39,,,0,15,,67302,39,,,0,16,,67323,39,,,0,55,,67286,39,,,0,15,,67314,39,,,0,15,,67283,39,,,0,15,,67313,39,,,0,55,,67287,39,,,0,15,,67296,39,,,0,15,,67303,39,,,0,15,,67325,39,,,0,55,,67285,39,,,0,16,,67315,39,,,0,15,,67288,39,,,0,16,,67312,39,,,0,55,,67284,39,,,0,15,,67293,39,,,0,14,,67273,39,,,0,15,,67300,39,,,0,55,,67322,39,,,0,15,,67275,39,,,0,15,,67309,39,,,0,15,,67279,39,,,0,55,,67306,39,,,0,15,,67280,39,,,0,15,,67291,39,,,0,15,,67272,39,,,0,55,,67299,39,,,0,15,,67321,39,,,0,15,,67278,39,,,0,15,,67307,39,,,0,55,,67276,39,,,0,15,,67308,39,,,0,15,,67277,39,,,0,15,,67294,39,,,0,55,,67274,39,,,0,14,,67301,39,,,0,15,,67324,39,,,0,15,,67281,39,,,0,54,,67318,39,,,0,18,,67320,39,,,0,20,,67290,39,,,0,20,,67292,39,,,0,60,,67305,39,,,0,21,,67328,39,,,0,69,,67317,39,,,0,29,,67289,39,,,0,70,,67297,39,,,0,30,,67327,39,,,0,69,,67319,39,,,0,29,,67298,39,,,0
