2100,'4487',719,,24891,15,0,17,0,85,,24898,15,0,17,0,40,,24882,15,0,18 19,0,71,,24892,15,0,17,0,39,,24875,15,0,17,0,70,,24893,15,0,17,0,33,,24877,15,0,17,0,71,,24887,15,0,17,0,30,,24872,15,0,17,0,72,,24873,15,0,18 19,0,70,,24894,15,0,17,0,31,,24878,15,0,17,0,70,,24886,15,0,17,0,28,,24874,15,0,18 19,0,72,,24876,15,0,17,0,30,,24895,15,0,17,0,69,,24879,15,0,17,0,30,,24888,15,0,18 19,0,70,,24880,15,0,17,0,30,,24881,15,0,17,0,29,,24897,15,0,17,0,70,,24883,15,0,18 19,0,28,,24889,15,0,17,0,69,,24884,15,0,17,0,28,,24885,15,0,17,0,68,,24896,15,0,17,0,30,,24890,15,0,17,0
2100,'4737',631,,24901,15,,,0,69,,24909,15,,,0,18,,24900,15,,,0,16,,24908,15,,,0,9,,24935,15,0,17,0,6,,24910,15,,,0,10,,24945,15,,,0,44,,24920,15,,,0,17,,24912,15,,,0,16,,24919,15,,,0,20,,24906,15,0,17,0,58,,24932,15,,,0,18,,24907,15,0,17,0,20,,24911,15,,,0,61,,24903,15,0,17,0,20,,24922,15,,,0,20,,24904,15,0,17,0,60,,24913,15,,,0,20,,24923,15,0,18 19,0,21,,24905,15,,,0,61,,24902,15,0,17,0,20,,24914,15,,,0,20,,24917,15,0,17,0,60,,24916,15,,,0,21,,24921,15,0,17,0,17,,24942,15,,,0,59,,24924,15,,,0,16,,24915,15,,,0,15,,24918,15,0,17,0,60,,24944,15,,,0,18,,24934,15,,,0,17,,24933,15,,,0,20,,24931,15,,,0,58,,24930,15,,,0,19,,24941,15,0,18 19,0,18,,24928,15,,,0,58,,24929,15,,,0,18,,24925,15,,,0,18,,24943,15,0,17,0,56,,24927,15,0,17,0,16,,24926,15,0,17,0,32,,24937,15,0,17,0,69,,24936,15,0,17,0,29,,24939,15,0,17,0,73,,24938,15,0,17,0,29,,24940,15,0,17,0
2100,'4744',631,,24948,15,,,0,69,,24956,15,,,0,18,,24947,15,,,0,16,,24955,15,,,0,9,,24982,15,0,17,0,6,,24957,15,,,0,10,,24992,15,,,0,44,,24967,15,,,0,17,,24959,15,,,0,16,,24966,15,,,0,20,,24953,15,0,17,0,58,,24979,15,,,0,18,,24954,15,0,17,0,20,,24958,15,,,0,61,,24950,15,0,17,0,20,,24969,15,,,0,20,,24951,15,0,17,0,60,,24960,15,,,0,20,,24970,15,0,18 19,0,21,,24952,15,,,0,61,,24949,15,0,17,0,20,,24961,15,,,0,20,,24964,15,0,17,0,60,,24963,15,,,0,21,,24968,15,0,17,0,17,,24989,15,,,0,59,,24971,15,,,0,16,,24962,15,,,0,15,,24965,15,0,17,0,60,,24991,15,,,0,18,,24981,15,,,0,17,,24980,15,,,0,20,,24978,15,,,0,58,,24977,15,,,0,19,,24988,15,0,18 19,0,18,,24975,15,,,0,58,,24976,15,,,0,18,,24972,15,,,0,18,,24990,15,0,17,0,56,,24974,15,0,17,0,16,,24973,15,0,17,0,32,,24984,15,0,17,0,69,,24983,15,0,17,0,29,,24986,15,0,17,0,73,,24985,15,0,17,0,29,,24987,15,0,17,0
2100,'4745',744,,25010,15,0,17,0,75,,25009,15,0,17,0,85,,24997,15,0,18 19,0,37,,25008,15,0,17,0,84,,25011,15,0,17,0,30,,24993,15,0,17,0,70,,24996,15,0,17,0,30,,24999,15,0,17,0,70,,24995,15,0,18 19,0,31,,24998,15,0,17,0,70,,24994,15,0,17,0,30,,25000,15,0,17,0,71,,25001,15,0,18 19,0,30,,25003,15,0,17,0,70,,25004,15,0,17,0,30,,25002,15,0,17,0,70,,25007,15,0,18 19,0,30,,25005,15,0,17,0,70,,25006,15,0,17,0,29,,25012,15,0,17,0,69,,25013,15,0,18 19,0,28,,25015,15,0,17,0,69,,25014,15,0,17,0,30,,25017,15,0,17,0,70,,25016,15,0,17,0
2100,'4949',1558,,25018,15,,,0
2100,'5066',631,,25021,15,,,0,69,,25029,15,,,0,18,,25020,15,,,0,16,,25028,15,,,0,9,,25054,15,0,17,0,6,,25030,15,,,0,10,,25064,15,,,0,44,,25040,15,,,0,17,,25032,15,,,0,16,,25039,15,,,0,20,,25026,15,0,17,0,58,,25051,15,,,0,18,,25027,15,0,17,0,20,,25031,15,,,0,61,,25023,15,0,17,0,20,,25042,15,,,0,20,,25024,15,0,17,0,60,,25033,15,,,0,20,,25043,15,0,18 19,0,21,,25025,15,,,0,61,,25022,15,0,17,0,20,,25034,15,,,0,20,,25037,15,0,17,0,60,,25036,15,,,0,21,,25041,15,0,17,0,17,,25061,15,,,0,59,,25044,15,,,0,16,,25035,15,,,0,15,,25038,15,0,17,0,60,,25063,15,,,0,18,,25053,15,,,0,17,,25052,15,,,0,78,,25050,15,,,0,19,,25060,15,0,18 19,0,18,,25048,15,,,0,58,,25049,15,,,0,18,,25045,15,,,0,18,,25062,15,0,17,0,56,,25047,15,0,17,0,16,,25046,15,0,17,0,32,,25056,15,0,17,0,69,,25055,15,0,17,0,29,,25058,15,0,17,0,73,,25057,15,0,17,0,29,,25059,15,0,17,0
2100,'5068',1558,,25065,15,,,0
2100,'5070',719,,25085,15,0,17,0,85,,25092,15,0,17,0,40,,25076,15,0,18 19,0,71,,25086,15,0,17,0,39,,25069,15,0,17,0,70,,25087,15,0,17,0,33,,25071,15,0,17,0,71,,25081,15,0,17,0,30,,25066,15,0,17,0,72,,25067,15,0,18 19,0,70,,25088,15,0,17,0,31,,25072,15,0,17,0,70,,25080,15,0,17,0,28,,25068,15,0,18 19,0,72,,25070,15,0,17,0,30,,25089,15,0,17,0,69,,25073,15,0,17,0,30,,25082,15,0,18 19,0,70,,25074,15,0,17,0,30,,25075,15,0,17,0,29,,25091,15,0,17,0,70,,25077,15,0,18 19,0,28,,25083,15,0,17,0,69,,25078,15,0,17,0,28,,25079,15,0,17,0,68,,25090,15,0,17,0,30,,25084,15,0,17,0
2100,'5072',744,,25110,15,0,17,0,75,,25109,15,0,17,0,85,,25097,15,0,18 19,0,37,,25108,15,0,17,0,84,,25111,15,0,17,0,30,,25093,15,0,17,0,70,,25096,15,0,17,0,30,,25099,15,0,17,0,70,,25095,15,0,18 19,0,31,,25098,15,0,17,0,70,,25094,15,0,17,0,30,,25100,15,0,17,0,71,,25101,15,0,18 19,0,30,,25103,15,0,17,0,70,,25104,15,0,17,0,30,,25102,15,0,17,0,70,,25107,15,0,18 19,0,30,,25105,15,0,17,0,70,,25106,15,0,17,0,29,,25112,15,0,17,0,69,,25113,15,0,18 19,0,28,,25115,15,0,17,0,69,,25114,15,0,17,0,30,,25117,15,0,17,0,70,,25116,15,0,17,0
2200,'4487',704,,25415,30,,,0,40,,25400,30,,,0,80,,25404,30,,,0,80,,25417,30,,,0,32,,25401,30,,,0,70,,25395,30,,,0,31,,25402,30,,,0,72,,25416,30,,,0,31,,25399,30,,,0,71,,25398,30,,,0,31,,25403,30,,,0,70,,25396,30,,,0,31,,25421,30,,,0,70,,25397,30,,,0,30,,25410,30,,,0,70,,25405,30,,,0,30,,25409,30,,,0,69,,25420,30,,,0,29,,25411,30,,,0,71,,25406,30,,,0,30,,25413,30,,,0,72,,25412,30,,,0,30,,25408,30,,,0,68,,25407,30,,,0,29,,25422,30,,,0,69,,25423,30,,,0,27,,25419,30,,,0,68,,25414,30,,,0
2200,'4737',615,,25449,30,,,0,30,,25433,30,,,0,69,,25444,30,,,0,31,,25436,30,,,0,65,,25426,13,0,20 7,0,9,,25448,30,,,0,23,,25428,30,,,0,69,,25432,30,,,0,102,,25434,30,,,0,26,,25450,30,,,0,70,,25427,30,,,0,103,,25443,30,0,21 22,0,30,,25435,30,0,21 22,0,70,,25451,30,0,21 22,0,30,,25429,30,0,21 22,0,101,,25446,30,0,21 22,0,70,,25440,30,0,21 22,0,36,,25453,30,0,21 22,0,102,,25441,30,0,21 22,0,97,,25437,30,0,21 22,0,69,,25452,30,,,0,24,,25430,30,,,0,98,,25445,30,,,0,70,,25442,30,,,0,29,,25431,30,,,0,68,,25439,30,,,0
2200,'4744',615,,25478,30,,,0,30,,25462,30,,,0,69,,25473,30,,,0,31,,25465,30,,,0,65,,25455,13,0,20 7,0,9,,25477,30,,,0,23,,25457,30,,,0,69,,25461,30,,,0,102,,25463,30,,,0,26,,25479,30,,,0,70,,25456,30,,,0,103,,25472,30,0,21 22,0,30,,25464,30,0,21 22,0,70,,25480,30,0,21 22,0,30,,25458,30,0,21 22,0,101,,25475,30,0,21 22,0,70,,25469,30,0,21 22,0,36,,25482,30,0,21 22,0,102,,25470,30,0,21 22,0,97,,25466,30,0,21 22,0,69,,25481,30,,,0,24,,25459,30,,,0,98,,25474,30,,,0,70,,25471,30,,,0,29,,25460,30,,,0,68,,25468,30,,,0
2200,'4745',753,,25486,30,,,0,101,,25487,30,,,0,80,,25488,30,,,0,71,,25483,30,,,0,32,,25484,30,,,0,70,,25485,30,,,0,30,,25490,30,,,0,69,,25491,30,,,0,32,,25489,30,,,0,70,,25492,30,,,0,30,,25493,30,,,0,70,,25501,30,,,0,31,,25500,30,,,0,70,,25494,30,,,0,30,,25495,30,,,0,70,,25496,30,,,0,30,,25497,30,,,0,72,,25498,30,,,0,30,,25499,30,,,0,69,,25502,30,,,0,29,,25503,30,,,0,68,,25504,30,,,0,30,,25505,30,,,0,115,,25506,13,,,0
2200,'5066',615,,25531,30,,,0,30,,25515,30,,,0,69,,25526,30,,,0,31,,25518,30,,,0,65,,25508,13,0,20 7,0,9,,25530,30,,,0,23,,25510,30,,,0,69,,25514,30,,,0,102,,25516,30,,,0,26,,25532,30,,,0,70,,25509,30,,,0,103,,25525,30,0,21 22,0,30,,25517,30,0,21 22,0,70,,25533,30,0,21 22,0,30,,25511,30,0,21 22,0,101,,25528,30,0,21 22,0,70,,25522,30,0,21 22,0,36,,25535,30,0,21 22,0,102,,25523,30,0,21 22,0,97,,25519,30,0,21 22,0,69,,25534,30,,,0,24,,25512,30,,,0,98,,25527,30,,,0,70,,25524,30,,,0,29,,25513,30,,,0,68,,25521,30,,,0
2200,'5070',704,,25557,30,,,0,40,,25542,30,,,0,80,,25546,30,,,0,80,,25559,30,,,0,32,,25543,30,,,0,70,,25537,30,,,0,31,,25544,30,,,0,72,,25558,30,,,0,31,,25541,30,,,0,71,,25540,30,,,0,31,,25545,30,,,0,70,,25538,30,,,0,31,,25563,30,,,0,70,,25539,30,,,0,30,,25552,30,,,0,70,,25547,30,,,0,30,,25551,30,,,0,69,,25562,30,,,0,29,,25553,30,,,0,71,,25548,30,,,0,30,,25555,30,,,0,72,,25554,30,,,0,30,,25550,30,,,0,68,,25549,30,,,0,29,,25564,30,,,0,69,,25565,30,,,0,27,,25561,30,,,0,68,,25556,30,,,0
2200,'5072',753,,25570,30,,,0,101,,25571,30,,,0,80,,25572,30,,,0,71,,25567,30,,,0,32,,25568,30,,,0,70,,25569,30,,,0,30,,25574,30,,,0,69,,25575,30,,,0,32,,25573,30,,,0,70,,25576,30,,,0,30,,25577,30,,,0,70,,25585,30,,,0,31,,25584,30,,,0,70,,25578,30,,,0,30,,25579,30,,,0,70,,25580,30,,,0,30,,25581,30,,,0,72,,25582,30,,,0,30,,25583,30,,,0,69,,25586,30,,,0,29,,25587,30,,,0,68,,25588,30,,,0,30,,25589,30,,,0,115,,25590,13,,,0
2601,'4487',638,,26683,26,,,0,70,,26684,26,,,0,26,,26685,26,,,0,17,,26686,26,,,0,57,,26687,26,,,0,17,,26688,26,,,0,17,,26689,26,,,0,59,,26690,26,,,0,18,,26691,26,,,0,17,,26692,26,,,0,17,,26693,26,,,0,57,,26694,26,,,0,17,,26695,26,,,0,17,,26696,26,,,0,57,,26697,26,,,0,19,,26698,26,,,0,17,,26699,26,,,0,18,,26682,26,,,0,57,,26700,26,,,0,17,,26701,26,,,0,17,,26702,26,,,0,57,,26703,26,,,0,17,,26704,26,,,0,16,,26705,26,,,0,17,,26706,26,,,0,57,,26707,26,,,0,17,,26708,26,,,0,17,,26709,26,,,0,57,,26710,26,,,0,16,,26711,26,,,0,16,,26712,26,,,0,16,,26713,26,,,0,55,,26714,26,,,0,17,,26715,26,,,0,17,,26716,26,,,0,17,,26717,26,,,0,56,,26718,26,,,0,17,,26719,26,,,0,18,,26720,26,,,0,60,,26721,26,,,0,20,,26722,26,,,0,19,,26723,26,,,0,60,,26724,26,,,0,20,,26725,26,,,0,20,,26726,26,,,0,58,,26727,26,,,0,20,,26728,26,,,0,19,,26729,26,,,0,60,,26730,26,,,0,19,,26731,26,,,0,20,,26732,26,,,0,60,,26733,26,,,0,20,,26734,26,,,0,22,,26735,26,,,0,70,,26736,26,,,0,30,,26737,26,,,0,69,,26738,26,,,0,30,,26739,26,,,0
2601,'4737',612,,26759,26,,,0,23,,26760,26,,,0,18,,26761,26,,,0,54,,26758,26,,,0,16,,26767,26,,,0,16,,26778,26,,,0,17,,26773,26,,,0,57,,26789,26,,,0,14,,26769,26,,,0,13,,26774,26,,,0,10,,26771,26,,,0,55,,26777,26,,,0,14,,26768,26,,,0,14,,26776,26,,,0,15,,26784,26,,,0,55,,26770,26,,,0,15,,26772,26,,,0,15,,26779,26,,,0,15,,26788,26,,,0,55,,26764,26,,,0,15,,26762,26,,,0,15,,26765,26,,,0,15,,26775,26,,,0,55,,26780,26,,,0,15,,26785,26,,,0,16,,26781,26,,,0,14,,26782,26,,,0,55,,26786,26,,,0,16,,26787,26,,,0,15,,26783,26,,,0,14,,26766,26,,,0,52,,26807,26,,,0,13,,26763,26,,,0,12,,26803,26,,,0,14,,26801,26,,,0,15,,26794,26,,,0,53,,26793,26,,,0,15,,26795,26,,,0,15,,26792,26,,,0,16,,26790,26,,,0,55,,26802,26,,,0,16,,26797,26,,,0,17,,26806,26,,,0,16,,26800,26,,,0,57,,26798,26,,,0,16,,26805,26,,,0,15,,26799,26,,,0,14,,26791,26,,,0,57,,26753,26,,,0,17,,26752,26,,,0,12,,26754,26,,,0,55,,26757,26,,,0,15,,26755,26,,,0,16,,26796,26,,,0,15,,26804,26,,,0,60,,26751,26,,,0,20,,26756,26,,,0,20,,26749,26,,,0,57,,26745,26,,,0,20,,26741,26,,,0,20,,26750,26,,,0,69,,26740,26,,,0,31,,26743,26,,,0,71,,26744,26,,,0,29,,26747,26,,,0,69,,26748,26,,,0,31,,26742,26,,,0,70,,26746,26,,,0
2601,'4744',612,,26826,26,,,0,23,,26827,26,,,0,18,,26828,26,,,0,54,,26825,26,,,0,16,,26834,26,,,0,16,,26845,26,,,0,17,,26840,26,,,0,57,,26856,26,,,0,14,,26836,26,,,0,13,,26841,26,,,0,10,,26838,26,,,0,55,,26844,26,,,0,14,,26835,26,,,0,14,,26843,26,,,0,15,,26851,26,,,0,55,,26837,26,,,0,15,,26839,26,,,0,15,,26846,26,,,0,15,,26855,26,,,0,55,,26831,26,,,0,15,,26829,26,,,0,15,,26832,26,,,0,15,,26842,26,,,0,55,,26847,26,,,0,15,,26852,26,,,0,16,,26848,26,,,0,14,,26849,26,,,0,55,,26853,26,,,0,16,,26854,26,,,0,15,,26850,26,,,0,14,,26833,26,,,0,52,,26874,26,,,0,13,,26830,26,,,0,12,,26870,26,,,0,14,,26868,26,,,0,15,,26861,26,,,0,53,,26860,26,,,0,15,,26862,26,,,0,15,,26859,26,,,0,16,,26857,26,,,0,55,,26869,26,,,0,16,,26864,26,,,0,17,,26873,26,,,0,16,,26867,26,,,0,57,,26865,26,,,0,16,,26872,26,,,0,15,,26866,26,,,0,14,,26858,26,,,0,57,,26820,26,,,0,17,,26819,26,,,0,12,,26821,26,,,0,55,,26824,26,,,0,15,,26822,26,,,0,16,,26863,26,,,0,15,,26871,26,,,0,60,,26818,26,,,0,20,,26823,26,,,0,20,,26816,26,,,0,57,,26813,26,,,0,20,,26809,26,,,0,20,,26817,26,,,0,69,,26808,26,,,0,31,,26811,26,,,0,71,,26812,26,,,0,29,,26814,26,,,0,69,,26815,26,,,0,31,,26810,26,,,0
2601,'4745',658,,26898,26,,,0,62,,26885,26,,,0,23,,26875,26,,,0,62,,26894,26,,,0,20,,26899,26,,,0,26,,26884,26,,,0,61,,26877,26,,,0,20,,26895,26,,,0,23,,26888,26,,,0,59,,26878,26,,,0,18,,26882,26,,,0,18,,26876,26,,,0,58,,26896,26,,,0,18,,26880,26,,,0,19,,26901,26,,,0,58,,26879,26,,,0,18,,26883,26,,,0,18,,26881,26,,,0,18,,26892,26,,,0,59,,26889,26,,,0,18,,26902,26,,,0,18,,26886,26,,,0,58,,26897,26,,,0,18,,26890,26,,,0,18,,26893,26,,,0,58,,26891,26,,,0,18,,26900,26,,,0,17,,26887,26,,,0,18,,26911,26,,,0,58,,26906,26,,,0,18,,26910,26,,,0,17,,26904,26,,,0,57,,26913,26,,,0,17,,26903,26,,,0,20,,26909,26,,,0,60,,26907,26,,,0,20,,26908,26,,,0,20,,26912,26,,,0,60,,26905,26,,,0,19,,26915,26,,,0,19,,26921,26,,,0,60,,26917,26,,,0,20,,26920,26,,,0,20,,26916,26,,,0,59,,26914,26,,,0,20,,26918,26,,,0,22,,26919,26,,,0,70,,26922,26,,,0,30,,26923,26,,,0,69,,26924,26,,,0,30,,26925,26,,,0
2601,'5066',612,,26944,26,,,0,23,,26945,26,,,0,18,,26946,26,,,0,54,,26943,26,,,0,16,,26952,26,,,0,16,,26963,26,,,0,17,,26958,26,,,0,57,,26974,26,,,0,14,,26954,26,,,0,13,,26959,26,,,0,10,,26956,26,,,0,55,,26962,26,,,0,14,,26953,26,,,0,14,,26961,26,,,0,15,,26969,26,,,0,55,,26955,26,,,0,15,,26957,26,,,0,15,,26964,26,,,0,15,,26973,26,,,0,55,,26949,26,,,0,15,,26947,26,,,0,15,,26950,26,,,0,15,,26960,26,,,0,55,,26965,26,,,0,15,,26970,26,,,0,16,,26966,26,,,0,14,,26967,26,,,0,55,,26971,26,,,0,16,,26972,26,,,0,15,,26968,26,,,0,14,,26951,26,,,0,52,,26992,26,,,0,13,,26948,26,,,0,12,,26988,26,,,0,14,,26986,26,,,0,15,,26979,26,,,0,53,,26978,26,,,0,15,,26980,26,,,0,15,,26977,26,,,0,16,,26975,26,,,0,55,,26987,26,,,0,16,,26982,26,,,0,17,,26991,26,,,0,16,,26985,26,,,0,57,,26983,26,,,0,16,,26990,26,,,0,15,,26984,26,,,0,14,,26976,26,,,0,57,,26938,26,,,0,17,,26937,26,,,0,12,,26939,26,,,0,55,,26942,26,,,0,15,,26940,26,,,0,16,,26981,26,,,0,15,,26989,26,,,0,60,,26936,26,,,0,20,,26941,26,,,0,20,,26934,26,,,0,57,,26931,26,,,0,20,,26927,26,,,0,20,,26935,26,,,0,69,,26926,26,,,0,31,,26929,26,,,0,71,,26930,26,,,0,29,,26932,26,,,0,69,,26933,26,,,0,31,,26928,26,,,0
2601,'5070',638,,26994,26,,,0,70,,26995,26,,,0,26,,26996,26,,,0,17,,26997,26,,,0,57,,26998,26,,,0,17,,26999,26,,,0,17,,27000,26,,,0,59,,27001,26,,,0,18,,27002,26,,,0,17,,27003,26,,,0,17,,27004,26,,,0,57,,27005,26,,,0,17,,27006,26,,,0,17,,27007,26,,,0,57,,27008,26,,,0,19,,27009,26,,,0,17,,27010,26,,,0,18,,26993,26,,,0,57,,27011,26,,,0,17,,27012,26,,,0,17,,27013,26,,,0,57,,27014,26,,,0,17,,27015,26,,,0,16,,27016,26,,,0,17,,27017,26,,,0,57,,27018,26,,,0,17,,27019,26,,,0,17,,27020,26,,,0,57,,27021,26,,,0,16,,27022,26,,,0,16,,27023,26,,,0,16,,27024,26,,,0,55,,27025,26,,,0,17,,27026,26,,,0,17,,27027,26,,,0,17,,27028,26,,,0,56,,27029,26,,,0,17,,27030,26,,,0,18,,27031,26,,,0,60,,27032,26,,,0,20,,27033,26,,,0,19,,27034,26,,,0,60,,27035,26,,,0,20,,27036,26,,,0,20,,27037,26,,,0,58,,27038,26,,,0,20,,27039,26,,,0,19,,27040,26,,,0,60,,27041,26,,,0,19,,27042,26,,,0,20,,27043,26,,,0,60,,27044,26,,,0,20,,27045,26,,,0,22,,27046,26,,,0,70,,27047,26,,,0,30,,27048,26,,,0,69,,27049,26,,,0,30,,27050,26,,,0,71,,27051,26,,,0
2601,'5072',658,,27075,26,,,0,62,,27062,26,,,0,23,,27052,26,,,0,62,,27071,26,,,0,20,,27076,26,,,0,26,,27061,26,,,0,61,,27054,26,,,0,20,,27072,26,,,0,23,,27065,26,,,0,59,,27055,26,,,0,18,,27059,26,,,0,18,,27053,26,,,0,58,,27073,26,,,0,18,,27057,26,,,0,19,,27078,26,,,0,58,,27056,26,,,0,18,,27060,26,,,0,18,,27058,26,,,0,18,,27069,26,,,0,59,,27066,26,,,0,18,,27079,26,,,0,18,,27063,26,,,0,58,,27074,26,,,0,18,,27067,26,,,0,18,,27070,26,,,0,58,,27068,26,,,0,18,,27077,26,,,0,17,,27064,26,,,0,18,,27088,26,,,0,58,,27083,26,,,0,18,,27087,26,,,0,17,,27081,26,,,0,57,,27090,26,,,0,17,,27080,26,,,0,20,,27086,26,,,0,60,,27084,26,,,0,20,,27085,26,,,0,20,,27089,26,,,0,60,,27082,26,,,0,19,,27092,26,,,0,19,,27098,26,,,0,60,,27094,26,,,0,20,,27097,26,,,0,20,,27093,26,,,0,59,,27091,26,,,0,20,,27095,26,,,0,22,,27096,26,,,0,70,,27099,26,,,0,30,,27100,26,,,0,69,,27101,26,,,0,30,,27102,26,,,0
1002200,'4737',944,,35849,30,,,0,196,,35846,30,0,21 22,0,272,,35847,30,0,21 22,0,209,,35845,30,0,21 22,0,98,,35850,30,0,21 22,0,194,,35848,30,0,21 22,0
1002200,'4744',944,,35855,30,,,0,196,,35852,30,0,21 22,0,272,,35853,30,0,21 22,0,209,,35851,30,0,21 22,0,98,,35856,30,0,21 22,0,194,,35854,30,0,21 22,0
1002200,'5066',944,,35861,30,,,0,196,,35858,30,0,21 22,0,272,,35859,30,0,21 22,0,209,,35857,30,0,21 22,0,98,,35862,30,0,21 22,0,194,,35860,30,0,21 22,0
14002100,'4487',2120,,36234,15,,,0,30,,36235,15,,,0,70,,36236,15,,,0,102,,36237,15,,,0,98,,36238,15,,,0
14002100,'4737',2121,,36239,15,,,0,30,,36240,15,,,0,70,,36241,15,,,0,99,,36242,15,,,0,99,,36243,15,,,0
14002100,'4744',2121,,36244,15,,,0,30,,36245,15,,,0,70,,36246,15,,,0,99,,36247,15,,,0,99,,36248,15,,,0
14002100,'4745',2122,,36249,15,,,0,100,,36250,15,,,0,99,,36251,15,,,0
14002100,'5066',2121,,36252,15,,,0,30,,36253,15,,,0,70,,36254,15,,,0,99,,36255,15,,,0,99,,36256,15,,,0
14002100,'5070',2120,,36257,15,,,0,30,,36258,15,,,0,70,,36259,15,,,0,102,,36260,15,,,0,98,,36261,15,,,0
14002100,'5072',2122,,36262,15,,,0,100,,36263,15,,,0,99,,36264,15,,,0
