200,'4663',549,,52725,9,,,0,80,,52717,9,,,0,20,,52712,9,,,0,71,,52726,9,,,0,31,,52720,9,,,0,70,,52711,9,,,0,31,,52724,9,,,0,71,,52721,9,,,0,15,,52709,9,0,5,0,70,,52710,9,,,0,38,,52713,9,,,0,80,,52714,9,,,0,80,,52723,9,,,0,40,,52716,9,,,0,80,,52715,9,,,0,80,,52722,9,,,0,37,,52718,9,,,0,76,,52719,9,,,0,37,,52727,9,,,0,76,,52728,9,,,0,73,,52731,9,0,5,0,17,,52730,9,,,0,33,,52729,9,,,0,80,,52734,9,,,0,90,,52732,9,,,0,80,,52733,9,,,0,20,,52736,9,0,5,0,22,,52738,9,,,0,60,,52735,9,0,5,0,20,,52737,9,,,0,78,,52739,9,,,0,40,,52740,9,,,0,79,,52741,9,,,0,80,,52742,9,,,0,30,,52743,9,0,5,0,68,,52744,9,0,5,0
200,'5372',549,,36499,9,,,0,80,,36491,9,,,0,20,,36486,9,,,0,71,,36500,9,,,0,31,,36494,9,,,0,70,,36485,9,,,0,31,,36498,9,,,0,71,,36495,9,,,0,15,,36483,9,0,5,0,70,,36484,9,,,0,38,,36487,9,,,0,80,,36488,9,,,0,80,,36497,9,,,0,40,,36490,9,,,0,80,,36489,9,,,0,80,,36496,9,,,0,37,,36492,9,,,0,76,,36493,9,,,0,37,,36501,9,,,0,76,,36502,9,,,0,73,,36505,9,0,5,0,17,,36504,9,,,0,33,,36503,9,,,0,80,,36508,9,,,0,90,,36506,9,,,0,80,,36507,9,,,0,20,,36510,9,0,5,0,22,,36512,9,,,0,60,,36509,9,0,5,0,20,,36511,9,,,0,78,,36513,9,,,0,40,,36514,9,,,0,79,,36515,9,,,0,80,,36516,9,,,0,30,,36517,9,0,5,0
200,'5377',655,,36606,9,,,0,160,,36605,9,,,0,121,,36604,9,,,0,100,,36585,9,,,0,80,,36603,9,,,0,40,,36591,9,,,0,80,,36589,9,,,0,80,,36584,9,,,0,40,,36586,9,,,0,80,,36597,9,,,0,80,,36592,9,,,0,40,,36587,9,,,0,80,,36590,9,,,0,80,,36588,9,,,0,35,,36598,9,,,0,80,,36594,9,,,0,75,,36593,9,0,5,0,20,,36599,9,,,0,20,,36596,9,0,5,0,60,,36595,9,,,0,40,,36601,9,,,0,79,,36602,9,,,0,80,,36600,9,,,0,40,,36607,9,,,0,80,,36608,9,,,0
200,'5383',600,,52764,9,,,0,112,,52767,9,,,0,119,,52765,9,,,0,80,,52753,9,,,0,45,,52766,9,,,0,80,,52751,9,,,0,80,,52745,9,,,0,40,,52752,9,,,0,80,,52746,9,,,0,80,,52759,9,,,0,41,,52747,9,,,0,80,,52750,9,,,0,80,,52749,9,,,0,40,,52748,9,,,0,80,,52762,9,,,0,79,,52763,9,,,0,35,,52761,9,,,0,80,,52755,9,,,0,75,,52756,9,,,0,20,,52754,9,0,5,0,75,,52758,9,,,0,20,,52760,9,0,5,0,20,,52757,9,,,0,65,,52772,9,0,5,0,20,,52773,9,,,0,80,,52770,9,,,0,40,,52769,9,,,0,79,,52771,9,,,0,80,,52768,9,,,0,35,,52774,9,0,5,0
200,'5384',655,,52797,9,,,0,160,,52796,9,,,0,121,,52795,9,,,0,100,,52776,9,,,0,80,,52794,9,,,0,40,,52782,9,,,0,80,,52780,9,,,0,80,,52775,9,,,0,40,,52777,9,,,0,80,,52788,9,,,0,80,,52783,9,,,0,40,,52778,9,,,0,80,,52781,9,,,0,80,,52779,9,,,0,35,,52789,9,,,0,80,,52785,9,,,0,75,,52784,9,0,5,0,20,,52790,9,,,0,20,,52787,9,0,5,0,60,,52786,9,,,0,40,,52792,9,,,0,79,,52793,9,,,0,80,,52791,9,,,0,40,,52798,9,,,0,80,,52799,9,,,0
200,'5385',549,,52816,9,,,0,80,,52808,9,,,0,20,,52803,9,,,0,71,,52817,9,,,0,31,,52811,9,,,0,70,,52802,9,,,0,31,,52815,9,,,0,71,,52812,9,,,0,15,,52800,9,0,5,0,70,,52801,9,,,0,38,,52804,9,,,0,80,,52805,9,,,0,80,,52814,9,,,0,40,,52807,9,,,0,80,,52806,9,,,0,80,,52813,9,,,0,37,,52809,9,,,0,76,,52810,9,,,0,37,,52818,9,,,0,76,,52819,9,,,0,73,,52822,9,0,5,0,17,,52821,9,,,0,33,,52820,9,,,0,80,,52825,9,,,0,90,,52823,9,,,0,80,,52824,9,,,0,20,,52827,9,0,5,0,22,,52829,9,,,0,60,,52826,9,0,5,0,20,,52828,9,,,0,78,,52830,9,,,0,40,,52831,9,,,0,79,,52832,9,,,0,80,,52833,9,,,0,30,,52834,9,0,5,0
300,'4663',629,,52984,36,4,,0,75,,52983,38,4,,0,37,,52982,36,4,,0,81,,52981,38,4,,0,37,,52980,36,4,,0,75,,52979,38,4,,0,70,,52972,40,4,,0,30,,52973,38,4,,0,70,,52971,40,4,,0,30,,52970,38,4,,0,70,,52976,40,4,,0,35,,52968,38,4,,0,70,,52969,40,4,,0,30,,52975,38,4,,0,71,,52967,40,4,,0,33,,52966,38,4,,0,75,,52974,40,4,,0,35,,52965,38,4,,0,75,,52964,38,4,,0,73,,52977,38,4,,0,33,,52963,36,4,,0,74,,52962,38,4,,0,25,,52978,36,4,,0,70,,52961,38,4,,0,30,,52960,36,4,,0,25,,52958,38,4,,0,65,,52957,36,4,,0,30,,52956,38,4,,0
300,'5372',629,,36808,36,4,,0,75,,36807,38,4,,0,37,,36806,36,4,,0,81,,36805,38,4,,0,37,,36804,36,4,,0,75,,36803,38,4,,0,70,,36796,40,4,,0,30,,36797,38,4,,0,70,,36795,40,4,,0,30,,36794,38,4,,0,70,,36800,40,4,,0,35,,36792,38,4,,0,70,,36793,40,4,,0,30,,36799,38,4,,0,71,,36791,40,4,,0,33,,36790,38,4,,0,75,,36798,40,4,,0,35,,36789,38,4,,0,75,,36788,38,4,,0,73,,36801,38,4,,0,33,,36787,36,4,,0,74,,36786,38,4,,0,25,,36802,36,4,,0,70,,36785,38,4,,0,30,,36784,36,4,,0,25,,36782,38,4,,0,65,,36781,36,4,,0,30,,36780,38,4,,0
300,'5377',723,,36881,36,4,,0,85,,36869,38,4,,0,40,,36882,36,4,,0,85,,36876,38,4,,0,75,,36880,36,4,,0,40,,36867,38,4,,0,60,,36877,36,4,,0,31,,36872,38,4,,0,69,,36868,36,4,,0,30,,36873,38,4,,0,70,,36871,36,4,,0,30,,36870,38,4,,0,70,,36874,36,4,,0,37,,36875,38,4,,0,68,,36878,36,4,,0,41,,36879,38,4,,0,64,,36886,36,4,,0,33,,36883,38,4,,0,67,,36884,36,4,,0,30,,36885,38,4,,0,70,,36888,36,4,,0,30,,36887,38,4,,0,70,,36889,36,4,,0,35,,36890,38,4,,0
300,'5383',708,,53008,36,4,,0,30,,52992,38,4,,0,70,,52986,36,4,,0,30,,53000,38,4,,0,70,,52993,36,4,,0,30,,53010,38,4,,0,70,,52999,36,4,,0,31,,52985,38,4,,0,69,,53007,40,4,,0,30,,52998,38,4,,0,70,,52989,40,4,,0,30,,53011,38,4,,0,70,,53001,40,4,,0,31,,52988,38,4,,0,70,,52995,40,4,,0,34,,52987,38,4,,0,70,,52994,40,4,,0,40,,52990,38,4,,0,70,,52996,36,4,,0,36,,52991,38,4,,0,64,,52997,36,4,,0,35,,53003,38,4,,0,68,,53004,36,4,,0,32,,53002,38,4,,0,65,,53005,36,4,,0,30,,53006,38,4,,0,70,,53012,36,4,,0,30,,53009,38,4,,0
300,'5384',723,,53028,36,4,,0,85,,53016,38,4,,0,40,,53029,36,4,,0,85,,53023,38,4,,0,75,,53027,36,4,,0,40,,53014,38,4,,0,60,,53024,36,4,,0,31,,53019,38,4,,0,69,,53015,36,4,,0,30,,53020,38,4,,0,70,,53018,36,4,,0,30,,53017,38,4,,0,70,,53021,36,4,,0,37,,53022,38,4,,0,68,,53025,36,4,,0,41,,53026,38,4,,0,64,,53033,36,4,,0,33,,53030,38,4,,0,67,,53031,36,4,,0,30,,53032,38,4,,0,70,,53035,36,4,,0,30,,53034,38,4,,0,70,,53036,36,4,,0,35,,53037,38,4,,0
300,'5385',629,,53067,36,4,,0,75,,53066,38,4,,0,37,,53065,36,4,,0,81,,53064,38,4,,0,37,,53063,36,4,,0,75,,53062,38,4,,0,70,,53055,40,4,,0,30,,53056,38,4,,0,70,,53054,40,4,,0,30,,53053,38,4,,0,70,,53059,40,4,,0,35,,53051,38,4,,0,70,,53052,40,4,,0,30,,53058,38,4,,0,71,,53050,40,4,,0,33,,53049,38,4,,0,75,,53057,40,4,,0,35,,53048,38,4,,0,75,,53047,38,4,,0,73,,53060,38,4,,0,33,,53046,36,4,,0,74,,53045,38,4,,0,25,,53061,36,4,,0,70,,53044,38,4,,0,30,,53043,36,4,,0,25,,53041,38,4,,0,65,,53040,36,4,,0,30,,53039,38,4,,0
301,'4663',631,,53094,1,,,0,75,,53093,1,,,0,37,,53095,1,,,0,81,,53092,1,,,0,77,,53085,1,,,0,35,,53084,1,,,0,70,,53083,1,,,0,30,,53086,1,,,0,70,,53081,1,,,0,30,,53082,1,,,0,70,,53088,1,,,0,35,,53080,1,,,0,70,,53079,1,,,0,30,,53087,1,,,0,71,,53078,1,,,0,33,,53077,1,,,0,75,,53089,1,,,0,35,,53076,1,,,0,75,,53075,1,,,0,73,,53091,1,,,0,33,,53074,1,,,0,74,,53073,1,,,0,25,,53090,1,,,0,70,,53072,1,,,0,30,,53071,1,,,0,65,,53069,1,,,0,25,,53070,1,,,0,30,,53068,1,,,0
301,'5372',631,,36943,1,,,0,75,,36942,1,,,0,37,,36944,1,,,0,81,,36941,1,,,0,77,,36934,1,,,0,35,,36933,1,,,0,70,,36932,1,,,0,30,,36935,1,,,0,70,,36930,1,,,0,30,,36931,1,,,0,70,,36937,1,,,0,35,,36929,1,,,0,70,,36928,1,,,0,30,,36936,1,,,0,71,,36927,1,,,0,33,,36926,1,,,0,75,,36938,1,,,0,35,,36925,1,,,0,75,,36924,1,,,0,73,,36940,1,,,0,33,,36923,1,,,0,74,,36922,1,,,0,25,,36939,1,,,0,70,,36921,1,,,0,30,,36920,1,,,0,65,,36918,1,,,0,25,,36919,1,,,0,30,,36917,1,,,0
301,'5377',725,,37016,1,,,0,85,,37004,1,,,0,40,,37017,1,,,0,85,,37010,1,,,0,75,,37015,1,,,0,40,,37003,1,,,0,60,,37011,1,,,0,31,,37006,1,,,0,69,,37005,1,,,0,30,,37012,1,,,0,70,,37009,1,,,0,30,,37008,1,,,0,70,,37007,1,,,0,37,,37013,1,,,0,68,,37014,1,,,0,41,,37020,1,,,0,64,,37018,1,,,0,33,,37019,1,,,0,67,,37024,1,,,0,30,,37022,1,,,0,70,,37021,1,,,0,30,,37023,1,,,0,70,,37025,1,,,0,35,,37026,1,,,0
301,'5383',710,,53118,1,,,0,30,,53104,1,,,0,70,,53097,1,,,0,30,,53110,1,,,0,70,,53105,1,,,0,30,,53121,1,,,0,70,,53109,1,,,0,31,,53098,1,,,0,69,,53120,1,,,0,30,,53112,1,,,0,70,,53100,1,,,0,30,,53122,1,,,0,70,,53111,1,,,0,31,,53099,1,,,0,70,,53106,1,,,0,34,,53103,1,,,0,70,,53101,1,,,0,40,,53102,1,,,0,70,,53107,1,,,0,76,,53113,1,,,0,24,,53108,1,,,0,75,,53115,1,,,0,28,,53114,1,,,0,72,,53116,1,,,0,25,,53117,1,,,0,30,,53123,1,,,0,70,,53119,1,,,0,30,,53124,1,,,0
301,'5384',725,,53138,1,,,0,85,,53126,1,,,0,40,,53139,1,,,0,85,,53132,1,,,0,75,,53137,1,,,0,40,,53125,1,,,0,60,,53133,1,,,0,31,,53128,1,,,0,69,,53127,1,,,0,30,,53134,1,,,0,70,,53131,1,,,0,30,,53130,1,,,0,70,,53129,1,,,0,37,,53135,1,,,0,68,,53136,1,,,0,41,,53142,1,,,0,64,,53140,1,,,0,33,,53141,1,,,0,67,,53146,1,,,0,30,,53144,1,,,0,70,,53143,1,,,0,30,,53145,1,,,0,70,,53147,1,,,0,35,,53148,1,,,0
301,'5385',631,,53175,1,,,0,75,,53174,1,,,0,37,,53176,1,,,0,81,,53173,1,,,0,77,,53166,1,,,0,35,,53165,1,,,0,70,,53164,1,,,0,30,,53167,1,,,0,70,,53162,1,,,0,30,,53163,1,,,0,70,,53169,1,,,0,35,,53161,1,,,0,70,,53160,1,,,0,30,,53168,1,,,0,71,,53159,1,,,0,33,,53158,1,,,0,75,,53170,1,,,0,35,,53157,1,,,0,75,,53156,1,,,0,73,,53172,1,,,0,33,,53155,1,,,0,74,,53154,1,,,0,25,,53171,1,,,0,70,,53153,1,,,0,30,,53152,1,,,0,65,,53150,1,,,0,25,,53151,1,,,0,30,,53149,1,,,0
500,'4663',609,,53704,9,,,0,95,,53697,9,,,0,32,,53699,9,,,0,70,,53696,9,,,0,31,,53698,9,,,0,70,,53701,9,,,0,46,,53700,9,,,0,73,,53709,9,,,0,80,,53706,9,,,0,40,,53702,9,,,0,80,,53703,9,,,0,80,,53705,9,,,0,40,,53710,9,,,0,80,,53707,9,,,0,75,,53708,9,,,0,36,,53712,9,,,0,77,,53711,9,,,0,34,,53713,9,,,0,91,,53714,9,,,0,76,,53715,9,,,0,85,,53717,9,,,0,45,,53716,9,,,0
500,'5372',609,,37668,9,,,0,95,,37661,9,,,0,32,,37663,9,,,0,70,,37660,9,,,0,31,,37662,9,,,0,70,,37665,9,,,0,46,,37664,9,,,0,73,,37673,9,,,0,80,,37670,9,,,0,40,,37666,9,,,0,80,,37667,9,,,0,80,,37669,9,,,0,40,,37674,9,,,0,80,,37671,9,,,0,75,,37672,9,,,0,36,,37676,9,,,0,77,,37675,9,,,0,34,,37677,9,,,0,91,,37678,9,,,0,76,,37679,9,,,0,85,,37681,9,,,0,45,,37680,9,,,0
500,'5377',735,,37736,9,,,0,120,,37735,9,,,0,161,,37734,9,,,0,40,,37729,9,,,0,80,,37723,9,,,0,80,,37724,9,,,0,40,,37737,9,,,0,80,,37730,9,,,0,80,,37727,9,,,0,40,,37725,9,,,0,80,,37726,9,,,0,80,,37738,9,,,0,40,,37731,9,,,0,75,,37728,9,,,0,80,,37732,9,,,0,40,,37733,9,,,0
500,'5383',635,,53729,9,,,0,116,,53725,9,,,0,100,,53728,9,,,0,80,,53719,9,,,0,85,,53726,9,,,0,40,,53720,9,,,0,80,,53735,9,,,0,80,,53727,9,,,0,40,,53718,9,,,0,81,,53724,9,,,0,80,,53721,9,,,0,40,,53731,9,,,0,80,,53722,9,,,0,80,,53723,9,,,0,39,,53732,9,,,0,75,,53733,9,,,0,80,,53734,9,,,0,40,,53730,9,,,0,90,,53736,9,,,0
500,'5384',735,,53750,9,,,0,120,,53749,9,,,0,161,,53748,9,,,0,40,,53743,9,,,0,80,,53737,9,,,0,80,,53738,9,,,0,40,,53751,9,,,0,80,,53744,9,,,0,80,,53741,9,,,0,40,,53739,9,,,0,80,,53740,9,,,0,80,,53752,9,,,0,40,,53745,9,,,0,75,,53742,9,,,0,80,,53746,9,,,0,40,,53747,9,,,0
500,'5385',609,,53761,9,,,0,95,,53754,9,,,0,32,,53756,9,,,0,70,,53753,9,,,0,31,,53755,9,,,0,70,,53758,9,,,0,46,,53757,9,,,0,73,,53766,9,,,0,80,,53763,9,,,0,40,,53759,9,,,0,80,,53760,9,,,0,80,,53762,9,,,0,40,,53767,9,,,0,80,,53764,9,,,0,75,,53765,9,,,0,36,,53769,9,,,0,77,,53768,9,,,0,34,,53770,9,,,0,91,,53771,9,,,0,76,,53772,9,,,0,85,,53774,9,,,0,45,,53773,9,,,0
