500,'4487',655,,16034,,,0,156,,16031,,,0,103,,16035,,,0,42,,16025,,,0,86,,16032,,,0,80,,16026,,,0,81,,16041,,,0,40,,16033,,,0,81,,16024,,,0,81,,16030,,,0,40,,16027,,,0,81,,16037,,,0,80,,16028,,,0,39,,16029,,,0,79,,16038,,,0,35,,16039,,,0,78,,16040,,,0,80,,16036,,,0,89,,16042,,,0
500,'4743',655,,11052,,,0,156,,11049,,,0,103,,11053,,,0,42,,11043,,,0,86,,11050,,,0,80,,11044,,,0,81,,11059,,,0,40,,11051,,,0,81,,11042,,,0,81,,11048,,,0,40,,11045,,,0,81,,11055,,,0,80,,11046,,,0,39,,11047,,,0,79,,11056,,,0,35,,11057,,,0,78,,11058,,,0,80,,11054,,,0,89,,11060,,,0
500,'4744',634,,16051,,,0,94,,16044,,,0,73,,16046,,,0,33,,16043,,,0,70,,16045,,,0,28,,16048,,,0,87,,16047,,,0,34,,16056,,,0,80,,16053,,,0,81,,16049,,,0,41,,16050,,,0,83,,16052,,,0,78,,16057,,,0,39,,16054,,,0,78,,16055,,,0,76,,16059,,,0,37,,16058,,,0,74,,16060,,,0,86,,16061,,,0,36,,16062,,,0,83,,16064,,,0,85,,16063,,,0
500,'4745',757,,16078,,,0,161,,16077,,,0,123,,16076,,,0,81,,16071,,,0,80,,16065,,,0,41,,16066,,,0,80,,16079,,,0,81,,16072,,,0,41,,16069,,,0,80,,16067,,,0,80,,16068,,,0,40,,16080,,,0,78,,16073,,,0,35,,16070,,,0,78,,16074,,,0,79,,16075,,,0
500,'4935',634,,1038,,,0,94,,1031,,,0,73,,1033,,,0,33,,1030,,,0,70,,1032,,,0,28,,1035,,,0,87,,1034,,,0,34,,1043,,,0,80,,1040,,,0,81,,1036,,,0,41,,1037,,,0,83,,1039,,,0,78,,1044,,,0,39,,1041,,,0,78,,1042,,,0,76,,11061,,,0,37,,1045,,,0,74,,1047,,,0,86,,1048,,,0,36,,1049,,,0,83,,11062,,,0,85,,1050,,,0
500,'4941',634,,1060,,,0,94,,1053,,,0,73,,1055,,,0,33,,1052,,,0,70,,1054,,,0,28,,1057,,,0,87,,1056,,,0,34,,1065,,,0,80,,1062,,,0,81,,1058,,,0,41,,1059,,,0,83,,1061,,,0,78,,1066,,,0,39,,1063,,,0,78,,1064,,,0,76,,11063,,,0,37,,1067,,,0,74,,1069,,,0,86,,1070,,,0,36,,1071,,,0,83,,11064,,,0,85,,1072,,,0
500,'4943',655,,1084,,,0,156,,1081,,,0,103,,1085,,,0,42,,11065,,,0,86,,1082,,,0,80,,11066,,,0,81,,11071,,,0,40,,1083,,,0,81,,1074,,,0,81,,1080,,,0,40,,11067,,,0,81,,11068,,,0,80,,1078,,,0,39,,1079,,,0,79,,1088,,,0,35,,11069,,,0,78,,11070,,,0,80,,1086,,,0,89,,11072,,,0
500,'4945',757,,1106,,,0,161,,1105,,,0,123,,1104,,,0,81,,1099,,,0,80,,1093,,,0,41,,1094,,,0,80,,1107,,,0,81,,1100,,,0,41,,1097,,,0,80,,1095,,,0,80,,1096,,,0,40,,1108,,,0,78,,1101,,,0,35,,1098,,,0,78,,1102,,,0,79,,1103,,,0
500,'4947',634,,16089,,,0,94,,16082,,,0,73,,16084,,,0,33,,16081,,,0,70,,16083,,,0,28,,16086,,,0,87,,16085,,,0,34,,16094,,,0,80,,16091,,,0,81,,16087,,,0,41,,16088,,,0,83,,16090,,,0,78,,16095,,,0,39,,16092,,,0,78,,16093,,,0,76,,16097,,,0,37,,16096,,,0,74,,16098,,,0,86,,16099,,,0,36,,16100,,,0,83,,16102,,,0,85,,16101,,,0
500,'4952',634,,16111,,,0,94,,16104,,,0,73,,16106,,,0,33,,16103,,,0,70,,16105,,,0,28,,16108,,,0,87,,16107,,,0,34,,16116,,,0,80,,16113,,,0,81,,16109,,,0,41,,16110,,,0,83,,16112,,,0,78,,16117,,,0,39,,16114,,,0,78,,16115,,,0,76,,16119,,,0,37,,16118,,,0,74,,16120,,,0,86,,16121,,,0,36,,16122,,,0,83,,16124,,,0,85,,16123,,,0
500,'4953',655,,16135,,,0,156,,16132,,,0,103,,16136,,,0,42,,16126,,,0,86,,16133,,,0,80,,16127,,,0,81,,16142,,,0,40,,16134,,,0,81,,16125,,,0,81,,16131,,,0,40,,16128,,,0,81,,16138,,,0,80,,16129,,,0,39,,16130,,,0,79,,16139,,,0,35,,16140,,,0,78,,16141,,,0,80,,16137,,,0,89,,16143,,,0
500,'4954',757,,16157,,,0,161,,16156,,,0,123,,16155,,,0,81,,16150,,,0,80,,16144,,,0,41,,16145,,,0,80,,16158,,,0,81,,16151,,,0,41,,16148,,,0,80,,16146,,,0,80,,16147,,,0,40,,16159,,,0,78,,16152,,,0,35,,16149,,,0,78,,16153,,,0,79,,16154,,,0
