7000,'4332',450,,61098,1,,,0,95,,61097,1,,,0,99,,61099,1,,,0,82,,61078,1,,,0,14,,61079,1,,,0,99,,61080,1,,,0,86,,61081,1,,,0,13,,61077,1,,,0,96,,61082,1,,,0,84,,61083,1,,,0,16,,61084,1,,,0,99,,61085,1,,,0,83,,61086,1,,,0,15,,61087,1,,,0,102,,61088,1,,,0,82,,61089,1,,,0,16,,61090,1,,,0,102,,61091,1,,,0,84,,61092,1,,,0,17,,61093,1,,,0,105,,61096,1,,,0,101,,61094,1,,,0,215,,61095,1,,,0
7000,'4661',454,,61136,1,,,0,88,,61126,1,,,0,92,,61124,1,,,0,101,,61127,1,,,0,101,,61122,1,,,0,83,,61137,1,,,0,115,,61135,1,,,0,81,,61138,1,,,0,16,,61133,1,,,0,100,,61123,1,,,0,80,,61139,1,,,0,18,,61129,1,,,0,100,,61131,1,,,0,79,,61140,1,,,0,18,,61125,1,,,0,103,,61128,1,,,0,89,,61141,1,,,0,19,,61130,1,,,0,99,,61142,1,,,0,103,,61132,1,,,0,211,,61134,1,,,0
7000,'4663',454,,61069,1,,,0,88,,61059,1,,,0,92,,61056,1,,,0,101,,61060,1,,,0,101,,61054,1,,,0,83,,61070,1,,,0,16,,61057,1,,,0,99,,61068,1,,,0,81,,61071,1,,,0,16,,61066,1,,,0,100,,61055,1,,,0,80,,61072,1,,,0,18,,61062,1,,,0,100,,61064,1,,,0,79,,61073,1,,,0,18,,61058,1,,,0,103,,61061,1,,,0,89,,61074,1,,,0,19,,61063,1,,,0,99,,61075,1,,,0,103,,61065,1,,,0,211,,61067,1,,,0
7000,'4675',935,,61076,1,,,0
7000,'4771',935,,61143,1,,,0
7000,'5078',547,,61106,1,,,0,98,,61120,1,,,0,97,,61100,1,,,0,98,,61119,1,,,0,83,,61101,1,,,0,15,,61102,1,,,0,99,,61103,1,,,0,83,,61104,1,,,0,15,,61105,1,,,0,99,,61107,1,,,0,83,,61108,1,,,0,16,,61109,1,,,0,100,,61110,1,,,0,85,,61111,1,,,0,16,,61112,1,,,0,101,,61113,1,,,0,85,,61114,1,,,0,18,,61115,1,,,0,101,,61116,1,,,0,103,,61117,1,,,0,101,,61121,1,,,0,112,,61118,1,,,0
7100,'4661',1504,,61214,1,,,0,104,,61215,1,,,0,106,,61216,1,,,0
7100,'4663',1504,,61211,1,,,0,104,,61212,1,,,0,106,,61213,1,,,0
7200,'4332',533,,61260,1,,,0,96,,61261,1,,,0,73,,61262,1,,,0,27,,61263,1,,,0,29,,61264,1,,,0,70,,61265,1,,,0,30,,61266,1,,,0,70,,61267,1,,,0,30,,61268,1,,,0,65,,61269,1,,,0,29,,61270,1,,,0,69,,61271,1,,,0,29,,61272,1,,,0,70,,61273,1,,,0,29,,61274,1,,,0,70,,61275,1,,,0,30,,61276,1,,,0,69,,61277,1,,,0,30,,61278,1,,,0,70,,61279,1,,,0,30,,61280,1,,,0,69,,61281,1,,,0,32,,61282,1,,,0,71,,61283,1,,,0,30,,61284,1,,,0,72,,61285,1,,,0,31,,61286,1,,,0,72,,61287,1,,,0,31,,61288,1,,,0,71,,61289,1,,,0,99,,61290,1,,,0,102,,61291,1,,,0,121,,61292,1,0,10 11 12,0
7200,'4661',522,,61341,1,,,0,28,,61335,1,,,0,103,,61340,1,,,0,66,,61347,1,,,0,31,,61328,1,,,0,72,,61342,1,,,0,30,,61336,1,,,0,70,,61323,1,,,0,31,,61343,1,,,0,69,,61332,1,,,0,30,,61327,1,,,0,66,,61321,1,,,0,30,,61322,1,,,0,98,,61320,1,,,0,68,,61348,1,,,0,30,,61324,1,,,0,69,,61329,1,,,0,28,,61326,1,,,0,70,,61325,1,,,0,99,,61330,1,,,0,32,,61349,1,,,0,79,,61337,1,,,0,29,,61331,1,,,0,71,,61334,1,,,0,30,,61333,1,,,0,71,,61339,1,,,0,35,,61345,1,,,0,71,,61338,1,,,0,99,,61344,1,,,0,101,,61346,1,,,0,121,,61350,1,0,10 11 12,0
7200,'4663',522,,61247,1,,,0,28,,61241,1,,,0,75,,61230,1,,,0,28,,61246,1,,,0,66,,61253,1,,,0,31,,61234,1,,,0,72,,61248,1,,,0,30,,61242,1,,,0,70,,61226,1,,,0,31,,61249,1,,,0,69,,61238,1,,,0,30,,61232,1,,,0,66,,61224,1,,,0,30,,61225,1,,,0,68,,61231,1,,,0,30,,61223,1,,,0,68,,61254,1,,,0,30,,61227,1,,,0,69,,61235,1,,,0,28,,61229,1,,,0,70,,61228,1,,,0,28,,61233,1,,,0,71,,61236,1,,,0,32,,61255,1,,,0,79,,61243,1,,,0,29,,61237,1,,,0,71,,61240,1,,,0,30,,61239,1,,,0,71,,61245,1,,,0,35,,61251,1,,,0,71,,61244,1,,,0,99,,61250,1,,,0,101,,61252,1,,,0,121,,61256,1,0,10 11 12,0
7200,'4675',625,,61257,1,,,0,591,,61258,1,,,0,323,,61259,1,,,0
7200,'4771',625,,61351,1,,,0,591,,61352,1,,,0,323,,61353,1,,,0
7200,'5078',630,,61293,1,,,0,99,,61294,1,,,0,100,,61297,1,,,0,98,,61295,1,,,0,97,,61296,1,,,0,30,,61298,1,,,0,69,,61299,1,,,0,29,,61300,1,,,0,69,,61301,1,,,0,30,,61302,1,,,0,70,,61303,1,,,0,30,,61304,1,,,0,70,,61305,1,,,0,29,,61306,1,,,0,70,,61307,1,,,0,29,,61308,1,,,0,70,,61309,1,,,0,33,,61310,1,,,0,71,,61311,1,,,0,32,,61312,1,,,0,70,,61313,1,,,0,30,,61314,1,,,0,73,,61315,1,,,0,99,,61316,1,,,0,102,,61317,1,,,0,103,,61318,1,,,0,77,,61319,1,0,10 11 12,0
