801,'4661',648,,38812,18,,,0,76,,38813,18,,,0,24,,38814,18,,,0,66,,38815,18,,,0,35,,38816,18,,,0,85,,38811,18,,,0,84,,38817,18,,,0,32,,38833,18,,,0,82,,38818,18,,,0,85,,38819,18,,,0,39,,38820,18,,,0,85,,38821,18,,,0,87,,38822,18,,,0,28,,38823,18,0,8 9,0,56,,38824,18,,,0,32,,38834,18,,,0,74,,38825,18,,,0,36,,38826,18,,,0,84,,38827,18,,,0,70,,38835,18,,,0,32,,38828,18,,,0,74,,38829,18,,,0,87,,38830,18,,,0,57,,38831,18,,,0,84,,38832,18,,,0
801,'4663',648,,38837,18,,,0,76,,38838,18,,,0,24,,38839,18,,,0,66,,38840,18,,,0,35,,38841,18,,,0,85,,38836,18,,,0,84,,38842,18,,,0,32,,38858,18,,,0,82,,38843,18,,,0,85,,38844,18,,,0,39,,38845,18,,,0,85,,38846,18,,,0,87,,38847,18,,,0,28,,38848,18,0,8 9,0,56,,38849,18,,,0,32,,38859,18,,,0,74,,38850,18,,,0,36,,38851,18,,,0,84,,38852,18,,,0,70,,38860,18,,,0,32,,38853,18,,,0,74,,38854,18,,,0,87,,38855,18,,,0,57,,38856,18,,,0,84,,38857,18,,,0
801,'4741',940,,21781,18,0,8 9,0,86,,21782,18,0,8 9,0,90,,21783,18,0,8 9,0,88,,21784,18,0,8 9,0,50,,21780,18,0,8 9,0,92,,21785,18,0,8 9,0,91,,21786,18,0,8 9,0,92,,21787,18,0,8 9,0,90,,21788,18,0,8 9,0,91,,21789,18,0,8 9,0,46,,21790,18,0,8 9,0
801,'5041',724,,38862,18,0,8 9,0,85,,38863,18,0,8 9,0,45,,38864,18,0,8 9,0,87,,38865,18,0,8 9,0,85,,38866,18,0,8 9,0,91,,38867,18,0,8 9,0,88,,38868,18,0,8 9,0,51,,38869,18,0,8 9,0,92,,38861,18,0,8 9,0,90,,38870,18,0,8 9,0,92,,38871,18,0,8 9,0,90,,38872,18,0,8 9,0,91,,38873,18,0,8 9,0,46,,38874,18,0,8 9,0,84,,38875,18,0,8 9,0
801,'5078',940,,38877,18,0,8 9,0,86,,38878,18,0,8 9,0,90,,38879,18,0,8 9,0,88,,38880,18,0,8 9,0,50,,38876,18,0,8 9,0,92,,38881,18,0,8 9,0,91,,38882,18,0,8 9,0,92,,38883,18,0,8 9,0,90,,38884,18,0,8 9,0,91,,38885,18,0,8 9,0,46,,38886,18,0,8 9,0
801,'5079',940,,38888,18,0,8 9,0,86,,38889,18,0,8 9,0,90,,38890,18,0,8 9,0,88,,38891,18,0,8 9,0,50,,38887,18,0,8 9,0,92,,38892,18,0,8 9,0,91,,38893,18,0,8 9,0,92,,38894,18,0,8 9,0,90,,38895,18,0,8 9,0,91,,38896,18,0,8 9,0,46,,38897,18,0,8 9,0
1400,'4661',617,,39603,44,,,0,20,,39611,44,,,0,18,,39622,44,,,0,57,,39604,44,,,0,15,,39632,44,,,0,14,,39612,44,,,0,14,,39651,44,,,0,53,,39614,44,,,0,14,,39605,44,,,0,15,,39623,44,,,0,13,,39608,44,,,0,54,,39640,44,,,0,14,,39615,44,,,0,12,,39606,44,,,0,14,,39624,44,,,0,13,,39609,44,,,0,54,,39652,44,,,0,15,,39616,44,,,0,15,,39610,44,,,0,15,,39625,44,,,0,55,,39607,44,,,0,15,,39639,44,,,0,15,,39613,44,,,0,16,,39620,44,,,0,55,,39619,44,,,0,15,,39655,44,,,0,15,,39621,44,,,0,15,,39669,44,,,0,56,,39618,44,,,0,15,,39630,44,,,0,15,,39617,44,,,0,15,,39631,44,,,0,55,,39629,44,,,0,15,,39626,44,,,0,15,,39653,44,,,0,15,,39654,44,,,0,56,,39628,44,,,0,16,,39627,44,,,0,15,,39641,44,,,0,55,,39638,44,,,0,15,,39636,44,,,0,15,,39637,44,,,0,15,,39635,44,,,0,55,,39671,44,,,0,15,,39633,44,,,0,13,,39642,44,,,0,14,,39634,44,,,0,15,,39665,44,,,0,55,,39648,44,,,0,15,,39643,44,,,0,15,,39645,44,,,0,15,,39644,44,,,0,55,,39646,44,,,0,14,,39647,44,,,0,31,,39649,44,,,0,59,,39650,44,,,0,19,,39660,44,,,0,20,,39659,44,,,0,60,,39656,44,,,0,20,,39661,44,,,0,20,,39657,44,,,0,59,,39658,44,,,0,20,,39662,44,,,0,70,,39666,44,,,0,30,,39664,44,,,0,70,,39667,44,,,0,30,,39668,44,,,0
1400,'4663',617,,39672,44,,,0,20,,39680,44,,,0,18,,39691,44,,,0,57,,39673,44,,,0,15,,39701,44,,,0,14,,39681,44,,,0,14,,39721,44,,,0,53,,39683,44,,,0,14,,39674,44,,,0,15,,39692,44,,,0,13,,39677,44,,,0,54,,39709,44,,,0,14,,39684,44,,,0,12,,39675,44,,,0,14,,39693,44,,,0,13,,39678,44,,,0,54,,39722,44,,,0,15,,39685,44,,,0,15,,39679,44,,,0,15,,39694,44,,,0,55,,39676,44,,,0,15,,39708,44,,,0,15,,39682,44,,,0,16,,39689,44,,,0,55,,39688,44,,,0,15,,39725,44,,,0,15,,39690,44,,,0,15,,39739,44,,,0,56,,39687,44,,,0,15,,39699,44,,,0,15,,39686,44,,,0,15,,39700,44,,,0,55,,39698,44,,,0,15,,39695,44,,,0,15,,39723,44,,,0,15,,39724,44,,,0,56,,39697,44,,,0,16,,39696,44,,,0,15,,39710,44,,,0,55,,39707,44,,,0,15,,39705,44,,,0,15,,39706,44,,,0,15,,39704,44,,,0,55,,39745,44,,,0,15,,39702,44,,,0,13,,39712,44,,,0,14,,39703,44,,,0,15,,39735,44,,,0,55,,39718,44,,,0,15,,39713,44,,,0,15,,39715,44,,,0,15,,39714,44,,,0,55,,39716,44,,,0,14,,39717,44,,,0,15,,39711,44,,,0,16,,39719,44,,,0,59,,39720,44,,,0,19,,39730,44,,,0,20,,39729,44,,,0,60,,39726,44,,,0,20,,39731,44,,,0,20,,39727,44,,,0,59,,39728,44,,,0,20,,39732,44,,,0,70,,39736,44,,,0,30,,39734,44,,,0,70,,39737,44,,,0,30,,39738,44,,,0,70,,39741,44,,,0,30,,39743,44,,,0,70,,39740,44,,,0,30,,39742,44,,,0
1400,'4682',1941,,39746,44,,,0
1400,'4741',648,,23377,44,,,0,70,,23365,44,,,0,30,,23387,44,,,0,64,,23372,44,,,0,20,,23343,44,,,0,15,,23390,44,,,0,55,,23371,44,,,0,15,,23356,44,,,0,15,,23363,44,,,0,16,,23384,44,,,0,55,,23347,44,,,0,15,,23375,44,,,0,15,,23344,44,,,0,15,,23374,44,,,0,55,,23348,44,,,0,15,,23357,44,,,0,16,,23364,44,,,0,15,,23386,44,,,0,55,,23346,44,,,0,16,,23376,44,,,0,15,,23349,44,,,0,16,,23373,44,,,0,55,,23345,44,,,0,15,,23354,44,,,0,14,,23334,44,,,0,15,,23361,44,,,0,55,,23383,44,,,0,15,,23336,44,,,0,15,,23370,44,,,0,15,,23340,44,,,0,55,,23367,44,,,0,15,,23341,44,,,0,15,,23352,44,,,0,15,,23333,44,,,0,55,,23360,44,,,0,15,,23382,44,,,0,15,,23339,44,,,0,15,,23368,44,,,0,55,,23337,44,,,0,15,,23369,44,,,0,15,,23338,44,,,0,15,,23355,44,,,0,55,,23335,44,,,0,14,,23362,44,,,0,15,,23385,44,,,0,15,,23342,44,,,0,54,,23379,44,,,0,18,,23381,44,,,0,20,,23351,44,,,0,60,,23353,44,,,0,20,,23366,44,,,0,21,,23389,44,,,0,69,,23378,44,,,0,29,,23350,44,,,0,70,,23358,44,,,0,30,,23388,44,,,0,68,,23380,44,,,0,29,,23359,44,,,0
1400,'5041',656,,39771,44,,,0,61,,39772,44,,,0,19,,39755,44,,,0,18,,39770,44,,,0,56,,39749,44,,,0,15,,39754,44,,,0,15,,39753,44,,,0,15,,39769,44,,,0,55,,39767,44,,,0,15,,39752,44,,,0,16,,39748,44,,,0,15,,39768,44,,,0,55,,39747,44,,,0,16,,39757,44,,,0,15,,39759,44,,,0,15,,39773,44,,,0,56,,39775,44,,,0,15,,39760,44,,,0,16,,39751,44,,,0,56,,39774,44,,,0,16,,39750,44,,,0,16,,39756,44,,,0,15,,39763,44,,,0,55,,39776,44,,,0,15,,39761,44,,,0,15,,39777,44,,,0,15,,39762,44,,,0,55,,39764,44,,,0,15,,39778,44,,,0,16,,39766,44,,,0,15,,39758,44,,,0,56,,39765,44,,,0,15,,39789,44,,,0,15,,39787,44,,,0,15,,39790,44,,,0,55,,39784,44,,,0,15,,39783,44,,,0,14,,39780,44,,,0,15,,39791,44,,,0,54,,39785,44,,,0,15,,39786,44,,,0,15,,39793,44,,,0,15,,39788,44,,,0,55,,39781,44,,,0,15,,39782,44,,,0,14,,39792,44,,,0,14,,39779,44,,,0,14,,39797,44,,,0,55,,39794,44,,,0,15,,39795,44,,,0,15,,39796,44,,,0,56,,39798,44,,,0,20,,39800,44,,,0,20,,39801,44,,,0,60,,39802,44,,,0,20,,39803,44,,,0,19,,39799,44,,,0,20,,39807,44,,,0,60,,39806,44,,,0,21,,39805,44,,,0,66,,39804,44,,,0,30,,39808,44,,,0,70,,39809,44,,,0,30,,39810,44,,,0,70,,39811,44,,,0,29,,39812,44,,,0,68,,39813,44,,,0,30,,39814,44,,,0
1400,'5075',1941,,39815,44,,,0
1400,'5078',648,,39860,44,,,0,70,,39848,44,,,0,30,,39870,44,,,0,64,,39855,44,,,0,20,,39826,44,,,0,15,,39873,44,,,0,55,,39854,44,,,0,15,,39839,44,,,0,15,,39846,44,,,0,16,,39867,44,,,0,55,,39830,44,,,0,15,,39858,44,,,0,15,,39827,44,,,0,15,,39857,44,,,0,55,,39831,44,,,0,15,,39840,44,,,0,16,,39847,44,,,0,15,,39869,44,,,0,55,,39829,44,,,0,16,,39859,44,,,0,15,,39832,44,,,0,16,,39856,44,,,0,55,,39828,44,,,0,15,,39837,44,,,0,14,,39817,44,,,0,15,,39844,44,,,0,55,,39866,44,,,0,15,,39819,44,,,0,15,,39853,44,,,0,15,,39823,44,,,0,55,,39850,44,,,0,15,,39824,44,,,0,15,,39835,44,,,0,15,,39816,44,,,0,55,,39843,44,,,0,15,,39865,44,,,0,15,,39822,44,,,0,15,,39851,44,,,0,55,,39820,44,,,0,15,,39852,44,,,0,15,,39821,44,,,0,15,,39838,44,,,0,55,,39818,44,,,0,14,,39845,44,,,0,15,,39868,44,,,0,15,,39825,44,,,0,54,,39862,44,,,0,18,,39864,44,,,0,20,,39834,44,,,0,60,,39836,44,,,0,20,,39849,44,,,0,21,,39872,44,,,0,69,,39861,44,,,0,29,,39833,44,,,0,70,,39841,44,,,0,30,,39871,44,,,0,68,,39863,44,,,0,29,,39842,44,,,0
1400,'5079',648,,39918,44,,,0,70,,39906,44,,,0,30,,39928,44,,,0,64,,39913,44,,,0,20,,39884,44,,,0,15,,39931,44,,,0,55,,39912,44,,,0,15,,39897,44,,,0,15,,39904,44,,,0,16,,39925,44,,,0,55,,39888,44,,,0,15,,39916,44,,,0,15,,39885,44,,,0,15,,39915,44,,,0,55,,39889,44,,,0,15,,39898,44,,,0,16,,39905,44,,,0,15,,39927,44,,,0,55,,39887,44,,,0,16,,39917,44,,,0,15,,39890,44,,,0,16,,39914,44,,,0,55,,39886,44,,,0,15,,39895,44,,,0,14,,39875,44,,,0,15,,39902,44,,,0,55,,39924,44,,,0,15,,39877,44,,,0,15,,39911,44,,,0,15,,39881,44,,,0,55,,39908,44,,,0,15,,39882,44,,,0,15,,39893,44,,,0,15,,39874,44,,,0,55,,39901,44,,,0,15,,39923,44,,,0,15,,39880,44,,,0,15,,39909,44,,,0,55,,39878,44,,,0,15,,39910,44,,,0,15,,39879,44,,,0,15,,39896,44,,,0,55,,39876,44,,,0,14,,39903,44,,,0,15,,39926,44,,,0,15,,39883,44,,,0,54,,39920,44,,,0,18,,39922,44,,,0,20,,39892,44,,,0,60,,39894,44,,,0,20,,39907,44,,,0,21,,39930,44,,,0,69,,39919,44,,,0,29,,39891,44,,,0,70,,39899,44,,,0,30,,39929,44,,,0,68,,39921,44,,,0,29,,39900,44,,,0
