800,'4663',620,,54576,1,,,0,85,,54577,1,,,0,29,,54578,1,,,0,18,,54579,1,,,0,60,,54580,1,,,0,92,,54581,1,,,0,35,,54582,1,,,0,83,,54575,1,,,0,83,,54583,1,,,0,34,,54598,1,,,0,83,,54584,1,,,0,86,,54585,1,,,0,41,,54586,1,,,0,86,,54587,1,0,16,0,13,,54588,1,,,0,81,,54589,1,,,0,84,,54590,1,,,0,35,,54599,1,,,0,75,,54591,1,,,0,34,,54592,1,,,0,73,,54593,1,,,0,71,,54600,1,,,0,55,,54594,1,,,0,84,,54595,1,,,0,97,,54596,1,,,0,83,,54597,1,,,0
800,'5372',620,,49022,1,,,0,85,,38724,1,,,0,29,,38725,1,,,0,18,,38726,1,,,0,60,,49023,1,,,0,92,,38728,1,,,0,35,,38729,1,,,0,83,,49021,1,,,0,83,,38730,1,,,0,34,,38745,1,,,0,83,,49024,1,,,0,86,,38732,1,,,0,41,,38733,1,,,0,86,,49025,1,0,16,0,13,,38735,1,,,0,81,,38736,1,,,0,84,,38737,1,,,0,35,,38746,1,,,0,75,,38738,1,,,0,34,,38739,1,,,0,73,,38740,1,,,0,71,,38747,1,,,0,55,,38741,1,,,0,84,,38742,1,,,0,97,,38743,1,,,0,83,,38744,1,,,0
800,'5385',620,,54628,1,,,0,85,,54629,1,,,0,29,,54630,1,,,0,18,,54631,1,,,0,60,,54632,1,,,0,92,,54633,1,,,0,35,,54634,1,,,0,83,,54627,1,,,0,83,,54635,1,,,0,34,,54650,1,,,0,83,,54636,1,,,0,86,,54637,1,,,0,41,,54638,1,,,0,86,,54639,1,0,16,0,13,,54640,1,,,0,81,,54641,1,,,0,84,,54642,1,,,0,35,,54651,1,,,0,75,,54643,1,,,0,34,,54644,1,,,0,73,,54645,1,,,0,71,,54652,1,,,0,55,,54646,1,,,0,84,,54647,1,,,0,97,,54648,1,,,0,83,,54649,1,,,0
3900,'4663',636,,59254,1,,,0,76,,59255,1,,,0,31,,59261,1,,,0,13,,59257,1,,,0,54,,59256,1,,,0,31,,59259,1,,,0,78,,59260,1,,,0,26,,59264,1,,,0,70,,59262,1,,,0,29,,59263,1,,,0,70,,59265,1,,,0,31,,59266,1,,,0,71,,59268,1,,,0,30,,59267,1,,,0,71,,59269,1,,,0,30,,59270,1,,,0,73,,59272,1,,,0,31,,59271,1,,,0,76,,59273,1,,,0,32,,59275,1,,,0,71,,59274,1,,,0,70,,59276,1,,,0,30,,59277,1,,,0,73,,59278,1,,,0,39,,59282,1,,,0,77,,59279,1,,,0,83,,59280,1,,,0,107,,59281,1,,,0
3900,'5372',636,,50258,1,,,0,76,,44254,1,,,0,31,,44260,1,,,0,13,,44256,1,,,0,54,,44255,1,,,0,31,,44258,1,,,0,78,,44259,1,,,0,26,,44263,1,,,0,70,,44261,1,,,0,29,,44262,1,,,0,70,,44264,1,,,0,31,,44265,1,,,0,71,,44267,1,,,0,30,,44266,1,,,0,71,,44268,1,,,0,30,,44269,1,,,0,73,,50259,1,,,0,31,,44270,1,,,0,76,,44272,1,,,0,32,,44274,1,,,0,71,,44273,1,,,0,70,,44275,1,,,0,30,,44276,1,,,0,73,,44277,1,,,0,39,,44281,1,,,0,77,,44278,1,,,0,83,,44279,1,,,0,107,,44280,1,,,0
3900,'5385',636,,59308,1,,,0,76,,59309,1,,,0,31,,59315,1,,,0,13,,59311,1,,,0,54,,59310,1,,,0,31,,59313,1,,,0,78,,59314,1,,,0,26,,59318,1,,,0,70,,59316,1,,,0,29,,59317,1,,,0,70,,59319,1,,,0,31,,59320,1,,,0,71,,59322,1,,,0,30,,59321,1,,,0,71,,59323,1,,,0,30,,59324,1,,,0,73,,59326,1,,,0,31,,59325,1,,,0,76,,59327,1,,,0,32,,59329,1,,,0,71,,59328,1,,,0,70,,59330,1,,,0,30,,59331,1,,,0,73,,59332,1,,,0,39,,59336,1,,,0,77,,59333,1,,,0,83,,59334,1,,,0,107,,59335,1,,,0
8301,'4663',739,,61891,57,,,0,93,,61892,57,,,0,208,,61893,57,,,0,181,,61894,57,,,0,195,,61895,57,,,0,213,,61896,57,,,0,210,,61897,57,,,0,199,,61898,57,,,0
8301,'5372',739,,47362,57,,,0,93,,47363,57,,,0,208,,47364,57,,,0,181,,47365,57,,,0,195,,47366,57,,,0,213,,47367,57,,,0,210,,47368,57,,,0,199,,47369,57,,,0
8301,'5377',1014,,47384,57,,,0,300,,47385,57,,,0,305,,47383,57,,,0,299,,47382,57,,,0
8301,'5383',1016,,61902,57,,,0,300,,61900,57,,,0,305,,61901,57,,,0,299,,61899,57,,,0
8301,'5384',1014,,61905,57,,,0,300,,61906,57,,,0,305,,61904,57,,,0,299,,61903,57,,,0
8301,'5385',739,,61907,57,,,0,93,,61908,57,,,0,208,,61909,57,,,0,181,,61910,57,,,0,195,,61911,57,,,0,213,,61912,57,,,0,210,,61913,57,,,0,199,,61914,57,,,0
