700,'4663',557,,54314,1,0,5,0,66,,54312,1,0,5,0,17,,54325,1,0,5,0,14,,54308,1,0,5,0,54,,54319,1,0,5,0,13,,54298,1,0,5,0,16,,54329,1,0,5,0,15,,54305,1,0,5,0,59,,54315,1,0,5,0,18,,54299,1,0,5,0,19,,54303,1,0,5,0,66,,54317,1,0,5,0,26,,54337,1,0,5,0,70,,54334,1,0,5,0,30,,54335,1,0,5,0,70,,54311,1,0,5,0,30,,54338,1,0,5,0,70,,54333,1,0,5,0,30,,54332,1,0,5,0,70,,54336,1,0,5,0,30,,54310,1,0,5,0,69,,54321,1,0,5,0,19,,54300,1,0,5,0,19,,54313,1,0,5,0,12,,54339,1,0,5,0,47,,54306,1,0,5,0,20,,54331,1,0,5,0,18,,54301,1,0,5,0,58,,54320,1,0,5,0,18,,54309,1,0,5,0,19,,54302,1,0,5,0,19,,54316,1,0,5,0,59,,54307,1,0,5,0,17,,54322,1,0,5,0,18,,54304,1,0,5,0,57,,54328,1,0,5,0,31,,54324,1,0,5,0,70,,54326,1,0,5,0,33,,54318,1,0,5,0,69,,54327,1,0,5,0,30,,54330,1,0,5,0,72,,54323,1,0,5,0
700,'5372',557,,38410,1,0,5,0,66,,38408,1,0,5,0,17,,38421,1,0,5,0,14,,38404,1,0,5,0,54,,38415,1,0,5,0,13,,38394,1,0,5,0,16,,38425,1,0,5,0,15,,38401,1,0,5,0,59,,38411,1,0,5,0,18,,38395,1,0,5,0,19,,38399,1,0,5,0,66,,38413,1,0,5,0,26,,38433,1,0,5,0,70,,38430,1,0,5,0,30,,38431,1,0,5,0,70,,38407,1,0,5,0,30,,38434,1,0,5,0,70,,38429,1,0,5,0,30,,51619,1,0,5,0,70,,38432,1,0,5,0,30,,38406,1,0,5,0,69,,38417,1,0,5,0,19,,38396,1,0,5,0,19,,38409,1,0,5,0,12,,54340,1,0,5,0,47,,38402,1,0,5,0,20,,38427,1,0,5,0,18,,38397,1,0,5,0,58,,38416,1,0,5,0,18,,38405,1,0,5,0,19,,38398,1,0,5,0,19,,38412,1,0,5,0,59,,38403,1,0,5,0,17,,38418,1,0,5,0,18,,38400,1,0,5,0,57,,38424,1,0,5,0,31,,38420,1,0,5,0,70,,38422,1,0,5,0,33,,38414,1,0,5,0,69,,38423,1,0,5,0,30,,38426,1,0,5,0,72,,38419,1,0,5,0
700,'5377',709,,38523,1,0,5,0,35,,38525,1,0,5,0,84,,38511,1,0,5,0,77,,38524,1,0,5,0,40,,38526,1,0,5,0,70,,38507,1,0,5,0,30,,38512,1,0,5,0,70,,38514,1,0,5,0,29,,48982,1,0,5,0,71,,38513,1,0,5,0,30,,38510,1,0,5,0,70,,38508,1,0,5,0,30,,38515,1,0,5,0,70,,38516,1,0,5,0,30,,38517,1,0,5,0,70,,38518,1,0,5,0,30,,38520,1,0,5,0,70,,38519,1,0,5,0,30,,38522,1,0,5,0,70,,38521,1,0,5,0,30,,38527,1,0,5,0,70,,38530,1,0,5,0,30,,38529,1,0,5,0,70,,38528,1,0,5,0,30,,38532,1,0,5,0,71,,48983,1,0,5,0
700,'5383',644,,54362,1,0,5,0,84,,54369,1,0,5,0,80,,54352,1,0,5,0,29,,54363,1,0,5,0,79,,54344,1,0,5,0,29,,54364,1,0,5,0,70,,54347,1,0,5,0,31,,54355,1,0,5,0,69,,54341,1,0,5,0,31,,54342,1,0,5,0,70,,54365,1,0,5,0,30,,54348,1,0,5,0,70,,54356,1,0,5,0,28,,54343,1,0,5,0,72,,54345,1,0,5,0,30,,54366,1,0,5,0,70,,54349,1,0,5,0,31,,54357,1,0,5,0,70,,54346,1,0,5,0,30,,54351,1,0,5,0,71,,54367,1,0,5,0,30,,54350,1,0,5,0,69,,54359,1,0,5,0,29,,54354,1,0,5,0,68,,54353,1,0,5,0,31,,54368,1,0,5,0,70,,54358,1,0,5,0,28,,54360,1,0,5,0,70,,54361,1,0,5,0
700,'5384',709,,54386,1,0,5,0,35,,54388,1,0,5,0,84,,54374,1,0,5,0,77,,54387,1,0,5,0,40,,54389,1,0,5,0,70,,54370,1,0,5,0,30,,54375,1,0,5,0,70,,54377,1,0,5,0,29,,54372,1,0,5,0,71,,54376,1,0,5,0,30,,54373,1,0,5,0,70,,54371,1,0,5,0,30,,54378,1,0,5,0,70,,54379,1,0,5,0,30,,54380,1,0,5,0,70,,54381,1,0,5,0,30,,54383,1,0,5,0,70,,54382,1,0,5,0,30,,54385,1,0,5,0,70,,54384,1,0,5,0,30,,54390,1,0,5,0,70,,54393,1,0,5,0,30,,54392,1,0,5,0,70,,54391,1,0,5,0,30,,54395,1,0,5,0,71,,54394,1,0,5,0
700,'5385',557,,54412,1,0,5,0,66,,54410,1,0,5,0,17,,54423,1,0,5,0,14,,54406,1,0,5,0,54,,54417,1,0,5,0,13,,54396,1,0,5,0,16,,54427,1,0,5,0,15,,54403,1,0,5,0,59,,54413,1,0,5,0,18,,54397,1,0,5,0,19,,54401,1,0,5,0,66,,54415,1,0,5,0,26,,54435,1,0,5,0,70,,54432,1,0,5,0,30,,54433,1,0,5,0,70,,54409,1,0,5,0,30,,54436,1,0,5,0,70,,54431,1,0,5,0,30,,54430,1,0,5,0,70,,54434,1,0,5,0,30,,54408,1,0,5,0,69,,54419,1,0,5,0,19,,54398,1,0,5,0,19,,54411,1,0,5,0,12,,54437,1,0,5,0,47,,54404,1,0,5,0,20,,54429,1,0,5,0,18,,54399,1,0,5,0,58,,54418,1,0,5,0,18,,54407,1,0,5,0,19,,54400,1,0,5,0,19,,54414,1,0,5,0,59,,54405,1,0,5,0,17,,54420,1,0,5,0,18,,54402,1,0,5,0,57,,54426,1,0,5,0,31,,54422,1,0,5,0,70,,54424,1,0,5,0,33,,54416,1,0,5,0,69,,54425,1,0,5,0,30,,54428,1,0,5,0,72,,54421,1,0,5,0
14000700,'4663',2142,,63076,1,0,5,0,70,,63079,1,0,5,0,32,,63077,1,0,5,0,70,,63078,1,0,5,0,31,,63080,1,0,5,0,70,,63081,1,0,5,0
14000700,'5372',2142,,48747,1,0,5,0,70,,48750,1,0,5,0,32,,48748,1,0,5,0,70,,48749,1,0,5,0,31,,48751,1,0,5,0,70,,48752,1,0,5,0
14000700,'5377',2044,,48765,1,0,5,0,71,,51591,1,0,5,0,30,,48767,1,0,5,0,100,,48768,1,0,5,0,100,,48769,1,0,5,0
14000700,'5383',2141,,63082,1,0,5,0,74,,63083,1,0,5,0,30,,63084,1,0,5,0,70,,63085,1,0,5,0,30,,63086,1,0,5,0,72,,63087,1,0,5,0
14000700,'5384',2044,,63088,1,0,5,0,71,,63089,1,0,5,0,30,,63090,1,0,5,0,100,,63091,1,0,5,0,100,,63092,1,0,5,0
14000700,'5385',2142,,63093,1,0,5,0,70,,63096,1,0,5,0,32,,63094,1,0,5,0,70,,63095,1,0,5,0,31,,63097,1,0,5,0,70,,63098,1,0,5,0
