4701,'4737',1659,,12098,30,,,0,70,,12099,30,,,0,26,,12100,30,,,0
4701,'4744',1659,,12101,30,,,0,70,,12102,30,,,0,26,,12103,30,,,0
4701,'4947',1659,,12104,30,,,0,70,,12105,30,,,0,26,,12106,30,,,0
4900,'4487',819,,12130,9,,,0,210,,12131,9,,,0,201,,12126,9,,,0,210,,12127,9,,,0,210,,12128,9,,,0,194,,12129,9,,,0,268,,12125,9,,,0
4900,'4737',721,,12134,9,,,0,100,,12136,9,,,0,133,,12133,9,,,0,200,,12135,9,,,0,166,,12137,9,,,0,181,,12138,9,,,0,106,,12139,9,,,0,95,,12132,9,,,0,107,,12140,9,,,0,195,,12141,9,,,0,209,,12142,9,,,0
4900,'4740',819,,12148,9,,,0,210,,12149,9,,,0,201,,12144,9,,,0,210,,12145,9,,,0,210,,12146,9,,,0,194,,12147,9,,,0,268,,12143,9,,,0
4900,'4744',721,,12152,9,,,0,100,,12154,9,,,0,133,,12151,9,,,0,200,,12153,9,,,0,166,,12155,9,,,0,181,,12156,9,,,0,106,,12157,9,,,0,95,,12150,9,,,0,107,,12158,9,,,0,195,,12159,9,,,0,209,,12160,9,,,0
4900,'4745',819,,12162,9,,,0,210,,12161,9,,,0,200,,12163,9,,,0,210,,12164,9,,,0,210,,12166,9,,,0,195,,12167,9,,,0,268,,12165,9,,,0
4900,'4947',721,,12170,9,,,0,100,,12172,9,,,0,133,,12169,9,,,0,200,,12171,9,,,0,166,,12173,9,,,0,181,,12174,9,,,0,106,,12175,9,,,0,95,,12168,9,,,0,107,,12176,9,,,0,195,,12177,9,,,0,209,,12178,9,,,0
4900,'4954',819,,12180,9,,,0,210,,12179,9,,,0,200,,12181,9,,,0,210,,12182,9,,,0,210,,12184,9,,,0,195,,12185,9,,,0,268,,12183,9,,,0
