7201,'4332',620,,61424,29,,,0,102,,61394,29,,,0,99,,61395,29,,,0,33,,61396,29,,,0,71,,61397,29,,,0,30,,61398,29,,,0,71,,61399,29,,,0,29,,61400,29,,,0,71,,61401,29,,,0,30,,61402,29,,,0,70,,61393,29,,,0,30,,61403,29,,,0,70,,61404,29,,,0,31,,61405,29,,,0,74,,61406,29,,,0,71,,61407,29,,,0,29,,61408,29,,,0,71,,61409,29,,,0,29,,61410,29,,,0,26,,61411,29,,,0,68,,61412,29,,,0,30,,61413,29,,,0,69,,61414,29,,,0,30,,61415,29,,,0,69,,61416,29,,,0,30,,61417,29,,,0,71,,61418,29,,,0,29,,61419,29,,,0,70,,61420,29,,,0,101,,61421,29,,,0,98,,61422,29,,,0,100,,61423,29,,,0
7201,'4663',552,,61381,29,,,0,80,,61371,29,,,0,70,,61382,29,,,0,32,,61373,29,,,0,72,,61357,29,,,0,21,,61359,29,,,0,27,,61380,29,,,0,70,,61386,29,,,0,30,,61364,29,,,0,70,,61379,29,,,0,30,,61372,29,,,0,73,,61354,29,,,0,30,,61383,29,,,0,70,,61370,29,,,0,31,,61363,29,,,0,70,,61355,29,,,0,30,,61356,29,,,0,74,,61358,29,,,0,27,,61362,29,,,0,70,,61387,29,,,0,15,,61360,25,0,13 14,0,56,,61361,29,,,0,28,,61365,29,,,0,30,,61369,29,,,0,71,,61367,29,,,0,30,,61368,29,,,0,68,,61366,29,,,0,30,,61388,29,,,0,69,,61375,29,,,0,30,,61376,29,,,0,70,,61374,29,,,0,30,,61377,29,,,0,70,,61378,29,,,0,97,,61385,29,,,0,99,,61384,29,,,0,100,,61389,29,,,0
7201,'5078',721,,61426,29,,,0,100,,61427,29,,,0,100,,61428,29,,,0,105,,61429,29,,,0,100,,61430,29,,,0,30,,61431,29,,,0,70,,61425,29,,,0,29,,61432,29,,,0,70,,61433,29,,,0,30,,61435,29,,,0,70,,61436,29,,,0,31,,61437,29,,,0,70,,61434,29,,,0,30,,61438,29,,,0,69,,61439,29,,,0,30,,61440,29,,,0,74,,61441,29,,,0,28,,61442,29,,,0,72,,61443,29,,,0,30,,61444,29,,,0,70,,61445,29,,,0,29,,61446,29,,,0,70,,61447,29,,,0,30,,61448,29,,,0,70,,61449,29,,,0,95,,61450,29,,,0,100,,61451,29,,,0
7201,'5355',827,,61391,29,,,0,605,,61390,29,,,0,327,,61392,29,,,0
7201,'5372',552,,46746,29,,,0,80,,46736,29,,,0,70,,46747,29,,,0,32,,46738,29,,,0,72,,46725,29,,,0,48,,46745,29,,,0,70,,46751,29,,,0,30,,46730,29,,,0,70,,46744,29,,,0,30,,46737,29,,,0,73,,46722,29,,,0,30,,46748,29,,,0,70,,46735,29,,,0,31,,46729,29,,,0,70,,46723,29,,,0,30,,46724,29,,,0,101,,46728,29,,,0,70,,46752,29,,,0,15,,46726,25,0,13 14,0,56,,46727,29,,,0,28,,46731,29,,,0,30,,46734,29,,,0,71,,46733,29,,,0,98,,46732,29,,,0,30,,46753,29,,,0,69,,46740,29,,,0,30,,46741,29,,,0,70,,46739,29,,,0,30,,46742,29,,,0,70,,46743,29,,,0,97,,46750,29,,,0,99,,46749,29,,,0,100,,46754,29,,,0
7201,'5374',827,,46792,29,,,0,605,,46791,29,,,0,327,,46793,29,,,0
7201,'5375',827,,46794,29,,,0,602,,46795,29,,,0,330,,46796,29,,,0
7201,'5385',552,,61476,29,,,0,80,,61466,29,,,0,70,,61477,29,,,0,32,,61468,29,,,0,72,,61455,29,,,0,48,,61475,29,,,0,70,,61481,29,,,0,30,,61460,29,,,0,70,,61474,29,,,0,30,,61467,29,,,0,73,,61452,29,,,0,30,,61478,29,,,0,70,,61465,29,,,0,31,,61459,29,,,0,70,,61453,29,,,0,30,,61454,29,,,0,101,,61458,29,,,0,70,,61482,29,,,0,15,,61456,25,0,13 14,0,56,,61457,29,,,0,28,,61461,29,,,0,30,,61464,29,,,0,71,,61463,29,,,0,98,,61462,29,,,0,30,,61483,29,,,0,69,,61470,29,,,0,30,,61471,29,,,0,70,,61469,29,,,0,30,,61472,29,,,0,70,,61473,29,,,0,97,,61480,29,,,0,99,,61479,29,,,0,100,,61484,29,,,0
7201,'5386',827,,61485,29,,,0,602,,61486,29,,,0,330,,61487,29,,,0
8701,'4663',649,,61953,29,,,0,200,,61954,29,,,0,200,,61955,29,,,0,200,,61956,29,,,0,199,,61957,29,,,0,203,,61958,29,,,0
8701,'5372',649,,47432,29,,,0,200,,47433,29,,,0,200,,47434,29,,,0,200,,47435,29,,,0,199,,47436,29,,,0,203,,47437,29,,,0
8701,'5385',649,,61959,29,,,0,200,,61960,29,,,0,200,,61961,29,,,0,200,,61962,29,,,0,199,,61963,29,,,0,203,,61964,29,,,0
