8301,'4663',658,,61891,4,,,0,90,,61892,4,,,0,210,,61893,4,,,0,181,,61894,4,,,0,195,,61895,4,,,0,210,,61896,4,,,0,214,,61897,4,,,0,200,,61898,4,,,0
8301,'5372',658,,47362,4,,,0,90,,47363,4,,,0,210,,47364,4,,,0,181,,47365,4,,,0,195,,47366,4,,,0,210,,47367,4,,,0,214,,47368,4,,,0,200,,47369,4,,,0
8301,'5377',933,,47384,4,,,0,300,,47385,4,,,0,305,,47383,4,,,0,300,,47382,4,,,0
8301,'5383',934,,61902,4,,,0,300,,61900,4,,,0,305,,61901,4,,,0,300,,61899,4,,,0
8301,'5384',933,,61905,4,,,0,300,,61906,4,,,0,305,,61904,4,,,0,300,,61903,4,,,0
8301,'5385',658,,61907,4,,,0,90,,61908,4,,,0,210,,61909,4,,,0,181,,61910,4,,,0,195,,61911,4,,,0,210,,61912,4,,,0,214,,61913,4,,,0,200,,61914,4,,,0
8500,'4663',634,,61915,4,,,0,97,,61916,4,,,0,200,,61917,4,,,0,200,,61918,4,,,0,200,,61919,4,,,0,200,,61920,4,,,0,200,,61921,4,,,0,200,,61922,4,,,0
8500,'5372',634,,47390,4,,,0,97,,47391,4,,,0,200,,47392,4,,,0,200,,47393,4,,,0,200,,47394,4,,,0,200,,47395,4,,,0,200,,47396,4,,,0,200,,47397,4,,,0
8500,'5377',839,,47412,4,,,0,300,,47413,4,,,0,306,,47410,4,,,0,299,,47411,4,,,0
8500,'5383',839,,61925,4,,,0,300,,61926,4,,,0,306,,61923,4,,,0,299,,61924,4,,,0
8500,'5384',839,,61929,4,,,0,300,,61930,4,,,0,306,,61927,4,,,0,299,,61928,4,,,0
8500,'5385',634,,61931,4,,,0,97,,61932,4,,,0,200,,61933,4,,,0,200,,61934,4,,,0,200,,61935,4,,,0,200,,61936,4,,,0,200,,61937,4,,,0,200,,61938,4,,,0
8700,'4663',742,,61940,35,,,0,201,,61939,35,,,0,200,,61941,35,,,0,205,,61945,28,,,0,195,,61943,35,,,0,202,,61944,35,,,0
8700,'5372',742,,47419,35,,,0,201,,47418,35,,,0,200,,47420,35,,,0,205,,47424,28,,,0,195,,47422,35,,,0,202,,47423,35,,,0
8700,'5385',742,,61947,35,,,0,201,,61946,35,,,0,200,,61948,35,,,0,205,,61952,28,,,0,195,,61950,35,,,0,202,,61951,35,,,0
8701,'4663',623,,61953,4,,,0,197,,61954,4,,,0,201,,61955,4,,,0,199,,61956,4,,,0,199,,61957,4,,,0,203,,61958,4,,,0
8701,'5372',623,,47432,4,,,0,197,,47433,4,,,0,201,,47434,4,,,0,199,,47435,4,,,0,199,,47436,4,,,0,203,,47437,4,,,0
8701,'5385',623,,61959,4,,,0,197,,61960,4,,,0,201,,61961,4,,,0,199,,61962,4,,,0,199,,61963,4,,,0,203,,61964,4,,,0
8800,'4663',843,,61965,9,,,0,200,,61966,9,,,0,200,,61967,9,,,0,200,,61968,9,,,0,200,,61969,9,,,0,207,,61970,9,,,0
8800,'5372',843,,47444,9,,,0,200,,47445,9,,,0,200,,47446,9,,,0,200,,47447,9,,,0,200,,47448,9,,,0,207,,47449,9,,,0
8800,'5377',818,,47475,9,,,0,94,,47476,9,,,0,100,,47477,9,,,0,101,,47478,9,,,0,101,,47479,9,,,0,100,,47480,9,,,0,99,,47471,9,,,0,99,,47472,9,,,0,100,,47473,9,,,0,101,,47474,9,,,0,102,,47482,9,,,0,99,,47483,9,,,0,100,,47470,9,,,0,98,,47481,9,,,0
8800,'5383',818,,61979,9,,,0,98,,61980,9,,,0,100,,61981,9,,,0,100,,61982,9,,,0,100,,61983,9,,,0,99,,61984,9,,,0,100,,61975,9,,,0,100,,61976,9,,,0,100,,61977,9,,,0,100,,61978,9,,,0,98,,61972,9,,,0,100,,61973,9,,,0,102,,61974,9,,,0,100,,61971,9,,,0
8800,'5384',818,,61990,9,,,0,94,,61991,9,,,0,100,,61992,9,,,0,101,,61993,9,,,0,101,,61994,9,,,0,100,,61995,9,,,0,99,,61986,9,,,0,99,,61987,9,,,0,100,,61988,9,,,0,101,,61989,9,,,0,102,,61997,9,,,0,99,,61998,9,,,0,100,,61985,9,,,0,98,,61996,9,,,0
8800,'5385',843,,61999,9,,,0,200,,62000,9,,,0,200,,62001,9,,,0,200,,62002,9,,,0,200,,62003,9,,,0,207,,62004,9,,,0
8801,'4663',713,,62005,4,,,0,200,,62006,4,,,0,200,,62007,4,,,0,199,,62008,4,,,0,200,,62009,4,,,0,206,,62010,4,,,0,103,,62011,4,,,0
8801,'5372',713,,47498,4,,,0,200,,47499,4,,,0,200,,47500,4,,,0,199,,47501,4,,,0,200,,47502,4,,,0,206,,47503,4,,,0,103,,47504,4,,,0
8801,'5377',749,,47534,4,,,0,94,,47535,4,,,0,100,,47536,4,,,0,100,,47537,4,,,0,100,,47538,4,,,0,100,,47539,4,,,0,99,,47529,4,,,0,100,,47530,4,,,0,101,,47531,4,,,0,101,,47532,4,,,0,102,,47533,4,,,0,99,,47527,4,,,0,100,,47528,4,,,0,98,,47526,4,,,0
8801,'5383',748,,62022,4,,,0,99,,62023,4,,,0,99,,62024,4,,,0,100,,62025,4,,,0,98,,62016,4,,,0,100,,62017,4,,,0,100,,62018,4,,,0,100,,62019,4,,,0,102,,62020,4,,,0,100,,62021,4,,,0,98,,62013,4,,,0,100,,62014,4,,,0,102,,62015,4,,,0,100,,62012,4,,,0
8801,'5384',749,,62034,4,,,0,94,,62035,4,,,0,100,,62036,4,,,0,100,,62037,4,,,0,100,,62038,4,,,0,100,,62039,4,,,0,99,,62029,4,,,0,100,,62030,4,,,0,101,,62031,4,,,0,101,,62032,4,,,0,102,,62033,4,,,0,99,,62027,4,,,0,100,,62028,4,,,0,98,,62026,4,,,0
8801,'5385',713,,62040,4,,,0,200,,62041,4,,,0,200,,62042,4,,,0,199,,62043,4,,,0,200,,62044,4,,,0,206,,62045,4,,,0,103,,62046,4,,,0
