201,'4532',653,,63514,29,0,46 37,0,158,,63515,29,0,46 37,0,22,,63501,3,0,46 37,0,103,,63509,29,0,46 37,0,80,,63502,29,0,46 37,0,38,,63494,3,0,46 37,0,60,,63512,29,0,46 37,0,39,,63503,29,0,46 37,0,80,,63495,29,0,46 37,0,79,,63498,29,0,46 37,0,39,,63497,29,0,46 37,0,80,,63507,29,0,46 37,0,80,,63499,29,0,46 37,0,41,,63496,29,0,46 37,0,81,,63500,29,0,46 37,0,75,,63508,29,0,46 37,0,41,,63511,29,0,46 37,0,80,,63510,29,0,46 37,0,76,,63513,29,0,46 37,0,35,,63504,29,0,46 37,0,80,,63505,29,0,46 37,0,85,,63506,29,0,46 37,0,41,,63519,29,0,46 37,0,81,,63516,29,0,46 37,0,82,,63517,29,0,46 37,0,40,,63518,29,0,46 37,0,76,,63520,29,0,46 37,0,30,,63521,3,0,46 37,0
201,'4623',610,,63441,29,0,46 37,0,21,,63433,29,0,46 37,0,27,,63450,29,0,46 37,0,69,,63445,29,0,46 37,0,32,,63434,29,0,46 37,0,71,,63449,29,0,46 37,0,72,,63439,29,0,46 37,0,30,,63435,29,0,46 37,0,73,,63447,29,0,46 37,0,39,,63440,29,0,46 37,0,80,,63436,29,0,46 37,0,79,,63438,29,0,46 37,0,40,,63437,29,0,46 37,0,80,,63446,29,0,46 37,0,80,,63443,29,0,46 37,0,17,,63448,3,0,46 37,0,35,,63444,29,0,46 37,0,74,,63442,29,0,46 37,0,77,,63452,29,0,46 37,0,36,,63453,29,0,46 37,0,74,,63451,29,0,46 37,0,37,,63454,29,0,46 37,0,86,,63455,29,0,46 37,0,65,,63457,29,0,46 37,0,40,,63456,29,0,46 37,0,83,,63458,29,0,46 37,0,81,,63459,29,0,46 37,0,38,,63460,29,0,46 37,0,80,,63461,29,0,46 37,0,81,,63463,29,0,46 37,0,40,,63462,29,0,46 37,0,72,,63464,29,0,46 37,0,31,,63465,3,0,46 37,0
201,'4832',639,,63568,29,0,46 37,0,120,,63575,29,0,46 37,0,159,,63569,29,0,46 37,0,99,,63556,3,0,46 37,0,37,,63576,29,0,46 37,0,60,,63554,3,0,46 37,0,40,,63555,29,0,46 37,0,79,,63566,29,0,46 37,0,80,,63562,29,0,46 37,0,40,,63561,29,0,46 37,0,80,,63557,29,0,46 37,0,80,,63558,29,0,46 37,0,40,,63567,29,0,46 37,0,80,,63563,29,0,46 37,0,76,,63559,29,0,46 37,0,40,,63560,29,0,46 37,0,81,,63564,29,0,46 37,0,76,,63573,29,0,46 37,0,40,,63565,29,0,46 37,0,80,,63572,29,0,46 37,0,81,,63571,29,0,46 37,0,40,,63574,29,0,46 37,0,81,,63570,29,0,46 37,0,81,,63577,29,0,46 37,0,41,,63578,29,0,46 37,0
201,'5222',610,,63530,29,0,46 37,0,21,,63522,29,0,46 37,0,27,,63539,29,0,46 37,0,69,,63534,29,0,46 37,0,32,,63523,29,0,46 37,0,71,,63538,29,0,46 37,0,72,,63528,29,0,46 37,0,30,,63524,29,0,46 37,0,73,,63536,29,0,46 37,0,39,,63529,29,0,46 37,0,80,,63525,29,0,46 37,0,79,,63527,29,0,46 37,0,40,,63526,29,0,46 37,0,80,,63535,29,0,46 37,0,80,,63532,29,0,46 37,0,17,,63537,3,0,46 37,0,35,,63533,29,0,46 37,0,74,,63531,29,0,46 37,0,77,,63541,29,0,46 37,0,36,,63542,29,0,46 37,0,74,,63540,29,0,46 37,0,37,,63543,29,0,46 37,0,86,,63544,29,0,46 37,0,65,,63546,29,0,46 37,0,40,,63545,29,0,46 37,0,83,,63547,29,0,46 37,0,81,,63548,29,0,46 37,0,38,,63549,29,0,46 37,0,80,,63550,29,0,46 37,0,81,,63552,29,0,46 37,0,40,,63551,29,0,46 37,0,72,,63553,29,0,46 37,0
201,'5390',639,,63593,29,0,46 37,0,120,,63600,29,0,46 37,0,159,,63594,29,0,46 37,0,99,,63581,3,0,46 37,0,37,,63601,29,0,46 37,0,60,,63579,3,0,46 37,0,40,,63580,29,0,46 37,0,79,,63591,29,0,46 37,0,80,,63587,29,0,46 37,0,40,,63586,29,0,46 37,0,80,,63582,29,0,46 37,0,80,,63583,29,0,46 37,0,40,,63592,29,0,46 37,0,80,,63588,29,0,46 37,0,76,,63584,29,0,46 37,0,40,,63585,29,0,46 37,0,81,,63589,29,0,46 37,0,76,,63598,29,0,46 37,0,40,,63590,29,0,46 37,0,80,,63597,29,0,46 37,0,81,,63596,29,0,46 37,0,40,,63599,29,0,46 37,0,81,,63595,29,0,46 37,0,81,,63602,29,0,46 37,0,41,,63603,29,0,46 37,0
501,'4532',732,,64823,24,,,0,120,,64825,24,,,0,60,,64817,3,,,0,44,,64822,24,,,0,79,,64816,24,,,0,99,,64824,24,,,0,79,,64815,24,,,0,40,,64831,24,,,0,78,,64820,24,,,0,79,,64821,24,,,0,41,,64818,24,,,0,80,,64819,24,,,0,81,,64829,24,,,0,41,,64832,24,,,0,75,,64828,24,,,0,81,,64830,24,,,0,36,,64834,24,,,0,75,,64833,24,,,0,80,,64826,24,,,0,45,,64827,24,,,0
501,'4623',643,,64775,24,,,0,71,,64780,24,,,0,28,,64772,24,,,0,72,,64774,24,,,0,32,,64778,24,,,0,71,,64773,24,,,0,30,,64776,24,,,0,77,,64779,24,,,0,80,,64777,24,,,0,40,,64787,24,,,0,79,,64782,24,,,0,80,,64783,24,,,0,40,,64781,24,,,0,94,,64784,24,,,0,76,,64786,24,,,0,35,,64785,24,,,0,77,,64788,24,,,0,34,,64792,24,,,0,74,,64790,24,,,0,81,,64791,24,,,0,110,,64789,24,,,0,81,,64793,24,,,0,42,,64794,24,,,0
501,'4832',719,,64872,24,,,0,119,,64871,24,,,0,119,,64870,24,,,0,79,,64864,24,,,0,98,,64867,24,,,0,79,,64863,24,,,0,40,,64859,24,,,0,80,,64858,24,,,0,80,,64874,24,,,0,40,,64866,24,,,0,80,,64862,24,,,0,80,,64861,24,,,0,41,,64860,24,,,0,75,,64873,24,,,0,80,,64868,24,,,0,36,,64865,24,,,0,81,,64869,24,,,0
501,'5222',643,,64838,24,,,0,71,,64843,24,,,0,28,,64835,24,,,0,72,,64837,24,,,0,32,,64841,24,,,0,71,,64836,24,,,0,30,,64839,24,,,0,77,,64842,24,,,0,80,,64840,24,,,0,40,,64850,24,,,0,79,,64845,24,,,0,80,,64846,24,,,0,40,,64844,24,,,0,94,,64847,24,,,0,76,,64849,24,,,0,35,,64848,24,,,0,77,,64851,24,,,0,34,,64855,24,,,0,74,,64853,24,,,0,81,,64854,24,,,0,110,,64852,24,,,0,81,,64856,24,,,0,42,,64857,24,,,0
501,'5390',719,,64889,24,,,0,119,,64888,24,,,0,119,,64887,24,,,0,79,,64881,24,,,0,98,,64884,24,,,0,79,,64880,24,,,0,40,,64876,24,,,0,80,,64875,24,,,0,80,,64891,24,,,0,40,,64883,24,,,0,80,,64879,24,,,0,80,,64878,24,,,0,41,,64877,24,,,0,75,,64890,24,,,0,80,,64885,24,,,0,36,,64882,24,,,0,81,,64886,24,,,0
1001,'4532',721,,66261,23,0,46 37,0,101,,66264,23,0,46 37,0,101,,66252,23,0,46 37,0,97,,66256,23,0,46 37,0,108,,66258,23,0,46 37,0,110,,66257,23,0,46 37,0,96,,66254,23,0,46 37,0,100,,66253,23,0,46 37,0,100,,66255,23,0,46 37,0,103,,66259,23,0,46 37,0,103,,66260,23,0,46 37,0,100,,66262,23,0,46 37,0,99,,66263,23,0,46 37,0,98,,66265,23,0,46 37,0
1001,'4623',623,,66237,23,0,46 37,0,83,,66236,23,0,46 37,0,36,,66228,23,0,46 37,0,77,,66227,23,0,46 37,0,84,,66230,23,0,46 37,0,40,,66226,23,0,46 37,0,95,,66235,23,0,46 37,0,115,,66231,23,0,46 37,0,90,,66225,23,0,46 37,0,75,,66229,23,0,46 37,0,86,,66224,23,0,46 37,0,42,,66234,23,0,46 37,0,95,,66223,23,0,46 37,0,81,,66232,23,0,46 37,0,88,,66222,23,0,46 37,0,40,,66233,23,0,46 37,0,61,,66221,23,0,46 37,0,31,,66218,23,0,46 37,0,95,,66220,23,0,46 37,0,101,,66219,23,0,46 37,0
1001,'4832',721,,66291,23,0,46 37,0,101,,66290,23,0,46 37,0,99,,66287,23,0,46 37,0,104,,66288,23,0,46 37,0,101,,66294,23,0,46 37,0,110,,66293,23,0,46 37,0,90,,66286,23,0,46 37,0,107,,66289,23,0,46 37,0,100,,66292,23,0,46 37,0,99,,66296,23,0,46 37,0,102,,66295,23,0,46 37,0,105,,66297,23,0,46 37,0,99,,66298,23,0,46 37,0
1001,'5222',623,,66285,23,0,46 37,0,83,,66284,23,0,46 37,0,36,,66276,23,0,46 37,0,77,,66275,23,0,46 37,0,84,,66278,23,0,46 37,0,40,,66274,23,0,46 37,0,95,,66283,23,0,46 37,0,115,,66279,23,0,46 37,0,90,,66273,23,0,46 37,0,75,,66277,23,0,46 37,0,86,,66272,23,0,46 37,0,42,,66282,23,0,46 37,0,95,,66271,23,0,46 37,0,81,,66280,23,0,46 37,0,88,,66270,23,0,46 37,0,40,,66281,23,0,46 37,0,61,,66269,23,0,46 37,0,31,,66266,23,0,46 37,0,95,,66268,23,0,46 37,0,101,,66267,23,0,46 37,0
1001,'5390',721,,66305,23,0,46 37,0,101,,66304,23,0,46 37,0,99,,66301,23,0,46 37,0,104,,66302,23,0,46 37,0,101,,66308,23,0,46 37,0,110,,66307,23,0,46 37,0,90,,66300,23,0,46 37,0,107,,66303,23,0,46 37,0,100,,66306,23,0,46 37,0,99,,66310,23,0,46 37,0,102,,66309,23,0,46 37,0,105,,66311,23,0,46 37,0,99,,66312,23,0,46 37,0
