4701,'4737',1703,,30329,35,,,0,30,,30330,35,,,0,26,,30331,35,,,0
4701,'4744',1703,,30332,35,,,0,30,,30333,35,,,0,26,,30334,35,,,0
4701,'5066',1703,,30335,35,,,0,30,,30336,35,,,0,26,,30337,35,,,0
4900,'4487',822,,30361,14,,,0,211,,30362,14,,,0,201,,30357,14,,,0,210,,30358,14,,,0,210,,30359,14,,,0,194,,30360,14,,,0,267,,30356,14,,,0
4900,'4737',725,,30365,14,,,0,100,,30367,14,,,0,133,,30364,14,,,0,200,,30366,14,,,0,166,,30368,14,,,0,182,,30369,14,,,0,105,,30370,14,,,0,95,,30363,14,,,0,107,,30371,14,,,0,195,,30372,14,,,0,208,,30373,14,,,0
4900,'4744',725,,30376,14,,,0,100,,30378,14,,,0,133,,30375,14,,,0,200,,30377,14,,,0,166,,30379,14,,,0,182,,30380,14,,,0,105,,30381,14,,,0,95,,30374,14,,,0,107,,30382,14,,,0,195,,30383,14,,,0,208,,30384,14,,,0
4900,'4745',822,,30386,14,,,0,210,,30385,14,,,0,201,,30387,14,,,0,210,,30388,14,,,0,210,,30390,14,,,0,194,,30391,14,,,0,268,,30389,14,,,0
4900,'5066',725,,30394,14,,,0,100,,30396,14,,,0,133,,30393,14,,,0,200,,30395,14,,,0,166,,30397,14,,,0,182,,30398,14,,,0,105,,30399,14,,,0,95,,30392,14,,,0,107,,30400,14,,,0,195,,30401,14,,,0,208,,30402,14,,,0
4900,'5070',822,,30408,14,,,0,211,,30409,14,,,0,201,,30404,14,,,0,210,,30405,14,,,0,210,,30406,14,,,0,194,,30407,14,,,0,267,,30403,14,,,0
4900,'5072',822,,30411,14,,,0,210,,30410,14,,,0,201,,30412,14,,,0,210,,30413,14,,,0,210,,30415,14,,,0,194,,30416,14,,,0,268,,30414,14,,,0
