5301,'4487',748,,27061,,,0,200,,27062,,,0,253,,27060,,,0,218,,27057,,,0,210,,27058,,,0,210,,27059,,,0,201,,27056,,,0
5301,'4743',748,,13511,,,0,200,,13512,,,0,253,,13510,,,0,218,,13507,,,0,210,,13508,,,0,210,,13509,,,0,201,,13506,,,0
5301,'4744',756,,27065,,,0,156,,27063,,,0,199,,27064,,,0,130,,27068,,,0,173,,27067,,,0,193,,27069,,,0,99,,27066,,,0,132,,27070,,,0,167,,27071,,,0,130,,27072,,,0
5301,'4745',748,,27076,,,0,200,,27073,,,0,253,,27074,,,0,218,,27077,,,0,209,,27075,,,0,210,,27078,,,0,202,,27079,,,0
5301,'4935',756,,7548,,,0,156,,7546,,,0,199,,7547,,,0,130,,7551,,,0,173,,7550,,,0,193,,7552,,,0,99,,7549,,,0,132,,7553,,,0,167,,7554,,,0,130,,7555,,,0
5301,'4941',756,,7558,,,0,156,,7556,,,0,199,,7557,,,0,130,,7561,,,0,173,,7560,,,0,193,,7562,,,0,99,,7559,,,0,132,,7563,,,0,167,,7564,,,0,130,,7565,,,0
5301,'4943',748,,7571,,,0,200,,7572,,,0,253,,7570,,,0,218,,7567,,,0,210,,7568,,,0,210,,7569,,,0,201,,7566,,,0
5301,'4945',748,,7576,,,0,200,,7573,,,0,253,,7574,,,0,218,,7577,,,0,209,,7575,,,0,210,,7578,,,0,202,,7579,,,0
5301,'4947',756,,27082,,,0,156,,27080,,,0,199,,27081,,,0,130,,27085,,,0,173,,27084,,,0,193,,27086,,,0,99,,27083,,,0,132,,27087,,,0,167,,27088,,,0,130,,27089,,,0
5301,'4952',756,,27092,,,0,156,,27090,,,0,199,,27091,,,0,130,,27095,,,0,173,,27094,,,0,193,,27096,,,0,99,,27093,,,0,132,,27097,,,0,167,,27098,,,0,130,,27099,,,0
5301,'4953',748,,27105,,,0,200,,27106,,,0,253,,27104,,,0,218,,27101,,,0,210,,27102,,,0,210,,27103,,,0,201,,27100,,,0
5301,'4954',748,,27110,,,0,200,,27107,,,0,253,,27108,,,0,218,,27111,,,0,209,,27109,,,0,210,,27112,,,0,202,,27113,,,0
