8100,'4663',559,,61751,2,,,0,188,,61752,2,,,0,163,,61753,2,,,0,96,,61754,2,,,0,100,,61755,2,,,0,100,,61756,2,,,0,100,,61757,2,,,0,100,,61758,2,,,0,100,,61759,2,,,0,101,,61761,2,,,0,100,,61762,2,,,0,48,,61763,2,,,0,155,,61764,2,,,0,100,,61765,2,,,0,107,,61766,2,0,44 49,0
8100,'5372',559,,47191,2,,,0,188,,47192,2,,,0,163,,47193,2,,,0,96,,47194,2,,,0,100,,47195,2,,,0,100,,47196,2,,,0,100,,47197,2,,,0,100,,51866,2,,,0,100,,47199,2,,,0,101,,47201,2,,,0,100,,47202,2,,,0,48,,47203,2,,,0,155,,47204,2,,,0,100,,47205,2,,,0,107,,47206,2,0,44 49,0
8100,'5377',809,,47238,2,,,0,101,,47237,2,,,0,99,,47239,2,,,0,99,,47240,2,,,0,100,,47241,2,,,0,100,,47242,2,,,0,101,,47243,2,,,0,100,,47244,2,,,0,100,,47245,2,,,0,100,,47246,2,,,0,101,,47247,2,,,0,101,,47248,2,,,0,102,,47249,2,,,0,104,,47250,2,0,44 49,0
8100,'5383',810,,61767,2,,,0,100,,61768,2,,,0,99,,61769,2,,,0,98,,61770,2,,,0,101,,61771,2,,,0,100,,61772,2,,,0,101,,61773,2,,,0,100,,61774,2,,,0,100,,61775,2,,,0,101,,61776,2,,,0,100,,61777,2,,,0,102,,61778,2,,,0,100,,61779,2,,,0,101,,61780,2,0,44 49,0
8100,'5384',809,,61782,2,,,0,101,,61781,2,,,0,99,,61783,2,,,0,99,,61784,2,,,0,100,,61785,2,,,0,100,,61786,2,,,0,101,,61787,2,,,0,100,,61788,2,,,0,100,,61789,2,,,0,100,,61790,2,,,0,101,,61791,2,,,0,101,,61792,2,,,0,102,,61793,2,,,0,104,,61794,2,0,44 49,0
8100,'5385',559,,61795,2,,,0,188,,61796,2,,,0,163,,61797,2,,,0,96,,61798,2,,,0,100,,61799,2,,,0,100,,61800,2,,,0,100,,61801,2,,,0,100,,61802,2,,,0,100,,61803,2,,,0,101,,61805,2,,,0,100,,61806,2,,,0,48,,61807,2,,,0,155,,61808,2,,,0,100,,61809,2,,,0,107,,61810,2,0,44 49,0
8101,'4663',552,,61811,24,,,0,170,,61812,39,,,0,33,,61813,24,,,0,179,,61814,39,,,0,103,,61815,39,,,0,97,,61816,39,,,0,100,,61817,39,,,0,100,,61818,39,,,0,100,,61819,39,,,0,104,,61820,39,,,0,98,,61821,39,,,0,98,,61822,39,,,0,99,,61823,39,,,0,98,,61824,39,,,0,100,,61825,39,,,0,99,,61826,39,,,0
8101,'5372',552,,47265,24,,,0,170,,47266,39,,,0,33,,47267,24,,,0,179,,47268,39,,,0,103,,47269,39,,,0,97,,47270,39,,,0,100,,47271,39,,,0,100,,47272,39,,,0,100,,47273,39,,,0,104,,51868,39,,,0,98,,47275,39,,,0,98,,47276,39,,,0,99,,47277,39,,,0,98,,47278,39,,,0,100,,47279,39,,,0,99,,47280,39,,,0
8101,'5377',930,,47310,39,,,0,101,,47311,39,,,0,102,,47312,39,,,0,101,,47313,39,,,0,100,,47314,39,,,0,101,,47315,39,,,0,100,,47316,39,,,0,100,,47317,39,,,0,102,,47318,39,,,0,100,,47319,39,,,0,100,,47320,39,,,0,99,,47321,39,,,0,100,,47322,39,,,0
8101,'5383',931,,61827,39,,,0,103,,61828,39,,,0,100,,61829,39,,,0,100,,61830,39,,,0,100,,61831,39,,,0,104,,61832,39,,,0,100,,61833,39,,,0,100,,61834,39,,,0,96,,61835,39,,,0,97,,61836,39,,,0,99,,61837,39,,,0,100,,61838,39,,,0,100,,61839,39,,,0
8101,'5384',930,,61840,39,,,0,101,,61841,39,,,0,102,,61842,39,,,0,101,,61843,39,,,0,100,,61844,39,,,0,101,,61845,39,,,0,100,,61846,39,,,0,100,,61847,39,,,0,102,,61848,39,,,0,100,,61849,39,,,0,100,,61850,39,,,0,99,,61851,39,,,0,100,,61852,39,,,0
8101,'5385',552,,61853,24,,,0,170,,61854,39,,,0,33,,61855,24,,,0,179,,61856,39,,,0,103,,61857,39,,,0,97,,61858,39,,,0,100,,61859,39,,,0,100,,61860,39,,,0,100,,61861,39,,,0,104,,61862,39,,,0,98,,61863,39,,,0,98,,61864,39,,,0,99,,61865,39,,,0,98,,61866,39,,,0,100,,61867,39,,,0,99,,61868,39,,,0
