6400,'4744',1138,,28720,,,0,371,,28721,0,32 33,0
6400,'4935',1138,,8526,,,0,371,,8527,0,32 33,0
6400,'4941',1138,,8533,,,0,371,,8534,0,32 33,0
6400,'4947',1138,,28727,,,0,371,,28728,0,32 33,0
6400,'4952',1138,,28734,,,0,371,,28735,0,32 33,0
6401,'4744',747,,28740,,,0,203,,28741,,,0,378,,28739,,,0
6401,'4935',747,,8539,,,0,203,,8540,,,0,378,,8538,,,0
6401,'4941',747,,8546,,,0,203,,8547,,,0,378,,8545,,,0
6401,'4947',747,,28747,,,0,203,,28748,,,0,378,,28746,,,0
6401,'4952',747,,28754,,,0,203,,28755,,,0,378,,28753,,,0
