200,'4663',554,,52725,17,,,0,80,,52717,17,,,0,21,,52712,17,,,0,71,,52726,17,,,0,31,,52720,17,,,0,70,,52711,17,,,0,31,,52724,17,,,0,71,,52721,17,,,0,15,,52709,17,0,5,0,70,,52710,17,,,0,38,,52713,17,,,0,81,,52714,17,,,0,80,,52723,17,,,0,40,,52716,17,,,0,81,,52715,17,,,0,79,,52722,17,,,0,38,,52718,17,,,0,76,,52719,17,,,0,77,,52727,17,,,0,36,,52728,17,,,0,71,,52731,17,0,5,0,17,,52730,17,,,0,73,,52729,17,,,0,40,,52734,17,,,0,90,,52732,17,,,0,79,,52733,17,,,0,20,,52736,17,0,5,0,22,,52738,17,,,0,60,,52735,17,0,5,0,20,,52737,17,,,0,78,,52739,17,,,0,40,,52740,17,,,0,79,,52741,17,,,0,79,,52742,17,,,0,30,,52743,17,0,5,0,68,,52744,17,0,5,0
200,'5372',554,,36499,17,,,0,80,,36491,17,,,0,21,,36486,17,,,0,71,,36500,17,,,0,31,,36494,17,,,0,70,,36485,17,,,0,31,,36498,17,,,0,71,,36495,17,,,0,15,,36483,17,0,5,0,70,,36484,17,,,0,38,,36487,17,,,0,81,,36488,17,,,0,80,,36497,17,,,0,40,,36490,17,,,0,81,,36489,17,,,0,79,,36496,17,,,0,38,,36492,17,,,0,76,,36493,17,,,0,77,,36501,17,,,0,36,,36502,17,,,0,71,,36505,17,0,5,0,17,,36504,17,,,0,73,,36503,17,,,0,40,,36508,17,,,0,90,,36506,17,,,0,79,,36507,17,,,0,20,,36510,17,0,5,0,22,,36512,17,,,0,60,,36509,17,0,5,0,20,,36511,17,,,0,78,,36513,17,,,0,40,,36514,17,,,0,79,,36515,17,,,0,79,,36516,17,,,0,30,,36517,17,0,5,0
200,'5377',700,,36606,17,,,0,120,,36605,17,,,0,122,,36604,17,,,0,100,,36585,17,,,0,80,,36603,17,,,0,81,,36591,17,,,0,40,,36589,17,,,0,80,,36584,17,,,0,81,,36586,17,,,0,40,,36597,17,,,0,80,,36592,17,,,0,80,,36587,17,,,0,39,,36590,17,,,0,80,,36588,17,,,0,34,,36598,17,,,0,80,,36594,17,,,0,75,,36593,17,0,5,0,20,,36599,17,,,0,20,,36596,17,0,5,0,60,,36595,17,,,0,40,,36601,17,,,0,79,,36602,17,,,0,80,,36600,17,,,0,39,,36607,17,,,0,80,,36608,17,,,0
200,'5383',605,,52764,17,,,0,112,,52767,17,,,0,120,,52765,17,,,0,80,,52753,17,,,0,85,,52766,17,,,0,40,,52751,17,,,0,80,,52745,17,,,0,81,,52752,17,,,0,40,,52746,17,,,0,80,,52759,17,,,0,81,,52747,17,,,0,41,,52750,17,,,0,80,,52749,17,,,0,79,,52748,17,,,0,40,,52762,17,,,0,79,,52763,17,,,0,35,,52761,17,,,0,80,,52755,17,,,0,75,,52756,17,,,0,19,,52754,17,0,5,0,75,,52758,17,,,0,20,,52760,17,0,5,0,20,,52757,17,,,0,65,,52772,17,0,5,0,20,,52773,17,,,0,80,,52770,17,,,0,40,,52769,17,,,0,79,,52771,17,,,0,79,,52768,17,,,0,35,,52774,17,0,5,0
200,'5384',700,,52797,17,,,0,120,,52796,17,,,0,122,,52795,17,,,0,100,,52776,17,,,0,80,,52794,17,,,0,81,,52782,17,,,0,40,,52780,17,,,0,80,,52775,17,,,0,81,,52777,17,,,0,40,,52788,17,,,0,80,,52783,17,,,0,80,,52778,17,,,0,39,,52781,17,,,0,80,,52779,17,,,0,34,,52789,17,,,0,80,,52785,17,,,0,75,,52784,17,0,5,0,20,,52790,17,,,0,20,,52787,17,0,5,0,60,,52786,17,,,0,40,,52792,17,,,0,79,,52793,17,,,0,80,,52791,17,,,0,39,,52798,17,,,0,80,,52799,17,,,0
200,'5385',554,,52816,17,,,0,80,,52808,17,,,0,21,,52803,17,,,0,71,,52817,17,,,0,31,,52811,17,,,0,70,,52802,17,,,0,31,,52815,17,,,0,71,,52812,17,,,0,15,,52800,17,0,5,0,70,,52801,17,,,0,38,,52804,17,,,0,81,,52805,17,,,0,80,,52814,17,,,0,40,,52807,17,,,0,81,,52806,17,,,0,79,,52813,17,,,0,38,,52809,17,,,0,76,,52810,17,,,0,77,,52818,17,,,0,36,,52819,17,,,0,71,,52822,17,0,5,0,17,,52821,17,,,0,73,,52820,17,,,0,40,,52825,17,,,0,90,,52823,17,,,0,79,,52824,17,,,0,20,,52827,17,0,5,0,22,,52829,17,,,0,60,,52826,17,0,5,0,20,,52828,17,,,0,78,,52830,17,,,0,40,,52831,17,,,0,79,,52832,17,,,0,79,,52833,17,,,0,30,,52834,17,0,5,0
301,'4663',636,,53094,9,,,0,75,,53093,9,,,0,37,,53095,9,,,0,82,,53092,9,,,0,76,,53085,9,,,0,35,,53084,9,,,0,71,,53083,9,,,0,30,,53086,9,,,0,70,,53081,9,,,0,31,,53082,9,,,0,70,,53088,9,,,0,35,,53080,9,,,0,70,,53079,9,,,0,30,,53087,9,,,0,71,,53078,9,,,0,33,,53077,9,,,0,75,,53089,9,,,0,75,,53076,9,,,0,35,,53075,9,,,0,73,,53091,9,,,0,32,,53074,9,,,0,74,,53073,9,,,0,24,,53090,9,,,0,70,,53072,9,,,0,30,,53071,9,,,0,65,,53069,9,,,0,25,,53070,9,,,0,70,,53068,9,,,0
301,'5372',636,,36943,9,,,0,75,,36942,9,,,0,37,,36944,9,,,0,82,,36941,9,,,0,76,,36934,9,,,0,35,,36933,9,,,0,71,,36932,9,,,0,30,,36935,9,,,0,70,,36930,9,,,0,31,,36931,9,,,0,70,,36937,9,,,0,35,,36929,9,,,0,70,,36928,9,,,0,30,,36936,9,,,0,71,,36927,9,,,0,33,,36926,9,,,0,75,,36938,9,,,0,75,,36925,9,,,0,35,,36924,9,,,0,73,,36940,9,,,0,32,,36923,9,,,0,74,,36922,9,,,0,24,,36939,9,,,0,70,,36921,9,,,0,30,,36920,9,,,0,65,,36918,9,,,0,25,,36919,9,,,0,70,,36917,9,,,0
301,'5377',730,,37016,9,,,0,85,,37004,9,,,0,40,,37017,9,,,0,85,,37010,9,,,0,76,,37015,9,,,0,40,,37003,9,,,0,60,,37011,9,,,0,31,,37006,9,,,0,69,,37005,9,,,0,30,,37012,9,,,0,71,,37009,9,,,0,30,,37008,9,,,0,70,,37007,9,,,0,37,,37013,9,,,0,68,,37014,9,,,0,81,,37020,9,,,0,23,,37018,9,,,0,33,,37019,9,,,0,67,,37024,9,,,0,30,,37022,9,,,0,69,,37021,9,,,0,30,,37023,9,,,0,70,,37025,9,,,0,75,,37026,9,,,0
301,'5383',715,,53118,9,,,0,30,,53104,9,,,0,70,,53097,9,,,0,30,,53110,9,,,0,70,,53105,9,,,0,30,,53121,9,,,0,71,,53109,9,,,0,31,,53098,9,,,0,69,,53120,9,,,0,30,,53112,9,,,0,71,,53100,9,,,0,30,,53122,9,,,0,70,,53111,9,,,0,31,,53099,9,,,0,70,,53106,9,,,0,34,,53103,9,,,0,72,,53101,9,,,0,78,,53102,9,,,0,30,,53107,9,,,0,76,,53113,9,,,0,24,,53108,9,,,0,74,,53115,9,,,0,28,,53114,9,,,0,71,,53116,9,,,0,25,,53117,9,,,0,70,,53123,9,,,0,30,,53119,9,,,0,70,,53124,9,,,0
301,'5384',730,,53138,9,,,0,85,,53126,9,,,0,40,,53139,9,,,0,85,,53132,9,,,0,76,,53137,9,,,0,40,,53125,9,,,0,60,,53133,9,,,0,31,,53128,9,,,0,69,,53127,9,,,0,30,,53134,9,,,0,71,,53131,9,,,0,30,,53130,9,,,0,70,,53129,9,,,0,37,,53135,9,,,0,68,,53136,9,,,0,81,,53142,9,,,0,23,,53140,9,,,0,33,,53141,9,,,0,67,,53146,9,,,0,30,,53144,9,,,0,69,,53143,9,,,0,30,,53145,9,,,0,70,,53147,9,,,0,75,,53148,9,,,0
301,'5385',636,,53175,9,,,0,75,,53174,9,,,0,37,,53176,9,,,0,82,,53173,9,,,0,76,,53166,9,,,0,35,,53165,9,,,0,71,,53164,9,,,0,30,,53167,9,,,0,70,,53162,9,,,0,31,,53163,9,,,0,70,,53169,9,,,0,35,,53161,9,,,0,70,,53160,9,,,0,30,,53168,9,,,0,71,,53159,9,,,0,33,,53158,9,,,0,75,,53170,9,,,0,75,,53157,9,,,0,35,,53156,9,,,0,73,,53172,9,,,0,32,,53155,9,,,0,74,,53154,9,,,0,24,,53171,9,,,0,70,,53153,9,,,0,30,,53152,9,,,0,65,,53150,9,,,0,25,,53151,9,,,0,70,,53149,9,,,0
500,'4663',614,,53704,17,,,0,96,,53697,17,,,0,32,,53699,17,,,0,70,,53696,17,,,0,31,,53698,17,,,0,70,,53701,17,,,0,46,,53700,17,,,0,73,,53709,17,,,0,80,,53706,17,,,0,41,,53702,17,,,0,80,,53703,17,,,0,81,,53705,17,,,0,39,,53710,17,,,0,80,,53707,17,,,0,76,,53708,17,,,0,36,,53712,17,,,0,77,,53711,17,,,0,34,,53713,17,,,0,89,,53714,17,,,0,76,,53715,17,,,0,85,,53717,17,,,0,45,,53716,17,,,0
500,'5372',614,,37668,17,,,0,96,,37661,17,,,0,32,,37663,17,,,0,70,,37660,17,,,0,31,,37662,17,,,0,70,,37665,17,,,0,46,,37664,17,,,0,73,,37673,17,,,0,80,,37670,17,,,0,41,,37666,17,,,0,80,,37667,17,,,0,81,,37669,17,,,0,39,,37674,17,,,0,80,,37671,17,,,0,76,,37672,17,,,0,36,,37676,17,,,0,77,,37675,17,,,0,34,,37677,17,,,0,89,,37678,17,,,0,76,,37679,17,,,0,85,,37681,17,,,0,45,,37680,17,,,0
500,'5377',740,,37736,17,,,0,161,,37735,17,,,0,121,,37734,17,,,0,80,,37729,17,,,0,40,,37723,17,,,0,81,,37724,17,,,0,80,,37737,17,,,0,40,,37730,17,,,0,81,,37727,17,,,0,80,,37725,17,,,0,40,,37726,17,,,0,80,,37738,17,,,0,79,,37731,17,,,0,35,,37728,17,,,0,79,,37732,17,,,0,40,,37733,17,,,0
500,'5383',640,,53729,17,,,0,116,,53725,17,,,0,101,,53728,17,,,0,80,,53719,17,,,0,85,,53726,17,,,0,80,,53720,17,,,0,41,,53735,17,,,0,80,,53727,17,,,0,80,,53718,17,,,0,41,,53724,17,,,0,80,,53721,17,,,0,81,,53731,17,,,0,40,,53722,17,,,0,79,,53723,17,,,0,79,,53732,17,,,0,35,,53733,17,,,0,80,,53734,17,,,0,40,,53730,17,,,0,89,,53736,17,,,0
500,'5384',740,,53750,17,,,0,161,,53749,17,,,0,121,,53748,17,,,0,80,,53743,17,,,0,40,,53737,17,,,0,81,,53738,17,,,0,80,,53751,17,,,0,40,,53744,17,,,0,81,,53741,17,,,0,80,,53739,17,,,0,40,,53740,17,,,0,80,,53752,17,,,0,79,,53745,17,,,0,35,,53742,17,,,0,79,,53746,17,,,0,40,,53747,17,,,0
500,'5385',614,,53761,17,,,0,96,,53754,17,,,0,32,,53756,17,,,0,70,,53753,17,,,0,31,,53755,17,,,0,70,,53758,17,,,0,46,,53757,17,,,0,73,,53766,17,,,0,80,,53763,17,,,0,41,,53759,17,,,0,80,,53760,17,,,0,81,,53762,17,,,0,39,,53767,17,,,0,80,,53764,17,,,0,76,,53765,17,,,0,36,,53769,17,,,0,77,,53768,17,,,0,34,,53770,17,,,0,89,,53771,17,,,0,76,,53772,17,,,0,85,,53774,17,,,0,45,,53773,17,,,0
1000,'4663',632,,54757,8,,,0,84,,54749,8,,,0,36,,54748,8,,,0,78,,54747,8,,,0,84,,54750,8,,,0,39,,54746,8,,,0,95,,54753,8,,,0,155,,54751,8,,,0,50,,54745,8,,,0,76,,54754,8,,,0,86,,54744,8,,,0,42,,54756,8,,,0,96,,54743,8,,,0,81,,54755,8,,,0,87,,54742,8,,,0,80,,54752,8,,,0,21,,54741,8,,,0,30,,54739,8,,,0,94,,54740,8,,,0
1000,'5372',632,,38926,8,,,0,84,,38918,8,,,0,36,,38917,8,,,0,78,,38916,8,,,0,84,,38919,8,,,0,39,,38915,8,,,0,95,,38922,8,,,0,155,,38920,8,,,0,50,,38914,8,,,0,76,,38923,8,,,0,86,,38913,8,,,0,42,,38925,8,,,0,96,,38912,8,,,0,81,,38924,8,,,0,87,,38911,8,,,0,80,,38921,8,,,0,21,,38910,8,,,0,30,,38908,8,,,0,94,,38909,8,,,0
1000,'5377',730,,38966,8,,,0,101,,38965,8,,,0,99,,38963,8,,,0,104,,38962,8,,,0,102,,38969,8,,,0,110,,38968,8,,,0,90,,38964,8,,,0,107,,38967,8,,,0,100,,38971,8,,,0,99,,38970,8,,,0,102,,38973,8,,,0,104,,38972,8,,,0,99,,38974,8,,,0
1000,'5383',730,,54768,8,,,0,101,,54772,8,,,0,102,,54759,8,,,0,97,,54762,8,,,0,108,,54765,8,,,0,110,,54764,8,,,0,97,,54760,8,,,0,100,,54763,8,,,0,100,,54761,8,,,0,103,,54766,8,,,0,103,,54767,8,,,0,99,,54770,8,,,0,98,,54771,8,,,0
1000,'5384',730,,54777,8,,,0,101,,54776,8,,,0,99,,54774,8,,,0,104,,54773,8,,,0,102,,54780,8,,,0,110,,54779,8,,,0,90,,54775,8,,,0,107,,54778,8,,,0,100,,54782,8,,,0,99,,54781,8,,,0,102,,54784,8,,,0,104,,54783,8,,,0,99,,54785,8,,,0
1000,'5385',632,,54804,8,,,0,84,,54796,8,,,0,36,,54795,8,,,0,78,,54794,8,,,0,84,,54797,8,,,0,39,,54793,8,,,0,95,,54800,8,,,0,155,,54798,8,,,0,50,,54792,8,,,0,76,,54801,8,,,0,86,,54791,8,,,0,42,,54803,8,,,0,96,,54790,8,,,0,81,,54802,8,,,0,87,,54789,8,,,0,80,,54799,8,,,0,21,,54788,8,,,0,30,,54786,8,,,0,94,,54787,8,,,0
3000,'4663',544,,58514,3,,,0,90,,58515,3,,,0,72,,58516,3,,,0,31,,58517,3,,,0,71,,58518,3,,,0,32,,58519,3,,,0,70,,58520,3,,,0,30,,58521,3,,,0,70,,58522,3,,,0,30,,58523,3,,,0,70,,58524,3,,,0,30,,58525,3,,,0,70,,58526,3,,,0,30,,58527,3,,,0,70,,58528,3,,,0,30,,58529,3,,,0,67,,58530,3,,,0,32,,58531,3,,,0,71,,58532,3,,,0,32,,58533,3,,,0,75,,58534,3,,,0,31,,58535,3,,,0,74,,58536,3,,,0,31,,58537,3,,,0,67,,58538,3,,,0,28,,58539,3,,,0,68,,58540,3,,,0,33,,58541,3,,,0,73,,58542,3,,,0,86,,58543,3,,,0,100,,58544,3,,,0,100,,58545,3,,,0,110,,58546,3,,,0
3000,'5372',544,,43393,3,,,0,90,,43394,3,,,0,72,,43395,3,,,0,31,,43396,3,,,0,71,,43397,3,,,0,32,,43398,3,,,0,70,,43399,3,,,0,30,,43400,3,,,0,70,,43401,3,,,0,30,,43402,3,,,0,70,,43403,3,,,0,30,,43404,3,,,0,70,,43405,3,,,0,30,,43406,3,,,0,70,,43407,3,,,0,30,,51685,3,,,0,67,,43409,3,,,0,32,,51686,3,,,0,71,,43411,3,,,0,32,,43412,3,,,0,75,,51687,3,,,0,31,,43414,3,,,0,74,,43415,3,,,0,31,,43416,3,,,0,67,,43417,3,,,0,28,,43418,3,,,0,68,,43419,3,,,0,33,,43420,3,,,0,73,,43421,3,,,0,86,,43422,3,,,0,100,,43423,3,,,0,100,,43424,3,,,0,110,,43425,3,,,0
3000,'5377',743,,43489,3,,,0,100,,43490,3,,,0,84,,43491,3,,,0,80,,43492,3,,,0,40,,43493,3,,,0,75,,43494,3,,,0,30,,43495,3,,,0,70,,43496,3,,,0,30,,43497,3,,,0,70,,43498,3,,,0,30,,43499,3,,,0,70,,43500,3,,,0,30,,43501,3,,,0,70,,43502,3,,,0,30,,43503,3,,,0,70,,43504,3,,,0,30,,43505,3,,,0,70,,43506,3,,,0,30,,43507,3,,,0,70,,43508,3,,,0,80,,43509,3,,,0,40,,43510,3,,,0,80,,43511,3,,,0,87,,43512,3,,,0,98,,43513,3,,,0,100,,43514,3,,,0
3000,'5383',632,,58547,3,,,0,100,,58548,3,,,0,78,,58549,3,,,0,38,,58550,3,,,0,71,,58551,3,,,0,32,,58552,3,,,0,72,,58553,3,,,0,30,,58554,3,,,0,70,,58555,3,,,0,30,,58556,3,,,0,70,,58557,3,,,0,29,,58558,3,,,0,70,,58559,3,,,0,30,,58560,3,,,0,70,,58561,3,,,0,30,,58562,3,,,0,71,,58563,3,,,0,29,,58564,3,,,0,70,,58565,3,,,0,30,,58566,3,,,0,70,,58567,3,,,0,30,,58568,3,,,0,70,,58569,3,,,0,80,,58570,3,,,0,40,,58571,3,,,0,80,,58572,3,,,0,85,,58573,3,,,0,100,,58574,3,,,0,100,,58575,3,,,0,110,,58576,3,,,0
3000,'5384',743,,58577,3,,,0,100,,58578,3,,,0,84,,58579,3,,,0,80,,58580,3,,,0,40,,58581,3,,,0,75,,58582,3,,,0,30,,58583,3,,,0,70,,58584,3,,,0,30,,58585,3,,,0,70,,58586,3,,,0,30,,58587,3,,,0,70,,58588,3,,,0,30,,58589,3,,,0,70,,58590,3,,,0,30,,58591,3,,,0,70,,58592,3,,,0,30,,58593,3,,,0,70,,58594,3,,,0,30,,58595,3,,,0,70,,58596,3,,,0,80,,58597,3,,,0,40,,58598,3,,,0,80,,58599,3,,,0,87,,58600,3,,,0,98,,58601,3,,,0,100,,58602,3,,,0
3000,'5385',544,,58603,3,,,0,90,,58604,3,,,0,72,,58605,3,,,0,31,,58606,3,,,0,71,,58607,3,,,0,32,,58608,3,,,0,70,,58609,3,,,0,30,,58610,3,,,0,70,,58611,3,,,0,30,,58612,3,,,0,70,,58613,3,,,0,30,,58614,3,,,0,70,,58615,3,,,0,30,,58616,3,,,0,70,,58617,3,,,0,30,,58618,3,,,0,67,,58619,3,,,0,32,,58620,3,,,0,71,,58621,3,,,0,32,,58622,3,,,0,75,,58623,3,,,0,31,,58624,3,,,0,74,,58625,3,,,0,31,,58626,3,,,0,67,,58627,3,,,0,28,,58628,3,,,0,68,,58629,3,,,0,33,,58630,3,,,0,73,,58631,3,,,0,86,,58632,3,,,0,100,,58633,3,,,0,100,,58634,3,,,0,110,,58635,3,,,0
3100,'4663',614,,58757,3,,,0,36,,58758,3,,,0,72,,58759,3,,,0,30,,58760,3,,,0,72,,58761,3,,,0,31,,58762,3,,,0,70,,58763,3,,,0,30,,58764,3,,,0,70,,58765,3,,,0,30,,58766,3,,,0,70,,58767,3,,,0,30,,58768,3,,,0,70,,58769,3,,,0,30,,58770,3,,,0,70,,58771,3,,,0,28,,58772,3,,,0,70,,58773,3,,,0,31,,58774,3,,,0,72,,58775,3,,,0,74,,58776,3,,,0,33,,58777,3,,,0,72,,58778,3,,,0,33,,58779,3,,,0,69,,58780,3,,,0,27,,58781,3,,,0,68,,58782,3,,,0,28,,58783,3,,,0,77,,58784,3,,,0,38,,58785,3,,,0,94,,58786,3,,,0,99,,58787,3,,,0,115,,58788,3,,,0,94,,58789,3,,,0
3100,'5372',614,,58790,3,,,0,36,,43690,3,,,0,72,,43691,3,,,0,30,,43692,3,,,0,72,,43693,3,,,0,31,,43694,3,,,0,70,,43695,3,,,0,30,,43696,3,,,0,70,,43697,3,,,0,30,,51697,3,,,0,70,,43699,3,,,0,30,,43700,3,,,0,70,,51698,3,,,0,30,,43702,3,,,0,70,,43703,3,,,0,28,,51699,3,,,0,70,,43705,3,,,0,31,,43706,3,,,0,72,,43707,3,,,0,74,,43708,3,,,0,33,,43709,3,,,0,72,,43710,3,,,0,33,,43711,3,,,0,69,,43712,3,,,0,27,,43713,3,,,0,68,,43714,3,,,0,28,,43715,3,,,0,77,,43716,3,,,0,38,,43717,3,,,0,94,,43718,3,,,0,99,,43719,3,,,0,115,,43720,3,,,0,94,,50206,3,,,0
3100,'5377',702,,43785,3,,,0,111,,43786,3,,,0,94,,43787,3,,,0,40,,43788,3,,,0,80,,43789,3,,,0,80,,43790,3,,,0,30,,43791,3,,,0,70,,43792,3,,,0,30,,43793,3,,,0,70,,43794,3,,,0,30,,43795,3,,,0,70,,43796,3,,,0,30,,43797,3,,,0,70,,43798,3,,,0,30,,43799,3,,,0,70,,43800,3,,,0,30,,43801,3,,,0,70,,43802,3,,,0,30,,43803,3,,,0,70,,43804,3,,,0,35,,43805,3,,,0,80,,43806,3,,,0,80,,43807,3,,,0,40,,43808,3,,,0,95,,43809,3,,,0,100,,43810,3,,,0,114,,43811,3,,,0
3100,'5383',702,,58791,3,,,0,48,,58792,3,,,0,81,,58793,3,,,0,73,,58794,3,,,0,31,,58795,3,,,0,72,,58796,3,,,0,32,,58797,3,,,0,69,,58798,3,,,0,30,,58799,3,,,0,70,,58800,3,,,0,30,,58801,3,,,0,69,,58802,3,,,0,30,,58803,3,,,0,70,,58804,3,,,0,30,,58805,3,,,0,71,,58806,3,,,0,29,,58807,3,,,0,70,,58808,3,,,0,30,,58809,3,,,0,70,,58810,3,,,0,30,,58811,3,,,0,70,,58812,3,,,0,35,,58813,3,,,0,80,,58814,3,,,0,80,,58815,3,,,0,40,,58816,3,,,0,95,,58817,3,,,0,100,,58818,3,,,0,118,,58819,3,,,0,92,,58820,3,,,0
3100,'5384',702,,58821,3,,,0,111,,58822,3,,,0,94,,58823,3,,,0,40,,58824,3,,,0,80,,58825,3,,,0,80,,58826,3,,,0,30,,58827,3,,,0,70,,58828,3,,,0,30,,58829,3,,,0,70,,58830,3,,,0,30,,58831,3,,,0,70,,58832,3,,,0,30,,58833,3,,,0,70,,58834,3,,,0,30,,58835,3,,,0,70,,58836,3,,,0,30,,58837,3,,,0,70,,58838,3,,,0,30,,58839,3,,,0,70,,58840,3,,,0,35,,58841,3,,,0,80,,58842,3,,,0,80,,58843,3,,,0,40,,58844,3,,,0,95,,58845,3,,,0,100,,58846,3,,,0,114,,58847,3,,,0
3100,'5385',614,,58848,3,,,0,36,,58849,3,,,0,72,,58850,3,,,0,30,,58851,3,,,0,72,,58852,3,,,0,31,,58853,3,,,0,70,,58854,3,,,0,30,,58855,3,,,0,70,,58856,3,,,0,30,,58857,3,,,0,70,,58858,3,,,0,30,,58859,3,,,0,70,,58860,3,,,0,30,,58861,3,,,0,70,,58862,3,,,0,28,,58863,3,,,0,70,,58864,3,,,0,31,,58865,3,,,0,72,,58866,3,,,0,74,,58867,3,,,0,33,,58868,3,,,0,72,,58869,3,,,0,33,,58870,3,,,0,69,,58871,3,,,0,27,,58872,3,,,0,68,,58873,3,,,0,28,,58874,3,,,0,77,,58875,3,,,0,38,,58876,3,,,0,94,,58877,3,,,0,99,,58878,3,,,0,115,,58879,3,,,0,94,,58880,3,,,0
3200,'4663',1647,,59020,2,,,0
3200,'5372',1647,,44004,2,,,0
3200,'5385',1647,,59065,2,,,0
4701,'4663',1613,,59617,2,,,0,30,,59618,2,,,0,74,,59619,2,,,0
4701,'5372',1613,,51727,2,,,0,30,,51728,2,,,0,74,,51729,2,,,0
4701,'5385',1613,,59620,2,,,0,30,,59621,2,,,0,74,,59622,2,,,0
4801,'4663',1613,,59629,2,,,0,28,,59630,2,,,0,77,,59631,2,,,0
4801,'5372',1613,,59632,2,,,0,28,,59633,2,,,0,77,,59634,2,,,0
4801,'5385',1613,,59635,2,,,0,28,,59636,2,,,0,77,,59637,2,,,0
5301,'4663',1617,,60024,2,,,0
5301,'5372',1617,,51777,2,,,0
5301,'5385',1617,,60048,2,,,0
6101,'4663',1506,,60888,2,,,0,30,,60889,2,,,0,73,,60897,2,,,0,24,,60899,2,,,0,17,,60891,2,,,0,64,,60903,2,,,0,42,,60894,2,,,0
6101,'5372',1506,,51821,2,,,0,30,,51822,2,,,0,73,,51827,2,,,0,24,,51828,2,,,0,17,,51824,2,,,0,64,,51830,2,,,0,42,,51825,2,,,0
6101,'5385',1506,,60976,2,,,0,30,,60977,2,,,0,73,,60985,2,,,0,24,,60987,2,,,0,17,,60979,2,,,0,64,,60991,2,,,0,42,,60982,2,,,0
6501,'4663',1555,,61041,2,,,0,68,,61040,2,,,0,36,,61043,2,,,0,70,,61042,2,,,0
6501,'5372',1659,,51848,2,,,0,70,,51847,2,,,0
6501,'5373',1555,,61045,2,,,0,68,,61044,2,,,0
6501,'5381',1555,,61047,2,,,0,68,,61046,2,,,0
6501,'5385',1659,,61049,2,,,0,70,,61048,2,,,0
6501,'5387',1555,,61051,2,,,0,68,,61050,2,,,0
6501,'5388',1555,,61053,2,,,0,68,,61052,2,,,0
7000,'4663',456,,61069,2,,,0,88,,61059,2,,,0,92,,61056,2,,,0,101,,61060,2,,,0,101,,61054,2,,,0,83,,61070,2,,,0,16,,61057,2,,,0,99,,61068,2,,,0,81,,61071,2,,,0,16,,61066,2,,,0,100,,61055,2,,,0,80,,61072,2,,,0,18,,61062,2,,,0,100,,61064,2,,,0,79,,61073,2,,,0,18,,61058,2,,,0,103,,61061,2,,,0,89,,61074,2,,,0,19,,61063,2,,,0,99,,61075,2,,,0,103,,61065,2,,,0,211,,61067,2,,,0
7000,'5355',937,,61076,2,,,0
7000,'5372',456,,46365,2,,,0,88,,46355,2,,,0,92,,46353,2,,,0,101,,46356,2,,,0,101,,46351,2,,,0,83,,46366,2,,,0,115,,46364,2,,,0,81,,46367,2,,,0,16,,46362,2,,,0,100,,46352,2,,,0,80,,46368,2,,,0,18,,46358,2,,,0,100,,46360,2,,,0,79,,46369,2,,,0,18,,46354,2,,,0,103,,46357,2,,,0,89,,46370,2,,,0,19,,46359,2,,,0,99,,46371,2,,,0,103,,46361,2,,,0,211,,46363,2,,,0
7000,'5374',937,,46394,2,,,0
7000,'5375',937,,46395,2,,,0
7000,'5377',549,,46425,2,,,0,98,,46439,2,,,0,97,,46419,2,,,0,98,,46438,2,,,0,83,,46420,2,,,0,15,,46421,2,,,0,99,,46422,2,,,0,83,,46423,2,,,0,15,,46424,2,,,0,99,,46426,2,,,0,83,,46427,2,,,0,16,,46428,2,,,0,100,,46429,2,,,0,85,,46430,2,,,0,16,,46431,2,,,0,101,,46432,2,,,0,85,,46433,2,,,0,18,,46434,2,,,0,101,,46435,2,,,0,103,,46436,2,,,0,101,,46440,2,,,0,112,,46437,2,,,0
7000,'5383',452,,61098,2,,,0,95,,61097,2,,,0,99,,61099,2,,,0,82,,61078,2,,,0,14,,61079,2,,,0,99,,61080,2,,,0,86,,61081,2,,,0,13,,61077,2,,,0,96,,61082,2,,,0,84,,61083,2,,,0,16,,61084,2,,,0,99,,61085,2,,,0,83,,61086,2,,,0,15,,61087,2,,,0,102,,61088,2,,,0,82,,61089,2,,,0,16,,61090,2,,,0,102,,61091,2,,,0,84,,61092,2,,,0,17,,61093,2,,,0,105,,61096,2,,,0,101,,61094,2,,,0,215,,61095,2,,,0
7000,'5384',549,,61106,2,,,0,98,,61120,2,,,0,97,,61100,2,,,0,98,,61119,2,,,0,83,,61101,2,,,0,15,,61102,2,,,0,99,,61103,2,,,0,83,,61104,2,,,0,15,,61105,2,,,0,99,,61107,2,,,0,83,,61108,2,,,0,16,,61109,2,,,0,100,,61110,2,,,0,85,,61111,2,,,0,16,,61112,2,,,0,101,,61113,2,,,0,85,,61114,2,,,0,18,,61115,2,,,0,101,,61116,2,,,0,103,,61117,2,,,0,101,,61121,2,,,0,112,,61118,2,,,0
7000,'5385',456,,61136,2,,,0,88,,61126,2,,,0,92,,61124,2,,,0,101,,61127,2,,,0,101,,61122,2,,,0,83,,61137,2,,,0,115,,61135,2,,,0,81,,61138,2,,,0,16,,61133,2,,,0,100,,61123,2,,,0,80,,61139,2,,,0,18,,61129,2,,,0,100,,61131,2,,,0,79,,61140,2,,,0,18,,61125,2,,,0,103,,61128,2,,,0,89,,61141,2,,,0,19,,61130,2,,,0,99,,61142,2,,,0,103,,61132,2,,,0,211,,61134,2,,,0
7000,'5386',937,,61143,2,,,0
7100,'4663',1506,,61211,2,,,0,104,,61212,2,,,0,106,,61213,2,,,0
7100,'5372',1506,,46552,2,,,0,104,,46553,2,,,0,106,,46554,2,,,0
7100,'5385',1506,,61214,2,,,0,104,,61215,2,,,0,106,,61216,2,,,0
7200,'4663',524,,61247,2,,,0,28,,61241,2,,,0,75,,61230,2,,,0,28,,61246,2,,,0,66,,61253,2,,,0,31,,61234,2,,,0,72,,61248,2,,,0,30,,61242,2,,,0,70,,61226,2,,,0,31,,61249,2,,,0,69,,61238,2,,,0,30,,61232,2,,,0,66,,61224,2,,,0,30,,61225,2,,,0,68,,61231,2,,,0,30,,61223,2,,,0,68,,61254,2,,,0,30,,61227,2,,,0,69,,61235,2,,,0,28,,61229,2,,,0,70,,61228,2,,,0,28,,61233,2,,,0,71,,61236,2,,,0,32,,61255,2,,,0,79,,61243,2,,,0,29,,61237,2,,,0,71,,61240,2,,,0,30,,61239,2,,,0,71,,61245,2,,,0,35,,61251,2,,,0,71,,61244,2,,,0,99,,61250,2,,,0,101,,61252,2,,,0,121,,61256,2,0,10 11 12,0
7200,'5355',627,,61257,2,,,0,591,,61258,2,,,0,323,,61259,2,,,0
7200,'5372',524,,46585,2,,,0,28,,46579,2,,,0,103,,46584,2,,,0,66,,46591,2,,,0,31,,46572,2,,,0,72,,46586,2,,,0,30,,46580,2,,,0,70,,46567,2,,,0,31,,46587,2,,,0,69,,46576,2,,,0,30,,46571,2,,,0,66,,46565,2,,,0,30,,46566,2,,,0,98,,46564,2,,,0,68,,46592,2,,,0,30,,46568,2,,,0,69,,46573,2,,,0,28,,46570,2,,,0,70,,46569,2,,,0,99,,46574,2,,,0,32,,46593,2,,,0,79,,46581,2,,,0,29,,46575,2,,,0,71,,46578,2,,,0,30,,46577,2,,,0,71,,46583,2,,,0,35,,46589,2,,,0,71,,46582,2,,,0,99,,46588,2,,,0,101,,46590,2,,,0,121,,46594,2,0,10 11 12,0
7200,'5374',627,,46629,2,,,0,591,,46630,2,,,0,323,,46631,2,,,0
7200,'5375',627,,46632,2,,,0,591,,46633,2,,,0,323,,46634,2,,,0
7200,'5377',632,,46668,2,,,0,99,,46669,2,,,0,100,,46672,2,,,0,98,,46670,2,,,0,97,,46671,2,,,0,30,,46673,2,,,0,69,,46674,2,,,0,29,,46675,2,,,0,69,,46676,2,,,0,30,,46677,2,,,0,70,,46678,2,,,0,30,,46679,2,,,0,70,,46680,2,,,0,29,,46681,2,,,0,70,,46682,2,,,0,29,,46683,2,,,0,70,,46684,2,,,0,33,,46685,2,,,0,71,,46686,2,,,0,32,,46687,2,,,0,70,,46688,2,,,0,30,,46689,2,,,0,73,,46690,2,,,0,99,,46691,2,,,0,102,,46692,2,,,0,103,,46693,2,,,0,77,,46694,2,0,10 11 12,0
7200,'5383',535,,61260,2,,,0,96,,61261,2,,,0,73,,61262,2,,,0,27,,61263,2,,,0,69,,61264,2,,,0,30,,61265,2,,,0,70,,61266,2,,,0,30,,61267,2,,,0,70,,61268,2,,,0,25,,61269,2,,,0,29,,61270,2,,,0,69,,61271,2,,,0,29,,61272,2,,,0,70,,61273,2,,,0,29,,61274,2,,,0,70,,61275,2,,,0,30,,61276,2,,,0,69,,61277,2,,,0,30,,61278,2,,,0,70,,61279,2,,,0,30,,61280,2,,,0,69,,61281,2,,,0,32,,61282,2,,,0,71,,61283,2,,,0,30,,61284,2,,,0,72,,61285,2,,,0,31,,61286,2,,,0,72,,61287,2,,,0,31,,61288,2,,,0,71,,61289,2,,,0,99,,61290,2,,,0,102,,61291,2,,,0,121,,61292,2,0,10 11 12,0
7200,'5384',632,,61293,2,,,0,99,,61294,2,,,0,100,,61297,2,,,0,98,,61295,2,,,0,97,,61296,2,,,0,30,,61298,2,,,0,69,,61299,2,,,0,29,,61300,2,,,0,69,,61301,2,,,0,30,,61302,2,,,0,70,,61303,2,,,0,30,,61304,2,,,0,70,,61305,2,,,0,29,,61306,2,,,0,70,,61307,2,,,0,29,,61308,2,,,0,70,,61309,2,,,0,33,,61310,2,,,0,71,,61311,2,,,0,32,,61312,2,,,0,70,,61313,2,,,0,30,,61314,2,,,0,73,,61315,2,,,0,99,,61316,2,,,0,102,,61317,2,,,0,103,,61318,2,,,0,77,,61319,2,0,10 11 12,0
7200,'5385',524,,61341,2,,,0,28,,61335,2,,,0,103,,61340,2,,,0,66,,61347,2,,,0,31,,61328,2,,,0,72,,61342,2,,,0,30,,61336,2,,,0,70,,61323,2,,,0,31,,61343,2,,,0,69,,61332,2,,,0,30,,61327,2,,,0,66,,61321,2,,,0,30,,61322,2,,,0,98,,61320,2,,,0,68,,61348,2,,,0,30,,61324,2,,,0,69,,61329,2,,,0,28,,61326,2,,,0,70,,61325,2,,,0,99,,61330,2,,,0,32,,61349,2,,,0,79,,61337,2,,,0,29,,61331,2,,,0,71,,61334,2,,,0,30,,61333,2,,,0,71,,61339,2,,,0,35,,61345,2,,,0,71,,61338,2,,,0,99,,61344,2,,,0,101,,61346,2,,,0,121,,61350,2,0,10 11 12,0
7200,'5386',627,,61351,2,,,0,591,,61352,2,,,0,323,,61353,2,,,0
7500,'4663',500,,61489,3,0,13 14,0,18,,61490,3,0,13 14,0,15,,61491,3,0,13 14,0,18,,61492,3,0,13 14,0,57,,61488,3,0,13 14,0,16,,61493,3,0,13 14,0,15,,61494,3,0,13 14,0,15,,61495,3,0,13 14,0,56,,61496,3,0,13 14,0,23,,61497,3,0,13 14,0,22,,61498,3,0,13 14,0,66,,61499,3,0,13 14,0,29,,61500,3,0,13 14,0,74,,61501,3,0,13 14,0,28,,61502,3,0,13 14,0,70,,61503,3,0,13 14,0,27,,61504,3,0,13 14,0,69,,61505,3,0,13 14,0,30,,61506,3,0,13 14,0,70,,61507,3,0,13 14,0,28,,61508,3,0,13 14,0,70,,61509,3,0,13 14,0,23,,61510,3,0,13 14,0,71,,61511,3,0,13 14,0,34,,61512,3,0,13 14,0,67,,61513,3,0,13 14,0,30,,61514,3,0,13 14,0,65,,61515,3,0,13 14,0,21,,61516,3,0,13 14,0,20,,61517,3,0,13 14,0,60,,61518,3,0,13 14,0,22,,61519,3,0,13 14,0,20,,61520,3,0,13 14,0,68,,61521,3,0,13 14,0,37,,61522,3,0,13 14,0,151,,61523,3,0,13 14,0,96,,61524,3,0,13 14,0,107,,61525,3,0,13 14,0,110,,61526,3,0,13 14,0
7500,'5372',500,,46884,3,0,13 14,0,18,,46885,3,0,13 14,0,15,,46886,3,0,13 14,0,18,,46887,3,0,13 14,0,57,,46883,3,0,13 14,0,16,,46888,3,0,13 14,0,15,,46889,3,0,13 14,0,15,,46890,3,0,13 14,0,56,,46891,3,0,13 14,0,23,,46892,3,0,13 14,0,22,,46893,3,0,13 14,0,66,,46894,3,0,13 14,0,29,,46895,3,0,13 14,0,74,,46896,3,0,13 14,0,28,,46897,3,0,13 14,0,70,,46898,3,0,13 14,0,27,,46899,3,0,13 14,0,69,,46900,3,0,13 14,0,30,,46901,3,0,13 14,0,70,,46902,3,0,13 14,0,28,,51855,3,0,13 14,0,70,,61527,3,0,13 14,0,23,,46905,3,0,13 14,0,71,,46906,3,0,13 14,0,34,,46907,3,0,13 14,0,67,,46908,3,0,13 14,0,30,,46909,3,0,13 14,0,65,,46910,3,0,13 14,0,21,,46911,3,0,13 14,0,20,,46912,3,0,13 14,0,60,,46913,3,0,13 14,0,22,,46914,3,0,13 14,0,20,,46915,3,0,13 14,0,68,,46916,3,0,13 14,0,37,,46917,3,0,13 14,0,151,,46918,3,0,13 14,0,96,,46919,3,0,13 14,0,107,,50777,3,0,13 14,0
7500,'5373',2318,,46989,3,0,13 14,0
7500,'5377',607,,46990,3,0,13 14,0,97,,46991,3,0,13 14,0,101,,46992,3,0,13 14,0,32,,47011,3,0,47 48,0,20,,46993,3,0,13 14,0,72,,47012,3,0,47 48,0,25,,46994,3,0,13 14,0,83,,47013,3,0,47 48,0,16,,46995,3,0,13 14,0,69,,46996,3,0,13 14,0,30,,46997,3,0,13 14,0,69,,46998,3,0,13 14,0,29,,46999,3,0,13 14,0,70,,47000,3,0,13 14,0,30,,47001,3,0,13 14,0,69,,47002,3,0,13 14,0,30,,47003,3,0,13 14,0,100,,47004,3,0,13 14,0,101,,47005,3,0,13 14,0,107,,47006,3,0,13 14,0,144,,47007,3,0,13 14,0,104,,47008,3,0,13 14,0,97,,47009,3,0,13 14,0,135,,47010,3,0,13 14,0
7500,'5381',2318,,46960,3,0,13 14,0
7500,'5383',612,,61529,3,0,13 14,0,93,,61530,3,0,13 14,0,97,,61531,3,0,13 14,0,32,,61551,3,0,47 48,0,21,,61528,3,0,13 14,0,71,,61552,3,0,47 48,0,26,,61532,3,0,13 14,0,72,,61553,3,0,47 48,0,26,,61533,3,0,13 14,0,70,,61534,3,0,13 14,0,30,,61535,3,0,13 14,0,69,,61536,3,0,13 14,0,31,,61537,3,0,13 14,0,63,,61538,3,0,13 14,0,36,,61539,3,0,13 14,0,70,,61540,3,0,13 14,0,30,,61541,3,0,13 14,0,71,,61542,3,0,13 14,0,30,,61543,3,0,13 14,0,69,,61554,3,0,47 48,0,32,,61544,3,0,13 14,0,73,,61555,3,0,47 48,0,30,,61545,3,0,13 14,0,102,,61546,3,0,13 14,0,145,,61547,3,0,13 14,0,58,,61548,3,0,13 14,0,147,,61549,3,0,13 14,0,103,,61550,3,0,13 14,0
7500,'5384',607,,61556,3,0,13 14,0,97,,61557,3,0,13 14,0,101,,61558,3,0,13 14,0,32,,61577,3,0,47 48,0,20,,61559,3,0,13 14,0,72,,61578,3,0,47 48,0,25,,61560,3,0,13 14,0,83,,61579,3,0,47 48,0,16,,61561,3,0,13 14,0,69,,61562,3,0,13 14,0,30,,61563,3,0,13 14,0,69,,61564,3,0,13 14,0,29,,61565,3,0,13 14,0,70,,61566,3,0,13 14,0,30,,61567,3,0,13 14,0,69,,61568,3,0,13 14,0,30,,61569,3,0,13 14,0,100,,61570,3,0,13 14,0,101,,61571,3,0,13 14,0,107,,61572,3,0,13 14,0,144,,61573,3,0,13 14,0,104,,61574,3,0,13 14,0,97,,61575,3,0,13 14,0,135,,61576,3,0,13 14,0
7500,'5385',500,,61581,3,0,13 14,0,18,,61582,3,0,13 14,0,15,,61583,3,0,13 14,0,18,,61584,3,0,13 14,0,57,,61580,3,0,13 14,0,16,,61585,3,0,13 14,0,15,,61586,3,0,13 14,0,15,,61587,3,0,13 14,0,56,,61588,3,0,13 14,0,23,,61589,3,0,13 14,0,22,,61590,3,0,13 14,0,66,,61591,3,0,13 14,0,29,,61592,3,0,13 14,0,74,,61593,3,0,13 14,0,28,,61594,3,0,13 14,0,70,,61595,3,0,13 14,0,27,,61596,3,0,13 14,0,69,,61597,3,0,13 14,0,30,,61598,3,0,13 14,0,70,,61599,3,0,13 14,0,28,,61600,3,0,13 14,0,70,,61601,3,0,13 14,0,23,,61602,3,0,13 14,0,71,,61603,3,0,13 14,0,34,,61604,3,0,13 14,0,67,,61605,3,0,13 14,0,30,,61606,3,0,13 14,0,65,,61607,3,0,13 14,0,21,,61608,3,0,13 14,0,20,,61609,3,0,13 14,0,60,,61610,3,0,13 14,0,22,,61611,3,0,13 14,0,20,,61612,3,0,13 14,0,68,,61613,3,0,13 14,0,37,,61614,3,0,13 14,0,151,,61615,3,0,13 14,0,96,,61616,3,0,13 14,0,107,,61617,3,0,13 14,0
7500,'5387',2318,,61618,3,0,13 14,0
7500,'5388',2318,,61619,3,0,13 14,0
