2601,'4332',630,,57529,17,,,0,70,,57530,17,,,0,26,,57531,17,,,0,17,,57532,17,,,0,57,,57533,17,,,0,17,,57534,17,,,0,17,,57535,17,,,0,18,,57536,17,,,0,57,,57537,17,,,0,17,,57538,17,,,0,17,,57539,17,,,0,57,,57540,17,,,0,17,,57541,17,,,0,17,,57542,17,,,0,17,,57543,17,,,0,57,,57544,17,,,0,17,,57545,17,,,0,18,,57528,17,,,0,57,,57546,17,,,0,17,,57547,17,,,0,17,,57548,17,,,0,17,,57549,17,,,0,57,,57550,17,,,0,16,,57551,17,,,0,17,,57552,17,,,0,17,,57553,17,,,0,57,,57554,17,,,0,17,,57555,17,,,0,17,,57556,17,,,0,56,,57557,17,,,0,16,,57558,17,,,0,16,,57559,17,,,0,15,,57560,17,,,0,57,,57561,17,,,0,17,,57562,17,,,0,17,,57563,17,,,0,57,,57564,17,,,0,17,,57565,17,,,0,18,,57566,17,,,0,20,,57567,17,,,0,60,,57568,17,,,0,20,,57569,17,,,0,20,,57570,17,,,0,60,,57571,17,,,0,20,,57572,17,,,0,18,,57573,17,,,0,60,,57574,17,,,0,20,,57575,17,,,0,20,,57576,17,,,0,60,,57577,17,,,0,20,,57578,17,,,0,20,,57579,17,,,0,60,,57580,17,,,0,22,,57581,17,,,0,70,,57582,17,,,0,30,,57583,17,,,0,70,,57584,17,,,0,30,,57585,17,,,0,71,,57586,17,,,0
2601,'4663',604,,57476,17,,,0,22,,57477,17,,,0,17,,57478,17,,,0,14,,57475,17,,,0,55,,57484,17,,,0,16,,57495,17,,,0,16,,57490,17,,,0,12,,57506,17,,,0,57,,57486,17,,,0,15,,57491,17,,,0,11,,57488,17,,,0,15,,57494,17,,,0,55,,57485,17,,,0,14,,57493,17,,,0,15,,57501,17,,,0,15,,57487,17,,,0,55,,57489,17,,,0,15,,57496,17,,,0,15,,57505,17,,,0,15,,57481,17,,,0,55,,57479,17,,,0,15,,57482,17,,,0,14,,57492,17,,,0,14,,57497,17,,,0,55,,57502,17,,,0,15,,57498,17,,,0,15,,57499,17,,,0,15,,57503,17,,,0,56,,57504,17,,,0,15,,57500,17,,,0,14,,57483,17,,,0,12,,57524,17,,,0,53,,57480,17,,,0,13,,57520,17,,,0,14,,57518,17,,,0,15,,57511,17,,,0,12,,57510,17,,,0,55,,57512,17,,,0,15,,57509,17,,,0,15,,57507,17,,,0,15,,57519,17,,,0,53,,57514,17,,,0,15,,57525,17,,,0,14,,57523,17,,,0,16,,57517,17,,,0,53,,57515,17,,,0,15,,57522,17,,,0,15,,57516,17,,,0,14,,57508,17,,,0,55,,57470,17,,,0,15,,57469,17,,,0,16,,57471,17,,,0,15,,57474,17,,,0,55,,57472,17,,,0,15,,57513,17,,,0,15,,57521,17,,,0,20,,57468,17,,,0,60,,57473,17,,,0,20,,57466,17,,,0,18,,57462,17,,,0,60,,57458,17,,,0,20,,57467,17,,,0,70,,57457,17,,,0,31,,57460,17,,,0,71,,57461,17,,,0,30,,57464,17,,,0,69,,57465,17,,,0,31,,57459,17,,,0,70,,57463,17,,,0
2601,'5078',650,,57610,17,,,0,62,,57597,17,,,0,23,,57587,17,,,0,22,,57606,17,,,0,60,,57611,17,,,0,26,,57596,17,,,0,60,,57589,17,,,0,20,,57607,17,,,0,23,,57600,17,,,0,58,,57590,17,,,0,18,,57594,17,,,0,18,,57588,17,,,0,18,,57608,17,,,0,58,,57592,17,,,0,19,,57613,17,,,0,18,,57591,17,,,0,58,,57595,17,,,0,18,,57593,17,,,0,18,,57604,17,,,0,58,,57601,17,,,0,18,,57614,17,,,0,18,,57598,17,,,0,18,,57609,17,,,0,58,,57602,17,,,0,18,,57605,17,,,0,18,,57603,17,,,0,58,,57612,17,,,0,18,,57599,17,,,0,18,,57623,17,,,0,58,,57618,17,,,0,18,,57622,17,,,0,17,,57616,17,,,0,17,,57625,17,,,0,57,,57615,17,,,0,20,,57621,17,,,0,20,,57619,17,,,0,60,,57620,17,,,0,20,,57624,17,,,0,20,,57617,17,,,0,59,,57627,17,,,0,20,,57633,17,,,0,20,,57629,17,,,0,60,,57632,17,,,0,20,,57628,17,,,0,20,,57626,17,,,0,60,,57630,17,,,0,22,,57631,17,,,0,70,,57634,17,,,0,30,,57635,17,,,0,70,,57636,17,,,0,30,,57637,17,,,0
2601,'5372',604,,42177,17,,,0,22,,42178,17,,,0,17,,42179,17,,,0,14,,42176,17,,,0,55,,42185,17,,,0,16,,42196,17,,,0,16,,42191,17,,,0,12,,42207,17,,,0,57,,42187,17,,,0,15,,42192,17,,,0,11,,51675,17,,,0,15,,42195,17,,,0,55,,42186,17,,,0,14,,42194,17,,,0,15,,42202,17,,,0,15,,50182,17,,,0,55,,42190,17,,,0,15,,42197,17,,,0,15,,42206,17,,,0,15,,42182,17,,,0,55,,51674,17,,,0,15,,42183,17,,,0,14,,42193,17,,,0,14,,50183,17,,,0,55,,42203,17,,,0,15,,42199,17,,,0,15,,50184,17,,,0,15,,42204,17,,,0,56,,42205,17,,,0,15,,42201,17,,,0,14,,42184,17,,,0,12,,42225,17,,,0,53,,42181,17,,,0,13,,42221,17,,,0,14,,42219,17,,,0,15,,42212,17,,,0,12,,42211,17,,,0,55,,42213,17,,,0,15,,42210,17,,,0,15,,42208,17,,,0,15,,50186,17,,,0,53,,42215,17,,,0,15,,42226,17,,,0,14,,42224,17,,,0,16,,42218,17,,,0,53,,50185,17,,,0,15,,42223,17,,,0,15,,42217,17,,,0,14,,42209,17,,,0,55,,50180,17,,,0,15,,42170,17,,,0,16,,42172,17,,,0,15,,42175,17,,,0,55,,50181,17,,,0,15,,42214,17,,,0,15,,42222,17,,,0,20,,50179,17,,,0,60,,42174,17,,,0,38,,42165,17,,,0,60,,42161,17,,,0,20,,50178,17,,,0,70,,42160,17,,,0,31,,42163,17,,,0,71,,42164,17,,,0,30,,42166,17,,,0,69,,42167,17,,,0,31,,50177,17,,,0
2601,'5373',2036,,57526,17,,,0
2601,'5385',604,,57655,17,,,0,22,,57656,17,,,0,17,,57657,17,,,0,14,,57654,17,,,0,55,,57663,17,,,0,16,,57674,17,,,0,16,,57669,17,,,0,12,,57685,17,,,0,57,,57665,17,,,0,15,,57670,17,,,0,11,,57667,17,,,0,15,,57673,17,,,0,55,,57664,17,,,0,14,,57672,17,,,0,15,,57680,17,,,0,15,,57666,17,,,0,55,,57668,17,,,0,15,,57675,17,,,0,15,,57684,17,,,0,15,,57660,17,,,0,55,,57658,17,,,0,15,,57661,17,,,0,14,,57671,17,,,0,14,,57676,17,,,0,55,,57681,17,,,0,15,,57677,17,,,0,15,,57678,17,,,0,15,,57682,17,,,0,56,,57683,17,,,0,15,,57679,17,,,0,14,,57662,17,,,0,12,,57703,17,,,0,53,,57659,17,,,0,13,,57699,17,,,0,14,,57697,17,,,0,15,,57690,17,,,0,12,,57689,17,,,0,55,,57691,17,,,0,15,,57688,17,,,0,15,,57686,17,,,0,15,,57698,17,,,0,53,,57693,17,,,0,15,,57704,17,,,0,14,,57702,17,,,0,16,,57696,17,,,0,53,,57694,17,,,0,15,,57701,17,,,0,15,,57695,17,,,0,14,,57687,17,,,0,55,,57649,17,,,0,15,,57648,17,,,0,16,,57650,17,,,0,15,,57653,17,,,0,55,,57651,17,,,0,15,,57692,17,,,0,15,,57700,17,,,0,20,,57647,17,,,0,60,,57652,17,,,0,38,,57643,17,,,0,60,,57639,17,,,0,20,,57646,17,,,0,70,,57638,17,,,0,31,,57641,17,,,0,71,,57642,17,,,0,30,,57644,17,,,0,69,,57645,17,,,0,31,,57640,17,,,0
2601,'5387',2036,,57705,17,,,0
2601,'5388',2036,,57706,17,,,0
1002601,'4663',1410,,62929,15,,,0,107,,62930,17,,,0
1002601,'5372',1517,,48602,17,,,0,13,,48601,15,,,0
1002601,'5385',1517,,62932,17,,,0,13,,62931,15,,,0
