7500,'4663',541,,61489,43,0,42 43,0,18,,61490,43,0,13 14,0,58,,61491,43,0,13 14,0,20,,61492,43,0,13 14,0,17,,61488,43,0,13 14,0,58,,61493,43,0,13 14,0,15,,61494,43,0,42 43,0,18,,61495,43,0,13 14 49,0,60,,61496,43,0,13 14,0,21,,61497,43,0,13 14,0,22,,61498,43,0,42 43,0,68,,61499,45,0,13 14,0,28,,61500,45,0,42 43,0,74,,61501,45,0,13 14,0,27,,61502,45,0,42 43,0,70,,61503,45,0,13 14,0,30,,61504,45,0,42 43,0,70,,61505,45,0,13 14,0,30,,61506,45,0,42 43,0,70,,61507,45,0,13 14,0,29,,61508,45,0,42 43,0,70,,61509,45,0,13 14,0,24,,61510,45,0,42 43,0,71,,61511,45,0,42 43,0,35,,61512,45,0,42 43,0,70,,61513,45,0,13 14,0,31,,61514,45,0,42 43,0,60,,61515,43,0,13 14 49,0,20,,61516,43,0,42 43,0,25,,61517,45,0,13 14 49,0,52,,61518,43,0,13 14 49,0,24,,61519,45,0,13 14,0,15,,61520,43,0,42 43,0,72,,61521,45,0,13 14,0,36,,61522,45,0,42 43,0,107,,61523,45,0,42 43,0,95,,61524,45,0,13 14,0,100,,61525,43,0,13 14,0,108,,61526,43,0,13 14,0
7500,'5372',541,,46884,43,0,42 43,0,18,,46885,43,0,13 14,0,58,,46886,43,0,13 14,0,20,,46887,43,0,13 14,0,17,,46883,43,0,13 14,0,58,,46888,43,0,13 14,0,15,,46889,43,0,42 43,0,18,,46890,43,0,13 14 49,0,60,,46891,43,0,13 14,0,21,,46892,43,0,13 14,0,22,,46893,43,0,42 43,0,68,,46894,45,0,13 14,0,28,,46895,45,0,42 43,0,74,,46896,45,0,13 14,0,27,,46897,45,0,42 43,0,70,,46898,45,0,13 14,0,30,,46899,45,0,42 43,0,70,,46900,45,0,13 14,0,30,,46901,45,0,42 43,0,70,,46902,45,0,13 14,0,29,,51855,45,0,42 43,0,70,,61527,45,0,13 14,0,24,,46905,45,0,42 43,0,71,,46906,45,0,42 43,0,35,,46907,45,0,42 43,0,70,,46908,45,0,13 14,0,31,,46909,45,0,42 43,0,60,,46910,43,0,13 14 49,0,20,,46911,43,0,42 43,0,25,,46912,45,0,13 14 49,0,52,,46913,43,0,13 14 49,0,24,,46914,45,0,13 14,0,15,,46915,43,0,42 43,0,72,,46916,45,0,13 14,0,36,,46917,45,0,42 43,0,107,,46918,45,0,42 43,0,95,,46919,45,0,13 14,0,100,,50777,43,0,13 14,0
7500,'5373',2359,,46989,43,0,13 14,0
7500,'5377',651,,46990,43,0,13 14,0,99,,46991,43,0,42 43,0,101,,46992,43,0,42 43,0,98,,46993,45,0,42 43,0,98,,46994,45,0,42 43,0,100,,46995,45,0,42 43,0,70,,46996,45,0,13 14,0,30,,46997,45,0,42 43,0,71,,46998,45,0,13 14,0,30,,46999,45,0,42 43,0,70,,47000,45,0,13 14,0,30,,47001,45,0,42 43,0,70,,47002,45,0,13 14,0,30,,47003,45,0,42 43,0,100,,47004,45,0,42 43,0,101,,47005,45,0,42 43,0,102,,47006,45,0,42 43,0,102,,47007,45,0,42 43,0,104,,47008,45,0,42 43,0,96,,47009,45,0,13 14,0,170,,47010,43,0,13 14,0
7500,'5381',2359,,46960,43,0,13 14,0
7500,'5383',657,,61529,43,0,13 14,0,94,,61530,43,0,42 43,0,99,,61531,43,0,42 43,0,98,,61528,45,0,42 43,0,98,,61532,45,0,42 43,0,101,,61533,45,0,42 43,0,70,,61534,45,0,13 14,0,30,,61535,45,0,42 43,0,70,,61536,45,0,13 14,0,31,,61537,45,0,42 43,0,64,,61538,45,0,13 14,0,36,,61539,45,0,42 43,0,70,,61540,45,0,13 14,0,30,,61541,45,0,42 43,0,71,,61542,45,0,13 14,0,30,,61543,45,0,42 43,0,100,,61544,45,0,42 43,0,102,,61545,45,0,42 43,0,101,,61546,45,0,42 43,0,101,,61547,45,0,42 43,0,98,,61548,45,0,13 14,0,102,,61549,43,0,13 14,0,101,,61550,43,0,13 14,0
7500,'5384',651,,61556,43,0,13 14,0,99,,61557,43,0,42 43,0,101,,61558,43,0,42 43,0,98,,61559,45,0,42 43,0,98,,61560,45,0,42 43,0,100,,61561,45,0,42 43,0,70,,61562,45,0,13 14,0,30,,61563,45,0,42 43,0,71,,61564,45,0,13 14,0,30,,61565,45,0,42 43,0,70,,61566,45,0,13 14,0,30,,61567,45,0,42 43,0,70,,61568,45,0,13 14,0,30,,61569,45,0,42 43,0,100,,61570,45,0,42 43,0,101,,61571,45,0,42 43,0,102,,61572,45,0,42 43,0,102,,61573,45,0,42 43,0,104,,61574,45,0,42 43,0,96,,61575,45,0,13 14,0,170,,61576,43,0,13 14,0
7500,'5385',541,,61581,43,0,42 43,0,18,,61582,43,0,13 14,0,58,,61583,43,0,13 14,0,20,,61584,43,0,13 14,0,17,,61580,43,0,13 14,0,58,,61585,43,0,13 14,0,15,,61586,43,0,42 43,0,18,,61587,43,0,13 14 49,0,60,,61588,43,0,13 14,0,21,,61589,43,0,13 14,0,22,,61590,43,0,42 43,0,68,,61591,45,0,13 14,0,28,,61592,45,0,42 43,0,74,,61593,45,0,13 14,0,27,,61594,45,0,42 43,0,70,,61595,45,0,13 14,0,30,,61596,45,0,42 43,0,70,,61597,45,0,13 14,0,30,,61598,45,0,42 43,0,70,,61599,45,0,13 14,0,29,,61600,45,0,42 43,0,70,,61601,45,0,13 14,0,24,,61602,45,0,42 43,0,71,,61603,45,0,42 43,0,35,,61604,45,0,42 43,0,70,,61605,45,0,13 14,0,31,,61606,45,0,42 43,0,60,,61607,43,0,13 14 49,0,20,,61608,43,0,42 43,0,25,,61609,45,0,13 14 49,0,52,,61610,43,0,13 14 49,0,24,,61611,45,0,13 14,0,15,,61612,43,0,42 43,0,72,,61613,45,0,13 14,0,36,,61614,45,0,42 43,0,107,,61615,45,0,42 43,0,95,,61616,45,0,13 14,0,100,,61617,43,0,13 14,0
7500,'5387',2359,,61618,43,0,13 14,0
7500,'5388',2359,,61619,43,0,13 14,0
