701,'4663',614,,54458,13,,,0,30,,54459,13,,,0,64,,54464,13,,,0,15,,54445,13,,,0,17,,54463,13,,,0,16,,54439,13,,,0,57,,54446,13,,,0,10,,54478,13,,,0,8,,54453,13,,,0,16,,54442,13,,,0,57,,54462,13,,,0,15,,54438,13,,,0,17,,54469,13,,,0,70,,54476,13,,,0,30,,54449,13,,,0,68,,54473,13,,,0,30,,54471,13,,,0,70,,54475,13,,,0,32,,54474,13,,,0,70,,54451,13,,,0,30,,54477,13,,,0,69,,54472,13,,,0,30,,54470,13,,,0,72,,54450,13,,,0,22,,54468,13,,,0,19,,54447,13,,,0,58,,54440,13,,,0,20,,54465,13,,,0,19,,54448,13,,,0,57,,54452,13,,,0,20,,54441,13,,,0,16,,54456,13,,,0,14,,54444,13,,,0,58,,54467,13,,,0,19,,54443,13,,,0,17,,54455,13,,,0,70,,54457,13,,,0,30,,54466,13,,,0,70,,54461,13,,,0,29,,54460,13,,,0,70,,54454,13,,,0
701,'5372',614,,38579,13,,,0,30,,38580,13,,,0,64,,38585,13,,,0,15,,38566,13,,,0,17,,38584,13,,,0,16,,38560,13,,,0,57,,38567,13,,,0,10,,38599,13,,,0,8,,38574,13,,,0,16,,38563,13,,,0,57,,38583,13,,,0,15,,38559,13,,,0,17,,38590,13,,,0,70,,38597,13,,,0,30,,38570,13,,,0,68,,38594,13,,,0,30,,38592,13,,,0,70,,38596,13,,,0,32,,38595,13,,,0,70,,38572,13,,,0,30,,38598,13,,,0,69,,38593,13,,,0,30,,51621,13,,,0,72,,38571,13,,,0,22,,38589,13,,,0,19,,38568,13,,,0,58,,38561,13,,,0,20,,38586,13,,,0,19,,38569,13,,,0,57,,38573,13,,,0,20,,38562,13,,,0,16,,38577,13,,,0,14,,38565,13,,,0,58,,38588,13,,,0,19,,38564,13,,,0,17,,38576,13,,,0,70,,38578,13,,,0,30,,38587,13,,,0,70,,38582,13,,,0,29,,38581,13,,,0,70,,38575,13,,,0
701,'5377',713,,49005,13,,,0,40,,38671,13,,,0,80,,38683,13,,,0,76,,38684,13,,,0,25,,49002,13,,,0,69,,38672,13,,,0,31,,38685,13,,,0,69,,49003,13,,,0,30,,38688,13,,,0,69,,38674,13,,,0,31,,38675,13,,,0,70,,38687,13,,,0,28,,49006,13,,,0,70,,38689,13,,,0,30,,38690,13,,,0,69,,38677,13,,,0,31,,49004,13,,,0,73,,38680,13,,,0,32,,38679,13,,,0,69,,38676,13,,,0,30,,38681,13,,,0,69,,38691,13,,,0,32,,38692,13,,,0,75,,38693,13,,,0,34,,49007,13,,,0,69,,38694,13,,,0
701,'5383',704,,54506,13,,,0,30,,54490,13,,,0,73,,54499,13,,,0,31,,54483,13,,,0,70,,54507,13,,,0,29,,54491,13,,,0,72,,54500,13,,,0,27,,54479,13,,,0,70,,54481,13,,,0,29,,54501,13,,,0,71,,54487,13,,,0,29,,54494,13,,,0,68,,54480,13,,,0,30,,54482,13,,,0,70,,54502,13,,,0,30,,54486,13,,,0,70,,54495,13,,,0,31,,54484,13,,,0,70,,54485,13,,,0,33,,54503,13,,,0,70,,54488,13,,,0,29,,54497,13,,,0,71,,54489,13,,,0,29,,54492,13,,,0,69,,54504,13,,,0,30,,54493,13,,,0,76,,54498,13,,,0,36,,54496,13,,,0,68,,54505,13,,,0
701,'5384',713,,54520,13,,,0,40,,54509,13,,,0,80,,54521,13,,,0,76,,54522,13,,,0,25,,54508,13,,,0,69,,54510,13,,,0,31,,54523,13,,,0,69,,54511,13,,,0,30,,54526,13,,,0,69,,54512,13,,,0,31,,54513,13,,,0,70,,54525,13,,,0,28,,54524,13,,,0,70,,54527,13,,,0,30,,54528,13,,,0,69,,54515,13,,,0,31,,54516,13,,,0,73,,54518,13,,,0,32,,54517,13,,,0,69,,54514,13,,,0,30,,54519,13,,,0,69,,54529,13,,,0,32,,54530,13,,,0,75,,54531,13,,,0,34,,54533,13,,,0,69,,54532,13,,,0
701,'5385',614,,54554,13,,,0,30,,54555,13,,,0,64,,54560,13,,,0,15,,54541,13,,,0,17,,54559,13,,,0,16,,54535,13,,,0,57,,54542,13,,,0,10,,54574,13,,,0,8,,54549,13,,,0,16,,54538,13,,,0,57,,54558,13,,,0,15,,54534,13,,,0,17,,54565,13,,,0,70,,54572,13,,,0,30,,54545,13,,,0,68,,54569,13,,,0,30,,54567,13,,,0,70,,54571,13,,,0,32,,54570,13,,,0,70,,54547,13,,,0,30,,54573,13,,,0,69,,54568,13,,,0,30,,54566,13,,,0,72,,54546,13,,,0,22,,54564,13,,,0,19,,54543,13,,,0,58,,54536,13,,,0,20,,54561,13,,,0,19,,54544,13,,,0,57,,54548,13,,,0,20,,54537,13,,,0,16,,54552,13,,,0,14,,54540,13,,,0,58,,54563,13,,,0,19,,54539,13,,,0,17,,54551,13,,,0,70,,54553,13,,,0,30,,54562,13,,,0,70,,54557,13,,,0,29,,54556,13,,,0,70,,54550,13,,,0
14000701,'4663',2146,,63101,18,,,0,72,,63099,18,,,0,28,,63102,18,,,0,70,,63100,18,,,0,36,,63103,18,,,0,68,,63104,18,,,0
14000701,'5372',2146,,48777,18,,,0,72,,48775,18,,,0,28,,48778,18,,,0,70,,48776,18,,,0,36,,48779,18,,,0,68,,48780,18,,,0
14000701,'5377',2046,,51594,18,,,0,70,,48795,18,,,0,40,,51595,18,,,0,62,,48796,18,,,0,99,,48797,18,,,0,103,,48798,18,,,0
14000701,'5383',2147,,63105,18,,,0,72,,63106,18,,,0,30,,63108,18,,,0,69,,63107,18,,,0,35,,63109,18,,,0,67,,63110,18,,,0
14000701,'5384',2046,,63111,18,,,0,70,,63113,18,,,0,40,,63112,18,,,0,62,,63114,18,,,0,99,,63115,18,,,0,103,,63116,18,,,0
14000701,'5385',2146,,63119,18,,,0,72,,63117,18,,,0,28,,63120,18,,,0,70,,63118,18,,,0,36,,63121,18,,,0,68,,63122,18,,,0
