100,'4663',705,,52693,2,,,0,42,,52692,2,,,0,763,,52691,4,,,0,48,,52690,2,,,0,99,,52689,2,,,0
100,'5372',705,,36467,2,,,0,42,,36466,2,,,0,763,,36465,4,,,0,48,,36464,2,,,0,99,,36463,2,,,0
100,'5385',705,,52698,2,,,0,42,,52697,2,,,0,763,,52696,4,,,0,48,,52695,2,,,0,99,,52694,2,,,0
701,'4332',659,,54506,3,,,0,70,,54490,3,,,0,71,,54499,3,,,0,31,,54483,3,,,0,70,,54507,3,,,0,29,,54491,3,,,0,71,,54500,3,,,0,27,,54479,3,,,0,30,,54481,3,,,0,69,,54501,3,,,0,31,,54487,3,,,0,69,,54494,3,,,0,28,,54480,3,,,0,70,,54482,3,,,0,30,,54502,3,,,0,70,,54486,3,,,0,30,,54495,3,,,0,71,,54484,3,,,0,30,,54485,3,,,0,73,,54503,3,,,0,30,,54488,3,,,0,69,,54497,3,,,0,31,,54489,3,,,0,70,,54492,3,,,0,29,,54504,3,,,0,70,,54493,3,,,0,76,,54498,3,,,0,36,,54496,3,,,0,68,,54505,3,,,0
701,'4663',608,,54458,3,,,0,29,,54459,3,,,0,64,,54464,3,,,0,15,,54445,3,,,0,16,,54463,3,,,0,15,,54439,3,,,0,57,,54446,3,,,0,10,,54478,3,,,0,8,,54453,3,,,0,16,,54442,3,,,0,17,,54462,3,,,0,55,,54438,3,,,0,18,,54469,3,,,0,30,,54476,3,,,0,70,,54449,3,,,0,27,,54473,3,,,0,70,,54471,3,,,0,30,,54475,3,,,0,72,,54474,3,,,0,30,,54451,3,,,0,70,,54477,3,,,0,29,,54472,3,,,0,70,,54470,3,,,0,32,,54450,3,,,0,62,,54468,3,,,0,19,,54447,3,,,0,18,,54440,3,,,0,60,,54465,3,,,0,19,,54448,3,,,0,17,,54452,3,,,0,60,,54441,3,,,0,16,,54456,3,,,0,14,,54444,3,,,0,59,,54467,3,,,0,19,,54443,3,,,0,18,,54455,3,,,0,70,,54457,3,,,0,30,,54466,3,,,0,70,,54461,3,,,0,30,,54460,3,,,0,70,,54454,3,,,0
701,'5078',707,,54520,3,,,0,40,,54509,3,,,0,80,,54521,3,,,0,76,,54522,3,,,0,25,,54508,3,,,0,28,,54510,3,,,0,71,,54523,3,,,0,29,,54511,3,,,0,70,,54526,3,,,0,29,,54512,3,,,0,71,,54513,3,,,0,30,,54525,3,,,0,68,,54524,3,,,0,30,,54527,3,,,0,70,,54528,3,,,0,29,,54515,3,,,0,71,,54516,3,,,0,32,,54518,3,,,0,72,,54517,3,,,0,29,,54514,3,,,0,71,,54519,3,,,0,29,,54529,3,,,0,72,,54530,3,,,0,75,,54531,3,,,0,34,,54533,3,,,0,70,,54532,3,,,0
701,'5372',608,,38579,3,,,0,29,,38580,3,,,0,64,,38585,3,,,0,15,,38566,3,,,0,16,,38584,3,,,0,15,,38560,3,,,0,57,,38567,3,,,0,10,,38599,3,,,0,8,,38574,3,,,0,16,,38563,3,,,0,17,,38583,3,,,0,55,,38559,3,,,0,18,,38590,3,,,0,30,,38597,3,,,0,70,,38570,3,,,0,27,,38594,3,,,0,70,,38592,3,,,0,30,,38596,3,,,0,72,,38595,3,,,0,30,,38572,3,,,0,70,,38598,3,,,0,29,,38593,3,,,0,70,,51621,3,,,0,32,,38571,3,,,0,62,,38589,3,,,0,19,,38568,3,,,0,18,,38561,3,,,0,60,,38586,3,,,0,19,,38569,3,,,0,17,,38573,3,,,0,60,,38562,3,,,0,16,,38577,3,,,0,14,,38565,3,,,0,59,,38588,3,,,0,19,,38564,3,,,0,18,,38576,3,,,0,70,,38578,3,,,0,30,,38587,3,,,0,70,,38582,3,,,0,30,,38581,3,,,0,70,,38575,3,,,0
701,'5385',608,,54554,3,,,0,29,,54555,3,,,0,64,,54560,3,,,0,15,,54541,3,,,0,16,,54559,3,,,0,15,,54535,3,,,0,57,,54542,3,,,0,10,,54574,3,,,0,8,,54549,3,,,0,16,,54538,3,,,0,17,,54558,3,,,0,55,,54534,3,,,0,18,,54565,3,,,0,30,,54572,3,,,0,70,,54545,3,,,0,27,,54569,3,,,0,70,,54567,3,,,0,30,,54571,3,,,0,72,,54570,3,,,0,30,,54547,3,,,0,70,,54573,3,,,0,29,,54568,3,,,0,70,,54566,3,,,0,32,,54546,3,,,0,62,,54564,3,,,0,19,,54543,3,,,0,18,,54536,3,,,0,60,,54561,3,,,0,19,,54544,3,,,0,17,,54548,3,,,0,60,,54537,3,,,0,16,,54552,3,,,0,14,,54540,3,,,0,59,,54563,3,,,0,19,,54539,3,,,0,18,,54551,3,,,0,70,,54553,3,,,0,30,,54562,3,,,0,70,,54557,3,,,0,30,,54556,3,,,0,70,,54550,3,,,0
14000701,'4332',2138,,63105,3,,,0,72,,63106,3,,,0,30,,63108,3,,,0,69,,63107,3,,,0,36,,63109,3,,,0,67,,63110,3,,,0
14000701,'4663',2137,,63101,3,,,0,72,,63099,3,,,0,29,,63102,3,,,0,70,,63100,3,,,0,36,,63103,3,,,0,68,,63104,3,,,0
14000701,'5078',2037,,63111,3,,,0,70,,63113,3,,,0,40,,63112,3,,,0,62,,63114,3,,,0,100,,63115,3,,,0,103,,63116,3,,,0
14000701,'5372',2137,,48777,3,,,0,72,,48775,3,,,0,29,,48778,3,,,0,70,,48776,3,,,0,36,,48779,3,,,0,68,,48780,3,,,0
14000701,'5385',2137,,63119,3,,,0,72,,63117,3,,,0,29,,63120,3,,,0,70,,63118,3,,,0,36,,63121,3,,,0,68,,63122,3,,,0
