4800,'4663',637,,59625,34,,,0,22,,59624,34,,,0,67,,59623,34,,,0
4800,'5372',637,,44674,34,,,0,22,,44673,34,,,0,67,,44672,34,,,0
4800,'5385',637,,59628,34,,,0,22,,59627,34,,,0,67,,59626,34,,,0
5200,'4663',520,,59709,46,,,0,31,,59718,46,,,0,71,,59712,46,,,0,22,,59723,46,,,0,62,,59710,46,,,0,24,,59731,46,,,0,70,,59717,46,,,0,25,,59746,46,,,0,9,,59711,46,,,0,15,,59739,46,,,0,10,,59722,46,,,0,68,,59713,46,,,0,30,,59730,46,,,0,66,,59716,46,,,0,30,,59714,46,,,0,75,,59715,46,,,0,31,,59732,46,,,0,72,,59719,46,,,0,70,,59720,46,,,0,36,,59721,46,,,0,74,,59729,46,,,0,32,,59745,11,,,0,4,,59724,46,,,0,71,,59725,46,,,0,33,,59741,46,,,0,71,,59726,46,,,0,30,,59728,46,,,0,67,,59727,46,,,0,29,,59733,46,,,0,71,,59742,46,,,0,30,,59734,46,,,0,73,,59735,46,,,0,29,,59736,46,,,0,69,,59743,46,,,0,26,,59737,46,,,0,72,,59738,46,,,0,96,,59744,46,,,0,98,,59740,46,,,0,103,,59747,46,,,0
5200,'5372',520,,44768,46,,,0,31,,44777,46,,,0,71,,44771,46,,,0,22,,44782,46,,,0,62,,44769,46,,,0,24,,44790,46,,,0,70,,44776,46,,,0,25,,44805,46,,,0,9,,44770,46,,,0,15,,44798,46,,,0,10,,44781,46,,,0,68,,44772,46,,,0,30,,44789,46,,,0,66,,44775,46,,,0,30,,44773,46,,,0,75,,44774,46,,,0,31,,44791,46,,,0,72,,44778,46,,,0,70,,44779,46,,,0,36,,44780,46,,,0,74,,44788,46,,,0,36,,44783,46,,,0,71,,44784,46,,,0,22,,51755,11,,,0,11,,51754,46,,,0,71,,44785,46,,,0,30,,44787,46,,,0,67,,44786,46,,,0,29,,44792,46,,,0,71,,44801,46,,,0,30,,44793,46,,,0,73,,44794,46,,,0,29,,44795,46,,,0,69,,44802,46,,,0,26,,44796,46,,,0,72,,44797,46,,,0,96,,44803,46,,,0,98,,44799,46,,,0,103,,44806,46,,,0
5200,'5377',723,,44899,46,,,0,32,,44881,46,,,0,81,,44884,46,,,0,72,,44898,46,,,0,32,,44892,46,,,0,72,,50385,46,,,0,31,,44883,46,,,0,72,,44894,46,,,0,31,,44888,46,,,0,72,,50384,46,,,0,33,,44882,46,,,0,70,,44897,46,,,0,31,,44890,46,,,0,78,,50383,46,,,0,70,,44886,46,,,0,34,,44896,46,,,0,74,,44889,46,,,0,33,,50387,46,,,0,68,,44885,46,,,0,30,,44895,46,,,0,68,,44891,46,,,0,30,,50386,46,,,0,68,,44887,46,,,0,29,,44901,46,,,0,79,,44900,46,,,0,99,,44902,46,,,0,98,,44904,46,,,0,106,,44903,46,,,0
5200,'5383',653,,59765,46,,,0,70,,59764,46,,,0,81,,59759,46,,,0,35,,59767,46,,,0,72,,59762,46,,,0,33,,59748,46,,,0,70,,59755,46,,,0,30,,59774,46,,,0,72,,59753,46,,,0,35,,59750,46,,,0,73,,59756,46,,,0,32,,59776,46,,,0,75,,59751,46,,,0,73,,59749,46,,,0,36,,59758,46,,,0,66,,59775,46,,,0,34,,59754,46,,,0,72,,59761,46,,,0,35,,59757,46,,,0,68,,59772,46,,,0,30,,59752,46,,,0,69,,59763,46,,,0,22,,59769,46,,,0,64,,59760,46,,,0,24,,59768,46,,,0,24,,59771,46,,,0,68,,59770,46,,,0,28,,59766,46,,,0,70,,59773,46,,,0,100,,59777,46,,,0,93,,59778,46,,,0,108,,59779,46,,,0
5200,'5384',723,,59801,46,,,0,32,,59783,46,,,0,81,,59786,46,,,0,72,,59800,46,,,0,32,,59794,46,,,0,72,,59782,46,,,0,31,,59785,46,,,0,72,,59796,46,,,0,31,,59790,46,,,0,72,,59781,46,,,0,33,,59784,46,,,0,70,,59799,46,,,0,31,,59792,46,,,0,78,,59780,46,,,0,70,,59788,46,,,0,34,,59798,46,,,0,74,,59791,46,,,0,33,,59807,46,,,0,68,,59787,46,,,0,30,,59797,46,,,0,68,,59793,46,,,0,30,,59795,46,,,0,68,,59789,46,,,0,29,,59803,46,,,0,79,,59802,46,,,0,99,,59804,46,,,0,98,,59806,46,,,0,106,,59805,46,,,0
5200,'5385',520,,59808,46,,,0,31,,59817,46,,,0,71,,59811,46,,,0,22,,59822,46,,,0,62,,59809,46,,,0,24,,59830,46,,,0,70,,59816,46,,,0,25,,59845,46,,,0,9,,59810,46,,,0,15,,59838,46,,,0,10,,59821,46,,,0,68,,59812,46,,,0,30,,59829,46,,,0,66,,59815,46,,,0,30,,59813,46,,,0,75,,59814,46,,,0,31,,59831,46,,,0,72,,59818,46,,,0,70,,59819,46,,,0,36,,59820,46,,,0,74,,59828,46,,,0,36,,59823,46,,,0,71,,59824,46,,,0,22,,59844,11,,,0,11,,59840,46,,,0,71,,59825,46,,,0,30,,59827,46,,,0,67,,59826,46,,,0,29,,59832,46,,,0,71,,59841,46,,,0,30,,59833,46,,,0,73,,59834,46,,,0,29,,59835,46,,,0,69,,59842,46,,,0,26,,59836,46,,,0,72,,59837,46,,,0,96,,59843,46,,,0,98,,59839,46,,,0,103,,59846,46,,,0
5400,'4663',628,,60055,39,,,0,100,,60059,39,,,0,131,,60058,39,,,0,242,,60056,39,,,0,136,,60057,39,,,0,202,,60061,39,,,0,105,,60060,39,,,0,194,,60062,39,,,0,193,,60063,39,,,0,191,,60064,39,,,0
5400,'5372',628,,45183,39,,,0,100,,45187,39,,,0,131,,45186,39,,,0,242,,45184,39,,,0,136,,45185,39,,,0,202,,50513,39,,,0,105,,50512,39,,,0,194,,50514,39,,,0,193,,45191,39,,,0,191,,45192,39,,,0
5400,'5377',723,,45210,39,,,0,203,,50505,39,,,0,212,,50506,39,,,0,207,,50507,39,,,0,205,,45211,39,,,0,250,,50508,39,,,0,203,,50509,39,,,0
5400,'5383',724,,60071,39,,,0,204,,60070,39,,,0,211,,60067,39,,,0,207,,60068,39,,,0,206,,60069,39,,,0,249,,60066,39,,,0,203,,60065,39,,,0
5400,'5384',723,,60072,39,,,0,203,,60074,39,,,0,212,,60075,39,,,0,207,,60076,39,,,0,205,,60073,39,,,0,250,,60077,39,,,0,203,,60078,39,,,0
5400,'5385',628,,60079,39,,,0,100,,60083,39,,,0,131,,60082,39,,,0,242,,60080,39,,,0,136,,60081,39,,,0,202,,60085,39,,,0,105,,60084,39,,,0,194,,60086,39,,,0,193,,60087,39,,,0,191,,60088,39,,,0
