6101,'4663',542,,60873,38,,,0,68,,60874,38,,,0,29,,60877,38,,,0,67,,60887,38,,,0,38,,60883,38,,,0,79,,60872,38,,,0,77,,60875,38,,,0,25,,60886,38,,,0,34,,60879,38,,,0,88,,60876,38,,,0,77,,60884,38,,,0,77,,60880,38,,,0,37,,60878,38,,,0,77,,60885,38,,,0,26,,60881,38,,,0,73,,60892,3,,,0,5,,60882,38,,,0,36,,60890,38,,,0,72,,60893,38,,,0,31,,60895,38,,,0,69,,60888,61,,,0,17,,60900,38,,,0,14,,60889,61,,,0,73,,60897,61,,,0,19,,60899,61,,,0,54,,60891,61,,,0,20,,60903,61,,,0,77,,60894,61,,,0,13,,60896,38,,,0,30,,60898,38,,,0,86,,60902,38,,,0,89,,60901,38,,,0,97,,60904,38,,,0,43,,60906,38,,,0,97,,60907,38,,,0,84,,60905,38,,,0,99,,60908,38,,,0
6101,'5372',542,,50753,38,,,0,68,,46155,38,,,0,29,,46158,38,,,0,67,,46168,38,,,0,38,,46164,38,,,0,79,,46153,38,,,0,77,,46156,38,,,0,25,,46167,38,,,0,34,,46160,38,,,0,88,,50754,38,,,0,77,,51819,38,,,0,77,,46161,38,,,0,37,,46159,38,,,0,77,,51820,38,,,0,26,,46162,38,,,0,78,,46163,38,,,0,36,,51823,38,,,0,69,,46174,3,,,0,3,,46173,38,,,0,31,,46176,38,,,0,69,,51821,61,,,0,17,,46181,38,,,0,14,,51822,61,,,0,73,,51827,61,,,0,19,,51828,61,,,0,54,,51824,61,,,0,20,,51830,61,,,0,77,,51825,61,,,0,13,,60909,38,,,0,30,,46179,38,,,0,86,,51829,38,,,0,89,,46182,38,,,0,97,,46185,38,,,0,43,,46187,38,,,0,97,,46188,38,,,0,84,,46186,38,,,0
6101,'5377',618,,46256,37,,,0,103,,46257,37,,,0,34,,46258,38,,,0,89,,46255,38,,,0,94,,46259,38,,,0,87,,46260,38,,,0,88,,46261,38,,,0,87,,46262,38,,,0,103,,50742,38,,,0,46,,46264,38,,,0,101,,50743,38,,,0,85,,46266,38,,,0,101,,46267,38,,,0,80,,46268,38,,,0,100,,46269,38,,,0,89,,46270,38,,,0,97,,46271,38,,,0,100,,46272,38,,,0,41,,50744,38,,,0,99,,46274,38,,,0,96,,50745,38,,,0
6101,'5383',613,,60910,37,,,0,97,,60911,38,,,0,38,,60912,38,,,0,101,,60913,38,,,0,84,,60914,38,,,0,90,,60915,38,,,0,31,,60916,38,,,0,88,,60917,38,,,0,72,,60918,38,,,0,32,,60919,38,,,0,84,,60920,38,,,0,77,,60921,38,,,0,36,,60922,38,,,0,76,,60923,38,,,0,26,,60924,38,,,0,76,,60925,38,,,0,38,,60926,38,,,0,73,,60927,38,,,0,74,,60928,38,,,0,36,,60929,38,,,0,76,,60930,38,,,0,36,,60931,38,,,0,81,,60932,38,,,0,83,,60933,38,,,0,97,,60934,38,,,0,86,,60935,38,,,0,99,,60936,38,,,0,42,,60937,38,,,0,100,,60938,38,,,0
6101,'5384',618,,60940,37,,,0,103,,60941,37,,,0,34,,60942,38,,,0,89,,60939,38,,,0,94,,60943,38,,,0,87,,60944,38,,,0,88,,60945,38,,,0,87,,60946,38,,,0,103,,60947,38,,,0,46,,60948,38,,,0,101,,60949,38,,,0,85,,60950,38,,,0,101,,60951,38,,,0,80,,60952,38,,,0,100,,60953,38,,,0,89,,60954,38,,,0,97,,60955,38,,,0,100,,60956,38,,,0,41,,60957,38,,,0,99,,60958,38,,,0,96,,60959,38,,,0
6101,'5385',542,,60961,38,,,0,68,,60962,38,,,0,29,,60965,38,,,0,67,,60975,38,,,0,38,,60971,38,,,0,79,,60960,38,,,0,77,,60963,38,,,0,25,,60974,38,,,0,34,,60967,38,,,0,88,,60964,38,,,0,77,,60972,38,,,0,77,,60968,38,,,0,37,,60966,38,,,0,77,,60973,38,,,0,26,,60969,38,,,0,78,,60970,38,,,0,36,,60978,38,,,0,69,,60981,3,,,0,3,,60980,38,,,0,31,,60983,38,,,0,69,,60976,61,,,0,17,,60988,38,,,0,14,,60977,61,,,0,73,,60985,61,,,0,19,,60987,61,,,0,54,,60979,61,,,0,20,,60991,61,,,0,77,,60982,61,,,0,13,,60984,38,,,0,30,,60986,38,,,0,86,,60990,38,,,0,89,,60989,38,,,0,97,,60992,38,,,0,43,,60994,38,,,0,97,,60995,38,,,0,84,,60993,38,,,0
6401,'4663',754,,61020,90,,,0,203,,61021,45,,,0,379,,61019,90,,,0,280,,61022,31,,,0
6401,'5372',754,,51841,90,,,0,203,,51842,45,,,0,379,,46320,90,,,0,280,,46323,31,,,0
6401,'5385',754,,61027,90,,,0,203,,61028,45,,,0,379,,61026,90,,,0,280,,61029,31,,,0
6501,'4663',1717,,61041,56,,,0,25,,61040,56,,,0,68,,61043,56,,,0,29,,61042,56,,,0
6501,'5372',1810,,51848,56,,,0,29,,51847,56,,,0
6501,'5373',1717,,61045,56,,,0,25,,61044,56,,,0
6501,'5381',1717,,61047,56,,,0,25,,61046,56,,,0
6501,'5385',1810,,61049,56,,,0,29,,61048,56,,,0
6501,'5387',1717,,61051,56,,,0,25,,61050,56,,,0
6501,'5388',1717,,61053,56,,,0,25,,61052,56,,,0
