400,'4332',651,,37239,16,,,0,66,,37220,16,,,0,21,,37225,16,,,0,20,,48939,16,,,0,61,,48938,16,,,0,18,,37230,16,,,0,18,,37234,16,,,0,56,,37215,16,,,0,16,,37205,16,,,0,16,,37231,16,,,0,16,,37237,16,,,0,56,,37199,16,,,0,16,,37208,16,,,0,15,,37202,16,,,0,56,,37261,16,,,0,16,,37222,16,,,0,15,,37221,16,,,0,16,,37197,16,,,0,56,,37209,16,,,0,15,,37219,16,,,0,15,,37229,16,,,0,15,,37238,16,,,0,55,,37196,16,,,0,16,,37203,16,,,0,16,,37213,16,,,0,16,,37223,16,,,0,56,,37233,16,,,0,16,,37201,16,,,0,15,,37206,16,,,0,16,,37216,16,,,0,56,,37228,16,,,0,16,,37236,16,,,0,16,,37198,16,,,0,56,,37212,16,,,0,15,,37207,16,,,0,16,,37226,16,,,0,16,,37235,16,,,0,55,,37210,16,,,0,16,,37217,16,,,0,15,,37200,16,,,0,16,,37227,16,,,0,55,,37224,16,,,0,16,,37211,16,,,0,17,,37204,16,,,0,18,,37218,16,,,0,58,,37243,16,,,0,18,,51600,16,,,0,18,,37242,16,,,0,58,,48940,16,,,0,17,,37257,16,,,0,17,,51602,16,,,0,18,,51601,16,,,0,58,,48942,16,,,0,18,,37251,16,,,0,18,,37258,16,,,0,58,,51603,16,,,0,24,,37255,16,,,0,23,,37253,16,,,0,70,,48943,16,,,0,30,,48945,16,,,0,70,,37259,16,,,0,29,,37260,16,,,0,68,,37247,16,,,0,30,,37244,16,,,0,70,,37245,16,,,0,30,,37246,16,,,0
400,'4661',604,,37102,16,,,0,22,,37079,16,,,0,19,,37084,16,,,0,63,,37109,16,,,0,15,,37069,16,,,0,16,,37081,16,,,0,16,,37071,16,,,0,55,,37073,16,,,0,11,,37112,16,,,0,4,,37058,16,,,0,14,,37072,16,,,0,16,,37080,16,,,0,56,,37114,16,,,0,14,,37085,16,,,0,14,,37115,16,,,0,15,,37111,16,,,0,55,,37082,16,,,0,15,,37116,16,,,0,15,,37083,16,,,0,15,,37091,16,,,0,55,,37055,16,,,0,15,,37110,16,,,0,15,,37088,16,,,0,18,,37093,16,,,0,57,,37086,16,,,0,15,,37056,16,,,0,15,,37100,16,,,0,15,,37090,16,,,0,55,,37089,16,,,0,15,,37063,16,,,0,13,,37098,16,,,0,15,,37106,16,,,0,56,,37087,16,,,0,15,,37118,16,,,0,15,,37099,16,,,0,15,,37108,16,,,0,56,,37075,16,,,0,15,,37076,16,,,0,15,,37103,16,,,0,15,,37077,16,,,0,56,,37096,16,,,0,18,,37078,16,,,0,16,,37107,16,,,0,54,,37117,16,,,0,13,,37119,16,,,0,15,,37105,16,,,0,13,,37074,16,,,0,10,,37104,16,,,0,53,,37113,16,,,0,15,,37097,16,,,0,14,,37101,16,,,0,15,,37092,16,,,0,54,,37094,16,,,0,15,,37095,16,,,0,16,,37057,16,,,0,15,,37065,16,,,0,54,,37064,16,,,0,15,,37066,16,,,0,16,,37061,16,,,0,17,,37053,16,,,0,57,,37059,16,,,0,15,,37067,16,,,0,17,,37052,16,,,0,59,,37060,16,,,0,20,,37062,16,,,0,83,,37051,16,,,0,24,,37054,16,,,0,29,,37070,16,,,0,68,,37068,16,,,0
400,'4663',604,,37177,16,,,0,22,,37154,16,,,0,19,,37159,16,,,0,63,,37184,16,,,0,15,,37140,16,,,0,16,,37156,16,,,0,16,,37146,16,,,0,55,,37148,16,,,0,11,,37187,16,,,0,4,,37128,16,,,0,14,,37147,16,,,0,16,,37155,16,,,0,56,,37189,16,,,0,14,,37160,16,,,0,14,,37190,16,,,0,15,,37186,16,,,0,55,,37157,16,,,0,15,,37191,16,,,0,15,,37158,16,,,0,15,,37166,16,,,0,55,,37124,16,,,0,15,,37185,16,,,0,15,,37163,16,,,0,18,,37168,16,,,0,57,,37161,16,,,0,15,,37125,16,,,0,15,,37175,16,,,0,15,,37165,16,,,0,55,,37164,16,,,0,15,,37133,16,,,0,13,,37173,16,,,0,15,,37181,16,,,0,56,,37162,16,,,0,15,,37193,16,,,0,15,,37174,16,,,0,15,,37183,16,,,0,56,,37150,16,,,0,15,,37151,16,,,0,15,,37178,16,,,0,15,,37152,16,,,0,56,,37171,16,,,0,18,,37153,16,,,0,16,,37182,16,,,0,54,,37192,16,,,0,13,,37194,16,,,0,15,,37180,16,,,0,13,,37149,16,,,0,10,,37179,16,,,0,53,,37188,16,,,0,15,,37172,16,,,0,14,,37176,16,,,0,15,,37167,16,,,0,54,,37169,16,,,0,15,,37170,16,,,0,16,,37126,16,,,0,15,,37135,16,,,0,54,,37134,16,,,0,15,,37136,16,,,0,16,,37131,16,,,0,17,,37122,16,,,0,57,,37129,16,,,0,15,,37137,16,,,0,17,,37121,16,,,0,59,,37130,16,,,0,20,,37132,16,,,0,20,,51604,16,,,0,63,,37120,16,,,0,24,,37123,16,,,0,29,,37143,16,,,0,68,,37138,16,,,0,30,,37139,16,,,0,70,,37144,16,,,0,30,,37141,16,,,0,70,,37145,16,,,0,30,,37142,16,,,0
400,'5078',759,,48946,16,,,0,70,,37264,16,,,0,72,,48947,16,,,0,31,,37266,16,,,0,70,,37267,16,,,0,30,,37268,16,,,0,20,,37269,16,,,0,60,,37270,16,,,0,20,,37271,16,,,0,20,,37272,16,,,0,60,,37273,16,,,0,21,,37274,16,,,0,21,,37275,16,,,0,60,,37276,16,,,0,20,,37277,16,,,0,20,,37278,16,,,0,60,,37279,16,,,0,19,,37306,16,,,0,18,,37280,16,,,0,56,,37281,16,,,0,16,,37282,16,,,0,16,,37283,16,,,0,16,,37308,16,,,0,56,,37284,16,,,0,16,,37285,16,,,0,16,,37286,16,,,0,16,,37287,16,,,0,55,,37307,16,,,0,15,,37288,16,,,0,17,,37289,16,,,0,57,,37290,16,,,0,18,,37291,16,,,0,18,,37292,16,,,0,17,,37293,16,,,0,58,,37294,16,,,0,18,,37295,16,,,0,18,,37296,16,,,0,58,,37309,16,,,0,17,,37297,16,,,0,20,,37298,16,,,0,60,,37299,16,,,0,24,,37300,16,,,0,30,,37301,16,,,0,71,,37302,16,,,0,29,,37303,16,,,0,69,,37304,16,,,0,73,,37305,16,,,0
400,'5079',759,,48948,16,,,0,70,,37311,16,,,0,72,,48949,16,,,0,31,,37313,16,,,0,70,,37314,16,,,0,30,,37315,16,,,0,20,,37316,16,,,0,60,,37317,16,,,0,20,,37318,16,,,0,20,,37319,16,,,0,60,,37320,16,,,0,21,,37321,16,,,0,21,,37322,16,,,0,60,,37323,16,,,0,20,,37324,16,,,0,20,,37325,16,,,0,60,,37326,16,,,0,19,,37353,16,,,0,18,,37327,16,,,0,56,,37328,16,,,0,16,,37329,16,,,0,16,,37330,16,,,0,16,,37355,16,,,0,56,,37331,16,,,0,16,,37332,16,,,0,16,,37333,16,,,0,16,,37334,16,,,0,55,,37354,16,,,0,15,,37335,16,,,0,17,,37336,16,,,0,57,,37337,16,,,0,18,,37338,16,,,0,18,,37339,16,,,0,17,,37340,16,,,0,58,,37341,16,,,0,18,,37342,16,,,0,18,,37343,16,,,0,58,,48950,16,,,0,17,,37344,16,,,0,20,,37345,16,,,0,60,,37346,16,,,0,24,,37347,16,,,0,30,,37348,16,,,0,71,,37349,16,,,0,29,,37350,16,,,0,69,,37351,16,,,0,73,,37352,16,,,0
400,'5215',2241,,37262,16,,,0
400,'5218',2241,,51605,16,,,0
400,'5220',2241,,51606,16,,,0
900,'4661',746,,38898,40,,,0,83,,38899,40,,,0
900,'4663',746,,38900,40,,,0,83,,38901,40,,,0
