200,'4663',604,,52725,31,,,0,41,,52717,31,,,0,61,,52712,31,,,0,32,,52726,31,,,0,73,,52720,31,,,0,30,,52711,31,,,0,71,,52724,31,,,0,30,,52721,31,,,0,86,,52710,31,,,0,78,,52713,31,,,0,41,,52714,31,,,0,81,,52723,31,,,0,80,,52716,31,,,0,41,,52715,31,,,0,79,,52722,31,,,0,79,,52718,31,,,0,36,,52719,31,,,0,77,,52727,31,,,0,36,,52728,31,,,0,87,,52730,31,,,0,72,,52729,31,,,0,39,,52734,31,,,0,89,,52732,31,,,0,78,,52733,31,,,0,82,,52738,31,,,0,40,,52737,31,,,0,78,,52739,31,,,0,79,,52740,31,,,0,39,,52741,31,,,0,78,,52742,31,,,0
200,'5372',604,,36499,31,,,0,41,,36491,31,,,0,61,,36486,31,,,0,32,,36500,31,,,0,73,,36494,31,,,0,30,,36485,31,,,0,71,,36498,31,,,0,30,,36495,31,,,0,86,,36484,31,,,0,78,,36487,31,,,0,41,,36488,31,,,0,81,,36497,31,,,0,80,,36490,31,,,0,41,,36489,31,,,0,79,,36496,31,,,0,79,,36492,31,,,0,36,,36493,31,,,0,77,,36501,31,,,0,36,,36502,31,,,0,87,,36504,31,,,0,72,,36503,31,,,0,39,,36508,31,,,0,89,,36506,31,,,0,78,,36507,31,,,0,82,,36512,31,,,0,40,,36511,31,,,0,78,,36513,31,,,0,79,,36514,31,,,0,39,,36515,31,,,0,78,,36516,31,,,0
200,'5377',710,,36606,31,,,0,121,,36605,31,,,0,122,,36604,31,,,0,101,,36585,31,,,0,81,,36603,31,,,0,81,,36591,31,,,0,40,,36589,31,,,0,80,,36584,31,,,0,82,,36586,31,,,0,40,,36597,31,,,0,80,,36592,31,,,0,80,,36587,31,,,0,39,,36590,31,,,0,79,,36588,31,,,0,74,,36598,31,,,0,39,,36594,31,,,0,94,,36599,31,,,0,80,,36595,31,,,0,80,,36601,31,,,0,39,,36602,31,,,0,80,,36600,31,,,0,79,,36607,31,,,0,39,,36608,31,,,0
200,'5383',614,,52764,31,,,0,113,,52767,31,,,0,121,,52765,31,,,0,80,,52753,31,,,0,87,,52766,31,,,0,40,,52751,31,,,0,80,,52745,31,,,0,81,,52752,31,,,0,40,,52746,31,,,0,81,,52759,31,,,0,81,,52747,31,,,0,41,,52750,31,,,0,80,,52749,31,,,0,79,,52748,31,,,0,40,,52762,31,,,0,79,,52763,31,,,0,74,,52761,31,,,0,40,,52755,31,,,0,75,,52756,31,,,0,94,,52758,31,,,0,80,,52757,31,,,0,45,,52773,31,,,0,80,,52770,31,,,0,80,,52769,31,,,0,37,,52771,31,,,0,79,,52768,31,,,0
200,'5384',710,,52797,31,,,0,121,,52796,31,,,0,122,,52795,31,,,0,101,,52776,31,,,0,81,,52794,31,,,0,81,,52782,31,,,0,40,,52780,31,,,0,80,,52775,31,,,0,82,,52777,31,,,0,40,,52788,31,,,0,80,,52783,31,,,0,80,,52778,31,,,0,39,,52781,31,,,0,79,,52779,31,,,0,74,,52789,31,,,0,39,,52785,31,,,0,94,,52790,31,,,0,80,,52786,31,,,0,80,,52792,31,,,0,39,,52793,31,,,0,80,,52791,31,,,0,79,,52798,31,,,0,39,,52799,31,,,0
200,'5385',604,,52816,31,,,0,41,,52808,31,,,0,61,,52803,31,,,0,32,,52817,31,,,0,73,,52811,31,,,0,30,,52802,31,,,0,71,,52815,31,,,0,30,,52812,31,,,0,86,,52801,31,,,0,78,,52804,31,,,0,41,,52805,31,,,0,81,,52814,31,,,0,80,,52807,31,,,0,41,,52806,31,,,0,79,,52813,31,,,0,79,,52809,31,,,0,36,,52810,31,,,0,77,,52818,31,,,0,36,,52819,31,,,0,87,,52821,31,,,0,72,,52820,31,,,0,39,,52825,31,,,0,89,,52823,31,,,0,78,,52824,31,,,0,82,,52829,31,,,0,40,,52828,31,,,0,78,,52830,31,,,0,79,,52831,31,,,0,39,,52832,31,,,0,78,,52833,31,,,0
500,'4663',624,,53704,31,,,0,97,,53697,31,,,0,34,,53699,31,,,0,71,,53696,31,,,0,31,,53698,31,,,0,68,,53701,31,,,0,87,,53700,31,,,0,33,,53709,31,,,0,80,,53706,31,,,0,81,,53702,31,,,0,41,,53703,31,,,0,83,,53705,31,,,0,78,,53710,31,,,0,39,,53707,31,,,0,78,,53708,31,,,0,76,,53712,31,,,0,37,,53711,31,,,0,74,,53713,31,,,0,47,,53714,31,,,0,76,,53715,31,,,0,83,,53717,31,,,0,85,,53716,31,,,0
500,'5372',624,,37668,31,,,0,97,,37661,31,,,0,34,,37663,31,,,0,71,,37660,31,,,0,31,,37662,31,,,0,68,,37665,31,,,0,87,,37664,31,,,0,33,,37673,31,,,0,80,,37670,31,,,0,81,,37666,31,,,0,41,,37667,31,,,0,83,,37669,31,,,0,78,,37674,31,,,0,39,,37671,31,,,0,78,,37672,31,,,0,76,,37676,31,,,0,37,,37675,31,,,0,74,,37677,31,,,0,47,,37678,31,,,0,76,,37679,31,,,0,83,,37681,31,,,0,85,,37680,31,,,0
500,'5377',751,,37736,31,,,0,161,,37735,31,,,0,122,,37734,31,,,0,81,,37729,31,,,0,40,,37723,31,,,0,81,,37724,31,,,0,80,,37737,31,,,0,41,,37730,31,,,0,81,,37727,31,,,0,80,,37725,31,,,0,40,,37726,31,,,0,80,,37738,31,,,0,78,,37731,31,,,0,35,,37728,31,,,0,78,,37732,31,,,0,80,,37733,31,,,0
500,'5383',650,,53729,31,,,0,157,,53725,31,,,0,101,,53728,31,,,0,42,,53719,31,,,0,85,,53726,31,,,0,80,,53720,31,,,0,41,,53735,31,,,0,80,,53727,31,,,0,81,,53718,31,,,0,41,,53724,31,,,0,80,,53721,31,,,0,81,,53731,31,,,0,40,,53722,31,,,0,79,,53723,31,,,0,79,,53732,31,,,0,35,,53733,31,,,0,79,,53734,31,,,0,80,,53730,31,,,0,89,,53736,31,,,0
500,'5384',751,,53750,31,,,0,161,,53749,31,,,0,122,,53748,31,,,0,81,,53743,31,,,0,40,,53737,31,,,0,81,,53738,31,,,0,80,,53751,31,,,0,41,,53744,31,,,0,81,,53741,31,,,0,80,,53739,31,,,0,40,,53740,31,,,0,80,,53752,31,,,0,78,,53745,31,,,0,35,,53742,31,,,0,78,,53746,31,,,0,80,,53747,31,,,0
500,'5385',624,,53761,31,,,0,97,,53754,31,,,0,34,,53756,31,,,0,71,,53753,31,,,0,31,,53755,31,,,0,68,,53758,31,,,0,87,,53757,31,,,0,33,,53766,31,,,0,80,,53763,31,,,0,81,,53759,31,,,0,41,,53760,31,,,0,83,,53762,31,,,0,78,,53767,31,,,0,39,,53764,31,,,0,78,,53765,31,,,0,76,,53769,31,,,0,37,,53768,31,,,0,74,,53770,31,,,0,47,,53771,31,,,0,76,,53772,31,,,0,83,,53774,31,,,0,85,,53773,31,,,0
