5500,'4487',806,,12962,8,,,0,201,,12958,8,,,0,212,,12959,8,,,0,205,,12960,8,,,0,211,,12961,8,,,0,209,,12957,8,,,0,264,,12956,8,,,0
5500,'4737',611,,12963,8,,,0,130,,12965,8,,,0,175,,12964,8,,,0,214,,12966,8,,,0,198,,12967,8,,,0,173,,12968,8,,,0,105,,12969,8,,,0,143,,12970,8,,,0,190,,12971,8,,,0,199,,12972,8,,,0
5500,'4740',806,,12979,8,,,0,201,,12975,8,,,0,212,,12976,8,,,0,205,,12977,8,,,0,211,,12978,8,,,0,209,,12974,8,,,0,264,,12973,8,,,0
5500,'4744',611,,12980,8,,,0,130,,12982,8,,,0,175,,12981,8,,,0,214,,12983,8,,,0,198,,12984,8,,,0,173,,12985,8,,,0,105,,12986,8,,,0,143,,12987,8,,,0,190,,12988,8,,,0,199,,12989,8,,,0
5500,'4745',805,,12990,8,,,0,201,,12993,8,,,0,213,,12992,8,,,0,205,,12991,8,,,0,210,,12995,8,,,0,209,,12996,8,,,0,264,,12994,8,,,0
5500,'4947',611,,12997,8,,,0,130,,12999,8,,,0,175,,12998,8,,,0,214,,13000,8,,,0,198,,13001,8,,,0,173,,13002,8,,,0,105,,13003,8,,,0,143,,13004,8,,,0,190,,13005,8,,,0,199,,13006,8,,,0
5500,'4954',805,,13007,8,,,0,201,,13010,8,,,0,213,,13009,8,,,0,205,,13008,8,,,0,210,,13012,8,,,0,209,,13013,8,,,0,264,,13011,8,,,0
6400,'4737',727,,14444,34,,,0,507,,14446,65,,,0,580,,14448,50,,,0
6400,'4744',727,,14451,34,,,0,507,,14453,65,,,0,580,,14455,50,,,0
6400,'4947',727,,14458,34,,,0,507,,14460,65,,,0,580,,14462,50,,,0
