1101,'4332',716,,55102,62,,,0,37,,55090,62,,,0,75,,55095,62,,,0,30,,55120,62,,,0,78,,55103,62,,,0,70,,55089,62,,,0,30,,55098,62,,,0,72,,55114,62,,,0,25,,55092,62,,,0,20,,55116,62,,,0,66,,55104,62,,,0,25,,55091,62,,,0,67,,55096,62,,,0,25,,55113,62,,,0,65,,55093,62,,,0,26,,55111,62,,,0,26,,55101,62,,,0,65,,55094,62,,,0,25,,55100,62,,,0,65,,55122,62,,,0,25,,55097,62,,,0,23,,55115,62,,,0,65,,55105,62,,,0,24,,55099,62,,,0,65,,55121,62,,,0,24,,55112,62,,,0,24,,55118,62,,,0,65,,55119,62,,,0,22,,55106,62,,,0,65,,55117,62,,,0,25,,55110,62,,,0,65,,55109,62,,,0,25,,55107,62,,,0,75,,55108,62,,,0,30,,55125,62,,,0,29,,55123,62,,,0,72,,55124,62,,,0,28,,55126,62,,,0,84,,55127,62,,,0
1101,'4663',620,,55087,62,,,0,32,,55079,62,,,0,61,,55062,62,,,0,23,,55069,62,,,0,21,,55047,62,,,0,61,,55064,62,,,0,20,,55083,62,,,0,20,,55060,62,,,0,59,,55080,62,,,0,18,,55055,62,,,0,19,,55048,62,,,0,61,,55073,62,,,0,25,,55063,62,,,0,66,,55085,62,,,0,25,,55059,62,,,0,26,,55082,62,,,0,65,,55049,62,,,0,25,,55072,62,,,0,66,,55056,62,,,0,27,,55088,62,,,0,65,,55061,62,,,0,28,,55081,62,,,0,26,,55043,62,,,0,59,,55041,62,,,0,18,,55071,62,,,0,20,,55065,62,,,0,56,,55042,62,,,0,18,,55086,62,,,0,17,,55057,62,,,0,59,,55044,62,,,0,17,,55078,62,,,0,18,,55046,62,,,0,18,,55045,62,,,0,60,,55070,62,,,0,20,,55058,62,,,0,63,,55084,62,,,0,13,,55050,62,,,0,17,,55053,62,,,0,20,,55076,62,,,0,70,,55051,62,,,0,34,,55054,62,,,0,70,,55052,62,,,0,74,,55077,62,,,0,29,,55066,62,,,0,75,,55067,62,,,0,26,,55068,62,,,0,28,,55075,62,,,0,85,,55074,62,,,0
1101,'5078',736,,55128,62,,,0,85,,55133,62,,,0,87,,55130,62,,,0,46,,55129,62,,,0,76,,55131,62,,,0,72,,55132,62,,,0,31,,55134,62,,,0,70,,55135,62,,,0,28,,55136,62,,,0,70,,55137,62,,,0,31,,55139,62,,,0,68,,55141,62,,,0,30,,55140,62,,,0,70,,55138,62,,,0,31,,55142,62,,,0,70,,55143,62,,,0,28,,55144,62,,,0,30,,55145,62,,,0,70,,55147,62,,,0,29,,55146,62,,,0,70,,55149,62,,,0,29,,55148,62,,,0,70,,55151,62,,,0,75,,55150,62,,,0,43,,55152,62,,,0,80,,55153,62,,,0,84,,55154,62,,,0,43,,55155,62,,,0,77,,55156,62,,,0,78,,55157,62,,,0
1101,'5372',620,,39312,62,,,0,32,,39304,62,,,0,61,,39287,62,,,0,23,,39294,62,,,0,21,,39272,62,,,0,61,,39289,62,,,0,20,,39308,62,,,0,20,,39285,62,,,0,59,,39305,62,,,0,18,,39280,62,,,0,19,,39273,62,,,0,61,,39298,62,,,0,25,,39288,62,,,0,66,,39310,62,,,0,25,,39284,62,,,0,26,,39307,62,,,0,65,,39274,62,,,0,25,,39297,62,,,0,66,,39281,62,,,0,27,,39313,62,,,0,65,,39286,62,,,0,28,,39306,62,,,0,26,,39268,62,,,0,59,,39266,62,,,0,18,,39296,62,,,0,20,,39290,62,,,0,56,,39267,62,,,0,18,,39311,62,,,0,17,,39282,62,,,0,59,,39269,62,,,0,17,,39303,62,,,0,18,,39271,62,,,0,18,,39270,62,,,0,60,,39295,62,,,0,20,,39283,62,,,0,63,,39309,62,,,0,13,,39275,62,,,0,17,,39278,62,,,0,20,,39301,62,,,0,70,,39276,62,,,0,34,,39279,62,,,0,70,,39277,62,,,0,74,,39302,62,,,0,29,,39291,62,,,0,75,,39292,62,,,0,26,,39293,62,,,0,28,,39300,62,,,0,85,,39299,62,,,0
1101,'5385',620,,55204,62,,,0,32,,55196,62,,,0,61,,55179,62,,,0,23,,55186,62,,,0,21,,55164,62,,,0,61,,55181,62,,,0,20,,55200,62,,,0,20,,55177,62,,,0,59,,55197,62,,,0,18,,55172,62,,,0,19,,55165,62,,,0,61,,55190,62,,,0,25,,55180,62,,,0,66,,55202,62,,,0,25,,55176,62,,,0,26,,55199,62,,,0,65,,55166,62,,,0,25,,55189,62,,,0,66,,55173,62,,,0,27,,55205,62,,,0,65,,55178,62,,,0,28,,55198,62,,,0,26,,55160,62,,,0,59,,55158,62,,,0,18,,55188,62,,,0,20,,55182,62,,,0,56,,55159,62,,,0,18,,55203,62,,,0,17,,55174,62,,,0,59,,55161,62,,,0,17,,55195,62,,,0,18,,55163,62,,,0,18,,55162,62,,,0,60,,55187,62,,,0,20,,55175,62,,,0,63,,55201,62,,,0,13,,55167,62,,,0,17,,55170,62,,,0,20,,55193,62,,,0,70,,55168,62,,,0,34,,55171,62,,,0,70,,55169,62,,,0,74,,55194,62,,,0,29,,55183,62,,,0,75,,55184,62,,,0,26,,55185,62,,,0,28,,55192,62,,,0,85,,55191,62,,,0
2401,'4332',717,,57024,47,,,0,108,,57023,47,,,0,106,,57025,47,,,0,100,,57021,47,,,0,103,,57018,47,,,0,98,,57019,47,,,0,95,,57020,47,,,0,101,,57027,47,,,0,98,,57022,47,,,0,102,,57026,47,,,0,104,,57028,47,,,0,127,,57029,47,,,0,164,,57030,47,,,0,129,,57031,47,,,0,170,,57032,47,,,0,118,,57033,47,,,0
2401,'4663',527,,57008,47,,,0,93,,57004,47,,,0,91,,56997,47,,,0,46,,57000,47,,,0,74,,57005,47,,,0,96,,57002,47,,,0,105,,56999,47,,,0,100,,56998,47,,,0,101,,57007,47,,,0,100,,57003,47,,,0,115,,57001,47,,,0,104,,57006,47,,,0,90,,57009,47,,,0,86,,57011,47,,,0,73,,57010,47,,,0,49,,57012,47,,,0,85,,57013,47,,,0,101,,57014,47,,,0,115,,57015,47,,,0,168,,57016,47,,,0,120,,57017,47,,,0
2401,'5078',824,,57034,47,,,0,131,,57035,47,,,0,174,,57036,47,,,0,127,,57037,47,,,0,172,,57038,47,,,0,172,,57039,47,,,0,128,,57040,47,,,0,128,,57041,47,,,0,169,,57042,47,,,0,125,,57043,47,,,0,168,,57044,47,,,0
2401,'5372',527,,41631,47,,,0,93,,41627,47,,,0,91,,41620,47,,,0,46,,41623,47,,,0,74,,41628,47,,,0,96,,41625,47,,,0,105,,41622,47,,,0,100,,41621,47,,,0,101,,41630,47,,,0,100,,41626,47,,,0,115,,41624,47,,,0,104,,41629,47,,,0,90,,41632,47,,,0,86,,41634,47,,,0,73,,41633,47,,,0,49,,41635,47,,,0,85,,41636,47,,,0,101,,41637,47,,,0,115,,41638,47,,,0,168,,41639,47,,,0,120,,41640,47,,,0
2401,'5385',527,,57056,47,,,0,93,,57052,47,,,0,91,,57045,47,,,0,46,,57048,47,,,0,74,,57053,47,,,0,96,,57050,47,,,0,105,,57047,47,,,0,100,,57046,47,,,0,101,,57055,47,,,0,100,,57051,47,,,0,115,,57049,47,,,0,104,,57054,47,,,0,90,,57057,47,,,0,86,,57059,47,,,0,73,,57058,47,,,0,49,,57060,47,,,0,85,,57061,47,,,0,101,,57062,47,,,0,115,,57063,47,,,0,168,,57064,47,,,0,120,,57065,47,,,0
