200,'4332',619,,52764,41,,,0,113,,52767,41,,,0,122,,52765,41,,,0,80,,52753,41,,,0,88,,52766,41,,,0,80,,52751,41,,,0,40,,52745,41,,,0,81,,52752,41,,,0,80,,52746,41,,,0,41,,52759,41,,,0,81,,52747,41,,,0,81,,52750,41,,,0,40,,52749,41,,,0,79,,52748,41,,,0,79,,52762,41,,,0,39,,52763,41,,,0,74,,52761,41,,,0,40,,52755,41,,,0,75,,52756,41,,,0,94,,52758,41,,,0,80,,52757,41,,,0,45,,52773,41,,,0,80,,52770,41,,,0,80,,52769,41,,,0,37,,52771,41,,,0,78,,52768,41,,,0
200,'4663',610,,52725,41,,,0,41,,52717,41,,,0,61,,52712,41,,,0,32,,52726,41,,,0,73,,52720,41,,,0,31,,52711,41,,,0,71,,52724,41,,,0,29,,52721,41,,,0,86,,52710,41,,,0,78,,52713,41,,,0,42,,52714,41,,,0,81,,52723,41,,,0,80,,52716,41,,,0,41,,52715,41,,,0,80,,52722,41,,,0,79,,52718,41,,,0,35,,52719,41,,,0,76,,52727,41,,,0,77,,52728,41,,,0,47,,52730,41,,,0,72,,52729,41,,,0,78,,52734,41,,,0,49,,52732,41,,,0,78,,52733,41,,,0,82,,52738,41,,,0,40,,52737,41,,,0,78,,52739,41,,,0,79,,52740,41,,,0,39,,52741,41,,,0,78,,52742,41,,,0
200,'5078',715,,52797,41,,,0,122,,52796,41,,,0,122,,52795,41,,,0,141,,52776,41,,,0,41,,52794,41,,,0,81,,52782,41,,,0,80,,52780,41,,,0,40,,52775,41,,,0,82,,52777,41,,,0,80,,52788,41,,,0,40,,52783,41,,,0,80,,52778,41,,,0,79,,52781,41,,,0,39,,52779,41,,,0,74,,52789,41,,,0,39,,52785,41,,,0,94,,52790,41,,,0,80,,52786,41,,,0,80,,52792,41,,,0,38,,52793,41,,,0,80,,52791,41,,,0,79,,52798,41,,,0,39,,52799,41,,,0
200,'5372',610,,36499,41,,,0,41,,36491,41,,,0,61,,36486,41,,,0,32,,36500,41,,,0,73,,36494,41,,,0,31,,36485,41,,,0,71,,36498,41,,,0,29,,36495,41,,,0,86,,36484,41,,,0,78,,36487,41,,,0,42,,36488,41,,,0,81,,36497,41,,,0,80,,36490,41,,,0,41,,36489,41,,,0,80,,36496,41,,,0,79,,36492,41,,,0,35,,36493,41,,,0,76,,36501,41,,,0,77,,36502,41,,,0,47,,36504,41,,,0,72,,36503,41,,,0,78,,36508,41,,,0,49,,36506,41,,,0,78,,36507,41,,,0,82,,36512,41,,,0,40,,36511,41,,,0,78,,36513,41,,,0,79,,36514,41,,,0,39,,36515,41,,,0,78,,36516,41,,,0
200,'5385',610,,52816,41,,,0,41,,52808,41,,,0,61,,52803,41,,,0,32,,52817,41,,,0,73,,52811,41,,,0,31,,52802,41,,,0,71,,52815,41,,,0,29,,52812,41,,,0,86,,52801,41,,,0,78,,52804,41,,,0,42,,52805,41,,,0,81,,52814,41,,,0,80,,52807,41,,,0,41,,52806,41,,,0,80,,52813,41,,,0,79,,52809,41,,,0,35,,52810,41,,,0,76,,52818,41,,,0,77,,52819,41,,,0,47,,52821,41,,,0,72,,52820,41,,,0,78,,52825,41,,,0,49,,52823,41,,,0,78,,52824,41,,,0,82,,52829,41,,,0,40,,52828,41,,,0,78,,52830,41,,,0,79,,52831,41,,,0,39,,52832,41,,,0,78,,52833,41,,,0
800,'4332',741,,54607,38,,,0,85,,54608,38,,,0,87,,54609,38,,,0,87,,54602,38,,,0,51,,54603,38,,,0,87,,54601,38,,,0,90,,54604,38,,,0,91,,54605,38,,,0,92,,54606,38,,,0,92,,54610,38,,,0,50,,54611,38,,,0,91,,54612,38,,,0,88,,54613,38,,,0,84,,54614,38,,,0,84,,54615,38,,,0
800,'4663',654,,54576,49,,,0,92,,54577,49,,,0,74,,54578,49,,,0,21,,54579,49,,,0,59,,54580,49,,,0,46,,54581,49,,,0,75,,54582,49,,,0,81,,54575,49,,,0,45,,54583,49,,,0,78,,54598,49,,,0,84,,54584,49,,,0,44,,54585,49,,,0,84,,54586,49,,,0,102,,54588,49,,,0,83,,54589,49,,,0,86,,54590,49,,,0,29,,54599,49,,,0,71,,54591,49,,,0,31,,54592,49,,,0,68,,54593,49,,,0,29,,54600,49,,,0,94,,54594,49,,,0,83,,54595,49,,,0,96,,54596,49,,,0,42,,54597,49,,,0
800,'5078',911,,54617,38,,,0,47,,54618,38,,,0,91,,54619,38,,,0,87,,54620,38,,,0,91,,54621,38,,,0,92,,54616,38,,,0,90,,54622,38,,,0,92,,54623,38,,,0,51,,54624,38,,,0,91,,54625,38,,,0,87,,54626,38,,,0
800,'5372',654,,49022,49,,,0,92,,38724,49,,,0,74,,38725,49,,,0,21,,38726,49,,,0,59,,49023,49,,,0,46,,38728,49,,,0,75,,38729,49,,,0,81,,49021,49,,,0,45,,38730,49,,,0,78,,38745,49,,,0,84,,49024,49,,,0,44,,38732,49,,,0,84,,38733,49,,,0,102,,38735,49,,,0,83,,38736,49,,,0,86,,38737,49,,,0,29,,38746,49,,,0,71,,38738,49,,,0,31,,38739,49,,,0,68,,38740,49,,,0,29,,38747,49,,,0,94,,38741,49,,,0,83,,38742,49,,,0,96,,38743,49,,,0,42,,38744,49,,,0
800,'5385',654,,54628,49,,,0,92,,54629,49,,,0,74,,54630,49,,,0,21,,54631,49,,,0,59,,54632,49,,,0,46,,54633,49,,,0,75,,54634,49,,,0,81,,54627,49,,,0,45,,54635,49,,,0,78,,54650,49,,,0,84,,54636,49,,,0,44,,54637,49,,,0,84,,54638,49,,,0,102,,54640,49,,,0,83,,54641,49,,,0,86,,54642,49,,,0,29,,54651,49,,,0,71,,54643,49,,,0,31,,54644,49,,,0,68,,54645,49,,,0,29,,54652,49,,,0,94,,54646,49,,,0,83,,54647,49,,,0,96,,54648,49,,,0,42,,54649,49,,,0
