5500,'4487',808,,12962,10,,,0,201,,12958,10,,,0,212,,12959,10,,,0,205,,12960,10,,,0,211,,12961,10,,,0,209,,12957,10,,,0,264,,12956,10,,,0
5500,'4737',613,,12963,10,,,0,130,,12965,10,,,0,175,,12964,10,,,0,214,,12966,10,,,0,198,,12967,10,,,0,173,,12968,10,,,0,105,,12969,10,,,0,143,,12970,10,,,0,190,,12971,10,,,0,198,,12972,10,,,0
5500,'4740',808,,12979,10,,,0,201,,12975,10,,,0,212,,12976,10,,,0,205,,12977,10,,,0,211,,12978,10,,,0,209,,12974,10,,,0,264,,12973,10,,,0
5500,'4744',613,,12980,10,,,0,130,,12982,10,,,0,175,,12981,10,,,0,214,,12983,10,,,0,198,,12984,10,,,0,173,,12985,10,,,0,105,,12986,10,,,0,143,,12987,10,,,0,190,,12988,10,,,0,198,,12989,10,,,0
5500,'4745',807,,12990,10,,,0,201,,12993,10,,,0,213,,12992,10,,,0,205,,12991,10,,,0,210,,12995,10,,,0,209,,12996,10,,,0,264,,12994,10,,,0
5500,'4947',613,,12997,10,,,0,130,,12999,10,,,0,175,,12998,10,,,0,214,,13000,10,,,0,198,,13001,10,,,0,173,,13002,10,,,0,105,,13003,10,,,0,143,,13004,10,,,0,190,,13005,10,,,0,198,,13006,10,,,0
5500,'4954',807,,13007,10,,,0,201,,13010,10,,,0,213,,13009,10,,,0,205,,13008,10,,,0,210,,13012,10,,,0,209,,13013,10,,,0,264,,13011,10,,,0
6400,'4737',729,,14444,36,,,0,507,,14446,67,,,0,580,,14448,52,,,0
6400,'4744',729,,14451,36,,,0,507,,14453,67,,,0,580,,14455,52,,,0
6400,'4947',729,,14458,36,,,0,507,,14460,67,,,0,580,,14462,52,,,0
