800,'4487',725,,17575,,,0,85,,17576,,,0,45,,17577,,,0,86,,17578,,,0,90,,17579,,,0,86,,17574,,,0,90,,17580,,,0,51,,17581,,,0,90,,17582,,,0,93,,17583,,,0,90,,17584,,,0,91,,17585,,,0,88,,17586,,,0,46,,17587,,,0,85,,17588,,,0
800,'4743',725,,11358,,,0,85,,11359,,,0,45,,11360,,,0,86,,11361,,,0,90,,11362,,,0,86,,11357,,,0,90,,11363,,,0,51,,11364,,,0,90,,11365,,,0,93,,11366,,,0,90,,11367,,,0,91,,11368,,,0,88,,11369,,,0,46,,11370,,,0,85,,11371,,,0
800,'4744',637,,17590,,,0,88,,17591,,,0,31,,17592,,,0,60,,17593,,,0,21,,17594,,,0,88,,17595,,,0,75,,17596,,,0,41,,17589,,,0,84,,17597,,,0,76,,17612,,,0,44,,17598,,,0,84,,17599,,,0,84,,17600,,,0,87,,17601,0,16,0,15,,17602,,,0,42,,17603,,,0,85,,17604,,,0,70,,17613,,,0,34,,17605,,,0,72,,17606,,,0,30,,17607,,,0,70,,17614,,,0,95,,17608,,,0,43,,17609,,,0,96,,17610,,,0,83,,17611,,,0
800,'4745',855,,17616,,,0,86,,17617,,,0,90,,17618,,,0,86,,17619,,,0,90,,17620,,,0,50,,17615,,,0,90,,17621,,,0,92,,17622,,,0,91,,17623,,,0,92,,17624,,,0,88,,17625,,,0
800,'4935',637,,1938,,,0,88,,1939,,,0,31,,1940,,,0,60,,1941,,,0,21,,1942,,,0,88,,1943,,,0,75,,1944,,,0,41,,1937,,,0,84,,1945,,,0,76,,1960,,,0,44,,1946,,,0,84,,1947,,,0,84,,1948,,,0,87,,1949,0,16,0,15,,1950,,,0,42,,1951,,,0,85,,1952,,,0,70,,1961,,,0,34,,1953,,,0,72,,1954,,,0,30,,1955,,,0,70,,1962,,,0,95,,1956,,,0,43,,1957,,,0,96,,1958,,,0,83,,1959,,,0
800,'4941',637,,1964,,,0,88,,1965,,,0,31,,1966,,,0,60,,1967,,,0,21,,1968,,,0,88,,1969,,,0,75,,1970,,,0,41,,1963,,,0,84,,1971,,,0,76,,1986,,,0,44,,1972,,,0,84,,1973,,,0,84,,1974,,,0,87,,1975,0,16,0,15,,1976,,,0,42,,1977,,,0,85,,1978,,,0,70,,1987,,,0,34,,1979,,,0,72,,1980,,,0,30,,1981,,,0,70,,1988,,,0,95,,1982,,,0,43,,1983,,,0,96,,1984,,,0,83,,1985,,,0
800,'4943',725,,1990,,,0,85,,1991,,,0,45,,1992,,,0,86,,1993,,,0,90,,1994,,,0,86,,1989,,,0,90,,1995,,,0,51,,1996,,,0,90,,1997,,,0,93,,1998,,,0,90,,1999,,,0,91,,2000,,,0,88,,2001,,,0,46,,2002,,,0,85,,2003,,,0
800,'4945',855,,2005,,,0,86,,2006,,,0,90,,2007,,,0,86,,2008,,,0,90,,2009,,,0,50,,2004,,,0,90,,2010,,,0,92,,2011,,,0,91,,2012,,,0,92,,2013,,,0,88,,2014,,,0
800,'4947',637,,17627,,,0,88,,17628,,,0,31,,17629,,,0,60,,17630,,,0,21,,17631,,,0,88,,17632,,,0,75,,17633,,,0,41,,17626,,,0,84,,17634,,,0,76,,17649,,,0,44,,17635,,,0,84,,17636,,,0,84,,17637,,,0,87,,17638,0,16,0,15,,17639,,,0,42,,17640,,,0,85,,17641,,,0,70,,17650,,,0,34,,17642,,,0,72,,17643,,,0,30,,17644,,,0,70,,17651,,,0,95,,17645,,,0,43,,17646,,,0,96,,17647,,,0,83,,17648,,,0
800,'4952',637,,17653,,,0,88,,17654,,,0,31,,17655,,,0,60,,17656,,,0,21,,17657,,,0,88,,17658,,,0,75,,17659,,,0,41,,17652,,,0,84,,17660,,,0,76,,17675,,,0,44,,17661,,,0,84,,17662,,,0,84,,17663,,,0,87,,17664,0,16,0,15,,17665,,,0,42,,17666,,,0,85,,17667,,,0,70,,17676,,,0,34,,17668,,,0,72,,17669,,,0,30,,17670,,,0,70,,17677,,,0,95,,17671,,,0,43,,17672,,,0,96,,17673,,,0,83,,17674,,,0
800,'4953',725,,17679,,,0,85,,17680,,,0,45,,17681,,,0,86,,17682,,,0,90,,17683,,,0,86,,17678,,,0,90,,17684,,,0,51,,17685,,,0,90,,17686,,,0,93,,17687,,,0,90,,17688,,,0,91,,17689,,,0,88,,17690,,,0,46,,17691,,,0,85,,17692,,,0
800,'4954',855,,17694,,,0,86,,17695,,,0,90,,17696,,,0,86,,17697,,,0,90,,17698,,,0,50,,17693,,,0,90,,17699,,,0,92,,17700,,,0,91,,17701,,,0,92,,17702,,,0,88,,17703,,,0
