2701,'4663',522,,57911,5,,,0,80,,57910,5,,,0,26,,57916,5,,,0,22,,57923,5,,,0,70,,57941,5,,,0,26,,57917,5,,,0,63,,57951,5,,,0,30,,57952,5,,,0,20,,57930,5,,,0,62,,57969,5,,,0,22,,57950,5,,,0,65,,57924,5,,,0,27,,57913,5,,,0,65,,57912,5,,,0,27,,57914,5,,,0,27,,57915,5,,,0,67,,57929,5,,,0,27,,57949,5,,,0,66,,57918,5,,,0,26,,57919,5,,,0,64,,57958,5,,,0,2,,57922,5,,,0,25,,57920,5,,,0,26,,57921,5,,,0,64,,57928,5,0,31 49,0,21,,57927,5,0,31 49,0,1,,57942,5,,,0,15,,57953,5,0,31 49,0,55,,57925,5,0,31 49,0,1,,57959,5,,,0,16,,57960,5,0,31 49,0,16,,57926,5,0,31 49,0,56,,57931,5,0,31 49,0,15,,57964,5,0,31 49,0,1,,57943,5,,,0,16,,57932,5,0,31 49,0,14,,57963,5,0,31 49,0,2,,57935,5,,,0,53,,57933,5,,,0,13,,57962,5,,,0,2,,57934,5,0,31 49,0,14,,57936,5,,,0,15,,57937,5,,,0,55,,57938,5,,,0,21,,57939,5,,,0,23,,57940,5,,,0,66,,57945,5,,,0,28,,57946,5,,,0,69,,57947,5,,,0,28,,57948,5,,,0,69,,57944,5,,,0,30,,57954,5,,,0,75,,57957,5,,,0,39,,57955,5,,,0,77,,57956,5,,,0,82,,57966,5,,,0,40,,57967,5,,,0,78,,57965,5,0,16 49,0,79,,57968,5,0,16 49,0
2701,'5372',522,,42696,5,,,0,80,,42695,5,,,0,26,,42701,5,,,0,22,,42708,5,,,0,70,,42725,5,,,0,26,,42702,5,,,0,63,,42734,5,,,0,30,,42735,5,,,0,20,,42715,5,,,0,62,,57976,5,,,0,22,,42733,5,,,0,65,,42709,5,,,0,27,,57970,5,,,0,65,,42697,5,,,0,27,,42699,5,,,0,27,,42700,5,,,0,67,,57974,5,,,0,27,,42732,5,,,0,66,,42703,5,,,0,26,,57971,5,,,0,66,,42707,5,,,0,25,,42705,5,,,0,26,,42706,5,,,0,64,,57973,5,0,31 49,0,7,,42745,5,,,0,14,,42712,5,0,31 49,0,1,,42726,5,,,0,15,,42736,5,0,31 49,0,55,,42710,5,0,31 49,0,1,,51681,5,,,0,16,,42741,5,0,31 49,0,16,,57972,5,0,31 49,0,56,,42716,5,0,31 49,0,15,,42744,5,0,31 49,0,1,,57975,5,,,0,16,,50190,5,0,31 49,0,14,,42743,5,0,31 49,0,2,,42720,5,,,0,53,,42718,5,,,0,15,,42719,5,0,31 49,0,14,,42721,5,,,0,15,,42722,5,,,0,55,,42723,5,,,0,21,,42724,5,,,0,89,,42729,5,,,0,28,,42730,5,,,0,97,,42731,5,,,0,69,,42728,5,,,0,105,,42739,5,,,0,39,,42737,5,,,0,77,,42738,5,,,0
2701,'5373',1816,,42864,5,,,0,130,,42861,5,,,0,163,,42862,5,,,0,127,,42863,5,,,0
2701,'5377',654,,42865,5,,,0,82,,42866,5,,,0,70,,42867,5,,,0,29,,42868,5,,,0,71,,42869,5,,,0,30,,42870,5,,,0,69,,42871,5,,,0,28,,42872,5,,,0,67,,42873,5,,,0,27,,42874,5,,,0,25,,42875,5,,,0,65,,42876,5,,,0,23,,42877,5,,,0,64,,42878,5,,,0,22,,42879,5,,,0,24,,42880,5,,,0,63,,42881,5,,,0,23,,42882,5,,,0,23,,42883,5,,,0,63,,42884,5,,,0,23,,42885,5,,,0,63,,42886,5,,,0,23,,42887,5,,,0,23,,42888,5,,,0,63,,42889,5,,,0,23,,42890,5,,,0,63,,42891,5,,,0,22,,42892,5,,,0,24,,42893,5,,,0,65,,42894,5,,,0,25,,42895,5,,,0,68,,42896,5,,,0,29,,42897,5,,,0,70,,42898,5,,,0,30,,42899,5,,,0,76,,42900,5,,,0,42,,42901,5,,,0,79,,42902,5,,,0,99,,42903,5,0,16 49,0
2701,'5381',1816,,42810,5,,,0,130,,42807,5,,,0,163,,42808,5,,,0,127,,42809,5,,,0
2701,'5383',625,,57977,5,,,0,77,,57978,5,,,0,31,,57979,5,,,0,69,,57980,5,,,0,30,,57981,5,,,0,27,,57982,5,,,0,67,,57983,5,,,0,27,,57984,5,,,0,66,,57985,5,,,0,26,,57986,5,,,0,62,,57987,5,,,0,23,,57988,5,,,0,23,,57989,5,,,0,62,,57990,5,,,0,23,,57993,5,,,0,62,,57992,5,,,0,23,,57994,5,,,0,23,,57991,5,,,0,63,,57995,5,,,0,23,,57996,5,,,0,20,,57997,5,,,0,61,,57998,5,,,0,21,,57999,5,,,0,21,,58000,5,,,0,61,,58001,5,,,0,20,,58002,5,,,0,19,,58003,5,,,0,61,,58004,5,,,0,19,,58005,5,,,0,21,,58006,5,,,0,60,,58007,5,,,0,20,,58008,5,,,0,20,,58009,5,,,0,60,,58010,5,,,0,26,,58011,5,,,0,66,,58012,5,,,0,29,,58013,5,,,0,70,,58014,5,,,0,29,,58015,5,,,0,70,,58016,5,,,0,30,,58017,5,,,0,72,,58018,5,,,0,31,,58019,5,,,0,70,,58020,5,,,0,31,,58021,5,,,0,68,,58022,5,,,0,28,,58023,5,,,0,70,,58024,5,,,0,30,,58025,5,0,16 49,0,69,,58026,5,0,16 49,0
2701,'5384',654,,58027,5,,,0,82,,58028,5,,,0,70,,58029,5,,,0,29,,58030,5,,,0,71,,58031,5,,,0,30,,58032,5,,,0,69,,58033,5,,,0,28,,58034,5,,,0,67,,58035,5,,,0,27,,58036,5,,,0,25,,58037,5,,,0,65,,58038,5,,,0,23,,58039,5,,,0,64,,58040,5,,,0,22,,58041,5,,,0,24,,58042,5,,,0,63,,58043,5,,,0,23,,58044,5,,,0,23,,58045,5,,,0,63,,58046,5,,,0,23,,58047,5,,,0,63,,58048,5,,,0,23,,58049,5,,,0,23,,58050,5,,,0,63,,58051,5,,,0,23,,58052,5,,,0,63,,58053,5,,,0,22,,58054,5,,,0,24,,58055,5,,,0,65,,58056,5,,,0,25,,58057,5,,,0,68,,58058,5,,,0,29,,58059,5,,,0,70,,58060,5,,,0,30,,58061,5,,,0,76,,58062,5,,,0,42,,58063,5,,,0,79,,58064,5,,,0,99,,58065,5,0,16 49,0
2701,'5385',522,,58067,5,,,0,80,,58066,5,,,0,26,,58072,5,,,0,22,,58079,5,,,0,70,,58096,5,,,0,26,,58073,5,,,0,63,,58105,5,,,0,30,,58106,5,,,0,20,,58086,5,,,0,62,,58117,5,,,0,22,,58104,5,,,0,65,,58080,5,,,0,27,,58069,5,,,0,65,,58068,5,,,0,27,,58070,5,,,0,27,,58071,5,,,0,67,,58085,5,,,0,27,,58103,5,,,0,66,,58074,5,,,0,26,,58075,5,,,0,66,,58078,5,,,0,25,,58076,5,,,0,26,,58077,5,,,0,64,,58084,5,0,31 49,0,7,,58116,5,,,0,14,,58083,5,0,31 49,0,1,,58097,5,,,0,15,,58107,5,0,31 49,0,55,,58081,5,0,31 49,0,1,,58111,5,,,0,16,,58112,5,0,31 49,0,16,,58082,5,0,31 49,0,56,,58087,5,0,31 49,0,15,,58115,5,0,31 49,0,1,,58098,5,,,0,16,,58088,5,0,31 49,0,14,,58114,5,0,31 49,0,2,,58091,5,,,0,53,,58089,5,,,0,15,,58090,5,0,31 49,0,14,,58092,5,,,0,15,,58093,5,,,0,55,,58094,5,,,0,21,,58095,5,,,0,89,,58100,5,,,0,28,,58101,5,,,0,97,,58102,5,,,0,69,,58099,5,,,0,105,,58110,5,,,0,39,,58108,5,,,0,77,,58109,5,,,0
2701,'5387',1816,,58121,5,,,0,130,,58118,5,,,0,163,,58119,5,,,0,127,,58120,5,,,0
2701,'5388',1816,,58125,5,,,0,130,,58122,5,,,0,163,,58123,5,,,0,127,,58124,5,,,0
