6101,'4332',612,,60910,35,,,0,96,,60911,36,,,0,38,,60912,36,,,0,101,,60913,36,,,0,84,,60914,36,,,0,90,,60915,36,,,0,31,,60916,36,,,0,88,,60917,36,,,0,72,,60918,36,,,0,32,,60919,36,,,0,84,,60920,36,,,0,78,,60921,36,,,0,36,,60922,36,,,0,75,,60923,36,,,0,26,,60924,36,,,0,76,,60925,36,,,0,38,,60926,36,,,0,73,,60927,36,,,0,74,,60928,36,,,0,36,,60929,36,,,0,76,,60930,36,,,0,36,,60931,36,,,0,81,,60932,36,,,0,83,,60933,36,,,0,97,,60934,36,,,0,46,,60935,36,,,0,99,,60936,36,,,0,82,,60937,36,,,0,100,,60938,36,,,0
6101,'4663',540,,60873,36,,,0,68,,60874,36,,,0,29,,60877,36,,,0,67,,60887,36,,,0,38,,60883,36,,,0,80,,60872,36,,,0,37,,60875,36,,,0,64,,60886,36,,,0,34,,60879,36,,,0,88,,60876,36,,,0,77,,60884,36,,,0,37,,60880,36,,,0,78,,60878,36,,,0,77,,60885,36,,,0,26,,60881,36,,,0,70,,60892,1,,,0,7,,60882,36,,,0,35,,60890,36,,,0,72,,60893,36,,,0,31,,60895,36,,,0,69,,60888,59,,,0,17,,60900,36,,,0,14,,60889,59,,,0,73,,60897,59,,,0,20,,60899,59,,,0,54,,60891,59,,,0,21,,60903,59,,,0,36,,60894,59,,,0,53,,60896,36,,,0,30,,60898,36,,,0,86,,60902,36,,,0,89,,60901,36,,,0,97,,60904,36,,,0,43,,60906,36,,,0,97,,60907,36,,,0,85,,60905,36,,,0,99,,60908,36,,,0
6101,'5078',617,,60940,35,,,0,102,,60941,35,,,0,34,,60942,36,,,0,89,,60939,36,,,0,94,,60943,36,,,0,87,,60944,36,,,0,88,,60945,36,,,0,47,,60946,36,,,0,143,,60947,36,,,0,46,,60948,36,,,0,101,,60949,36,,,0,85,,60950,36,,,0,101,,60951,36,,,0,80,,60952,36,,,0,100,,60953,36,,,0,89,,60954,36,,,0,97,,60955,36,,,0,100,,60956,36,,,0,41,,60957,36,,,0,99,,60958,36,,,0,96,,60959,36,,,0
6101,'5372',540,,50753,36,,,0,68,,46155,36,,,0,29,,46158,36,,,0,67,,46168,36,,,0,38,,46164,36,,,0,80,,46153,36,,,0,37,,46156,36,,,0,64,,46167,36,,,0,34,,46160,36,,,0,88,,50754,36,,,0,77,,51819,36,,,0,37,,46161,36,,,0,78,,46159,36,,,0,77,,51820,36,,,0,26,,46162,36,,,0,77,,46163,36,,,0,35,,51823,36,,,0,68,,46174,1,,,0,4,,46173,36,,,0,31,,46176,36,,,0,69,,51821,59,,,0,17,,46181,36,,,0,14,,51822,59,,,0,73,,51827,59,,,0,20,,51828,59,,,0,54,,51824,59,,,0,21,,51830,59,,,0,36,,51825,59,,,0,53,,60909,36,,,0,30,,46179,36,,,0,86,,51829,36,,,0,89,,46182,36,,,0,97,,46185,36,,,0,43,,46187,36,,,0,97,,46188,36,,,0,85,,46186,36,,,0
6101,'5385',540,,60961,36,,,0,68,,60962,36,,,0,29,,60965,36,,,0,67,,60975,36,,,0,38,,60971,36,,,0,80,,60960,36,,,0,37,,60963,36,,,0,64,,60974,36,,,0,34,,60967,36,,,0,88,,60964,36,,,0,77,,60972,36,,,0,37,,60968,36,,,0,78,,60966,36,,,0,77,,60973,36,,,0,26,,60969,36,,,0,77,,60970,36,,,0,35,,60978,36,,,0,68,,60981,1,,,0,4,,60980,36,,,0,31,,60983,36,,,0,69,,60976,59,,,0,17,,60988,36,,,0,14,,60977,59,,,0,73,,60985,59,,,0,20,,60987,59,,,0,54,,60979,59,,,0,21,,60991,59,,,0,36,,60982,59,,,0,53,,60984,36,,,0,30,,60986,36,,,0,86,,60990,36,,,0,89,,60989,36,,,0,97,,60992,36,,,0,43,,60994,36,,,0,97,,60995,36,,,0,85,,60993,36,,,0
6401,'4663',740,,61020,78,,,0,203,,61021,33,,,0,378,,61019,78,,,0,291,,61022,29,,,0
6401,'5372',740,,51841,78,,,0,203,,51842,33,,,0,378,,46320,78,,,0,291,,46323,29,,,0
6401,'5385',740,,61027,78,,,0,203,,61028,33,,,0,378,,61026,78,,,0,291,,61029,29,,,0
6501,'4663',1714,,61041,54,,,0,26,,61040,54,,,0,69,,61043,54,,,0,28,,61042,54,,,0
6501,'5372',1809,,51848,54,,,0,28,,51847,54,,,0
6501,'5373',1714,,61045,54,,,0,26,,61044,54,,,0
6501,'5385',1809,,61049,54,,,0,28,,61048,54,,,0
6501,'5387',1714,,61051,54,,,0,26,,61050,54,,,0
6501,'5388',1714,,61053,54,,,0,26,,61052,54,,,0
