700,'4663',609,,54314,24,0,5,0,27,,54312,24,0,5,0,17,,54325,24,0,5,0,55,,54308,24,0,5,0,16,,54319,24,0,5,0,13,,54298,24,0,5,0,17,,54329,24,0,5,0,55,,54305,24,0,5,0,20,,54315,24,0,5,0,18,,54299,24,0,5,0,58,,54303,24,0,5,0,26,,54317,24,0,5,0,26,,54337,24,0,5,0,70,,54334,24,0,5,0,30,,54335,24,0,5,0,70,,54311,24,0,5,0,30,,54338,24,0,5,0,70,,54333,24,0,5,0,30,,54332,24,0,5,0,71,,54336,24,0,5,0,30,,54310,24,0,5,0,70,,54321,24,0,5,0,20,,54300,24,0,5,0,59,,54313,24,0,5,0,14,,54339,24,0,5,0,6,,54306,24,0,5,0,20,,54331,24,0,5,0,56,,54301,24,0,5,0,18,,54320,24,0,5,0,18,,54309,24,0,5,0,19,,54302,24,0,5,0,59,,54316,24,0,5,0,18,,54307,24,0,5,0,16,,54322,24,0,5,0,58,,54304,24,0,5,0,16,,54328,24,0,5,0,31,,54324,24,0,5,0,70,,54326,24,0,5,0,33,,54318,24,0,5,0,69,,54327,24,0,5,0,30,,54330,24,0,5,0,70,,54323,24,0,5,0
700,'5372',609,,38410,24,0,5,0,27,,38408,24,0,5,0,17,,38421,24,0,5,0,55,,38404,24,0,5,0,16,,38415,24,0,5,0,13,,38394,24,0,5,0,17,,38425,24,0,5,0,55,,38401,24,0,5,0,20,,38411,24,0,5,0,18,,38395,24,0,5,0,58,,38399,24,0,5,0,26,,38413,24,0,5,0,26,,38433,24,0,5,0,70,,38430,24,0,5,0,30,,38431,24,0,5,0,70,,38407,24,0,5,0,30,,38434,24,0,5,0,70,,38429,24,0,5,0,30,,51619,24,0,5,0,71,,38432,24,0,5,0,30,,38406,24,0,5,0,70,,38417,24,0,5,0,20,,38396,24,0,5,0,59,,38409,24,0,5,0,14,,54340,24,0,5,0,6,,38402,24,0,5,0,20,,38427,24,0,5,0,56,,38397,24,0,5,0,18,,38416,24,0,5,0,18,,38405,24,0,5,0,19,,38398,24,0,5,0,59,,38412,24,0,5,0,18,,38403,24,0,5,0,16,,38418,24,0,5,0,58,,38400,24,0,5,0,16,,38424,24,0,5,0,31,,38420,24,0,5,0,70,,38422,24,0,5,0,33,,38414,24,0,5,0,69,,38423,24,0,5,0,30,,38426,24,0,5,0,70,,38419,24,0,5,0
700,'5377',722,,38523,24,0,5,0,35,,38525,24,0,5,0,85,,38511,24,0,5,0,77,,38524,24,0,5,0,82,,38526,24,0,5,0,30,,38507,24,0,5,0,70,,38512,24,0,5,0,30,,38514,24,0,5,0,69,,48982,24,0,5,0,31,,38513,24,0,5,0,70,,38510,24,0,5,0,30,,38508,24,0,5,0,70,,38515,24,0,5,0,30,,38516,24,0,5,0,70,,38517,24,0,5,0,30,,38518,24,0,5,0,70,,38520,24,0,5,0,30,,38519,24,0,5,0,70,,38522,24,0,5,0,30,,38521,24,0,5,0,70,,38527,24,0,5,0,28,,38530,24,0,5,0,30,,38529,24,0,5,0,70,,38528,24,0,5,0,30,,38532,24,0,5,0,70,,48983,24,0,5,0
700,'5383',657,,54362,24,0,5,0,85,,54369,24,0,5,0,80,,54352,24,0,5,0,29,,54363,24,0,5,0,79,,54344,24,0,5,0,70,,54364,24,0,5,0,30,,54347,24,0,5,0,71,,54355,24,0,5,0,30,,54341,24,0,5,0,71,,54342,24,0,5,0,30,,54365,24,0,5,0,70,,54348,24,0,5,0,30,,54356,24,0,5,0,68,,54343,24,0,5,0,32,,54345,24,0,5,0,70,,54366,24,0,5,0,30,,54349,24,0,5,0,71,,54357,24,0,5,0,30,,54346,24,0,5,0,70,,54351,24,0,5,0,31,,54367,24,0,5,0,70,,54350,24,0,5,0,28,,54359,24,0,5,0,69,,54354,24,0,5,0,28,,54353,24,0,5,0,30,,54368,24,0,5,0,70,,54358,24,0,5,0,28,,54360,24,0,5,0,70,,54361,24,0,5,0
700,'5384',722,,54386,24,0,5,0,35,,54388,24,0,5,0,85,,54374,24,0,5,0,77,,54387,24,0,5,0,82,,54389,24,0,5,0,30,,54370,24,0,5,0,70,,54375,24,0,5,0,30,,54377,24,0,5,0,69,,54372,24,0,5,0,31,,54376,24,0,5,0,70,,54373,24,0,5,0,30,,54371,24,0,5,0,70,,54378,24,0,5,0,30,,54379,24,0,5,0,70,,54380,24,0,5,0,30,,54381,24,0,5,0,70,,54383,24,0,5,0,30,,54382,24,0,5,0,70,,54385,24,0,5,0,30,,54384,24,0,5,0,70,,54390,24,0,5,0,28,,54393,24,0,5,0,30,,54392,24,0,5,0,70,,54391,24,0,5,0,30,,54395,24,0,5,0,70,,54394,24,0,5,0
700,'5385',609,,54412,24,0,5,0,27,,54410,24,0,5,0,17,,54423,24,0,5,0,55,,54406,24,0,5,0,16,,54417,24,0,5,0,13,,54396,24,0,5,0,17,,54427,24,0,5,0,55,,54403,24,0,5,0,20,,54413,24,0,5,0,18,,54397,24,0,5,0,58,,54401,24,0,5,0,26,,54415,24,0,5,0,26,,54435,24,0,5,0,70,,54432,24,0,5,0,30,,54433,24,0,5,0,70,,54409,24,0,5,0,30,,54436,24,0,5,0,70,,54431,24,0,5,0,30,,54430,24,0,5,0,71,,54434,24,0,5,0,30,,54408,24,0,5,0,70,,54419,24,0,5,0,20,,54398,24,0,5,0,59,,54411,24,0,5,0,14,,54437,24,0,5,0,6,,54404,24,0,5,0,20,,54429,24,0,5,0,56,,54399,24,0,5,0,18,,54418,24,0,5,0,18,,54407,24,0,5,0,19,,54400,24,0,5,0,59,,54414,24,0,5,0,18,,54405,24,0,5,0,16,,54420,24,0,5,0,58,,54402,24,0,5,0,16,,54426,24,0,5,0,31,,54422,24,0,5,0,70,,54424,24,0,5,0,33,,54416,24,0,5,0,69,,54425,24,0,5,0,30,,54428,24,0,5,0,70,,54421,24,0,5,0
14000700,'4663',2156,,63076,24,0,5,0,69,,63079,24,0,5,0,32,,63077,24,0,5,0,69,,63078,24,0,5,0,31,,63080,24,0,5,0,70,,63081,24,0,5,0
14000700,'5372',2156,,48747,24,0,5,0,69,,48750,24,0,5,0,32,,48748,24,0,5,0,69,,48749,24,0,5,0,31,,48751,24,0,5,0,70,,48752,24,0,5,0
14000700,'5377',2057,,48765,24,0,5,0,71,,51591,24,0,5,0,30,,48767,24,0,5,0,100,,48768,24,0,5,0,99,,48769,24,0,5,0
14000700,'5383',2155,,63082,24,0,5,0,74,,63083,24,0,5,0,29,,63084,24,0,5,0,69,,63085,24,0,5,0,30,,63086,24,0,5,0,72,,63087,24,0,5,0
14000700,'5384',2057,,63088,24,0,5,0,71,,63089,24,0,5,0,30,,63090,24,0,5,0,100,,63091,24,0,5,0,99,,63092,24,0,5,0
14000700,'5385',2156,,63093,24,0,5,0,69,,63096,24,0,5,0,32,,63094,24,0,5,0,69,,63095,24,0,5,0,31,,63097,24,0,5,0,70,,63098,24,0,5,0
