8300,'4532',1118,,76028,47,,,0,301,,76029,47,,,0,303,,76027,47,,,0,299,,76026,47,,,0
8300,'4623',732,,76015,47,,,0,204,,76016,47,,,0,179,,76017,47,,,0,208,,76018,47,,,0,199,,76019,47,,,0,213,,76020,47,,,0,205,,76021,47,,,0
8300,'4832',1117,,76039,47,,,0,300,,76040,47,,,0,303,,76038,47,,,0,300,,76037,47,,,0
8300,'5222',732,,76030,47,,,0,204,,76031,47,,,0,179,,76032,47,,,0,208,,76033,47,,,0,199,,76034,47,,,0,213,,76035,47,,,0,205,,76036,47,,,0
8300,'5390',1117,,76043,47,,,0,300,,76044,47,,,0,303,,76042,47,,,0,300,,76041,47,,,0
8500,'4532',912,,76091,43,,,0,300,,76092,43,,,0,306,,76089,43,,,0,299,,76090,43,,,0
8500,'4623',707,,76077,43,,,0,98,,76078,43,,,0,200,,76079,43,,,0,200,,76080,43,,,0,200,,76081,43,,,0,200,,76082,43,,,0,199,,76083,43,,,0,200,,76084,43,,,0
8500,'4832',912,,76103,43,,,0,300,,76104,43,,,0,306,,76101,43,,,0,299,,76102,43,,,0
8500,'5222',707,,76093,43,,,0,98,,76094,43,,,0,200,,76095,43,,,0,200,,76096,43,,,0,200,,76097,43,,,0,200,,76098,43,,,0,199,,76099,43,,,0,200,,76100,43,,,0
8500,'5390',912,,76107,43,,,0,300,,76108,43,,,0,306,,76105,43,,,0,299,,76106,43,,,0
8700,'4623',745,,76110,38,,,0,201,,76109,38,,,0,200,,76111,38,,,0,205,,76115,31,,,0,195,,76113,38,,,0,202,,76114,38,,,0
8700,'5222',745,,76117,38,,,0,201,,76116,38,,,0,200,,76118,38,,,0,205,,76122,31,,,0,195,,76120,38,,,0,202,,76121,38,,,0
8701,'4623',626,,76123,7,,,0,197,,76124,7,,,0,201,,76125,7,,,0,199,,76126,7,,,0,199,,76127,7,,,0,203,,76128,7,,,0
8701,'5222',626,,76129,7,,,0,197,,76130,7,,,0,201,,76131,7,,,0,199,,76132,7,,,0,199,,76133,7,,,0,203,,76134,7,,,0
8800,'4532',821,,76163,12,,,0,98,,76164,12,,,0,100,,76165,12,,,0,100,,76166,12,,,0,100,,76167,12,,,0,99,,76168,12,,,0,100,,76159,12,,,0,100,,76160,12,,,0,100,,76161,12,,,0,100,,76162,12,,,0,98,,76156,12,,,0,100,,76157,12,,,0,102,,76158,12,,,0,100,,76155,12,,,0
8800,'4623',846,,76135,12,,,0,200,,76136,12,,,0,200,,76137,12,,,0,200,,76138,12,,,0,200,,76139,12,,,0,207,,76140,12,,,0
8800,'4832',821,,76180,12,,,0,94,,76181,12,,,0,100,,76182,12,,,0,101,,76183,12,,,0,101,,76184,12,,,0,100,,76185,12,,,0,99,,76176,12,,,0,99,,76177,12,,,0,100,,76178,12,,,0,101,,76179,12,,,0,102,,76187,12,,,0,99,,76188,12,,,0,100,,76175,12,,,0,98,,76186,12,,,0
8800,'5222',846,,76169,12,,,0,200,,76170,12,,,0,200,,76171,12,,,0,200,,76172,12,,,0,200,,76173,12,,,0,207,,76174,12,,,0
8800,'5390',821,,76194,12,,,0,94,,76195,12,,,0,100,,76196,12,,,0,101,,76197,12,,,0,101,,76198,12,,,0,100,,76199,12,,,0,99,,76190,12,,,0,99,,76191,12,,,0,100,,76192,12,,,0,101,,76193,12,,,0,102,,76201,12,,,0,99,,76202,12,,,0,100,,76189,12,,,0,98,,76200,12,,,0
8801,'4532',751,,76234,7,,,0,99,,76235,7,,,0,99,,76236,7,,,0,100,,76237,7,,,0,98,,76228,7,,,0,100,,76229,7,,,0,100,,76231,7,,,0,100,,76232,7,,,0,102,,76230,7,,,0,100,,76233,7,,,0,98,,76225,7,,,0,100,,76226,7,,,0,102,,76227,7,,,0,100,,76224,7,,,0
8801,'4623',716,,76203,7,,,0,200,,76204,7,,,0,200,,76205,7,,,0,199,,76206,7,,,0,200,,76207,7,,,0,206,,76208,7,,,0,103,,76209,7,,,0
8801,'4832',752,,76253,7,,,0,94,,76254,7,,,0,100,,76255,7,,,0,100,,76256,7,,,0,100,,76257,7,,,0,100,,76258,7,,,0,99,,76248,7,,,0,100,,76249,7,,,0,101,,76250,7,,,0,101,,76251,7,,,0,102,,76252,7,,,0,99,,76246,7,,,0,100,,76247,7,,,0,98,,76245,7,,,0
8801,'5222',716,,76238,7,,,0,200,,76239,7,,,0,200,,76240,7,,,0,199,,76241,7,,,0,200,,76242,7,,,0,206,,76243,7,,,0,103,,76244,7,,,0
8801,'5390',752,,76267,7,,,0,94,,76268,7,,,0,100,,76269,7,,,0,100,,76270,7,,,0,100,,76271,7,,,0,100,,76272,7,,,0,99,,76262,7,,,0,100,,76263,7,,,0,101,,76264,7,,,0,101,,76265,7,,,0,102,,76266,7,,,0,99,,76260,7,,,0,100,,76261,7,,,0,98,,76259,7,,,0
