2100,'4332',718,,56491,12,0,17,0,85,,56498,12,0,17,0,40,,56482,12,0,18 19,0,71,,56492,12,0,17,0,39,,56475,12,0,17,0,70,,56493,12,0,17,0,32,,56477,12,0,17,0,71,,56487,12,0,17,0,30,,56472,12,0,17,0,72,,56473,12,0,18 19,0,30,,56494,12,0,17,0,71,,56478,12,0,17,0,30,,56486,12,0,17,0,68,,56474,12,0,18 19,0,32,,56476,12,0,17,0,70,,56495,12,0,17,0,29,,56479,12,0,17,0,70,,56488,12,0,18 19,0,30,,56480,12,0,17,0,70,,56481,12,0,17,0,29,,56497,12,0,17,0,70,,56483,12,0,18 19,0,28,,56489,12,0,17,0,69,,56484,12,0,17,0,28,,56485,12,0,17,0,68,,56496,12,0,17,0,30,,56490,12,0,17,0
2100,'4661',629,,56541,12,0,50 51 52,0,29,,56526,12,0,50 51 52,0,58,,56543,12,0,50 51 52,0,15,,56528,12,0,50 51 52,0,16,,56545,12,0,50 51 52,0,53,,56524,12,0,50 51 52,0,17,,56539,12,0,50 51 52,0,16,,56527,12,0,50 51 52,0,20,,56554,12,0,50 51 52,0,58,,56525,12,0,50 51 52,0,18,,56535,12,0,50 51 52,0,25,,56546,12,0,50 51 52,0,66,,56561,12,0,50 51 52,0,30,,56559,12,0,50 51 52,0,70,,56558,12,0,18 19,0,31,,56537,12,0,50 51 52,0,71,,56562,12,0,50 51 52,0,30,,56556,12,0,50 51 52,0,71,,56557,12,0,50 51 52,0,31,,56560,12,0,50 51 52,0,70,,56536,12,0,50 51 52,0,31,,56540,12,0,50 51 52,0,60,,56531,12,0,50 51 52,0,19,,56547,12,0,50 51 52,0,20,,56529,12,0,50 51 52,0,60,,56542,12,0,50 51 52,0,17,,56532,12,0,18 19,0,18,,56544,12,0,50 51 52,0,58,,56530,12,0,50 51 52,0,18,,56534,12,0,50 51 52,0,18,,56538,12,0,17,0,57,,56533,12,0,17,0,16,,56551,12,0,17,0,32,,56548,12,0,17,0,69,,56553,12,0,17,0,30,,56555,12,0,17,0,73,,56549,12,0,17,0,29,,56550,12,0,17,0
2100,'4663',629,,56450,12,0,50 51 52,0,29,,56435,12,0,50 51 52,0,58,,56452,12,0,50 51 52,0,15,,56437,12,0,50 51 52,0,16,,56454,12,0,50 51 52,0,53,,56433,12,0,50 51 52,0,17,,56448,12,0,50 51 52,0,16,,56436,12,0,50 51 52,0,20,,56463,12,0,50 51 52,0,58,,56434,12,0,50 51 52,0,18,,56444,12,0,50 51 52,0,25,,56455,12,0,50 51 52,0,66,,56470,12,0,50 51 52,0,30,,56468,12,0,50 51 52,0,70,,56467,12,0,18 19,0,31,,56446,12,0,50 51 52,0,71,,56471,12,0,50 51 52,0,30,,56465,12,0,50 51 52,0,71,,56466,12,0,50 51 52,0,31,,56469,12,0,50 51 52,0,70,,56445,12,0,50 51 52,0,31,,56449,12,0,50 51 52,0,60,,56440,12,0,50 51 52,0,19,,56456,12,0,50 51 52,0,20,,56438,12,0,50 51 52,0,60,,56451,12,0,50 51 52,0,17,,56441,12,0,18 19,0,18,,56453,12,0,50 51 52,0,58,,56439,12,0,50 51 52,0,18,,56443,12,0,50 51 52,0,18,,56447,12,0,17,0,57,,56442,12,0,17,0,16,,56460,12,0,17,0,32,,56457,12,0,17,0,69,,56462,12,0,17,0,30,,56464,12,0,17,0,73,,56458,12,0,17,0,29,,56459,12,0,17,0
2100,'5078',743,,56516,12,0,17,0,75,,56515,12,0,17,0,85,,56503,12,0,18 19,0,37,,56514,12,0,17,0,83,,56517,12,0,17,0,30,,56499,12,0,17,0,70,,56502,12,0,17,0,30,,56505,12,0,17,0,70,,56501,12,0,18 19,0,31,,56504,12,0,17,0,70,,56500,12,0,17,0,30,,56506,12,0,17,0,71,,56507,12,0,18 19,0,30,,56509,12,0,17,0,70,,56510,12,0,17,0,30,,56508,12,0,17,0,70,,56513,12,0,18 19,0,30,,56511,12,0,17,0,70,,56512,12,0,17,0,29,,56518,12,0,17,0,69,,56519,12,0,18 19,0,28,,56521,12,0,17,0,69,,56520,12,0,17,0,30,,56523,12,0,17,0,70,,56522,12,0,17,0
2200,'4332',703,,56765,27,,,0,40,,56751,27,,,0,80,,56755,27,,,0,80,,56768,27,,,0,32,,56752,27,,,0,70,,56746,27,,,0,31,,56753,27,,,0,71,,56767,27,,,0,31,,56750,27,,,0,71,,56749,27,,,0,31,,56754,27,,,0,70,,56747,27,,,0,31,,56772,27,,,0,70,,56748,27,,,0,30,,56761,27,,,0,70,,56757,27,,,0,30,,56760,27,,,0,69,,56771,27,,,0,29,,56762,27,,,0,71,,56756,27,,,0,30,,56764,27,,,0,72,,56763,27,,,0,30,,56759,27,,,0,68,,56758,27,,,0,29,,56773,27,,,0,69,,56774,27,,,0,27,,56770,27,,,0,68,,56766,27,,,0
2200,'4661',614,,56823,27,,,0,30,,56807,27,,,0,68,,56818,27,,,0,31,,56810,27,,,0,68,,56800,10,0,20 7,0,6,,56822,27,,,0,23,,56802,27,,,0,69,,56806,27,,,0,102,,56808,27,,,0,26,,56824,27,,,0,70,,56801,27,,,0,103,,56817,27,0,21 22,0,30,,56809,27,0,21 22,0,70,,56825,27,0,21 22,0,30,,56803,27,0,21 22,0,101,,56820,27,0,21 22,0,69,,56814,27,0,21 22,0,36,,56827,27,0,21 22,0,102,,56815,27,0,21 22,0,97,,56811,27,0,21 22,0,70,,56826,27,,,0,24,,56804,27,,,0,98,,56819,27,,,0,70,,56816,27,,,0,29,,56805,27,,,0,69,,56813,27,,,0
2200,'4663',614,,56740,27,,,0,30,,56724,27,,,0,68,,56735,27,,,0,31,,56727,27,,,0,68,,56717,10,0,20 7,0,6,,56739,27,,,0,23,,56719,27,,,0,69,,56723,27,,,0,102,,56725,27,,,0,26,,56741,27,,,0,70,,56718,27,,,0,103,,56734,27,0,21 22,0,30,,56726,27,0,21 22,0,70,,56742,27,0,21 22,0,30,,56720,27,0,21 22,0,101,,56737,27,0,21 22,0,69,,56731,27,0,21 22,0,36,,56744,27,0,21 22,0,102,,56732,27,0,21 22,0,97,,56728,27,0,21 22,0,70,,56743,27,,,0,24,,56721,27,,,0,98,,56736,27,,,0,70,,56733,27,,,0,29,,56722,27,,,0,69,,56730,27,,,0
2200,'5078',752,,56779,27,,,0,101,,56780,27,,,0,80,,56781,27,,,0,70,,56776,27,,,0,32,,56777,27,,,0,70,,56778,27,,,0,30,,56783,27,,,0,69,,56784,27,,,0,32,,56782,27,,,0,70,,56785,27,,,0,30,,56786,27,,,0,70,,56794,27,,,0,31,,56793,27,,,0,70,,56787,27,,,0,30,,56788,27,,,0,70,,56789,27,,,0,30,,56790,27,,,0,72,,56791,27,,,0,30,,56792,27,,,0,69,,56795,27,,,0,29,,56796,27,,,0,68,,56797,27,,,0,30,,56798,27,,,0,115,,56799,10,,,0
1002200,'4661',942,,62907,27,,,0,196,,62904,27,0,21 22,0,272,,62905,27,0,21 22,0,208,,62903,27,0,21 22,0,98,,62908,27,0,21 22,0,195,,62906,27,0,21 22,0
1002200,'4663',942,,62901,27,,,0,196,,62898,27,0,21 22,0,272,,62899,27,0,21 22,0,208,,62897,27,0,21 22,0,98,,62902,27,0,21 22,0,195,,62900,27,0,21 22,0
14002100,'4332',2118,,63128,12,,,0,30,,63129,12,,,0,70,,63130,12,,,0,102,,63131,12,,,0,99,,63132,12,,,0
14002100,'4661',2119,,63138,12,,,0,30,,63136,12,,,0,70,,63139,12,,,0,99,,63137,12,,,0,99,,63140,12,,,0
14002100,'4663',2119,,63125,12,,,0,30,,63123,12,,,0,70,,63126,12,,,0,99,,63124,12,,,0,99,,63127,12,,,0
14002100,'5078',2120,,63133,12,,,0,100,,63134,12,,,0,100,,63135,12,,,0
