2501,'4332',759,,57155,65,,,0,142,,57152,65,,,0,106,,57154,65,,,0,103,,57153,65,,,0,99,,57161,65,,,0,96,,57158,65,,,0,100,,57157,65,,,0,99,,57156,65,,,0,99,,57159,65,,,0,101,,57160,65,,,0,118,,57162,65,,,0,126,,57163,65,,,0,165,,57164,65,,,0,129,,57165,65,,,0,169,,57166,65,,,0
2501,'4661',657,,57182,65,,,0,81,,57185,65,,,0,120,,57178,65,,,0,150,,57188,65,,,0,102,,57184,65,,,0,101,,57181,65,,,0,100,,57180,65,,,0,100,,57183,65,,,0,119,,57187,65,,,0,94,,57186,65,,,0,127,,57189,65,,,0,83,,57190,65,,,0,83,,57191,65,,,0,92,,57192,65,,,0,103,,57193,65,,,0,130,,57194,65,,,0,168,,57195,65,,,0
2501,'4663',657,,57137,65,,,0,81,,57140,65,,,0,120,,57133,65,,,0,150,,57143,65,,,0,102,,57139,65,,,0,101,,57136,65,,,0,100,,57135,65,,,0,100,,57138,65,,,0,119,,57142,65,,,0,94,,57141,65,,,0,91,,57144,65,,,0,36,,57145,65,,,0,83,,57146,65,,,0,83,,57147,65,,,0,92,,57148,65,,,0,103,,57149,65,,,0,130,,57150,65,,,0,168,,57151,65,,,0
2501,'5078',916,,57168,65,,,0,132,,57167,65,,,0,171,,57169,65,,,0,131,,57170,65,,,0,171,,57171,65,,,0,131,,57172,65,,,0,167,,57173,65,,,0,129,,57174,65,,,0,168,,57175,65,,,0,124,,57176,65,,,0,169,,57177,65,,,0
2501,'5387',1715,,57196,65,,,0
2600,'4332',638,,57276,13,,,0,71,,57277,13,,,0,30,,57278,13,,,0,18,,57279,13,,,0,57,,57280,13,,,0,18,,57281,13,,,0,17,,57282,13,,,0,57,,57283,13,,,0,17,,57284,13,,,0,17,,57285,13,,,0,17,,57286,13,,,0,57,,57287,13,,,0,17,,57288,13,,,0,17,,57289,13,,,0,58,,57290,13,,,0,17,,57275,13,,,0,18,,57291,13,,,0,59,,57292,13,,,0,17,,57293,13,,,0,17,,57294,13,,,0,17,,57295,13,,,0,57,,57296,13,,,0,17,,57297,13,,,0,17,,57298,13,,,0,58,,57299,13,,,0,16,,57300,13,,,0,16,,57301,13,,,0,17,,57302,13,,,0,57,,57303,13,,,0,17,,57304,13,,,0,17,,57305,13,,,0,17,,57306,13,,,0,56,,57307,13,,,0,15,,57308,13,,,0,15,,57309,13,,,0,16,,57310,13,,,0,56,,57311,13,,,0,17,,57312,13,,,0,16,,57313,13,,,0,57,,57314,13,,,0,17,,57315,13,,,0,20,,57316,13,,,0,59,,57317,13,,,0,20,,57318,13,,,0,20,,57319,13,,,0,60,,57320,13,,,0,20,,57321,13,,,0,20,,57322,13,,,0,59,,57323,13,,,0,20,,57324,13,,,0,25,,57325,13,,,0,70,,57326,13,,,0,30,,57327,13,,,0,71,,57328,13,,,0,30,,57329,13,,,0,70,,57330,13,,,0,31,,57331,13,,,0,101,,57332,13,,,0
2600,'4661',554,,57395,13,,,0,69,,57382,13,,,0,22,,57383,13,,,0,58,,57392,13,,,0,11,,57393,13,,,0,15,,57386,13,,,0,5,,57397,13,,,0,7,,57391,13,,,0,7,,57450,13,,,0,8,,57389,13,,,0,56,,57394,13,,,0,16,,57388,13,,,0,16,,57396,13,,,0,56,,57384,13,,,0,16,,57385,13,,,0,16,,57398,13,,,0,16,,57399,13,,,0,57,,57387,13,,,0,16,,57400,13,,,0,13,,57411,13,,,0,15,,57401,13,,,0,55,,57402,13,,,0,17,,57406,13,,,0,14,,57425,13,,,0,16,,57417,13,,,0,56,,57413,13,,,0,15,,57421,13,,,0,14,,57412,13,,,0,15,,57403,13,,,0,55,,57408,13,,,0,15,,57424,13,,,0,15,,57405,13,,,0,15,,57404,13,,,0,55,,57426,13,,,0,13,,57407,13,,,0,13,,57415,13,,,0,12,,57409,13,,,0,10,,57410,13,,,0,53,,57414,13,,,0,14,,57452,13,,,0,12,,57419,13,,,0,12,,57423,13,,,0,12,,57420,13,,,0,52,,57416,13,,,0,13,,57418,13,,,0,11,,57422,13,,,0,12,,57431,13,,,0,13,,57428,13,,,0,51,,57429,13,,,0,14,,57430,13,,,0,14,,57451,13,,,0,15,,57427,13,,,0,54,,57446,13,,,0,15,,57447,13,,,0,15,,57432,13,,,0,15,,57437,13,,,0,55,,57440,13,,,0,15,,57442,13,,,0,20,,57434,13,,,0,60,,57443,13,,,0,20,,57435,13,,,0,20,,57436,13,,,0,60,,57433,13,,,0,42,,57441,13,,,0,72,,57438,13,,,0,30,,57445,13,,,0,70,,57449,13,,,0,29,,57448,13,,,0,72,,57444,13,,,0,30,,57439,13,,,0
2600,'4663',554,,57211,13,,,0,69,,57198,13,,,0,22,,57199,13,,,0,58,,57208,13,,,0,11,,57209,13,,,0,15,,57202,13,,,0,5,,57213,13,,,0,7,,57207,13,,,0,7,,57268,13,,,0,8,,57205,13,,,0,56,,57210,13,,,0,16,,57204,13,,,0,16,,57212,13,,,0,56,,57200,13,,,0,16,,57201,13,,,0,16,,57214,13,,,0,16,,57215,13,,,0,57,,57203,13,,,0,16,,57216,13,,,0,13,,57227,13,,,0,15,,57217,13,,,0,55,,57218,13,,,0,17,,57222,13,,,0,14,,57241,13,,,0,16,,57233,13,,,0,56,,57229,13,,,0,15,,57237,13,,,0,14,,57228,13,,,0,15,,57219,13,,,0,55,,57224,13,,,0,15,,57240,13,,,0,15,,57221,13,,,0,15,,57220,13,,,0,55,,57242,13,,,0,13,,57223,13,,,0,13,,57231,13,,,0,12,,57225,13,,,0,10,,57226,13,,,0,53,,57230,13,,,0,14,,57270,13,,,0,12,,57235,13,,,0,12,,57239,13,,,0,12,,57236,13,,,0,52,,57232,13,,,0,13,,57234,13,,,0,11,,57238,13,,,0,12,,57247,13,,,0,13,,57244,13,,,0,51,,57245,13,,,0,14,,57246,13,,,0,14,,57269,13,,,0,15,,57243,13,,,0,54,,57264,13,,,0,15,,57265,13,,,0,15,,57248,13,,,0,15,,57253,13,,,0,55,,57256,13,,,0,15,,57259,13,,,0,20,,57250,13,,,0,60,,57260,13,,,0,20,,57251,13,,,0,20,,57252,13,,,0,60,,57249,13,,,0,19,,57263,13,,,0,23,,57257,13,,,0,72,,57254,13,,,0,30,,57262,13,,,0,70,,57267,13,,,0,29,,57266,13,,,0,72,,57261,13,,,0,30,,57255,13,,,0,100,,57258,13,,,0
2600,'5078',702,,57349,13,,,0,27,,57357,13,,,0,21,,57339,13,,,0,63,,57333,13,,,0,23,,57351,13,,,0,20,,57358,13,,,0,67,,57340,13,,,0,23,,57334,13,,,0,60,,57352,13,,,0,24,,57343,13,,,0,20,,57335,13,,,0,58,,57341,13,,,0,18,,57337,13,,,0,19,,57350,13,,,0,59,,57338,13,,,0,19,,57355,13,,,0,18,,57336,13,,,0,18,,57353,13,,,0,58,,57345,13,,,0,18,,57348,13,,,0,20,,57346,13,,,0,58,,57356,13,,,0,18,,57342,13,,,0,18,,57354,13,,,0,58,,57344,13,,,0,17,,57347,13,,,0,18,,57363,13,,,0,58,,57367,13,,,0,17,,57360,13,,,0,18,,57369,13,,,0,18,,57362,13,,,0,58,,57365,13,,,0,17,,57361,13,,,0,17,,57370,13,,,0,56,,57359,13,,,0,20,,57368,13,,,0,19,,57364,13,,,0,19,,57366,13,,,0,59,,57374,13,,,0,20,,57372,13,,,0,19,,57376,13,,,0,60,,57373,13,,,0,20,,57375,13,,,0,20,,57377,13,,,0,60,,57371,13,,,0,30,,57379,13,,,0,69,,57378,13,,,0,30,,57380,13,,,0,70,,57381,13,,,0
2600,'5387',2120,,57455,13,,,0
