5501,'4487',847,,13019,23,,,0,211,,13016,23,,,0,246,,13017,23,,,0,206,,13018,23,,,0,209,,13014,23,,,0,204,,13015,23,,,0
5501,'4737',644,,13023,23,,,0,170,,13022,23,,,0,204,,13020,23,,,0,136,,13021,23,,,0,200,,13025,23,,,0,105,,13024,23,,,0,196,,13026,23,,,0,193,,13027,23,,,0,192,,13028,23,,,0
5501,'4740',847,,13034,23,,,0,211,,13031,23,,,0,246,,13032,23,,,0,206,,13033,23,,,0,209,,13029,23,,,0,204,,13030,23,,,0
5501,'4744',644,,13038,23,,,0,170,,13037,23,,,0,204,,13035,23,,,0,136,,13036,23,,,0,200,,13040,23,,,0,105,,13039,23,,,0,196,,13041,23,,,0,193,,13042,23,,,0,192,,13043,23,,,0
5501,'4745',845,,13044,23,,,0,212,,13046,23,,,0,246,,13047,23,,,0,205,,13045,23,,,0,210,,13049,23,,,0,203,,13048,23,,,0
5501,'4947',644,,13053,23,,,0,170,,13052,23,,,0,204,,13050,23,,,0,136,,13051,23,,,0,200,,13055,23,,,0,105,,13054,23,,,0,196,,13056,23,,,0,193,,13057,23,,,0,192,,13058,23,,,0
5501,'4954',845,,13059,23,,,0,212,,13061,23,,,0,246,,13062,23,,,0,205,,13060,23,,,0,210,,13064,23,,,0,203,,13063,23,,,0
6401,'4737',643,,14466,17,,,0,579,,14465,17,,,0,501,,14469,17,0,34 35 36,0
6401,'4744',643,,14473,17,,,0,579,,14472,17,,,0,501,,14476,17,0,34 35 36,0
6401,'4947',643,,14480,17,,,0,579,,14479,17,,,0,501,,14483,17,0,34 35 36,0
