100,'4623',702,,63236,1,,,0,42,,63235,1,,,0,762,,63234,3,,,0,48,,63233,1,,,0,99,,63232,1,,,0
100,'5222',702,,63241,1,,,0,42,,63240,1,,,0,762,,63239,3,,,0,48,,63238,1,,,0,99,,63237,1,,,0
101,'4623',659,,63246,21,4,,0,82,,63245,21,4,,0,97,,63244,21,4,,0,712,,63243,21,4,,0,99,,63242,21,4,,0
101,'5222',659,,63251,21,4,,0,82,,63250,21,4,,0,97,,63249,21,4,,0,712,,63248,21,4,,0,99,,63247,21,4,,0
1101,'4532',700,,66648,43,,,0,36,,66636,43,,,0,75,,66641,43,,,0,30,,66666,43,,,0,77,,66649,43,,,0,30,,66635,43,,,0,70,,66644,43,,,0,31,,66660,43,,,0,65,,66638,43,,,0,20,,66662,43,,,0,66,,66650,43,,,0,25,,66637,43,,,0,26,,66642,43,,,0,65,,66659,43,,,0,25,,66639,43,,,0,65,,66657,43,,,0,25,,66647,43,,,0,25,,66640,43,,,0,65,,66646,43,,,0,25,,66668,43,,,0,65,,66643,43,,,0,25,,66661,43,,,0,65,,66651,43,,,0,25,,66645,43,,,0,25,,66667,43,,,0,64,,66658,43,,,0,24,,66664,43,,,0,65,,66665,43,,,0,24,,66652,43,,,0,25,,66663,43,,,0,65,,66656,43,,,0,25,,66655,43,,,0,65,,66653,43,,,0,35,,66654,43,,,0,70,,66671,43,,,0,29,,66669,43,,,0,73,,66670,43,,,0,28,,66672,43,,,0,85,,66673,43,,,0
1101,'4623',604,,66594,43,,,0,30,,66586,43,,,0,21,,66569,43,,,0,63,,66576,43,,,0,21,,66554,43,,,0,20,,66571,43,,,0,60,,66590,43,,,0,20,,66567,43,,,0,20,,66587,43,,,0,58,,66562,43,,,0,19,,66555,43,,,0,20,,66580,43,,,0,65,,66570,43,,,0,26,,66592,43,,,0,65,,66566,43,,,0,26,,66589,43,,,0,65,,66556,43,,,0,25,,66579,43,,,0,25,,66563,43,,,0,66,,66595,43,,,0,25,,66568,43,,,0,67,,66588,43,,,0,25,,66550,43,,,0,19,,66548,43,,,0,57,,66578,43,,,0,20,,66572,43,,,0,16,,66549,43,,,0,57,,66593,43,,,0,17,,66564,43,,,0,19,,66551,43,,,0,18,,66585,43,,,0,61,,66553,43,,,0,20,,66552,43,,,0,18,,66577,43,,,0,61,,66565,43,,,0,23,,66591,43,,,0,15,,66557,43,,,0,57,,66560,43,,,0,20,,66583,43,,,0,70,,66558,43,,,0,34,,66561,43,,,0,70,,66559,43,,,0,35,,66584,43,,,0,69,,66573,43,,,0,35,,66574,43,,,0,68,,66575,43,,,0,28,,66582,43,,,0,85,,66581,43,,,0
1101,'4832',720,,66722,43,,,0,85,,66727,43,,,0,46,,66724,43,,,0,86,,66723,43,,,0,76,,66725,43,,,0,31,,66726,43,,,0,70,,66728,43,,,0,30,,66729,43,,,0,68,,66730,43,,,0,30,,66731,43,,,0,71,,66733,43,,,0,27,,66735,43,,,0,70,,66734,43,,,0,30,,66732,43,,,0,70,,66736,43,,,0,30,,66737,43,,,0,70,,66738,43,,,0,30,,66739,43,,,0,70,,66741,43,,,0,29,,66740,43,,,0,70,,66743,43,,,0,29,,66742,43,,,0,70,,66745,43,,,0,35,,66744,43,,,0,84,,66746,43,,,0,80,,66747,43,,,0,44,,66748,43,,,0,84,,66749,43,,,0,79,,66750,43,,,0,38,,66751,43,,,0
1101,'5222',604,,66720,43,,,0,30,,66712,43,,,0,21,,66695,43,,,0,63,,66702,43,,,0,21,,66680,43,,,0,20,,66697,43,,,0,60,,66716,43,,,0,20,,66693,43,,,0,20,,66713,43,,,0,58,,66688,43,,,0,19,,66681,43,,,0,20,,66706,43,,,0,65,,66696,43,,,0,26,,66718,43,,,0,65,,66692,43,,,0,26,,66715,43,,,0,65,,66682,43,,,0,25,,66705,43,,,0,25,,66689,43,,,0,66,,66721,43,,,0,25,,66694,43,,,0,67,,66714,43,,,0,25,,66676,43,,,0,19,,66674,43,,,0,57,,66704,43,,,0,20,,66698,43,,,0,16,,66675,43,,,0,57,,66719,43,,,0,17,,66690,43,,,0,19,,66677,43,,,0,18,,66711,43,,,0,61,,66679,43,,,0,20,,66678,43,,,0,18,,66703,43,,,0,61,,66691,43,,,0,23,,66717,43,,,0,15,,66683,43,,,0,57,,66686,43,,,0,20,,66709,43,,,0,70,,66684,43,,,0,34,,66687,43,,,0,70,,66685,43,,,0,35,,66710,43,,,0,69,,66699,43,,,0,35,,66700,43,,,0,68,,66701,43,,,0,28,,66708,43,,,0,85,,66707,43,,,0
1101,'5390',720,,66752,43,,,0,85,,66757,43,,,0,46,,66754,43,,,0,86,,66753,43,,,0,76,,66755,43,,,0,31,,66756,43,,,0,70,,66758,43,,,0,30,,66759,43,,,0,68,,66760,43,,,0,30,,66761,43,,,0,71,,66763,43,,,0,27,,66765,43,,,0,70,,66764,43,,,0,30,,66762,43,,,0,70,,66766,43,,,0,30,,66767,43,,,0,70,,66768,43,,,0,30,,66769,43,,,0,70,,66771,43,,,0,29,,66770,43,,,0,70,,66773,43,,,0,29,,66772,43,,,0,70,,66775,43,,,0,35,,66774,43,,,0,84,,66776,43,,,0,80,,66777,43,,,0,44,,66778,43,,,0,84,,66779,43,,,0,79,,66780,43,,,0,38,,66781,43,,,0
2100,'4532',709,,68586,3,0,17,0,45,,68593,3,0,17,0,80,,68577,3,0,18 19,0,70,,68587,3,0,17,0,39,,68570,3,0,17,0,70,,68588,3,0,17,0,32,,68572,3,0,17,0,71,,68582,3,0,17,0,30,,68567,3,0,17,0,71,,68568,3,0,18 19,0,30,,68589,3,0,17,0,70,,68573,3,0,17,0,30,,68581,3,0,17,0,68,,68569,3,0,18 19,0,32,,68571,3,0,17,0,70,,68590,3,0,17,0,30,,68574,3,0,17,0,70,,68583,3,0,18 19,0,30,,68575,3,0,17,0,70,,68576,3,0,17,0,30,,68592,3,0,17,0,70,,68578,3,0,18 19,0,28,,68584,3,0,17,0,69,,68579,3,0,17,0,28,,68580,3,0,17,0,69,,68591,3,0,17,0,30,,68585,3,0,17,0
2100,'4623',619,,68513,3,0,50 51 52,0,27,,68507,3,0,50 51 52,0,58,,68510,3,0,50 51 52,0,20,,68505,3,0,50 51 52,0,20,,68509,3,0,50 51 52,0,60,,68521,3,0,50 51 52,0,20,,68504,3,0,50 51 52,0,21,,68512,3,0,50 51 52,0,69,,68506,3,0,50 51 52,0,30,,68511,3,0,50 51 52,0,70,,68517,3,0,50 51 52,0,28,,68518,3,0,50 51 52,0,67,,68515,3,0,18 19,0,31,,68522,3,0,50 51 52,0,69,,68508,3,0,50 51 52,0,31,,68516,3,0,50 51 52,0,70,,68519,3,0,50 51 52,0,32,,68514,3,0,50 51 52,0,70,,68520,3,0,50 51 52,0,30,,68524,3,0,17,0,67,,68528,3,0,50 51 52,0,20,,68526,3,0,50 51 52,0,23,,68530,3,0,50 51 52,0,62,,68525,3,0,18 19,0,20,,68531,3,0,50 51 52,0,20,,68529,3,0,50 51 52,0,61,,68527,3,0,50 51 52,0,21,,68532,3,0,17,0,20,,68535,3,0,17,0,58,,68533,3,0,17,0,25,,68536,3,0,17,0,70,,68534,3,0,17,0,30,,68539,3,0,17,0,70,,68538,3,0,17,0,30,,68537,3,0,17,0
2100,'4832',734,,68647,3,0,17,0,75,,68646,3,0,17,0,45,,68634,3,0,18 19,0,77,,68645,3,0,17,0,82,,68648,3,0,17,0,30,,68630,3,0,17,0,70,,68633,3,0,17,0,30,,68636,3,0,17,0,70,,68632,3,0,18 19,0,31,,68635,3,0,17,0,70,,68631,3,0,17,0,30,,68637,3,0,17,0,70,,68638,3,0,18 19,0,30,,68640,3,0,17,0,70,,68641,3,0,17,0,30,,68639,3,0,17,0,70,,68644,3,0,18 19,0,30,,68642,3,0,17,0,70,,68643,3,0,17,0,29,,68649,3,0,17,0,70,,68650,3,0,18 19,0,28,,68652,3,0,17,0,70,,68651,3,0,17,0,30,,68654,3,0,17,0,70,,68653,3,0,17,0
2100,'5222',619,,68603,3,0,50 51 52,0,27,,68597,3,0,50 51 52,0,58,,68600,3,0,50 51 52,0,20,,68595,3,0,50 51 52,0,20,,68599,3,0,50 51 52,0,60,,68611,3,0,50 51 52,0,20,,68594,3,0,50 51 52,0,21,,68602,3,0,50 51 52,0,69,,68596,3,0,50 51 52,0,30,,68601,3,0,50 51 52,0,70,,68607,3,0,50 51 52,0,28,,68608,3,0,50 51 52,0,67,,68605,3,0,18 19,0,31,,68612,3,0,50 51 52,0,69,,68598,3,0,50 51 52,0,31,,68606,3,0,50 51 52,0,70,,68609,3,0,50 51 52,0,32,,68604,3,0,50 51 52,0,70,,68610,3,0,50 51 52,0,30,,68614,3,0,17,0,67,,68618,3,0,50 51 52,0,20,,68616,3,0,50 51 52,0,23,,68620,3,0,50 51 52,0,62,,68615,3,0,18 19,0,20,,68621,3,0,50 51 52,0,20,,68619,3,0,50 51 52,0,61,,68617,3,0,50 51 52,0,21,,68622,3,0,17,0,20,,68625,3,0,17,0,58,,68623,3,0,17,0,25,,68626,3,0,17,0,70,,68624,3,0,17,0,30,,68629,3,0,17,0,70,,68628,3,0,17,0,30,,68627,3,0,17,0
2100,'5390',734,,68672,3,0,17,0,75,,68671,3,0,17,0,45,,68659,3,0,18 19,0,77,,68670,3,0,17,0,82,,68673,3,0,17,0,30,,68655,3,0,17,0,70,,68658,3,0,17,0,30,,68661,3,0,17,0,70,,68657,3,0,18 19,0,31,,68660,3,0,17,0,70,,68656,3,0,17,0,30,,68662,3,0,17,0,70,,68663,3,0,18 19,0,30,,68665,3,0,17,0,70,,68666,3,0,17,0,30,,68664,3,0,17,0,70,,68669,3,0,18 19,0,30,,68667,3,0,17,0,70,,68668,3,0,17,0,29,,68674,3,0,17,0,70,,68675,3,0,18 19,0,28,,68677,3,0,17,0,70,,68676,3,0,17,0,30,,68679,3,0,17,0,70,,68678,3,0,17,0
2200,'4532',654,,68966,18,,,0,80,,68952,18,,,0,80,,68956,18,,,0,40,,68969,18,,,0,71,,68953,18,,,0,30,,68947,18,,,0,71,,68954,18,,,0,31,,68968,18,,,0,71,,68951,18,,,0,30,,68950,18,,,0,71,,68955,18,,,0,30,,68948,18,,,0,70,,68973,18,,,0,30,,68949,18,,,0,70,,68962,18,,,0,30,,68958,18,,,0,70,,68961,18,,,0,30,,68972,18,,,0,69,,68963,18,,,0,31,,68957,18,,,0,70,,68965,18,,,0,73,,68964,18,,,0,30,,68960,18,,,0,68,,68959,18,,,0,29,,68974,18,,,0,30,,68975,18,,,0,67,,68971,18,,,0,28,,68967,18,,,0,69,,68970,18,4,,0,30,,68976,18,4,,0
2200,'4623',605,,68890,18,,,0,29,,68896,18,,,0,68,,68897,18,,,0,30,,68908,18,,,0,73,,68893,18,,,0,23,,68909,18,,,0,29,,68910,18,,,0,145,,68911,18,,,0,25,,68894,18,,,0,30,,68913,18,,,0,101,,68912,18,0,21 22,0,70,,68914,18,0,21 22,0,30,,68895,18,0,21 22,0,71,,68915,18,0,21 22,0,99,,68916,18,0,21 22,0,29,,68899,18,0,21 22,0,75,,68891,18,0,21 22,0,103,,68898,18,0,21 22,0,100,,68901,18,0,21 22,0,69,,68892,18,,,0,26,,68902,18,,,0,97,,68900,18,,,0,29,,68906,18,,,0,70,,68904,18,,,0,30,,68905,18,,,0,70,,68903,18,4,,0,29,,68907,18,4,,0
2200,'4832',743,,69007,18,,,0,101,,69008,18,,,0,80,,69009,18,,,0,30,,69004,18,,,0,71,,69005,18,,,0,30,,69006,18,,,0,70,,69011,18,,,0,29,,69012,18,,,0,72,,69010,18,,,0,30,,69013,18,,,0,70,,69014,18,,,0,30,,69022,18,,,0,70,,69021,18,,,0,30,,69015,18,,,0,70,,69016,18,,,0,30,,69017,18,,,0,70,,69018,18,,,0,32,,69019,18,,,0,70,,69020,18,,,0,30,,69023,18,,,0,69,,69024,18,,,0,29,,69025,18,,,0,70,,69026,18,,,0,115,,69027,1,,,0
2200,'5222',605,,68977,18,,,0,29,,68983,18,,,0,68,,68984,18,,,0,30,,68995,18,,,0,73,,68980,18,,,0,23,,68996,18,,,0,29,,68997,18,,,0,145,,68998,18,,,0,25,,68981,18,,,0,30,,69000,18,,,0,101,,68999,18,0,21 22,0,70,,69001,18,0,21 22,0,30,,68982,18,0,21 22,0,71,,69002,18,0,21 22,0,99,,69003,18,0,21 22,0,29,,68986,18,0,21 22,0,75,,68978,18,0,21 22,0,103,,68985,18,0,21 22,0,100,,68988,18,0,21 22,0,69,,68979,18,,,0,26,,68989,18,,,0,97,,68987,18,,,0,29,,68993,18,,,0,70,,68991,18,,,0,30,,68992,18,,,0,70,,68990,18,4,,0,29,,68994,18,4,,0
2200,'5390',743,,69031,18,,,0,101,,69032,18,,,0,80,,69033,18,,,0,30,,69028,18,,,0,71,,69029,18,,,0,30,,69030,18,,,0,70,,69035,18,,,0,29,,69036,18,,,0,72,,69034,18,,,0,30,,69037,18,,,0,70,,69038,18,,,0,30,,69046,18,,,0,70,,69045,18,,,0,30,,69039,18,,,0,70,,69040,18,,,0,30,,69041,18,,,0,70,,69042,18,,,0,32,,69043,18,,,0,70,,69044,18,,,0,30,,69047,18,,,0,69,,69048,18,,,0,29,,69049,18,,,0,70,,69050,18,,,0,115,,69051,1,,,0
1002200,'4623',932,,77481,18,,,0,196,,77480,18,0,21 22,0,230,,77482,18,0,21 22,0,246,,77477,18,0,21 22,0,102,,77478,18,0,21 22,0,197,,77479,18,0,21 22,0
1002200,'5222',932,,77487,18,,,0,196,,77486,18,0,21 22,0,230,,77488,18,0,21 22,0,246,,77483,18,0,21 22,0,102,,77484,18,0,21 22,0,197,,77485,18,0,21 22,0
14000700,'4532',2242,,77660,40,4,,0,98,,77662,40,4,,0,101,,77664,40,4,,0
14000700,'4623',2238,,77647,40,4,,0,101,,77650,40,4,,0,98,,77652,40,4,,0
14000700,'4832',2142,,77672,40,4,,0,265,,77675,40,4,,0
14000700,'5222',2238,,77665,40,4,,0,101,,77668,40,4,,0,98,,77670,40,4,,0
14000700,'5390',2142,,77677,40,4,,0,265,,77680,40,4,,0
14002100,'4532',2109,,77727,3,,,0,30,,77728,3,,,0,70,,77729,3,,,0,102,,77730,3,,,0,99,,77731,3,,,0
14002100,'4623',2109,,77717,3,,,0,30,,77718,3,,,0,70,,77719,3,,,0,100,,77720,3,,,0,99,,77721,3,,,0
14002100,'4832',2111,,77737,3,,,0,100,,77738,3,,,0,100,,77739,3,,,0
14002100,'5222',2109,,77732,3,,,0,30,,77733,3,,,0,70,,77734,3,,,0,100,,77735,3,,,0,99,,77736,3,,,0
14002100,'5390',2111,,77740,3,,,0,100,,77741,3,,,0,100,,77742,3,,,0
