4900,'4487',830,,26404,,,0,211,,26405,,,0,202,,26400,,,0,210,,26401,,,0,249,,26402,,,0,154,,26403,,,0,267,,26399,,,0
4900,'4743',830,,13425,,,0,211,,13426,,,0,202,,13421,,,0,210,,13422,,,0,249,,13423,,,0,154,,13424,,,0,267,,13420,,,0
4900,'4744',735,,26408,,,0,100,,26410,,,0,172,,26407,,,0,200,,26409,,,0,126,,26411,,,0,184,,26412,,,0,104,,26413,,,0,94,,26406,,,0,107,,26414,,,0,194,,26415,,,0,208,,26416,,,0
4900,'4745',830,,26418,,,0,210,,26417,,,0,202,,26419,,,0,209,,26420,,,0,250,,26422,,,0,154,,26423,,,0,268,,26421,,,0
4900,'4935',735,,7164,,,0,100,,7166,,,0,172,,7163,,,0,200,,7165,,,0,126,,7167,,,0,184,,7168,,,0,104,,7169,,,0,94,,7162,,,0,107,,7170,,,0,194,,7171,,,0,208,,7172,,,0
4900,'4941',735,,7175,,,0,100,,7177,,,0,172,,7174,,,0,200,,7176,,,0,126,,7178,,,0,184,,7179,,,0,104,,7180,,,0,94,,7173,,,0,107,,7181,,,0,194,,7182,,,0,208,,7183,,,0
4900,'4943',830,,7189,,,0,211,,7190,,,0,202,,7185,,,0,210,,7186,,,0,249,,7187,,,0,154,,7188,,,0,267,,7184,,,0
4900,'4945',830,,7192,,,0,210,,7191,,,0,202,,7193,,,0,209,,7194,,,0,250,,7196,,,0,154,,7197,,,0,268,,7195,,,0
4900,'4947',735,,26426,,,0,100,,26428,,,0,172,,26425,,,0,200,,26427,,,0,126,,26429,,,0,184,,26430,,,0,104,,26431,,,0,94,,26424,,,0,107,,26432,,,0,194,,26433,,,0,208,,26434,,,0
4900,'4952',735,,26437,,,0,100,,26439,,,0,172,,26436,,,0,200,,26438,,,0,126,,26440,,,0,184,,26441,,,0,104,,26442,,,0,94,,26435,,,0,107,,26443,,,0,194,,26444,,,0,208,,26445,,,0
4900,'4953',830,,26451,,,0,211,,26452,,,0,202,,26447,,,0,210,,26448,,,0,249,,26449,,,0,154,,26450,,,0,267,,26446,,,0
4900,'4954',830,,26454,,,0,210,,26453,,,0,202,,26455,,,0,209,,26456,,,0,250,,26458,,,0,154,,26459,,,0,268,,26457,,,0
