2500,'4663',627,,57076,59,,,0,77,,57068,59,,,0,36,,57066,59,,,0,81,,57067,59,,,0,27,,57074,59,,,0,93,,57073,59,,,0,104,,57071,59,,,0,101,,57069,59,,,0,101,,57070,59,,,0,100,,57077,59,,,0,100,,57072,59,,,0,102,,57075,51,,,0,80,,57079,59,,,0,84,,57078,59,,,0,92,,57080,59,,,0,99,,57081,59,,,0,99,,57082,59,,,0,120,,57083,59,,,0,127,,57084,59,,,0
2500,'5372',627,,41709,59,,,0,77,,41702,59,,,0,36,,41700,59,,,0,81,,41701,59,,,0,27,,41708,59,,,0,93,,41707,59,,,0,104,,41705,59,,,0,101,,41703,59,,,0,101,,41704,59,,,0,100,,41710,59,,,0,100,,41706,59,,,0,182,,41712,59,,,0,84,,41711,59,,,0,92,,41713,59,,,0,99,,41714,59,,,0,99,,41715,59,,,0,120,,41716,59,,,0,127,,41717,59,,,0
2500,'5373',1549,,41755,51,,,0
2500,'5377',802,,41758,59,,,0,131,,41756,59,,,0,171,,41757,59,,,0,131,,41759,59,,,0,173,,41760,59,,,0,130,,41761,59,,,0,170,,41762,59,,,0,127,,41763,59,,,0,169,,41764,59,,,0,119,,41765,59,,,0,126,,41766,59,,,0
2500,'5381',1549,,50127,51,,,0
2500,'5383',811,,57092,59,,,0,111,,57090,59,,,0,116,,57094,59,,,0,103,,57088,59,,,0,100,,57086,59,,,0,99,,57087,59,,,0,100,,57089,59,,,0,100,,57093,59,,,0,99,,57091,59,,,0,100,,57095,59,,,0,102,,57096,59,,,0,162,,57097,59,,,0,121,,57098,59,,,0,127,,57099,59,,,0
2500,'5384',802,,57103,59,,,0,131,,57101,59,,,0,171,,57102,59,,,0,131,,57104,59,,,0,173,,57105,59,,,0,130,,57106,59,,,0,170,,57107,59,,,0,127,,57108,59,,,0,169,,57109,59,,,0,119,,57110,59,,,0,126,,57111,59,,,0
2500,'5385',627,,57121,59,,,0,77,,57114,59,,,0,36,,57112,59,,,0,81,,57113,59,,,0,27,,57120,59,,,0,93,,57119,59,,,0,104,,57117,59,,,0,101,,57115,59,,,0,101,,57116,59,,,0,100,,57122,59,,,0,100,,57118,59,,,0,182,,57124,59,,,0,84,,57123,59,,,0,92,,57125,59,,,0,99,,57126,59,,,0,99,,57127,59,,,0,120,,57128,59,,,0,127,,57129,59,,,0
2500,'5387',1549,,57131,51,,,0
2500,'5388',1549,,57132,51,,,0
