800,'4332',716,,54607,2,,,0,85,,54608,2,,,0,45,,54609,2,,,0,85,,54602,2,,,0,90,,54603,2,,,0,85,,54601,2,,,0,50,,54604,2,,,0,90,,54605,2,,,0,90,,54606,2,,,0,92,,54610,2,,,0,90,,54611,2,,,0,93,,54612,2,,,0,48,,54613,2,,,0,87,,54614,2,,,0,85,,54615,2,,,0
800,'4661',627,,54628,13,,,0,87,,54629,13,,,0,29,,54630,13,,,0,59,,54631,13,,,0,22,,54632,13,,,0,89,,54633,13,,,0,35,,54634,13,,,0,82,,54627,13,,,0,83,,54635,13,,,0,35,,54650,13,,,0,84,,54636,13,,,0,85,,54637,13,,,0,83,,54638,13,,,0,47,,54639,13,0,16,0,54,,54640,13,,,0,42,,54641,13,,,0,84,,54642,13,,,0,32,,54651,13,,,0,74,,54643,13,,,0,72,,54644,13,,,0,33,,54645,13,,,0,71,,54652,13,,,0,95,,54646,13,,,0,43,,54647,13,,,0,97,,54648,13,,,0,83,,54649,13,,,0
800,'4663',627,,54576,13,,,0,87,,54577,13,,,0,29,,54578,13,,,0,59,,54579,13,,,0,22,,54580,13,,,0,89,,54581,13,,,0,35,,54582,13,,,0,82,,54575,13,,,0,83,,54583,13,,,0,35,,54598,13,,,0,84,,54584,13,,,0,85,,54585,13,,,0,83,,54586,13,,,0,47,,54587,13,0,16,0,54,,54588,13,,,0,42,,54589,13,,,0,84,,54590,13,,,0,32,,54599,13,,,0,74,,54591,13,,,0,72,,54592,13,,,0,33,,54593,13,,,0,71,,54600,13,,,0,95,,54594,13,,,0,43,,54595,13,,,0,97,,54596,13,,,0,83,,54597,13,,,0
800,'5078',846,,54617,2,,,0,85,,54618,2,,,0,90,,54619,2,,,0,85,,54620,2,,,0,50,,54621,2,,,0,90,,54616,2,,,0,90,,54622,2,,,0,92,,54623,2,,,0,90,,54624,2,,,0,93,,54625,2,,,0,48,,54626,2,,,0
900,'4661',726,,54731,20,,,0,82,,54732,20,,,0
900,'4663',726,,54729,20,,,0,82,,54730,20,,,0
1100,'4332',706,,54954,2,,,0,35,,54938,2,,,0,75,,54924,2,,,0,30,,54928,2,,,0,70,,54955,2,,,0,30,,54946,2,,,0,65,,54933,2,,,0,25,,54925,2,,,0,65,,54931,2,,,0,27,,54943,2,,,0,25,,54927,2,,,0,65,,54941,2,,,0,24,,54935,2,,,0,64,,54926,2,,,0,25,,54929,2,,,0,25,,54942,2,,,0,65,,54934,2,,,0,25,,54945,2,,,0,67,,54937,2,,,0,25,,54932,2,,,0,65,,54936,2,,,0,25,,54953,2,,,0,24,,54930,2,,,0,64,,54944,2,,,0,25,,54956,2,,,0,65,,54947,2,,,0,25,,54939,2,,,0,25,,54940,2,,,0,65,,54949,2,,,0,25,,54951,2,,,0,65,,54948,2,,,0,30,,54950,2,,,0,70,,54952,2,,,0,35,,54957,2,,,0,75,,54958,2,,,0,30,,54959,2,,,0,70,,54960,2,,,0,80,,54961,2,,,0
1100,'4661',549,,55024,2,,,0,70,,55007,2,,,0,21,,55036,2,,,0,16,,55013,2,,,0,58,,55033,2,,,0,17,,55016,2,,,0,15,,54996,2,,,0,55,,55022,2,,,0,18,,54999,2,,,0,18,,55017,2,,,0,21,,55037,2,,,0,66,,55012,2,,,0,25,,55034,2,,,0,65,,54997,2,,,0,25,,55025,2,,,0,65,,55015,2,,,0,24,,55039,2,,,0,25,,55014,2,,,0,65,,55030,2,,,0,25,,54998,2,,,0,67,,55026,2,,,0,24,,55011,2,,,0,18,,54992,2,,,0,57,,55038,2,,,0,17,,55009,2,,,0,17,,54991,2,,,0,57,,55032,2,,,0,22,,55000,2,,,0,19,,55002,2,,,0,59,,55023,2,,,0,19,,55008,2,,,0,18,,54995,2,,,0,17,,55040,2,,,0,58,,55010,2,,,0,17,,55001,2,,,0,18,,55035,2,,,0,55,,54994,2,,,0,18,,54993,2,,,0,19,,55018,2,,,0,66,,55005,2,,,0,31,,55006,2,,,0,75,,55028,2,,,0,30,,55003,2,,,0,75,,55004,2,,,0,31,,55019,2,,,0,74,,55027,2,,,0,30,,55021,2,,,0,71,,55020,2,,,0,84,,55029,2,,,0
1100,'4663',549,,54907,2,,,0,70,,54890,2,,,0,21,,54919,2,,,0,16,,54896,2,,,0,58,,54916,2,,,0,17,,54899,2,,,0,15,,54879,2,,,0,55,,54905,2,,,0,18,,54882,2,,,0,18,,54900,2,,,0,21,,54920,2,,,0,66,,54895,2,,,0,25,,54917,2,,,0,65,,54880,2,,,0,25,,54908,2,,,0,65,,54898,2,,,0,24,,54922,2,,,0,25,,54897,2,,,0,65,,54913,2,,,0,25,,54881,2,,,0,67,,54909,2,,,0,24,,54894,2,,,0,18,,54875,2,,,0,57,,54921,2,,,0,17,,54892,2,,,0,17,,54874,2,,,0,57,,54915,2,,,0,22,,54883,2,,,0,19,,54885,2,,,0,59,,54906,2,,,0,19,,54891,2,,,0,18,,54878,2,,,0,17,,54923,2,,,0,58,,54893,2,,,0,17,,54884,2,,,0,18,,54918,2,,,0,55,,54877,2,,,0,18,,54876,2,,,0,19,,54901,2,,,0,66,,54888,2,,,0,31,,54889,2,,,0,75,,54911,2,,,0,30,,54886,2,,,0,75,,54887,2,,,0,31,,54902,2,,,0,74,,54910,2,,,0,30,,54904,2,,,0,71,,54903,2,,,0,84,,54912,2,,,0
1100,'5078',721,,54963,2,,,0,80,,54962,2,,,0,40,,54965,2,,,0,70,,54964,2,,,0,30,,54967,2,,,0,75,,54966,2,,,0,35,,54971,2,,,0,70,,54969,2,,,0,30,,54968,2,,,0,70,,54970,2,,,0,30,,54974,2,,,0,70,,54975,2,,,0,30,,54973,2,,,0,70,,54972,2,,,0,30,,54978,2,,,0,70,,54977,2,,,0,30,,54976,2,,,0,70,,54980,2,,,0,30,,54981,2,,,0,70,,54979,2,,,0,30,,54982,2,,,0,70,,54983,2,,,0,30,,54985,2,,,0,85,,54984,2,,,0,85,,54986,2,,,0,85,,54987,2,,,0,40,,54988,2,,,0,85,,54989,2,,,0,85,,54990,2,,,0
2101,'4332',644,,56638,13,,,0,70,,56620,13,,,0,31,,56629,13,,,0,70,,56612,13,,,0,30,,56639,13,,,0,69,,56621,13,,,0,30,,56630,13,,,0,67,,56608,13,,,0,28,,56610,13,,,0,69,,56631,13,,,0,30,,56615,13,,,0,69,,56623,13,,,0,28,,56609,13,,,0,70,,56611,13,,,0,28,,56632,13,,,0,70,,56616,13,,,0,32,,56624,13,,,0,71,,56613,13,,,0,30,,56614,13,,,0,74,,56633,13,,,0,30,,56617,13,,,0,69,,56626,13,,,0,31,,56619,13,,,0,70,,56618,13,,,0,31,,56634,13,,,0,71,,56622,13,,,0,36,,56625,13,,,0,76,,56627,13,,,0,29,,56636,13,,,0,70,,56628,13,,,0,32,,56637,13,,,0,70,,56635,13,,,0,30,,56640,13,,,0,145,,56641,13,,,0
2101,'4661',554,,56692,13,,,0,68,,56700,13,,,0,22,,56691,13,,,0,15,,56676,13,,,0,56,,56687,17,,,0,14,,56671,17,,,0,16,,56679,17,,,0,57,,56686,17,,,0,16,,56675,17,,,0,17,,56705,17,,,0,16,,56672,17,,,0,59,,56702,17,,,0,30,,56713,17,,,0,70,,56685,17,,,0,27,,56707,17,,,0,70,,56710,17,,,0,30,,56712,17,,,0,70,,56709,17,,,0,30,,56684,17,,,0,70,,56714,17,,,0,30,,56708,17,,,0,70,,56711,17,,,0,30,,56673,17,,,0,21,,56706,17,,,0,58,,56678,17,,,0,18,,56677,13,,,0,20,,56688,17,,,0,59,,56681,17,,,0,17,,56698,17,,,0,20,,56680,17,,,0,57,,56703,17,,,0,16,,56674,13,,,0,19,,56704,17,,,0,60,,56682,17,,,0,18,,56683,17,,,0,31,,56689,13,,,0,70,,56696,13,,,0,32,,56695,13,,,0,70,,56699,13,,,0,30,,56693,13,,,0,70,,56697,13,,,0,32,,56694,13,,,0,69,,56690,13,,,0,30,,56701,13,,,0,146,,56715,13,,,0
2101,'4663',554,,56584,13,,,0,68,,56592,13,,,0,22,,56583,13,,,0,15,,56568,13,,,0,56,,56579,17,,,0,14,,56563,17,,,0,16,,56571,17,,,0,57,,56578,17,,,0,16,,56567,17,,,0,17,,56597,17,,,0,16,,56564,17,,,0,59,,56594,17,,,0,30,,56605,17,,,0,70,,56577,17,,,0,27,,56599,17,,,0,70,,56602,17,,,0,30,,56604,17,,,0,70,,56601,17,,,0,30,,56576,17,,,0,70,,56606,17,,,0,30,,56600,17,,,0,70,,56603,17,,,0,30,,56565,17,,,0,21,,56598,17,,,0,58,,56570,17,,,0,18,,56569,13,,,0,20,,56580,17,,,0,59,,56573,17,,,0,17,,56590,17,,,0,20,,56572,17,,,0,57,,56595,17,,,0,16,,56566,13,,,0,19,,56596,17,,,0,60,,56574,17,,,0,18,,56575,17,,,0,31,,56581,13,,,0,70,,56588,13,,,0,32,,56587,13,,,0,70,,56591,13,,,0,30,,56585,13,,,0,70,,56589,13,,,0,32,,56586,13,,,0,69,,56582,13,,,0,30,,56593,13,,,0,146,,56607,13,,,0
2101,'5078',652,,56655,13,,,0,80,,56645,13,,,0,80,,56656,13,,,0,36,,56654,13,,,0,65,,56642,13,,,0,27,,56644,13,,,0,70,,56657,13,,,0,29,,56643,13,,,0,70,,56658,13,,,0,29,,56647,13,,,0,70,,56646,13,,,0,30,,56659,13,,,0,68,,56648,13,,,0,29,,56660,13,,,0,70,,56661,13,,,0,30,,56662,13,,,0,71,,56650,13,,,0,32,,56651,13,,,0,73,,56652,13,,,0,29,,56653,13,,,0,71,,56649,13,,,0,30,,56663,13,,,0,72,,56664,13,,,0,35,,56665,13,,,0,105,,56666,13,,,0,101,,56667,13,,,0,103,,56668,13,,,0,100,,56669,13,,,0,143,,56670,13,,,0
2201,'4332',723,,56864,25,,,0,79,,56875,25,,,0,28,,56860,25,,,0,29,,56854,25,,,0,70,,56863,25,,,0,30,,56876,25,,,0,68,,56859,25,,,0,29,,56858,25,,,0,71,,56861,25,,,0,28,,56856,25,,,0,68,,56880,25,,,0,30,,56857,25,,,0,67,,56862,25,,,0,30,,56855,25,,,0,70,,56868,25,,,0,32,,56879,25,,,0,69,,56870,25,,,0,32,,56866,25,,,0,71,,56869,25,,,0,34,,56871,25,,,0,71,,56867,25,,,0,71,,56865,25,,,0,30,,56873,25,,,0,72,,56872,25,,,0,28,,56878,25,,,0,28,,56874,25,,,0,72,,56881,25,,,0,71,,56877,25,,,0,48,,56882,25,0,5 49,0
2201,'4661',606,,56925,33,,,0,28,,56915,33,,,0,90,,56909,25,,,0,26,,56914,39,,,0,71,,56926,39,,,0,31,,56916,39,,,0,101,,56910,39,,,0,69,,56913,39,,,0,30,,56927,39,,,0,98,,56930,39,,,0,69,,56908,25,,,0,29,,56917,25,,,0,100,,56918,25,,,0,71,,56931,25,,,0,101,,56919,25,,,0,32,,56928,25,,,0,70,,56920,25,,,0,99,,56911,25,,,0,37,,56921,25,,,0,99,,56922,25,,,0,71,,56912,25,,,0,103,,56929,25,,,0,71,,56924,25,,,0,48,,56923,25,0,5 49,0
2201,'4663',606,,56847,33,,,0,28,,56837,33,,,0,90,,56831,25,,,0,26,,56836,39,,,0,71,,56848,39,,,0,31,,56838,39,,,0,101,,56832,39,,,0,69,,56835,39,,,0,30,,56849,39,,,0,98,,56852,39,,,0,69,,56830,25,,,0,29,,56839,25,,,0,100,,56840,25,,,0,71,,56853,25,,,0,101,,56841,25,,,0,32,,56850,25,,,0,70,,56842,25,,,0,99,,56833,25,,,0,37,,56843,25,,,0,99,,56844,25,,,0,71,,56834,25,,,0,103,,56851,25,,,0,71,,56846,25,,,0,48,,56845,25,0,5 49,0
2201,'5078',752,,56891,25,,,0,80,,56892,25,,,0,69,,56884,25,,,0,27,,56885,25,,,0,30,,56894,25,,,0,69,,56893,25,,,0,29,,56883,25,,,0,70,,56887,25,,,0,30,,56888,25,,,0,70,,56886,25,,,0,28,,56890,25,,,0,69,,56889,25,,,0,30,,56896,25,,,0,70,,56897,25,,,0,31,,56895,25,,,0,70,,56899,25,,,0,35,,56898,25,,,0,70,,56901,25,,,0,30,,56900,25,,,0,70,,56902,25,,,0,72,,56903,25,,,0,30,,56904,25,,,0,91,,56905,25,0,5,0,102,,56906,25,0,5,0,110,,56907,25,0,5,0
1002201,'4661',705,,62925,27,,,0,216,,62924,27,,,0,200,,62920,27,,,0,197,,62922,13,,,0,133,,62919,13,,,0,202,,62926,13,,,0,173,,62923,13,,,0,174,,62921,13,,,0
1002201,'4663',705,,62916,27,,,0,216,,62915,27,,,0,200,,62911,27,,,0,197,,62913,13,,,0,98,,62909,13,0,5 49,0,35,,62910,13,,,0,202,,62917,13,,,0,173,,62914,13,,,0,174,,62912,13,,,0
1002201,'4682',1416,,62928,13,0,5 49,0
1002201,'5387',1517,,62927,13,0,5 49,0
