1001,'4532',715,,66261,19,0,46 37,0,101,,66264,19,0,46 37,0,101,,66252,19,0,46 37,0,96,,66256,19,0,46 37,0,107,,66258,19,0,46 37,0,110,,66257,19,0,46 37,0,96,,66254,19,0,46 37,0,100,,66253,19,0,46 37,0,100,,66255,19,0,46 37,0,103,,66259,19,0,46 37,0,103,,66260,19,0,46 37,0,100,,66262,19,0,46 37,0,100,,66263,19,0,46 37,0,99,,66265,19,0,46 37,0
1001,'4623',618,,66237,19,0,46 37,0,82,,66236,19,0,46 37,0,35,,66228,19,0,46 37,0,76,,66227,19,0,46 37,0,44,,66230,19,0,46 37,0,80,,66226,19,0,46 37,0,95,,66235,19,0,46 37,0,115,,66231,19,0,46 37,0,90,,66225,19,0,46 37,0,75,,66229,19,0,46 37,0,46,,66224,19,0,46 37,0,81,,66234,19,0,46 37,0,94,,66223,19,0,46 37,0,81,,66232,19,0,46 37,0,88,,66222,19,0,46 37,0,42,,66233,19,0,46 37,0,61,,66221,19,0,46 37,0,31,,66218,19,0,46 37,0,97,,66220,19,0,46 37,0,101,,66219,19,0,46 37,0
1001,'4832',716,,66291,19,0,46 37,0,100,,66290,19,0,46 37,0,99,,66287,19,0,46 37,0,103,,66288,19,0,46 37,0,100,,66294,19,0,46 37,0,110,,66293,19,0,46 37,0,90,,66286,19,0,46 37,0,107,,66289,19,0,46 37,0,100,,66292,19,0,46 37,0,99,,66296,19,0,46 37,0,104,,66295,19,0,46 37,0,105,,66297,19,0,46 37,0,99,,66298,19,0,46 37,0
1001,'4833',715,,66247,19,0,46 37,0,101,,66250,19,0,46 37,0,101,,66238,19,0,46 37,0,96,,66242,19,0,46 37,0,107,,66244,19,0,46 37,0,110,,66243,19,0,46 37,0,96,,66240,19,0,46 37,0,100,,66239,19,0,46 37,0,100,,66241,19,0,46 37,0,103,,66245,19,0,46 37,0,103,,66246,19,0,46 37,0,100,,66248,19,0,46 37,0,100,,66249,19,0,46 37,0,99,,66251,19,0,46 37,0
1001,'5222',618,,66285,19,0,46 37,0,82,,66284,19,0,46 37,0,35,,66276,19,0,46 37,0,76,,66275,19,0,46 37,0,44,,66278,19,0,46 37,0,80,,66274,19,0,46 37,0,95,,66283,19,0,46 37,0,115,,66279,19,0,46 37,0,90,,66273,19,0,46 37,0,75,,66277,19,0,46 37,0,46,,66272,19,0,46 37,0,81,,66282,19,0,46 37,0,94,,66271,19,0,46 37,0,81,,66280,19,0,46 37,0,88,,66270,19,0,46 37,0,42,,66281,19,0,46 37,0,61,,66269,19,0,46 37,0,31,,66266,19,0,46 37,0,97,,66268,19,0,46 37,0,101,,66267,19,0,46 37,0
1001,'5390',716,,66305,19,0,46 37,0,100,,66304,19,0,46 37,0,99,,66301,19,0,46 37,0,103,,66302,19,0,46 37,0,100,,66308,19,0,46 37,0,110,,66307,19,0,46 37,0,90,,66300,19,0,46 37,0,107,,66303,19,0,46 37,0,100,,66306,19,0,46 37,0,99,,66310,19,0,46 37,0,104,,66309,19,0,46 37,0,105,,66311,19,0,46 37,0,99,,66312,19,0,46 37,0
2400,'4532',714,,69246,34,,,0,123,,69244,34,,,0,105,,69242,34,,,0,112,,69243,34,,,0,100,,69245,34,,,0,99,,69251,34,,,0,98,,69248,34,,,0,100,,69247,34,,,0,100,,69250,34,,,0,97,,69249,34,,,0,104,,69252,34,,,0,152,,69253,34,,,0,123,,69254,34,,,0,125,,69255,34,,,0,167,,69256,34,,,0
2400,'4623',633,,69209,34,,,0,75,,69211,34,,,0,35,,69208,34,,,0,106,,69212,34,,,0,109,,69213,34,,,0,100,,69210,34,,,0,100,,69214,34,,,0,101,,69215,34,,,0,141,,69216,34,,,0,100,,69217,34,,,0,47,,69218,34,,,0,80,,69219,34,,,0,89,,69220,34,,,0,101,,69221,34,,,0,100,,69222,34,,,0,110,,69223,34,,,0,123,,69224,34,,,0,169,,69225,34,,,0,131,,69226,34,,,0
2400,'4832',833,,69276,34,,,0,170,,69279,34,,,0,130,,69278,34,,,0,173,,69280,34,,,0,129,,69281,34,,,0,171,,69282,34,,,0,130,,69283,34,,,0,167,,69284,34,,,0,125,,69285,34,,,0,124,,69286,34,,,0,168,,69287,34,,,0
2400,'4833',714,,69231,34,,,0,123,,69229,34,,,0,105,,69227,34,,,0,112,,69228,34,,,0,100,,69230,34,,,0,99,,69236,34,,,0,98,,69233,34,,,0,100,,69232,34,,,0,100,,69235,34,,,0,97,,69234,34,,,0,104,,69237,34,,,0,152,,69238,34,,,0,123,,69239,34,,,0,125,,69240,34,,,0,167,,69241,34,,,0
2400,'5222',633,,69258,34,,,0,75,,69260,34,,,0,35,,69257,34,,,0,106,,69261,34,,,0,109,,69262,34,,,0,100,,69259,34,,,0,100,,69263,34,,,0,101,,69264,34,,,0,141,,69265,34,,,0,100,,69266,34,,,0,47,,69267,34,,,0,80,,69268,34,,,0,89,,69269,34,,,0,101,,69270,34,,,0,100,,69271,34,,,0,110,,69272,34,,,0,123,,69273,34,,,0,169,,69274,34,,,0,131,,69275,34,,,0
2400,'5390',833,,69288,34,,,0,170,,69291,34,,,0,130,,69290,34,,,0,173,,69292,34,,,0,129,,69293,34,,,0,171,,69294,34,,,0,130,,69295,34,,,0,167,,69296,34,,,0,125,,69297,34,,,0,124,,69298,34,,,0,168,,69299,34,,,0
2500,'4532',758,,69437,41,,,0,150,,69435,41,,,0,114,,69439,41,,,0,102,,69433,41,,,0,100,,69431,41,,,0,98,,69432,41,,,0,100,,69434,41,,,0,100,,69438,41,,,0,100,,69436,41,,,0,100,,69440,41,,,0,102,,69441,41,,,0,123,,69442,41,,,0,161,,69443,41,,,0,128,,69444,41,,,0,169,,69445,41,0,5,0
2500,'4623',614,,69396,41,,,0,36,,69415,41,,,0,73,,69400,41,,,0,79,,69413,41,,,0,28,,69397,41,,,0,94,,69398,41,,,0,104,,69399,41,,,0,100,,69401,41,,,0,101,,69402,41,,,0,100,,69403,41,,,0,100,,69404,41,,,0,99,,69408,31,,,0,79,,69406,41,,,0,44,,69407,41,,,0,96,,69405,41,,,0,101,,69409,41,,,0,100,,69410,41,,,0,160,,69411,41,,,0,128,,69412,41,,,0,169,,69414,41,0,5,0
2500,'4832',749,,69468,41,,,0,169,,69466,41,,,0,130,,69467,41,,,0,170,,69469,41,,,0,133,,69470,41,,,0,170,,69471,41,,,0,130,,69472,41,,,0,168,,69473,41,,,0,130,,69474,41,,,0,160,,69475,41,,,0,127,,69476,41,,,0
2500,'4833',758,,69422,41,,,0,150,,69420,41,,,0,114,,69424,41,,,0,102,,69418,41,,,0,100,,69416,41,,,0,98,,69417,41,,,0,100,,69419,41,,,0,100,,69423,41,,,0,100,,69421,41,,,0,100,,69425,41,,,0,102,,69426,41,,,0,123,,69427,41,,,0,161,,69428,41,,,0,128,,69429,41,,,0,169,,69430,41,0,5,0
2500,'5222',614,,69446,41,,,0,36,,69465,41,,,0,73,,69450,41,,,0,79,,69463,41,,,0,28,,69447,41,,,0,94,,69448,41,,,0,104,,69449,41,,,0,100,,69451,41,,,0,101,,69452,41,,,0,100,,69453,41,,,0,100,,69454,41,,,0,99,,69458,31,,,0,79,,69456,41,,,0,44,,69457,41,,,0,96,,69455,41,,,0,101,,69459,41,,,0,100,,69460,41,,,0,160,,69461,41,,,0,128,,69462,41,,,0,169,,69464,41,0,5,0
2500,'5390',749,,69479,41,,,0,169,,69477,41,,,0,130,,69478,41,,,0,170,,69480,41,,,0,133,,69481,41,,,0,170,,69482,41,,,0,130,,69483,41,,,0,168,,69484,41,,,0,130,,69485,41,,,0,160,,69486,41,,,0,127,,69487,41,,,0
