200,'4332',602,,52764,13,,,0,112,,52767,13,,,0,119,,52765,13,,,0,80,,52753,13,,,0,46,,52766,13,,,0,80,,52751,13,,,0,80,,52745,13,,,0,40,,52752,13,,,0,80,,52746,13,,,0,80,,52759,13,,,0,81,,52747,13,,,0,40,,52750,13,,,0,80,,52749,13,,,0,80,,52748,13,,,0,40,,52762,13,,,0,79,,52763,13,,,0,35,,52761,13,,,0,80,,52755,13,,,0,75,,52756,13,,,0,20,,52754,13,0,5,0,75,,52758,13,,,0,20,,52760,13,0,5,0,20,,52757,13,,,0,65,,52772,13,0,5,0,20,,52773,13,,,0,80,,52770,13,,,0,40,,52769,13,,,0,78,,52771,13,,,0,80,,52768,13,,,0,35,,52774,13,0,5,0
200,'4663',551,,52725,13,,,0,80,,52717,13,,,0,20,,52712,13,,,0,71,,52726,13,,,0,31,,52720,13,,,0,71,,52711,13,,,0,31,,52724,13,,,0,70,,52721,13,,,0,15,,52709,13,0,5,0,71,,52710,13,,,0,38,,52713,13,,,0,80,,52714,13,,,0,80,,52723,13,,,0,40,,52716,13,,,0,80,,52715,13,,,0,80,,52722,13,,,0,37,,52718,13,,,0,76,,52719,13,,,0,37,,52727,13,,,0,76,,52728,13,,,0,73,,52731,13,0,5,0,17,,52730,13,,,0,33,,52729,13,,,0,80,,52734,13,,,0,89,,52732,13,,,0,80,,52733,13,,,0,20,,52736,13,0,5,0,22,,52738,13,,,0,60,,52735,13,0,5,0,20,,52737,13,,,0,78,,52739,13,,,0,40,,52740,13,,,0,79,,52741,13,,,0,80,,52742,13,,,0,30,,52743,13,0,5,0,68,,52744,13,0,5,0
200,'5078',657,,52797,13,,,0,160,,52796,13,,,0,121,,52795,13,,,0,101,,52776,13,,,0,80,,52794,13,,,0,40,,52782,13,,,0,80,,52780,13,,,0,80,,52775,13,,,0,40,,52777,13,,,0,80,,52788,13,,,0,80,,52783,13,,,0,40,,52778,13,,,0,80,,52781,13,,,0,80,,52779,13,,,0,35,,52789,13,,,0,80,,52785,13,,,0,75,,52784,13,0,5,0,19,,52790,13,,,0,20,,52787,13,0,5,0,60,,52786,13,,,0,40,,52792,13,,,0,79,,52793,13,,,0,80,,52791,13,,,0,40,,52798,13,,,0,80,,52799,13,,,0
200,'5372',551,,36499,13,,,0,80,,36491,13,,,0,20,,36486,13,,,0,71,,36500,13,,,0,31,,36494,13,,,0,71,,36485,13,,,0,31,,36498,13,,,0,70,,36495,13,,,0,15,,36483,13,0,5,0,71,,36484,13,,,0,38,,36487,13,,,0,80,,36488,13,,,0,80,,36497,13,,,0,40,,36490,13,,,0,80,,36489,13,,,0,80,,36496,13,,,0,37,,36492,13,,,0,76,,36493,13,,,0,37,,36501,13,,,0,76,,36502,13,,,0,73,,36505,13,0,5,0,17,,36504,13,,,0,33,,36503,13,,,0,80,,36508,13,,,0,89,,36506,13,,,0,80,,36507,13,,,0,20,,36510,13,0,5,0,22,,36512,13,,,0,60,,36509,13,0,5,0,20,,36511,13,,,0,78,,36513,13,,,0,40,,36514,13,,,0,79,,36515,13,,,0,80,,36516,13,,,0,30,,36517,13,0,5,0
200,'5385',551,,52816,13,,,0,80,,52808,13,,,0,20,,52803,13,,,0,71,,52817,13,,,0,31,,52811,13,,,0,71,,52802,13,,,0,31,,52815,13,,,0,70,,52812,13,,,0,15,,52800,13,0,5,0,71,,52801,13,,,0,38,,52804,13,,,0,80,,52805,13,,,0,80,,52814,13,,,0,40,,52807,13,,,0,80,,52806,13,,,0,80,,52813,13,,,0,37,,52809,13,,,0,76,,52810,13,,,0,37,,52818,13,,,0,76,,52819,13,,,0,73,,52822,13,0,5,0,17,,52821,13,,,0,33,,52820,13,,,0,80,,52825,13,,,0,89,,52823,13,,,0,80,,52824,13,,,0,20,,52827,13,0,5,0,22,,52829,13,,,0,60,,52826,13,0,5,0,20,,52828,13,,,0,78,,52830,13,,,0,40,,52831,13,,,0,79,,52832,13,,,0,80,,52833,13,,,0,30,,52834,13,0,5,0
301,'4332',712,,53118,5,,,0,30,,53104,5,,,0,70,,53097,5,,,0,30,,53110,5,,,0,70,,53105,5,,,0,30,,53121,5,,,0,71,,53109,5,,,0,31,,53098,5,,,0,69,,53120,5,,,0,30,,53112,5,,,0,70,,53100,5,,,0,30,,53122,5,,,0,70,,53111,5,,,0,31,,53099,5,,,0,70,,53106,5,,,0,34,,53103,5,,,0,71,,53101,5,,,0,39,,53102,5,,,0,70,,53107,5,,,0,76,,53113,5,,,0,24,,53108,5,,,0,75,,53115,5,,,0,28,,53114,5,,,0,71,,53116,5,,,0,25,,53117,5,,,0,30,,53123,5,,,0,70,,53119,5,,,0,30,,53124,5,,,0
301,'4663',633,,53094,5,,,0,75,,53093,5,,,0,37,,53095,5,,,0,82,,53092,5,,,0,76,,53085,5,,,0,35,,53084,5,,,0,71,,53083,5,,,0,30,,53086,5,,,0,70,,53081,5,,,0,30,,53082,5,,,0,70,,53088,5,,,0,35,,53080,5,,,0,70,,53079,5,,,0,30,,53087,5,,,0,71,,53078,5,,,0,33,,53077,5,,,0,75,,53089,5,,,0,35,,53076,5,,,0,75,,53075,5,,,0,73,,53091,5,,,0,33,,53074,5,,,0,74,,53073,5,,,0,24,,53090,5,,,0,70,,53072,5,,,0,30,,53071,5,,,0,65,,53069,5,,,0,25,,53070,5,,,0,30,,53068,5,,,0
301,'5078',727,,53138,5,,,0,85,,53126,5,,,0,40,,53139,5,,,0,85,,53132,5,,,0,76,,53137,5,,,0,40,,53125,5,,,0,60,,53133,5,,,0,31,,53128,5,,,0,69,,53127,5,,,0,30,,53134,5,,,0,70,,53131,5,,,0,30,,53130,5,,,0,70,,53129,5,,,0,37,,53135,5,,,0,68,,53136,5,,,0,41,,53142,5,,,0,64,,53140,5,,,0,33,,53141,5,,,0,67,,53146,5,,,0,30,,53144,5,,,0,69,,53143,5,,,0,30,,53145,5,,,0,70,,53147,5,,,0,35,,53148,5,,,0
301,'5372',633,,36943,5,,,0,75,,36942,5,,,0,37,,36944,5,,,0,82,,36941,5,,,0,76,,36934,5,,,0,35,,36933,5,,,0,71,,36932,5,,,0,30,,36935,5,,,0,70,,36930,5,,,0,30,,36931,5,,,0,70,,36937,5,,,0,35,,36929,5,,,0,70,,36928,5,,,0,30,,36936,5,,,0,71,,36927,5,,,0,33,,36926,5,,,0,75,,36938,5,,,0,35,,36925,5,,,0,75,,36924,5,,,0,73,,36940,5,,,0,33,,36923,5,,,0,74,,36922,5,,,0,24,,36939,5,,,0,70,,36921,5,,,0,30,,36920,5,,,0,65,,36918,5,,,0,25,,36919,5,,,0,30,,36917,5,,,0
301,'5385',633,,53175,5,,,0,75,,53174,5,,,0,37,,53176,5,,,0,82,,53173,5,,,0,76,,53166,5,,,0,35,,53165,5,,,0,71,,53164,5,,,0,30,,53167,5,,,0,70,,53162,5,,,0,30,,53163,5,,,0,70,,53169,5,,,0,35,,53161,5,,,0,70,,53160,5,,,0,30,,53168,5,,,0,71,,53159,5,,,0,33,,53158,5,,,0,75,,53170,5,,,0,35,,53157,5,,,0,75,,53156,5,,,0,73,,53172,5,,,0,33,,53155,5,,,0,74,,53154,5,,,0,24,,53171,5,,,0,70,,53153,5,,,0,30,,53152,5,,,0,65,,53150,5,,,0,25,,53151,5,,,0,30,,53149,5,,,0
500,'4332',637,,53729,13,,,0,116,,53725,13,,,0,100,,53728,13,,,0,81,,53719,13,,,0,85,,53726,13,,,0,40,,53720,13,,,0,80,,53735,13,,,0,80,,53727,13,,,0,40,,53718,13,,,0,81,,53724,13,,,0,80,,53721,13,,,0,80,,53731,13,,,0,40,,53722,13,,,0,80,,53723,13,,,0,39,,53732,13,,,0,75,,53733,13,,,0,80,,53734,13,,,0,40,,53730,13,,,0,90,,53736,13,,,0
500,'4663',611,,53704,13,,,0,95,,53697,13,,,0,32,,53699,13,,,0,71,,53696,13,,,0,31,,53698,13,,,0,69,,53701,13,,,0,47,,53700,13,,,0,73,,53709,13,,,0,80,,53706,13,,,0,40,,53702,13,,,0,80,,53703,13,,,0,80,,53705,13,,,0,40,,53710,13,,,0,80,,53707,13,,,0,75,,53708,13,,,0,36,,53712,13,,,0,77,,53711,13,,,0,34,,53713,13,,,0,91,,53714,13,,,0,76,,53715,13,,,0,84,,53717,13,,,0,45,,53716,13,,,0
500,'5078',737,,53750,13,,,0,120,,53749,13,,,0,162,,53748,13,,,0,40,,53743,13,,,0,80,,53737,13,,,0,80,,53738,13,,,0,40,,53751,13,,,0,80,,53744,13,,,0,80,,53741,13,,,0,40,,53739,13,,,0,80,,53740,13,,,0,80,,53752,13,,,0,40,,53745,13,,,0,75,,53742,13,,,0,80,,53746,13,,,0,40,,53747,13,,,0
500,'5372',611,,37668,13,,,0,95,,37661,13,,,0,32,,37663,13,,,0,71,,37660,13,,,0,31,,37662,13,,,0,69,,37665,13,,,0,47,,37664,13,,,0,73,,37673,13,,,0,80,,37670,13,,,0,40,,37666,13,,,0,80,,37667,13,,,0,80,,37669,13,,,0,40,,37674,13,,,0,80,,37671,13,,,0,75,,37672,13,,,0,36,,37676,13,,,0,77,,37675,13,,,0,34,,37677,13,,,0,91,,37678,13,,,0,76,,37679,13,,,0,84,,37681,13,,,0,45,,37680,13,,,0
500,'5385',611,,53761,13,,,0,95,,53754,13,,,0,32,,53756,13,,,0,71,,53753,13,,,0,31,,53755,13,,,0,69,,53758,13,,,0,47,,53757,13,,,0,73,,53766,13,,,0,80,,53763,13,,,0,40,,53759,13,,,0,80,,53760,13,,,0,80,,53762,13,,,0,40,,53767,13,,,0,80,,53764,13,,,0,75,,53765,13,,,0,36,,53769,13,,,0,77,,53768,13,,,0,34,,53770,13,,,0,91,,53771,13,,,0,76,,53772,13,,,0,84,,53774,13,,,0,45,,53773,13,,,0
