6100,'4332',637,,60786,12,0,30 14,0,99,,60787,12,0,30 14,0,82,,60785,12,0,30 14,0,98,,60788,12,0,30 14,0,95,,60789,12,0,30 14,0,42,,60790,12,0,30 14,0,75,,60791,12,0,30 14,0,87,,60792,12,0,30 14,0,35,,60793,12,0,30 14,0,75,,60794,12,0,30 14,0,76,,60795,12,0,30 14,0,37,,60796,12,0,30 14,0,77,,60797,12,0,30 14,0,37,,60798,12,0,30 14,0,66,,60799,12,0,30 14,0,38,,60800,12,0,30 14,0,81,,60801,12,0,30 14,0,72,,60802,12,0,30 14,0,31,,60803,12,0,30 14,0,71,,60804,12,0,30 14,0,33,,60805,12,0,30 14,0,83,,60806,12,0,30 14,0,81,,60807,12,0,30 14,0,41,,60808,12,0,30 14,0,103,,60809,12,0,30 14,0,73,,60810,12,0,30 14,0,100,,60811,12,0,30 14,0,78,,60812,12,0,30,0,100,,60813,12,0,30,0
6100,'4661',526,,60837,30,,,0,75,,60835,30,,,0,13,,60838,30,,,0,20,,60839,30,,,0,20,,60841,30,,,0,59,,60845,30,,,0,19,,60852,30,,,0,68,,60854,30,,,0,20,,60847,12,0,30 14,0,80,,60836,12,0,30 14,0,36,,60840,12,0,30 14,0,64,,60851,12,0,30 14,0,36,,60843,12,0,30 14,0,88,,60842,12,0,30 14,0,76,,60849,12,0,30 14,0,35,,60844,12,0,30 14,0,74,,60846,12,0,30 14,0,39,,60853,12,0,30 14,0,70,,60848,12,0,30 14,0,39,,60850,12,0,30 14,0,72,,60855,12,0,30 14,0,83,,60856,12,0,30 14,0,26,,60858,12,0,30 14,0,79,,60862,12,0,30 14,0,30,,60857,12,0,30 14,0,93,,60861,12,0,30 14,0,72,,60863,12,0,30 14,0,31,,60859,12,0,30 14,0,70,,60860,12,0,30 14,0,95,,60864,12,0,30 14,0,41,,60865,12,0,30 14,0,104,,60866,12,0,30 14,0,73,,60867,12,0,30 14,0,100,,60868,12,0,30 14,0,75,,60869,12,0,30 14,0
6100,'4663',526,,60746,30,,,0,75,,60744,30,,,0,13,,60747,30,,,0,20,,60748,30,,,0,20,,60750,30,,,0,59,,60754,30,,,0,19,,60761,30,,,0,68,,60763,30,,,0,20,,60756,12,0,30 14,0,80,,60745,12,0,30 14,0,36,,60749,12,0,30 14,0,64,,60760,12,0,30 14,0,36,,60752,12,0,30 14,0,88,,60751,12,0,30 14,0,76,,60758,12,0,30 14,0,35,,60753,12,0,30 14,0,74,,60755,12,0,30 14,0,39,,60762,12,0,30 14,0,70,,60757,12,0,30 14,0,27,,60781,12,0,30 14,0,12,,60759,12,0,30 14,0,72,,60764,12,0,30 14,0,83,,60765,12,0,30 14,0,26,,60768,12,0,30 14,0,79,,60772,12,0,30 14,0,30,,60767,12,0,30 14,0,65,,60766,12,0,30 14,0,28,,60771,12,0,30 14,0,72,,60773,12,0,30 14,0,31,,60769,12,0,30 14,0,70,,60770,12,0,30 14,0,95,,60774,12,0,30 14,0,41,,60775,12,0,30 14,0,104,,60777,12,0,30 14,0,73,,60778,12,0,30 14,0,100,,60779,12,0,30 14,0,75,,60780,12,0,30 14,0,100,,60776,12,0,30,0
6100,'4682',1812,,60871,12,0,30 14,0
6100,'5078',641,,60814,12,0,30 14,0,104,,60815,12,0,30 14,0,83,,60816,12,0,30 14,0,96,,60817,12,0,30 14,0,82,,60818,12,0,30 14,0,46,,60819,12,0,30 14,0,97,,60820,12,0,30 14,0,82,,60821,12,0,30 14,0,101,,60822,12,0,30 14,0,94,,60823,12,0,30 14,0,103,,60824,12,0,30 14,0,79,,60825,12,0,30 14,0,102,,60826,12,0,30 14,0,46,,60827,12,0,30 14,0,103,,60828,12,0,30 14,0,86,,60829,12,0,30 14,0,86,,60830,12,0,30 14,0,101,,60831,12,0,30 14,0,93,,60832,12,0,30 14,0,101,,60833,12,0,30 14,0,75,,60834,12,0,30,0
6100,'5387',1812,,60870,12,0,30 14,0
6400,'4661',856,,61013,12,0,32 33,0,296,,61014,27,,,0,372,,61015,27,0,32 33,0,207,,61016,12,,,0
6400,'4663',856,,61006,12,0,32 33,0,296,,61007,27,,,0,372,,61008,27,0,32 33,0,207,,61009,12,,,0
6500,'4661',544,,61036,21,,,0,94,,61038,21,,,0,62,,61039,21,,,0,43,,61037,21,,,0
6500,'4663',544,,61032,21,,,0,94,,61034,21,,,0,62,,61035,21,,,0,43,,61033,21,,,0
