4801,'4661',1721,,59635,53,,,0,27,,59636,53,,,0,70,,59637,53,,,0
4801,'4663',1721,,59629,53,,,0,27,,59630,53,,,0,70,,59631,53,,,0
5201,'4332',659,,59895,31,,,0,72,,59905,31,,,0,70,,59903,31,,,0,31,,59886,31,,,0,70,,59893,31,,,0,30,,59912,31,,,0,70,,59890,31,,,0,32,,59887,31,,,0,70,,59894,31,,,0,30,,59913,31,,,0,70,,59891,31,,,0,32,,59888,31,,,0,75,,59897,31,,,0,29,,59915,31,,,0,75,,59892,31,,,0,35,,59902,31,,,0,75,,59896,31,,,0,30,,59914,31,,,0,70,,59889,31,,,0,30,,59900,31,,,0,64,,59908,31,,,0,25,,59899,31,,,0,64,,59904,31,,,0,25,,59901,31,,,0,70,,59898,31,,,0,29,,59911,31,,,0,72,,59906,31,,,0,30,,59910,31,,,0,70,,59907,31,,,0,24,,59909,31,0,38 3 39 49,0,30,,59916,31,,,0,143,,59917,31,,,0,100,,59918,31,,,0
5201,'4661',518,,59949,31,,,0,36,,59946,31,,,0,78,,59953,31,,,0,78,,59948,31,,,0,26,,59959,31,,,0,69,,59947,31,,,0,34,,59965,31,,,0,63,,59954,31,,,0,35,,59950,31,,,0,75,,59951,31,,,0,29,,59963,31,,,0,70,,59955,31,,,0,28,,59952,31,,,0,75,,59956,31,,,0,34,,59964,31,,,0,70,,59957,31,,,0,30,,59958,31,,,0,70,,59978,31,,,0,31,,59960,31,,,0,60,,59984,31,0,38 3 39 49,0,9,,59966,31,,,0,25,,59983,16,0,30 14,0,3,,59961,31,,,0,73,,59962,31,,,0,37,,59979,31,,,0,62,,59967,31,,,0,25,,59968,31,,,0,62,,59969,31,,,0,30,,59970,31,,,0,69,,59980,31,,,0,29,,59971,31,,,0,73,,59972,31,,,0,29,,59974,31,,,0,68,,59982,31,,,0,26,,59975,31,0,38 3 39 49,0,74,,59976,31,,,0,98,,59981,31,,,0,99,,59977,31,,,0
5201,'4663',518,,59850,31,,,0,36,,59847,31,,,0,78,,59854,31,,,0,78,,59849,31,,,0,26,,59860,31,,,0,69,,59848,31,,,0,34,,59866,31,,,0,63,,59855,31,,,0,35,,59851,31,,,0,75,,59852,31,,,0,29,,59864,31,,,0,70,,59856,31,,,0,28,,59853,31,,,0,75,,59857,31,,,0,34,,59865,31,,,0,70,,59858,31,,,0,30,,59859,31,,,0,70,,59879,31,,,0,26,,59884,16,0,30 14,0,5,,59861,31,,,0,60,,59885,31,0,38 3 39 49,0,9,,59867,31,,,0,28,,59862,31,,,0,73,,59863,31,,,0,37,,59880,31,,,0,62,,59868,31,,,0,25,,59869,31,,,0,62,,59870,31,,,0,30,,59871,31,,,0,69,,59881,31,,,0,29,,59872,31,,,0,73,,59873,31,,,0,29,,59875,31,,,0,68,,59883,31,,,0,26,,59876,31,0,38 3 39 49,0,74,,59877,31,,,0,98,,59882,31,,,0,99,,59878,31,,,0
5201,'5078',730,,59924,31,,,0,70,,59940,31,,,0,31,,59932,31,,,0,71,,59920,31,,,0,30,,59927,31,,,0,70,,59934,31,,,0,31,,59929,31,,,0,70,,59921,31,,,0,31,,59926,31,,,0,70,,59935,31,,,0,30,,59931,31,,,0,75,,59919,31,,,0,30,,59925,31,,,0,75,,59938,31,,,0,35,,59930,31,,,0,75,,59945,31,,,0,29,,59923,31,,,0,70,,59937,31,,,0,30,,59928,31,,,0,70,,59933,31,,,0,30,,59922,31,,,0,70,,59936,31,,,0,79,,59939,31,,,0,100,,59941,31,,,0,99,,59942,31,,,0,100,,59943,31,,,0,100,,59944,31,,,0
5500,'4332',817,,60139,29,,,0,201,,60135,29,,,0,213,,60136,29,,,0,204,,60137,29,,,0,211,,60138,29,,,0,209,,60134,29,,,0,264,,60133,29,,,0
5500,'4661',622,,60147,29,,,0,132,,60149,29,,,0,173,,60148,29,,,0,214,,60150,29,,,0,198,,60151,29,,,0,174,,60152,29,,,0,106,,60153,29,,,0,182,,60154,29,,,0,149,,60155,29,,,0,198,,60156,29,,,0
5500,'4663',622,,60123,29,,,0,132,,60125,29,,,0,173,,60124,29,,,0,214,,60126,29,,,0,198,,60127,29,,,0,174,,60128,29,,,0,106,,60129,29,,,0,182,,60130,29,,,0,149,,60131,29,,,0,198,,60132,29,,,0
5500,'5078',816,,60140,29,,,0,201,,60143,29,,,0,214,,60142,29,,,0,205,,60141,29,,,0,210,,60145,29,,,0,208,,60146,29,,,0,264,,60144,29,,,0
5901,'4332',656,,60582,14,,,0,100,,60583,14,,,0,101,,60584,14,,,0,101,,60580,14,,,0,145,,60581,14,,,0,105,,60579,14,,,0,105,,60578,14,,,0,105,,60577,14,,,0,105,,60576,14,,,0,102,,60575,14,,,0,103,,60574,14,,,0,105,,60573,14,,,0,105,,60572,14,,,0,120,,60571,14,,,0
5901,'4661',655,,60599,14,,,0,69,,60607,14,,,0,100,,60600,14,,,0,106,,60601,14,,,0,101,,60602,14,,,0,97,,60603,14,,,0,103,,60604,14,,,0,102,,60605,14,,,0,107,,60606,14,,,0,98,,60598,14,,,0,86,,60614,14,,,0,84,,60608,14,,,0,42,,60609,14,,,0,81,,60613,14,,,0,104,,60610,14,,,0,105,,60611,14,,,0,114,,60612,14,,,0
5901,'4663',655,,60554,14,,,0,69,,60562,14,,,0,100,,60555,14,,,0,106,,60556,14,,,0,101,,60557,14,,,0,97,,60558,14,,,0,103,,60559,14,,,0,102,,60560,14,,,0,107,,60561,14,,,0,98,,60553,14,,,0,86,,60569,14,,,0,84,,60563,14,,,0,42,,60564,14,,,0,81,,60568,14,,,0,104,,60565,14,,,0,105,,60566,14,,,0,114,,60567,14,,,0
5901,'5078',756,,60586,14,,,0,101,,60585,14,,,0,101,,60587,14,,,0,145,,60589,14,,,0,105,,60588,14,,,0,105,,60592,14,,,0,105,,60593,14,,,0,105,,60591,14,,,0,102,,60590,14,,,0,103,,60596,14,,,0,105,,60595,14,,,0,105,,60597,14,,,0,120,,60594,14,,,0
6100,'4332',653,,60786,30,0,30 14,0,99,,60787,30,0,30 14,0,82,,60785,30,0,30 14,0,98,,60788,30,0,30 14,0,95,,60789,30,0,30 14,0,82,,60790,30,0,30 14,0,35,,60791,30,0,30 14,0,88,,60792,30,0,30 14,0,75,,60793,30,0,30 14,0,35,,60794,30,0,30 14,0,76,,60795,30,0,30 14,0,36,,60796,30,0,30 14,0,77,,60797,30,0,30 14,0,77,,60798,30,0,30 14,0,26,,60799,30,0,30 14,0,78,,60800,30,0,30 14,0,41,,60801,30,0,30 14,0,72,,60802,30,0,30 14,0,31,,60803,30,0,30 14,0,71,,60804,30,0,30 14,0,73,,60805,30,0,30 14,0,43,,60806,30,0,30 14,0,81,,60807,30,0,30 14,0,81,,60808,30,0,30 14,0,103,,60809,30,0,30 14,0,32,,60810,30,0,30 14,0,100,,60811,30,0,30 14,0,78,,60812,30,0,30,0,99,,60813,30,0,30,0
6100,'4661',541,,60837,48,,,0,77,,60835,48,,,0,13,,60838,48,,,0,20,,60839,48,,,0,60,,60841,48,,,0,19,,60845,48,,,0,19,,60852,48,,,0,69,,60854,48,,,0,18,,60847,30,0,30 14,0,80,,60836,30,0,30 14,0,36,,60840,30,0,30 14,0,64,,60851,30,0,30 14,0,36,,60843,30,0,30 14,0,88,,60842,30,0,30 14,0,76,,60849,30,0,30 14,0,35,,60844,30,0,30 14,0,74,,60846,30,0,30 14,0,79,,60853,30,0,30 14,0,30,,60848,30,0,30 14,0,80,,60850,30,0,30 14,0,33,,60855,30,0,30 14,0,82,,60856,30,0,30 14,0,26,,60858,30,0,30 14,0,79,,60862,30,0,30 14,0,69,,60857,30,0,30 14,0,53,,60861,30,0,30 14,0,72,,60863,30,0,30 14,0,30,,60859,30,0,30 14,0,70,,60860,30,0,30 14,0,95,,60864,30,0,30 14,0,81,,60865,30,0,30 14,0,104,,60866,30,0,30 14,0,33,,60867,30,0,30 14,0,100,,60868,30,0,30 14,0,74,,60869,30,0,30 14,0
6100,'4663',541,,60746,48,,,0,77,,60744,48,,,0,13,,60747,48,,,0,20,,60748,48,,,0,60,,60750,48,,,0,19,,60754,48,,,0,19,,60761,48,,,0,69,,60763,48,,,0,18,,60756,30,0,30 14,0,80,,60745,30,0,30 14,0,36,,60749,30,0,30 14,0,64,,60760,30,0,30 14,0,36,,60752,30,0,30 14,0,88,,60751,30,0,30 14,0,76,,60758,30,0,30 14,0,35,,60753,30,0,30 14,0,74,,60755,30,0,30 14,0,79,,60762,30,0,30 14,0,30,,60757,30,0,30 14,0,68,,60781,30,0,30 14,0,12,,60759,30,0,30 14,0,33,,60764,30,0,30 14,0,82,,60765,30,0,30 14,0,26,,60768,30,0,30 14,0,79,,60772,30,0,30 14,0,69,,60767,30,0,30 14,0,25,,60766,30,0,30 14,0,28,,60771,30,0,30 14,0,72,,60773,30,0,30 14,0,30,,60769,30,0,30 14,0,70,,60770,30,0,30 14,0,95,,60774,30,0,30 14,0,81,,60775,30,0,30 14,0,104,,60777,30,0,30 14,0,33,,60778,30,0,30 14,0,100,,60779,30,0,30 14,0,74,,60780,30,0,30 14,0,100,,60776,30,0,30,0
6100,'4682',1828,,60871,30,0,30 14,0
6100,'5078',656,,60814,30,0,30 14,0,144,,60815,30,0,30 14,0,43,,60816,30,0,30 14,0,96,,60817,30,0,30 14,0,83,,60818,30,0,30 14,0,86,,60819,30,0,30 14,0,97,,60820,30,0,30 14,0,43,,60821,30,0,30 14,0,101,,60822,30,0,30 14,0,93,,60823,30,0,30 14,0,103,,60824,30,0,30 14,0,78,,60825,30,0,30 14,0,102,,60826,30,0,30 14,0,86,,60827,30,0,30 14,0,103,,60828,30,0,30 14,0,86,,60829,30,0,30 14,0,46,,60830,30,0,30 14,0,101,,60831,30,0,30 14,0,93,,60832,30,0,30 14,0,101,,60833,30,0,30 14,0,74,,60834,30,0,30,0
6100,'5387',1828,,60870,30,0,30 14,0
6400,'4661',739,,61012,55,,,0,507,,61014,86,,,0,580,,61016,71,,,0
6400,'4663',739,,61005,55,,,0,507,,61007,86,,,0,580,,61009,71,,,0
