7500,'4663',752,,61495,54,0,13 14 49,0,960,,61515,54,0,13 14 49,0,20,,61516,54,0,42 43,0,26,,61517,56,0,13 14 49,0,51,,61518,54,0,13 14 49,0,39,,61520,54,0,42 43,0
7500,'5372',752,,46890,54,0,13 14 49,0,960,,46910,54,0,13 14 49,0,20,,46911,54,0,42 43,0,26,,46912,56,0,13 14 49,0,51,,46913,54,0,13 14 49,0,39,,46915,54,0,42 43,0
7500,'5385',752,,61587,54,0,13 14 49,0,960,,61607,54,0,13 14 49,0,20,,61608,54,0,42 43,0,26,,61609,56,0,13 14 49,0,51,,61610,54,0,13 14 49,0,39,,61612,54,0,42 43,0
7501,'4663',539,,61620,11,,,0,70,,61621,11,,,0,22,,61622,11,,,0,18,,61623,11,,,0,63,,61624,11,,,0,26,,61625,11,,,0,17,,61626,11,,,0,57,,61627,11,,,0,30,,61628,11,,,0,69,,61629,11,,,0,39,,61630,11,,,0,70,,61631,11,,,0,33,,61632,11,,,0,68,,61633,11,,,0,30,,61634,11,,,0,70,,61635,11,,,0,30,,61636,11,,,0,70,,61637,11,,,0,30,,61638,11,,,0,70,,61639,11,,,0,31,,61640,11,,,0,59,,61656,11,,,0,12,,61641,11,,,0,19,,61642,11,,,0,14,,61643,11,,,0,54,,61644,11,,,0,16,,61646,11,,,0,28,,61647,11,,,0,68,,61648,11,,,0,30,,61649,11,,,0,99,,61650,11,,,0,97,,61651,11,,,0,100,,61652,11,,,0,99,,61653,11,,,0,95,,61654,11,0,28 29 14,0,98,,61655,11,0,28 29 14,0
7501,'5372',539,,47038,11,,,0,70,,47039,11,,,0,22,,47040,11,,,0,18,,47041,11,,,0,63,,47042,11,,,0,26,,47043,11,,,0,17,,47044,11,,,0,57,,47045,11,,,0,30,,47046,11,,,0,69,,47047,11,,,0,39,,47048,11,,,0,70,,47049,11,,,0,33,,47050,11,,,0,68,,47051,11,,,0,30,,47052,11,,,0,70,,47053,11,,,0,30,,47054,11,,,0,70,,51861,11,,,0,30,,47056,11,,,0,70,,47057,11,,,0,31,,47058,11,,,0,59,,61660,11,,,0,12,,47059,11,,,0,19,,47060,11,,,0,14,,51862,11,,,0,54,,47062,11,,,0,16,,47064,11,,,0,28,,47065,11,,,0,68,,47066,11,,,0,30,,47067,11,,,0,99,,47068,11,,,0,97,,47069,11,,,0,100,,47070,11,,,0,99,,47071,11,,,0,95,,47072,11,0,28 29 14,0,98,,50779,11,0,28 29 14,0
7501,'5377',738,,47146,11,0,28 29 14,0,103,,47147,11,,,0,105,,47148,11,,,0,101,,47149,11,,,0,102,,47150,11,,,0,71,,47151,11,,,0,30,,47152,11,,,0,70,,47153,11,,,0,30,,47154,11,,,0,70,,47155,11,,,0,31,,47156,11,,,0,70,,47157,11,,,0,30,,47158,11,,,0,100,,47159,11,,,0,102,,47160,11,,,0,100,,47161,11,,,0,100,,47162,11,,,0,99,,47163,11,,,0,100,,47164,11,,,0,89,,47165,11,0,28 29 14,0,112,,47166,11,0,28 29 14,0
7501,'5383',627,,61661,5,0,28 29 14,0,113,,61662,11,,,0,100,,61663,11,,,0,108,,61664,11,,,0,103,,61665,11,,,0,100,,61666,11,,,0,70,,61667,11,,,0,30,,61668,11,,,0,70,,61669,11,,,0,30,,61670,11,,,0,74,,61671,11,,,0,30,,61672,11,,,0,70,,61673,11,,,0,30,,61674,11,,,0,70,,61675,11,,,0,30,,61676,11,,,0,96,,61677,11,,,0,97,,61678,11,,,0,99,,61679,11,,,0,100,,61680,11,,,0,100,,61681,11,,,0,95,,61682,11,0,28 29 14,0,99,,61683,11,0,28 29 14,0
7501,'5384',738,,61689,11,0,28 29 14,0,103,,61690,11,,,0,105,,61691,11,,,0,101,,61692,11,,,0,102,,61693,11,,,0,71,,61694,11,,,0,30,,61695,11,,,0,70,,61696,11,,,0,30,,61697,11,,,0,70,,61698,11,,,0,31,,61699,11,,,0,70,,61700,11,,,0,30,,61701,11,,,0,100,,61702,11,,,0,102,,61703,11,,,0,100,,61704,11,,,0,100,,61705,11,,,0,99,,61706,11,,,0,100,,61707,11,,,0,89,,61708,11,0,28 29 14,0,112,,61709,11,0,28 29 14,0
7501,'5385',539,,61711,11,,,0,70,,61712,11,,,0,22,,61713,11,,,0,18,,61714,11,,,0,63,,61715,11,,,0,26,,61716,11,,,0,17,,61717,11,,,0,57,,61718,11,,,0,30,,61719,11,,,0,69,,61720,11,,,0,39,,61721,11,,,0,70,,61722,11,,,0,33,,61723,11,,,0,68,,61724,11,,,0,30,,61725,11,,,0,70,,61726,11,,,0,30,,61727,11,,,0,70,,61728,11,,,0,30,,61729,11,,,0,70,,61730,11,,,0,31,,61731,11,,,0,59,,61747,11,,,0,12,,61732,11,,,0,19,,61733,11,,,0,14,,61734,11,,,0,54,,61735,11,,,0,16,,61737,11,,,0,28,,61738,11,,,0,68,,61739,11,,,0,30,,61740,11,,,0,99,,61741,11,,,0,97,,61742,11,,,0,100,,61743,11,,,0,99,,61744,11,,,0,95,,61745,11,0,28 29 14,0,98,,61746,11,0,28 29 14,0
8301,'4663',717,,61891,27,,,0,92,,61892,27,,,0,209,,61893,27,,,0,141,,61894,27,,,0,195,,61895,27,,,0,251,,61896,27,,,0,212,,61897,27,,,0,199,,61898,27,,,0
8301,'5372',717,,47362,27,,,0,92,,47363,27,,,0,209,,47364,27,,,0,141,,47365,27,,,0,195,,47366,27,,,0,251,,47367,27,,,0,212,,47368,27,,,0,199,,47369,27,,,0
8301,'5377',953,,47384,27,,,0,300,,47385,27,,,0,305,,47383,27,,,0,299,,47382,27,,,0
8301,'5383',954,,61902,27,,,0,300,,61900,27,,,0,305,,61901,27,,,0,299,,61899,27,,,0
8301,'5384',953,,61905,27,,,0,300,,61906,27,,,0,305,,61904,27,,,0,299,,61903,27,,,0
8301,'5385',717,,61907,27,,,0,92,,61908,27,,,0,209,,61909,27,,,0,141,,61910,27,,,0,195,,61911,27,,,0,251,,61912,27,,,0,212,,61913,27,,,0,199,,61914,27,,,0
