4700,'4737',636,,12091,29,,,0,19,,12090,29,,,0,63,,12089,29,,,0
4700,'4744',636,,12094,29,,,0,19,,12093,29,,,0,63,,12092,29,,,0
4700,'4947',636,,12097,29,,,0,19,,12096,29,,,0,63,,12095,29,,,0
4701,'4737',1653,,12098,23,,,0,70,,12099,23,,,0,27,,12100,23,,,0
4701,'4744',1653,,12101,23,,,0,70,,12102,23,,,0,27,,12103,23,,,0
4701,'4947',1653,,12104,23,,,0,70,,12105,23,,,0,27,,12106,23,,,0
5701,'4487',625,,13199,4,,,0,107,,13189,4,,,0,99,,13200,4,,,0,105,,13203,4,,,0,101,,13201,4,,,0,105,,13202,4,,,0,110,,13188,4,,,0,100,,13194,4,,,0,150,,13198,4,,,0,101,,13195,4,,,0,109,,13190,4,,,0,90,,13192,4,,,0,114,,13196,4,,,0,100,,13197,4,,,0,99,,13193,4,,,0,113,,13191,4,,,0
5701,'4737',559,,13204,4,,,0,88,,13208,4,,,0,84,,13213,4,,,0,79,,13225,4,,,0,9,,13206,4,,,0,86,,13207,4,,,0,45,,13205,4,,,0,85,,13209,4,,,0,85,,13210,4,,,0,85,,13211,4,,,0,46,,13212,4,,,0,85,,13214,4,,,0,90,,13215,4,,,0,98,,13224,4,,,0,32,,13216,4,,,0,83,,13217,4,,,0,88,,13218,4,,,0,84,,13220,4,,,0,90,,13219,4,,,0,99,,13221,4,,,0,116,,13222,4,,,0,110,,13223,4,,,0
5701,'4740',625,,13237,4,,,0,107,,13227,4,,,0,99,,13238,4,,,0,105,,13241,4,,,0,101,,13239,4,,,0,105,,13240,4,,,0,110,,13226,4,,,0,100,,13232,4,,,0,150,,13236,4,,,0,101,,13233,4,,,0,109,,13228,4,,,0,90,,13230,4,,,0,114,,13234,4,,,0,100,,13235,4,,,0,99,,13231,4,,,0,113,,13229,4,,,0
5701,'4744',559,,13242,4,,,0,88,,13246,4,,,0,84,,13251,4,,,0,79,,13263,4,,,0,9,,13244,4,,,0,86,,13245,4,,,0,45,,13243,4,,,0,85,,13247,4,,,0,85,,13248,4,,,0,85,,13249,4,,,0,46,,13250,4,,,0,85,,13252,4,,,0,90,,13253,4,,,0,98,,13262,4,,,0,32,,13254,4,,,0,83,,13255,4,,,0,88,,13256,4,,,0,84,,13258,4,,,0,90,,13257,4,,,0,99,,13259,4,,,0,116,,13260,4,,,0,110,,13261,4,,,0
5701,'4745',732,,13267,4,,,0,99,,13264,4,,,0,105,,13266,4,,,0,100,,13265,4,,,0,106,,13268,4,,,0,110,,13271,4,,,0,100,,13269,4,,,0,150,,13272,4,,,0,100,,13270,4,,,0,110,,13276,4,,,0,90,,13278,4,,,0,114,,13277,4,,,0,100,,13275,4,,,0,99,,13274,4,,,0,85,,13273,4,,,0
5701,'4947',559,,13279,4,,,0,88,,13283,4,,,0,84,,13288,4,,,0,79,,13300,4,,,0,9,,13281,4,,,0,86,,13282,4,,,0,45,,13280,4,,,0,85,,13284,4,,,0,85,,13285,4,,,0,85,,13286,4,,,0,46,,13287,4,,,0,85,,13289,4,,,0,90,,13290,4,,,0,98,,13299,4,,,0,32,,13291,4,,,0,83,,13292,4,,,0,88,,13293,4,,,0,84,,13295,4,,,0,90,,13294,4,,,0,99,,13296,4,,,0,116,,13297,4,,,0,110,,13298,4,,,0
5701,'4954',732,,13304,4,,,0,99,,13301,4,,,0,105,,13303,4,,,0,100,,13302,4,,,0,106,,13305,4,,,0,110,,13308,4,,,0,100,,13306,4,,,0,150,,13309,4,,,0,100,,13307,4,,,0,110,,13313,4,,,0,90,,13315,4,,,0,114,,13314,4,,,0,100,,13312,4,,,0,99,,13311,4,,,0,85,,13310,4,,,0
