3801,'4663',658,,59209,27,,,0,70,,59210,27,,,0,30,,59213,27,,,0,68,,59211,27,,,0,74,,59229,27,,,0,45,,59212,27,,,0,90,,59214,27,,,0,97,,59215,27,,,0,102,,59216,27,,,0,103,,59217,27,,,0,103,,59218,27,,,0,107,,59219,27,,,0,90,,59220,27,,,0,73,,59221,27,,,0,25,,59222,27,,,0,24,,59223,27,,,0,65,,59225,27,,,0,28,,59226,27,,,0,76,,59224,27,,,0,100,,59227,27,,,0,103,,59228,27,,,0
3801,'5372',658,,44211,27,,,0,70,,44212,27,,,0,30,,44215,27,,,0,68,,44213,27,,,0,74,,44231,27,,,0,45,,44214,27,,,0,90,,44216,27,,,0,97,,50241,27,,,0,102,,44218,27,,,0,103,,50242,27,,,0,103,,59230,27,,,0,107,,44221,27,,,0,90,,44222,27,,,0,73,,44223,27,,,0,25,,44224,27,,,0,24,,44225,27,,,0,65,,50244,27,,,0,28,,44228,27,,,0,76,,59231,27,,,0,100,,50245,27,,,0,103,,59232,27,,,0
3801,'5385',658,,59233,27,,,0,70,,59234,27,,,0,30,,59237,27,,,0,68,,59235,27,,,0,74,,59253,27,,,0,45,,59236,27,,,0,90,,59238,27,,,0,97,,59239,27,,,0,102,,59240,27,,,0,103,,59241,27,,,0,103,,59242,27,,,0,107,,59243,27,,,0,90,,59244,27,,,0,73,,59245,27,,,0,25,,59246,27,,,0,24,,59247,27,,,0,65,,59249,27,,,0,28,,59250,27,,,0,76,,59248,27,,,0,100,,59251,27,,,0,103,,59252,27,,,0
4801,'4663',1655,,59629,23,,,0,68,,59630,23,,,0,32,,59631,23,,,0
4801,'5372',1655,,59632,23,,,0,68,,59633,23,,,0,32,,59634,23,,,0
4801,'5385',1655,,59635,23,,,0,68,,59636,23,,,0,32,,59637,23,,,0
5201,'4332',644,,59895,5,,,0,70,,59905,5,,,0,30,,59903,5,,,0,71,,59886,5,,,0,30,,59893,5,,,0,70,,59912,5,,,0,30,,59890,5,,,0,70,,59887,5,,,0,30,,59894,5,,,0,70,,59913,5,,,0,30,,59891,5,,,0,70,,59888,5,,,0,35,,59897,5,,,0,70,,59915,5,,,0,35,,59892,5,,,0,75,,59902,5,,,0,75,,59896,5,,,0,30,,59914,5,,,0,70,,59889,5,,,0,30,,59900,5,,,0,65,,59908,5,,,0,25,,59899,5,,,0,25,,59904,5,,,0,65,,59901,5,,,0,30,,59898,5,,,0,70,,59911,5,,,0,32,,59906,5,,,0,70,,59910,5,,,0,30,,59907,5,,,0,65,,59909,5,0,38 3 39 49,0,30,,59916,5,,,0,103,,59917,5,,,0,100,,59918,5,,,0
5201,'4663',503,,59850,5,,,0,35,,59847,5,,,0,77,,59854,5,,,0,37,,59849,5,,,0,65,,59860,5,,,0,28,,59848,5,,,0,71,,59866,5,,,0,21,,59874,5,0,28 37 14,0,3,,59855,5,,,0,76,,59851,5,,,0,36,,59852,5,,,0,69,,59864,5,,,0,30,,59856,5,,,0,68,,59853,5,,,0,34,,59857,5,,,0,74,,59865,5,,,0,30,,59858,5,,,0,70,,59859,5,,,0,30,,59879,5,,,0,69,,59861,5,,,0,20,,59885,5,0,38 3 39 49,0,9,,59867,5,,,0,67,,59862,5,,,0,33,,59863,5,,,0,79,,59880,5,,,0,24,,59868,5,,,0,65,,59869,5,,,0,22,,59870,5,,,0,70,,59871,5,,,0,30,,59881,5,,,0,70,,59872,5,,,0,33,,59873,5,,,0,69,,59875,5,,,0,28,,59883,5,,,0,67,,59876,5,0,38 3 39 49,0,35,,59877,5,,,0,98,,59882,5,,,0,99,,59878,5,,,0
5201,'5078',714,,59924,5,,,0,30,,59940,5,,,0,70,,59932,5,,,0,31,,59920,5,,,0,70,,59927,5,,,0,30,,59934,5,,,0,70,,59929,5,,,0,30,,59921,5,,,0,70,,59926,5,,,0,30,,59935,5,,,0,70,,59931,5,,,0,35,,59919,5,,,0,70,,59925,5,,,0,35,,59938,5,,,0,75,,59930,5,,,0,75,,59945,5,,,0,30,,59923,5,,,0,70,,59937,5,,,0,30,,59928,5,,,0,70,,59933,5,,,0,30,,59922,5,,,0,70,,59936,5,,,0,40,,59939,5,,,0,100,,59941,5,,,0,100,,59942,5,,,0,100,,59943,5,,,0,100,,59944,5,,,0
5201,'5372',503,,44937,5,,,0,35,,44934,5,,,0,77,,44941,5,,,0,37,,44936,5,,,0,65,,44947,5,,,0,28,,44935,5,,,0,71,,44953,5,,,0,21,,44961,5,0,28 37 14,0,3,,44942,5,,,0,76,,44938,5,,,0,36,,44939,5,,,0,69,,44951,5,,,0,30,,44943,5,,,0,68,,44940,5,,,0,34,,44944,5,,,0,74,,44952,5,,,0,30,,44945,5,,,0,70,,44946,5,,,0,30,,51771,5,,,0,69,,44948,5,,,0,20,,51772,5,0,38 3 39 49,0,9,,44954,5,,,0,67,,44949,5,,,0,33,,44950,5,,,0,79,,44967,5,,,0,24,,44955,5,,,0,65,,44956,5,,,0,22,,44957,5,,,0,70,,44958,5,,,0,30,,44968,5,,,0,70,,44959,5,,,0,33,,44960,5,,,0,69,,44962,5,,,0,28,,44970,5,,,0,67,,44963,5,0,38 3 39 49,0,35,,44964,5,,,0,98,,44969,5,,,0,99,,44965,5,,,0
5201,'5385',503,,59949,5,,,0,35,,59946,5,,,0,77,,59953,5,,,0,37,,59948,5,,,0,65,,59959,5,,,0,28,,59947,5,,,0,71,,59965,5,,,0,21,,59973,5,0,28 37 14,0,3,,59954,5,,,0,76,,59950,5,,,0,36,,59951,5,,,0,69,,59963,5,,,0,30,,59955,5,,,0,68,,59952,5,,,0,34,,59956,5,,,0,74,,59964,5,,,0,30,,59957,5,,,0,70,,59958,5,,,0,30,,59978,5,,,0,69,,59960,5,,,0,20,,59984,5,0,38 3 39 49,0,9,,59966,5,,,0,67,,59961,5,,,0,33,,59962,5,,,0,79,,59979,5,,,0,24,,59967,5,,,0,65,,59968,5,,,0,22,,59969,5,,,0,70,,59970,5,,,0,30,,59980,5,,,0,70,,59971,5,,,0,33,,59972,5,,,0,69,,59974,5,,,0,28,,59982,5,,,0,67,,59975,5,0,38 3 39 49,0,35,,59976,5,,,0,98,,59981,5,,,0,99,,59977,5,,,0
6101,'4663',1547,,60888,23,,,0,72,,60889,23,,,0,34,,60897,23,,,0,62,,60899,23,,,0,16,,60891,23,,,0,21,,60903,23,,,0,78,,60894,23,,,0
6101,'5372',1547,,51821,23,,,0,72,,51822,23,,,0,34,,51827,23,,,0,62,,51828,23,,,0,16,,51824,23,,,0,21,,51830,23,,,0,78,,51825,23,,,0
6101,'5385',1547,,60976,23,,,0,72,,60977,23,,,0,34,,60985,23,,,0,62,,60987,23,,,0,16,,60979,23,,,0,21,,60991,23,,,0,78,,60982,23,,,0
