6100,'4332',632,,60786,4,0,30 14,0,99,,60787,4,0,30 14,0,82,,60785,4,0,30 14,0,97,,60788,4,0,30 14,0,95,,60789,4,0,30 14,0,42,,60790,4,0,30 14,0,75,,60791,4,0,30 14,0,87,,60792,4,0,30 14,0,35,,60793,4,0,30 14,0,75,,60794,4,0,30 14,0,36,,60795,4,0,30 14,0,77,,60796,4,0,30 14,0,77,,60797,4,0,30 14,0,37,,60798,4,0,30 14,0,66,,60799,4,0,30 14,0,38,,60800,4,0,30 14,0,81,,60801,4,0,30 14,0,72,,60802,4,0,30 14,0,31,,60803,4,0,30 14,0,71,,60804,4,0,30 14,0,33,,60805,4,0,30 14,0,83,,60806,4,0,30 14,0,81,,60807,4,0,30 14,0,41,,60808,4,0,30 14,0,104,,60809,4,0,30 14,0,73,,60810,4,0,30 14,0,100,,60811,4,0,30 14,0,38,,60812,4,0,30,0,100,,60813,4,0,30,0
6100,'4663',521,,60746,22,,,0,34,,60744,22,,,0,53,,60747,22,,,0,20,,60748,22,,,0,20,,60750,22,,,0,59,,60754,22,,,0,19,,60761,22,,,0,27,,60763,22,,,0,60,,60756,4,0,30 14,0,41,,60745,4,0,30 14,0,77,,60749,4,0,30 14,0,24,,60760,4,0,30 14,0,76,,60752,4,0,30 14,0,88,,60751,4,0,30 14,0,36,,60758,4,0,30 14,0,75,,60753,4,0,30 14,0,74,,60755,4,0,30 14,0,39,,60762,4,0,30 14,0,69,,60757,4,0,30 14,0,27,,60781,4,0,30 14,0,12,,60759,4,0,30 14,0,72,,60764,4,0,30 14,0,83,,60765,4,0,30 14,0,27,,60768,4,0,30 14,0,79,,60772,4,0,30 14,0,30,,60767,4,0,30 14,0,65,,60766,4,0,30 14,0,28,,60771,4,0,30 14,0,72,,60773,4,0,30 14,0,31,,60769,4,0,30 14,0,70,,60770,4,0,30 14,0,95,,60774,4,0,30 14,0,41,,60775,4,0,30 14,0,104,,60777,4,0,30 14,0,73,,60778,4,0,30 14,0,100,,60779,4,0,30 14,0,35,,60780,4,0,30 14,0,100,,60776,4,0,30,0
6100,'5078',636,,60814,4,0,30 14,0,104,,60815,4,0,30 14,0,83,,60816,4,0,30 14,0,95,,60817,4,0,30 14,0,82,,60818,4,0,30 14,0,46,,60819,4,0,30 14,0,97,,60820,4,0,30 14,0,82,,60821,4,0,30 14,0,101,,60822,4,0,30 14,0,94,,60823,4,0,30 14,0,103,,60824,4,0,30 14,0,79,,60825,4,0,30 14,0,102,,60826,4,0,30 14,0,46,,60827,4,0,30 14,0,103,,60828,4,0,30 14,0,86,,60829,4,0,30 14,0,86,,60830,4,0,30 14,0,101,,60831,4,0,30 14,0,94,,60832,4,0,30 14,0,101,,60833,4,0,30 14,0,35,,60834,4,0,30,0
6100,'5372',521,,50731,22,,,0,34,,46007,22,,,0,53,,50732,22,,,0,20,,46011,22,,,0,20,,46013,22,,,0,59,,46017,22,,,0,19,,46024,22,,,0,27,,46026,22,,,0,60,,46019,4,0,30 14,0,41,,46008,4,0,30 14,0,77,,46012,4,0,30 14,0,24,,46023,4,0,30 14,0,76,,46015,4,0,30 14,0,88,,50733,4,0,30 14,0,36,,51797,4,0,30 14,0,75,,46016,4,0,30 14,0,74,,46018,4,0,30 14,0,39,,51798,4,0,30 14,0,69,,46020,4,0,30 14,0,39,,46022,4,0,30 14,0,72,,51799,4,0,30 14,0,83,,46028,4,0,30 14,0,27,,46030,4,0,30 14,0,79,,46034,4,0,30 14,0,30,,51800,4,0,30 14,0,93,,51802,4,0,30 14,0,72,,51803,4,0,30 14,0,31,,60782,4,0,30 14,0,70,,46032,4,0,30 14,0,95,,51804,4,0,30 14,0,41,,46037,4,0,30 14,0,104,,46038,4,0,30 14,0,73,,46039,4,0,30 14,0,100,,46040,4,0,30 14,0,35,,46041,4,0,30 14,0
6100,'5373',1807,,60783,4,0,30 14,0
6100,'5385',521,,60837,22,,,0,34,,60835,22,,,0,53,,60838,22,,,0,20,,60839,22,,,0,20,,60841,22,,,0,59,,60845,22,,,0,19,,60852,22,,,0,27,,60854,22,,,0,60,,60847,4,0,30 14,0,41,,60836,4,0,30 14,0,77,,60840,4,0,30 14,0,24,,60851,4,0,30 14,0,76,,60843,4,0,30 14,0,88,,60842,4,0,30 14,0,36,,60849,4,0,30 14,0,75,,60844,4,0,30 14,0,74,,60846,4,0,30 14,0,39,,60853,4,0,30 14,0,69,,60848,4,0,30 14,0,39,,60850,4,0,30 14,0,72,,60855,4,0,30 14,0,83,,60856,4,0,30 14,0,27,,60858,4,0,30 14,0,79,,60862,4,0,30 14,0,30,,60857,4,0,30 14,0,93,,60861,4,0,30 14,0,72,,60863,4,0,30 14,0,31,,60859,4,0,30 14,0,70,,60860,4,0,30 14,0,95,,60864,4,0,30 14,0,41,,60865,4,0,30 14,0,104,,60866,4,0,30 14,0,73,,60867,4,0,30 14,0,100,,60868,4,0,30 14,0,35,,60869,4,0,30 14,0
6100,'5387',1807,,60870,4,0,30 14,0
6100,'5388',1807,,60871,4,0,30 14,0
6400,'4663',852,,61006,4,0,32 33,0,280,,61007,4,,,0,370,,61008,4,0,32 33,0,225,,61009,4,,,0
6400,'5372',852,,51837,4,0,32 33,0,280,,51838,4,,,0,370,,46309,4,0,32 33,0,225,,46310,4,,,0
6400,'5385',852,,61013,4,0,32 33,0,280,,61014,4,,,0,370,,61015,4,0,32 33,0,225,,61016,4,,,0
6500,'4663',539,,61032,13,,,0,94,,61034,13,,,0,21,,61035,13,,,0,83,,61033,13,,,0
6500,'5372',539,,46333,13,,,0,94,,46335,13,,,0,21,,46336,13,,,0,83,,46334,13,,,0
6500,'5385',539,,61036,13,,,0,94,,61038,13,,,0,21,,61039,13,,,0,83,,61037,13,,,0
