2701,'4332',640,,57977,25,,,0,77,,57978,25,,,0,31,,57979,25,,,0,71,,57980,25,,,0,30,,57981,25,,,0,67,,57982,25,,,0,28,,57983,25,,,0,67,,57984,25,,,0,26,,57985,25,,,0,67,,57986,25,,,0,22,,57987,25,,,0,23,,57988,25,,,0,63,,57989,25,,,0,22,,57990,25,,,0,23,,57993,25,,,0,63,,57992,25,,,0,23,,57994,25,,,0,63,,57991,25,,,0,23,,57995,25,,,0,23,,57996,25,,,0,60,,57997,25,,,0,20,,57998,25,,,0,21,,57999,25,,,0,60,,58000,25,,,0,21,,58001,25,,,0,20,,58002,25,,,0,59,,58003,25,,,0,20,,58004,25,,,0,19,,58005,25,,,0,61,,58006,25,,,0,20,,58007,25,,,0,20,,58008,25,,,0,60,,58009,25,,,0,20,,58010,25,,,0,26,,58011,25,,,0,66,,58012,25,,,0,29,,58013,25,,,0,70,,58014,25,,,0,28,,58015,25,,,0,70,,58016,25,,,0,30,,58017,25,,,0,71,,58018,25,,,0,31,,58019,25,,,0,70,,58020,25,,,0,30,,58021,25,,,0,68,,58022,25,,,0,28,,58023,25,,,0,70,,58024,25,,,0
2701,'4661',537,,58067,25,,,0,81,,58066,25,,,0,26,,58072,25,,,0,62,,58079,25,,,0,31,,58096,25,,,0,67,,58073,25,,,0,25,,58105,25,,,0,29,,58106,25,,,0,60,,58086,25,,,0,22,,58117,25,,,0,62,,58104,25,,,0,25,,58080,25,,,0,27,,58069,25,,,0,65,,58068,25,,,0,28,,58070,25,,,0,67,,58071,25,,,0,27,,58085,25,,,0,67,,58103,25,,,0,26,,58074,25,,,0,66,,58075,25,,,0,27,,58078,25,,,0,25,,58076,25,,,0,68,,58077,25,,,0,30,,58116,25,,,0,56,,58097,25,,,0,33,,58111,25,,,0,71,,58113,25,,,0,31,,58098,25,,,0,68,,58091,25,,,0,13,,58089,25,,,0,27,,58092,25,,,0,55,,58093,25,,,0,14,,58094,25,,,0,21,,58095,25,,,0,89,,58100,25,,,0,28,,58101,25,,,0,96,,58102,25,,,0,69,,58099,25,,,0,104,,58110,25,,,0,79,,58108,25,,,0,37,,58109,25,,,0
2701,'4663',537,,57911,25,,,0,81,,57910,25,,,0,26,,57916,25,,,0,62,,57923,25,,,0,31,,57941,25,,,0,67,,57917,25,,,0,25,,57951,25,,,0,29,,57952,25,,,0,60,,57930,25,,,0,22,,57969,25,,,0,62,,57950,25,,,0,25,,57924,25,,,0,27,,57913,25,,,0,65,,57912,25,,,0,28,,57914,25,,,0,67,,57915,25,,,0,27,,57929,25,,,0,67,,57949,25,,,0,26,,57918,25,,,0,66,,57919,25,,,0,24,,57958,25,,,0,3,,57922,25,,,0,25,,57920,25,,,0,68,,57921,25,,,0,86,,57942,25,,,0,33,,57959,25,,,0,71,,57961,25,,,0,31,,57943,25,,,0,68,,57935,25,,,0,13,,57933,25,,,0,13,,57962,25,,,0,14,,57936,25,,,0,55,,57937,25,,,0,14,,57938,25,,,0,21,,57939,25,,,0,63,,57940,25,,,0,26,,57945,25,,,0,28,,57946,25,,,0,69,,57947,25,,,0,27,,57948,25,,,0,69,,57944,25,,,0,29,,57954,25,,,0,75,,57957,25,,,0,79,,57955,25,,,0,37,,57956,25,,,0,82,,57966,25,,,0,80,,57967,25,,,0
2701,'4682',1835,,58125,25,,,0,167,,58122,25,,,0,123,,58123,25,,,0,125,,58124,25,,,0
2701,'5078',710,,58027,25,,,0,42,,58028,25,,,0,70,,58029,25,,,0,29,,58030,25,,,0,72,,58031,25,,,0,31,,58032,25,,,0,69,,58033,25,,,0,29,,58034,25,,,0,67,,58035,25,,,0,27,,58036,25,,,0,65,,58037,25,,,0,25,,58038,25,,,0,23,,58039,25,,,0,64,,58040,25,,,0,22,,58041,25,,,0,64,,58042,25,,,0,23,,58043,25,,,0,23,,58044,25,,,0,63,,58045,25,,,0,23,,58046,25,,,0,63,,58047,25,,,0,23,,58048,25,,,0,21,,58049,25,,,0,63,,58050,25,,,0,23,,58051,25,,,0,23,,58052,25,,,0,62,,58053,25,,,0,22,,58054,25,,,0,64,,58055,25,,,0,25,,58056,25,,,0,25,,58057,25,,,0,68,,58058,25,,,0,29,,58059,25,,,0,70,,58060,25,,,0,30,,58061,25,,,0,75,,58062,25,,,0,81,,58063,25,,,0,39,,58064,25,,,0
2701,'5387',1835,,58121,25,,,0,167,,58118,25,,,0,123,,58119,25,,,0,125,,58120,25,,,0
2801,'4332',700,,58379,30,,,0,33,,58380,30,,,0,71,,58381,30,,,0,30,,58382,30,,,0,68,,58383,30,,,0,28,,58384,30,,,0,27,,58385,30,,,0,67,,58386,30,,,0,27,,58378,30,,,0,64,,58387,30,,,0,22,,58388,30,,,0,63,,58389,30,,,0,23,,58390,30,,,0,23,,58391,30,,,0,63,,58393,30,,,0,22,,58392,30,,,0,23,,58394,30,,,0,64,,58395,30,,,0,22,,58396,30,,,0,62,,58399,30,,,0,20,,58400,30,,,0,21,,58397,30,,,0,60,,58398,30,,,0,21,,58401,30,,,0,20,,58402,30,,,0,60,,58403,30,,,0,19,,58404,30,,,0,19,,58405,30,,,0,61,,58406,30,,,0,20,,58407,30,,,0,20,,58408,30,,,0,60,,58409,30,,,0,20,,58410,30,,,0,23,,58411,30,,,0,66,,58412,30,,,0,28,,58413,30,,,0,69,,58414,30,,,0,30,,58415,30,,,0,68,,58416,30,,,0,29,,58417,30,,,0,71,,58418,30,,,0,32,,58419,30,,,0,70,,58420,30,,,0,31,,58421,30,,,0,68,,58422,30,,,0,28,,58423,30,,,0,69,,58424,30,,,0
2801,'4661',604,,58466,30,,,0,28,,58471,30,,,0,24,,58467,30,,,0,63,,58469,30,,,0,12,,58470,30,,,0,13,,58488,30,,,0,13,,58468,30,,,0,53,,58501,30,,,0,12,,58472,30,,,0,13,,58485,30,,,0,12,,58474,30,,,0,61,,58473,30,,,0,20,,58476,30,,,0,23,,58511,30,,,0,63,,58475,30,,,0,26,,58477,30,,,0,66,,58489,30,,,0,26,,58499,30,,,0,68,,58481,30,,,0,27,,58478,30,,,0,27,,58479,30,,,0,67,,58480,30,,,0,26,,58483,30,,,0,66,,58487,30,,,0,27,,58500,30,,,0,66,,58484,30,,,0,29,,58482,30,,,0,16,,58507,30,,,0,73,,58486,30,,,0,103,,58508,30,,,0,30,,58502,30,,,0,171,,58492,30,,,0,22,,58491,30,,,0,65,,58493,30,,,0,27,,58494,30,,,0,68,,58495,30,,,0,28,,58496,30,,,0,68,,58497,30,,,0,29,,58498,30,,,0,71,,58504,30,,,0,38,,58505,30,,,0,78,,58503,30,,,0,80,,58506,30,,,0
2801,'4663',604,,58320,30,,,0,28,,58325,30,,,0,24,,58321,30,,,0,63,,58323,30,,,0,12,,58324,30,,,0,13,,58343,30,,,0,13,,58322,30,,,0,53,,58356,30,,,0,12,,58326,30,,,0,13,,58339,30,,,0,12,,58328,30,,,0,61,,58327,30,,,0,20,,58330,30,,,0,23,,58369,30,,,0,63,,58329,30,,,0,26,,58331,30,,,0,66,,58344,30,,,0,26,,58354,30,,,0,68,,58335,30,,,0,27,,58332,30,,,0,27,,58333,30,,,0,67,,58334,30,,,0,26,,58337,30,,,0,66,,58342,30,,,0,27,,58355,30,,,0,66,,58338,30,,,0,29,,58336,30,,,0,16,,58362,30,,,0,73,,58340,30,,,0,32,,58341,30,,,0,71,,58363,30,,,0,30,,58357,30,,,0,171,,58347,30,,,0,22,,58346,30,,,0,65,,58348,30,,,0,27,,58349,30,,,0,68,,58350,30,,,0,28,,58351,30,,,0,68,,58352,30,,,0,29,,58353,30,,,0,71,,58359,30,,,0,38,,58360,30,,,0,78,,58358,30,,,0,80,,58361,30,,,0,41,,58366,30,,,0
2801,'4682',1656,,58513,30,,,0
2801,'5078',640,,58428,30,,,0,96,,58429,30,,,0,70,,58430,30,,,0,30,,58431,30,,,0,70,,58427,30,,,0,32,,58432,30,,,0,71,,58433,30,,,0,29,,58434,30,,,0,67,,58435,30,,,0,27,,58436,30,,,0,26,,58437,30,,,0,65,,58438,30,,,0,24,,58439,30,,,0,64,,58440,30,,,0,23,,58441,30,,,0,23,,58442,30,,,0,63,,58443,30,,,0,23,,58444,30,,,0,63,,58445,30,,,0,23,,58446,30,,,0,23,,58447,30,,,0,63,,58448,30,,,0,22,,58449,30,,,0,22,,58450,30,,,0,63,,58451,30,,,0,24,,58452,30,,,0,62,,58453,30,,,0,22,,58454,30,,,0,23,,58455,30,,,0,65,,58456,30,,,0,25,,58457,30,,,0,66,,58458,30,,,0,28,,58459,30,,,0,70,,58460,30,,,0,30,,58461,30,,,0,70,,58462,30,,,0,40,,58463,30,,,0,80,,58464,30,,,0,83,,58465,30,,,0
2801,'5387',1656,,58512,30,,,0
