7500,'4663',532,,61489,28,0,42 43,0,18,,61490,28,0,13 14,0,58,,61491,28,0,13 14,0,19,,61492,28,0,13 14,0,17,,61488,28,0,13 14,0,58,,61493,28,0,13 14,0,15,,61494,28,0,42 43,0,17,,61495,28,0,13 14 49,0,19,,61496,28,0,13 14,0,62,,61497,28,0,13 14,0,22,,61498,28,0,42 43,0,66,,61499,28,0,13 14,0,27,,61500,28,0,42 43,0,74,,61501,28,0,13 14,0,27,,61502,28,0,42 43,0,70,,61503,28,0,13 14,0,29,,61504,28,0,42 43,0,70,,61505,28,0,13 14,0,30,,61506,28,0,42 43,0,70,,61507,28,0,13 14,0,29,,61508,28,0,42 43,0,30,,61509,28,0,13 14,0,64,,61510,28,0,42 43,0,31,,61511,28,0,42 43,0,75,,61512,28,0,42 43,0,29,,61513,28,0,13 14,0,71,,61514,28,0,42 43,0,25,,61515,28,0,13 14 49,0,60,,61516,28,0,42 43,0,21,,61517,28,0,13 14 49,0,16,,61518,28,0,13 14 49,0,60,,61519,28,0,13 14,0,19,,61520,28,0,42 43,0,28,,61521,28,0,13 14,0,76,,61522,28,0,42 43,0,109,,61523,28,0,42 43,0,96,,61524,28,0,13 14,0,103,,61525,28,0,13 14,0,108,,61526,28,0,13 14,0
7500,'5372',532,,46884,28,0,42 43,0,18,,46885,28,0,13 14,0,58,,46886,28,0,13 14,0,19,,46887,28,0,13 14,0,17,,46883,28,0,13 14,0,58,,46888,28,0,13 14,0,15,,46889,28,0,42 43,0,17,,46890,28,0,13 14 49,0,19,,46891,28,0,13 14,0,62,,46892,28,0,13 14,0,22,,46893,28,0,42 43,0,66,,46894,28,0,13 14,0,27,,46895,28,0,42 43,0,74,,46896,28,0,13 14,0,27,,46897,28,0,42 43,0,70,,46898,28,0,13 14,0,29,,46899,28,0,42 43,0,70,,46900,28,0,13 14,0,30,,46901,28,0,42 43,0,70,,46902,28,0,13 14,0,29,,51855,28,0,42 43,0,30,,61527,28,0,13 14,0,64,,46905,28,0,42 43,0,31,,46906,28,0,42 43,0,75,,46907,28,0,42 43,0,29,,46908,28,0,13 14,0,71,,46909,28,0,42 43,0,25,,46910,28,0,13 14 49,0,60,,46911,28,0,42 43,0,21,,46912,28,0,13 14 49,0,16,,46913,28,0,13 14 49,0,60,,46914,28,0,13 14,0,19,,46915,28,0,42 43,0,28,,46916,28,0,13 14,0,76,,46917,28,0,42 43,0,109,,46918,28,0,42 43,0,96,,46919,28,0,13 14,0,103,,50777,28,0,13 14,0
7500,'5373',2350,,46989,28,0,13 14,0
7500,'5377',641,,46990,28,0,13 14,0,99,,46991,28,0,42 43,0,101,,46992,28,0,42 43,0,70,,47011,28,0,47 48,0,24,,46993,28,0,42 43,0,70,,47012,28,0,47 48,0,28,,46994,28,0,42 43,0,80,,47013,28,0,47 48,0,20,,46995,28,0,42 43,0,70,,46996,28,0,13 14,0,30,,46997,28,0,42 43,0,70,,46998,28,0,13 14,0,30,,46999,28,0,42 43,0,70,,47000,28,0,13 14,0,30,,47001,28,0,42 43,0,70,,47002,28,0,13 14,0,30,,47003,28,0,42 43,0,100,,47004,28,0,42 43,0,101,,47005,28,0,42 43,0,102,,47006,28,0,42 43,0,103,,47007,28,0,42 43,0,104,,47008,28,0,42 43,0,96,,47009,28,0,13 14,0,174,,47010,28,0,13 14,0
7500,'5381',2350,,46960,28,0,13 14,0
7500,'5383',647,,61529,28,0,13 14,0,94,,61530,28,0,42 43,0,98,,61531,28,0,42 43,0,70,,61551,28,0,47 48,0,25,,61528,28,0,42 43,0,68,,61552,28,0,47 48,0,30,,61532,28,0,42 43,0,71,,61553,28,0,47 48,0,30,,61533,28,0,42 43,0,70,,61534,28,0,13 14,0,30,,61535,28,0,42 43,0,69,,61536,28,0,13 14,0,31,,61537,28,0,42 43,0,24,,61538,28,0,13 14,0,76,,61539,28,0,42 43,0,70,,61540,28,0,13 14,0,30,,61541,28,0,42 43,0,71,,61542,28,0,13 14,0,30,,61543,28,0,42 43,0,25,,61554,28,0,47 48,0,75,,61544,28,0,42 43,0,70,,61555,28,0,47 48,0,32,,61545,28,0,42 43,0,101,,61546,28,0,42 43,0,102,,61547,28,0,42 43,0,98,,61548,28,0,13 14,0,106,,61549,28,0,13 14,0,101,,61550,28,0,13 14,0
7500,'5384',641,,61556,28,0,13 14,0,99,,61557,28,0,42 43,0,101,,61558,28,0,42 43,0,70,,61577,28,0,47 48,0,24,,61559,28,0,42 43,0,70,,61578,28,0,47 48,0,28,,61560,28,0,42 43,0,80,,61579,28,0,47 48,0,20,,61561,28,0,42 43,0,70,,61562,28,0,13 14,0,30,,61563,28,0,42 43,0,70,,61564,28,0,13 14,0,30,,61565,28,0,42 43,0,70,,61566,28,0,13 14,0,30,,61567,28,0,42 43,0,70,,61568,28,0,13 14,0,30,,61569,28,0,42 43,0,100,,61570,28,0,42 43,0,101,,61571,28,0,42 43,0,102,,61572,28,0,42 43,0,103,,61573,28,0,42 43,0,104,,61574,28,0,42 43,0,96,,61575,28,0,13 14,0,174,,61576,28,0,13 14,0
7500,'5385',532,,61581,28,0,42 43,0,18,,61582,28,0,13 14,0,58,,61583,28,0,13 14,0,19,,61584,28,0,13 14,0,17,,61580,28,0,13 14,0,58,,61585,28,0,13 14,0,15,,61586,28,0,42 43,0,17,,61587,28,0,13 14 49,0,19,,61588,28,0,13 14,0,62,,61589,28,0,13 14,0,22,,61590,28,0,42 43,0,66,,61591,28,0,13 14,0,27,,61592,28,0,42 43,0,74,,61593,28,0,13 14,0,27,,61594,28,0,42 43,0,70,,61595,28,0,13 14,0,29,,61596,28,0,42 43,0,70,,61597,28,0,13 14,0,30,,61598,28,0,42 43,0,70,,61599,28,0,13 14,0,29,,61600,28,0,42 43,0,30,,61601,28,0,13 14,0,64,,61602,28,0,42 43,0,31,,61603,28,0,42 43,0,75,,61604,28,0,42 43,0,29,,61605,28,0,13 14,0,71,,61606,28,0,42 43,0,25,,61607,28,0,13 14 49,0,60,,61608,28,0,42 43,0,21,,61609,28,0,13 14 49,0,16,,61610,28,0,13 14 49,0,60,,61611,28,0,13 14,0,19,,61612,28,0,42 43,0,28,,61613,28,0,13 14,0,76,,61614,28,0,42 43,0,109,,61615,28,0,42 43,0,96,,61616,28,0,13 14,0,103,,61617,28,0,13 14,0
7500,'5387',2350,,61618,28,0,13 14,0
7500,'5388',2350,,61619,28,0,13 14,0
