4700,'4737',629,,12091,19,,,0,19,,12090,19,,,0,63,,12089,19,,,0
4700,'4744',629,,12094,19,,,0,19,,12093,19,,,0,63,,12092,19,,,0
4700,'4947',629,,12097,19,,,0,19,,12096,19,,,0,63,,12095,19,,,0
4901,'4487',637,,12190,14,,,0,204,,12191,14,,,0,211,,12192,14,,,0,202,,12187,14,,,0,250,,12188,14,,,0,209,,12189,14,,,0,194,,12186,14,,,0
4901,'4737',638,,12197,14,,,0,109,,12195,14,,,0,99,,12198,14,,,0,172,,12194,14,,,0,200,,12196,14,,,0,126,,12199,14,,,0,185,,12201,14,,,0,104,,12200,14,,,0,93,,12193,14,,,0,106,,12202,14,,,0,194,,12203,14,,,0
4901,'4740',637,,12208,14,,,0,204,,12209,14,,,0,211,,12210,14,,,0,202,,12205,14,,,0,250,,12206,14,,,0,209,,12207,14,,,0,194,,12204,14,,,0
4901,'4744',638,,12215,14,,,0,109,,12213,14,,,0,99,,12216,14,,,0,172,,12212,14,,,0,200,,12214,14,,,0,126,,12217,14,,,0,185,,12219,14,,,0,104,,12218,14,,,0,93,,12211,14,,,0,106,,12220,14,,,0,194,,12221,14,,,0
4901,'4745',841,,12223,14,,,0,210,,12222,14,,,0,202,,12224,14,,,0,249,,12225,14,,,0,210,,12226,14,,,0,194,,12227,14,,,0
4901,'4947',638,,12232,14,,,0,109,,12230,14,,,0,99,,12233,14,,,0,172,,12229,14,,,0,200,,12231,14,,,0,126,,12234,14,,,0,185,,12236,14,,,0,104,,12235,14,,,0,93,,12228,14,,,0,106,,12237,14,,,0,194,,12238,14,,,0
4901,'4954',841,,12240,14,,,0,210,,12239,14,,,0,202,,12241,14,,,0,249,,12242,14,,,0,210,,12243,14,,,0,194,,12244,14,,,0
