5400,'4487',722,,27120,,,0,204,,27119,,,0,211,,27116,,,0,207,,27117,,,0,206,,27118,,,0,209,,27115,,,0,243,,27114,,,0
5400,'4743',722,,13519,,,0,204,,13518,,,0,211,,13515,,,0,207,,13516,,,0,206,,13517,,,0,209,,13514,,,0,243,,13513,,,0
5400,'4744',625,,27121,,,0,100,,27125,,,0,131,,27124,,,0,202,,27122,,,0,176,,27123,,,0,202,,27127,,,0,105,,27126,,,0,195,,27128,,,0,193,,27129,,,0,191,,27130,,,0
5400,'4745',721,,27131,,,0,203,,27133,,,0,212,,27134,,,0,207,,27135,,,0,205,,27132,,,0,210,,27136,,,0,243,,27137,,,0
5400,'4935',625,,7580,,,0,100,,7584,,,0,131,,7583,,,0,202,,7581,,,0,176,,7582,,,0,202,,7586,,,0,105,,7585,,,0,195,,7587,,,0,193,,7588,,,0,191,,7589,,,0
5400,'4941',625,,7590,,,0,100,,7594,,,0,131,,7593,,,0,202,,7591,,,0,176,,7592,,,0,202,,7596,,,0,105,,7595,,,0,195,,7597,,,0,193,,7598,,,0,191,,7599,,,0
5400,'4943',722,,7606,,,0,204,,7605,,,0,211,,7602,,,0,207,,7603,,,0,206,,7604,,,0,209,,7601,,,0,243,,7600,,,0
5400,'4945',721,,7607,,,0,203,,7609,,,0,212,,7610,,,0,207,,7611,,,0,205,,7608,,,0,210,,7612,,,0,243,,7613,,,0
5400,'4947',625,,27138,,,0,100,,27142,,,0,131,,27141,,,0,202,,27139,,,0,176,,27140,,,0,202,,27144,,,0,105,,27143,,,0,195,,27145,,,0,193,,27146,,,0,191,,27147,,,0
5400,'4952',625,,27148,,,0,100,,27152,,,0,131,,27151,,,0,202,,27149,,,0,176,,27150,,,0,202,,27154,,,0,105,,27153,,,0,195,,27155,,,0,193,,27156,,,0,191,,27157,,,0
5400,'4953',722,,27164,,,0,204,,27163,,,0,211,,27160,,,0,207,,27161,,,0,206,,27162,,,0,209,,27159,,,0,243,,27158,,,0
5400,'4954',721,,27165,,,0,203,,27167,,,0,212,,27168,,,0,207,,27169,,,0,205,,27166,,,0,210,,27170,,,0,243,,27171,,,0
