5700,'4487',725,,27353,,,0,99,,27341,,,0,105,,27344,,,0,100,,27339,,,0,105,,27342,,,0,110,,27347,,,0,100,,27343,,,0,110,,27348,,,0,101,,27351,,,0,149,,27352,,,0,50,,27350,,,0,155,,27346,,,0,100,,27345,,,0,99,,27340,,,0,113,,27349,,,0
5700,'4743',725,,13554,,,0,99,,13542,,,0,105,,13545,,,0,100,,13540,,,0,105,,13543,,,0,110,,13548,,,0,100,,13544,,,0,110,,13549,,,0,101,,13552,,,0,149,,13553,,,0,50,,13551,,,0,155,,13547,,,0,100,,13546,,,0,99,,13541,,,0,113,,13550,,,0
5700,'4744',551,,27354,,,0,88,,27358,,,0,83,,27364,,,0,88,,27356,,,0,47,,27355,,,0,84,,27357,,,0,85,,27359,,,0,85,,27360,,,0,45,,27362,,,0,86,,27361,,,0,85,,27363,,,0,89,,27365,,,0,98,,27374,,,0,32,,27366,,,0,84,,27367,,,0,88,,27369,,,0,84,,27368,,,0,50,,27370,,,0,100,,27371,,,0,156,,27372,,,0,110,,27373,,,0
5700,'4745',725,,27377,,,0,99,,27375,,,0,105,,27379,,,0,100,,27376,,,0,105,,27378,,,0,110,,27381,,,0,100,,27382,,,0,110,,27380,,,0,100,,27383,,,0,150,,27388,,,0,50,,27389,,,0,155,,27385,,,0,100,,27386,,,0,99,,27384,,,0,45,,27387,,,0
5700,'4935',551,,7712,,,0,88,,7716,,,0,83,,7722,,,0,88,,7714,,,0,47,,7713,,,0,84,,7715,,,0,85,,7717,,,0,85,,7718,,,0,45,,7720,,,0,86,,7719,,,0,85,,7721,,,0,89,,7723,,,0,98,,7732,,,0,32,,7724,,,0,84,,7725,,,0,88,,7727,,,0,84,,7726,,,0,50,,7728,,,0,100,,7729,,,0,156,,7730,,,0,110,,7731,,,0
5700,'4941',551,,7733,,,0,88,,7737,,,0,83,,7743,,,0,88,,7735,,,0,47,,7734,,,0,84,,7736,,,0,85,,7738,,,0,85,,7739,,,0,45,,7741,,,0,86,,7740,,,0,85,,7742,,,0,89,,7744,,,0,98,,7753,,,0,32,,7745,,,0,84,,7746,,,0,88,,7748,,,0,84,,7747,,,0,50,,7749,,,0,100,,7750,,,0,156,,7751,,,0,110,,7752,,,0
5700,'4943',725,,7768,,,0,99,,7756,,,0,105,,7759,,,0,100,,7754,,,0,105,,7757,,,0,110,,7762,,,0,100,,7758,,,0,110,,7763,,,0,101,,7766,,,0,149,,7767,,,0,50,,7765,,,0,155,,7761,,,0,100,,7760,,,0,99,,7755,,,0,113,,7764,,,0
5700,'4945',725,,7771,,,0,99,,7769,,,0,105,,7773,,,0,100,,7770,,,0,105,,7772,,,0,110,,7775,,,0,100,,7776,,,0,110,,7774,,,0,100,,7777,,,0,150,,7782,,,0,50,,7783,,,0,155,,7779,,,0,100,,7780,,,0,99,,7778,,,0,45,,7781,,,0
5700,'4947',551,,27390,,,0,88,,27394,,,0,83,,27400,,,0,88,,27392,,,0,47,,27391,,,0,84,,27393,,,0,85,,27395,,,0,85,,27396,,,0,45,,27398,,,0,86,,27397,,,0,85,,27399,,,0,89,,27401,,,0,98,,27410,,,0,32,,27402,,,0,84,,27403,,,0,88,,27405,,,0,84,,27404,,,0,50,,27406,,,0,100,,27407,,,0,156,,27408,,,0,110,,27409,,,0
5700,'4952',551,,27411,,,0,88,,27415,,,0,83,,27421,,,0,88,,27413,,,0,47,,27412,,,0,84,,27414,,,0,85,,27416,,,0,85,,27417,,,0,45,,27419,,,0,86,,27418,,,0,85,,27420,,,0,89,,27422,,,0,98,,27431,,,0,32,,27423,,,0,84,,27424,,,0,88,,27426,,,0,84,,27425,,,0,50,,27427,,,0,100,,27428,,,0,156,,27429,,,0,110,,27430,,,0
5700,'4953',725,,27446,,,0,99,,27434,,,0,105,,27437,,,0,100,,27432,,,0,105,,27435,,,0,110,,27440,,,0,100,,27436,,,0,110,,27441,,,0,101,,27444,,,0,149,,27445,,,0,50,,27443,,,0,155,,27439,,,0,100,,27438,,,0,99,,27433,,,0,113,,27442,,,0
5700,'4954',725,,27449,,,0,99,,27447,,,0,105,,27451,,,0,100,,27448,,,0,105,,27450,,,0,110,,27453,,,0,100,,27454,,,0,110,,27452,,,0,100,,27455,,,0,150,,27460,,,0,50,,27461,,,0,155,,27457,,,0,100,,27458,,,0,99,,27456,,,0,45,,27459,,,0
