4800,'4663',630,,59625,22,,,0,20,,59624,22,,,0,66,,59623,22,,,0
4800,'5372',630,,44674,22,,,0,20,,44673,22,,,0,66,,44672,22,,,0
4800,'5385',630,,59628,22,,,0,20,,59627,22,,,0,66,,59626,22,,,0
5401,'4332',734,,60105,14,,,0,201,,60102,14,,,0,211,,60103,14,,,0,205,,60104,14,,,0,251,,60101,14,,,0,209,,60100,14,,,0,224,,60099,14,,,0
5401,'4663',539,,60089,14,,,0,169,,60092,14,,,0,132,,60090,14,,,0,216,,60091,14,,,0,198,,60093,14,,,0,172,,60094,14,,,0,102,,60095,14,,,0,187,,60096,14,,,0,191,,60097,14,,,0,199,,60098,14,,,0
5401,'5078',734,,60108,14,,,0,201,,60109,14,,,0,211,,60106,14,,,0,205,,60107,14,,,0,250,,60110,14,,,0,210,,60112,14,,,0,224,,60111,14,,,0
5401,'5372',539,,50521,14,,,0,169,,45227,14,,,0,132,,45225,14,,,0,216,,45226,14,,,0,198,,50522,14,,,0,172,,51780,14,,,0,102,,45230,14,,,0,187,,45231,14,,,0,191,,45232,14,,,0,199,,45233,14,,,0
5401,'5385',539,,60113,14,,,0,169,,60116,14,,,0,132,,60114,14,,,0,216,,60115,14,,,0,198,,60117,14,,,0,172,,60118,14,,,0,102,,60119,14,,,0,187,,60120,14,,,0,191,,60121,14,,,0,199,,60122,14,,,0
6001,'4332',728,,60710,11,0,28 37 14,0,101,,60711,11,0,28 37 14,0,100,,60712,11,0,28 37 14,0,101,,60709,11,0,28 37 14,0,105,,60708,11,0,28 37 14,0,105,,60707,11,0,28 37 14,0,106,,60706,11,0,28 37 14,0,105,,60705,11,0,28 37 14,0,104,,60704,11,0,28 37 14,0,145,,60703,11,0,28 37 14,0,105,,60702,11,0,28 37 14,0,105,,60701,11,0,28 37 14,0,104,,60700,11,0,28 37 14,0,107,,60699,11,0,28 37 14,0
6001,'4663',718,,60685,11,0,28 37 14,0,38,,60683,11,0,28 37 14,0,72,,60684,11,0,28 37 14,0,80,,60682,11,0,28 37 14,0,92,,60681,11,0,28 37 14,0,101,,60686,11,0,28 37 14,0,101,,60687,11,0,28 37 14,0,103,,60688,11,0,28 37 14,0,111,,60689,11,0,28 37 14,0,97,,60690,11,0,28 37 14,0,91,,60691,11,0,28 37 14,0,44,,60692,11,0,28 37 14,0,81,,60697,11,0,28 37 14,0,85,,60694,11,0,28 37 14,0,100,,60693,11,0,28 37 14,0,99,,60695,11,0,28 37 14,0,110,,60696,11,0,28 37 14,0,107,,60698,11,0,28 37 14,0
6001,'5078',829,,60714,11,0,28 37 14,0,100,,60715,11,0,28 37 14,0,101,,60716,11,0,28 37 14,0,105,,60713,11,0,28 37 14,0,105,,60719,11,0,28 37 14,0,105,,60720,11,0,28 37 14,0,106,,60718,11,0,28 37 14,0,105,,60717,11,0,28 37 14,0,145,,60722,11,0,28 37 14,0,104,,60723,11,0,28 37 14,0,105,,60721,11,0,28 37 14,0,105,,60725,11,0,28 37 14,0,106,,60724,11,0,28 37 14,0
6001,'5372',718,,45935,11,0,28 37 14,0,38,,45933,11,0,28 37 14,0,72,,45934,11,0,28 37 14,0,80,,45932,11,0,28 37 14,0,92,,45931,11,0,28 37 14,0,101,,45936,11,0,28 37 14,0,101,,45937,11,0,28 37 14,0,103,,45938,11,0,28 37 14,0,111,,45939,11,0,28 37 14,0,97,,45940,11,0,28 37 14,0,91,,45941,11,0,28 37 14,0,44,,45942,11,0,28 37 14,0,81,,45947,11,0,28 37 14,0,85,,45944,11,0,28 37 14,0,100,,45943,11,0,28 37 14,0,99,,45945,11,0,28 37 14,0,110,,45946,11,0,28 37 14,0,107,,45948,11,0,28 37 14,0
6001,'5385',718,,60730,11,0,28 37 14,0,38,,60728,11,0,28 37 14,0,72,,60729,11,0,28 37 14,0,80,,60727,11,0,28 37 14,0,92,,60726,11,0,28 37 14,0,101,,60731,11,0,28 37 14,0,101,,60732,11,0,28 37 14,0,103,,60733,11,0,28 37 14,0,111,,60734,11,0,28 37 14,0,97,,60735,11,0,28 37 14,0,91,,60736,11,0,28 37 14,0,44,,60737,11,0,28 37 14,0,81,,60742,11,0,28 37 14,0,85,,60739,11,0,28 37 14,0,100,,60738,11,0,28 37 14,0,99,,60740,11,0,28 37 14,0,110,,60741,11,0,28 37 14,0,107,,60743,11,0,28 37 14,0
