3101,'4487',701,,25094,,,0,46,,25095,,,0,76,,25096,,,0,31,,25097,,,0,71,,25098,,,0,32,,25099,,,0,69,,25100,,,0,30,,25101,,,0,69,,25102,,,0,30,,25103,,,0,69,,25104,,,0,28,,25105,,,0,70,,25106,,,0,30,,25107,,,0,70,,25108,,,0,30,,25109,,,0,70,,25110,,,0,31,,25111,,,0,70,,25112,,,0,30,,25113,,,0,71,,25114,,,0,30,,25115,,,0,80,,25116,,,0,83,,25117,,,0,40,,25118,,,0,87,,25119,,,0,100,,25120,,,0,101,,25121,,,0,110,,25122,,,0,98,,25123,0,27,0
3101,'4743',701,,13289,,,0,46,,13290,,,0,76,,13291,,,0,31,,13292,,,0,71,,13293,,,0,32,,13294,,,0,69,,13295,,,0,30,,13296,,,0,69,,13297,,,0,30,,13298,,,0,69,,13299,,,0,28,,13300,,,0,70,,13301,,,0,30,,13302,,,0,70,,13303,,,0,30,,13304,,,0,70,,13305,,,0,31,,13306,,,0,70,,13307,,,0,30,,13308,,,0,71,,13309,,,0,30,,13310,,,0,80,,13311,,,0,83,,13312,,,0,40,,13313,,,0,87,,13314,,,0,100,,13315,,,0,101,,13316,,,0,110,,13317,,,0,98,,13318,0,27,0
3101,'4744',552,,25125,,,0,76,,25126,,,0,31,,25127,,,0,69,,25128,,,0,29,,25124,,,0,70,,25129,,,0,30,,25130,,,0,70,,25131,,,0,29,,25132,,,0,70,,25133,,,0,29,,25134,,,0,72,,25135,,,0,31,,25136,,,0,71,,25137,,,0,30,,25138,,,0,71,,25139,,,0,71,,25140,,,0,29,,25141,,,0,71,,25142,,,0,33,,25143,,,0,71,,25144,,,0,35,,25145,,,0,75,,25146,,,0,29,,25147,,,0,69,,25148,,,0,30,,25149,,,0,82,,25150,,,0,34,,25151,,,0,87,,25152,,,0,100,,25153,,,0,100,,25154,,,0,101,,25155,,,0,106,,25156,0,27,0
3101,'4745',711,,25158,,,0,101,,25159,,,0,91,,25160,,,0,39,,25161,,,0,78,,25157,,,0,35,,25162,,,0,70,,25163,,,0,30,,25164,,,0,68,,25165,,,0,30,,25166,,,0,70,,25167,,,0,30,,25168,,,0,70,,25169,,,0,30,,25170,,,0,70,,25171,,,0,30,,25172,,,0,70,,25173,,,0,31,,25174,,,0,71,,25175,,,0,33,,25176,,,0,80,,25177,,,0,81,,25178,,,0,81,,25179,,,0,48,,25180,,,0,98,,25181,,,0,100,,25182,,,0,106,,25183,,,0
3101,'4935',552,,6365,,,0,76,,6366,,,0,31,,6367,,,0,69,,6368,,,0,29,,6364,,,0,70,,6369,,,0,30,,6370,,,0,70,,6371,,,0,29,,13319,,,0,70,,6373,,,0,29,,6374,,,0,72,,6375,,,0,31,,6376,,,0,71,,6377,,,0,30,,6378,,,0,71,,6379,,,0,71,,6380,,,0,29,,6381,,,0,71,,6382,,,0,33,,6383,,,0,71,,6384,,,0,35,,6385,,,0,75,,6386,,,0,29,,6387,,,0,69,,6388,,,0,30,,6389,,,0,82,,6390,,,0,34,,6391,,,0,87,,6392,,,0,100,,6393,,,0,100,,6394,,,0,101,,6395,,,0,106,,6396,0,27,0
3101,'4941',552,,6398,,,0,76,,6399,,,0,31,,6400,,,0,69,,6401,,,0,29,,6397,,,0,70,,6402,,,0,30,,6403,,,0,70,,6404,,,0,29,,13320,,,0,70,,6406,,,0,29,,6407,,,0,72,,6408,,,0,31,,6409,,,0,71,,6410,,,0,30,,6411,,,0,71,,6412,,,0,71,,6413,,,0,29,,6414,,,0,71,,6415,,,0,33,,6416,,,0,71,,6417,,,0,35,,6418,,,0,75,,6419,,,0,29,,6420,,,0,69,,6421,,,0,30,,6422,,,0,82,,6423,,,0,34,,6424,,,0,87,,6425,,,0,100,,6426,,,0,100,,6427,,,0,101,,6428,,,0,106,,6429,0,27,0
3101,'4943',701,,6430,,,0,46,,6431,,,0,76,,6432,,,0,31,,6433,,,0,71,,6434,,,0,32,,6435,,,0,69,,6436,,,0,30,,13321,,,0,69,,6438,,,0,30,,6439,,,0,69,,6440,,,0,28,,6441,,,0,70,,6442,,,0,30,,6443,,,0,70,,6444,,,0,30,,6445,,,0,70,,6446,,,0,31,,6447,,,0,70,,6448,,,0,30,,6449,,,0,71,,6450,,,0,30,,6451,,,0,80,,6452,,,0,83,,6453,,,0,40,,6454,,,0,87,,6455,,,0,100,,6456,,,0,101,,6457,,,0,110,,6458,,,0,98,,6459,0,27,0
3101,'4945',711,,6461,,,0,101,,6462,,,0,91,,6463,,,0,39,,13322,,,0,78,,6460,,,0,35,,13323,,,0,70,,6466,,,0,30,,6467,,,0,68,,6468,,,0,30,,6469,,,0,70,,6470,,,0,30,,6471,,,0,70,,13324,,,0,30,,6473,,,0,70,,6474,,,0,30,,6475,,,0,70,,6476,,,0,31,,6477,,,0,71,,13325,,,0,33,,13326,,,0,80,,6480,,,0,81,,6481,,,0,81,,6482,,,0,48,,13327,,,0,98,,13328,,,0,100,,6485,,,0,106,,6486,,,0
3101,'4947',552,,25185,,,0,76,,25186,,,0,31,,25187,,,0,69,,25188,,,0,29,,25184,,,0,70,,25189,,,0,30,,25190,,,0,70,,25191,,,0,29,,25192,,,0,70,,25193,,,0,29,,25194,,,0,72,,25195,,,0,31,,25196,,,0,71,,25197,,,0,30,,25198,,,0,71,,25199,,,0,71,,25200,,,0,29,,25201,,,0,71,,25202,,,0,33,,25203,,,0,71,,25204,,,0,35,,25205,,,0,75,,25206,,,0,29,,25207,,,0,69,,25208,,,0,30,,25209,,,0,82,,25210,,,0,34,,25211,,,0,87,,25212,,,0,100,,25213,,,0,100,,25214,,,0,101,,25215,,,0,106,,25216,0,27,0
3101,'4952',552,,25218,,,0,76,,25219,,,0,31,,25220,,,0,69,,25221,,,0,29,,25217,,,0,70,,25222,,,0,30,,25223,,,0,70,,25224,,,0,29,,25225,,,0,70,,25226,,,0,29,,25227,,,0,72,,25228,,,0,31,,25229,,,0,71,,25230,,,0,30,,25231,,,0,71,,25232,,,0,71,,25233,,,0,29,,25234,,,0,71,,25235,,,0,33,,25236,,,0,71,,25237,,,0,35,,25238,,,0,75,,25239,,,0,29,,25240,,,0,69,,25241,,,0,30,,25242,,,0,82,,25243,,,0,34,,25244,,,0,87,,25245,,,0,100,,25246,,,0,100,,25247,,,0,101,,25248,,,0,106,,25249,0,27,0
3101,'4953',701,,25250,,,0,46,,25251,,,0,76,,25252,,,0,31,,25253,,,0,71,,25254,,,0,32,,25255,,,0,69,,25256,,,0,30,,25257,,,0,69,,25258,,,0,30,,25259,,,0,69,,25260,,,0,28,,25261,,,0,70,,25262,,,0,30,,25263,,,0,70,,25264,,,0,30,,25265,,,0,70,,25266,,,0,31,,25267,,,0,70,,25268,,,0,30,,25269,,,0,71,,25270,,,0,30,,25271,,,0,80,,25272,,,0,83,,25273,,,0,40,,25274,,,0,87,,25275,,,0,100,,25276,,,0,101,,25277,,,0,110,,25278,,,0,98,,25279,0,27,0
3101,'4954',711,,25281,,,0,101,,25282,,,0,91,,25283,,,0,39,,25284,,,0,78,,25280,,,0,35,,25285,,,0,70,,25286,,,0,30,,25287,,,0,68,,25288,,,0,30,,25289,,,0,70,,25290,,,0,30,,25291,,,0,70,,25292,,,0,30,,25293,,,0,70,,25294,,,0,30,,25295,,,0,70,,25296,,,0,31,,25297,,,0,71,,25298,,,0,33,,25299,,,0,80,,25300,,,0,81,,25301,,,0,81,,25302,,,0,48,,25303,,,0,98,,25304,,,0,100,,25305,,,0,106,,25306,,,0
