401,'4858',608,,797,,,0,18,,808,,,0,21,,818,,,0,55,,782,,,0,15,,799,,,0,15,,789,,,0,15,,800,,,0,55,,783,,,0,15,,786,,,0,14,,798,,,0,13,,835,,,0,14,,802,,,0,52,,836,,,0,13,,809,,,0,15,,817,,,0,14,,796,,,0,53,,837,,,0,13,,801,,,0,13,,820,,,0,13,,769,,,0,13,,829,,,0,54,,804,,,0,13,,795,,,0,12,,812,,,0,14,,810,,,0,53,,774,,,0,14,,832,,,0,13,,825,,,0,15,,806,,,0,55,,766,,,0,13,,821,,,0,14,,830,,,0,14,,803,,,0,12,,805,,,0,53,,839,,,0,13,,807,,,0,14,,813,,,0,14,,793,,,0,57,,791,,,0,9,,833,,,0,9,,823,,,0,16,,790,,,0,17,,787,,,0,48,,827,,,0,10,,792,,,0,15,,831,,,0,7,,834,,,0,11,,838,,,0,59,,811,,,0,15,,816,,,0,15,,788,,,0,12,,822,,,0,55,,819,,,0,16,,794,,,0,15,,824,,,0,15,,828,,,0,55,,826,,,0,15,,815,,,0,15,,814,,,0,15,,773,,,0,55,,767,,,0,16,,772,,,0,18,,775,,,0,17,,778,,,0,55,,779,,,0,16,,771,,,0,18,,770,,,0,60,,776,,,0,20,,781,,,0,23,,768,,,0,64,,777,,,0,29,,780,,,0,69,,784,,,0,31,,785,,,0
401,'4867',608,,875,,,0,18,,886,,,0,21,,896,,,0,55,,856,,,0,15,,877,,,0,15,,867,,,0,15,,878,,,0,55,,858,,,0,15,,862,,,0,14,,876,,,0,13,,913,,,0,14,,880,,,0,52,,914,,,0,13,,887,,,0,15,,895,,,0,14,,874,,,0,53,,915,,,0,13,,879,,,0,13,,898,,,0,13,,843,,,0,13,,907,,,0,54,,882,,,0,13,,873,,,0,12,,890,,,0,14,,888,,,0,53,,848,,,0,14,,910,,,0,13,,903,,,0,15,,884,,,0,55,,840,,,0,13,,899,,,0,14,,908,,,0,14,,881,,,0,12,,883,,,0,53,,917,,,0,13,,885,,,0,14,,891,,,0,14,,871,,,0,57,,869,,,0,9,,911,,,0,9,,901,,,0,16,,868,,,0,17,,865,,,0,48,,905,,,0,10,,870,,,0,15,,909,,,0,7,,912,,,0,11,,916,,,0,59,,889,,,0,15,,894,,,0,15,,866,,,0,12,,900,,,0,55,,897,,,0,16,,872,,,0,15,,902,,,0,15,,906,,,0,55,,904,,,0,15,,893,,,0,15,,892,,,0,15,,847,,,0,55,,841,,,0,16,,846,,,0,18,,849,,,0,17,,852,,,0,55,,853,,,0,16,,845,,,0,18,,844,,,0,60,,850,,,0,20,,855,,,0,23,,842,,,0,64,,851,,,0,29,,854,,,0,69,,859,,,0,31,,860,,,0,70,,861,,,0,30,,863,,,0,70,,857,,,0,30,,864,,,0
401,'4868',719,,952,,,0,20,,961,,,0,20,,934,,,0,58,,944,,,0,17,,954,,,0,16,,924,,,0,56,,942,,,0,16,,943,,,0,16,,957,,,0,16,,918,,,0,55,,930,,,0,15,,932,,,0,15,,981,,,0,15,,946,,,0,55,,959,,,0,16,,919,,,0,15,,928,,,0,15,,940,,,0,55,,951,,,0,15,,956,,,0,15,,920,,,0,16,,929,,,0,56,,935,,,0,15,,953,,,0,16,,960,,,0,16,,933,,,0,55,,925,,,0,16,,936,,,0,16,,949,,,0,56,,955,,,0,16,,921,,,0,16,,927,,,0,15,,922,,,0,56,,945,,,0,16,,958,,,0,16,,938,,,0,16,,926,,,0,56,,923,,,0,16,,948,,,0,15,,950,,,0,17,,931,,,0,58,,937,,,0,18,,939,,,0,18,,947,,,0,58,,941,,,0,18,,963,,,0,18,,962,,,0,58,,964,,,0,17,,968,,,0,18,,969,,,0,18,,971,,,0,58,,972,,,0,18,,970,,,0,18,,974,,,0,65,,978,,,0,23,,973,,,0,70,,976,,,0,31,,975,,,0,70,,979,,,0,30,,977,,,0,69,,980,,,0,30,,967,,,0,71,,966,,,0,30,,965,,,0
401,'4869',740,,982,,,0,70,,983,,,0,32,,984,,,0,70,,985,,,0,28,,986,,,0,70,,987,,,0,20,,988,,,0,20,,989,,,0,60,,990,,,0,19,,991,,,0,20,,992,,,0,60,,993,,,0,20,,994,,,0,20,,995,,,0,60,,996,,,0,20,,997,,,0,20,,998,,,0,58,,1026,,,0,18,,999,,,0,16,,1000,,,0,16,,1001,,,0,56,,1002,,,0,16,,1028,,,0,16,,1003,,,0,56,,1004,,,0,16,,1005,,,0,17,,1006,,,0,16,,1027,,,0,56,,1007,,,0,17,,1008,,,0,17,,1009,,,0,18,,1010,,,0,58,,1011,,,0,17,,1012,,,0,18,,1013,,,0,58,,1014,,,0,18,,1015,,,0,18,,1029,,,0,58,,1016,,,0,20,,1017,,,0,20,,1018,,,0,64,,1019,,,0,31,,1020,,,0,72,,1021,,,0,29,,1022,,,0,70,,1023,,,0,30,,1024,,,0
701,'4858',607,,1785,,,0,29,,1791,,,0,23,,1786,,,0,55,,1806,,,0,16,,1795,,,0,9,,1824,,,0,6,,1811,,,0,10,,1823,,,0,47,,1794,,,0,10,,1825,,,0,8,,1792,,,0,16,,1790,,,0,17,,1797,,,0,55,,1805,,,0,20,,1793,,,0,20,,1796,,,0,60,,1817,,,0,19,,1788,,,0,20,,1789,,,0,60,,1799,,,0,21,,1801,,,0,20,,1787,,,0,60,,1798,,,0,25,,1809,,,0,20,,1803,,,0,60,,1804,,,0,21,,1808,,,0,19,,1802,,,0,61,,1800,,,0,22,,1807,,,0,22,,1828,,,0,60,,1816,,,0,18,,1813,,,0,14,,1812,,,0,64,,1830,,,0,19,,1810,,,0,16,,1831,,,0,75,,1814,,,0,17,,1829,,,0,59,,1815,,,0,19,,1819,,,0,18,,1821,,,0,70,,1820,,,0,30,,1818,,,0,70,,1822,,,0,30,,1826,,,0,70,,1827,,,0
701,'4860',1710,,1832,,,0
701,'4865',1710,,1833,,,0
701,'4867',607,,1834,,,0,29,,1840,,,0,23,,1835,,,0,55,,1855,,,0,16,,1844,,,0,9,,1874,,,0,6,,1860,,,0,10,,1873,,,0,47,,1843,,,0,10,,1875,,,0,8,,1841,,,0,16,,1839,,,0,17,,1846,,,0,55,,1854,,,0,20,,1842,,,0,20,,1845,,,0,60,,1867,,,0,19,,1837,,,0,20,,1838,,,0,60,,1848,,,0,21,,1850,,,0,20,,1836,,,0,60,,1847,,,0,25,,1858,,,0,20,,1852,,,0,60,,1853,,,0,21,,1857,,,0,19,,1851,,,0,61,,1849,,,0,22,,1856,,,0,22,,1878,,,0,60,,1866,,,0,18,,1863,,,0,14,,1861,,,0,64,,1880,,,0,19,,1859,,,0,16,,1881,,,0,61,,1862,,,0,14,,1864,,,0,17,,1879,,,0,59,,1865,,,0,19,,1869,,,0,18,,1871,,,0,70,,1870,,,0,30,,1868,,,0,70,,1872,,,0,30,,1876,,,0,70,,1877,,,0
701,'4868',657,,1909,,,0,70,,1893,,,0,32,,1902,,,0,71,,1886,,,0,70,,1910,,,0,29,,1894,,,0,71,,1903,,,0,27,,1882,,,0,29,,1884,,,0,69,,1904,,,0,31,,1890,,,0,69,,1897,,,0,28,,1883,,,0,70,,1885,,,0,30,,1905,,,0,70,,1889,,,0,30,,1898,,,0,71,,1887,,,0,30,,1888,,,0,73,,1906,,,0,30,,1891,,,0,69,,1900,,,0,31,,1892,,,0,70,,1895,,,0,30,,1907,,,0,70,,1896,,,0,76,,1901,,,0,36,,1899,,,0,68,,1908,,,0
701,'4869',705,,1923,,,0,40,,1912,,,0,80,,1924,,,0,76,,1925,,,0,25,,1911,,,0,29,,1913,,,0,71,,1926,,,0,29,,1914,,,0,70,,1929,,,0,29,,1915,,,0,70,,1916,,,0,30,,1928,,,0,68,,1927,,,0,30,,1930,,,0,70,,1931,,,0,29,,1918,,,0,71,,1919,,,0,32,,1921,,,0,72,,1920,,,0,29,,1917,,,0,71,,1922,,,0,30,,1932,,,0,72,,1933,,,0,75,,1934,,,0,34,,1936,,,0,69,,1935,,,0
2701,'4858',547,,5419,,,0,82,,5418,,,0,27,,5424,,,0,63,,5431,,,0,29,,5449,,,0,68,,5425,,,0,25,,5459,,,0,67,,5460,,,0,19,,5438,,,0,24,,5473,,,0,62,,5458,,,0,24,,5432,,,0,67,,5421,,,0,27,,5420,,,0,28,,5422,,,0,67,,5423,,,0,27,,5437,,,0,67,,5457,,,0,26,,5426,,,0,66,,5427,,,0,27,,5430,,,0,65,,5428,,,0,29,,5429,,,0,18,,5474,,,0,53,,5472,,,0,16,,5450,,,0,32,,5466,,,0,72,,5468,,,0,29,,5451,,,0,68,,5443,,,0,12,,5441,,,0,13,,5469,,,0,13,,5444,,,0,55,,5445,,,0,15,,5446,,,0,20,,5447,,,0,63,,5448,,,0,26,,5453,,,0,68,,5454,,,0,29,,5455,,,0,67,,5456,,,0,29,,5452,,,0,28,,5462,,,0,75,,5465,,,0,79,,5463,,,0,35,,5464,,,0
2701,'4867',547,,5476,,,0,82,,5475,,,0,27,,5481,,,0,63,,5488,,,0,29,,5506,,,0,68,,5482,,,0,25,,5516,,,0,67,,5517,,,0,19,,5495,,,0,24,,5534,,,0,62,,5515,,,0,24,,5489,,,0,67,,5478,,,0,27,,5477,,,0,28,,5479,,,0,67,,5480,,,0,27,,5494,,,0,67,,5514,,,0,26,,5483,,,0,66,,5484,,,0,24,,5523,,,0,3,,5487,,,0,65,,5485,,,0,29,,5486,,,0,87,,5507,,,0,32,,5524,,,0,72,,5526,,,0,29,,5508,,,0,68,,5500,,,0,12,,5498,,,0,13,,5527,,,0,13,,5501,,,0,55,,5502,,,0,15,,5503,,,0,20,,5504,,,0,63,,5505,,,0,26,,5510,,,0,68,,5511,,,0,29,,5512,,,0,67,,5513,,,0,29,,5509,,,0,28,,5519,,,0,75,,5522,,,0,79,,5520,,,0,35,,5521,,,0,82,,5531,,,0,80,,5532,,,0
2701,'4868',651,,5535,,,0,76,,5536,,,0,31,,5537,,,0,71,,5538,,,0,29,,5539,,,0,69,,5540,,,0,28,,5541,,,0,67,,5542,,,0,27,,5543,,,0,67,,5544,,,0,22,,5545,,,0,63,,5546,,,0,23,,5547,,,0,22,,5548,,,0,63,,5549,,,0,23,,5550,,,0,23,,5551,,,0,63,,5552,,,0,23,,5553,,,0,62,,5554,,,0,21,,5555,,,0,20,,5556,,,0,61,,5557,,,0,20,,5558,,,0,21,,5559,,,0,60,,5560,,,0,19,,5561,,,0,19,,5562,,,0,60,,5563,,,0,20,,5564,,,0,20,,5565,,,0,60,,5566,,,0,19,,5567,,,0,20,,5568,,,0,65,,5569,,,0,27,,5570,,,0,69,,5571,,,0,30,,5572,,,0,68,,5573,,,0,30,,5574,,,0,71,,5575,,,0,30,,5576,,,0,70,,5577,,,0,30,,5578,,,0,68,,5579,,,0,27,,5580,,,0,28,,5581,,,0,70,,5582,,,0
2701,'4869',720,,5585,,,0,81,,5586,,,0,30,,5587,,,0,69,,5588,,,0,33,,5589,,,0,72,,5590,,,0,29,,5591,,,0,69,,5592,,,0,27,,5593,,,0,27,,5594,,,0,65,,5595,,,0,25,,5596,,,0,63,,5597,,,0,24,,5598,,,0,22,,5599,,,0,64,,5600,,,0,23,,5601,,,0,63,,5602,,,0,23,,5603,,,0,23,,5604,,,0,63,,5605,,,0,23,,5606,,,0,21,,5607,,,0,63,,5608,,,0,23,,5609,,,0,62,,5610,,,0,22,,5611,,,0,22,,5612,,,0,64,,5613,,,0,25,,5614,,,0,65,,5615,,,0,28,,5616,,,0,69,,5617,,,0,30,,5618,,,0,70,,5619,,,0,35,,5620,,,0,79,,5621,,,0,39,,5622,,,0
2801,'4858',614,,5810,,,0,30,,5815,,,0,63,,5811,,,0,22,,5813,,,0,13,,5814,,,0,14,,5833,,,0,53,,5812,,,0,13,,5846,,,0,12,,5816,,,0,13,,5829,,,0,12,,5818,,,0,58,,5817,,,0,22,,5820,,,0,63,,5856,,,0,23,,5819,,,0,25,,5821,,,0,68,,5834,,,0,26,,5844,,,0,68,,5825,,,0,27,,5822,,,0,67,,5823,,,0,27,,5824,,,0,26,,5827,,,0,65,,5832,,,0,27,,5845,,,0,66,,5828,,,0,31,,5826,,,0,56,,5852,,,0,32,,5830,,,0,72,,5831,,,0,20,,5857,,,0,10,,5853,,,0,70,,5847,,,0,131,,5837,,,0,61,,5836,,,0,25,,5838,,,0,27,,5839,,,0,68,,5840,,,0,28,,5841,,,0,68,,5842,,,0,29,,5843,,,0,70,,5849,,,0,38,,5850,,,0,75,,5848,,,0,80,,5851,,,0
2801,'4867',614,,5858,,,0,30,,5863,,,0,63,,5859,,,0,22,,5861,,,0,13,,5862,,,0,14,,5881,,,0,53,,5860,,,0,13,,5894,,,0,12,,5864,,,0,13,,5877,,,0,12,,5866,,,0,58,,5865,,,0,22,,5868,,,0,63,,5907,,,0,23,,5867,,,0,25,,5869,,,0,68,,5882,,,0,26,,5892,,,0,68,,5873,,,0,27,,5870,,,0,67,,5871,,,0,27,,5872,,,0,26,,5875,,,0,65,,5880,,,0,27,,5893,,,0,66,,5876,,,0,31,,5874,,,0,56,,5900,,,0,32,,5878,,,0,72,,5879,,,0,30,,5901,,,0,70,,5895,,,0,131,,5885,,,0,61,,5884,,,0,25,,5886,,,0,27,,5887,,,0,68,,5888,,,0,28,,5889,,,0,68,,5890,,,0,29,,5891,,,0,70,,5897,,,0,38,,5898,,,0,75,,5896,,,0,80,,5899,,,0,42,,5904,,,0
2801,'4868',711,,5909,,,0,32,,5910,,,0,72,,5911,,,0,28,,5912,,,0,69,,5913,,,0,29,,5914,,,0,67,,5915,,,0,27,,5916,,,0,68,,5908,,,0,24,,5917,,,0,22,,5918,,,0,63,,5919,,,0,23,,5920,,,0,23,,5921,,,0,63,,5922,,,0,22,,5923,,,0,63,,5924,,,0,24,,5925,,,0,22,,5926,,,0,61,,5927,,,0,21,,5928,,,0,21,,5929,,,0,60,,5930,,,0,21,,5931,,,0,20,,5932,,,0,60,,5933,,,0,18,,5934,,,0,20,,5935,,,0,60,,5936,,,0,20,,5937,,,0,20,,5938,,,0,59,,5939,,,0,20,,5940,,,0,23,,5941,,,0,66,,5942,,,0,28,,5943,,,0,69,,5944,,,0,30,,5945,,,0,68,,5946,,,0,30,,5947,,,0,71,,5948,,,0,30,,5949,,,0,70,,5950,,,0,29,,5951,,,0,68,,5952,,,0,27,,5953,,,0,69,,5954,,,0
2801,'4869',650,,5958,,,0,96,,5959,,,0,70,,5960,,,0,30,,5961,,,0,69,,5957,,,0,34,,5962,,,0,71,,5963,,,0,29,,5964,,,0,67,,5965,,,0,27,,5966,,,0,66,,5967,,,0,25,,5968,,,0,24,,5969,,,0,64,,5970,,,0,23,,5971,,,0,63,,5972,,,0,23,,5973,,,0,23,,5974,,,0,63,,5975,,,0,23,,5976,,,0,63,,5977,,,0,23,,5978,,,0,22,,5979,,,0,62,,5980,,,0,23,,5981,,,0,23,,5982,,,0,62,,5983,,,0,22,,5984,,,0,63,,5985,,,0,25,,5986,,,0,25,,5987,,,0,66,,5988,,,0,28,,5989,,,0,70,,5990,,,0,30,,5991,,,0,70,,5992,,,0,40,,5993,,,0,78,,5994,,,0,83,,5995,,,0
14000701,'4858',2135,,10605,,,0,72,,10606,,,0,29,,10607,,,0,70,,10608,,,0,37,,10609,,,0,68,,10610,,,0
14000701,'4867',2135,,10611,,,0,72,,10612,,,0,29,,10613,,,0,70,,10614,,,0,37,,10615,,,0,68,,10616,,,0
14000701,'4868',2136,,10617,,,0,72,,10618,,,0,30,,10620,,,0,70,,10619,,,0,36,,10621,,,0,67,,10622,,,0
14000701,'4869',2036,,10623,,,0,70,,10625,,,0,40,,10624,,,0,62,,10626,,,0,100,,10627,,,0,103,,10628,,,0
24002701,'4858',734,,10655,0,5,0,67,,10656,0,5,0,25,,10658,0,5,0,25,,10657,0,5,0
24002701,'4867',734,,10659,0,5,0,67,,10660,0,5,0,25,,10662,0,5,0,25,,10661,0,5,0
