1100,'4332',713,,54954,14,,,0,35,,54938,14,,,0,76,,54924,14,,,0,30,,54928,14,,,0,70,,54955,14,,,0,30,,54946,14,,,0,65,,54933,14,,,0,25,,54925,14,,,0,65,,54931,14,,,0,28,,54943,14,,,0,65,,54927,14,,,0,25,,54941,14,,,0,24,,54935,14,,,0,64,,54926,14,,,0,25,,54929,14,,,0,65,,54942,14,,,0,25,,54934,14,,,0,25,,54945,14,,,0,67,,54937,14,,,0,25,,54932,14,,,0,65,,54936,14,,,0,24,,54953,14,,,0,64,,54930,14,,,0,24,,54944,14,,,0,25,,54956,14,,,0,65,,54947,14,,,0,25,,54939,14,,,0,64,,54940,14,,,0,25,,54949,14,,,0,25,,54951,14,,,0,65,,54948,14,,,0,30,,54950,14,,,0,70,,54952,14,,,0,35,,54957,14,,,0,75,,54958,14,,,0,30,,54959,14,,,0,70,,54960,14,,,0,80,,54961,14,,,0
1100,'4663',556,,54907,14,,,0,70,,54890,14,,,0,21,,54919,14,,,0,57,,54896,14,,,0,18,,54916,14,,,0,18,,54899,14,,,0,15,,54879,14,,,0,55,,54905,14,,,0,18,,54882,14,,,0,18,,54900,14,,,0,61,,54920,14,,,0,25,,54895,14,,,0,26,,54917,14,,,0,65,,54880,14,,,0,25,,54908,14,,,0,65,,54898,14,,,0,24,,54922,14,,,0,65,,54897,14,,,0,25,,54913,14,,,0,25,,54881,14,,,0,67,,54909,14,,,0,24,,54894,14,,,0,58,,54875,14,,,0,17,,54921,14,,,0,17,,54892,14,,,0,18,,54874,14,,,0,57,,54915,14,,,0,21,,54883,14,,,0,19,,54885,14,,,0,59,,54906,14,,,0,19,,54891,14,,,0,18,,54878,14,,,0,57,,54923,14,,,0,18,,54893,14,,,0,17,,54884,14,,,0,18,,54918,14,,,0,55,,54877,14,,,0,18,,54876,14,,,0,19,,54901,14,,,0,65,,54888,14,,,0,30,,54889,14,,,0,75,,54911,14,,,0,30,,54886,14,,,0,75,,54887,14,,,0,31,,54902,14,,,0,74,,54910,14,,,0,30,,54904,14,,,0,71,,54903,14,,,0,83,,54912,14,,,0
1100,'5078',728,,54963,14,,,0,80,,54962,14,,,0,40,,54965,14,,,0,70,,54964,14,,,0,31,,54967,14,,,0,75,,54966,14,,,0,35,,54971,14,,,0,71,,54969,14,,,0,70,,54968,14,,,0,30,,54970,14,,,0,70,,54974,14,,,0,30,,54975,14,,,0,70,,54973,14,,,0,30,,54972,14,,,0,70,,54978,14,,,0,30,,54977,14,,,0,70,,54976,14,,,0,30,,54980,14,,,0,29,,54981,14,,,0,70,,54979,14,,,0,29,,54982,14,,,0,70,,54983,14,,,0,30,,54985,14,,,0,85,,54984,14,,,0,85,,54986,14,,,0,85,,54987,14,,,0,40,,54988,14,,,0,85,,54989,14,,,0,85,,54990,14,,,0
1100,'5372',556,,39103,14,,,0,70,,39086,14,,,0,21,,39115,14,,,0,57,,39092,14,,,0,18,,39112,14,,,0,18,,39095,14,,,0,15,,39075,14,,,0,55,,39101,14,,,0,18,,39078,14,,,0,18,,39096,14,,,0,61,,39116,14,,,0,25,,49046,14,,,0,26,,39113,14,,,0,65,,39076,14,,,0,25,,39104,14,,,0,65,,39094,14,,,0,24,,39118,14,,,0,65,,39093,14,,,0,25,,39109,14,,,0,25,,39077,14,,,0,67,,39105,14,,,0,24,,39090,14,,,0,58,,39071,14,,,0,17,,39117,14,,,0,17,,39088,14,,,0,18,,39070,14,,,0,57,,39111,14,,,0,21,,39079,14,,,0,19,,39081,14,,,0,59,,39102,14,,,0,19,,39087,14,,,0,18,,39074,14,,,0,57,,39119,14,,,0,18,,39089,14,,,0,17,,39080,14,,,0,18,,39114,14,,,0,55,,39073,14,,,0,18,,39072,14,,,0,19,,39097,14,,,0,65,,39084,14,,,0,30,,39085,14,,,0,75,,39107,14,,,0,30,,39082,14,,,0,75,,39083,14,,,0,31,,39098,14,,,0,74,,39106,14,,,0,30,,39100,14,,,0,71,,39099,14,,,0,83,,39108,14,,,0
1100,'5385',556,,55024,14,,,0,70,,55007,14,,,0,21,,55036,14,,,0,57,,55013,14,,,0,18,,55033,14,,,0,18,,55016,14,,,0,15,,54996,14,,,0,55,,55022,14,,,0,18,,54999,14,,,0,18,,55017,14,,,0,61,,55037,14,,,0,25,,55012,14,,,0,26,,55034,14,,,0,65,,54997,14,,,0,25,,55025,14,,,0,65,,55015,14,,,0,24,,55039,14,,,0,65,,55014,14,,,0,25,,55030,14,,,0,25,,54998,14,,,0,67,,55026,14,,,0,24,,55011,14,,,0,58,,54992,14,,,0,17,,55038,14,,,0,17,,55009,14,,,0,18,,54991,14,,,0,57,,55032,14,,,0,21,,55000,14,,,0,19,,55002,14,,,0,59,,55023,14,,,0,19,,55008,14,,,0,18,,54995,14,,,0,57,,55040,14,,,0,18,,55010,14,,,0,17,,55001,14,,,0,18,,55035,14,,,0,55,,54994,14,,,0,18,,54993,14,,,0,19,,55018,14,,,0,65,,55005,14,,,0,30,,55006,14,,,0,75,,55028,14,,,0,30,,55003,14,,,0,75,,55004,14,,,0,31,,55019,14,,,0,74,,55027,14,,,0,30,,55021,14,,,0,71,,55020,14,,,0,83,,55029,14,,,0
2501,'4332',757,,57155,62,,,0,101,,57152,62,,,0,147,,57154,62,,,0,103,,57153,62,,,0,99,,57161,62,,,0,95,,57158,62,,,0,100,,57157,62,,,0,99,,57156,62,,,0,100,,57159,62,,,0,101,,57160,62,,,0,117,,57162,62,,,0,127,,57163,62,,,0,165,,57164,62,,,0,129,,57165,62,,,0,169,,57166,62,,,0
2501,'4663',655,,57137,62,,,0,81,,57140,62,,,0,120,,57133,62,,,0,150,,57143,62,,,0,101,,57139,62,,,0,101,,57136,62,,,0,100,,57135,62,,,0,100,,57138,62,,,0,118,,57142,62,,,0,94,,57141,62,,,0,92,,57144,62,,,0,37,,57145,62,,,0,83,,57146,62,,,0,82,,57147,62,,,0,92,,57148,62,,,0,103,,57149,62,,,0,130,,57150,62,,,0,169,,57151,62,,,0
2501,'5078',914,,57168,62,,,0,132,,57167,62,,,0,170,,57169,62,,,0,131,,57170,62,,,0,172,,57171,62,,,0,131,,57172,62,,,0,166,,57173,62,,,0,129,,57174,62,,,0,169,,57175,62,,,0,124,,57176,62,,,0,169,,57177,62,,,0
2501,'5372',655,,41782,62,,,0,81,,41785,62,,,0,120,,41778,62,,,0,150,,41788,62,,,0,101,,41784,62,,,0,101,,41781,62,,,0,100,,41780,62,,,0,100,,41783,62,,,0,118,,41787,62,,,0,94,,41786,62,,,0,129,,41789,62,,,0,83,,41790,62,,,0,82,,41791,62,,,0,92,,41792,62,,,0,103,,41793,62,,,0,130,,41794,62,,,0,169,,41795,62,,,0
2501,'5373',1712,,41831,62,,,0
2501,'5385',655,,57182,62,,,0,81,,57185,62,,,0,120,,57178,62,,,0,150,,57188,62,,,0,101,,57184,62,,,0,101,,57181,62,,,0,100,,57180,62,,,0,100,,57183,62,,,0,118,,57187,62,,,0,94,,57186,62,,,0,129,,57189,62,,,0,83,,57190,62,,,0,82,,57191,62,,,0,92,,57192,62,,,0,103,,57193,62,,,0,130,,57194,62,,,0,169,,57195,62,,,0
2501,'5387',1712,,57196,62,,,0
2501,'5388',1712,,57197,62,,,0
