5500,'4332',809,,45291,12,,,0,201,,45287,12,,,0,212,,45288,12,,,0,205,,45289,12,,,0,211,,45290,12,,,0,209,,45286,12,,,0,264,,50524,12,,,0
5500,'4661',614,,50530,12,,,0,130,,45267,12,,,0,175,,45266,12,,,0,214,,45268,12,,,0,198,,50531,12,,,0,278,,45271,12,,,0,143,,45272,12,,,0,190,,45273,12,,,0,198,,45274,12,,,0
5500,'4663',614,,50525,12,,,0,130,,45277,12,,,0,175,,45276,12,,,0,214,,45278,12,,,0,198,,50526,12,,,0,173,,51781,12,,,0,105,,45281,12,,,0,143,,45282,12,,,0,190,,45283,12,,,0,198,,45284,12,,,0
5500,'5078',808,,45292,12,,,0,201,,45295,12,,,0,213,,45294,12,,,0,205,,45293,12,,,0,210,,45297,12,,,0,209,,50529,12,,,0,264,,50528,12,,,0
5500,'5079',808,,45299,12,,,0,201,,45302,12,,,0,213,,45301,12,,,0,205,,45300,12,,,0,210,,45304,12,,,0,209,,45305,12,,,0,264,,45303,12,,,0
5500,'5214',1504,,50532,12,,,0
5500,'5217',1504,,51782,12,,,0
6400,'4661',730,,46306,38,,,0,1087,,46310,54,,,0
6400,'4663',730,,46313,38,,,0,507,,51836,69,,,0,580,,46317,54,,,0
6400,'5214',1237,,50765,69,,,0
6400,'5217',1237,,51838,69,,,0
