401,'4332',709,,53548,19,,,0,20,,53557,19,,,0,20,,53530,19,,,0,58,,53540,19,,,0,17,,53550,19,,,0,16,,53520,19,,,0,16,,53538,19,,,0,56,,53539,19,,,0,15,,53553,19,,,0,16,,53514,19,,,0,15,,53526,19,,,0,55,,53528,19,,,0,15,,53577,19,,,0,15,,53542,19,,,0,15,,53555,19,,,0,56,,53515,19,,,0,15,,53524,19,,,0,15,,53536,19,,,0,15,,53547,19,,,0,55,,53552,19,,,0,15,,53516,19,,,0,16,,53525,19,,,0,55,,53531,19,,,0,15,,53549,19,,,0,16,,53556,19,,,0,16,,53529,19,,,0,55,,53521,19,,,0,16,,53532,19,,,0,16,,53545,19,,,0,16,,53551,19,,,0,56,,53517,19,,,0,16,,53523,19,,,0,15,,53518,19,,,0,16,,53541,19,,,0,56,,53554,19,,,0,17,,53534,19,,,0,16,,53522,19,,,0,16,,53519,19,,,0,56,,53544,19,,,0,15,,53546,19,,,0,17,,53527,19,,,0,58,,53533,19,,,0,18,,53535,19,,,0,18,,53543,19,,,0,18,,53537,19,,,0,58,,53559,19,,,0,18,,53558,19,,,0,18,,53560,19,,,0,58,,53564,19,,,0,18,,53565,19,,,0,18,,53567,19,,,0,58,,53568,19,,,0,18,,53566,19,,,0,18,,53570,19,,,0,65,,53574,19,,,0,23,,53569,19,,,0,30,,53572,19,,,0,71,,53571,19,,,0,71,,53575,19,,,0,31,,53573,19,,,0,69,,53576,19,,,0,30,,53563,19,,,0,71,,53562,19,,,0,30,,53561,19,,,0
401,'4663',600,,53474,19,,,0,17,,53483,19,,,0,20,,53492,19,,,0,15,,53455,19,,,0,55,,53476,19,,,0,14,,53466,19,,,0,15,,53477,19,,,0,15,,53457,19,,,0,54,,53461,19,,,0,16,,53475,19,,,0,15,,53506,19,,,0,14,,53479,19,,,0,54,,53507,19,,,0,16,,53491,19,,,0,15,,53473,19,,,0,15,,53508,19,,,0,55,,53478,19,,,0,15,,53494,19,,,0,15,,53442,19,,,0,14,,53502,19,,,0,55,,53472,19,,,0,15,,53486,19,,,0,17,,53484,19,,,0,15,,53447,19,,,0,55,,53505,19,,,0,15,,53499,19,,,0,15,,53481,19,,,0,15,,53439,19,,,0,53,,53495,19,,,0,15,,53503,19,,,0,16,,53480,19,,,0,15,,53510,19,,,0,55,,53482,19,,,0,14,,53487,19,,,0,15,,53470,19,,,0,12,,53468,19,,,0,55,,53497,19,,,0,16,,53467,19,,,0,16,,53464,19,,,0,15,,53469,19,,,0,56,,53504,19,,,0,15,,53509,19,,,0,14,,53511,19,,,0,15,,53485,19,,,0,55,,53490,19,,,0,12,,53465,19,,,0,15,,53496,19,,,0,16,,53493,19,,,0,55,,53471,19,,,0,15,,53498,19,,,0,15,,53501,19,,,0,16,,53500,19,,,0,56,,53489,19,,,0,15,,53488,19,,,0,15,,53446,19,,,0,15,,53440,19,,,0,56,,53445,19,,,0,18,,53448,19,,,0,17,,53451,19,,,0,16,,53452,19,,,0,57,,53444,19,,,0,20,,53443,19,,,0,20,,53449,19,,,0,60,,53454,19,,,0,25,,53441,19,,,0,64,,53450,19,,,0,29,,53453,19,,,0,70,,53458,19,,,0,31,,53459,19,,,0,70,,53460,19,,,0,31,,53462,19,,,0,70,,53456,19,,,0,30,,53463,19,,,0
401,'5078',731,,53578,19,,,0,70,,53579,19,,,0,32,,53580,19,,,0,69,,53581,19,,,0,28,,53582,19,,,0,70,,53583,19,,,0,20,,53584,19,,,0,19,,53585,19,,,0,20,,53586,19,,,0,59,,53587,19,,,0,20,,53588,19,,,0,20,,53589,19,,,0,60,,53590,19,,,0,20,,53591,19,,,0,19,,53592,19,,,0,60,,53593,19,,,0,20,,53594,19,,,0,18,,53622,19,,,0,58,,53595,19,,,0,16,,53596,19,,,0,16,,53597,19,,,0,56,,53598,19,,,0,17,,53624,19,,,0,16,,53599,19,,,0,16,,53600,19,,,0,56,,53601,19,,,0,17,,53602,19,,,0,16,,53623,19,,,0,16,,53603,19,,,0,57,,53604,19,,,0,17,,53605,19,,,0,18,,53606,19,,,0,59,,53607,19,,,0,17,,53608,19,,,0,18,,53609,19,,,0,18,,53610,19,,,0,58,,53611,19,,,0,19,,53625,19,,,0,18,,53612,19,,,0,60,,53613,19,,,0,20,,53614,19,,,0,24,,53615,19,,,0,71,,53616,19,,,0,72,,53617,19,,,0,29,,53618,19,,,0,72,,53619,19,,,0,31,,53620,19,,,0,68,,53621,19,0,23 49,0
401,'5372',600,,37387,19,,,0,17,,37396,19,,,0,20,,37405,19,,,0,15,,37372,19,,,0,55,,37389,19,,,0,14,,37379,19,,,0,15,,37390,19,,,0,15,,37373,19,,,0,54,,37376,19,,,0,16,,37388,19,,,0,15,,37419,19,,,0,14,,37392,19,,,0,54,,37420,19,,,0,16,,37404,19,,,0,15,,37386,19,,,0,15,,37421,19,,,0,55,,37391,19,,,0,15,,37407,19,,,0,15,,37360,19,,,0,14,,37415,19,,,0,55,,37385,19,,,0,15,,37399,19,,,0,17,,37397,19,,,0,15,,37365,19,,,0,55,,37418,19,,,0,15,,37412,19,,,0,15,,37394,19,,,0,15,,37357,19,,,0,53,,37408,19,,,0,15,,37416,19,,,0,16,,37393,19,,,0,15,,37423,19,,,0,55,,37395,19,,,0,14,,37400,19,,,0,15,,37383,19,,,0,12,,37381,19,,,0,55,,37410,19,,,0,16,,37380,19,,,0,16,,37377,19,,,0,15,,37382,19,,,0,56,,37417,19,,,0,15,,37422,19,,,0,14,,37424,19,,,0,15,,37398,19,,,0,55,,37403,19,,,0,12,,37378,19,,,0,15,,37409,19,,,0,16,,37406,19,,,0,55,,37384,19,,,0,15,,37411,19,,,0,15,,37414,19,,,0,16,,37413,19,,,0,56,,37402,19,,,0,15,,37401,19,,,0,15,,37364,19,,,0,15,,37358,19,,,0,56,,37363,19,,,0,18,,37366,19,,,0,17,,37369,19,,,0,16,,37370,19,,,0,57,,37362,19,,,0,20,,37361,19,,,0,20,,37367,19,,,0,85,,37359,19,,,0,64,,37368,19,,,0,29,,37371,19,,,0,70,,37374,19,,,0,31,,37375,19,,,0
401,'5373',2212,,53512,19,,,0
401,'5385',600,,53656,19,,,0,17,,53665,19,,,0,20,,53674,19,,,0,15,,53641,19,,,0,55,,53658,19,,,0,14,,53648,19,,,0,15,,53659,19,,,0,15,,53642,19,,,0,54,,53645,19,,,0,16,,53657,19,,,0,15,,53688,19,,,0,14,,53661,19,,,0,54,,53689,19,,,0,16,,53673,19,,,0,15,,53655,19,,,0,15,,53690,19,,,0,55,,53660,19,,,0,15,,53676,19,,,0,15,,53629,19,,,0,14,,53684,19,,,0,55,,53654,19,,,0,15,,53668,19,,,0,17,,53666,19,,,0,15,,53634,19,,,0,55,,53687,19,,,0,15,,53681,19,,,0,15,,53663,19,,,0,15,,53626,19,,,0,53,,53677,19,,,0,15,,53685,19,,,0,16,,53662,19,,,0,15,,53692,19,,,0,55,,53664,19,,,0,14,,53669,19,,,0,15,,53652,19,,,0,12,,53650,19,,,0,55,,53679,19,,,0,16,,53649,19,,,0,16,,53646,19,,,0,15,,53651,19,,,0,56,,53686,19,,,0,15,,53691,19,,,0,14,,53693,19,,,0,15,,53667,19,,,0,55,,53672,19,,,0,12,,53647,19,,,0,15,,53678,19,,,0,16,,53675,19,,,0,55,,53653,19,,,0,15,,53680,19,,,0,15,,53683,19,,,0,16,,53682,19,,,0,56,,53671,19,,,0,15,,53670,19,,,0,15,,53633,19,,,0,15,,53627,19,,,0,56,,53632,19,,,0,18,,53635,19,,,0,17,,53638,19,,,0,16,,53639,19,,,0,57,,53631,19,,,0,20,,53630,19,,,0,20,,53636,19,,,0,85,,53628,19,,,0,64,,53637,19,,,0,29,,53640,19,,,0,70,,53643,19,,,0,31,,53644,19,,,0
401,'5387',2212,,53694,19,,,0
401,'5388',2212,,53695,19,,,0
901,'4663',1515,,54734,19,0,24 49,0,186,,54735,19,,,0,41,,54733,19,,,0
901,'5372',1515,,38903,19,0,24 49,0,186,,38904,19,,,0,41,,38902,19,,,0
901,'5385',1515,,54737,19,0,24 49,0,186,,54738,19,,,0,41,,54736,19,,,0
