5400,'4332',703,,60071,3,,,0,204,,60070,3,,,0,211,,60067,3,,,0,207,,60068,3,,,0,206,,60069,3,,,0,209,,60066,3,,,0,203,,60065,3,,,0
5400,'4663',606,,60055,3,,,0,99,,60059,3,,,0,130,,60058,3,,,0,204,,60056,3,,,0,176,,60057,3,,,0,201,,60061,3,,,0,105,,60060,3,,,0,196,,60062,3,,,0,193,,60063,3,,,0,192,,60064,3,,,0
5400,'5078',703,,60072,3,,,0,202,,60074,3,,,0,212,,60075,3,,,0,207,,60076,3,,,0,205,,60073,3,,,0,210,,60077,3,,,0,203,,60078,3,,,0
5400,'5372',606,,45183,3,,,0,99,,45187,3,,,0,130,,45186,3,,,0,204,,45184,3,,,0,176,,45185,3,,,0,201,,50513,3,,,0,105,,50512,3,,,0,196,,50514,3,,,0,193,,45191,3,,,0,192,,45192,3,,,0
5400,'5385',606,,60079,3,,,0,99,,60083,3,,,0,130,,60082,3,,,0,204,,60080,3,,,0,176,,60081,3,,,0,201,,60085,3,,,0,105,,60084,3,,,0,196,,60086,3,,,0,193,,60087,3,,,0,192,,60088,3,,,0
5500,'4332',802,,60139,3,,,0,201,,60135,3,,,0,212,,60136,3,,,0,205,,60137,3,,,0,211,,60138,3,,,0,209,,60134,3,,,0,264,,60133,3,,,0
5500,'4663',607,,60123,3,,,0,130,,60125,3,,,0,175,,60124,3,,,0,214,,60126,3,,,0,198,,60127,3,,,0,133,,60128,3,,,0,145,,60129,3,,,0,143,,60130,3,,,0,190,,60131,3,,,0,198,,60132,3,,,0
5500,'5078',801,,60140,3,,,0,201,,60143,3,,,0,213,,60142,3,,,0,205,,60141,3,,,0,210,,60145,3,,,0,209,,60146,3,,,0,264,,60144,3,,,0
5500,'5372',607,,50530,3,,,0,130,,45267,3,,,0,175,,45266,3,,,0,214,,45268,3,,,0,198,,50531,3,,,0,133,,51782,3,,,0,145,,45271,3,,,0,143,,45272,3,,,0,190,,45273,3,,,0,198,,45274,3,,,0
5500,'5385',607,,60147,3,,,0,130,,60149,3,,,0,175,,60148,3,,,0,214,,60150,3,,,0,198,,60151,3,,,0,133,,60152,3,,,0,145,,60153,3,,,0,143,,60154,3,,,0,190,,60155,3,,,0,198,,60156,3,,,0
