2401,'4623',521,,69300,38,,,0,91,,69303,38,,,0,92,,69319,38,,,0,46,,69305,38,,,0,73,,69304,38,,,0,97,,69301,38,,,0,105,,69302,38,,,0,100,,69306,38,,,0,102,,69307,38,,,0,99,,69308,38,,,0,113,,69309,38,,,0,101,,69310,38,,,0,91,,69313,38,,,0,89,,69311,38,,,0,35,,69312,38,,,0,89,,69315,38,,,0,84,,69316,38,,,0,103,,69314,38,,,0,114,,69317,38,,,0,169,,69318,38,,,0,119,,69320,38,,,0
2401,'4833',711,,69327,38,,,0,108,,69326,38,,,0,105,,69328,38,,,0,100,,69324,38,,,0,103,,69321,38,,,0,98,,69322,38,,,0,95,,69323,38,,,0,101,,69330,38,,,0,98,,69325,38,,,0,102,,69329,38,,,0,104,,69331,38,,,0,127,,69332,38,,,0,164,,69333,38,,,0,130,,69334,38,,,0,170,,69335,38,,,0,118,,69336,38,,,0
2401,'5015',711,,69343,38,,,0,108,,69342,38,,,0,105,,69344,38,,,0,100,,69340,38,,,0,103,,69337,38,,,0,98,,69338,38,,,0,95,,69339,38,,,0,101,,69346,38,,,0,98,,69341,38,,,0,102,,69345,38,,,0,104,,69347,38,,,0,127,,69348,38,,,0,164,,69349,38,,,0,130,,69350,38,,,0,170,,69351,38,,,0,118,,69352,38,,,0
2401,'5078',818,,57034,38,,,0,130,,57035,38,,,0,174,,57036,38,,,0,127,,57037,38,,,0,172,,57038,38,,,0,132,,57039,38,,,0,169,,57040,38,,,0,128,,57041,38,,,0,169,,57042,38,,,0,125,,57043,38,,,0,168,,57044,38,,,0
2401,'5222',521,,69353,38,,,0,91,,69356,38,,,0,92,,69372,38,,,0,46,,69358,38,,,0,73,,69357,38,,,0,97,,69354,38,,,0,105,,69355,38,,,0,100,,69359,38,,,0,102,,69360,38,,,0,99,,69361,38,,,0,113,,69362,38,,,0,101,,69363,38,,,0,91,,69366,38,,,0,89,,69364,38,,,0,35,,69365,38,,,0,89,,69368,38,,,0,84,,69369,38,,,0,103,,69367,38,,,0,114,,69370,38,,,0,169,,69371,38,,,0,119,,69373,38,,,0
2401,'5365',818,,69374,38,,,0,130,,69375,38,,,0,174,,69376,38,,,0,127,,69377,38,,,0,172,,69378,38,,,0,132,,69379,38,,,0,169,,69380,38,,,0,128,,69381,38,,,0,169,,69382,38,,,0,125,,69383,38,,,0,168,,69384,38,,,0
2401,'5390',818,,69385,38,,,0,130,,69386,38,,,0,174,,69387,38,,,0,127,,69388,38,,,0,172,,69389,38,,,0,132,,69390,38,,,0,169,,69391,38,,,0,128,,69392,38,,,0,169,,69393,38,,,0,125,,69394,38,,,0,168,,69395,38,,,0
2501,'4623',650,,69488,55,,,0,80,,69489,55,,,0,79,,69506,55,0,53 54,0,40,,69493,55,,,0,151,,69491,55,,,0,103,,69490,55,,,0,100,,69492,55,,,0,98,,69495,55,,,0,100,,69496,55,,,0,112,,69494,55,,,0,94,,69497,55,,,0,98,,69502,55,,,0,38,,69498,55,,,0,83,,69499,55,,,0,83,,69500,55,,,0,92,,69501,55,,,0,103,,69503,55,,,0,131,,69504,55,,,0,168,,69505,55,,,0
2501,'4833',752,,69510,55,,,0,101,,69507,55,,,0,106,,69509,55,,,0,143,,69508,55,,,0,99,,69516,55,,,0,55,,69513,55,,,0,100,,69512,55,,,0,99,,69511,55,,,0,100,,69514,55,,,0,101,,69515,55,,,0,158,,69517,55,,,0,127,,69518,55,,,0,165,,69519,55,,,0,129,,69520,55,,,0,169,,69521,55,,,0
2501,'5015',752,,69525,55,,,0,101,,69522,55,,,0,106,,69524,55,,,0,143,,69523,55,,,0,99,,69531,55,,,0,55,,69528,55,,,0,100,,69527,55,,,0,99,,69526,55,,,0,100,,69529,55,,,0,101,,69530,55,,,0,158,,69532,55,,,0,127,,69533,55,,,0,165,,69534,55,,,0,129,,69535,55,,,0,169,,69536,55,,,0
2501,'5078',908,,57168,55,,,0,132,,57167,55,,,0,170,,57169,55,,,0,131,,57170,55,,,0,172,,57171,55,,,0,131,,57172,55,,,0,167,,57173,55,,,0,129,,57174,55,,,0,169,,57175,55,,,0,124,,57176,55,,,0,169,,57177,55,,,0
2501,'5222',650,,69537,55,,,0,80,,69538,55,,,0,79,,69555,55,0,53 54,0,40,,69542,55,,,0,151,,69540,55,,,0,103,,69539,55,,,0,100,,69541,55,,,0,98,,69544,55,,,0,100,,69545,55,,,0,112,,69543,55,,,0,94,,69546,55,,,0,98,,69551,55,,,0,38,,69547,55,,,0,83,,69548,55,,,0,83,,69549,55,,,0,92,,69550,55,,,0,103,,69552,55,,,0,131,,69553,55,,,0,168,,69554,55,,,0
2501,'5365',908,,69557,55,,,0,132,,69556,55,,,0,170,,69558,55,,,0,131,,69559,55,,,0,172,,69560,55,,,0,131,,69561,55,,,0,167,,69562,55,,,0,129,,69563,55,,,0,169,,69564,55,,,0,124,,69565,55,,,0,169,,69566,55,,,0
2501,'5390',908,,69568,55,,,0,132,,69567,55,,,0,170,,69569,55,,,0,131,,69570,55,,,0,172,,69571,55,,,0,131,,69572,55,,,0,167,,69573,55,,,0,129,,69574,55,,,0,169,,69575,55,,,0,124,,69576,55,,,0,169,,69577,55,,,0
4000,'4623',634,,72607,7,,,0,84,,72598,7,,,0,22,,72603,7,,,0,67,,72608,7,,,0,112,,72596,7,,,0,99,,72605,7,,,0,100,,72599,7,,,0,100,,72606,7,,,0,100,,72597,7,,,0,97,,72609,7,,,0,99,,72601,7,,,0,38,,72594,7,,,0,74,,72610,7,,,0,29,,72595,7,,,0,74,,72600,7,,,0,98,,72611,7,,,0,100,,72602,7,,,0,130,,72604,7,,,0,385,,72612,7,,,0
4000,'4833',714,,72622,7,,,0,130,,72623,7,,,0,100,,72613,7,,,0,100,,72616,7,,,0,100,,72618,7,,,0,101,,72624,7,,,0,100,,72614,7,,,0,100,,72615,7,,,0,100,,72619,7,,,0,100,,72625,7,,,0,100,,72617,7,,,0,99,,72621,7,,,0,100,,72620,7,,,0,95,,72626,7,,,0
4000,'5015',714,,72636,7,,,0,130,,72637,7,,,0,100,,72627,7,,,0,100,,72630,7,,,0,100,,72632,7,,,0,101,,72638,7,,,0,100,,72628,7,,,0,100,,72629,7,,,0,100,,72633,7,,,0,100,,72639,7,,,0,100,,72631,7,,,0,99,,72635,7,,,0,100,,72634,7,,,0,95,,72640,7,,,0
4000,'5078',809,,59457,7,,,0,135,,59456,7,,,0,100,,59458,7,,,0,100,,59459,7,,,0,101,,59460,7,,,0,100,,59461,7,,,0,100,,59464,7,,,0,100,,59463,7,,,0,100,,59462,7,,,0,100,,59465,7,,,0,99,,59466,7,,,0,100,,59467,7,,,0
4000,'5222',634,,72654,7,,,0,84,,72645,7,,,0,22,,72650,7,,,0,67,,72655,7,,,0,112,,72643,7,,,0,99,,72652,7,,,0,100,,72646,7,,,0,100,,72653,7,,,0,100,,72644,7,,,0,97,,72656,7,,,0,99,,72648,7,,,0,38,,72641,7,,,0,74,,72657,7,,,0,29,,72642,7,,,0,74,,72647,7,,,0,98,,72658,7,,,0,100,,72649,7,,,0,130,,72651,7,,,0,385,,72659,7,,,0
4000,'5365',809,,72661,7,,,0,135,,72660,7,,,0,100,,72662,7,,,0,100,,72663,7,,,0,101,,72664,7,,,0,100,,72665,7,,,0,100,,72668,7,,,0,100,,72667,7,,,0,100,,72666,7,,,0,100,,72669,7,,,0,99,,72670,7,,,0,100,,72671,7,,,0
4000,'5390',809,,72673,7,,,0,135,,72672,7,,,0,100,,72674,7,,,0,100,,72675,7,,,0,101,,72676,7,,,0,100,,72677,7,,,0,100,,72680,7,,,0,100,,72679,7,,,0,100,,72678,7,,,0,100,,72681,7,,,0,99,,72682,7,,,0,100,,72683,7,,,0
4601,'4623',658,,72822,7,,,0,146,,72812,7,,,0,127,,72814,7,,,0,94,,72813,7,,,0,380,,72815,7,,,0,118,,72817,7,,,0,32,,72816,7,,,0,77,,72820,7,,,0,90,,72818,7,,,0,27,,72819,7,,,0,89,,72821,7,,,0
4601,'5222',658,,72833,7,,,0,146,,72823,7,,,0,127,,72825,7,,,0,94,,72824,7,,,0,380,,72826,7,,,0,118,,72828,7,,,0,32,,72827,7,,,0,77,,72831,7,,,0,90,,72829,7,,,0,27,,72830,7,,,0,89,,72832,7,,,0
