2401,'4487',708,,25888,32,,,0,108,,25887,32,,,0,105,,25889,32,,,0,100,,25885,32,,,0,102,,25882,32,,,0,98,,25883,32,,,0,95,,25884,32,,,0,101,,25891,32,,,0,98,,25886,32,,,0,102,,25890,32,,,0,104,,25892,32,,,0,127,,25893,32,,,0,164,,25894,32,,,0,130,,25895,32,,,0,170,,25896,32,,,0,119,,25897,32,,,0
2401,'4737',518,,25909,32,,,0,92,,25905,32,,,0,90,,25898,32,,,0,45,,25901,32,,,0,74,,25906,32,,,0,97,,25903,32,,,0,105,,25900,32,,,0,100,,25899,32,,,0,101,,25908,32,,,0,100,,25904,32,,,0,112,,25902,32,,,0,98,,25907,32,,,0,92,,25910,32,,,0,91,,25912,32,,,0,35,,25911,32,,,0,89,,25913,32,,,0,85,,25914,32,,,0,102,,25915,32,,,0,115,,25916,32,,,0,169,,25917,32,,,0,120,,25918,32,,,0
2401,'4744',518,,25930,32,,,0,92,,25926,32,,,0,90,,25919,32,,,0,45,,25922,32,,,0,74,,25927,32,,,0,97,,25924,32,,,0,105,,25921,32,,,0,100,,25920,32,,,0,101,,25929,32,,,0,100,,25925,32,,,0,112,,25923,32,,,0,98,,25928,32,,,0,92,,25931,32,,,0,91,,25933,32,,,0,35,,25932,32,,,0,89,,25934,32,,,0,85,,25935,32,,,0,102,,25936,32,,,0,115,,25937,32,,,0,169,,25938,32,,,0,120,,25939,32,,,0
2401,'4745',815,,25940,32,,,0,130,,25941,32,,,0,173,,25942,32,,,0,127,,25943,32,,,0,172,,25944,32,,,0,132,,25945,32,,,0,169,,25946,32,,,0,128,,25947,32,,,0,169,,25948,32,,,0,125,,25949,32,,,0,169,,25950,32,,,0
2401,'5066',518,,25962,32,,,0,92,,25958,32,,,0,90,,25951,32,,,0,45,,25954,32,,,0,74,,25959,32,,,0,97,,25956,32,,,0,105,,25953,32,,,0,100,,25952,32,,,0,101,,25961,32,,,0,100,,25957,32,,,0,112,,25955,32,,,0,98,,25960,32,,,0,92,,25963,32,,,0,91,,25965,32,,,0,35,,25964,32,,,0,89,,25966,32,,,0,85,,25967,32,,,0,102,,25968,32,,,0,115,,25969,32,,,0,169,,25970,32,,,0,120,,25971,32,,,0
2401,'5070',708,,25978,32,,,0,108,,25977,32,,,0,105,,25979,32,,,0,100,,25975,32,,,0,102,,25972,32,,,0,98,,25973,32,,,0,95,,25974,32,,,0,101,,25981,32,,,0,98,,25976,32,,,0,102,,25980,32,,,0,104,,25982,32,,,0,127,,25983,32,,,0,164,,25984,32,,,0,130,,25985,32,,,0,170,,25986,32,,,0,119,,25987,32,,,0
2401,'5072',815,,25988,32,,,0,130,,25989,32,,,0,173,,25990,32,,,0,127,,25991,32,,,0,172,,25992,32,,,0,132,,25993,32,,,0,169,,25994,32,,,0,128,,25995,32,,,0,169,,25996,32,,,0,125,,25997,32,,,0,169,,25998,32,,,0
2600,'4487',635,,26223,9,,,0,70,,26224,9,,,0,30,,26225,9,,,0,18,,26226,9,,,0,57,,26227,9,,,0,17,,26228,9,,,0,17,,26229,9,,,0,57,,26230,9,,,0,17,,26231,9,,,0,17,,26232,9,,,0,17,,26233,9,,,0,57,,26234,9,,,0,17,,26235,9,,,0,17,,26236,9,,,0,58,,26237,9,,,0,17,,26222,9,,,0,18,,26238,9,,,0,19,,26239,9,,,0,57,,26240,9,,,0,17,,26241,9,,,0,17,,26242,9,,,0,57,,26243,9,,,0,17,,26244,9,,,0,17,,26245,9,,,0,18,,26246,9,,,0,56,,26247,9,,,0,16,,26248,9,,,0,17,,26249,9,,,0,57,,26250,9,,,0,17,,26251,9,,,0,17,,26252,9,,,0,17,,26253,9,,,0,56,,26254,9,,,0,15,,26255,9,,,0,15,,26256,9,,,0,16,,26257,9,,,0,56,,26258,9,,,0,17,,26259,9,,,0,16,,26260,9,,,0,57,,26261,9,,,0,17,,26262,9,,,0,20,,26263,9,,,0,19,,26264,9,,,0,60,,26265,9,,,0,20,,26266,9,,,0,20,,26267,9,,,0,60,,26268,9,,,0,20,,26269,9,,,0,20,,26270,9,,,0,60,,26271,9,,,0,25,,26272,9,,,0,70,,26273,9,,,0,30,,26274,9,,,0,72,,26275,9,,,0,30,,26276,9,,,0,70,,26277,9,,,0,31,,26278,9,,,0
2600,'4737',550,,26296,9,,,0,68,,26279,9,,,0,22,,26280,9,,,0,18,,26291,9,,,0,51,,26292,9,,,0,15,,26284,9,,,0,5,,26298,9,,,0,7,,26290,9,,,0,7,,26355,9,,,0,8,,26288,9,,,0,56,,26294,9,,,0,16,,26287,9,,,0,15,,26297,9,,,0,17,,26281,9,,,0,56,,26282,9,,,0,16,,26300,9,,,0,16,,26301,9,,,0,57,,26285,9,,,0,16,,26302,9,,,0,13,,26313,9,,,0,15,,26303,9,,,0,15,,26304,9,,,0,57,,26308,9,,,0,14,,26327,9,,,0,16,,26319,9,,,0,56,,26315,9,,,0,15,,26323,9,,,0,14,,26314,9,,,0,15,,26305,9,,,0,55,,26310,9,,,0,16,,26326,9,,,0,14,,26307,9,,,0,15,,26306,9,,,0,55,,26328,9,,,0,13,,26309,9,,,0,13,,26317,9,,,0,12,,26311,9,,,0,9,,26312,9,,,0,53,,26316,9,,,0,14,,26357,9,,,0,12,,26321,9,,,0,12,,26325,9,,,0,12,,26322,9,,,0,51,,26318,9,,,0,12,,26320,9,,,0,13,,26324,9,,,0,11,,26333,9,,,0,14,,26330,9,,,0,52,,26331,9,,,0,13,,26332,9,,,0,13,,26356,9,,,0,16,,26329,9,,,0,55,,26350,9,,,0,15,,26351,9,,,0,17,,26334,9,,,0,13,,26339,9,,,0,55,,26342,9,,,0,15,,26345,9,,,0,20,,26336,9,,,0,21,,26346,9,,,0,60,,26337,9,,,0,20,,26338,9,,,0,20,,26335,9,,,0,59,,26349,9,,,0,23,,26343,9,,,0,73,,26340,9,,,0,30,,26348,9,,,0,70,,26353,9,,,0,29,,26352,9,,,0,72,,26347,9,,,0,30,,26341,9,,,0,100,,26344,9,,,0
2600,'4744',550,,26379,9,,,0,68,,26362,9,,,0,22,,26363,9,,,0,18,,26374,9,,,0,51,,26375,9,,,0,15,,26367,9,,,0,5,,26381,9,,,0,7,,26373,9,,,0,7,,26437,9,,,0,8,,26371,9,,,0,56,,26377,9,,,0,16,,26370,9,,,0,15,,26380,9,,,0,17,,26364,9,,,0,56,,26365,9,,,0,16,,26383,9,,,0,16,,26384,9,,,0,57,,26368,9,,,0,16,,26385,9,,,0,13,,26396,9,,,0,15,,26386,9,,,0,15,,26387,9,,,0,57,,26391,9,,,0,14,,26410,9,,,0,16,,26402,9,,,0,56,,26398,9,,,0,15,,26406,9,,,0,14,,26397,9,,,0,15,,26388,9,,,0,55,,26393,9,,,0,16,,26409,9,,,0,14,,26390,9,,,0,15,,26389,9,,,0,55,,26411,9,,,0,13,,26392,9,,,0,13,,26400,9,,,0,12,,26394,9,,,0,9,,26395,9,,,0,53,,26399,9,,,0,14,,26439,9,,,0,12,,26404,9,,,0,12,,26408,9,,,0,12,,26405,9,,,0,51,,26401,9,,,0,12,,26403,9,,,0,13,,26407,9,,,0,11,,26416,9,,,0,14,,26413,9,,,0,52,,26414,9,,,0,13,,26415,9,,,0,13,,26438,9,,,0,16,,26412,9,,,0,55,,26432,9,,,0,15,,26433,9,,,0,17,,26417,9,,,0,13,,26422,9,,,0,55,,26425,9,,,0,15,,26427,9,,,0,20,,26419,9,,,0,21,,26428,9,,,0,60,,26420,9,,,0,20,,26421,9,,,0,20,,26418,9,,,0,59,,26431,9,,,0,23,,26426,9,,,0,73,,26423,9,,,0,30,,26430,9,,,0,70,,26435,9,,,0,29,,26434,9,,,0,72,,26429,9,,,0,30,,26424,9,,,0
2600,'4745',658,,26460,9,,,0,67,,26468,9,,,0,22,,26450,9,,,0,63,,26444,9,,,0,22,,26462,9,,,0,20,,26469,9,,,0,67,,26451,9,,,0,22,,26445,9,,,0,60,,26463,9,,,0,24,,26454,9,,,0,20,,26446,9,,,0,58,,26452,9,,,0,18,,26448,9,,,0,19,,26461,9,,,0,19,,26449,9,,,0,59,,26466,9,,,0,18,,26447,9,,,0,18,,26464,9,,,0,58,,26456,9,,,0,18,,26459,9,,,0,20,,26457,9,,,0,58,,26467,9,,,0,18,,26453,9,,,0,18,,26465,9,,,0,58,,26455,9,,,0,17,,26458,9,,,0,18,,26474,9,,,0,18,,26478,9,,,0,57,,26471,9,,,0,18,,26480,9,,,0,18,,26473,9,,,0,58,,26476,9,,,0,17,,26472,9,,,0,17,,26481,9,,,0,16,,26470,9,,,0,60,,26479,9,,,0,19,,26475,9,,,0,20,,26477,9,,,0,59,,26485,9,,,0,20,,26483,9,,,0,19,,26487,9,,,0,60,,26484,9,,,0,20,,26486,9,,,0,20,,26488,9,,,0,60,,26482,9,,,0,30,,26490,9,,,0,70,,26489,9,,,0,30,,26491,9,,,0,70,,26492,9,,,0
2600,'5066',550,,26510,9,,,0,68,,26493,9,,,0,22,,26494,9,,,0,18,,26505,9,,,0,51,,26506,9,,,0,15,,26498,9,,,0,5,,26512,9,,,0,7,,26504,9,,,0,7,,26568,9,,,0,8,,26502,9,,,0,56,,26508,9,,,0,16,,26501,9,,,0,15,,26511,9,,,0,17,,26495,9,,,0,56,,26496,9,,,0,16,,26514,9,,,0,16,,26515,9,,,0,57,,26499,9,,,0,16,,26516,9,,,0,13,,26527,9,,,0,15,,26517,9,,,0,15,,26518,9,,,0,57,,26522,9,,,0,14,,26541,9,,,0,16,,26533,9,,,0,56,,26529,9,,,0,15,,26537,9,,,0,14,,26528,9,,,0,15,,26519,9,,,0,55,,26524,9,,,0,16,,26540,9,,,0,14,,26521,9,,,0,15,,26520,9,,,0,55,,26542,9,,,0,13,,26523,9,,,0,13,,26531,9,,,0,12,,26525,9,,,0,9,,26526,9,,,0,53,,26530,9,,,0,14,,26570,9,,,0,12,,26535,9,,,0,12,,26539,9,,,0,12,,26536,9,,,0,51,,26532,9,,,0,12,,26534,9,,,0,13,,26538,9,,,0,11,,26547,9,,,0,14,,26544,9,,,0,52,,26545,9,,,0,13,,26546,9,,,0,13,,26569,9,,,0,16,,26543,9,,,0,55,,26563,9,,,0,15,,26564,9,,,0,17,,26548,9,,,0,13,,26553,9,,,0,55,,26556,9,,,0,15,,26558,9,,,0,20,,26550,9,,,0,21,,26559,9,,,0,60,,26551,9,,,0,20,,26552,9,,,0,20,,26549,9,,,0,59,,26562,9,,,0,23,,26557,9,,,0,73,,26554,9,,,0,30,,26561,9,,,0,70,,26566,9,,,0,29,,26565,9,,,0,72,,26560,9,,,0,30,,26555,9,,,0
2600,'5070',635,,26576,9,,,0,70,,26577,9,,,0,30,,26578,9,,,0,18,,26579,9,,,0,57,,26580,9,,,0,17,,26581,9,,,0,17,,26582,9,,,0,57,,26583,9,,,0,17,,26584,9,,,0,17,,26585,9,,,0,17,,26586,9,,,0,57,,26587,9,,,0,17,,26588,9,,,0,17,,26589,9,,,0,58,,26590,9,,,0,17,,26575,9,,,0,18,,26591,9,,,0,19,,26592,9,,,0,57,,26593,9,,,0,17,,26594,9,,,0,17,,26595,9,,,0,57,,26596,9,,,0,17,,26597,9,,,0,17,,26598,9,,,0,18,,26599,9,,,0,56,,26600,9,,,0,16,,26601,9,,,0,17,,26602,9,,,0,57,,26603,9,,,0,17,,26604,9,,,0,17,,26605,9,,,0,17,,26606,9,,,0,56,,26607,9,,,0,15,,26608,9,,,0,15,,26609,9,,,0,16,,26610,9,,,0,56,,26611,9,,,0,17,,26612,9,,,0,16,,26613,9,,,0,57,,26614,9,,,0,17,,26615,9,,,0,20,,26616,9,,,0,19,,26617,9,,,0,60,,26618,9,,,0,20,,26619,9,,,0,20,,26620,9,,,0,60,,26621,9,,,0,20,,26622,9,,,0,20,,26623,9,,,0,60,,26624,9,,,0,25,,26625,9,,,0,70,,26626,9,,,0,30,,26627,9,,,0,72,,26628,9,,,0,30,,26629,9,,,0,70,,26630,9,,,0,31,,26631,9,,,0,101,,26632,9,,,0
2600,'5072',658,,26649,9,,,0,67,,26657,9,,,0,22,,26639,9,,,0,63,,26633,9,,,0,22,,26651,9,,,0,20,,26658,9,,,0,67,,26640,9,,,0,22,,26634,9,,,0,60,,26652,9,,,0,24,,26643,9,,,0,20,,26635,9,,,0,58,,26641,9,,,0,18,,26637,9,,,0,19,,26650,9,,,0,19,,26638,9,,,0,59,,26655,9,,,0,18,,26636,9,,,0,18,,26653,9,,,0,58,,26645,9,,,0,18,,26648,9,,,0,20,,26646,9,,,0,58,,26656,9,,,0,18,,26642,9,,,0,18,,26654,9,,,0,58,,26644,9,,,0,17,,26647,9,,,0,18,,26663,9,,,0,18,,26667,9,,,0,57,,26660,9,,,0,18,,26669,9,,,0,18,,26662,9,,,0,58,,26665,9,,,0,17,,26661,9,,,0,17,,26670,9,,,0,16,,26659,9,,,0,60,,26668,9,,,0,19,,26664,9,,,0,20,,26666,9,,,0,59,,26674,9,,,0,20,,26672,9,,,0,19,,26676,9,,,0,60,,26673,9,,,0,20,,26675,9,,,0,20,,26677,9,,,0,60,,26671,9,,,0,30,,26679,9,,,0,70,,26678,9,,,0,30,,26680,9,,,0,70,,26681,9,,,0
