5300,'4487',714,,26998,0,25 40,0,201,,26999,0,25 40,0,211,,27000,0,25 40,0,218,,27001,0,25 40,0,210,,26997,0,25 40,0,249,,26995,0,25 40,0,203,,26996,0,25 40,0
5300,'4743',714,,13502,0,25 40,0,201,,13503,0,25 40,0,211,,13504,0,25 40,0,218,,13505,0,25 40,0,210,,13501,0,25 40,0,249,,13499,0,25 40,0,203,,13500,0,25 40,0
5300,'4744',634,,27003,0,25 40,0,74,,27002,,,0,143,,27005,0,25 40,0,185,,27004,0,25 40,0,170,,27006,0,25 40,0,132,,27008,0,25 40,0,190,,27010,0,25 40,0,105,,27007,0,25 40,0,168,,27009,0,25 40,0,126,,27011,0,25 40,0,130,,27012,0,25 40,0
5300,'4745',714,,27016,0,25 40,0,200,,27013,0,25 40,0,211,,27014,0,25 40,0,217,,27017,0,25 40,0,210,,27015,0,25 40,0,250,,27019,0,25 40,0,205,,27018,0,25 40,0
5300,'4935',634,,7511,0,25 40,0,74,,7510,,,0,143,,7513,0,25 40,0,185,,7512,0,25 40,0,170,,7514,0,25 40,0,132,,7516,0,25 40,0,190,,7518,0,25 40,0,105,,7515,0,25 40,0,168,,7517,0,25 40,0,126,,7519,0,25 40,0,130,,7520,0,25 40,0
5300,'4941',634,,7522,0,25 40,0,74,,7521,,,0,143,,7524,0,25 40,0,185,,7523,0,25 40,0,170,,7525,0,25 40,0,132,,7527,0,25 40,0,190,,7529,0,25 40,0,105,,7526,0,25 40,0,168,,7528,0,25 40,0,126,,7530,0,25 40,0,130,,7531,0,25 40,0
5300,'4943',714,,7535,0,25 40,0,201,,7536,0,25 40,0,211,,7537,0,25 40,0,218,,7538,0,25 40,0,210,,7534,0,25 40,0,249,,7532,0,25 40,0,203,,7533,0,25 40,0
5300,'4945',714,,7542,0,25 40,0,200,,7539,0,25 40,0,211,,7540,0,25 40,0,217,,7543,0,25 40,0,210,,7541,0,25 40,0,250,,7545,0,25 40,0,205,,7544,0,25 40,0
5300,'4947',634,,27021,0,25 40,0,74,,27020,,,0,143,,27023,0,25 40,0,185,,27022,0,25 40,0,170,,27024,0,25 40,0,132,,27026,0,25 40,0,190,,27028,0,25 40,0,105,,27025,0,25 40,0,168,,27027,0,25 40,0,126,,27029,0,25 40,0,130,,27030,0,25 40,0
5300,'4952',634,,27032,0,25 40,0,74,,27031,,,0,143,,27034,0,25 40,0,185,,27033,0,25 40,0,170,,27035,0,25 40,0,132,,27037,0,25 40,0,190,,27039,0,25 40,0,105,,27036,0,25 40,0,168,,27038,0,25 40,0,126,,27040,0,25 40,0,130,,27041,0,25 40,0
5300,'4953',714,,27045,0,25 40,0,201,,27046,0,25 40,0,211,,27047,0,25 40,0,218,,27048,0,25 40,0,210,,27044,0,25 40,0,249,,27042,0,25 40,0,203,,27043,0,25 40,0
5300,'4954',714,,27052,0,25 40,0,200,,27049,0,25 40,0,211,,27050,0,25 40,0,217,,27053,0,25 40,0,210,,27051,0,25 40,0,250,,27055,0,25 40,0,205,,27054,0,25 40,0
