500,'4487',656,,16034,,,0,156,,16031,,,0,104,,16035,,,0,42,,16025,,,0,85,,16032,,,0,80,,16026,,,0,81,,16041,,,0,41,,16033,,,0,81,,16024,,,0,81,,16030,,,0,40,,16027,,,0,81,,16037,,,0,80,,16028,,,0,38,,16029,,,0,79,,16038,,,0,75,,16039,,,0,38,,16040,,,0,80,,16036,,,0,89,,16042,,,0
500,'4743',656,,11052,,,0,156,,11049,,,0,104,,11053,,,0,42,,11043,,,0,85,,11050,,,0,80,,11044,,,0,81,,11059,,,0,41,,11051,,,0,81,,11042,,,0,81,,11048,,,0,40,,11045,,,0,81,,11055,,,0,80,,11046,,,0,38,,11047,,,0,79,,11056,,,0,75,,11057,,,0,38,,11058,,,0,80,,11054,,,0,89,,11060,,,0
500,'4744',635,,16051,,,0,94,,16044,,,0,74,,16046,,,0,32,,16043,,,0,71,,16045,,,0,28,,16048,,,0,87,,16047,,,0,33,,16056,,,0,80,,16053,,,0,82,,16049,,,0,41,,16050,,,0,82,,16052,,,0,78,,16057,,,0,40,,16054,,,0,78,,16055,,,0,75,,16059,,,0,37,,16058,,,0,74,,16060,,,0,87,,16061,,,0,36,,16062,,,0,82,,16064,,,0,85,,16063,,,0
500,'4745',758,,16078,,,0,162,,16077,,,0,122,,16076,,,0,81,,16071,,,0,81,,16065,,,0,41,,16066,,,0,80,,16079,,,0,81,,16072,,,0,41,,16069,,,0,80,,16067,,,0,80,,16068,,,0,40,,16080,,,0,77,,16073,,,0,35,,16070,,,0,78,,16074,,,0,80,,16075,,,0
500,'4935',635,,1038,,,0,94,,1031,,,0,74,,1033,,,0,32,,1030,,,0,71,,1032,,,0,28,,1035,,,0,87,,1034,,,0,33,,1043,,,0,80,,1040,,,0,82,,1036,,,0,41,,1037,,,0,82,,1039,,,0,78,,1044,,,0,40,,1041,,,0,78,,1042,,,0,75,,11061,,,0,37,,1045,,,0,74,,1047,,,0,87,,1048,,,0,36,,1049,,,0,82,,11062,,,0,85,,1050,,,0
500,'4941',635,,1060,,,0,94,,1053,,,0,74,,1055,,,0,32,,1052,,,0,71,,1054,,,0,28,,1057,,,0,87,,1056,,,0,33,,1065,,,0,80,,1062,,,0,82,,1058,,,0,41,,1059,,,0,82,,1061,,,0,78,,1066,,,0,40,,1063,,,0,78,,1064,,,0,75,,11063,,,0,37,,1067,,,0,74,,1069,,,0,87,,1070,,,0,36,,1071,,,0,82,,11064,,,0,85,,1072,,,0
500,'4943',656,,1084,,,0,156,,1081,,,0,104,,1085,,,0,42,,11065,,,0,85,,1082,,,0,80,,11066,,,0,81,,11071,,,0,41,,1083,,,0,81,,1074,,,0,81,,1080,,,0,40,,11067,,,0,81,,11068,,,0,80,,1078,,,0,38,,1079,,,0,79,,1088,,,0,75,,11069,,,0,38,,11070,,,0,80,,1086,,,0,89,,11072,,,0
500,'4945',758,,1106,,,0,162,,1105,,,0,122,,1104,,,0,81,,1099,,,0,81,,1093,,,0,41,,1094,,,0,80,,1107,,,0,81,,1100,,,0,41,,1097,,,0,80,,1095,,,0,80,,1096,,,0,40,,1108,,,0,77,,1101,,,0,35,,1098,,,0,78,,1102,,,0,80,,1103,,,0
500,'4947',635,,16089,,,0,94,,16082,,,0,74,,16084,,,0,32,,16081,,,0,71,,16083,,,0,28,,16086,,,0,87,,16085,,,0,33,,16094,,,0,80,,16091,,,0,82,,16087,,,0,41,,16088,,,0,82,,16090,,,0,78,,16095,,,0,40,,16092,,,0,78,,16093,,,0,75,,16097,,,0,37,,16096,,,0,74,,16098,,,0,87,,16099,,,0,36,,16100,,,0,82,,16102,,,0,85,,16101,,,0
500,'4952',635,,16111,,,0,94,,16104,,,0,74,,16106,,,0,32,,16103,,,0,71,,16105,,,0,28,,16108,,,0,87,,16107,,,0,33,,16116,,,0,80,,16113,,,0,82,,16109,,,0,41,,16110,,,0,82,,16112,,,0,78,,16117,,,0,40,,16114,,,0,78,,16115,,,0,75,,16119,,,0,37,,16118,,,0,74,,16120,,,0,87,,16121,,,0,36,,16122,,,0,82,,16124,,,0,85,,16123,,,0
500,'4953',656,,16135,,,0,156,,16132,,,0,104,,16136,,,0,42,,16126,,,0,85,,16133,,,0,80,,16127,,,0,81,,16142,,,0,41,,16134,,,0,81,,16125,,,0,81,,16131,,,0,40,,16128,,,0,81,,16138,,,0,80,,16129,,,0,38,,16130,,,0,79,,16139,,,0,75,,16140,,,0,38,,16141,,,0,80,,16137,,,0,89,,16143,,,0
500,'4954',758,,16157,,,0,162,,16156,,,0,122,,16155,,,0,81,,16150,,,0,81,,16144,,,0,41,,16145,,,0,80,,16158,,,0,81,,16151,,,0,41,,16148,,,0,80,,16146,,,0,80,,16147,,,0,40,,16159,,,0,77,,16152,,,0,35,,16149,,,0,78,,16153,,,0,80,,16154,,,0
