400,'4858',559,,549,,,0,61,,524,,,0,18,,529,,,0,63,,556,,,0,15,,509,,,0,15,,526,,,0,15,,511,,,0,10,,562,,,0,45,,515,,,0,6,,513,,,0,5,,559,,,0,4,,497,,,0,10,,512,,,0,5,,514,,,0,7,,508,,,0,7,,525,,,0,6,,516,,,0,8,,561,,,0,47,,522,,,0,7,,530,,,0,12,,563,,,0,13,,523,,,0,14,,558,,,0,54,,527,,,0,13,,564,,,0,13,,528,,,0,13,,537,,,0,13,,493,,,0,54,,557,,,0,14,,534,,,0,14,,533,,,0,13,,539,,,0,54,,531,,,0,13,,494,,,0,14,,547,,,0,13,,536,,,0,55,,535,,,0,15,,502,,,0,13,,544,,,0,14,,553,,,0,14,,532,,,0,52,,546,,,0,13,,566,,,0,13,,545,,,0,14,,555,,,0,54,,518,,,0,18,,519,,,0,18,,550,,,0,16,,520,,,0,57,,542,,,0,19,,521,,,0,15,,554,,,0,58,,565,,,0,19,,552,,,0,15,,517,,,0,13,,551,,,0,52,,560,,,0,14,,543,,,0,15,,548,,,0,15,,538,,,0,54,,540,,,0,15,,541,,,0,15,,495,,,0,15,,504,,,0,55,,503,,,0,15,,505,,,0,16,,500,,,0,17,,491,,,0,57,,498,,,0,15,,506,,,0,16,,490,,,0,18,,499,,,0,60,,501,,,0,20,,496,,,0,22,,489,,,0,64,,492,,,0,29,,510,,,0,69,,507,,,0
400,'4867',559,,634,,,0,61,,609,,,0,18,,614,,,0,63,,641,,,0,15,,590,,,0,15,,611,,,0,15,,596,,,0,10,,647,,,0,45,,600,,,0,6,,598,,,0,5,,644,,,0,4,,577,,,0,10,,597,,,0,5,,599,,,0,7,,589,,,0,7,,610,,,0,6,,601,,,0,8,,646,,,0,47,,607,,,0,7,,615,,,0,12,,648,,,0,13,,608,,,0,14,,643,,,0,54,,612,,,0,13,,649,,,0,13,,613,,,0,13,,622,,,0,13,,573,,,0,54,,642,,,0,14,,619,,,0,14,,618,,,0,13,,624,,,0,54,,616,,,0,13,,574,,,0,14,,632,,,0,13,,621,,,0,55,,620,,,0,15,,582,,,0,13,,629,,,0,14,,638,,,0,14,,617,,,0,52,,631,,,0,13,,651,,,0,13,,630,,,0,14,,640,,,0,54,,603,,,0,18,,604,,,0,18,,635,,,0,16,,605,,,0,57,,627,,,0,19,,606,,,0,15,,639,,,0,58,,650,,,0,19,,637,,,0,15,,602,,,0,13,,636,,,0,52,,645,,,0,14,,628,,,0,15,,633,,,0,15,,623,,,0,54,,625,,,0,15,,626,,,0,15,,575,,,0,15,,584,,,0,55,,583,,,0,15,,585,,,0,16,,580,,,0,17,,571,,,0,57,,578,,,0,15,,586,,,0,16,,570,,,0,18,,579,,,0,60,,581,,,0,20,,576,,,0,22,,569,,,0,64,,572,,,0,29,,593,,,0,69,,587,,,0,30,,588,,,0,70,,594,,,0,30,,591,,,0,70,,595,,,0,30,,592,,,0
400,'4868',646,,696,,,0,65,,677,,,0,20,,682,,,0,20,,689,,,0,60,,671,,,0,18,,687,,,0,18,,691,,,0,56,,672,,,0,16,,662,,,0,16,,688,,,0,16,,694,,,0,56,,656,,,0,16,,665,,,0,15,,659,,,0,16,,718,,,0,56,,679,,,0,15,,678,,,0,16,,653,,,0,15,,666,,,0,55,,676,,,0,15,,686,,,0,15,,695,,,0,15,,654,,,0,56,,660,,,0,16,,670,,,0,16,,680,,,0,56,,690,,,0,16,,658,,,0,15,,663,,,0,16,,673,,,0,56,,685,,,0,16,,693,,,0,16,,655,,,0,16,,669,,,0,55,,664,,,0,16,,683,,,0,16,,692,,,0,15,,667,,,0,56,,674,,,0,16,,657,,,0,16,,684,,,0,15,,681,,,0,56,,668,,,0,17,,661,,,0,18,,675,,,0,58,,700,,,0,18,,697,,,0,18,,699,,,0,18,,698,,,0,57,,714,,,0,17,,706,,,0,18,,705,,,0,58,,707,,,0,18,,708,,,0,18,,715,,,0,58,,711,,,0,25,,712,,,0,23,,710,,,0,70,,709,,,0,30,,713,,,0,70,,716,,,0,30,,717,,,0,69,,704,,,0,30,,701,,,0,70,,702,,,0,30,,703,,,0
400,'4869',752,,719,,,0,70,,720,,,0,32,,721,,,0,71,,722,,,0,29,,723,,,0,70,,724,,,0,20,,725,,,0,60,,726,,,0,20,,727,,,0,20,,728,,,0,60,,729,,,0,20,,730,,,0,21,,731,,,0,60,,732,,,0,20,,733,,,0,20,,734,,,0,60,,735,,,0,19,,762,,,0,18,,736,,,0,16,,737,,,0,56,,738,,,0,16,,739,,,0,16,,764,,,0,56,,740,,,0,16,,741,,,0,16,,742,,,0,16,,743,,,0,56,,763,,,0,15,,744,,,0,17,,745,,,0,17,,746,,,0,58,,747,,,0,18,,748,,,0,17,,749,,,0,58,,750,,,0,18,,751,,,0,18,,752,,,0,58,,765,,,0,17,,753,,,0,20,,754,,,0,20,,755,,,0,64,,756,,,0,30,,757,,,0,72,,758,,,0,29,,759,,,0,70,,760,,,0,29,,761,,,0
2100,'4858',624,,3917,,,0,28,,3925,,,0,58,,3916,,,0,15,,3924,,,0,9,,3950,0,17,0,6,,3926,,,0,10,,3960,,,0,4,,3936,,,0,57,,3928,,,0,16,,3935,,,0,20,,3922,0,17,0,58,,3947,,,0,18,,3923,0,17,0,20,,3927,,,0,61,,3919,0,17,0,20,,3938,,,0,20,,3920,0,17,0,60,,3929,,,0,20,,3939,0,18 19,0,20,,3921,,,0,61,,3918,0,17,0,20,,3930,,,0,20,,3933,0,17,0,60,,3932,,,0,20,,3937,0,17,0,17,,3957,,,0,59,,3940,,,0,16,,3931,,,0,15,,3934,0,17,0,19,,3959,,,0,58,,3949,,,0,17,,3948,,,0,78,,3946,,,0,18,,3956,0,18 19,0,18,,3944,,,0,18,,3945,,,0,59,,3941,,,0,18,,3958,0,17,0,18,,3943,0,17,0,56,,3942,0,17,0,32,,3952,0,17,0,70,,3951,0,17,0,30,,3954,0,17,0,73,,3953,0,17,0,29,,3955,0,17,0
2100,'4860',1546,,3961,,,0
2100,'4865',1546,,3962,,,0
2100,'4867',624,,3965,,,0,28,,3973,,,0,58,,3964,,,0,15,,3972,,,0,9,,3999,0,17,0,6,,3974,,,0,10,,4009,,,0,4,,3984,,,0,57,,3976,,,0,16,,3983,,,0,20,,3970,0,17,0,58,,3996,,,0,18,,3971,0,17,0,20,,3975,,,0,61,,3967,0,17,0,20,,3986,,,0,20,,3968,0,17,0,60,,3977,,,0,20,,3987,0,18 19,0,20,,3969,,,0,61,,3966,0,17,0,20,,3978,,,0,20,,3981,0,17,0,60,,3980,,,0,20,,3985,0,17,0,17,,4006,,,0,59,,3988,,,0,16,,3979,,,0,15,,3982,0,17,0,19,,4008,,,0,58,,3998,,,0,17,,3997,,,0,20,,3995,,,0,58,,3994,,,0,18,,4005,0,18 19,0,18,,3992,,,0,18,,3993,,,0,59,,3989,,,0,18,,4007,0,17,0,18,,3991,0,17,0,56,,3990,0,17,0,32,,4001,0,17,0,70,,4000,0,17,0,30,,4003,0,17,0,73,,4002,0,17,0,29,,4004,0,17,0
2100,'4868',713,,4029,0,17,0,45,,4036,0,17,0,80,,4020,0,18 19,0,71,,4030,0,17,0,39,,4013,0,17,0,70,,4031,0,17,0,32,,4015,0,17,0,71,,4025,0,17,0,30,,4010,0,17,0,71,,4011,0,18 19,0,30,,4032,0,17,0,70,,4016,0,17,0,30,,4024,0,17,0,68,,4012,0,18 19,0,32,,4014,0,17,0,70,,4033,0,17,0,30,,4017,0,17,0,70,,4026,0,18 19,0,30,,4018,0,17,0,70,,4019,0,17,0,30,,4035,0,17,0,70,,4021,0,18 19,0,28,,4027,0,17,0,69,,4022,0,17,0,28,,4023,0,17,0,68,,4034,0,17,0,30,,4028,0,17,0
2100,'4869',738,,4054,0,17,0,75,,4053,0,17,0,45,,4041,0,18 19,0,77,,4052,0,17,0,83,,4055,0,17,0,30,,4037,0,17,0,70,,4040,0,17,0,30,,4043,0,17,0,70,,4039,0,18 19,0,31,,4042,0,17,0,70,,4038,0,17,0,30,,4044,0,17,0,70,,4045,0,18 19,0,30,,4047,0,17,0,70,,4048,0,17,0,30,,4046,0,17,0,70,,4051,0,18 19,0,30,,4049,0,17,0,70,,4050,0,17,0,29,,4056,0,17,0,70,,4057,0,18 19,0,28,,4059,0,17,0,69,,4058,0,17,0,30,,4061,0,17,0,70,,4060,0,17,0
2200,'4858',609,,4249,,,0,30,,4233,,,0,68,,4244,,,0,30,,4236,,,0,65,,4226,0,20 7,0,9,,4248,,,0,23,,4228,,,0,70,,4232,,,0,102,,4234,,,0,26,,4250,,,0,70,,4227,,,0,101,,4243,0,21 22,0,30,,4235,0,21 22,0,70,,4251,0,21 22,0,30,,4229,0,21 22,0,101,,4246,0,21 22,0,69,,4240,0,21 22,0,35,,4253,0,21 22,0,102,,4241,0,21 22,0,99,,4237,0,21 22,0,70,,4252,,,0,25,,4230,,,0,98,,4245,,,0,70,,4242,,,0,29,,4231,,,0,69,,4239,,,0
2200,'4867',609,,4280,,,0,30,,4264,,,0,68,,4275,,,0,30,,4267,,,0,65,,4257,0,20 7,0,9,,4279,,,0,23,,4259,,,0,70,,4263,,,0,102,,4265,,,0,26,,4281,,,0,70,,4258,,,0,101,,4274,0,21 22,0,30,,4266,0,21 22,0,70,,4282,0,21 22,0,30,,4260,0,21 22,0,101,,4277,0,21 22,0,69,,4271,0,21 22,0,35,,4284,0,21 22,0,102,,4272,0,21 22,0,99,,4268,0,21 22,0,70,,4283,,,0,25,,4261,,,0,98,,4276,,,0,70,,4273,,,0,29,,4262,,,0,69,,4270,,,0
2200,'4868',658,,4305,,,0,80,,4290,,,0,80,,4294,,,0,40,,4307,,,0,72,,4291,,,0,70,,4285,,,0,31,,4292,,,0,71,,4306,,,0,31,,4289,,,0,70,,4288,,,0,31,,4293,,,0,70,,4286,,,0,30,,4311,,,0,70,,4287,,,0,30,,4300,,,0,70,,4295,,,0,30,,4299,,,0,70,,4310,,,0,29,,4301,,,0,71,,4296,,,0,30,,4303,,,0,73,,4302,,,0,30,,4298,,,0,68,,4297,,,0,29,,4312,,,0,69,,4313,,,0,27,,4309,,,0,28,,4304,,,0
2200,'4869',747,,4318,,,0,101,,4319,,,0,80,,4320,,,0,30,,4315,,,0,72,,4316,,,0,70,,4317,,,0,30,,4322,,,0,29,,4323,,,0,72,,4321,,,0,70,,4324,,,0,30,,4325,,,0,70,,4333,,,0,30,,4332,,,0,70,,4326,,,0,30,,4327,,,0,70,,4328,,,0,30,,4329,,,0,72,,4330,,,0,30,,4331,,,0,70,,4334,,,0,29,,4335,,,0,68,,4336,,,0,30,,4337,,,0,115,,4338,,,0
3000,'4858',551,,5996,,,0,92,,5997,,,0,72,,5998,,,0,32,,5999,,,0,71,,6000,,,0,32,,6001,,,0,69,,6002,,,0,30,,6003,,,0,71,,6004,,,0,30,,6005,,,0,70,,6006,,,0,30,,6007,,,0,70,,6008,,,0,30,,6009,,,0,71,,6010,,,0,30,,6011,,,0,67,,6012,,,0,32,,6013,,,0,71,,6014,,,0,32,,6015,,,0,77,,6016,,,0,71,,6017,,,0,32,,6018,,,0,70,,6019,,,0,26,,6020,,,0,28,,6021,,,0,68,,6022,,,0,33,,6023,,,0,73,,6024,,,0,86,,6025,,,0,100,,6026,,,0,99,,6027,,,0,109,,6028,,,0
3000,'4867',551,,6029,,,0,92,,6030,,,0,72,,6031,,,0,32,,6032,,,0,71,,6033,,,0,32,,6034,,,0,69,,6035,,,0,30,,6036,,,0,71,,6037,,,0,30,,6038,,,0,70,,6039,,,0,30,,6040,,,0,70,,6041,,,0,30,,6042,,,0,71,,6043,,,0,30,,6044,,,0,67,,6045,,,0,32,,6046,,,0,71,,6047,,,0,32,,6048,,,0,77,,6049,,,0,71,,6050,,,0,32,,6051,,,0,70,,6052,,,0,26,,6053,,,0,28,,6054,,,0,68,,6055,,,0,33,,6056,,,0,73,,6057,,,0,86,,6058,,,0,100,,6059,,,0,99,,6060,,,0,109,,6061,,,0
3000,'4868',640,,6062,,,0,100,,6063,,,0,78,,6064,,,0,38,,6065,,,0,72,,6066,,,0,72,,6067,,,0,33,,6068,,,0,71,,6069,,,0,30,,6070,,,0,70,,6071,,,0,30,,6072,,,0,69,,6073,,,0,31,,6074,,,0,70,,6075,,,0,30,,6076,,,0,70,,6077,,,0,31,,6078,,,0,69,,6079,,,0,30,,6080,,,0,69,,6081,,,0,30,,6082,,,0,69,,6083,,,0,30,,6084,,,0,80,,6085,,,0,40,,6086,,,0,79,,6087,,,0,85,,6088,,,0,100,,6089,,,0,100,,6090,,,0,108,,6091,,,0
3000,'4869',751,,6092,,,0,101,,6093,,,0,84,,6094,,,0,80,,6095,,,0,41,,6096,,,0,75,,6097,,,0,70,,6098,,,0,30,,6099,,,0,70,,6100,,,0,30,,6101,,,0,70,,6102,,,0,30,,6103,,,0,70,,6104,,,0,30,,6105,,,0,71,,6106,,,0,30,,6107,,,0,69,,6108,,,0,30,,6109,,,0,69,,6110,,,0,30,,6111,,,0,80,,6112,,,0,40,,6113,,,0,80,,6114,,,0,87,,6115,,,0,98,,6116,,,0,99,,6117,,,0
3100,'4858',622,,6240,,,0,37,,6241,,,0,72,,6242,,,0,71,,6243,,,0,32,,6244,,,0,71,,6245,,,0,29,,6246,,,0,71,,6247,,,0,30,,6248,,,0,70,,6249,,,0,30,,6250,,,0,70,,6251,,,0,30,,6252,,,0,71,,6253,,,0,30,,6254,,,0,68,,6255,,,0,30,,6256,,,0,71,,6257,,,0,32,,6258,,,0,74,,6259,,,0,35,,6260,,,0,70,,6261,,,0,32,,6262,,,0,69,,6263,,,0,26,,6264,,,0,68,,6265,,,0,28,,6266,,,0,77,,6267,,,0,38,,6268,,,0,94,,6269,,,0,98,,6270,,,0,208,,6271,,,0
3100,'4860',2358,,6272,,,0
3100,'4865',2358,,6273,,,0
3100,'4867',622,,6274,,,0,37,,6275,,,0,72,,6276,,,0,71,,6277,,,0,32,,6278,,,0,71,,6279,,,0,29,,6280,,,0,71,,6281,,,0,30,,6282,,,0,70,,6283,,,0,30,,6284,,,0,70,,6285,,,0,30,,6286,,,0,71,,6287,,,0,30,,6288,,,0,68,,6289,,,0,30,,6290,,,0,71,,6291,,,0,32,,6292,,,0,74,,6293,,,0,35,,6294,,,0,70,,6295,,,0,32,,6296,,,0,69,,6297,,,0,26,,6298,,,0,68,,6299,,,0,28,,6300,,,0,77,,6301,,,0,38,,6302,,,0,94,,6303,,,0,98,,6304,,,0,112,,6305,,,0,96,,6306,,,0
3100,'4868',710,,6307,,,0,48,,6308,,,0,81,,6309,,,0,74,,6310,,,0,31,,6311,,,0,72,,6312,,,0,33,,6313,,,0,70,,6314,,,0,30,,6315,,,0,70,,6316,,,0,30,,6317,,,0,70,,6318,,,0,30,,6319,,,0,70,,6320,,,0,30,,6321,,,0,71,,6322,,,0,29,,6323,,,0,70,,6324,,,0,29,,6325,,,0,70,,6326,,,0,29,,6327,,,0,70,,6328,,,0,35,,6329,,,0,80,,6330,,,0,79,,6331,,,0,40,,6332,,,0,95,,6333,,,0,100,,6334,,,0,155,,6335,,,0,53,,6336,,,0
3100,'4869',710,,6337,,,0,112,,6338,,,0,94,,6339,,,0,40,,6340,,,0,81,,6341,,,0,80,,6342,,,0,30,,6343,,,0,70,,6344,,,0,30,,6345,,,0,70,,6346,,,0,30,,6347,,,0,70,,6348,,,0,30,,6349,,,0,70,,6350,,,0,31,,6351,,,0,70,,6352,,,0,29,,6353,,,0,70,,6354,,,0,30,,6355,,,0,69,,6356,,,0,35,,6357,,,0,80,,6358,,,0,80,,6359,,,0,40,,6360,,,0,95,,6361,,,0,100,,6362,,,0,112,,6363,,,0
3200,'4858',1657,,6502,,,0
3200,'4867',1657,,6519,,,0
4701,'4858',1626,,7144,,,0,30,,7145,,,0,69,,7146,,,0
4701,'4867',1626,,7147,,,0,30,,7148,,,0,69,,7149,,,0
4801,'4858',1622,,7156,,,0,31,,7157,,,0,74,,7158,,,0
4801,'4867',1622,,7159,,,0,31,,7160,,,0,74,,7161,,,0
5301,'4858',1627,,7549,,,0
5301,'4867',1627,,7559,,,0
6101,'4858',1515,,8408,,,0,30,,8409,,,0,73,,8417,,,0,24,,8419,,,0,58,,8411,,,0,23,,8423,,,0,82,,8414,,,0
6101,'4867',1515,,8444,,,0,30,,8445,,,0,73,,8453,,,0,24,,8455,,,0,58,,8447,,,0,23,,8459,,,0,82,,8450,,,0
6501,'4858',1605,,8560,,,0,28,,8559,,,0,75,,8562,,,0,30,,8561,,,0
6501,'4867',1605,,8564,,,0,28,,8563,,,0,75,,8566,,,0,30,,8565,,,0
7000,'4858',553,,8571,,,0,91,,8569,,,0,102,,8572,,,0,102,,8567,,,0,198,,8580,,,0,99,,8578,,,0,99,,8568,,,0,100,,8574,,,0,100,,8576,,,0,97,,8570,,,0,102,,8573,,,0,106,,8575,,,0,201,,8577,,,0,250,,8579,,,0
7000,'4859',947,,8581,,,0
7000,'4866',947,,8582,,,0
7000,'4867',553,,8588,,,0,91,,8585,,,0,102,,8589,,,0,102,,8583,,,0,99,,8586,,,0,99,,8597,,,0,99,,8595,,,0,99,,8584,,,0,80,,8599,,,0,20,,8591,,,0,100,,8593,,,0,77,,8600,,,0,20,,8587,,,0,102,,8590,,,0,89,,8598,,,0,17,,8592,,,0,201,,8594,,,0,250,,8596,,,0
7000,'4868',735,,8602,,,0,16,,8603,,,0,98,,8604,,,0,86,,8605,,,0,14,,8601,,,0,97,,8606,,,0,85,,8607,,,0,17,,8608,,,0,98,,8609,,,0,83,,8610,,,0,16,,8611,,,0,102,,8612,,,0,82,,8613,,,0,17,,8614,,,0,101,,8615,,,0,83,,8616,,,0,17,,8617,,,0,205,,8618,,,0,253,,8619,,,0
7000,'4869',557,,8620,,,0,196,,8621,,,0,182,,8622,,,0,14,,8623,,,0,100,,8624,,,0,85,,8625,,,0,14,,8626,,,0,99,,8627,,,0,84,,8628,,,0,17,,8629,,,0,99,,8630,,,0,84,,8631,,,0,15,,8632,,,0,102,,8633,,,0,85,,8634,,,0,17,,8635,,,0,101,,8636,,,0,103,,8637,,,0,250,,8638,,,0
7100,'4858',1517,,8699,,,0,104,,8700,,,0,106,,8701,,,0
7100,'4867',1517,,8702,,,0,104,,8703,,,0,106,,8704,,,0
7200,'4858',532,,8732,,,0,68,,8726,,,0,104,,8731,,,0,27,,8738,,,0,71,,8719,,,0,32,,8733,,,0,70,,8727,,,0,30,,8714,,,0,70,,8734,,,0,30,,8723,,,0,68,,8718,,,0,29,,8712,,,0,70,,8713,,,0,99,,8711,,,0,29,,8739,,,0,30,,8715,,,0,69,,8720,,,0,28,,8717,,,0,70,,8716,,,0,99,,8721,,,0,32,,8740,,,0,77,,8728,,,0,69,,8722,,,0,30,,8725,,,0,71,,8724,,,0,31,,8730,,,0,73,,8736,,,0,31,,8729,,,0,99,,8735,,,0,102,,8737,,,0,119,,8741,0,10 11 12,0
7200,'4859',636,,8742,,,0,594,,8743,,,0,324,,8744,,,0
7200,'4866',636,,8745,,,0,594,,8746,,,0,324,,8747,,,0
7200,'4867',532,,8772,,,0,68,,8766,,,0,36,,8755,,,0,68,,8771,,,0,27,,8778,,,0,71,,8759,,,0,32,,8773,,,0,70,,8767,,,0,30,,8751,,,0,70,,8774,,,0,30,,8763,,,0,68,,8757,,,0,29,,8749,,,0,70,,8750,,,0,29,,8756,,,0,70,,8748,,,0,29,,8779,,,0,30,,8752,,,0,69,,8760,,,0,28,,8754,,,0,70,,8753,,,0,28,,8758,,,0,71,,8761,,,0,32,,8780,,,0,77,,8768,,,0,69,,8762,,,0,30,,8765,,,0,71,,8764,,,0,31,,8770,,,0,73,,8776,,,0,31,,8769,,,0,99,,8775,,,0,102,,8777,,,0,119,,8781,0,10 11 12,0
7200,'4868',544,,8782,,,0,96,,8783,,,0,73,,8784,,,0,27,,8785,,,0,69,,8786,,,0,30,,8787,,,0,70,,8788,,,0,30,,8789,,,0,70,,8790,,,0,26,,8791,,,0,70,,8792,,,0,30,,8793,,,0,69,,8794,,,0,30,,8795,,,0,69,,8796,,,0,29,,8797,,,0,70,,8798,,,0,30,,8799,,,0,70,,8800,,,0,30,,8801,,,0,70,,8802,,,0,30,,8803,,,0,70,,8804,,,0,31,,8805,,,0,70,,8806,,,0,32,,8807,,,0,71,,8808,,,0,32,,8809,,,0,70,,8810,,,0,30,,8811,,,0,100,,8812,,,0,102,,8813,,,0,160,,8814,0,10 11 12,0
7200,'4869',641,,8816,,,0,99,,8817,,,0,100,,8818,,,0,98,,8819,,,0,98,,8815,,,0,70,,8820,,,0,29,,8821,,,0,69,,8822,,,0,29,,8823,,,0,70,,8824,,,0,30,,8825,,,0,70,,8826,,,0,30,,8827,,,0,70,,8828,,,0,30,,8829,,,0,70,,8830,,,0,30,,8831,,,0,72,,8832,,,0,31,,8833,,,0,71,,8834,,,0,30,,8835,,,0,70,,8836,,,0,33,,8837,,,0,99,,8838,,,0,101,,8839,,,0,103,,8840,,,0,76,,8841,0,10 11 12,0
7500,'4858',507,,8976,0,13 14,0,18,,8977,0,13 14,0,16,,8978,0,13 14,0,18,,8979,0,13 14,0,57,,8975,0,13 14,0,17,,8980,0,13 14,0,15,,8981,0,13 14,0,55,,8982,0,13 14,0,16,,8983,0,13 14,0,23,,8984,0,13 14,0,63,,8985,0,13 14,0,25,,8986,0,13 14,0,71,,8987,0,13 14,0,36,,8988,0,13 14,0,66,,8989,0,13 14,0,30,,8990,0,13 14,0,67,,8991,0,13 14,0,29,,8992,0,13 14,0,30,,8993,0,13 14,0,70,,8994,0,13 14,0,29,,8995,0,13 14,0,70,,8996,0,13 14,0,23,,8997,0,13 14,0,71,,8998,0,13 14,0,34,,8999,0,13 14,0,67,,9000,0,13 14,0,30,,9001,0,13 14,0,106,,9002,0,13 14,0,59,,9003,0,13 14,0,23,,9004,0,13 14,0,59,,9005,0,13 14,0,27,,9006,0,13 14,0,78,,9007,0,13 14,0,108,,9008,0,13 14,0,205,,9009,0,13 14,0,109,,9010,0,13 14,0
7500,'4860',1618,,9011,0,13 14,0,20,,9012,0,13 14,0,472,,9013,0,13 14,0
7500,'4865',1618,,9014,0,13 14,0,20,,9015,0,13 14,0,472,,9016,0,13 14,0
7500,'4867',507,,9018,0,13 14,0,18,,9019,0,13 14,0,16,,9020,0,13 14,0,18,,9021,0,13 14,0,57,,9017,0,13 14,0,17,,9022,0,13 14,0,15,,9023,0,13 14,0,55,,9024,0,13 14,0,16,,9025,0,13 14,0,23,,9026,0,13 14,0,63,,9027,0,13 14,0,25,,9028,0,13 14,0,71,,9029,0,13 14,0,36,,9030,0,13 14,0,66,,9031,0,13 14,0,30,,9032,0,13 14,0,67,,9033,0,13 14,0,29,,9034,0,13 14,0,30,,9035,0,13 14,0,70,,9036,0,13 14,0,29,,9037,0,13 14,0,70,,9038,0,13 14,0,23,,9039,0,13 14,0,71,,9040,0,13 14,0,34,,9041,0,13 14,0,67,,9042,0,13 14,0,30,,9043,0,13 14,0,65,,9044,0,13 14,0,20,,9045,0,13 14,0,21,,9046,0,13 14,0,59,,9047,0,13 14,0,23,,9048,0,13 14,0,59,,9049,0,13 14,0,27,,9050,0,13 14,0,78,,9051,0,13 14,0,108,,9052,0,13 14,0,97,,9053,0,13 14,0,108,,9054,0,13 14,0,109,,9055,0,13 14,0
7500,'4868',621,,9057,0,13 14,0,93,,9058,0,13 14,0,98,,9059,0,13 14,0,94,,9056,0,13 14,0,97,,9060,0,13 14,0,99,,9061,0,13 14,0,30,,9062,0,13 14,0,70,,9063,0,13 14,0,29,,9064,0,13 14,0,71,,9065,0,13 14,0,24,,9066,0,13 14,0,76,,9067,0,13 14,0,30,,9068,0,13 14,0,70,,9069,0,13 14,0,31,,9070,0,13 14,0,70,,9071,0,13 14,0,100,,9072,0,13 14,0,102,,9073,0,13 14,0,102,,9074,0,13 14,0,102,,9075,0,13 14,0,100,,9076,0,13 14,0,108,,9077,0,13 14,0,101,,9078,0,13 14,0
7500,'4869',616,,9079,0,13 14,0,98,,9080,0,13 14,0,101,,9081,0,13 14,0,93,,9082,0,13 14,0,97,,9083,0,13 14,0,99,,9084,0,13 14,0,29,,9085,0,13 14,0,70,,9086,0,13 14,0,29,,9087,0,13 14,0,69,,9088,0,13 14,0,30,,9089,0,13 14,0,70,,9090,0,13 14,0,30,,9091,0,13 14,0,70,,9092,0,13 14,0,100,,9093,0,13 14,0,101,,9094,0,13 14,0,106,,9095,0,13 14,0,103,,9096,0,13 14,0,102,,9097,0,13 14,0,97,,9098,0,13 14,0,137,,9099,0,13 14,0
9501,'4858',514,,9945,0,15,0,26,,9953,0,15,0,18,,9943,0,15,0,53,,9933,0,15,0,12,,9937,0,15,0,14,,9931,0,15,0,12,,9944,0,15,0,52,,9922,0,15,0,13,,9920,0,15,0,12,,9952,0,15,0,12,,9919,0,15,0,12,,9938,0,15,0,52,,9917,0,15,0,13,,9918,0,15,0,13,,9923,0,15,0,12,,9914,0,15,0,12,,9912,0,15,0,52,,9910,0,15,0,12,,9909,0,15,0,12,,9954,0,15,0,12,,9908,0,15,0,12,,9934,0,15,0,52,,9901,0,15,0,12,,9949,0,15,0,12,,9925,0,15,0,11,,9913,0,15,0,12,,9898,0,15,0,52,,9899,0,15,0,12,,9892,0,15,0,12,,9951,0,15,0,12,,9893,0,15,0,12,,9932,0,15,0,52,,9891,0,15,0,12,,9946,0,15,0,12,,9921,0,15,0,12,,9915,0,15,0,11,,9889,0,15,0,51,,9900,0,15,0,10,,9886,0,15,0,10,,9895,0,15,0,10,,9950,0,15,0,10,,9887,0,15,0,10,,9935,0,15,0,50,,9885,0,15,0,10,,9884,0,15,0,10,,9948,0,15,0,10,,9924,0,15,0,10,,9911,0,15,0,10,,9877,0,15,0,50,,9878,0,15,0,10,,9902,0,15,0,10,,9879,0,15,0,10,,9894,0,15,0,10,,9957,0,15,0,10,,9872,0,15,0,49,,9888,0,15,0,8,,9936,0,15,0,8,,9881,0,15,0,8,,9873,0,15,0,8,,9871,0,15,0,8,,9947,0,15,0,9,,9929,0,15,0,8,,9916,0,15,0,47,,9961,0,15,0,1,,9874,0,15,0,8,,9869,0,15,0,8,,9870,0,15,0,8,,9906,0,15,0,8,,9960,0,15,0,10,,9897,0,15,0,8,,9890,0,15,0,48,,9958,0,15,0,10,,9868,0,15,0,10,,9941,0,15,0,10,,9882,0,15,0,11,,9867,0,15,0,12,,9926,0,15,0,52,,9876,0,15,0,12,,9866,0,15,0,12,,9907,0,15,0,12,,9896,0,15,0,12,,9956,0,15,0,54,,9942,0,15,0,15,,9883,0,15,0,15,,9930,0,15,0,15,,9875,0,15,0,55,,9865,0,15,0,15,,9903,0,15,0,15,,9955,0,15,0,15,,9940,0,15,0,60,,9880,0,15,0,20,,9927,0,15,0,20,,9864,0,15,0,60,,9904,0,15,0,27,,9939,0,15,0,69,,9928,0,15,0,30,,9905,0,15,0
9501,'4867',514,,10047,0,15,0,26,,10055,0,15,0,18,,10045,0,15,0,53,,10035,0,15,0,12,,10039,0,15,0,14,,10033,0,15,0,12,,10046,0,15,0,52,,10024,0,15,0,13,,10022,0,15,0,12,,10054,0,15,0,12,,10021,0,15,0,12,,10040,0,15,0,52,,10019,0,15,0,13,,10020,0,15,0,13,,10025,0,15,0,12,,10016,0,15,0,12,,10014,0,15,0,52,,10012,0,15,0,12,,10011,0,15,0,12,,10056,0,15,0,12,,10010,0,15,0,12,,10036,0,15,0,52,,10003,0,15,0,12,,10051,0,15,0,12,,10027,0,15,0,11,,10015,0,15,0,12,,10000,0,15,0,52,,10001,0,15,0,12,,9994,0,15,0,12,,10053,0,15,0,12,,9995,0,15,0,12,,10034,0,15,0,52,,9993,0,15,0,12,,10048,0,15,0,12,,10023,0,15,0,12,,10017,0,15,0,11,,9991,0,15,0,51,,10002,0,15,0,10,,9988,0,15,0,10,,9997,0,15,0,10,,10052,0,15,0,10,,9989,0,15,0,10,,10037,0,15,0,50,,9987,0,15,0,10,,9986,0,15,0,10,,10050,0,15,0,10,,10026,0,15,0,10,,10013,0,15,0,10,,9979,0,15,0,50,,9980,0,15,0,10,,10004,0,15,0,10,,9981,0,15,0,10,,9996,0,15,0,10,,10059,0,15,0,10,,9974,0,15,0,49,,9990,0,15,0,8,,10038,0,15,0,8,,9983,0,15,0,8,,9975,0,15,0,8,,9973,0,15,0,8,,10049,0,15,0,9,,10031,0,15,0,8,,10018,0,15,0,47,,10063,0,15,0,1,,9976,0,15,0,8,,9971,0,15,0,8,,9972,0,15,0,8,,10008,0,15,0,8,,10062,0,15,0,10,,9999,0,15,0,8,,9992,0,15,0,48,,10060,0,15,0,10,,9969,0,15,0,10,,10043,0,15,0,10,,9984,0,15,0,11,,9968,0,15,0,12,,10028,0,15,0,52,,9978,0,15,0,12,,9965,0,15,0,12,,10009,0,15,0,12,,9998,0,15,0,12,,10058,0,15,0,54,,10044,0,15,0,15,,9985,0,15,0,15,,10032,0,15,0,15,,9977,0,15,0,55,,9964,0,15,0,15,,10005,0,15,0,15,,10057,0,15,0,15,,10042,0,15,0,60,,9982,0,15,0,20,,10029,0,15,0,20,,9962,0,15,0,60,,10006,0,15,0,27,,10041,0,15,0,69,,10030,0,15,0,30,,10007,0,15,0,70,,9967,0,15,0,30,,9970,0,15,0,70,,9963,0,15,0,30,,9966,0,15,0
9501,'4868',611,,10065,0,15,0,36,,10066,0,15,0,60,,10067,0,15,0,19,,10068,0,15,0,20,,10069,0,15,0,55,,10070,0,15,0,15,,10064,0,15,0,15,,10071,0,15,0,16,,10072,0,15,0,55,,10073,0,15,0,15,,10074,0,15,0,15,,10075,0,15,0,15,,10076,0,15,0,55,,10077,0,15,0,15,,10078,0,15,0,15,,10079,0,15,0,16,,10080,0,15,0,55,,10081,0,15,0,15,,10082,0,15,0,15,,10083,0,15,0,15,,10084,0,15,0,55,,10085,0,15,0,14,,10086,0,15,0,13,,10087,0,15,0,12,,10088,0,15,0,12,,10089,0,15,0,52,,10090,0,15,0,12,,10091,0,15,0,12,,10092,0,15,0,12,,10093,0,15,0,12,,10094,0,15,0,52,,10095,0,15,0,13,,10096,0,15,0,13,,10097,0,15,0,12,,10098,0,15,0,12,,10099,0,15,0,52,,10100,0,15,0,13,,10101,0,15,0,12,,10102,0,15,0,12,,10103,0,15,0,11,,10104,0,15,0,52,,10105,0,15,0,12,,10106,0,15,0,11,,10107,0,15,0,12,,10108,0,15,0,12,,10109,0,15,0,52,,10110,0,15,0,12,,10111,0,15,0,12,,10112,0,15,0,12,,10113,0,15,0,12,,10114,0,15,0,52,,10115,0,15,0,12,,10116,0,15,0,12,,10117,0,15,0,12,,10118,0,15,0,13,,10119,0,15,0,55,,10120,0,15,0,15,,10121,0,15,0,15,,10122,0,15,0,14,,10123,0,15,0,55,,10124,0,15,0,15,,10125,0,15,0,15,,10126,0,15,0,15,,10127,0,15,0,55,,10128,0,15,0,15,,10129,0,15,0,15,,10130,0,15,0,15,,10131,0,15,0,60,,10132,0,15,0,20,,10133,0,15,0,20,,10134,0,15,0,60,,10135,0,15,0,27,,10136,0,15,0,69,,10137,0,15,0,30,,10138,0,15,0,70,,10139,0,15,0,30,,10140,0,15,0,70,,10141,0,15,0,30,,10142,0,15,0
9501,'4869',653,,10143,0,15,0,70,,10144,0,15,0,20,,10145,0,15,0,60,,10146,0,15,0,20,,10147,0,15,0,15,,10148,0,15,0,15,,10149,0,15,0,55,,10150,0,15,0,15,,10151,0,15,0,15,,10152,0,15,0,15,,10153,0,15,0,55,,10154,0,15,0,15,,10155,0,15,0,15,,10156,0,15,0,15,,10157,0,15,0,55,,10158,0,15,0,15,,10159,0,15,0,16,,10160,0,15,0,15,,10161,0,15,0,55,,10162,0,15,0,15,,10163,0,15,0,15,,10164,0,15,0,15,,10165,0,15,0,55,,10166,0,15,0,15,,10167,0,15,0,15,,10168,0,15,0,15,,10169,0,15,0,55,,10170,0,15,0,15,,10171,0,15,0,15,,10172,0,15,0,15,,10173,0,15,0,55,,10174,0,15,0,15,,10175,0,15,0,16,,10176,0,15,0,13,,10177,0,15,0,52,,10178,0,15,0,11,,10179,0,15,0,13,,10180,0,15,0,12,,10181,0,15,0,12,,10182,0,15,0,53,,10183,0,15,0,12,,10184,0,15,0,12,,10185,0,15,0,12,,10186,0,15,0,14,,10187,0,15,0,55,,10188,0,15,0,15,,10189,0,15,0,15,,10190,0,15,0,14,,10191,0,15,0,55,,10192,0,15,0,15,,10193,0,15,0,15,,10194,0,15,0,15,,10195,0,15,0,55,,10196,0,15,0,15,,10197,0,15,0,15,,10198,0,15,0,15,,10199,0,15,0,55,,10200,0,15,0,15,,10201,0,15,0,15,,10202,0,15,0,15,,10203,0,15,0,60,,10204,0,15,0,20,,10205,0,15,0,19,,10206,0,15,0,60,,10207,0,15,0,27,,10208,0,15,0,70,,10209,0,15,0
1002200,'4858',937,,10381,,,0,195,,10378,0,21 22,0,271,,10379,0,21 22,0,207,,10377,0,21 22,0,100,,10382,0,21 22,0,196,,10380,0,21 22,0
1002200,'4867',937,,10387,,,0,195,,10384,0,21 22,0,271,,10385,0,21 22,0,207,,10383,0,21 22,0,100,,10388,0,21 22,0,196,,10386,0,21 22,0
14002100,'4858',2113,,10629,,,0,30,,10630,,,0,70,,10631,,,0,100,,10632,,,0,99,,10633,,,0
14002100,'4867',2113,,10634,,,0,30,,10635,,,0,70,,10636,,,0,100,,10637,,,0,99,,10638,,,0
14002100,'4868',2113,,10639,,,0,30,,10640,,,0,70,,10641,,,0,102,,10642,,,0,99,,10643,,,0
14002100,'4869',2115,,10644,,,0,100,,10645,,,0,100,,10646,,,0
