101,'4663',653,,52703,18,,,0,82,,52702,18,,,0,96,,52701,18,,,0,712,,52700,18,,,0,99,,52699,18,,,0
101,'5372',653,,36477,18,,,0,82,,36476,18,,,0,96,,36475,18,,,0,712,,36474,18,,,0,99,,36473,18,,,0
101,'5385',653,,52708,18,,,0,82,,52707,18,,,0,96,,52706,18,,,0,712,,52705,18,,,0,99,,52704,18,,,0
700,'4332',704,,54362,33,0,5,0,45,,54369,33,0,5,0,80,,54352,33,0,5,0,30,,54363,33,0,5,0,79,,54344,33,0,5,0,70,,54364,33,0,5,0,31,,54347,33,0,5,0,71,,54355,33,0,5,0,30,,54341,33,0,5,0,71,,54342,33,0,5,0,30,,54365,33,0,5,0,70,,54348,33,0,5,0,30,,54356,33,0,5,0,68,,54343,33,0,5,0,32,,54345,33,0,5,0,70,,54366,33,0,5,0,30,,54349,33,0,5,0,70,,54357,33,0,5,0,30,,54346,33,0,5,0,70,,54351,33,0,5,0,30,,54367,33,0,5,0,70,,54350,33,0,5,0,28,,54359,33,0,5,0,69,,54354,33,0,5,0,28,,54353,33,0,5,0,70,,54368,33,0,5,0,30,,54358,33,0,5,0,68,,54360,33,0,5,0,30,,54361,33,0,5,0
700,'4663',615,,54314,33,0,5,0,28,,54312,33,0,5,0,57,,54325,33,0,5,0,15,,54308,33,0,5,0,16,,54319,33,0,5,0,13,,54298,33,0,5,0,57,,54329,33,0,5,0,16,,54305,33,0,5,0,20,,54315,33,0,5,0,18,,54299,33,0,5,0,58,,54303,33,0,5,0,25,,54317,33,0,5,0,66,,54337,33,0,5,0,30,,54334,33,0,5,0,70,,54335,33,0,5,0,30,,54311,33,0,5,0,71,,54338,33,0,5,0,30,,54333,33,0,5,0,70,,54332,33,0,5,0,31,,54336,33,0,5,0,70,,54310,33,0,5,0,30,,54321,33,0,5,0,20,,54300,33,0,5,0,59,,54313,33,0,5,0,15,,54339,33,0,5,0,5,,54306,33,0,5,0,20,,54331,33,0,5,0,56,,54301,33,0,5,0,18,,54320,33,0,5,0,18,,54309,33,0,5,0,59,,54302,33,0,5,0,19,,54316,33,0,5,0,18,,54307,33,0,5,0,16,,54322,33,0,5,0,56,,54304,33,0,5,0,16,,54328,33,0,5,0,71,,54324,33,0,5,0,30,,54326,33,0,5,0,73,,54318,33,0,5,0,29,,54327,33,0,5,0,70,,54330,33,0,5,0,30,,54323,33,0,5,0
700,'5078',729,,54386,33,0,5,0,75,,54388,33,0,5,0,45,,54374,33,0,5,0,77,,54387,33,0,5,0,82,,54389,33,0,5,0,30,,54370,33,0,5,0,70,,54375,33,0,5,0,30,,54377,33,0,5,0,70,,54372,33,0,5,0,31,,54376,33,0,5,0,70,,54373,33,0,5,0,30,,54371,33,0,5,0,70,,54378,33,0,5,0,30,,54379,33,0,5,0,70,,54380,33,0,5,0,30,,54381,33,0,5,0,70,,54383,33,0,5,0,30,,54382,33,0,5,0,70,,54385,33,0,5,0,29,,54384,33,0,5,0,70,,54390,33,0,5,0,28,,54393,33,0,5,0,70,,54392,33,0,5,0,30,,54391,33,0,5,0,70,,54395,33,0,5,0,30,,54394,33,0,5,0
700,'5372',615,,38410,33,0,5,0,28,,38408,33,0,5,0,57,,38421,33,0,5,0,15,,38404,33,0,5,0,16,,38415,33,0,5,0,13,,38394,33,0,5,0,57,,38425,33,0,5,0,16,,38401,33,0,5,0,20,,38411,33,0,5,0,18,,38395,33,0,5,0,58,,38399,33,0,5,0,25,,38413,33,0,5,0,66,,38433,33,0,5,0,30,,38430,33,0,5,0,70,,38431,33,0,5,0,30,,38407,33,0,5,0,71,,38434,33,0,5,0,30,,38429,33,0,5,0,70,,51619,33,0,5,0,31,,38432,33,0,5,0,70,,38406,33,0,5,0,30,,38417,33,0,5,0,20,,38396,33,0,5,0,59,,38409,33,0,5,0,15,,54340,33,0,5,0,5,,38402,33,0,5,0,20,,38427,33,0,5,0,56,,38397,33,0,5,0,18,,38416,33,0,5,0,18,,38405,33,0,5,0,59,,38398,33,0,5,0,19,,38412,33,0,5,0,18,,38403,33,0,5,0,16,,38418,33,0,5,0,56,,38400,33,0,5,0,16,,38424,33,0,5,0,71,,38420,33,0,5,0,30,,38422,33,0,5,0,73,,38414,33,0,5,0,29,,38423,33,0,5,0,70,,38426,33,0,5,0,30,,38419,33,0,5,0
700,'5385',615,,54412,33,0,5,0,28,,54410,33,0,5,0,57,,54423,33,0,5,0,15,,54406,33,0,5,0,16,,54417,33,0,5,0,13,,54396,33,0,5,0,57,,54427,33,0,5,0,16,,54403,33,0,5,0,20,,54413,33,0,5,0,18,,54397,33,0,5,0,58,,54401,33,0,5,0,25,,54415,33,0,5,0,66,,54435,33,0,5,0,30,,54432,33,0,5,0,70,,54433,33,0,5,0,30,,54409,33,0,5,0,71,,54436,33,0,5,0,30,,54431,33,0,5,0,70,,54430,33,0,5,0,31,,54434,33,0,5,0,70,,54408,33,0,5,0,30,,54419,33,0,5,0,20,,54398,33,0,5,0,59,,54411,33,0,5,0,15,,54437,33,0,5,0,5,,54404,33,0,5,0,20,,54429,33,0,5,0,56,,54399,33,0,5,0,18,,54418,33,0,5,0,18,,54407,33,0,5,0,59,,54400,33,0,5,0,19,,54414,33,0,5,0,18,,54405,33,0,5,0,16,,54420,33,0,5,0,56,,54402,33,0,5,0,16,,54426,33,0,5,0,71,,54422,33,0,5,0,30,,54424,33,0,5,0,73,,54416,33,0,5,0,29,,54425,33,0,5,0,70,,54428,33,0,5,0,30,,54421,33,0,5,0
14000700,'4332',2204,,63082,37,0,5,0,33,,63083,37,0,5,0,69,,63084,37,0,5,0,29,,63085,37,0,5,0,70,,63086,37,0,5,0,31,,63087,37,0,5,0
14000700,'4663',2204,,63076,37,0,5,0,29,,63079,37,0,5,0,71,,63077,37,0,5,0,29,,63078,37,0,5,0,71,,63080,37,0,5,0,29,,63081,37,0,5,0
14000700,'5078',2106,,63088,37,0,5,0,31,,63089,37,0,5,0,69,,63090,37,0,5,0,100,,63091,37,0,5,0,97,,63092,37,0,5,0
14000700,'5372',2204,,48747,37,0,5,0,29,,48750,37,0,5,0,71,,48748,37,0,5,0,29,,48749,37,0,5,0,71,,48751,37,0,5,0,29,,48752,37,0,5,0
14000700,'5385',2204,,63093,37,0,5,0,29,,63096,37,0,5,0,71,,63094,37,0,5,0,29,,63095,37,0,5,0,71,,63097,37,0,5,0,29,,63098,37,0,5,0
