1200,'4487',929,,18670,,,0,102,,18675,,,0,102,,18677,,,0,100,,18669,,,0,100,,18671,,,0,99,,18674,,,0,100,,18678,,,0,100,,18672,,,0,103,,18673,,,0,99,,18676,,,0,99,,18679,,,0
1200,'4743',929,,11502,,,0,102,,11507,,,0,102,,11509,,,0,100,,11501,,,0,100,,11503,,,0,99,,11506,,,0,100,,11510,,,0,100,,11504,,,0,103,,11505,,,0,99,,11508,,,0,99,,11511,,,0
1200,'4744',636,,18680,,,0,79,,18681,,,0,26,,18687,,,0,59,,18684,,,0,15,,18692,,,0,16,,18682,,,0,16,,18683,,,0,10,,18708,,,0,45,,18691,,,0,13,,18686,,,0,15,,18685,,,0,15,,18688,,,0,56,,18689,,,0,30,,18690,,,0,70,,18694,,,0,29,,18693,,,0,71,,18696,,,0,30,,18697,,,0,69,,18695,,,0,30,,18699,,,0,71,,18698,,,0,32,,18700,,,0,74,,18701,,,0,28,,18702,,,0,100,,18703,,,0,83,,18704,,,0,85,,18705,,,0,30,,18706,,,0,105,,18707,,,0
1200,'4745',929,,18710,,,0,102,,18709,,,0,101,,18712,,,0,100,,18711,,,0,100,,18713,,,0,100,,18715,,,0,99,,18716,,,0,100,,18714,,,0,103,,18717,,,0,99,,18718,,,0,100,,18719,,,0
1200,'4935',636,,2586,,,0,79,,2587,,,0,26,,2593,,,0,59,,11512,,,0,15,,2598,,,0,16,,2588,,,0,16,,2589,,,0,10,,2614,,,0,45,,2597,,,0,13,,2592,,,0,15,,2591,,,0,15,,2594,,,0,56,,2595,,,0,30,,2596,,,0,70,,2600,,,0,29,,2599,,,0,71,,2602,,,0,30,,2603,,,0,69,,2601,,,0,30,,2605,,,0,71,,2604,,,0,32,,2606,,,0,74,,2607,,,0,28,,2608,,,0,100,,2609,,,0,83,,2610,,,0,85,,2611,,,0,30,,2612,,,0,105,,2613,,,0
1200,'4941',636,,2615,,,0,79,,2616,,,0,26,,2622,,,0,59,,11513,,,0,15,,2627,,,0,16,,2617,,,0,16,,2618,,,0,10,,2643,,,0,45,,2626,,,0,13,,2621,,,0,15,,2620,,,0,15,,2623,,,0,56,,2624,,,0,30,,2625,,,0,70,,2629,,,0,29,,2628,,,0,71,,2631,,,0,30,,2632,,,0,69,,2630,,,0,30,,2634,,,0,71,,2633,,,0,32,,2635,,,0,74,,2636,,,0,28,,2637,,,0,100,,2638,,,0,83,,2639,,,0,85,,2640,,,0,30,,2641,,,0,105,,2642,,,0
1200,'4943',929,,2645,,,0,102,,2650,,,0,102,,2652,,,0,100,,2644,,,0,100,,2646,,,0,99,,2649,,,0,100,,2653,,,0,100,,2647,,,0,103,,2648,,,0,99,,2651,,,0,99,,2654,,,0
1200,'4945',929,,2656,,,0,102,,2655,,,0,101,,2658,,,0,100,,2657,,,0,100,,2659,,,0,100,,2661,,,0,99,,2662,,,0,100,,2660,,,0,103,,2663,,,0,99,,2664,,,0,100,,2665,,,0
1200,'4947',636,,18720,,,0,79,,18721,,,0,26,,18727,,,0,59,,18724,,,0,15,,18732,,,0,16,,18722,,,0,16,,18723,,,0,10,,18748,,,0,45,,18731,,,0,13,,18726,,,0,15,,18725,,,0,15,,18728,,,0,56,,18729,,,0,30,,18730,,,0,70,,18734,,,0,29,,18733,,,0,71,,18736,,,0,30,,18737,,,0,69,,18735,,,0,30,,18739,,,0,71,,18738,,,0,32,,18740,,,0,74,,18741,,,0,28,,18742,,,0,100,,18743,,,0,83,,18744,,,0,85,,18745,,,0,30,,18746,,,0,105,,18747,,,0
1200,'4952',636,,18749,,,0,79,,18750,,,0,26,,18756,,,0,59,,18753,,,0,15,,18761,,,0,16,,18751,,,0,16,,18752,,,0,10,,18777,,,0,45,,18760,,,0,13,,18755,,,0,15,,18754,,,0,15,,18757,,,0,56,,18758,,,0,30,,18759,,,0,70,,18763,,,0,29,,18762,,,0,71,,18765,,,0,30,,18766,,,0,69,,18764,,,0,30,,18768,,,0,71,,18767,,,0,32,,18769,,,0,74,,18770,,,0,28,,18771,,,0,100,,18772,,,0,83,,18773,,,0,85,,18774,,,0,30,,18775,,,0,105,,18776,,,0
1200,'4953',929,,18779,,,0,102,,18784,,,0,102,,18786,,,0,100,,18778,,,0,100,,18780,,,0,99,,18783,,,0,100,,18787,,,0,100,,18781,,,0,103,,18782,,,0,99,,18785,,,0,99,,18788,,,0
1200,'4954',929,,18790,,,0,102,,18789,,,0,101,,18792,,,0,100,,18791,,,0,100,,18793,,,0,100,,18795,,,0,99,,18796,,,0,100,,18794,,,0,103,,18797,,,0,99,,18798,,,0,100,,18799,,,0
