1002200,'4737',950,,17618,39,,,0,196,,17615,39,0,21 22,0,273,,17616,39,0,21 22,0,210,,17614,39,0,21 22,0,98,,17619,39,0,21 22,0,192,,17617,39,0,21 22,0
1002200,'4744',950,,17624,39,,,0,196,,17621,39,0,21 22,0,273,,17622,39,0,21 22,0,210,,17620,39,0,21 22,0,98,,17625,39,0,21 22,0,192,,17623,39,0,21 22,0
1002200,'4947',950,,17630,39,,,0,196,,17627,39,0,21 22,0,273,,17628,39,0,21 22,0,210,,17626,39,0,21 22,0,98,,17631,39,0,21 22,0,192,,17629,39,0,21 22,0
14002100,'4487',2127,,18003,24,,,0,30,,18004,24,,,0,70,,18005,24,,,0,102,,18006,24,,,0,97,,18007,24,,,0
14002100,'4737',2126,,18008,24,,,0,30,,18009,24,,,0,70,,18010,24,,,0,99,,18011,24,,,0,98,,18012,24,,,0
14002100,'4740',2127,,18013,24,,,0,30,,18014,24,,,0,70,,18015,24,,,0,102,,18016,24,,,0,97,,18017,24,,,0
14002100,'4744',2126,,18018,24,,,0,30,,18019,24,,,0,70,,18020,24,,,0,99,,18021,24,,,0,98,,18022,24,,,0
14002100,'4745',2128,,18023,24,,,0,100,,18024,24,,,0,99,,18025,24,,,0
14002100,'4947',2126,,18026,24,,,0,30,,18027,24,,,0,70,,18028,24,,,0,99,,18029,24,,,0,98,,18030,24,,,0
14002100,'4954',2128,,18031,24,,,0,100,,18032,24,,,0,99,,18033,24,,,0
