2700,'4663',718,,57715,13,,,0,110,,57727,13,,,0,22,,57760,13,,,0,64,,57741,13,,,0,25,,57722,13,,,0,66,,57711,13,,,0,25,,57710,13,,,0,26,,57709,13,,,0,67,,57712,13,,,0,26,,57726,13,,,0,67,,57738,13,,,0,26,,57719,13,,,0,66,,57713,13,,,0,26,,57717,13,,,0,24,,57718,13,,,0,65,,57720,13,,,0,22,,57725,13,,,0,62,,57716,13,,,0,15,,57747,13,,,0,16,,57752,13,,,0,16,,57753,13,,,0,56,,57754,13,,,0,16,,57728,13,,,0,16,,57755,13,,,0,16,,57723,13,,,0,57,,57724,13,,,0,16,,57731,13,,,0,14,,57729,13,,,0,56,,57730,13,,,0,16,,57732,13,,,0,15,,57733,13,,,0,21,,57735,13,,,0,63,,57736,13,,,0,27,,57737,13,,,0,68,,57742,13,,,0,29,,57745,13,,,0,68,,57744,13,,,0,29,,57743,13,,,0,70,,57746,13,,,0,36,,57749,13,,,0,80,,57750,13,,,0,79,,57748,13,,,0,40,,57756,13,,,0,80,,57758,13,,,0,80,,57757,13,,,0,39,,57759,13,,,0
2700,'5372',718,,42467,13,,,0,110,,42479,13,,,0,22,,57766,13,,,0,64,,42491,13,,,0,25,,42474,13,,,0,66,,57761,13,,,0,25,,42462,13,,,0,26,,42461,13,,,0,67,,42464,13,,,0,26,,57764,13,,,0,67,,42488,13,,,0,26,,42471,13,,,0,66,,57762,13,,,0,26,,42469,13,,,0,24,,42470,13,,,0,65,,42472,13,,,0,22,,57763,13,,,0,62,,42468,13,,,0,15,,42495,13,,,0,16,,51679,13,,,0,16,,42500,13,,,0,56,,42501,13,,,0,16,,42480,13,,,0,16,,57765,13,,,0,16,,50188,13,,,0,57,,42476,13,,,0,16,,42482,13,,,0,70,,42481,13,,,0,16,,42483,13,,,0,15,,42484,13,,,0,21,,42486,13,,,0,90,,42487,13,,,0,68,,42492,13,,,0,97,,42494,13,,,0,29,,42493,13,,,0,106,,42497,13,,,0,80,,42498,13,,,0,79,,42496,13,,,0
2700,'5373',1745,,42613,13,,,0,171,,42614,13,,,0,124,,42615,13,,,0,167,,42616,13,,,0
2700,'5377',711,,42617,13,,,0,30,,42619,13,,,0,69,,42620,13,,,0,30,,42621,13,,,0,70,,42622,13,,,0,28,,42623,13,,,0,67,,42624,13,,,0,27,,42625,13,,,0,27,,42626,13,,,0,64,,42627,13,,,0,25,,42628,13,,,0,63,,42629,13,,,0,23,,42630,13,,,0,22,,42631,13,,,0,64,,42632,13,,,0,23,,42633,13,,,0,63,,42634,13,,,0,23,,42635,13,,,0,22,,42636,13,,,0,63,,42637,13,,,0,23,,42638,13,,,0,63,,42639,13,,,0,23,,42640,13,,,0,23,,42641,13,,,0,63,,42642,13,,,0,23,,42643,13,,,0,24,,42644,13,,,0,64,,42645,13,,,0,25,,42646,13,,,0,66,,42647,13,,,0,28,,42648,13,,,0,69,,42649,13,,,0,30,,42650,13,,,0,70,,42651,13,,,0,36,,42652,13,,,0,83,,42653,13,,,0,80,,42654,13,,,0,101,,42655,13,,,0
2700,'5381',1745,,42559,13,,,0,171,,42560,13,,,0,124,,42561,13,,,0,167,,42562,13,,,0
2700,'5383',638,,57768,13,,,0,71,,57769,13,,,0,27,,57770,13,,,0,70,,57771,13,,,0,27,,57772,13,,,0,67,,57773,13,,,0,26,,57774,13,,,0,26,,57775,13,,,0,65,,57776,13,,,0,22,,57777,13,,,0,62,,57778,13,,,0,23,,57779,13,,,0,22,,57780,13,,,0,62,,57781,13,,,0,22,,57782,13,,,0,23,,57783,13,,,0,63,,57784,13,,,0,23,,57785,13,,,0,63,,57786,13,,,0,19,,57787,13,,,0,21,,57788,13,,,0,60,,57789,13,,,0,22,,57790,13,,,0,21,,57791,13,,,0,60,,57792,13,,,0,20,,57793,13,,,0,21,,57794,13,,,0,59,,57795,13,,,0,21,,57796,13,,,0,20,,57797,13,,,0,60,,57798,13,,,0,20,,57799,13,,,0,21,,57800,13,,,0,66,,57801,13,,,0,26,,57802,13,,,0,69,,57803,13,,,0,30,,57804,13,,,0,69,,57805,13,,,0,30,,57806,13,,,0,70,,57807,13,,,0,34,,57808,13,,,0,72,,57809,13,,,0,30,,57810,13,,,0,71,,57811,13,,,0,30,,57812,13,,,0,68,,57813,13,,,0,30,,57814,13,,,0,70,,57815,13,,,0,30,,57816,13,,,0
2700,'5384',711,,57817,13,,,0,30,,57819,13,,,0,69,,57820,13,,,0,30,,57821,13,,,0,70,,57822,13,,,0,28,,57823,13,,,0,67,,57824,13,,,0,27,,57825,13,,,0,27,,57826,13,,,0,64,,57827,13,,,0,25,,57828,13,,,0,63,,57829,13,,,0,23,,57830,13,,,0,22,,57831,13,,,0,64,,57832,13,,,0,23,,57833,13,,,0,63,,57834,13,,,0,23,,57835,13,,,0,22,,57836,13,,,0,63,,57837,13,,,0,23,,57838,13,,,0,63,,57839,13,,,0,23,,57840,13,,,0,23,,57841,13,,,0,63,,57842,13,,,0,23,,57843,13,,,0,24,,57844,13,,,0,64,,57845,13,,,0,25,,57846,13,,,0,66,,57847,13,,,0,28,,57848,13,,,0,69,,57849,13,,,0,30,,57850,13,,,0,70,,57851,13,,,0,36,,57852,13,,,0,83,,57853,13,,,0,80,,57854,13,,,0,101,,57855,13,,,0
2700,'5385',718,,57864,13,,,0,110,,57876,13,,,0,22,,57901,13,,,0,64,,57888,13,,,0,25,,57871,13,,,0,66,,57860,13,,,0,25,,57859,13,,,0,26,,57858,13,,,0,67,,57861,13,,,0,26,,57875,13,,,0,67,,57885,13,,,0,26,,57868,13,,,0,66,,57862,13,,,0,26,,57866,13,,,0,24,,57867,13,,,0,65,,57869,13,,,0,22,,57874,13,,,0,62,,57865,13,,,0,15,,57892,13,,,0,16,,57896,13,,,0,16,,57897,13,,,0,56,,57898,13,,,0,16,,57877,13,,,0,16,,57899,13,,,0,16,,57872,13,,,0,57,,57873,13,,,0,16,,57879,13,,,0,70,,57878,13,,,0,16,,57880,13,,,0,15,,57881,13,,,0,21,,57883,13,,,0,90,,57884,13,,,0,68,,57889,13,,,0,97,,57891,13,,,0,29,,57890,13,,,0,106,,57894,13,,,0,80,,57895,13,,,0,79,,57893,13,,,0
2700,'5387',1745,,57902,13,,,0,171,,57903,13,,,0,124,,57904,13,,,0,167,,57905,13,,,0
2700,'5388',1745,,57906,13,,,0,171,,57907,13,,,0,124,,57908,13,,,0,167,,57909,13,,,0
2800,'4663',554,,58131,13,,,0,63,,58127,13,,,0,22,,58126,13,,,0,11,,58129,13,,,0,52,,58149,13,,,0,8,,58130,13,,,0,22,,58134,13,,,0,13,,58145,13,,,0,12,,58135,13,,,0,57,,58132,13,,,0,24,,58133,13,,,0,64,,58175,13,,,0,24,,58136,13,,,0,26,,58137,13,,,0,66,,58150,13,,,0,25,,58155,13,,,0,67,,58142,13,,,0,26,,58138,13,,,0,66,,58139,13,,,0,27,,58141,13,,,0,26,,58140,13,,,0,67,,58148,13,,,0,24,,58156,13,,,0,64,,58144,13,,,0,24,,58143,13,,,0,22,,58168,13,,,0,74,,58147,13,,,0,72,,58146,13,,,0,32,,58169,13,,,0,72,,58164,13,,,0,32,,58170,13,,,0,71,,58151,13,,,0,16,,58171,13,,,0,17,,58158,13,,,0,62,,58154,13,,,0,26,,58152,13,,,0,27,,58153,13,,,0,69,,58163,13,,,0,28,,58160,13,,,0,69,,58162,13,,,0,29,,58161,13,,,0,71,,58159,13,,,0,80,,58166,13,,,0,39,,58167,13,,,0,80,,58165,13,,,0,80,,58172,13,,,0,40,,58174,13,,,0,80,,58173,13,,,0
2800,'5372',554,,58177,13,,,0,63,,42944,13,,,0,22,,42943,13,,,0,11,,42946,13,,,0,52,,42965,13,,,0,8,,58176,13,,,0,22,,42951,13,,,0,13,,42962,13,,,0,12,,42952,13,,,0,57,,42949,13,,,0,24,,58178,13,,,0,64,,42988,13,,,0,24,,42953,13,,,0,26,,42954,13,,,0,66,,58181,13,,,0,25,,42971,13,,,0,67,,42959,13,,,0,26,,58179,13,,,0,66,,42956,13,,,0,27,,42958,13,,,0,26,,42957,13,,,0,67,,58180,13,,,0,24,,42972,13,,,0,64,,42961,13,,,0,24,,42960,13,,,0,22,,58182,13,,,0,74,,42963,13,,,0,104,,42985,13,,,0,72,,42980,13,,,0,32,,42986,13,,,0,71,,42967,13,,,0,16,,58183,13,,,0,17,,42974,13,,,0,62,,42970,13,,,0,26,,42968,13,,,0,27,,42969,13,,,0,69,,42979,13,,,0,28,,42976,13,,,0,69,,42978,13,,,0,29,,42977,13,,,0,71,,42975,13,,,0,80,,42982,13,,,0,39,,42983,13,,,0,80,,42981,13,,,0
2800,'5373',1602,,43089,13,,,0
2800,'5377',825,,43094,13,,,0,30,,43095,13,,,0,70,,43096,13,,,0,26,,43097,13,,,0,67,,43098,13,,,0,27,,43099,13,,,0,66,,43100,13,,,0,25,,43101,13,,,0,64,,43102,13,,,0,23,,43103,13,,,0,22,,43104,13,,,0,63,,43105,13,,,0,24,,43106,13,,,0,23,,43107,13,,,0,63,,43108,13,,,0,22,,43109,13,,,0,63,,43110,13,,,0,23,,43111,13,,,0,23,,43112,13,,,0,63,,43113,13,,,0,23,,43114,13,,,0,23,,43115,13,,,0,63,,43116,13,,,0,23,,43117,13,,,0,64,,43118,13,,,0,25,,43119,13,,,0,25,,43120,13,,,0,67,,43121,13,,,0,29,,43122,13,,,0,69,,43123,13,,,0,30,,43124,13,,,0,71,,43125,13,,,0,80,,43126,13,,,0,43,,43127,13,,,0,86,,43128,13,,,0
2800,'5381',1602,,43039,13,,,0
2800,'5383',752,,58188,13,,,0,69,,58189,13,,,0,25,,58190,13,,,0,67,,58191,13,,,0,26,,58192,13,,,0,66,,58184,13,,,0,23,,58193,13,,,0,22,,58194,13,,,0,62,,58195,13,,,0,23,,58196,13,,,0,22,,58197,13,,,0,62,,58198,13,,,0,22,,58199,13,,,0,63,,58200,13,,,0,24,,58201,13,,,0,22,,58202,13,,,0,62,,58203,13,,,0,20,,58204,13,,,0,20,,58205,13,,,0,61,,58206,13,,,0,22,,58207,13,,,0,20,,58208,13,,,0,60,,58209,13,,,0,21,,58210,13,,,0,19,,58211,13,,,0,61,,58212,13,,,0,20,,58213,13,,,0,20,,58214,13,,,0,60,,58215,13,,,0,20,,58216,13,,,0,23,,58217,13,,,0,66,,58218,13,,,0,28,,58219,13,,,0,70,,58220,13,,,0,30,,58221,13,,,0,69,,58222,13,,,0,30,,58223,13,,,0,71,,58224,13,,,0,35,,58225,13,,,0,71,,58226,13,,,0,30,,58227,13,,,0,70,,58228,13,,,0,30,,58229,13,,,0,68,,58230,13,,,0,30,,58231,13,,,0,70,,58232,13,,,0
2800,'5384',825,,58237,13,,,0,30,,58238,13,,,0,70,,58239,13,,,0,26,,58240,13,,,0,67,,58241,13,,,0,27,,58242,13,,,0,66,,58243,13,,,0,25,,58244,13,,,0,64,,58245,13,,,0,23,,58246,13,,,0,22,,58247,13,,,0,63,,58248,13,,,0,24,,58249,13,,,0,23,,58250,13,,,0,63,,58251,13,,,0,22,,58252,13,,,0,63,,58253,13,,,0,23,,58254,13,,,0,23,,58255,13,,,0,63,,58256,13,,,0,23,,58257,13,,,0,23,,58258,13,,,0,63,,58259,13,,,0,23,,58260,13,,,0,64,,58261,13,,,0,25,,58262,13,,,0,25,,58263,13,,,0,67,,58264,13,,,0,29,,58265,13,,,0,69,,58266,13,,,0,30,,58267,13,,,0,71,,58268,13,,,0,80,,58269,13,,,0,43,,58270,13,,,0,86,,58271,13,,,0
2800,'5385',554,,58277,13,,,0,63,,58273,13,,,0,22,,58272,13,,,0,11,,58275,13,,,0,52,,58294,13,,,0,8,,58276,13,,,0,22,,58280,13,,,0,13,,58291,13,,,0,12,,58281,13,,,0,57,,58278,13,,,0,24,,58279,13,,,0,64,,58317,13,,,0,24,,58282,13,,,0,26,,58283,13,,,0,66,,58295,13,,,0,25,,58300,13,,,0,67,,58288,13,,,0,26,,58284,13,,,0,66,,58285,13,,,0,27,,58287,13,,,0,26,,58286,13,,,0,67,,58293,13,,,0,24,,58301,13,,,0,64,,58290,13,,,0,24,,58289,13,,,0,22,,58313,13,,,0,74,,58292,13,,,0,104,,58314,13,,,0,72,,58309,13,,,0,32,,58315,13,,,0,71,,58296,13,,,0,16,,58316,13,,,0,17,,58303,13,,,0,62,,58299,13,,,0,26,,58297,13,,,0,27,,58298,13,,,0,69,,58308,13,,,0,28,,58305,13,,,0,69,,58307,13,,,0,29,,58306,13,,,0,71,,58304,13,,,0,80,,58311,13,,,0,39,,58312,13,,,0,80,,58310,13,,,0
2800,'5387',1602,,58318,13,,,0
2800,'5388',1602,,58319,13,,,0
