6101,'4532',609,,74624,30,,,0,96,,74625,31,,,0,38,,74626,31,,,0,101,,74627,31,,,0,84,,74628,31,,,0,89,,74629,31,,,0,31,,74630,31,,,0,88,,74631,31,,,0,72,,74632,31,,,0,32,,74633,31,,,0,84,,74634,31,,,0,78,,74635,31,,,0,36,,74636,31,,,0,75,,74637,31,,,0,26,,74638,31,,,0,76,,74639,31,,,0,38,,74640,31,,,0,73,,74641,31,,,0,74,,74642,31,,,0,36,,74643,31,,,0,76,,74644,31,,,0,36,,74645,31,,,0,81,,74646,31,,,0,83,,74647,31,,,0,98,,74648,31,,,0,46,,74649,31,,,0,99,,74650,31,,,0,82,,74651,31,,,0,100,,74652,31,,,0
6101,'4623',537,,74592,31,,,0,68,,74574,31,,,0,30,,74571,31,,,0,66,,74572,31,,,0,37,,74591,31,,,0,79,,74577,31,,,0,38,,74570,31,,,0,64,,74594,31,,,0,34,,74573,31,,,0,90,,74575,31,,,0,76,,74590,31,,,0,37,,74579,31,,,0,77,,74576,31,,,0,77,,74593,31,,,0,27,,74580,31,,,0,76,,74578,31,,,0,33,,74561,31,,,0,71,,74560,31,,,0,33,,74562,31,,,0,67,,74595,54,,,0,18,,74567,31,,,0,17,,74581,54,,,0,75,,74564,54,,,0,20,,74566,54,,,0,11,,74563,54,,,0,62,,74569,54,,,0,35,,74568,54,,,0,53,,74584,31,,,0,30,,74565,31,,,0,86,,74582,31,,,0,89,,74583,31,,,0,98,,74586,31,,,0,44,,74585,31,,,0,96,,74587,31,,,0,85,,74588,31,,,0,99,,74589,31,,,0
6101,'4832',614,,74690,30,,,0,102,,74688,30,,,0,34,,74691,31,,,0,89,,74689,31,,,0,94,,74692,31,,,0,87,,74693,31,,,0,87,,74694,31,,,0,47,,74695,31,,,0,103,,74696,31,,,0,86,,74697,31,,,0,101,,74698,31,,,0,85,,74699,31,,,0,101,,74700,31,,,0,80,,74701,31,,,0,100,,74702,31,,,0,90,,74703,31,,,0,57,,74704,31,,,0,100,,74705,31,,,0,81,,74706,31,,,0,99,,74707,31,,,0,96,,74708,31,,,0
6101,'4833',609,,74596,30,,,0,96,,74597,31,,,0,38,,74598,31,,,0,101,,74599,31,,,0,84,,74600,31,,,0,89,,74601,31,,,0,31,,74602,31,,,0,88,,74603,31,,,0,72,,74604,31,,,0,32,,74605,31,,,0,84,,74606,31,,,0,78,,74607,31,,,0,36,,74608,31,,,0,75,,74609,31,,,0,26,,74610,31,,,0,76,,74611,31,,,0,38,,74612,31,,,0,73,,74613,31,,,0,74,,74614,31,,,0,36,,74615,31,,,0,76,,74616,31,,,0,36,,74617,31,,,0,81,,74618,31,,,0,83,,74619,31,,,0,98,,74620,31,,,0,46,,74621,31,,,0,99,,74622,31,,,0,82,,74623,31,,,0
6101,'5222',537,,74684,31,,,0,68,,74667,31,,,0,30,,74664,31,,,0,66,,74665,31,,,0,37,,74683,31,,,0,79,,74670,31,,,0,38,,74663,31,,,0,64,,74686,31,,,0,34,,74666,31,,,0,90,,74668,31,,,0,76,,74682,31,,,0,37,,74672,31,,,0,77,,74669,31,,,0,77,,74685,31,,,0,27,,74673,31,,,0,76,,74671,31,,,0,33,,74654,31,,,0,71,,74653,31,,,0,33,,74655,31,,,0,67,,74687,54,,,0,18,,74660,31,,,0,17,,74674,54,,,0,75,,74657,54,,,0,20,,74659,54,,,0,11,,74656,54,,,0,62,,74662,54,,,0,35,,74661,54,,,0,53,,74677,31,,,0,30,,74658,31,,,0,86,,74675,31,,,0,89,,74676,31,,,0,98,,74679,31,,,0,44,,74678,31,,,0,96,,74680,31,,,0,85,,74681,31,,,0
6101,'5390',614,,74711,30,,,0,102,,74709,30,,,0,34,,74712,31,,,0,89,,74710,31,,,0,94,,74713,31,,,0,87,,74714,31,,,0,87,,74715,31,,,0,47,,74716,31,,,0,103,,74717,31,,,0,86,,74718,31,,,0,101,,74719,31,,,0,85,,74720,31,,,0,101,,74721,31,,,0,80,,74722,31,,,0,100,,74723,31,,,0,90,,74724,31,,,0,57,,74725,31,,,0,100,,74726,31,,,0,81,,74727,31,,,0,99,,74728,31,,,0,96,,74729,31,,,0
6401,'4623',734,,74757,69,,,0,203,,74755,24,,,0,377,,74758,69,,,0,294,,74756,24,,,0
6401,'5222',734,,74764,69,,,0,203,,74762,24,,,0,377,,74765,69,,,0,294,,74763,24,,,0
6501,'4623',1708,,74774,49,,,0,27,,74777,49,,,0,71,,74776,49,,,0,29,,74775,49,,,0
6501,'5222',1708,,74778,49,,,0,27,,74781,49,,,0,71,,74780,49,,,0,29,,74779,49,,,0
