2701,'4332',633,,57977,15,,,0,77,,57978,15,,,0,31,,57979,15,,,0,70,,57980,15,,,0,30,,57981,15,,,0,67,,57982,15,,,0,28,,57983,15,,,0,67,,57984,15,,,0,26,,57985,15,,,0,26,,57986,15,,,0,62,,57987,15,,,0,23,,57988,15,,,0,63,,57989,15,,,0,22,,57990,15,,,0,23,,57993,15,,,0,62,,57992,15,,,0,23,,57994,15,,,0,23,,57991,15,,,0,63,,57995,15,,,0,23,,57996,15,,,0,60,,57997,15,,,0,21,,57998,15,,,0,21,,57999,15,,,0,61,,58000,15,,,0,21,,58001,15,,,0,20,,58002,15,,,0,59,,58003,15,,,0,20,,58004,15,,,0,19,,58005,15,,,0,61,,58006,15,,,0,20,,58007,15,,,0,20,,58008,15,,,0,60,,58009,15,,,0,20,,58010,15,,,0,26,,58011,15,,,0,66,,58012,15,,,0,29,,58013,15,,,0,70,,58014,15,,,0,28,,58015,15,,,0,70,,58016,15,,,0,30,,58017,15,,,0,72,,58018,15,,,0,31,,58019,15,,,0,70,,58020,15,,,0,30,,58021,15,,,0,68,,58022,15,,,0,28,,58023,15,,,0,70,,58024,15,,,0,30,,58025,15,0,16 49,0,68,,58026,15,0,16 49,0
2701,'4661',530,,58067,15,,,0,81,,58066,15,,,0,26,,58072,15,,,0,22,,58079,15,,,0,70,,58096,15,,,0,26,,58073,15,,,0,64,,58105,15,,,0,30,,58106,15,,,0,60,,58086,15,,,0,22,,58117,15,,,0,22,,58104,15,,,0,65,,58080,15,,,0,27,,58069,15,,,0,65,,58068,15,,,0,27,,58070,15,,,0,67,,58071,15,,,0,27,,58085,15,,,0,27,,58103,15,,,0,66,,58074,15,,,0,26,,58075,15,,,0,67,,58078,15,,,0,25,,58076,15,,,0,66,,58077,15,,,0,32,,58116,15,,,0,16,,58097,15,,,0,73,,58111,15,,,0,71,,58113,15,,,0,32,,58098,15,,,0,68,,58091,15,,,0,13,,58089,15,,,0,28,,58092,15,,,0,15,,58093,15,,,0,55,,58094,15,,,0,21,,58095,15,,,0,89,,58100,15,,,0,28,,58101,15,,,0,96,,58102,15,,,0,69,,58099,15,,,0,104,,58110,15,,,0,39,,58108,15,,,0,77,,58109,15,,,0
2701,'4663',530,,57911,15,,,0,81,,57910,15,,,0,26,,57916,15,,,0,22,,57923,15,,,0,70,,57941,15,,,0,26,,57917,15,,,0,64,,57951,15,,,0,30,,57952,15,,,0,60,,57930,15,,,0,22,,57969,15,,,0,22,,57950,15,,,0,65,,57924,15,,,0,27,,57913,15,,,0,65,,57912,15,,,0,27,,57914,15,,,0,67,,57915,15,,,0,27,,57929,15,,,0,27,,57949,15,,,0,66,,57918,15,,,0,26,,57919,15,,,0,64,,57958,15,,,0,3,,57922,15,,,0,25,,57920,15,,,0,66,,57921,15,,,0,48,,57942,15,,,0,73,,57959,15,,,0,71,,57961,15,,,0,32,,57943,15,,,0,68,,57935,15,,,0,13,,57933,15,,,0,13,,57962,15,,,0,15,,57936,15,,,0,15,,57937,15,,,0,55,,57938,15,,,0,21,,57939,15,,,0,23,,57940,15,,,0,66,,57945,15,,,0,28,,57946,15,,,0,69,,57947,15,,,0,27,,57948,15,,,0,69,,57944,15,,,0,29,,57954,15,,,0,75,,57957,15,,,0,39,,57955,15,,,0,77,,57956,15,,,0,82,,57966,15,,,0,40,,57967,15,,,0,78,,57965,15,0,16 49,0,79,,57968,15,0,16 49,0
2701,'4682',1826,,58125,15,,,0,129,,58122,15,,,0,163,,58123,15,,,0,125,,58124,15,,,0
2701,'5078',702,,58027,15,,,0,42,,58028,15,,,0,70,,58029,15,,,0,29,,58030,15,,,0,72,,58031,15,,,0,31,,58032,15,,,0,69,,58033,15,,,0,28,,58034,15,,,0,67,,58035,15,,,0,27,,58036,15,,,0,65,,58037,15,,,0,25,,58038,15,,,0,23,,58039,15,,,0,64,,58040,15,,,0,22,,58041,15,,,0,64,,58042,15,,,0,23,,58043,15,,,0,23,,58044,15,,,0,63,,58045,15,,,0,23,,58046,15,,,0,23,,58047,15,,,0,63,,58048,15,,,0,22,,58049,15,,,0,63,,58050,15,,,0,23,,58051,15,,,0,23,,58052,15,,,0,63,,58053,15,,,0,22,,58054,15,,,0,24,,58055,15,,,0,65,,58056,15,,,0,25,,58057,15,,,0,68,,58058,15,,,0,29,,58059,15,,,0,70,,58060,15,,,0,30,,58061,15,,,0,75,,58062,15,,,0,81,,58063,15,,,0,39,,58064,15,,,0,98,,58065,15,0,16 49,0
2701,'5387',1826,,58121,15,,,0,129,,58118,15,,,0,163,,58119,15,,,0,125,,58120,15,,,0
2801,'4332',653,,58379,20,,,0,73,,58380,20,,,0,31,,58381,20,,,0,69,,58382,20,,,0,28,,58383,20,,,0,68,,58384,20,,,0,27,,58385,20,,,0,67,,58386,20,,,0,27,,58378,20,,,0,63,,58387,20,,,0,22,,58388,20,,,0,23,,58389,20,,,0,63,,58390,20,,,0,23,,58391,20,,,0,22,,58393,20,,,0,62,,58392,20,,,0,23,,58394,20,,,0,64,,58395,20,,,0,22,,58396,20,,,0,22,,58399,20,,,0,61,,58400,20,,,0,21,,58397,20,,,0,21,,58398,20,,,0,61,,58401,20,,,0,20,,58402,20,,,0,20,,58403,20,,,0,59,,58404,20,,,0,19,,58405,20,,,0,21,,58406,20,,,0,60,,58407,20,,,0,20,,58408,20,,,0,20,,58409,20,,,0,60,,58410,20,,,0,23,,58411,20,,,0,66,,58412,20,,,0,28,,58413,20,,,0,69,,58414,20,,,0,30,,58415,20,,,0,28,,58416,20,,,0,69,,58417,20,,,0,72,,58418,20,,,0,32,,58419,20,,,0,70,,58420,20,,,0,31,,58421,20,,,0,68,,58422,20,,,0,28,,58423,20,,,0,29,,58424,20,,,0,68,,58425,20,0,16 49,0,28,,58426,20,0,16 49,0
2801,'4661',557,,58466,20,,,0,68,,58471,20,,,0,24,,58467,20,,,0,62,,58469,20,,,0,12,,58470,20,,,0,12,,58488,20,,,0,13,,58468,20,,,0,53,,58501,20,,,0,11,,58472,20,,,0,13,,58485,20,,,0,12,,58474,20,,,0,22,,58473,20,,,0,60,,58476,20,,,0,23,,58511,20,,,0,63,,58475,20,,,0,26,,58477,20,,,0,26,,58489,20,,,0,66,,58499,20,,,0,27,,58481,20,,,0,67,,58478,20,,,0,27,,58479,20,,,0,67,,58480,20,,,0,26,,58483,20,,,0,66,,58487,20,,,0,27,,58500,20,,,0,25,,58484,20,,,0,69,,58482,20,,,0,17,,58507,20,,,0,73,,58486,20,,,0,103,,58508,20,,,0,31,,58502,20,,,0,173,,58492,20,,,0,22,,58491,20,,,0,65,,58493,20,,,0,27,,58494,20,,,0,68,,58495,20,,,0,28,,58496,20,,,0,28,,58497,20,,,0,69,,58498,20,,,0,31,,58504,20,,,0,78,,58505,20,,,0,78,,58503,20,,,0,40,,58506,20,,,0
2801,'4663',557,,58320,20,,,0,68,,58325,20,,,0,24,,58321,20,,,0,62,,58323,20,,,0,12,,58324,20,,,0,12,,58343,20,,,0,13,,58322,20,,,0,53,,58356,20,,,0,11,,58326,20,,,0,13,,58339,20,,,0,12,,58328,20,,,0,22,,58327,20,,,0,60,,58330,20,,,0,23,,58369,20,,,0,63,,58329,20,,,0,26,,58331,20,,,0,26,,58344,20,,,0,66,,58354,20,,,0,27,,58335,20,,,0,67,,58332,20,,,0,27,,58333,20,,,0,67,,58334,20,,,0,26,,58337,20,,,0,66,,58342,20,,,0,27,,58355,20,,,0,25,,58338,20,,,0,69,,58336,20,,,0,17,,58362,20,,,0,73,,58340,20,,,0,32,,58341,20,,,0,71,,58363,20,,,0,31,,58357,20,,,0,173,,58347,20,,,0,22,,58346,20,,,0,65,,58348,20,,,0,27,,58349,20,,,0,68,,58350,20,,,0,28,,58351,20,,,0,28,,58352,20,,,0,69,,58353,20,,,0,31,,58359,20,,,0,78,,58360,20,,,0,78,,58358,20,,,0,40,,58361,20,,,0,81,,58366,20,,,0,75,,58368,20,0,16 49,0,39,,58367,20,0,16 49,0
2801,'4682',1646,,58513,20,,,0
2801,'5078',632,,58428,20,,,0,96,,58429,20,,,0,30,,58430,20,,,0,70,,58431,20,,,0,30,,58427,20,,,0,72,,58432,20,,,0,71,,58433,20,,,0,28,,58434,20,,,0,27,,58435,20,,,0,67,,58436,20,,,0,26,,58437,20,,,0,65,,58438,20,,,0,24,,58439,20,,,0,64,,58440,20,,,0,23,,58441,20,,,0,23,,58442,20,,,0,63,,58443,20,,,0,23,,58444,20,,,0,23,,58445,20,,,0,63,,58446,20,,,0,23,,58447,20,,,0,63,,58448,20,,,0,22,,58449,20,,,0,23,,58450,20,,,0,63,,58451,20,,,0,24,,58452,20,,,0,62,,58453,20,,,0,23,,58454,20,,,0,23,,58455,20,,,0,65,,58456,20,,,0,25,,58457,20,,,0,66,,58458,20,,,0,28,,58459,20,,,0,70,,58460,20,,,0,30,,58461,20,,,0,70,,58462,20,,,0,40,,58463,20,,,0,80,,58464,20,,,0,83,,58465,20,,,0
2801,'5387',1646,,58512,20,,,0
