2601,'4858',607,,4997,,,0,22,,4998,,,0,18,,4999,,,0,54,,4996,,,0,16,,5005,,,0,16,,5016,,,0,17,,5011,,,0,56,,5027,,,0,14,,5007,,,0,13,,5012,,,0,11,,5009,,,0,15,,5015,,,0,54,,5006,,,0,14,,5014,,,0,15,,5022,,,0,15,,5008,,,0,55,,5010,,,0,15,,5017,,,0,15,,5026,,,0,15,,5002,,,0,55,,5000,,,0,15,,5003,,,0,15,,5013,,,0,14,,5018,,,0,55,,5023,,,0,16,,5019,,,0,14,,5020,,,0,15,,5024,,,0,56,,5025,,,0,15,,5021,,,0,14,,5004,,,0,12,,5045,,,0,53,,5001,,,0,12,,5041,,,0,14,,5039,,,0,15,,5032,,,0,12,,5031,,,0,55,,5033,,,0,15,,5030,,,0,16,,5028,,,0,55,,5040,,,0,16,,5035,,,0,17,,5044,,,0,16,,5038,,,0,57,,5036,,,0,16,,5043,,,0,16,,5037,,,0,14,,5029,,,0,57,,4991,,,0,17,,4990,,,0,13,,4992,,,0,15,,4995,,,0,55,,4993,,,0,16,,5034,,,0,15,,5042,,,0,60,,4989,,,0,20,,4994,,,0,20,,4987,,,0,18,,4984,,,0,60,,4980,,,0,20,,4988,,,0,69,,4979,,,0,31,,4982,,,0,71,,4983,,,0,30,,4985,,,0,69,,4986,,,0,31,,4981,,,0
2601,'4867',607,,5065,,,0,22,,5066,,,0,18,,5067,,,0,54,,5064,,,0,16,,5073,,,0,16,,5084,,,0,17,,5079,,,0,56,,5095,,,0,14,,5075,,,0,13,,5080,,,0,11,,5077,,,0,15,,5083,,,0,54,,5074,,,0,14,,5082,,,0,15,,5090,,,0,15,,5076,,,0,55,,5078,,,0,15,,5085,,,0,15,,5094,,,0,15,,5070,,,0,55,,5068,,,0,15,,5071,,,0,15,,5081,,,0,14,,5086,,,0,55,,5091,,,0,16,,5087,,,0,14,,5088,,,0,15,,5092,,,0,56,,5093,,,0,15,,5089,,,0,14,,5072,,,0,12,,5113,,,0,53,,5069,,,0,12,,5109,,,0,14,,5107,,,0,15,,5100,,,0,12,,5099,,,0,55,,5101,,,0,15,,5098,,,0,16,,5096,,,0,55,,5108,,,0,16,,5103,,,0,17,,5112,,,0,16,,5106,,,0,57,,5104,,,0,16,,5111,,,0,16,,5105,,,0,14,,5097,,,0,57,,5059,,,0,17,,5058,,,0,13,,5060,,,0,15,,5063,,,0,55,,5061,,,0,16,,5102,,,0,15,,5110,,,0,60,,5057,,,0,20,,5062,,,0,20,,5055,,,0,18,,5051,,,0,60,,5047,,,0,20,,5056,,,0,69,,5046,,,0,31,,5049,,,0,71,,5050,,,0,30,,5053,,,0,69,,5054,,,0,31,,5048,,,0,70,,5052,,,0
2601,'4868',633,,5115,,,0,70,,5116,,,0,26,,5117,,,0,17,,5118,,,0,57,,5119,,,0,17,,5120,,,0,17,,5121,,,0,19,,5122,,,0,57,,5123,,,0,17,,5124,,,0,17,,5125,,,0,57,,5126,,,0,17,,5127,,,0,17,,5128,,,0,17,,5129,,,0,58,,5130,,,0,17,,5131,,,0,18,,5114,,,0,57,,5132,,,0,17,,5133,,,0,17,,5134,,,0,17,,5135,,,0,57,,5136,,,0,16,,5137,,,0,17,,5138,,,0,57,,5139,,,0,17,,5140,,,0,17,,5141,,,0,17,,5142,,,0,56,,5143,,,0,16,,5144,,,0,16,,5145,,,0,15,,5146,,,0,57,,5147,,,0,17,,5148,,,0,17,,5149,,,0,56,,5150,,,0,17,,5151,,,0,18,,5152,,,0,20,,5153,,,0,60,,5154,,,0,20,,5155,,,0,20,,5156,,,0,60,,5157,,,0,20,,5158,,,0,18,,5159,,,0,60,,5160,,,0,19,,5161,,,0,20,,5162,,,0,60,,5163,,,0,20,,5164,,,0,20,,5165,,,0,60,,5166,,,0,22,,5167,,,0,70,,5168,,,0,30,,5169,,,0,70,,5170,,,0,30,,5171,,,0,71,,5172,,,0
2601,'4869',653,,5196,,,0,62,,5183,,,0,23,,5173,,,0,62,,5192,,,0,20,,5197,,,0,26,,5182,,,0,61,,5175,,,0,20,,5193,,,0,23,,5186,,,0,58,,5176,,,0,18,,5180,,,0,18,,5174,,,0,58,,5194,,,0,18,,5178,,,0,19,,5199,,,0,18,,5177,,,0,58,,5181,,,0,18,,5179,,,0,18,,5190,,,0,58,,5187,,,0,18,,5200,,,0,18,,5184,,,0,58,,5195,,,0,18,,5188,,,0,18,,5191,,,0,18,,5189,,,0,58,,5198,,,0,18,,5185,,,0,18,,5209,,,0,58,,5204,,,0,18,,5208,,,0,17,,5202,,,0,57,,5211,,,0,17,,5201,,,0,20,,5207,,,0,20,,5205,,,0,60,,5206,,,0,20,,5210,,,0,20,,5203,,,0,59,,5213,,,0,19,,5219,,,0,20,,5215,,,0,60,,5218,,,0,20,,5214,,,0,20,,5212,,,0,60,,5216,,,0,22,,5217,,,0,70,,5220,,,0,30,,5221,,,0,70,,5222,,,0,30,,5223,,,0
7201,'4858',618,,8866,,,0,41,,8856,,,0,72,,8867,,,0,74,,8858,,,0,32,,8845,,,0,86,,8865,,,0,29,,8871,,,0,70,,8850,,,0,31,,8864,,,0,70,,8857,,,0,33,,8842,,,0,70,,8868,,,0,30,,8855,,,0,71,,8849,,,0,30,,8843,,,0,71,,8844,,,0,105,,8848,,,0,71,,8872,,,0,31,,8847,,,0,66,,8851,,,0,28,,8854,,,0,29,,8853,,,0,96,,8852,,,0,70,,8873,,,0,29,,8860,,,0,70,,8861,,,0,30,,8859,,,0,70,,8862,,,0,30,,8863,,,0,96,,8870,,,0,97,,8869,,,0,99,,8874,,,0
7201,'4859',856,,8875,,,0,644,,8876,,,0,327,,8877,,,0
7201,'4866',856,,8879,,,0,647,,8878,,,0,324,,8880,,,0
7201,'4867',618,,8908,,,0,41,,8898,,,0,72,,8909,,,0,74,,8900,,,0,32,,8884,,,0,19,,8886,,,0,67,,8907,,,0,29,,8913,,,0,70,,8891,,,0,31,,8906,,,0,70,,8899,,,0,33,,8881,,,0,70,,8910,,,0,30,,8897,,,0,71,,8890,,,0,30,,8882,,,0,71,,8883,,,0,75,,8885,,,0,30,,8889,,,0,71,,8914,,,0,31,,8888,,,0,66,,8892,,,0,28,,8896,,,0,29,,8894,,,0,69,,8895,,,0,27,,8893,,,0,70,,8915,,,0,29,,8902,,,0,70,,8903,,,0,30,,8901,,,0,70,,8904,,,0,30,,8905,,,0,96,,8912,,,0,97,,8911,,,0,99,,8916,,,0
7201,'4868',747,,8918,,,0,100,,8919,,,0,73,,8920,,,0,32,,8921,,,0,70,,8922,,,0,32,,8923,,,0,71,,8924,,,0,31,,8925,,,0,70,,8926,,,0,30,,8917,,,0,70,,8927,,,0,29,,8928,,,0,71,,8929,,,0,74,,8930,,,0,31,,8931,,,0,28,,8932,,,0,72,,8933,,,0,28,,8934,,,0,67,,8935,,,0,27,,8936,,,0,70,,8937,,,0,28,,8938,,,0,70,,8939,,,0,28,,8940,,,0,70,,8941,,,0,31,,8942,,,0,69,,8943,,,0,30,,8944,,,0,100,,8945,,,0,97,,8946,,,0,98,,8947,,,0
7201,'4869',746,,8949,,,0,101,,8950,,,0,101,,8951,,,0,106,,8952,,,0,100,,8953,,,0,70,,8954,,,0,30,,8948,,,0,70,,8955,,,0,30,,8956,,,0,70,,8957,,,0,30,,8958,,,0,71,,8959,,,0,29,,8960,,,0,70,,8961,,,0,29,,8962,,,0,70,,8963,,,0,34,,8964,,,0,70,,8965,,,0,29,,8966,,,0,69,,8967,,,0,30,,8968,,,0,69,,8969,,,0,30,,8970,,,0,70,,8971,,,0,29,,8972,,,0,100,,8973,,,0,98,,8974,,,0
7501,'4858',613,,9100,,,0,28,,9101,,,0,64,,9102,,,0,20,,9103,,,0,25,,9104,,,0,65,,9105,,,0,19,,9106,,,0,20,,9107,,,0,63,,9108,,,0,32,,9109,,,0,80,,9110,,,0,30,,9111,,,0,73,,9112,,,0,69,,9113,,,0,30,,9114,,,0,71,,9115,,,0,30,,9116,,,0,70,,9117,,,0,33,,9118,,,0,73,,9119,,,0,32,,9120,,,0,62,,9134,,,0,8,,9121,,,0,18,,9122,,,0,14,,9123,,,0,9,,9124,,,0,54,,9125,,,0,5,,9126,,,0,27,,9127,,,0,67,,9128,,,0,29,,9129,,,0,99,,9130,,,0,196,,9131,,,0,98,,9132,,,0
7501,'4860',2028,,9135,,,0
7501,'4865',2028,,9137,,,0
7501,'4867',613,,9139,,,0,28,,9140,,,0,64,,9141,,,0,20,,9142,,,0,25,,9143,,,0,65,,9144,,,0,19,,9145,,,0,20,,9146,,,0,63,,9147,,,0,32,,9148,,,0,80,,9149,,,0,30,,9150,,,0,73,,9151,,,0,69,,9152,,,0,30,,9153,,,0,71,,9154,,,0,30,,9155,,,0,70,,9156,,,0,33,,9157,,,0,73,,9158,,,0,32,,9159,,,0,62,,9175,,,0,8,,9160,,,0,18,,9161,,,0,14,,9162,,,0,9,,9163,,,0,54,,9164,,,0,5,,9165,,,0,27,,9166,,,0,67,,9167,,,0,29,,9168,,,0,99,,9169,,,0,96,,9170,,,0,100,,9171,,,0,98,,9172,,,0
7501,'4868',814,,9177,,,0,101,,9178,,,0,113,,9179,,,0,104,,9180,,,0,101,,9181,,,0,70,,9182,,,0,30,,9183,,,0,70,,9184,,,0,30,,9185,,,0,74,,9186,,,0,30,,9187,,,0,70,,9188,,,0,30,,9189,,,0,70,,9190,,,0,30,,9191,,,0,96,,9192,,,0,94,,9193,,,0,99,,9194,,,0,100,,9195,,,0,100,,9196,,,0
7501,'4869',915,,9201,,,0,110,,9202,,,0,101,,9203,,,0,104,,9204,,,0,71,,9205,,,0,30,,9206,,,0,70,,9207,,,0,30,,9208,,,0,71,,9209,,,0,31,,9210,,,0,70,,9211,,,0,30,,9212,,,0,100,,9213,,,0,101,,9214,,,0,99,,9215,,,0,98,,9216,,,0,99,,9217,,,0,100,,9218,,,0
1002601,'4858',1441,,10413,4,,0,15,,10423,4,,0,54,,10409,4,,0,12,,10418,4,,0,14,,10411,4,,0,4,,10414,4,,0,12,,10410,4,,0,53,,10415,4,,0,18,,10416,4,,0,17,,10421,4,,0,17,,10417,4,,0,55,,10420,4,,0,19,,10412,4,,0,14,,10419,4,,0,56,,10408,4,,0,14,,10422,4,,0
1002601,'4867',1415,,10426,4,,0,26,,10429,4,,0,15,,10439,4,,0,54,,10425,4,,0,12,,10434,4,,0,18,,10430,4,,0,12,,10427,4,,0,53,,10431,4,,0,18,,10432,4,,0,17,,10437,4,,0,17,,10433,4,,0,55,,10436,4,,0,19,,10428,4,,0,14,,10435,4,,0,56,,10424,4,,0,14,,10438,4,,0
