1400,'4332',628,,49099,5,,,0,21,,49100,5,,,0,59,,49083,5,,,0,17,,49098,5,,,0,16,,49077,5,,,0,14,,49082,5,,,0,55,,49081,5,,,0,15,,49097,5,,,0,15,,49095,5,,,0,15,,49080,5,,,0,54,,49076,5,,,0,15,,49096,5,,,0,15,,49075,5,,,0,15,,49085,5,,,0,55,,49087,5,,,0,15,,49101,5,,,0,15,,49103,5,,,0,15,,49088,5,,,0,55,,49079,5,,,0,15,,49102,5,,,0,16,,49078,5,,,0,15,,49084,5,,,0,55,,49091,5,,,0,15,,49104,5,,,0,15,,49089,5,,,0,15,,49105,5,,,0,55,,49090,5,,,0,15,,49092,5,,,0,15,,49106,5,,,0,15,,49094,5,,,0,55,,49086,5,,,0,16,,49093,5,,,0,15,,49117,5,,,0,15,,49115,5,,,0,55,,49118,5,,,0,15,,49112,5,,,0,15,,49111,5,,,0,15,,49108,5,,,0,55,,49119,5,,,0,14,,49113,5,,,0,15,,49114,5,,,0,15,,49121,5,,,0,55,,49116,5,,,0,15,,49109,5,,,0,15,,49110,5,,,0,15,,49120,5,,,0,55,,49107,5,,,0,14,,49125,5,,,0,15,,49122,5,,,0,15,,49123,5,,,0,55,,49124,5,,,0,18,,49126,5,,,0,21,,49128,5,,,0,60,,49129,5,,,0,21,,49130,5,,,0,20,,49131,5,,,0,60,,49127,5,,,0,20,,49135,5,,,0,20,,49134,5,,,0,61,,49133,5,,,0,28,,49132,5,,,0,70,,49136,5,,,0,30,,51622,5,,,0,71,,49138,5,,,0,30,,49139,5,,,0,69,,39812,5,,,0,30,,39813,5,,,0,70,,49140,5,,,0
1400,'4661',548,,49326,5,,,0,60,,49334,5,,,0,15,,49345,5,,,0,15,,49327,5,,,0,15,,49354,5,,,0,52,,49335,5,,,0,11,,49373,5,,,0,13,,49337,5,,,0,13,,49328,5,,,0,14,,49346,5,,,0,53,,49331,5,,,0,5,,39670,5,0,5,0,5,,49384,5,0,5,0,4,,49362,5,,,0,14,,49338,5,,,0,15,,49329,5,,,0,55,,49347,5,,,0,14,,49332,5,,,0,15,,49374,5,,,0,15,,49339,5,,,0,55,,49333,5,,,0,15,,49348,5,,,0,15,,49330,5,,,0,15,,49361,5,,,0,55,,49336,5,,,0,15,,49343,5,,,0,15,,49342,5,,,0,15,,49376,5,,,0,55,,49344,5,,,0,15,,49390,5,,,0,15,,49341,5,,,0,15,,49352,5,,,0,69,,49353,5,,,0,15,,49351,5,,,0,14,,39626,5,,,0,55,,49375,5,,,0,15,,39654,5,,,0,15,,49350,5,,,0,15,,49349,5,,,0,55,,49363,5,,,0,15,,49360,5,,,0,14,,49358,5,,,0,16,,49359,5,,,0,55,,49357,5,,,0,15,,49391,5,,,0,15,,49355,5,,,0,14,,49364,5,,,0,56,,49356,5,,,0,15,,49386,5,,,0,15,,49370,5,,,0,17,,49365,5,,,0,56,,49367,5,,,0,15,,49366,5,,,0,16,,49368,5,,,0,16,,49369,5,,,0,71,,49371,5,,,0,20,,49372,5,,,0,60,,49381,5,,,0,20,,49380,5,,,0,20,,49377,5,,,0,60,,49382,5,,,0,20,,49378,5,,,0,20,,49379,5,,,0,62,,49383,5,,,0,30,,49387,5,,,0,70,,49385,5,,,0,30,,49388,5,,,0,71,,49389,5,,,0
1400,'4663',548,,49141,5,,,0,60,,49149,5,,,0,15,,49160,5,,,0,15,,49142,5,,,0,15,,49169,5,,,0,52,,49150,5,,,0,11,,49188,5,,,0,13,,49152,5,,,0,13,,49143,5,,,0,14,,49161,5,,,0,53,,49146,5,,,0,5,,39744,5,0,5,0,5,,49199,5,0,5,0,4,,49177,5,,,0,14,,49153,5,,,0,15,,49144,5,,,0,55,,49162,5,,,0,14,,49147,5,,,0,15,,49189,5,,,0,15,,49154,5,,,0,55,,49148,5,,,0,15,,49163,5,,,0,15,,49145,5,,,0,15,,49176,5,,,0,55,,49151,5,,,0,15,,49158,5,,,0,15,,49157,5,,,0,15,,49191,5,,,0,55,,49159,5,,,0,15,,49205,5,,,0,15,,49156,5,,,0,15,,49167,5,,,0,54,,51623,5,,,0,15,,49168,5,,,0,15,,49166,5,,,0,14,,39695,5,,,0,55,,49190,5,,,0,15,,39724,5,,,0,15,,49165,5,,,0,15,,49164,5,,,0,55,,49178,5,,,0,15,,49175,5,,,0,14,,49173,5,,,0,16,,49174,5,,,0,55,,49172,5,,,0,15,,49210,5,,,0,15,,49170,5,,,0,14,,49179,5,,,0,56,,51624,5,,,0,15,,49201,5,,,0,15,,49185,5,,,0,17,,51626,5,,,0,56,,49182,5,,,0,15,,49181,5,,,0,16,,49183,5,,,0,16,,49184,5,,,0,55,,51625,5,,,0,16,,51627,5,,,0,20,,49187,5,,,0,60,,51629,5,,,0,20,,49195,5,,,0,20,,49192,5,,,0,60,,49197,5,,,0,20,,51628,5,,,0,20,,49194,5,,,0,62,,51630,5,,,0,30,,49202,5,,,0,70,,49200,5,,,0,30,,49203,5,,,0,71,,51631,5,,,0,30,,51632,5,,,0,70,,49209,5,,,0,30,,49206,5,,,0,70,,49208,5,,,0
1400,'5078',621,,49255,5,,,0,30,,49243,5,,,0,68,,49265,5,,,0,24,,49250,5,,,0,60,,49221,5,,,0,15,,49268,5,,,0,15,,49249,5,,,0,15,,49234,5,,,0,54,,49241,5,,,0,14,,49262,5,,,0,15,,49225,5,,,0,15,,49253,5,,,0,55,,49222,5,,,0,15,,49252,5,,,0,15,,49226,5,,,0,15,,49235,5,,,0,55,,49242,5,,,0,15,,49264,5,,,0,15,,49224,5,,,0,15,,49254,5,,,0,55,,49227,5,,,0,14,,49251,5,,,0,15,,49223,5,,,0,15,,49232,5,,,0,14,,49212,5,,,0,55,,49239,5,,,0,14,,49261,5,,,0,15,,49214,5,,,0,15,,49248,5,,,0,56,,49218,5,,,0,15,,49245,5,,,0,15,,49219,5,,,0,15,,49230,5,,,0,55,,49211,5,,,0,15,,49238,5,,,0,16,,49260,5,,,0,55,,49217,5,,,0,15,,49246,5,,,0,15,,49215,5,,,0,16,,49247,5,,,0,55,,49216,5,,,0,15,,49233,5,,,0,15,,49213,5,,,0,15,,49240,5,,,0,55,,49263,5,,,0,15,,49220,5,,,0,15,,49257,5,,,0,19,,49259,5,,,0,60,,49229,5,,,0,20,,49231,5,,,0,20,,49244,5,,,0,61,,49267,5,,,0,30,,49256,5,,,0,70,,49228,5,,,0,30,,49236,5,,,0,70,,49266,5,,,0,30,,49258,5,,,0,70,,49237,5,,,0
1400,'5079',621,,49313,5,,,0,30,,49301,5,,,0,68,,49322,5,,,0,24,,49308,5,,,0,60,,49279,5,,,0,15,,49325,5,,,0,15,,49307,5,,,0,15,,49292,5,,,0,54,,49299,5,,,0,14,,49320,5,,,0,15,,49283,5,,,0,15,,49311,5,,,0,55,,49280,5,,,0,15,,49310,5,,,0,15,,49284,5,,,0,15,,49293,5,,,0,55,,49300,5,,,0,15,,39927,5,,,0,15,,49282,5,,,0,15,,49312,5,,,0,55,,49285,5,,,0,14,,49309,5,,,0,15,,49281,5,,,0,15,,49290,5,,,0,14,,49270,5,,,0,55,,49297,5,,,0,14,,49319,5,,,0,15,,49272,5,,,0,15,,49306,5,,,0,56,,49276,5,,,0,15,,49303,5,,,0,15,,49277,5,,,0,15,,49288,5,,,0,55,,49269,5,,,0,15,,49296,5,,,0,16,,49318,5,,,0,55,,49275,5,,,0,15,,49304,5,,,0,15,,49273,5,,,0,16,,49305,5,,,0,55,,49274,5,,,0,15,,49291,5,,,0,15,,49271,5,,,0,15,,49298,5,,,0,55,,49321,5,,,0,15,,49278,5,,,0,15,,49315,5,,,0,19,,49317,5,,,0,60,,49287,5,,,0,20,,49289,5,,,0,20,,49302,5,,,0,61,,49324,5,,,0,30,,49314,5,,,0,70,,49286,5,,,0,30,,49294,5,,,0,70,,49323,5,,,0,30,,49316,5,,,0,70,,49295,5,,,0
1400,'5214',1305,,49340,5,,,0
1400,'5215',1909,,39815,5,,,0
1400,'5217',1305,,51633,5,,,0
1400,'5218',1909,,51634,5,,,0
1400,'5220',1909,,51635,5,,,0
