5900,'4487',753,,27870,,,0,101,,27869,,,0,102,,27868,,,0,101,,27867,,,0,145,,27866,,,0,106,,27865,,,0,106,,27864,,,0,105,,27863,,,0,104,,27862,,,0,105,,27858,,,0,104,,27859,,,0,104,,27860,,,0,103,,27861,,,0,107,,27857,,,0
5900,'4743',753,,13616,,,0,101,,13615,,,0,102,,13614,,,0,101,,13613,,,0,145,,13612,,,0,106,,13611,,,0,106,,13610,,,0,105,,13609,,,0,104,,13608,,,0,105,,13604,,,0,104,,13605,,,0,104,,13606,,,0,103,,13607,,,0,107,,13603,,,0
5900,'4744',644,,27874,,,0,102,,27875,,,0,82,,27871,,,0,107,,27872,,,0,94,,27873,,,0,101,,27876,,,0,102,,27877,,,0,103,,27878,,,0,112,,27879,,,0,102,,27880,,,0,85,,27881,,,0,81,,27882,,,0,43,,27887,,,0,84,,27883,,,0,98,,27884,,,0,99,,27885,,,0,110,,27886,,,0
5900,'4745',753,,27888,,,0,100,,27889,,,0,102,,27890,,,0,101,,27892,,,0,146,,27891,,,0,105,,27896,,,0,105,,27894,,,0,107,,27895,,,0,105,,27893,,,0,105,,27898,,,0,102,,27899,,,0,105,,27897,,,0,103,,27900,,,0
5900,'4935',644,,8020,,,0,102,,8021,,,0,82,,8017,,,0,107,,8018,,,0,94,,8019,,,0,101,,8022,,,0,102,,8023,,,0,103,,8024,,,0,112,,8025,,,0,102,,8026,,,0,85,,8027,,,0,81,,8028,,,0,43,,8033,,,0,84,,8029,,,0,98,,8030,,,0,99,,8031,,,0,110,,8032,,,0
5900,'4941',644,,8037,,,0,102,,8038,,,0,82,,8034,,,0,107,,8035,,,0,94,,8036,,,0,101,,8039,,,0,102,,8040,,,0,103,,8041,,,0,112,,8042,,,0,102,,8043,,,0,85,,8044,,,0,81,,8045,,,0,43,,8050,,,0,84,,8046,,,0,98,,8047,,,0,99,,8048,,,0,110,,8049,,,0
5900,'4943',753,,8064,,,0,101,,8063,,,0,102,,8062,,,0,101,,8061,,,0,145,,8060,,,0,106,,8059,,,0,106,,8058,,,0,105,,8057,,,0,104,,8056,,,0,105,,8052,,,0,104,,8053,,,0,104,,8054,,,0,103,,8055,,,0,107,,8051,,,0
5900,'4945',753,,8065,,,0,100,,8066,,,0,102,,8067,,,0,101,,8069,,,0,146,,8068,,,0,105,,8073,,,0,105,,8071,,,0,107,,8072,,,0,105,,8070,,,0,105,,8075,,,0,102,,8076,,,0,105,,8074,,,0,103,,8077,,,0
5900,'4947',644,,27904,,,0,102,,27905,,,0,82,,27901,,,0,107,,27902,,,0,94,,27903,,,0,101,,27906,,,0,102,,27907,,,0,103,,27908,,,0,112,,27909,,,0,102,,27910,,,0,85,,27911,,,0,81,,27912,,,0,43,,27917,,,0,84,,27913,,,0,98,,27914,,,0,99,,27915,,,0,110,,27916,,,0
5900,'4952',644,,27921,,,0,102,,27922,,,0,82,,27918,,,0,107,,27919,,,0,94,,27920,,,0,101,,27923,,,0,102,,27924,,,0,103,,27925,,,0,112,,27926,,,0,102,,27927,,,0,85,,27928,,,0,81,,27929,,,0,43,,27934,,,0,84,,27930,,,0,98,,27931,,,0,99,,27932,,,0,110,,27933,,,0
5900,'4953',753,,27948,,,0,101,,27947,,,0,102,,27946,,,0,101,,27945,,,0,145,,27944,,,0,106,,27943,,,0,106,,27942,,,0,105,,27941,,,0,104,,27940,,,0,105,,27936,,,0,104,,27937,,,0,104,,27938,,,0,103,,27939,,,0,107,,27935,,,0
5900,'4954',753,,27949,,,0,100,,27950,,,0,102,,27951,,,0,101,,27953,,,0,146,,27952,,,0,105,,27957,,,0,105,,27955,,,0,107,,27956,,,0,105,,27954,,,0,105,,27959,,,0,102,,27960,,,0,105,,27958,,,0,103,,27961,,,0
