2401,'4487',704,,21931,,,0,108,,21930,,,0,105,,21932,,,0,100,,21928,,,0,102,,21925,,,0,98,,21926,,,0,95,,21927,,,0,100,,21934,,,0,98,,21929,,,0,102,,21933,,,0,104,,21935,,,0,128,,21936,,,0,164,,21937,,,0,130,,21938,,,0,170,,21939,,,0,119,,21940,,,0
2401,'4743',704,,12010,,,0,108,,12009,,,0,105,,12011,,,0,100,,12007,,,0,102,,12004,,,0,98,,12005,,,0,95,,12006,,,0,100,,12013,,,0,98,,12008,,,0,102,,12012,,,0,104,,12014,,,0,128,,12015,,,0,164,,12016,,,0,130,,12017,,,0,170,,12018,,,0,119,,12019,,,0
2401,'4744',514,,21952,,,0,92,,21948,,,0,50,,21941,,,0,85,,21944,,,0,74,,21949,,,0,97,,21946,,,0,105,,21943,,,0,100,,21942,,,0,100,,21951,,,0,100,,21947,,,0,112,,21945,,,0,98,,21950,,,0,92,,21953,,,0,90,,21955,,,0,36,,21954,,,0,90,,21956,,,0,85,,21957,,,0,102,,21958,,,0,115,,21959,,,0,169,,21960,,,0,121,,21961,,,0
2401,'4745',811,,21962,,,0,130,,21963,,,0,173,,21964,,,0,127,,21965,,,0,171,,21966,,,0,132,,21967,,,0,170,,21968,,,0,128,,21969,,,0,169,,21970,,,0,125,,21971,,,0,169,,21972,,,0
2401,'4935',514,,4517,,,0,92,,4513,,,0,50,,4506,,,0,85,,4509,,,0,74,,4514,,,0,97,,4511,,,0,105,,4508,,,0,100,,4507,,,0,100,,4516,,,0,100,,4512,,,0,112,,4510,,,0,98,,4515,,,0,92,,4518,,,0,90,,4520,,,0,36,,4519,,,0,90,,12020,,,0,85,,12021,,,0,102,,4523,,,0,115,,12022,,,0,169,,4525,,,0,121,,4526,,,0
2401,'4941',514,,4538,,,0,92,,4534,,,0,50,,4527,,,0,85,,4530,,,0,74,,4535,,,0,97,,4532,,,0,105,,4529,,,0,100,,4528,,,0,100,,4537,,,0,100,,4533,,,0,112,,4531,,,0,98,,4536,,,0,92,,4539,,,0,90,,4541,,,0,36,,4540,,,0,90,,12023,,,0,85,,12024,,,0,102,,4544,,,0,115,,12025,,,0,169,,4546,,,0,121,,4547,,,0
2401,'4943',704,,4554,,,0,108,,4553,,,0,105,,4555,,,0,100,,4551,,,0,102,,4548,,,0,98,,4549,,,0,95,,4550,,,0,100,,4557,,,0,98,,4552,,,0,102,,4556,,,0,104,,4558,,,0,128,,4559,,,0,164,,4560,,,0,130,,4561,,,0,170,,4562,,,0,119,,4563,,,0
2401,'4945',811,,4564,,,0,130,,4565,,,0,173,,4566,,,0,127,,4567,,,0,171,,4568,,,0,132,,4569,,,0,170,,4570,,,0,128,,4571,,,0,169,,4572,,,0,125,,4573,,,0,169,,4574,,,0
2401,'4947',514,,21984,,,0,92,,21980,,,0,50,,21973,,,0,85,,21976,,,0,74,,21981,,,0,97,,21978,,,0,105,,21975,,,0,100,,21974,,,0,100,,21983,,,0,100,,21979,,,0,112,,21977,,,0,98,,21982,,,0,92,,21985,,,0,90,,21987,,,0,36,,21986,,,0,90,,21988,,,0,85,,21989,,,0,102,,21990,,,0,115,,21991,,,0,169,,21992,,,0,121,,21993,,,0
2401,'4952',514,,22005,,,0,92,,22001,,,0,50,,21994,,,0,85,,21997,,,0,74,,22002,,,0,97,,21999,,,0,105,,21996,,,0,100,,21995,,,0,100,,22004,,,0,100,,22000,,,0,112,,21998,,,0,98,,22003,,,0,92,,22006,,,0,90,,22008,,,0,36,,22007,,,0,90,,22009,,,0,85,,22010,,,0,102,,22011,,,0,115,,22012,,,0,169,,22013,,,0,121,,22014,,,0
2401,'4953',704,,22021,,,0,108,,22020,,,0,105,,22022,,,0,100,,22018,,,0,102,,22015,,,0,98,,22016,,,0,95,,22017,,,0,100,,22024,,,0,98,,22019,,,0,102,,22023,,,0,104,,22025,,,0,128,,22026,,,0,164,,22027,,,0,130,,22028,,,0,170,,22029,,,0,119,,22030,,,0
2401,'4954',811,,22031,,,0,130,,22032,,,0,173,,22033,,,0,127,,22034,,,0,171,,22035,,,0,132,,22036,,,0,170,,22037,,,0,128,,22038,,,0,169,,22039,,,0,125,,22040,,,0,169,,22041,,,0
