5500,'4487',813,,12962,22,,,0,201,,12958,22,,,0,213,,12959,22,,,0,204,,12960,22,,,0,211,,12961,22,,,0,209,,12957,22,,,0,264,,12956,22,,,0
5500,'4737',618,,12963,22,,,0,131,,12965,22,,,0,174,,12964,22,,,0,214,,12966,22,,,0,198,,12967,22,,,0,173,,12968,22,,,0,106,,12969,22,,,0,143,,12970,22,,,0,189,,12971,22,,,0,198,,12972,22,,,0
5500,'4740',813,,12979,22,,,0,201,,12975,22,,,0,213,,12976,22,,,0,204,,12977,22,,,0,211,,12978,22,,,0,209,,12974,22,,,0,264,,12973,22,,,0
5500,'4744',618,,12980,22,,,0,131,,12982,22,,,0,174,,12981,22,,,0,214,,12983,22,,,0,198,,12984,22,,,0,173,,12985,22,,,0,106,,12986,22,,,0,143,,12987,22,,,0,189,,12988,22,,,0,198,,12989,22,,,0
5500,'4745',812,,12990,22,,,0,201,,12993,22,,,0,214,,12992,22,,,0,205,,12991,22,,,0,210,,12995,22,,,0,208,,12996,22,,,0,264,,12994,22,,,0
5500,'4947',618,,12997,22,,,0,131,,12999,22,,,0,174,,12998,22,,,0,214,,13000,22,,,0,198,,13001,22,,,0,173,,13002,22,,,0,106,,13003,22,,,0,143,,13004,22,,,0,189,,13005,22,,,0,198,,13006,22,,,0
5500,'4954',812,,13007,22,,,0,201,,13010,22,,,0,214,,13009,22,,,0,205,,13008,22,,,0,210,,13012,22,,,0,208,,13013,22,,,0,264,,13011,22,,,0
6400,'4737',734,,14444,48,,,0,507,,14446,79,,,0,580,,14448,64,,,0
6400,'4744',734,,14451,48,,,0,507,,14453,79,,,0,580,,14455,64,,,0
6400,'4947',734,,14458,48,,,0,507,,14460,79,,,0,580,,14462,64,,,0
