2701,'4332',635,,57977,17,,,0,77,,57978,17,,,0,31,,57979,17,,,0,69,,57980,17,,,0,30,,57981,17,,,0,67,,57982,17,,,0,28,,57983,17,,,0,67,,57984,17,,,0,26,,57985,17,,,0,27,,57986,17,,,0,62,,57987,17,,,0,23,,57988,17,,,0,63,,57989,17,,,0,22,,57990,17,,,0,23,,57993,17,,,0,62,,57992,17,,,0,23,,57994,17,,,0,23,,57991,17,,,0,63,,57995,17,,,0,23,,57996,17,,,0,60,,57997,17,,,0,21,,57998,17,,,0,21,,57999,17,,,0,60,,58000,17,,,0,21,,58001,17,,,0,20,,58002,17,,,0,59,,58003,17,,,0,20,,58004,17,,,0,19,,58005,17,,,0,61,,58006,17,,,0,20,,58007,17,,,0,20,,58008,17,,,0,60,,58009,17,,,0,20,,58010,17,,,0,26,,58011,17,,,0,66,,58012,17,,,0,29,,58013,17,,,0,70,,58014,17,,,0,29,,58015,17,,,0,70,,58016,17,,,0,30,,58017,17,,,0,72,,58018,17,,,0,31,,58019,17,,,0,70,,58020,17,,,0,30,,58021,17,,,0,68,,58022,17,,,0,28,,58023,17,,,0,70,,58024,17,,,0,30,,58025,17,0,16 49,0,68,,58026,17,0,16 49,0
2701,'4663',532,,57911,17,,,0,80,,57910,17,,,0,26,,57916,17,,,0,62,,57923,17,,,0,30,,57941,17,,,0,27,,57917,17,,,0,64,,57951,17,,,0,30,,57952,17,,,0,60,,57930,17,,,0,22,,57969,17,,,0,22,,57950,17,,,0,65,,57924,17,,,0,27,,57913,17,,,0,65,,57912,17,,,0,27,,57914,17,,,0,67,,57915,17,,,0,27,,57929,17,,,0,67,,57949,17,,,0,26,,57918,17,,,0,26,,57919,17,,,0,64,,57958,17,,,0,3,,57922,17,,,0,25,,57920,17,,,0,66,,57921,17,,,0,48,,57942,17,,,0,73,,57959,17,,,0,71,,57961,17,,,0,32,,57943,17,,,0,68,,57935,17,,,0,13,,57933,17,,,0,13,,57962,17,,,0,14,,57936,17,,,0,15,,57937,17,,,0,55,,57938,17,,,0,21,,57939,17,,,0,23,,57940,17,,,0,66,,57945,17,,,0,28,,57946,17,,,0,69,,57947,17,,,0,28,,57948,17,,,0,69,,57944,17,,,0,29,,57954,17,,,0,75,,57957,17,,,0,39,,57955,17,,,0,77,,57956,17,,,0,82,,57966,17,,,0,40,,57967,17,,,0,78,,57965,17,0,16 49,0,79,,57968,17,0,16 49,0
2701,'5078',704,,58027,17,,,0,42,,58028,17,,,0,70,,58029,17,,,0,29,,58030,17,,,0,71,,58031,17,,,0,31,,58032,17,,,0,69,,58033,17,,,0,29,,58034,17,,,0,67,,58035,17,,,0,27,,58036,17,,,0,65,,58037,17,,,0,25,,58038,17,,,0,23,,58039,17,,,0,64,,58040,17,,,0,22,,58041,17,,,0,64,,58042,17,,,0,23,,58043,17,,,0,23,,58044,17,,,0,63,,58045,17,,,0,23,,58046,17,,,0,23,,58047,17,,,0,63,,58048,17,,,0,21,,58049,17,,,0,63,,58050,17,,,0,23,,58051,17,,,0,23,,58052,17,,,0,63,,58053,17,,,0,22,,58054,17,,,0,24,,58055,17,,,0,65,,58056,17,,,0,25,,58057,17,,,0,68,,58058,17,,,0,29,,58059,17,,,0,70,,58060,17,,,0,30,,58061,17,,,0,76,,58062,17,,,0,81,,58063,17,,,0,39,,58064,17,,,0,98,,58065,17,0,16 49,0
2701,'5372',532,,42696,17,,,0,80,,42695,17,,,0,26,,42701,17,,,0,62,,42708,17,,,0,30,,42725,17,,,0,27,,42702,17,,,0,64,,42734,17,,,0,30,,42735,17,,,0,60,,42715,17,,,0,22,,57976,17,,,0,22,,42733,17,,,0,65,,42709,17,,,0,27,,57970,17,,,0,65,,42697,17,,,0,27,,42699,17,,,0,67,,42700,17,,,0,27,,57974,17,,,0,67,,42732,17,,,0,26,,42703,17,,,0,26,,57971,17,,,0,67,,42707,17,,,0,25,,42705,17,,,0,66,,42706,17,,,0,32,,42745,17,,,0,16,,42726,17,,,0,73,,51681,17,,,0,71,,42742,17,,,0,32,,57975,17,,,0,68,,42720,17,,,0,13,,42718,17,,,0,27,,42721,17,,,0,15,,42722,17,,,0,55,,42723,17,,,0,21,,42724,17,,,0,89,,42729,17,,,0,28,,42730,17,,,0,97,,42731,17,,,0,69,,42728,17,,,0,104,,42739,17,,,0,39,,42737,17,,,0,77,,42738,17,,,0
2701,'5373',1828,,42864,17,,,0,128,,42861,17,,,0,163,,42862,17,,,0,126,,42863,17,,,0
2701,'5385',532,,58067,17,,,0,80,,58066,17,,,0,26,,58072,17,,,0,62,,58079,17,,,0,30,,58096,17,,,0,27,,58073,17,,,0,64,,58105,17,,,0,30,,58106,17,,,0,60,,58086,17,,,0,22,,58117,17,,,0,22,,58104,17,,,0,65,,58080,17,,,0,27,,58069,17,,,0,65,,58068,17,,,0,27,,58070,17,,,0,67,,58071,17,,,0,27,,58085,17,,,0,67,,58103,17,,,0,26,,58074,17,,,0,26,,58075,17,,,0,67,,58078,17,,,0,25,,58076,17,,,0,66,,58077,17,,,0,32,,58116,17,,,0,16,,58097,17,,,0,73,,58111,17,,,0,71,,58113,17,,,0,32,,58098,17,,,0,68,,58091,17,,,0,13,,58089,17,,,0,27,,58092,17,,,0,15,,58093,17,,,0,55,,58094,17,,,0,21,,58095,17,,,0,89,,58100,17,,,0,28,,58101,17,,,0,97,,58102,17,,,0,69,,58099,17,,,0,104,,58110,17,,,0,39,,58108,17,,,0,77,,58109,17,,,0
2701,'5387',1828,,58121,17,,,0,128,,58118,17,,,0,163,,58119,17,,,0,126,,58120,17,,,0
2701,'5388',1828,,58125,17,,,0,128,,58122,17,,,0,163,,58123,17,,,0,126,,58124,17,,,0
2801,'4332',655,,58379,22,,,0,73,,58380,22,,,0,30,,58381,22,,,0,69,,58382,22,,,0,28,,58383,22,,,0,68,,58384,22,,,0,27,,58385,22,,,0,67,,58386,22,,,0,27,,58378,22,,,0,64,,58387,22,,,0,22,,58388,22,,,0,23,,58389,22,,,0,63,,58390,22,,,0,23,,58391,22,,,0,62,,58393,22,,,0,22,,58392,22,,,0,23,,58394,22,,,0,64,,58395,22,,,0,22,,58396,22,,,0,22,,58399,22,,,0,61,,58400,22,,,0,21,,58397,22,,,0,20,,58398,22,,,0,61,,58401,22,,,0,20,,58402,22,,,0,20,,58403,22,,,0,59,,58404,22,,,0,19,,58405,22,,,0,21,,58406,22,,,0,60,,58407,22,,,0,20,,58408,22,,,0,20,,58409,22,,,0,60,,58410,22,,,0,23,,58411,22,,,0,66,,58412,22,,,0,28,,58413,22,,,0,69,,58414,22,,,0,30,,58415,22,,,0,69,,58416,22,,,0,29,,58417,22,,,0,72,,58418,22,,,0,32,,58419,22,,,0,70,,58420,22,,,0,31,,58421,22,,,0,68,,58422,22,,,0,28,,58423,22,,,0,69,,58424,22,,,0,28,,58425,22,0,16 49,0,28,,58426,22,0,16 49,0
2801,'4663',559,,58320,22,,,0,67,,58325,22,,,0,24,,58321,22,,,0,62,,58323,22,,,0,12,,58324,22,,,0,13,,58343,22,,,0,13,,58322,22,,,0,53,,58356,22,,,0,11,,58326,22,,,0,13,,58339,22,,,0,12,,58328,22,,,0,62,,58327,22,,,0,20,,58330,22,,,0,23,,58369,22,,,0,63,,58329,22,,,0,26,,58331,22,,,0,26,,58344,22,,,0,66,,58354,22,,,0,27,,58335,22,,,0,67,,58332,22,,,0,27,,58333,22,,,0,67,,58334,22,,,0,26,,58337,22,,,0,66,,58342,22,,,0,27,,58355,22,,,0,25,,58338,22,,,0,69,,58336,22,,,0,17,,58362,22,,,0,73,,58340,22,,,0,32,,58341,22,,,0,71,,58363,22,,,0,31,,58357,22,,,0,172,,58347,22,,,0,22,,58346,22,,,0,65,,58348,22,,,0,27,,58349,22,,,0,68,,58350,22,,,0,29,,58351,22,,,0,68,,58352,22,,,0,29,,58353,22,,,0,71,,58359,22,,,0,38,,58360,22,,,0,78,,58358,22,,,0,40,,58361,22,,,0,81,,58366,22,,,0,75,,58368,22,0,16 49,0,39,,58367,22,0,16 49,0
2801,'5078',634,,58428,22,,,0,96,,58429,22,,,0,70,,58430,22,,,0,30,,58431,22,,,0,70,,58427,22,,,0,31,,58432,22,,,0,71,,58433,22,,,0,29,,58434,22,,,0,27,,58435,22,,,0,67,,58436,22,,,0,26,,58437,22,,,0,65,,58438,22,,,0,24,,58439,22,,,0,64,,58440,22,,,0,23,,58441,22,,,0,23,,58442,22,,,0,63,,58443,22,,,0,23,,58444,22,,,0,23,,58445,22,,,0,63,,58446,22,,,0,23,,58447,22,,,0,63,,58448,22,,,0,22,,58449,22,,,0,22,,58450,22,,,0,63,,58451,22,,,0,24,,58452,22,,,0,62,,58453,22,,,0,23,,58454,22,,,0,23,,58455,22,,,0,65,,58456,22,,,0,25,,58457,22,,,0,66,,58458,22,,,0,28,,58459,22,,,0,70,,58460,22,,,0,30,,58461,22,,,0,71,,58462,22,,,0,40,,58463,22,,,0,80,,58464,22,,,0,83,,58465,22,,,0
2801,'5372',559,,43168,22,,,0,67,,58371,22,,,0,24,,43169,22,,,0,62,,43171,22,,,0,12,,43172,22,,,0,13,,43190,22,,,0,13,,58370,22,,,0,53,,43203,22,,,0,11,,43174,22,,,0,13,,43187,22,,,0,12,,43176,22,,,0,62,,43175,22,,,0,20,,58372,22,,,0,23,,43213,22,,,0,63,,43177,22,,,0,26,,43179,22,,,0,26,,58375,22,,,0,66,,43201,22,,,0,27,,43183,22,,,0,67,,58373,22,,,0,27,,43181,22,,,0,67,,43182,22,,,0,26,,43185,22,,,0,66,,58374,22,,,0,27,,43202,22,,,0,25,,43186,22,,,0,69,,43184,22,,,0,17,,58376,22,,,0,73,,43188,22,,,0,103,,43210,22,,,0,31,,43204,22,,,0,172,,43194,22,,,0,22,,43193,22,,,0,65,,43195,22,,,0,27,,43196,22,,,0,68,,43197,22,,,0,29,,43198,22,,,0,68,,43199,22,,,0,29,,43200,22,,,0,71,,43206,22,,,0,38,,43207,22,,,0,78,,43205,22,,,0,40,,43208,22,,,0
2801,'5373',1648,,43314,22,,,0
2801,'5385',559,,58466,22,,,0,67,,58471,22,,,0,24,,58467,22,,,0,62,,58469,22,,,0,12,,58470,22,,,0,13,,58488,22,,,0,13,,58468,22,,,0,53,,58501,22,,,0,11,,58472,22,,,0,13,,58485,22,,,0,12,,58474,22,,,0,62,,58473,22,,,0,20,,58476,22,,,0,23,,58511,22,,,0,63,,58475,22,,,0,26,,58477,22,,,0,26,,58489,22,,,0,66,,58499,22,,,0,27,,58481,22,,,0,67,,58478,22,,,0,27,,58479,22,,,0,67,,58480,22,,,0,26,,58483,22,,,0,66,,58487,22,,,0,27,,58500,22,,,0,25,,58484,22,,,0,69,,58482,22,,,0,17,,58507,22,,,0,73,,58486,22,,,0,103,,58508,22,,,0,31,,58502,22,,,0,172,,58492,22,,,0,22,,58491,22,,,0,65,,58493,22,,,0,27,,58494,22,,,0,68,,58495,22,,,0,29,,58496,22,,,0,68,,58497,22,,,0,29,,58498,22,,,0,71,,58504,22,,,0,38,,58505,22,,,0,78,,58503,22,,,0,40,,58506,22,,,0
2801,'5387',1648,,58512,22,,,0
2801,'5388',1648,,58513,22,,,0
