701,'4487',709,,3072,20,,,0,30,,3056,20,,,0,73,,3065,20,,,0,31,,3049,20,,,0,70,,3073,20,,,0,29,,3057,20,,,0,73,,3066,20,,,0,27,,3045,20,,,0,70,,3047,20,,,0,29,,3067,20,,,0,71,,3053,20,,,0,29,,3060,20,,,0,68,,3046,20,,,0,31,,3048,20,,,0,70,,3068,20,,,0,30,,3052,20,,,0,69,,3061,20,,,0,31,,3050,20,,,0,70,,3051,20,,,0,33,,3069,20,,,0,70,,3054,20,,,0,29,,3063,20,,,0,71,,3055,20,,,0,29,,3058,20,,,0,69,,3070,20,,,0,30,,3059,20,,,0,75,,3064,20,,,0,36,,3062,20,,,0,68,,3071,20,,,0
701,'4737',619,,3074,20,,,0,30,,3080,20,,,0,65,,3075,20,,,0,15,,3095,20,,,0,17,,3084,20,,,0,11,,3114,20,,,0,46,,3100,20,,,0,10,,3113,20,,,0,7,,3083,20,,,0,10,,3115,20,,,0,8,,3081,20,,,0,16,,3079,20,,,0,57,,3086,20,,,0,14,,3094,20,,,0,19,,3082,20,,,0,60,,3085,20,,,0,20,,3107,20,,,0,19,,3077,20,,,0,61,,3078,20,,,0,20,,3088,20,,,0,21,,3090,20,,,0,60,,3076,20,,,0,20,,3087,20,,,0,25,,3098,20,,,0,60,,3092,20,,,0,20,,3093,20,,,0,21,,3097,20,,,0,59,,3091,20,,,0,22,,3089,20,,,0,23,,3096,20,,,0,62,,3118,20,,,0,20,,3106,20,,,0,18,,3103,20,,,0,54,,3101,20,,,0,24,,3120,20,,,0,19,,3099,20,,,0,56,,3121,20,,,0,20,,3102,20,,,0,14,,3104,20,,,0,16,,3119,20,,,0,58,,3105,20,,,0,19,,3109,20,,,0,17,,3111,20,,,0,70,,3110,20,,,0,29,,3108,20,,,0,70,,3112,20,,,0,29,,3116,20,,,0,70,,3117,20,,,0
701,'4740',709,,3149,20,,,0,30,,3133,20,,,0,73,,3142,20,,,0,31,,3126,20,,,0,70,,3150,20,,,0,29,,3134,20,,,0,73,,3143,20,,,0,27,,3122,20,,,0,70,,3124,20,,,0,29,,3144,20,,,0,71,,3130,20,,,0,29,,3137,20,,,0,68,,3123,20,,,0,31,,3125,20,,,0,70,,3145,20,,,0,30,,3129,20,,,0,69,,3138,20,,,0,31,,3127,20,,,0,70,,3128,20,,,0,33,,3146,20,,,0,70,,3131,20,,,0,29,,3140,20,,,0,71,,3132,20,,,0,29,,3135,20,,,0,69,,3147,20,,,0,30,,3136,20,,,0,75,,3141,20,,,0,36,,3139,20,,,0,68,,3148,20,,,0
701,'4744',619,,3151,20,,,0,30,,3157,20,,,0,65,,3152,20,,,0,15,,3172,20,,,0,17,,3161,20,,,0,11,,3191,20,,,0,46,,3177,20,,,0,10,,3190,20,,,0,7,,3160,20,,,0,10,,3192,20,,,0,8,,3158,20,,,0,16,,3156,20,,,0,57,,3163,20,,,0,14,,3171,20,,,0,19,,3159,20,,,0,60,,3162,20,,,0,20,,3184,20,,,0,19,,3154,20,,,0,61,,3155,20,,,0,20,,3165,20,,,0,21,,3167,20,,,0,60,,3153,20,,,0,20,,3164,20,,,0,25,,3175,20,,,0,60,,3169,20,,,0,20,,3170,20,,,0,21,,3174,20,,,0,59,,3168,20,,,0,22,,3166,20,,,0,23,,3173,20,,,0,62,,3195,20,,,0,20,,3183,20,,,0,18,,3180,20,,,0,54,,3178,20,,,0,24,,3197,20,,,0,19,,3176,20,,,0,56,,3198,20,,,0,20,,3179,20,,,0,14,,3181,20,,,0,16,,3196,20,,,0,58,,3182,20,,,0,19,,3186,20,,,0,17,,3188,20,,,0,70,,3187,20,,,0,29,,3185,20,,,0,70,,3189,20,,,0,29,,3193,20,,,0,70,,3194,20,,,0
701,'4745',718,,3211,20,,,0,40,,3200,20,,,0,80,,3212,20,,,0,76,,3213,20,,,0,25,,3199,20,,,0,69,,3201,20,,,0,31,,3214,20,,,0,69,,3202,20,,,0,31,,3217,20,,,0,69,,3203,20,,,0,31,,3204,20,,,0,70,,3216,20,,,0,28,,3215,20,,,0,70,,3218,20,,,0,30,,3219,20,,,0,69,,3206,20,,,0,31,,3207,20,,,0,73,,3209,20,,,0,32,,3208,20,,,0,69,,3205,20,,,0,30,,3210,20,,,0,69,,3220,20,,,0,32,,3221,20,,,0,74,,3222,20,,,0,34,,3224,20,,,0,69,,3223,20,,,0
701,'4947',619,,3225,20,,,0,30,,3231,20,,,0,65,,3226,20,,,0,15,,3246,20,,,0,17,,3235,20,,,0,11,,3264,20,,,0,46,,3251,20,,,0,10,,3263,20,,,0,7,,3234,20,,,0,10,,3265,20,,,0,8,,3232,20,,,0,16,,3230,20,,,0,57,,3237,20,,,0,14,,3245,20,,,0,19,,3233,20,,,0,60,,3236,20,,,0,20,,3257,20,,,0,19,,3228,20,,,0,61,,3229,20,,,0,20,,3239,20,,,0,21,,3241,20,,,0,60,,3227,20,,,0,20,,3238,20,,,0,25,,3249,20,,,0,60,,3243,20,,,0,20,,3244,20,,,0,21,,3248,20,,,0,59,,3242,20,,,0,22,,3240,20,,,0,23,,3247,20,,,0,62,,3268,20,,,0,20,,3256,20,,,0,18,,3253,20,,,0,54,,3252,20,,,0,24,,3270,20,,,0,19,,3250,20,,,0,56,,3271,20,,,0,34,,3254,20,,,0,16,,3269,20,,,0,58,,3255,20,,,0,19,,3259,20,,,0,17,,3261,20,,,0,70,,3260,20,,,0,29,,3258,20,,,0,70,,3262,20,,,0,29,,3266,20,,,0,70,,3267,20,,,0
701,'4949',1728,,3272,20,,,0
701,'4950',1728,,3273,20,,,0
701,'4954',718,,3286,20,,,0,40,,3275,20,,,0,80,,3287,20,,,0,76,,3288,20,,,0,25,,3274,20,,,0,69,,3276,20,,,0,31,,3289,20,,,0,69,,3277,20,,,0,31,,3292,20,,,0,69,,3278,20,,,0,31,,3279,20,,,0,70,,3291,20,,,0,28,,3290,20,,,0,70,,3293,20,,,0,30,,3294,20,,,0,69,,3281,20,,,0,31,,3282,20,,,0,73,,3284,20,,,0,32,,3283,20,,,0,69,,3280,20,,,0,30,,3285,20,,,0,69,,3295,20,,,0,32,,3296,20,,,0,74,,3297,20,,,0,34,,3299,20,,,0,69,,3298,20,,,0
1500,'4487',640,,5745,25,,,0,65,,5732,25,,,0,22,,5730,25,,,0,19,,5731,25,,,0,56,,5707,25,,,0,15,,5743,25,,,0,15,,5725,25,,,0,16,,5704,25,,,0,54,,5729,25,,,0,15,,5728,25,,,0,16,,5706,25,,,0,15,,5744,25,,,0,55,,5726,25,,,0,15,,5705,25,,,0,15,,5727,25,,,0,15,,5724,25,,,0,57,,5699,25,,,0,15,,5703,25,,,0,15,,5742,25,,,0,16,,5723,25,,,0,56,,5702,25,,,0,16,,5722,25,,,0,15,,5721,25,,,0,15,,5701,25,,,0,55,,5700,25,,,0,15,,5741,25,,,0,15,,5720,25,,,0,15,,5698,25,,,0,56,,5718,25,,,0,15,,5719,25,,,0,15,,5696,25,,,0,15,,5697,25,,,0,55,,5740,25,,,0,15,,5717,25,,,0,15,,5695,25,,,0,15,,5716,25,,,0,55,,5715,25,,,0,15,,5693,25,,,0,15,,5694,25,,,0,15,,5739,25,,,0,54,,5714,25,,,0,15,,5689,25,,,0,15,,5710,25,,,0,15,,5712,25,,,0,55,,5691,25,,,0,15,,5692,25,,,0,15,,5738,25,,,0,13,,5711,25,,,0,54,,5690,25,,,0,15,,5709,25,,,0,15,,5713,25,,,0,15,,5708,25,,,0,58,,5735,25,,,0,20,,5736,25,,,0,20,,5737,25,,,0,60,,5734,25,,,0,20,,5733,25,,,0,20,,5747,25,,,0,60,,5746,25,,,0,20,,5748,25,,,0,23,,5749,25,,,0,70,,5750,25,,,0,30,,5751,25,,,0,69,,5752,25,,,0,29,,5753,25,,,0
1500,'4737',541,,5764,25,,,0,60,,5774,25,,,0,19,,5768,25,,,0,16,,5771,25,,,0,17,,5755,25,,,0,56,,5769,25,,,0,16,,5767,25,,,0,17,,5827,25,,,0,14,,5770,25,,,0,53,,5765,25,,,0,11,,5772,25,,,0,11,,5756,25,,,0,11,,5779,25,,,0,11,,5759,25,,,0,51,,5830,7,,,0,11,,5754,25,,,0,11,,5773,25,,,0,12,,5775,25,,,0,10,,5777,25,,,0,54,,5776,25,,,0,15,,5778,25,,,0,15,,5758,25,,,0,15,,5757,25,,,0,55,,5760,25,,,0,15,,5780,25,,,0,16,,5781,25,,,0,15,,5782,25,,,0,55,,5761,25,,,0,15,,5783,25,,,0,15,,5784,25,,,0,15,,5829,25,,,0,55,,5785,25,,,0,15,,5762,25,,,0,15,,5786,25,,,0,15,,5763,25,,,0,55,,5787,25,,,0,15,,5788,25,,,0,16,,5789,25,,,0,15,,5805,25,,,0,56,,5790,25,,,0,15,,5799,25,,,0,12,,5791,25,,,0,15,,5792,25,,,0,55,,5793,25,,,0,15,,5794,25,,,0,15,,5795,25,,,0,15,,5826,25,,,0,55,,5828,25,,,0,15,,5804,25,,,0,15,,5796,25,,,0,14,,5798,25,,,0,55,,5797,25,,,0,14,,5800,25,,,0,15,,5801,25,,,0,16,,5802,25,,,0,55,,5803,25,,,0,15,,5810,25,,,0,14,,5812,25,,,0,14,,5811,25,,,0,60,,5806,25,,,0,20,,5813,25,,,0,20,,5809,25,,,0,60,,5814,25,,,0,20,,5808,25,,,0,20,,5815,25,,,0,60,,5816,25,,,0,20,,5817,25,,,0,25,,5818,25,,,0,70,,5807,25,,,0,29,,5819,25,,,0,70,,5820,25,,,0,30,,5821,25,,,0,70,,5822,25,,,0,30,,5824,25,,,0,70,,5823,25,,,0,30,,5825,25,,,0
1500,'4740',640,,5887,25,,,0,65,,5874,25,,,0,22,,5872,25,,,0,19,,5873,25,,,0,56,,5849,25,,,0,15,,5885,25,,,0,15,,5867,25,,,0,16,,5846,25,,,0,54,,5871,25,,,0,15,,5870,25,,,0,16,,5848,25,,,0,15,,5886,25,,,0,55,,5868,25,,,0,15,,5847,25,,,0,15,,5869,25,,,0,15,,5866,25,,,0,57,,5841,25,,,0,15,,5845,25,,,0,15,,5884,25,,,0,16,,5865,25,,,0,56,,5844,25,,,0,16,,5864,25,,,0,15,,5863,25,,,0,15,,5843,25,,,0,55,,5842,25,,,0,15,,5883,25,,,0,15,,5862,25,,,0,15,,5840,25,,,0,56,,5860,25,,,0,15,,5861,25,,,0,15,,5838,25,,,0,15,,5839,25,,,0,55,,5882,25,,,0,15,,5859,25,,,0,15,,5837,25,,,0,15,,5858,25,,,0,55,,5857,25,,,0,15,,5835,25,,,0,15,,5836,25,,,0,15,,5881,25,,,0,54,,5856,25,,,0,15,,5831,25,,,0,15,,5852,25,,,0,15,,5854,25,,,0,55,,5833,25,,,0,15,,5834,25,,,0,15,,5880,25,,,0,13,,5853,25,,,0,54,,5832,25,,,0,15,,5851,25,,,0,15,,5855,25,,,0,15,,5850,25,,,0,58,,5877,25,,,0,20,,5878,25,,,0,20,,5879,25,,,0,60,,5876,25,,,0,20,,5875,25,,,0,20,,5889,25,,,0,60,,5888,25,,,0,20,,5890,25,,,0,23,,5891,25,,,0,70,,5892,25,,,0,30,,5893,25,,,0,69,,5894,25,,,0,29,,5895,25,,,0,69,,5896,25,,,0,29,,5897,25,,,0,70,,5898,25,,,0,30,,5899,25,,,0
1500,'4744',541,,5910,25,,,0,60,,5920,25,,,0,19,,5914,25,,,0,16,,5917,25,,,0,17,,5901,25,,,0,56,,5915,25,,,0,16,,5913,25,,,0,17,,5969,25,,,0,14,,5916,25,,,0,53,,5911,25,,,0,11,,5918,25,,,0,11,,5902,25,,,0,11,,5925,25,,,0,11,,5905,25,,,0,51,,5972,7,,,0,11,,5900,25,,,0,11,,5919,25,,,0,12,,5921,25,,,0,10,,5923,25,,,0,54,,5922,25,,,0,15,,5924,25,,,0,15,,5904,25,,,0,15,,5903,25,,,0,55,,5906,25,,,0,15,,5926,25,,,0,16,,5927,25,,,0,15,,5928,25,,,0,55,,5907,25,,,0,15,,5929,25,,,0,15,,5930,25,,,0,15,,5971,25,,,0,55,,5931,25,,,0,15,,5908,25,,,0,15,,5932,25,,,0,15,,5909,25,,,0,55,,5933,25,,,0,15,,5934,25,,,0,16,,5935,25,,,0,15,,5951,25,,,0,56,,5936,25,,,0,15,,5945,25,,,0,12,,5937,25,,,0,15,,5938,25,,,0,55,,5939,25,,,0,15,,5940,25,,,0,15,,5941,25,,,0,15,,5968,25,,,0,55,,5970,25,,,0,15,,5950,25,,,0,15,,5942,25,,,0,14,,5944,25,,,0,55,,5943,25,,,0,14,,5946,25,,,0,15,,5947,25,,,0,16,,5948,25,,,0,55,,5949,25,,,0,15,,5956,25,,,0,14,,5958,25,,,0,14,,5957,25,,,0,60,,5952,25,,,0,20,,5959,25,,,0,20,,5955,25,,,0,60,,5960,25,,,0,20,,5954,25,,,0,20,,5961,25,,,0,60,,5962,25,,,0,20,,5963,25,,,0,25,,5964,25,,,0,70,,5953,25,,,0,29,,5965,25,,,0,70,,5966,25,,,0,30,,5967,25,,,0
1500,'4745',702,,6013,25,,,0,30,,6012,25,,,0,68,,5988,25,,,0,22,,5991,25,,,0,17,,6029,25,,,0,16,,5978,25,,,0,55,,5990,25,,,0,15,,5977,25,,,0,15,,5973,25,,,0,16,,5992,25,,,0,55,,5982,25,,,0,15,,5994,25,,,0,15,,5974,25,,,0,15,,5979,25,,,0,55,,5975,25,,,0,15,,5976,25,,,0,15,,5997,25,,,0,16,,5986,25,,,0,55,,5995,25,,,0,15,,5983,25,,,0,15,,5985,25,,,0,15,,5980,25,,,0,55,,5981,25,,,0,15,,5998,25,,,0,15,,5987,25,,,0,16,,5999,25,,,0,55,,5984,25,,,0,14,,6000,25,,,0,15,,6001,25,,,0,15,,5996,25,,,0,55,,6011,25,,,0,14,,6007,25,,,0,15,,6005,25,,,0,15,,6003,25,,,0,55,,6008,25,,,0,15,,6010,25,,,0,15,,6004,25,,,0,15,,6006,25,,,0,55,,6009,25,,,0,14,,6002,25,,,0,15,,5989,25,,,0,15,,5993,25,,,0,55,,6017,25,,,0,15,,6016,25,,,0,15,,6015,25,,,0,14,,6019,25,,,0,55,,6024,25,,,0,20,,6021,25,,,0,20,,6014,25,,,0,60,,6020,25,,,0,19,,6023,25,,,0,27,,6022,25,,,0,69,,6018,25,,,0,29,,6025,25,,,0,70,,6026,25,,,0,29,,6028,25,,,0,70,,6027,25,,,0
1500,'4947',541,,6040,25,,,0,60,,6050,25,,,0,19,,6044,25,,,0,16,,6047,25,,,0,17,,6031,25,,,0,56,,6045,25,,,0,16,,6043,25,,,0,17,,6099,25,,,0,14,,6046,25,,,0,53,,6041,25,,,0,11,,6048,25,,,0,11,,6032,25,,,0,11,,6055,25,,,0,11,,6035,25,,,0,51,,6102,7,,,0,11,,6030,25,,,0,11,,6049,25,,,0,12,,6051,25,,,0,10,,6053,25,,,0,54,,6052,25,,,0,15,,6054,25,,,0,15,,6034,25,,,0,15,,6033,25,,,0,55,,6036,25,,,0,15,,6056,25,,,0,16,,6057,25,,,0,15,,6058,25,,,0,55,,6037,25,,,0,15,,6059,25,,,0,15,,6060,25,,,0,15,,6101,25,,,0,55,,6061,25,,,0,15,,6038,25,,,0,15,,6062,25,,,0,15,,6039,25,,,0,55,,6063,25,,,0,15,,6064,25,,,0,16,,6065,25,,,0,15,,6081,25,,,0,56,,6066,25,,,0,15,,6075,25,,,0,12,,6067,25,,,0,15,,6068,25,,,0,55,,6069,25,,,0,15,,6070,25,,,0,15,,6071,25,,,0,15,,6098,25,,,0,55,,6100,25,,,0,15,,6080,25,,,0,15,,6072,25,,,0,14,,6074,25,,,0,55,,6073,25,,,0,14,,6076,25,,,0,15,,6077,25,,,0,16,,6078,25,,,0,55,,6079,25,,,0,15,,6086,25,,,0,14,,6088,25,,,0,14,,6087,25,,,0,60,,6082,25,,,0,20,,6089,25,,,0,20,,6085,25,,,0,60,,6090,25,,,0,20,,6084,25,,,0,20,,6091,25,,,0,60,,6092,25,,,0,20,,6093,25,,,0,25,,6094,25,,,0,70,,6083,25,,,0,29,,6095,25,,,0,70,,6096,25,,,0,30,,6097,25,,,0
1500,'4954',702,,6143,25,,,0,30,,6142,25,,,0,68,,6118,25,,,0,22,,6121,25,,,0,17,,6159,25,,,0,16,,6108,25,,,0,55,,6120,25,,,0,15,,6107,25,,,0,15,,6103,25,,,0,16,,6122,25,,,0,55,,6112,25,,,0,15,,6124,25,,,0,15,,6104,25,,,0,15,,6109,25,,,0,55,,6105,25,,,0,15,,6106,25,,,0,15,,6127,25,,,0,16,,6116,25,,,0,55,,6125,25,,,0,15,,6113,25,,,0,15,,6115,25,,,0,15,,6110,25,,,0,55,,6111,25,,,0,15,,6128,25,,,0,15,,6117,25,,,0,16,,6129,25,,,0,55,,6114,25,,,0,14,,6130,25,,,0,15,,6131,25,,,0,15,,6126,25,,,0,55,,6141,25,,,0,14,,6137,25,,,0,15,,6135,25,,,0,15,,6133,25,,,0,55,,6138,25,,,0,15,,6140,25,,,0,15,,6134,25,,,0,15,,6136,25,,,0,55,,6139,25,,,0,14,,6132,25,,,0,15,,6119,25,,,0,15,,6123,25,,,0,55,,6147,25,,,0,15,,6146,25,,,0,15,,6145,25,,,0,14,,6149,25,,,0,55,,6154,25,,,0,20,,6151,25,,,0,20,,6144,25,,,0,60,,6150,25,,,0,19,,6153,25,,,0,27,,6152,25,,,0,69,,6148,25,,,0,29,,6155,25,,,0,70,,6156,25,,,0,29,,6158,25,,,0,70,,6157,25,,,0
14000701,'4487',2152,,17961,25,,,0,72,,17962,25,,,0,30,,17964,25,,,0,69,,17963,25,,,0,35,,17965,25,,,0,67,,17966,25,,,0
14000701,'4737',2151,,17967,25,,,0,72,,17968,25,,,0,28,,17969,25,,,0,70,,17970,25,,,0,36,,17971,25,,,0,68,,17972,25,,,0
14000701,'4740',2152,,17973,25,,,0,72,,17974,25,,,0,30,,17976,25,,,0,69,,17975,25,,,0,35,,17977,25,,,0,67,,17978,25,,,0
14000701,'4744',2151,,17979,25,,,0,72,,17980,25,,,0,28,,17981,25,,,0,70,,17982,25,,,0,36,,17983,25,,,0,68,,17984,25,,,0
14000701,'4745',2051,,17985,25,,,0,70,,17987,25,,,0,80,,17986,25,,,0,22,,17988,25,,,0,99,,17989,25,,,0,103,,17990,25,,,0
14000701,'4947',2151,,17991,25,,,0,72,,17992,25,,,0,28,,17993,25,,,0,70,,17994,25,,,0,36,,17995,25,,,0,68,,17996,25,,,0
14000701,'4954',2051,,17997,25,,,0,70,,17999,25,,,0,80,,17998,25,,,0,22,,18000,25,,,0,99,,18001,25,,,0,103,,18002,25,,,0
