701,'4532',704,,65825,12,,,0,30,,65809,12,,,0,72,,65818,12,,,0,31,,65802,12,,,0,70,,65826,12,,,0,29,,65810,12,,,0,72,,65819,12,,,0,27,,65798,12,,,0,70,,65800,12,,,0,29,,65820,12,,,0,71,,65806,12,,,0,29,,65813,12,,,0,68,,65799,12,,,0,30,,65801,12,,,0,70,,65821,12,,,0,30,,65805,12,,,0,70,,65814,12,,,0,31,,65803,12,,,0,70,,65804,12,,,0,33,,65822,12,,,0,70,,65807,12,,,0,29,,65816,12,,,0,71,,65808,12,,,0,29,,65811,12,,,0,69,,65823,12,,,0,30,,65812,12,,,0,76,,65817,12,,,0,36,,65815,12,,,0,68,,65824,12,,,0
701,'4623',613,,65736,12,,,0,30,,65743,12,,,0,63,,65735,12,,,0,20,,65732,12,,,0,19,,65737,12,,,0,61,,65734,12,,,0,20,,65738,12,,,0,20,,65733,12,,,0,60,,65744,12,,,0,29,,65747,12,,,0,69,,65741,12,,,0,28,,65750,12,,,0,69,,65739,12,,,0,31,,65746,12,,,0,70,,65751,12,,,0,32,,65742,12,,,0,70,,65748,12,,,0,30,,65740,12,,,0,71,,65745,12,,,0,30,,65749,12,,,0,73,,65756,12,,,0,20,,65752,12,,,0,20,,65754,12,,,0,60,,65757,12,,,0,22,,65755,12,,,0,23,,65753,12,,,0,61,,65758,12,,,0,18,,65759,12,,,0,16,,65763,12,,,0,60,,65761,12,,,0,18,,65760,12,,,0,19,,65764,12,,,0,69,,65762,12,,,0,31,,65765,12,,,0,69,,65768,12,,,0,30,,65767,12,,,0,70,,65766,12,,,0
701,'4832',712,,65876,12,,,0,40,,65865,12,,,0,80,,65877,12,,,0,76,,65878,12,,,0,25,,65864,12,,,0,69,,65866,12,,,0,31,,65879,12,,,0,69,,65867,12,,,0,30,,65882,12,,,0,69,,65868,12,,,0,31,,65869,12,,,0,70,,65881,12,,,0,28,,65880,12,,,0,70,,65883,12,,,0,30,,65884,12,,,0,29,,65871,12,,,0,71,,65872,12,,,0,73,,65874,12,,,0,32,,65873,12,,,0,69,,65870,12,,,0,30,,65875,12,,,0,69,,65885,12,,,0,32,,65886,12,,,0,75,,65887,12,,,0,34,,65889,12,,,0,69,,65888,12,,,0
701,'4833',704,,65796,12,,,0,30,,65780,12,,,0,72,,65789,12,,,0,31,,65773,12,,,0,70,,65797,12,,,0,29,,65781,12,,,0,72,,65790,12,,,0,27,,65769,12,,,0,70,,65771,12,,,0,29,,65791,12,,,0,71,,65777,12,,,0,29,,65784,12,,,0,68,,65770,12,,,0,30,,65772,12,,,0,70,,65792,12,,,0,30,,65776,12,,,0,70,,65785,12,,,0,31,,65774,12,,,0,70,,65775,12,,,0,33,,65793,12,,,0,70,,65778,12,,,0,29,,65787,12,,,0,71,,65779,12,,,0,29,,65782,12,,,0,69,,65794,12,,,0,30,,65783,12,,,0,76,,65788,12,,,0,36,,65786,12,,,0,68,,65795,12,,,0
701,'5222',613,,65831,12,,,0,30,,65838,12,,,0,63,,65830,12,,,0,20,,65827,12,,,0,19,,65832,12,,,0,61,,65829,12,,,0,20,,65833,12,,,0,20,,65828,12,,,0,60,,65839,12,,,0,29,,65842,12,,,0,69,,65836,12,,,0,28,,65845,12,,,0,69,,65834,12,,,0,31,,65841,12,,,0,70,,65846,12,,,0,32,,65837,12,,,0,70,,65843,12,,,0,30,,65835,12,,,0,71,,65840,12,,,0,30,,65844,12,,,0,73,,65851,12,,,0,20,,65847,12,,,0,20,,65849,12,,,0,60,,65852,12,,,0,22,,65850,12,,,0,23,,65848,12,,,0,61,,65853,12,,,0,18,,65854,12,,,0,16,,65858,12,,,0,60,,65856,12,,,0,18,,65855,12,,,0,19,,65859,12,,,0,69,,65857,12,,,0,31,,65860,12,,,0,69,,65863,12,,,0,30,,65862,12,,,0,70,,65861,12,,,0
701,'5390',712,,65902,12,,,0,40,,65891,12,,,0,80,,65903,12,,,0,76,,65904,12,,,0,25,,65890,12,,,0,69,,65892,12,,,0,31,,65905,12,,,0,69,,65893,12,,,0,30,,65908,12,,,0,69,,65894,12,,,0,31,,65895,12,,,0,70,,65907,12,,,0,28,,65906,12,,,0,70,,65909,12,,,0,30,,65910,12,,,0,29,,65897,12,,,0,71,,65898,12,,,0,73,,65900,12,,,0,32,,65899,12,,,0,69,,65896,12,,,0,30,,65901,12,,,0,69,,65911,12,,,0,32,,65912,12,,,0,75,,65913,12,,,0,34,,65915,12,,,0,69,,65914,12,,,0
14000701,'4532',2146,,77693,17,,,0,72,,77694,17,,,0,30,,77696,17,,,0,69,,77695,17,,,0,36,,77697,17,,,0,67,,77698,17,,,0
14000701,'4623',2146,,77681,17,,,0,71,,77682,17,,,0,31,,77684,17,,,0,67,,77683,17,,,0,37,,77685,17,,,0,67,,77686,17,,,0
14000701,'4832',2045,,77705,17,,,0,70,,77707,17,,,0,40,,77706,17,,,0,62,,77708,17,,,0,100,,77709,17,,,0,103,,77710,17,,,0
14000701,'4833',2146,,77687,17,,,0,72,,77688,17,,,0,30,,77690,17,,,0,69,,77689,17,,,0,36,,77691,17,,,0,67,,77692,17,,,0
14000701,'5222',2146,,77699,17,,,0,71,,77700,17,,,0,31,,77702,17,,,0,67,,77701,17,,,0,37,,77703,17,,,0,67,,77704,17,,,0
14000701,'5390',2045,,77711,17,,,0,70,,77713,17,,,0,40,,77712,17,,,0,62,,77714,17,,,0,100,,77715,17,,,0,103,,77716,17,,,0
