1400,'4332',634,,49099,12,,,0,21,,49100,12,,,0,59,,49083,12,,,0,17,,49098,12,,,0,16,,49077,12,,,0,54,,49082,12,,,0,15,,49081,12,,,0,15,,49097,12,,,0,15,,49095,12,,,0,55,,49080,12,,,0,14,,49076,12,,,0,15,,49096,12,,,0,15,,49075,12,,,0,55,,49085,12,,,0,15,,49087,12,,,0,15,,49101,12,,,0,15,,49103,12,,,0,55,,49088,12,,,0,16,,49079,12,,,0,15,,49102,12,,,0,16,,49078,12,,,0,55,,49084,12,,,0,15,,49091,12,,,0,15,,49104,12,,,0,15,,49089,12,,,0,55,,49105,12,,,0,15,,49090,12,,,0,15,,49092,12,,,0,15,,49106,12,,,0,55,,49094,12,,,0,15,,49086,12,,,0,16,,49093,12,,,0,15,,49117,12,,,0,55,,49115,12,,,0,15,,49118,12,,,0,15,,49112,12,,,0,15,,49111,12,,,0,55,,49108,12,,,0,15,,49119,12,,,0,14,,49113,12,,,0,15,,49114,12,,,0,55,,49121,12,,,0,15,,49116,12,,,0,15,,49109,12,,,0,15,,49110,12,,,0,54,,49120,12,,,0,15,,49107,12,,,0,14,,49125,12,,,0,15,,49122,12,,,0,55,,49123,12,,,0,15,,49124,12,,,0,18,,49126,12,,,0,21,,49128,12,,,0,60,,49129,12,,,0,21,,49130,12,,,0,20,,49131,12,,,0,60,,49127,12,,,0,20,,49135,12,,,0,20,,49134,12,,,0,61,,49133,12,,,0,27,,49132,12,,,0,70,,49136,12,,,0,30,,51622,12,,,0,71,,49138,12,,,0,30,,49139,12,,,0,69,,39812,12,,,0,30,,39813,12,,,0,70,,49140,12,,,0
1400,'4661',554,,49326,12,,,0,60,,49334,12,,,0,15,,49345,12,,,0,16,,49327,12,,,0,55,,49354,12,,,0,12,,49335,12,,,0,12,,49373,12,,,0,13,,49337,12,,,0,13,,49328,12,,,0,54,,49346,12,,,0,13,,49331,12,,,0,5,,39670,12,0,5,0,5,,49384,12,0,5,0,5,,49362,12,,,0,14,,49338,12,,,0,54,,49329,12,,,0,15,,49347,12,,,0,13,,49332,12,,,0,15,,49374,12,,,0,15,,49339,12,,,0,55,,49333,12,,,0,15,,49348,12,,,0,15,,49330,12,,,0,15,,49361,12,,,0,55,,49336,12,,,0,15,,49343,12,,,0,15,,49342,12,,,0,15,,49376,12,,,0,55,,49344,12,,,0,15,,49390,12,,,0,15,,49341,12,,,0,15,,49352,12,,,0,69,,49353,12,,,0,15,,49351,12,,,0,15,,39626,12,,,0,55,,49375,12,,,0,15,,39654,12,,,0,15,,49350,12,,,0,15,,49349,12,,,0,55,,49363,12,,,0,15,,49360,12,,,0,14,,49358,12,,,0,16,,49359,12,,,0,55,,49357,12,,,0,15,,49391,12,,,0,15,,49355,12,,,0,14,,49364,12,,,0,56,,49356,12,,,0,15,,49386,12,,,0,15,,49370,12,,,0,16,,49365,12,,,0,56,,49367,12,,,0,15,,49366,12,,,0,15,,49368,12,,,0,56,,49369,12,,,0,31,,49371,12,,,0,20,,49372,12,,,0,60,,49381,12,,,0,20,,49380,12,,,0,20,,49377,12,,,0,60,,49382,12,,,0,20,,49378,12,,,0,19,,49379,12,,,0,62,,49383,12,,,0,30,,49387,12,,,0,70,,49385,12,,,0,30,,49388,12,,,0,71,,49389,12,,,0
1400,'4663',554,,49141,12,,,0,60,,49149,12,,,0,15,,49160,12,,,0,16,,49142,12,,,0,55,,49169,12,,,0,12,,49150,12,,,0,12,,49188,12,,,0,13,,49152,12,,,0,13,,49143,12,,,0,54,,49161,12,,,0,13,,49146,12,,,0,5,,39744,12,0,5,0,5,,49199,12,0,5,0,5,,49177,12,,,0,14,,49153,12,,,0,54,,49144,12,,,0,15,,49162,12,,,0,13,,49147,12,,,0,15,,49189,12,,,0,15,,49154,12,,,0,55,,49148,12,,,0,15,,49163,12,,,0,15,,49145,12,,,0,15,,49176,12,,,0,55,,49151,12,,,0,15,,49158,12,,,0,15,,49157,12,,,0,15,,49191,12,,,0,55,,49159,12,,,0,15,,49205,12,,,0,15,,49156,12,,,0,15,,49167,12,,,0,54,,51623,12,,,0,15,,49168,12,,,0,15,,49166,12,,,0,15,,39695,12,,,0,55,,49190,12,,,0,15,,39724,12,,,0,15,,49165,12,,,0,15,,49164,12,,,0,55,,49178,12,,,0,15,,49175,12,,,0,14,,49173,12,,,0,16,,49174,12,,,0,55,,49172,12,,,0,15,,49210,12,,,0,15,,49170,12,,,0,14,,49179,12,,,0,56,,51624,12,,,0,15,,49201,12,,,0,15,,49185,12,,,0,16,,51626,12,,,0,56,,49182,12,,,0,15,,49181,12,,,0,15,,49183,12,,,0,56,,49184,12,,,0,15,,51625,12,,,0,16,,51627,12,,,0,20,,49187,12,,,0,60,,51629,12,,,0,20,,49195,12,,,0,20,,49192,12,,,0,60,,49197,12,,,0,20,,51628,12,,,0,19,,49194,12,,,0,62,,51630,12,,,0,30,,49202,12,,,0,70,,49200,12,,,0,30,,49203,12,,,0,71,,51631,12,,,0,30,,51632,12,,,0,70,,49209,12,,,0,30,,49206,12,,,0,70,,49208,12,,,0
1400,'5078',626,,49255,12,,,0,30,,49243,12,,,0,69,,49265,12,,,0,24,,49250,12,,,0,60,,49221,12,,,0,15,,49268,12,,,0,15,,49249,12,,,0,15,,49234,12,,,0,54,,49241,12,,,0,14,,49262,12,,,0,15,,49225,12,,,0,15,,49253,12,,,0,55,,49222,12,,,0,15,,49252,12,,,0,15,,49226,12,,,0,15,,49235,12,,,0,55,,49242,12,,,0,15,,49264,12,,,0,15,,49224,12,,,0,15,,49254,12,,,0,55,,49227,12,,,0,15,,49251,12,,,0,15,,49223,12,,,0,15,,49232,12,,,0,54,,49212,12,,,0,15,,49239,12,,,0,14,,49261,12,,,0,15,,49214,12,,,0,55,,49248,12,,,0,16,,49218,12,,,0,15,,49245,12,,,0,15,,49219,12,,,0,55,,49230,12,,,0,15,,49211,12,,,0,15,,49238,12,,,0,16,,49260,12,,,0,55,,49217,12,,,0,15,,49246,12,,,0,15,,49215,12,,,0,15,,49247,12,,,0,55,,49216,12,,,0,15,,49233,12,,,0,15,,49213,12,,,0,15,,49240,12,,,0,55,,49263,12,,,0,15,,49220,12,,,0,15,,49257,12,,,0,19,,49259,12,,,0,60,,49229,12,,,0,20,,49231,12,,,0,20,,49244,12,,,0,61,,49267,12,,,0,30,,49256,12,,,0,70,,49228,12,,,0,30,,49236,12,,,0,70,,49266,12,,,0,29,,49258,12,,,0,70,,49237,12,,,0
1400,'5079',626,,49313,12,,,0,30,,49301,12,,,0,69,,49322,12,,,0,24,,49308,12,,,0,60,,49279,12,,,0,15,,49325,12,,,0,15,,49307,12,,,0,15,,49292,12,,,0,54,,49299,12,,,0,14,,49320,12,,,0,15,,49283,12,,,0,15,,49311,12,,,0,55,,49280,12,,,0,15,,49310,12,,,0,15,,49284,12,,,0,15,,49293,12,,,0,55,,49300,12,,,0,15,,39927,12,,,0,15,,49282,12,,,0,15,,49312,12,,,0,55,,49285,12,,,0,15,,49309,12,,,0,15,,49281,12,,,0,15,,49290,12,,,0,54,,49270,12,,,0,15,,49297,12,,,0,14,,49319,12,,,0,15,,49272,12,,,0,55,,49306,12,,,0,16,,49276,12,,,0,15,,49303,12,,,0,15,,49277,12,,,0,55,,49288,12,,,0,15,,49269,12,,,0,15,,49296,12,,,0,16,,49318,12,,,0,55,,49275,12,,,0,15,,49304,12,,,0,15,,49273,12,,,0,15,,49305,12,,,0,55,,49274,12,,,0,15,,49291,12,,,0,15,,49271,12,,,0,15,,49298,12,,,0,55,,49321,12,,,0,15,,49278,12,,,0,15,,49315,12,,,0,19,,49317,12,,,0,60,,49287,12,,,0,20,,49289,12,,,0,20,,49302,12,,,0,61,,49324,12,,,0,30,,49314,12,,,0,70,,49286,12,,,0,30,,49294,12,,,0,70,,49323,12,,,0,29,,49316,12,,,0,70,,49295,12,,,0
1400,'5214',1312,,49340,12,,,0
1400,'5215',1915,,39815,12,,,0
1400,'5217',1312,,51633,12,,,0
1400,'5218',1915,,51634,12,,,0
1400,'5220',1915,,51635,12,,,0
