201,'4663',616,,52843,36,0,46 37,0,20,,52835,36,0,46 37,0,67,,52853,36,0,46 37,0,30,,52847,36,0,46 37,0,72,,52836,36,0,46 37,0,31,,52852,36,0,46 37,0,72,,52841,36,0,46 37,0,30,,52837,36,0,46 37,0,73,,52850,36,0,46 37,0,39,,52842,36,0,46 37,0,80,,52838,36,0,46 37,0,80,,52840,36,0,46 37,0,40,,52839,36,0,46 37,0,80,,52849,36,0,46 37,0,80,,52845,36,0,46 37,0,17,,52851,10,0,46 37,0,75,,52846,36,0,46 37,0,15,,52848,17,0,46 37,0,19,,52844,36,0,46 37,0,77,,52855,36,0,46 37,0,36,,52856,36,0,46 37,0,74,,52854,36,0,46 37,0,77,,52857,36,0,46 37,0,45,,52858,36,0,46 37,0,65,,52860,36,0,46 37,0,40,,52859,36,0,46 37,0,83,,52861,36,0,46 37,0,81,,52862,36,0,46 37,0,38,,52863,36,0,46 37,0,80,,52864,36,0,46 37,0,80,,52866,36,0,46 37,0,40,,52865,36,0,46 37,0,71,,52867,36,0,46 37,0,31,,52868,10,0,46 37,0
201,'5372',616,,36642,36,0,46 37,0,20,,36634,36,0,46 37,0,67,,36651,36,0,46 37,0,30,,36646,36,0,46 37,0,72,,36635,36,0,46 37,0,31,,36650,36,0,46 37,0,72,,36640,36,0,46 37,0,30,,36636,36,0,46 37,0,73,,36648,36,0,46 37,0,39,,36641,36,0,46 37,0,80,,36637,36,0,46 37,0,80,,36639,36,0,46 37,0,40,,36638,36,0,46 37,0,80,,36647,36,0,46 37,0,80,,36644,36,0,46 37,0,17,,36649,10,0,46 37,0,75,,36645,36,0,46 37,0,34,,36643,36,0,46 37,0,77,,36653,36,0,46 37,0,36,,36654,36,0,46 37,0,74,,36652,36,0,46 37,0,77,,36655,36,0,46 37,0,45,,36656,36,0,46 37,0,65,,36658,36,0,46 37,0,40,,36657,36,0,46 37,0,83,,36659,36,0,46 37,0,81,,36660,36,0,46 37,0,38,,36661,36,0,46 37,0,80,,36662,36,0,46 37,0,80,,36664,36,0,46 37,0,40,,36663,36,0,46 37,0,71,,36665,36,0,46 37,0
201,'5373',1517,,36729,17,0,46 37,0
201,'5377',644,,36744,36,0,46 37,0,160,,36751,36,0,46 37,0,119,,36745,36,0,46 37,0,99,,36732,10,0,46 37,0,78,,36752,36,0,46 37,0,20,,36730,10,0,46 37,0,80,,36731,36,0,46 37,0,39,,36742,36,0,46 37,0,80,,36738,36,0,46 37,0,40,,36737,36,0,46 37,0,80,,36733,36,0,46 37,0,80,,36734,36,0,46 37,0,40,,36743,36,0,46 37,0,80,,36739,36,0,46 37,0,76,,36735,36,0,46 37,0,40,,36736,36,0,46 37,0,81,,36740,36,0,46 37,0,76,,36749,36,0,46 37,0,40,,36741,36,0,46 37,0,80,,36748,36,0,46 37,0,80,,36747,36,0,46 37,0,40,,36750,36,0,46 37,0,81,,36746,36,0,46 37,0,81,,36753,36,0,46 37,0,40,,36754,36,0,46 37,0
201,'5381',1517,,36700,17,0,46 37,0
201,'5383',658,,52889,36,0,46 37,0,158,,52890,36,0,46 37,0,22,,52876,10,0,46 37,0,104,,52884,36,0,46 37,0,80,,52877,36,0,46 37,0,78,,52869,10,0,46 37,0,20,,52887,36,0,46 37,0,39,,52878,36,0,46 37,0,80,,52870,36,0,46 37,0,80,,52873,36,0,46 37,0,39,,52872,36,0,46 37,0,81,,52882,36,0,46 37,0,80,,52874,36,0,46 37,0,40,,52871,36,0,46 37,0,80,,52875,36,0,46 37,0,75,,52883,36,0,46 37,0,41,,52886,36,0,46 37,0,80,,52885,36,0,46 37,0,76,,52888,36,0,46 37,0,35,,52879,36,0,46 37,0,80,,52880,36,0,46 37,0,85,,52881,36,0,46 37,0,41,,52894,36,0,46 37,0,80,,52891,36,0,46 37,0,82,,52892,36,0,46 37,0,40,,52893,36,0,46 37,0,76,,52895,36,0,46 37,0,70,,52896,10,0,46 37,0
201,'5384',644,,52911,36,0,46 37,0,160,,52918,36,0,46 37,0,119,,52912,36,0,46 37,0,99,,52899,10,0,46 37,0,78,,52919,36,0,46 37,0,20,,52897,10,0,46 37,0,80,,52898,36,0,46 37,0,39,,52909,36,0,46 37,0,80,,52905,36,0,46 37,0,40,,52904,36,0,46 37,0,80,,52900,36,0,46 37,0,80,,52901,36,0,46 37,0,40,,52910,36,0,46 37,0,80,,52906,36,0,46 37,0,76,,52902,36,0,46 37,0,40,,52903,36,0,46 37,0,81,,52907,36,0,46 37,0,76,,52916,36,0,46 37,0,40,,52908,36,0,46 37,0,80,,52915,36,0,46 37,0,80,,52914,36,0,46 37,0,40,,52917,36,0,46 37,0,81,,52913,36,0,46 37,0,81,,52920,36,0,46 37,0,40,,52921,36,0,46 37,0
201,'5385',616,,52930,36,0,46 37,0,20,,52922,36,0,46 37,0,67,,52939,36,0,46 37,0,30,,52934,36,0,46 37,0,72,,52923,36,0,46 37,0,31,,52938,36,0,46 37,0,72,,52928,36,0,46 37,0,30,,52924,36,0,46 37,0,73,,52936,36,0,46 37,0,39,,52929,36,0,46 37,0,80,,52925,36,0,46 37,0,80,,52927,36,0,46 37,0,40,,52926,36,0,46 37,0,80,,52935,36,0,46 37,0,80,,52932,36,0,46 37,0,17,,52937,10,0,46 37,0,75,,52933,36,0,46 37,0,34,,52931,36,0,46 37,0,77,,52941,36,0,46 37,0,36,,52942,36,0,46 37,0,74,,52940,36,0,46 37,0,77,,52943,36,0,46 37,0,45,,52944,36,0,46 37,0,65,,52946,36,0,46 37,0,40,,52945,36,0,46 37,0,83,,52947,36,0,46 37,0,81,,52948,36,0,46 37,0,38,,52949,36,0,46 37,0,80,,52950,36,0,46 37,0,80,,52952,36,0,46 37,0,40,,52951,36,0,46 37,0,71,,52953,36,0,46 37,0
201,'5387',1517,,52954,17,0,46 37,0
201,'5388',1517,,52955,17,0,46 37,0
501,'4663',648,,53778,31,,,0,71,,53783,31,,,0,29,,53775,31,,,0,72,,53777,31,,,0,32,,53781,31,,,0,71,,53776,31,,,0,30,,53779,31,,,0,77,,53782,31,,,0,80,,53780,31,,,0,40,,53790,31,,,0,80,,53785,31,,,0,80,,53786,31,,,0,40,,53784,31,,,0,94,,53787,31,,,0,76,,53789,31,,,0,35,,53788,31,,,0,77,,53791,31,,,0,74,,53795,31,,,0,34,,53793,31,,,0,80,,53794,31,,,0,110,,53792,31,,,0,81,,53796,31,,,0,42,,53797,31,,,0
501,'5372',648,,37758,31,,,0,71,,37763,31,,,0,29,,37755,31,,,0,72,,37757,31,,,0,32,,37761,31,,,0,71,,37756,31,,,0,30,,37759,31,,,0,77,,37762,31,,,0,80,,37760,31,,,0,40,,37770,31,,,0,80,,37765,31,,,0,80,,37766,31,,,0,40,,37764,31,,,0,94,,37767,31,,,0,76,,37769,31,,,0,35,,37768,31,,,0,77,,37771,31,,,0,74,,37775,31,,,0,34,,37773,31,,,0,80,,37774,31,,,0,110,,37772,31,,,0,81,,37776,31,,,0,42,,37777,31,,,0
501,'5377',724,,37835,31,,,0,119,,37834,31,,,0,159,,37833,31,,,0,40,,37827,31,,,0,98,,37830,31,,,0,79,,37826,31,,,0,40,,37822,31,,,0,80,,37821,31,,,0,80,,37837,31,,,0,40,,37829,31,,,0,80,,37825,31,,,0,80,,37824,31,,,0,81,,37823,31,,,0,35,,37836,31,,,0,80,,37831,31,,,0,36,,37828,31,,,0,81,,37832,31,,,0
501,'5383',737,,53806,31,,,0,120,,53808,31,,,0,61,,53800,10,,,0,84,,53805,31,,,0,39,,53799,31,,,0,99,,53807,31,,,0,79,,53798,31,,,0,40,,53814,31,,,0,79,,53803,31,,,0,80,,53804,31,,,0,41,,53801,31,,,0,80,,53802,31,,,0,80,,53812,31,,,0,40,,53815,31,,,0,75,,53811,31,,,0,81,,53813,31,,,0,36,,53817,31,,,0,75,,53816,31,,,0,80,,53809,31,,,0,45,,53810,31,,,0
501,'5384',724,,53832,31,,,0,119,,53831,31,,,0,159,,53830,31,,,0,40,,53824,31,,,0,98,,53827,31,,,0,79,,53823,31,,,0,40,,53819,31,,,0,80,,53818,31,,,0,80,,53834,31,,,0,40,,53826,31,,,0,80,,53822,31,,,0,80,,53821,31,,,0,81,,53820,31,,,0,35,,53833,31,,,0,80,,53828,31,,,0,36,,53825,31,,,0,81,,53829,31,,,0
501,'5385',648,,53838,31,,,0,71,,53843,31,,,0,29,,53835,31,,,0,72,,53837,31,,,0,32,,53841,31,,,0,71,,53836,31,,,0,30,,53839,31,,,0,77,,53842,31,,,0,80,,53840,31,,,0,40,,53850,31,,,0,80,,53845,31,,,0,80,,53846,31,,,0,40,,53844,31,,,0,94,,53847,31,,,0,76,,53849,31,,,0,35,,53848,31,,,0,77,,53851,31,,,0,74,,53855,31,,,0,34,,53853,31,,,0,80,,53854,31,,,0,110,,53852,31,,,0,81,,53856,31,,,0,42,,53857,31,,,0
1000,'4663',630,,54757,6,,,0,84,,54749,6,,,0,36,,54748,6,,,0,78,,54747,6,,,0,84,,54750,6,,,0,39,,54746,6,,,0,95,,54753,6,,,0,155,,54751,6,,,0,50,,54745,6,,,0,76,,54754,6,,,0,86,,54744,6,,,0,42,,54756,6,,,0,95,,54743,6,,,0,81,,54755,6,,,0,88,,54742,6,,,0,40,,54752,6,,,0,61,,54741,6,,,0,30,,54739,6,,,0,94,,54740,6,,,0
1000,'5372',630,,38926,6,,,0,84,,38918,6,,,0,36,,38917,6,,,0,78,,38916,6,,,0,84,,38919,6,,,0,39,,38915,6,,,0,95,,38922,6,,,0,155,,38920,6,,,0,50,,38914,6,,,0,76,,38923,6,,,0,86,,38913,6,,,0,42,,38925,6,,,0,95,,38912,6,,,0,81,,38924,6,,,0,88,,38911,6,,,0,40,,38921,6,,,0,61,,38910,6,,,0,30,,38908,6,,,0,94,,38909,6,,,0
1000,'5377',728,,38966,6,,,0,101,,38965,6,,,0,99,,38963,6,,,0,104,,38962,6,,,0,102,,38969,6,,,0,110,,38968,6,,,0,90,,38964,6,,,0,107,,38967,6,,,0,100,,38971,6,,,0,99,,38970,6,,,0,102,,38973,6,,,0,104,,38972,6,,,0,99,,38974,6,,,0
1000,'5383',728,,54768,6,,,0,101,,54772,6,,,0,102,,54759,6,,,0,97,,54762,6,,,0,108,,54765,6,,,0,110,,54764,6,,,0,97,,54760,6,,,0,100,,54763,6,,,0,100,,54761,6,,,0,103,,54766,6,,,0,103,,54767,6,,,0,99,,54770,6,,,0,98,,54771,6,,,0
1000,'5384',728,,54777,6,,,0,101,,54776,6,,,0,99,,54774,6,,,0,104,,54773,6,,,0,102,,54780,6,,,0,110,,54779,6,,,0,90,,54775,6,,,0,107,,54778,6,,,0,100,,54782,6,,,0,99,,54781,6,,,0,102,,54784,6,,,0,104,,54783,6,,,0,99,,54785,6,,,0
1000,'5385',630,,54804,6,,,0,84,,54796,6,,,0,36,,54795,6,,,0,78,,54794,6,,,0,84,,54797,6,,,0,39,,54793,6,,,0,95,,54800,6,,,0,155,,54798,6,,,0,50,,54792,6,,,0,76,,54801,6,,,0,86,,54791,6,,,0,42,,54803,6,,,0,95,,54790,6,,,0,81,,54802,6,,,0,88,,54789,6,,,0,40,,54799,6,,,0,61,,54788,6,,,0,30,,54786,6,,,0,94,,54787,6,,,0
1001,'4663',2043,,54807,30,4,,0
1001,'5372',2043,,38989,30,4,,0
1001,'5383',2042,,54839,30,4,,0
1001,'5385',2043,,54855,30,4,,0
