1400,'4332',642,,49099,26,,,0,61,,49100,26,,,0,19,,49083,26,,,0,17,,49098,26,,,0,16,,49077,26,,,0,55,,49082,26,,,0,15,,49081,26,,,0,15,,49097,26,,,0,15,,49095,26,,,0,55,,49080,26,,,0,15,,49076,26,,,0,15,,49096,26,,,0,15,,49075,26,,,0,55,,49085,26,,,0,15,,49087,26,,,0,15,,49101,26,,,0,15,,49103,26,,,0,55,,49088,26,,,0,16,,49079,26,,,0,15,,49102,26,,,0,16,,49078,26,,,0,55,,49084,26,,,0,15,,49091,26,,,0,15,,49104,26,,,0,15,,49089,26,,,0,55,,49105,26,,,0,15,,49090,26,,,0,15,,49092,26,,,0,15,,49106,26,,,0,56,,49094,26,,,0,15,,49086,26,,,0,16,,49093,26,,,0,15,,49117,26,,,0,55,,49115,26,,,0,15,,49118,26,,,0,15,,49112,26,,,0,15,,49111,26,,,0,54,,49108,26,,,0,15,,49119,26,,,0,14,,49113,26,,,0,15,,49114,26,,,0,55,,49121,26,,,0,15,,49116,26,,,0,15,,49109,26,,,0,15,,49110,26,,,0,54,,49120,26,,,0,15,,49107,26,,,0,14,,49125,26,,,0,15,,49122,26,,,0,55,,49123,26,,,0,15,,49124,26,,,0,17,,49126,26,,,0,60,,49128,26,,,0,20,,49129,26,,,0,21,,49130,26,,,0,60,,49131,26,,,0,20,,49127,26,,,0,20,,49135,26,,,0,60,,49134,26,,,0,21,,49133,26,,,0,27,,49132,26,,,0,70,,49136,26,,,0,30,,51622,26,,,0,70,,49138,26,,,0,30,,49139,26,,,0,69,,39812,26,,,0,30,,39813,26,,,0,70,,49140,26,,,0
1400,'4661',602,,49326,26,,,0,20,,49334,26,,,0,16,,49345,26,,,0,16,,49327,26,,,0,55,,49354,26,,,0,13,,49335,26,,,0,13,,49373,26,,,0,13,,49337,26,,,0,53,,49328,26,,,0,15,,49346,26,,,0,13,,49331,26,,,0,5,,39670,26,0,5,0,5,,49384,26,0,5,0,5,,49362,26,,,0,14,,49338,26,,,0,53,,49329,26,,,0,14,,49347,26,,,0,13,,49332,26,,,0,14,,49374,26,,,0,55,,49339,26,,,0,15,,49333,26,,,0,15,,49348,26,,,0,15,,49330,26,,,0,55,,49361,26,,,0,15,,49336,26,,,0,15,,49343,26,,,0,15,,49342,26,,,0,55,,49376,26,,,0,15,,49344,26,,,0,15,,49390,26,,,0,15,,49341,26,,,0,55,,49352,26,,,0,30,,49353,26,,,0,15,,49351,26,,,0,55,,39626,26,,,0,15,,49375,26,,,0,15,,39654,26,,,0,15,,49350,26,,,0,56,,49349,26,,,0,15,,49363,26,,,0,15,,49360,26,,,0,15,,49358,26,,,0,55,,49359,26,,,0,15,,49357,26,,,0,15,,49391,26,,,0,15,,49355,26,,,0,54,,49364,26,,,0,15,,49356,26,,,0,15,,49386,26,,,0,15,,49370,26,,,0,55,,49365,26,,,0,16,,49367,26,,,0,15,,49366,26,,,0,15,,49368,26,,,0,56,,49369,26,,,0,31,,49371,26,,,0,19,,49372,26,,,0,60,,49381,26,,,0,20,,49380,26,,,0,20,,49377,26,,,0,60,,49382,26,,,0,20,,49378,26,,,0,19,,49379,26,,,0,62,,49383,26,,,0,30,,49387,26,,,0,70,,49385,26,,,0,30,,49388,26,,,0,70,,49389,26,,,0
1400,'4663',602,,49141,26,,,0,20,,49149,26,,,0,16,,49160,26,,,0,16,,49142,26,,,0,55,,49169,26,,,0,13,,49150,26,,,0,13,,49188,26,,,0,13,,49152,26,,,0,53,,49143,26,,,0,15,,49161,26,,,0,13,,49146,26,,,0,5,,39744,26,0,5,0,5,,49199,26,0,5,0,5,,49177,26,,,0,14,,49153,26,,,0,53,,49144,26,,,0,14,,49162,26,,,0,13,,49147,26,,,0,14,,49189,26,,,0,55,,49154,26,,,0,15,,49148,26,,,0,15,,49163,26,,,0,15,,49145,26,,,0,55,,49176,26,,,0,15,,49151,26,,,0,15,,49158,26,,,0,15,,49157,26,,,0,55,,49191,26,,,0,15,,49159,26,,,0,15,,49205,26,,,0,15,,49156,26,,,0,55,,49167,26,,,0,15,,51623,26,,,0,15,,49168,26,,,0,15,,49166,26,,,0,55,,39695,26,,,0,15,,49190,26,,,0,15,,39724,26,,,0,15,,49165,26,,,0,56,,49164,26,,,0,15,,49178,26,,,0,15,,49175,26,,,0,15,,49173,26,,,0,55,,49174,26,,,0,15,,49172,26,,,0,15,,49210,26,,,0,15,,49170,26,,,0,54,,49179,26,,,0,15,,51624,26,,,0,15,,49201,26,,,0,15,,49185,26,,,0,55,,51626,26,,,0,16,,49182,26,,,0,15,,49181,26,,,0,15,,49183,26,,,0,56,,49184,26,,,0,15,,51625,26,,,0,16,,51627,26,,,0,19,,49187,26,,,0,60,,51629,26,,,0,20,,49195,26,,,0,20,,49192,26,,,0,60,,49197,26,,,0,20,,51628,26,,,0,19,,49194,26,,,0,62,,51630,26,,,0,30,,49202,26,,,0,70,,49200,26,,,0,30,,49203,26,,,0,70,,51631,26,,,0,30,,51632,26,,,0,70,,49209,26,,,0,30,,49206,26,,,0,70,,49208,26,,,0
1400,'5078',634,,49255,26,,,0,70,,49243,26,,,0,30,,49265,26,,,0,24,,49250,26,,,0,60,,49221,26,,,0,15,,49268,26,,,0,15,,49249,26,,,0,55,,49234,26,,,0,15,,49241,26,,,0,14,,49262,26,,,0,15,,49225,26,,,0,55,,49253,26,,,0,15,,49222,26,,,0,15,,49252,26,,,0,15,,49226,26,,,0,55,,49235,26,,,0,15,,49242,26,,,0,15,,49264,26,,,0,15,,49224,26,,,0,55,,49254,26,,,0,15,,49227,26,,,0,15,,49251,26,,,0,15,,49223,26,,,0,55,,49232,26,,,0,14,,49212,26,,,0,15,,49239,26,,,0,14,,49261,26,,,0,55,,49214,26,,,0,15,,49248,26,,,0,16,,49218,26,,,0,15,,49245,26,,,0,55,,49219,26,,,0,15,,49230,26,,,0,15,,49211,26,,,0,15,,49238,26,,,0,55,,49260,26,,,0,15,,49217,26,,,0,15,,49246,26,,,0,15,,49215,26,,,0,55,,49247,26,,,0,15,,49216,26,,,0,15,,49233,26,,,0,15,,49213,26,,,0,55,,49240,26,,,0,15,,49263,26,,,0,15,,49220,26,,,0,15,,49257,26,,,0,58,,49259,26,,,0,20,,49229,26,,,0,20,,49231,26,,,0,60,,49244,26,,,0,21,,49267,26,,,0,30,,49256,26,,,0,69,,49228,26,,,0,30,,49236,26,,,0,70,,49266,26,,,0,29,,49258,26,,,0,70,,49237,26,,,0
1400,'5079',634,,49313,26,,,0,70,,49301,26,,,0,30,,49322,26,,,0,24,,49308,26,,,0,60,,49279,26,,,0,15,,49325,26,,,0,15,,49307,26,,,0,55,,49292,26,,,0,15,,49299,26,,,0,14,,49320,26,,,0,15,,49283,26,,,0,55,,49311,26,,,0,15,,49280,26,,,0,15,,49310,26,,,0,15,,49284,26,,,0,55,,49293,26,,,0,15,,49300,26,,,0,15,,39927,26,,,0,15,,49282,26,,,0,55,,49312,26,,,0,15,,49285,26,,,0,15,,49309,26,,,0,15,,49281,26,,,0,55,,49290,26,,,0,14,,49270,26,,,0,15,,49297,26,,,0,14,,49319,26,,,0,55,,49272,26,,,0,15,,49306,26,,,0,16,,49276,26,,,0,15,,49303,26,,,0,55,,49277,26,,,0,15,,49288,26,,,0,15,,49269,26,,,0,15,,49296,26,,,0,55,,49318,26,,,0,15,,49275,26,,,0,15,,49304,26,,,0,15,,49273,26,,,0,55,,49305,26,,,0,15,,49274,26,,,0,15,,49291,26,,,0,15,,49271,26,,,0,55,,49298,26,,,0,15,,49321,26,,,0,15,,49278,26,,,0,15,,49315,26,,,0,58,,49317,26,,,0,20,,49287,26,,,0,20,,49289,26,,,0,60,,49302,26,,,0,21,,49324,26,,,0,30,,49314,26,,,0,69,,49286,26,,,0,30,,49294,26,,,0,70,,49323,26,,,0,29,,49316,26,,,0,70,,49295,26,,,0
1400,'5214',1322,,49340,26,,,0
1400,'5215',1924,,39815,26,,,0
1400,'5217',1322,,51633,26,,,0
1400,'5218',1924,,51634,26,,,0
1400,'5220',1924,,51635,26,,,0
2400,'4332',712,,41585,32,,,0,122,,41583,32,,,0,105,,41581,32,,,0,112,,41582,32,,,0,100,,41584,32,,,0,99,,41590,32,,,0,98,,41587,32,,,0,100,,41586,32,,,0,100,,41589,32,,,0,97,,41588,32,,,0,104,,41591,32,,,0,152,,41592,32,,,0,123,,41593,32,,,0,125,,41594,32,,,0,168,,41595,32,,,0
2400,'4661',631,,41544,32,,,0,73,,41548,32,,,0,39,,41549,32,,,0,102,,41545,32,,,0,110,,41543,32,,,0,100,,41553,32,,,0,101,,41550,32,,,0,99,,41546,32,,,0,100,,41547,32,,,0,100,,41551,32,,,0,88,,41552,32,,,0,81,,41554,32,,,0,92,,41555,32,,,0,97,,41556,32,,,0,101,,41557,32,,,0,110,,41558,32,,,0,123,,41559,32,,,0,170,,41560,32,,,0,131,,41561,32,,,0
2400,'4663',631,,41563,32,,,0,73,,41567,32,,,0,39,,41568,32,,,0,102,,41564,32,,,0,110,,41562,32,,,0,100,,41572,32,,,0,101,,41569,32,,,0,99,,41565,32,,,0,100,,41566,32,,,0,100,,41570,32,,,0,88,,41571,32,,,0,81,,41573,32,,,0,92,,41574,32,,,0,97,,41575,32,,,0,101,,41576,32,,,0,110,,41577,32,,,0,123,,41578,32,,,0,170,,41579,32,,,0,131,,41580,32,,,0
2400,'5078',831,,41596,32,,,0,169,,41599,32,,,0,130,,41598,32,,,0,173,,41600,32,,,0,129,,41601,32,,,0,171,,41602,32,,,0,130,,41603,32,,,0,168,,41604,32,,,0,125,,41605,32,,,0,124,,41606,32,,,0,168,,41607,32,,,0
2400,'5079',831,,41608,32,,,0,169,,41611,32,,,0,130,,41610,32,,,0,173,,41612,32,,,0,129,,41613,32,,,0,171,,41614,32,,,0,130,,41615,32,,,0,168,,41616,32,,,0,125,,41617,32,,,0,124,,41618,32,,,0,168,,41619,32,,,0
