200,'4532',600,,63337,8,,,0,112,,63340,8,,,0,119,,63338,8,,,0,80,,63326,8,,,0,45,,63339,8,,,0,80,,63324,8,,,0,80,,63318,8,,,0,40,,63325,8,,,0,80,,63319,8,,,0,80,,63332,8,,,0,40,,63320,8,,,0,80,,63323,8,,,0,80,,63322,8,,,0,40,,63321,8,,,0,80,,63335,8,,,0,80,,63336,8,,,0,35,,63334,8,,,0,80,,63328,8,,,0,75,,63329,8,,,0,20,,63327,8,0,5,0,75,,63331,8,,,0,20,,63333,8,0,5,0,20,,63330,8,,,0,65,,63345,8,0,5,0,20,,63346,8,,,0,80,,63343,8,,,0,40,,63342,8,,,0,79,,63344,8,,,0,80,,63341,8,,,0,35,,63347,8,0,5,0
200,'4623',549,,63268,8,,,0,80,,63260,8,,,0,20,,63255,8,,,0,71,,63269,8,,,0,31,,63263,8,,,0,70,,63254,8,,,0,31,,63267,8,,,0,71,,63264,8,,,0,15,,63252,8,0,5,0,70,,63253,8,,,0,38,,63256,8,,,0,80,,63257,8,,,0,80,,63266,8,,,0,40,,63259,8,,,0,80,,63258,8,,,0,80,,63265,8,,,0,37,,63261,8,,,0,76,,63262,8,,,0,37,,63270,8,,,0,76,,63271,8,,,0,73,,63274,8,0,5,0,17,,63273,8,,,0,33,,63272,8,,,0,80,,63277,8,,,0,90,,63275,8,,,0,80,,63276,8,,,0,20,,63279,8,0,5,0,22,,63281,8,,,0,60,,63278,8,0,5,0,20,,63280,8,,,0,78,,63282,8,,,0,40,,63283,8,,,0,79,,63284,8,,,0,80,,63285,8,,,0,30,,63286,8,0,5,0,68,,63287,8,0,5,0
200,'4832',655,,63405,8,,,0,160,,63404,8,,,0,121,,63403,8,,,0,100,,63384,8,,,0,80,,63402,8,,,0,40,,63390,8,,,0,80,,63388,8,,,0,80,,63383,8,,,0,40,,63385,8,,,0,80,,63396,8,,,0,80,,63391,8,,,0,40,,63386,8,,,0,80,,63389,8,,,0,80,,63387,8,,,0,35,,63397,8,,,0,80,,63393,8,,,0,75,,63392,8,0,5,0,20,,63398,8,,,0,20,,63395,8,0,5,0,60,,63394,8,,,0,40,,63400,8,,,0,79,,63401,8,,,0,80,,63399,8,,,0,40,,63406,8,,,0,80,,63407,8,,,0
200,'4833',600,,63307,8,,,0,112,,63310,8,,,0,119,,63308,8,,,0,80,,63296,8,,,0,45,,63309,8,,,0,80,,63294,8,,,0,80,,63288,8,,,0,40,,63295,8,,,0,80,,63289,8,,,0,80,,63302,8,,,0,40,,63290,8,,,0,80,,63293,8,,,0,80,,63292,8,,,0,40,,63291,8,,,0,80,,63305,8,,,0,80,,63306,8,,,0,35,,63304,8,,,0,80,,63298,8,,,0,75,,63299,8,,,0,20,,63297,8,0,5,0,75,,63301,8,,,0,20,,63303,8,0,5,0,20,,63300,8,,,0,65,,63315,8,0,5,0,20,,63316,8,,,0,80,,63313,8,,,0,40,,63312,8,,,0,79,,63314,8,,,0,80,,63311,8,,,0,35,,63317,8,0,5,0
200,'5222',549,,63364,8,,,0,80,,63356,8,,,0,20,,63351,8,,,0,71,,63365,8,,,0,31,,63359,8,,,0,70,,63350,8,,,0,31,,63363,8,,,0,71,,63360,8,,,0,15,,63348,8,0,5,0,70,,63349,8,,,0,38,,63352,8,,,0,80,,63353,8,,,0,80,,63362,8,,,0,40,,63355,8,,,0,80,,63354,8,,,0,80,,63361,8,,,0,37,,63357,8,,,0,76,,63358,8,,,0,37,,63366,8,,,0,76,,63367,8,,,0,73,,63370,8,0,5,0,17,,63369,8,,,0,33,,63368,8,,,0,80,,63373,8,,,0,90,,63371,8,,,0,80,,63372,8,,,0,20,,63375,8,0,5,0,22,,63377,8,,,0,60,,63374,8,0,5,0,20,,63376,8,,,0,78,,63378,8,,,0,40,,63379,8,,,0,79,,63380,8,,,0,80,,63381,8,,,0,30,,63382,8,0,5,0
200,'5390',655,,63430,8,,,0,160,,63429,8,,,0,121,,63428,8,,,0,100,,63409,8,,,0,80,,63427,8,,,0,40,,63415,8,,,0,80,,63413,8,,,0,80,,63408,8,,,0,40,,63410,8,,,0,80,,63421,8,,,0,80,,63416,8,,,0,40,,63411,8,,,0,80,,63414,8,,,0,80,,63412,8,,,0,35,,63422,8,,,0,80,,63418,8,,,0,75,,63417,8,0,5,0,20,,63423,8,,,0,20,,63420,8,0,5,0,60,,63419,8,,,0,40,,63425,8,,,0,79,,63426,8,,,0,80,,63424,8,,,0,40,,63431,8,,,0,80,,63432,8,,,0
300,'4532',707,,63685,35,,,0,30,,63668,37,,,0,70,,63662,35,,,0,30,,63677,37,,,0,70,,63670,35,,,0,30,,63687,37,,,0,70,,63676,35,,,0,31,,63663,37,,,0,69,,63684,39,,,0,30,,63675,37,,,0,70,,63666,39,,,0,30,,63688,37,,,0,70,,63678,39,,,0,31,,63665,37,,,0,69,,63672,39,,,0,34,,63664,37,,,0,70,,63671,39,,,0,40,,63669,37,,,0,70,,63673,35,,,0,37,,63667,37,,,0,64,,63674,35,,,0,35,,63680,37,,,0,68,,63681,35,,,0,32,,63679,37,,,0,65,,63682,35,,,0,30,,63683,37,,,0,70,,63689,35,,,0,30,,63686,37,,,0
300,'4623',628,,63632,35,,,0,75,,63631,37,,,0,37,,63630,35,,,0,81,,63629,37,,,0,37,,63628,35,,,0,75,,63627,37,,,0,70,,63620,39,,,0,30,,63621,37,,,0,70,,63619,39,,,0,30,,63618,37,,,0,70,,63624,39,,,0,35,,63616,37,,,0,70,,63617,39,,,0,30,,63623,37,,,0,71,,63615,39,,,0,33,,63614,37,,,0,75,,63622,39,,,0,35,,63613,37,,,0,74,,63612,37,,,0,33,,63625,37,,,0,73,,63611,35,,,0,74,,63610,37,,,0,26,,63626,35,,,0,70,,63609,37,,,0,30,,63608,35,,,0,25,,63606,37,,,0,65,,63605,35,,,0,30,,63604,37,,,0
300,'4832',722,,63734,35,,,0,85,,63722,37,,,0,40,,63735,35,,,0,85,,63729,37,,,0,75,,63733,35,,,0,40,,63720,37,,,0,60,,63730,35,,,0,31,,63725,37,,,0,69,,63721,35,,,0,30,,63726,37,,,0,70,,63724,35,,,0,30,,63723,37,,,0,70,,63727,35,,,0,37,,63728,37,,,0,67,,63731,35,,,0,41,,63732,37,,,0,65,,63739,35,,,0,33,,63736,37,,,0,67,,63737,35,,,0,30,,63738,37,,,0,70,,63741,35,,,0,30,,63740,37,,,0,70,,63742,35,,,0,35,,63743,37,,,0
300,'4833',707,,63656,35,,,0,30,,63639,37,,,0,70,,63633,35,,,0,30,,63648,37,,,0,70,,63641,35,,,0,30,,63658,37,,,0,70,,63647,35,,,0,31,,63634,37,,,0,69,,63655,39,,,0,30,,63646,37,,,0,70,,63637,39,,,0,30,,63659,37,,,0,70,,63649,39,,,0,31,,63636,37,,,0,69,,63643,39,,,0,34,,63635,37,,,0,70,,63642,39,,,0,40,,63640,37,,,0,70,,63644,35,,,0,37,,63638,37,,,0,64,,63645,35,,,0,35,,63651,37,,,0,68,,63652,35,,,0,32,,63650,37,,,0,65,,63653,35,,,0,30,,63654,37,,,0,70,,63660,35,,,0,30,,63657,37,,,0
300,'5222',628,,63719,35,,,0,75,,63718,37,,,0,37,,63717,35,,,0,81,,63716,37,,,0,37,,63715,35,,,0,75,,63714,37,,,0,70,,63707,39,,,0,30,,63708,37,,,0,70,,63706,39,,,0,30,,63705,37,,,0,70,,63711,39,,,0,35,,63703,37,,,0,70,,63704,39,,,0,30,,63710,37,,,0,71,,63702,39,,,0,33,,63701,37,,,0,75,,63709,39,,,0,35,,63700,37,,,0,74,,63699,37,,,0,33,,63712,37,,,0,73,,63698,35,,,0,74,,63697,37,,,0,26,,63713,35,,,0,70,,63696,37,,,0,30,,63695,35,,,0,25,,63693,37,,,0,65,,63692,35,,,0,30,,63691,37,,,0
300,'5390',722,,63759,35,,,0,85,,63747,37,,,0,40,,63760,35,,,0,85,,63754,37,,,0,75,,63758,35,,,0,40,,63745,37,,,0,60,,63755,35,,,0,31,,63750,37,,,0,69,,63746,35,,,0,30,,63751,37,,,0,70,,63749,35,,,0,30,,63748,37,,,0,70,,63752,35,,,0,37,,63753,37,,,0,67,,63756,35,,,0,41,,63757,37,,,0,65,,63764,35,,,0,33,,63761,37,,,0,67,,63762,35,,,0,30,,63763,37,,,0,70,,63766,35,,,0,30,,63765,37,,,0,70,,63767,35,,,0,35,,63768,37,,,0
500,'4532',635,,64710,8,,,0,116,,64706,8,,,0,100,,64709,8,,,0,80,,64700,8,,,0,85,,64707,8,,,0,40,,64701,8,,,0,80,,64716,8,,,0,80,,64708,8,,,0,40,,64699,8,,,0,80,,64705,8,,,0,80,,64702,8,,,0,40,,64712,8,,,0,80,,64703,8,,,0,80,,64704,8,,,0,40,,64713,8,,,0,75,,64714,8,,,0,80,,64715,8,,,0,40,,64711,8,,,0,90,,64717,8,,,0
500,'4623',609,,64666,8,,,0,95,,64659,8,,,0,32,,64661,8,,,0,70,,64658,8,,,0,31,,64660,8,,,0,70,,64663,8,,,0,46,,64662,8,,,0,73,,64671,8,,,0,80,,64668,8,,,0,40,,64664,8,,,0,80,,64665,8,,,0,80,,64667,8,,,0,40,,64672,8,,,0,80,,64669,8,,,0,75,,64670,8,,,0,36,,64674,8,,,0,77,,64673,8,,,0,34,,64675,8,,,0,91,,64676,8,,,0,76,,64677,8,,,0,85,,64679,8,,,0,45,,64678,8,,,0
500,'4832',735,,64753,8,,,0,120,,64752,8,,,0,161,,64751,8,,,0,40,,64746,8,,,0,80,,64740,8,,,0,80,,64741,8,,,0,40,,64754,8,,,0,80,,64747,8,,,0,80,,64744,8,,,0,40,,64742,8,,,0,80,,64743,8,,,0,80,,64755,8,,,0,40,,64748,8,,,0,75,,64745,8,,,0,80,,64749,8,,,0,40,,64750,8,,,0
500,'4833',635,,64691,8,,,0,116,,64687,8,,,0,100,,64690,8,,,0,80,,64681,8,,,0,85,,64688,8,,,0,40,,64682,8,,,0,80,,64697,8,,,0,80,,64689,8,,,0,40,,64680,8,,,0,80,,64686,8,,,0,80,,64683,8,,,0,40,,64693,8,,,0,80,,64684,8,,,0,80,,64685,8,,,0,40,,64694,8,,,0,75,,64695,8,,,0,80,,64696,8,,,0,40,,64692,8,,,0,90,,64698,8,,,0
500,'5222',609,,64726,8,,,0,95,,64719,8,,,0,32,,64721,8,,,0,70,,64718,8,,,0,31,,64720,8,,,0,70,,64723,8,,,0,46,,64722,8,,,0,73,,64731,8,,,0,80,,64728,8,,,0,40,,64724,8,,,0,80,,64725,8,,,0,80,,64727,8,,,0,40,,64732,8,,,0,80,,64729,8,,,0,75,,64730,8,,,0,36,,64734,8,,,0,77,,64733,8,,,0,34,,64735,8,,,0,91,,64736,8,,,0,76,,64737,8,,,0,85,,64739,8,,,0,45,,64738,8,,,0
500,'5390',735,,64769,8,,,0,120,,64768,8,,,0,161,,64767,8,,,0,40,,64762,8,,,0,80,,64756,8,,,0,80,,64757,8,,,0,40,,64770,8,,,0,80,,64763,8,,,0,80,,64760,8,,,0,40,,64758,8,,,0,80,,64759,8,,,0,80,,64771,8,,,0,40,,64764,8,,,0,75,,64761,8,,,0,80,,64765,8,,,0,40,,64766,8,,,0
