8100,'4487',812,,15651,4,,,0,100,,15652,4,,,0,99,,15653,4,,,0,98,,15654,4,,,0,101,,15655,4,,,0,100,,15656,4,,,0,101,,15657,4,,,0,100,,15658,4,,,0,100,,15659,4,,,0,101,,15660,4,,,0,100,,15661,4,,,0,102,,15662,4,,,0,100,,15663,4,,,0,99,,15664,4,0,44,0
8100,'4737',600,,15665,4,,,0,148,,15666,4,,,0,163,,15667,4,,,0,97,,15668,4,,,0,100,,15669,4,,,0,100,,15670,4,,,0,100,,15671,4,,,0,100,,15672,4,,,0,100,,15673,4,,,0,29,,15674,3,0,45 14,0,72,,15675,4,,,0,100,,15676,4,,,0,46,,15677,4,,,0,156,,15678,4,,,0,101,,15679,4,,,0,105,,15680,4,0,44,0
8100,'4740',812,,15681,4,,,0,100,,15682,4,,,0,99,,15683,4,,,0,98,,15684,4,,,0,101,,15685,4,,,0,100,,15686,4,,,0,101,,15687,4,,,0,100,,15688,4,,,0,100,,15689,4,,,0,101,,15690,4,,,0,100,,15691,4,,,0,102,,15692,4,,,0,100,,15693,4,,,0,99,,15694,4,0,44,0
8100,'4744',600,,15695,4,,,0,148,,15696,4,,,0,163,,15697,4,,,0,97,,15698,4,,,0,100,,15699,4,,,0,100,,15700,4,,,0,100,,15701,4,,,0,100,,15702,4,,,0,100,,15703,4,,,0,29,,15704,3,0,45 14,0,72,,15705,4,,,0,100,,15706,4,,,0,46,,15707,4,,,0,156,,15708,4,,,0,101,,15709,4,,,0,105,,15710,4,0,44,0
8100,'4745',811,,15712,4,,,0,101,,15711,4,,,0,99,,15713,4,,,0,99,,15714,4,,,0,100,,15715,4,,,0,100,,15716,4,,,0,101,,15717,4,,,0,100,,15718,4,,,0,100,,15719,4,,,0,100,,15720,4,,,0,101,,15721,4,,,0,101,,15722,4,,,0,102,,15723,4,,,0,102,,15724,4,0,44,0
8100,'4947',600,,15725,4,,,0,148,,15726,4,,,0,163,,15727,4,,,0,97,,15728,4,,,0,100,,15729,4,,,0,100,,15730,4,,,0,100,,15731,4,,,0,100,,15732,4,,,0,100,,15733,4,,,0,29,,15734,3,0,45 14,0,72,,15735,4,,,0,100,,15736,4,,,0,202,,15737,4,,,0,101,,15738,4,,,0,105,,15739,4,0,44,0
8100,'4949',1755,,15740,4,,,0
8100,'4950',1755,,15741,4,,,0
8100,'4954',811,,15743,4,,,0,101,,15742,4,,,0,99,,15744,4,,,0,99,,15745,4,,,0,100,,15746,4,,,0,100,,15747,4,,,0,101,,15748,4,,,0,100,,15749,4,,,0,100,,15750,4,,,0,100,,15751,4,,,0,101,,15752,4,,,0,101,,15753,4,,,0,102,,15754,4,,,0,102,,15755,4,0,44,0
8701,'4737',655,,15995,36,,,0,200,,15996,36,,,0,200,,15997,36,,,0,200,,15998,36,,,0,200,,15999,36,,,0,203,,16000,36,,,0
8701,'4744',655,,16001,36,,,0,200,,16002,36,,,0,200,,16003,36,,,0,200,,16004,36,,,0,200,,16005,36,,,0,203,,16006,36,,,0
8701,'4947',655,,16007,36,,,0,200,,16008,36,,,0,200,,16009,36,,,0,200,,16010,36,,,0,200,,16011,36,,,0,203,,16012,36,,,0
