5401,'4487',742,,27178,,,0,201,,27175,,,0,211,,27176,,,0,205,,27177,,,0,251,,27174,,,0,209,,27173,,,0,224,,27172,,,0
5401,'4743',742,,13526,,,0,201,,13523,,,0,211,,13524,,,0,205,,13525,,,0,251,,13522,,,0,209,,13521,,,0,224,,13520,,,0
5401,'4744',546,,27179,,,0,170,,27182,,,0,134,,27180,,,0,254,,27181,,,0,198,,27183,,,0,132,,27184,,,0,104,,27185,,,0,185,,27186,,,0,191,,27187,,,0,199,,27188,,,0
5401,'4745',742,,27191,,,0,201,,27192,,,0,211,,27189,,,0,205,,27190,,,0,250,,27193,,,0,210,,27195,,,0,224,,27194,,,0
5401,'4935',546,,7614,,,0,170,,7617,,,0,134,,7615,,,0,254,,7616,,,0,198,,7618,,,0,132,,7619,,,0,104,,7620,,,0,185,,7621,,,0,191,,7622,,,0,199,,7623,,,0
5401,'4941',546,,7624,,,0,170,,7627,,,0,134,,7625,,,0,254,,7626,,,0,198,,7628,,,0,132,,7629,,,0,104,,7630,,,0,185,,7631,,,0,191,,7632,,,0,199,,7633,,,0
5401,'4943',742,,7640,,,0,201,,7637,,,0,211,,7638,,,0,205,,7639,,,0,251,,7636,,,0,209,,7635,,,0,224,,7634,,,0
5401,'4945',742,,7643,,,0,201,,7644,,,0,211,,7641,,,0,205,,7642,,,0,250,,7645,,,0,210,,7647,,,0,224,,7646,,,0
5401,'4947',546,,27196,,,0,170,,27199,,,0,134,,27197,,,0,254,,27198,,,0,198,,27200,,,0,132,,27201,,,0,104,,27202,,,0,185,,27203,,,0,191,,27204,,,0,199,,27205,,,0
5401,'4952',546,,27206,,,0,170,,27209,,,0,134,,27207,,,0,254,,27208,,,0,198,,27210,,,0,132,,27211,,,0,104,,27212,,,0,185,,27213,,,0,191,,27214,,,0,199,,27215,,,0
5401,'4953',742,,27222,,,0,201,,27219,,,0,211,,27220,,,0,205,,27221,,,0,251,,27218,,,0,209,,27217,,,0,224,,27216,,,0
5401,'4954',742,,27225,,,0,201,,27226,,,0,211,,27223,,,0,205,,27224,,,0,250,,27227,,,0,210,,27229,,,0,224,,27228,,,0
