5901,'4487',700,,27973,,,0,100,,27974,,,0,101,,27975,,,0,101,,27972,,,0,105,,27971,,,0,105,,27970,,,0,105,,27969,,,0,105,,27968,,,0,106,,27967,,,0,102,,27966,,,0,103,,27965,,,0,104,,27964,,,0,105,,27963,,,0,160,,27962,,,0
5901,'4743',700,,13628,,,0,100,,13629,,,0,101,,13630,,,0,101,,13627,,,0,105,,13626,,,0,105,,13625,,,0,105,,13624,,,0,105,,13623,,,0,106,,13622,,,0,102,,13621,,,0,103,,13620,,,0,104,,13619,,,0,105,,13618,,,0,160,,13617,,,0
5901,'4744',659,,27977,,,0,69,,27985,,,0,102,,27978,,,0,105,,27979,,,0,101,,27980,,,0,97,,27981,,,0,103,,27982,,,0,102,,27983,,,0,107,,27984,,,0,99,,27976,,,0,85,,27992,,,0,84,,27986,,,0,42,,27987,,,0,81,,27991,,,0,104,,27988,,,0,104,,27989,,,0,113,,27990,,,0
5901,'4745',800,,27994,,,0,101,,27993,,,0,101,,27995,,,0,105,,27997,,,0,105,,27996,,,0,105,,28000,,,0,105,,28001,,,0,106,,27999,,,0,102,,27998,,,0,103,,28004,,,0,104,,28003,,,0,105,,28005,,,0,160,,28002,,,0
5901,'4935',659,,8079,,,0,69,,8087,,,0,102,,8080,,,0,105,,8081,,,0,101,,8082,,,0,97,,8083,,,0,103,,8084,,,0,102,,8085,,,0,107,,8086,,,0,99,,8078,,,0,85,,8094,,,0,84,,8088,,,0,42,,8089,,,0,81,,8093,,,0,104,,8090,,,0,104,,8091,,,0,113,,8092,,,0
5901,'4941',659,,8096,,,0,69,,8104,,,0,102,,8097,,,0,105,,8098,,,0,101,,8099,,,0,97,,8100,,,0,103,,8101,,,0,102,,8102,,,0,107,,8103,,,0,99,,8095,,,0,85,,8111,,,0,84,,8105,,,0,42,,8106,,,0,81,,8110,,,0,104,,8107,,,0,104,,8108,,,0,113,,8109,,,0
5901,'4943',700,,8123,,,0,100,,8124,,,0,101,,8125,,,0,101,,8122,,,0,105,,8121,,,0,105,,8120,,,0,105,,8119,,,0,105,,8118,,,0,106,,8117,,,0,102,,8116,,,0,103,,8115,,,0,104,,8114,,,0,105,,8113,,,0,160,,8112,,,0
5901,'4945',800,,8127,,,0,101,,8126,,,0,101,,8128,,,0,105,,8130,,,0,105,,8129,,,0,105,,8133,,,0,105,,8134,,,0,106,,8132,,,0,102,,8131,,,0,103,,8137,,,0,104,,8136,,,0,105,,8138,,,0,160,,8135,,,0
5901,'4947',659,,28007,,,0,69,,28015,,,0,102,,28008,,,0,105,,28009,,,0,101,,28010,,,0,97,,28011,,,0,103,,28012,,,0,102,,28013,,,0,107,,28014,,,0,99,,28006,,,0,85,,28022,,,0,84,,28016,,,0,42,,28017,,,0,81,,28021,,,0,104,,28018,,,0,104,,28019,,,0,113,,28020,,,0
5901,'4952',659,,28024,,,0,69,,28032,,,0,102,,28025,,,0,105,,28026,,,0,101,,28027,,,0,97,,28028,,,0,103,,28029,,,0,102,,28030,,,0,107,,28031,,,0,99,,28023,,,0,85,,28039,,,0,84,,28033,,,0,42,,28034,,,0,81,,28038,,,0,104,,28035,,,0,104,,28036,,,0,113,,28037,,,0
5901,'4953',700,,28051,,,0,100,,28052,,,0,101,,28053,,,0,101,,28050,,,0,105,,28049,,,0,105,,28048,,,0,105,,28047,,,0,105,,28046,,,0,106,,28045,,,0,102,,28044,,,0,103,,28043,,,0,104,,28042,,,0,105,,28041,,,0,160,,28040,,,0
5901,'4954',800,,28055,,,0,101,,28054,,,0,101,,28056,,,0,105,,28058,,,0,105,,28057,,,0,105,,28061,,,0,105,,28062,,,0,106,,28060,,,0,102,,28059,,,0,103,,28065,,,0,104,,28064,,,0,105,,28066,,,0,160,,28063,,,0
