201,'4532',643,,63514,20,0,46 37,0,158,,63515,20,0,46 37,0,124,,63509,20,0,46 37,0,80,,63502,20,0,46 37,0,97,,63512,20,0,46 37,0,38,,63503,20,0,46 37,0,80,,63495,20,0,46 37,0,38,,63498,20,0,46 37,0,78,,63497,20,0,46 37,0,81,,63507,20,0,46 37,0,40,,63499,20,0,46 37,0,81,,63496,20,0,46 37,0,81,,63500,20,0,46 37,0,35,,63508,20,0,46 37,0,81,,63511,20,0,46 37,0,81,,63510,20,0,46 37,0,37,,63513,20,0,46 37,0,76,,63504,20,0,46 37,0,80,,63505,20,0,46 37,0,45,,63506,20,0,46 37,0,81,,63519,20,0,46 37,0,81,,63516,20,0,46 37,0,43,,63517,20,0,46 37,0,81,,63518,20,0,46 37,0,76,,63520,20,0,46 37,0
201,'4623',600,,63441,20,0,46 37,0,21,,63433,20,0,46 37,0,26,,63450,20,0,46 37,0,69,,63445,20,0,46 37,0,30,,63434,20,0,46 37,0,71,,63449,20,0,46 37,0,32,,63439,20,0,46 37,0,71,,63435,20,0,46 37,0,33,,63447,20,0,46 37,0,78,,63440,20,0,46 37,0,79,,63436,20,0,46 37,0,39,,63438,20,0,46 37,0,80,,63437,20,0,46 37,0,79,,63446,20,0,46 37,0,40,,63443,20,0,46 37,0,92,,63444,20,0,46 37,0,73,,63442,20,0,46 37,0,37,,63452,20,0,46 37,0,75,,63453,20,0,46 37,0,77,,63451,20,0,46 37,0,37,,63454,20,0,46 37,0,88,,63455,20,0,46 37,0,25,,63457,20,0,46 37,0,82,,63456,20,0,46 37,0,83,,63458,20,0,46 37,0,41,,63459,20,0,46 37,0,78,,63460,20,0,46 37,0,81,,63461,20,0,46 37,0,41,,63463,20,0,46 37,0,81,,63462,20,0,46 37,0,72,,63464,20,0,46 37,0
201,'4832',630,,63568,20,0,46 37,0,119,,63575,20,0,46 37,0,158,,63569,20,0,46 37,0,135,,63576,20,0,46 37,0,100,,63555,20,0,46 37,0,79,,63566,20,0,46 37,0,79,,63562,20,0,46 37,0,39,,63561,20,0,46 37,0,81,,63557,20,0,46 37,0,80,,63558,20,0,46 37,0,40,,63567,20,0,46 37,0,81,,63563,20,0,46 37,0,36,,63559,20,0,46 37,0,80,,63560,20,0,46 37,0,81,,63564,20,0,46 37,0,37,,63573,20,0,46 37,0,81,,63565,20,0,46 37,0,80,,63572,20,0,46 37,0,41,,63571,20,0,46 37,0,80,,63574,20,0,46 37,0,81,,63570,20,0,46 37,0,82,,63577,20,0,46 37,0,41,,63578,20,0,46 37,0
201,'5222',600,,63530,20,0,46 37,0,21,,63522,20,0,46 37,0,26,,63539,20,0,46 37,0,69,,63534,20,0,46 37,0,30,,63523,20,0,46 37,0,71,,63538,20,0,46 37,0,32,,63528,20,0,46 37,0,71,,63524,20,0,46 37,0,33,,63536,20,0,46 37,0,78,,63529,20,0,46 37,0,79,,63525,20,0,46 37,0,39,,63527,20,0,46 37,0,80,,63526,20,0,46 37,0,79,,63535,20,0,46 37,0,40,,63532,20,0,46 37,0,92,,63533,20,0,46 37,0,73,,63531,20,0,46 37,0,37,,63541,20,0,46 37,0,75,,63542,20,0,46 37,0,77,,63540,20,0,46 37,0,37,,63543,20,0,46 37,0,88,,63544,20,0,46 37,0,25,,63546,20,0,46 37,0,82,,63545,20,0,46 37,0,83,,63547,20,0,46 37,0,41,,63548,20,0,46 37,0,78,,63549,20,0,46 37,0,81,,63550,20,0,46 37,0,41,,63552,20,0,46 37,0,81,,63551,20,0,46 37,0,72,,63553,20,0,46 37,0
201,'5390',630,,63593,20,0,46 37,0,119,,63600,20,0,46 37,0,158,,63594,20,0,46 37,0,135,,63601,20,0,46 37,0,100,,63580,20,0,46 37,0,79,,63591,20,0,46 37,0,79,,63587,20,0,46 37,0,39,,63586,20,0,46 37,0,81,,63582,20,0,46 37,0,80,,63583,20,0,46 37,0,40,,63592,20,0,46 37,0,81,,63588,20,0,46 37,0,36,,63584,20,0,46 37,0,80,,63585,20,0,46 37,0,81,,63589,20,0,46 37,0,37,,63598,20,0,46 37,0,81,,63590,20,0,46 37,0,80,,63597,20,0,46 37,0,41,,63596,20,0,46 37,0,80,,63599,20,0,46 37,0,81,,63595,20,0,46 37,0,82,,63602,20,0,46 37,0,41,,63603,20,0,46 37,0
501,'4532',722,,64823,15,,,0,120,,64825,15,,,0,103,,64822,15,,,0,79,,64816,15,,,0,97,,64824,15,,,0,79,,64815,15,,,0,39,,64831,15,,,0,78,,64820,15,,,0,38,,64821,15,,,0,82,,64818,15,,,0,80,,64819,15,,,0,41,,64829,15,,,0,81,,64832,15,,,0,75,,64828,15,,,0,42,,64830,15,,,0,77,,64834,15,,,0,75,,64833,15,,,0,41,,64826,15,,,0,85,,64827,15,,,0
501,'4623',632,,64775,15,,,0,71,,64780,15,,,0,27,,64772,15,,,0,71,,64774,15,,,0,32,,64778,15,,,0,72,,64773,15,,,0,30,,64776,15,,,0,77,,64779,15,,,0,39,,64777,15,,,0,79,,64787,15,,,0,79,,64782,15,,,0,40,,64783,15,,,0,79,,64781,15,,,0,94,,64784,15,,,0,36,,64786,15,,,0,73,,64785,15,,,0,77,,64788,15,,,0,35,,64792,15,,,0,76,,64790,15,,,0,82,,64791,15,,,0,111,,64789,15,,,0,43,,64793,15,,,0,82,,64794,15,,,0
501,'4832',710,,64872,15,,,0,118,,64871,15,,,0,117,,64870,15,,,0,79,,64864,15,,,0,98,,64867,15,,,0,79,,64863,15,,,0,40,,64859,15,,,0,78,,64858,15,,,0,81,,64874,15,,,0,40,,64866,15,,,0,80,,64862,15,,,0,80,,64861,15,,,0,42,,64860,15,,,0,75,,64873,15,,,0,40,,64868,15,,,0,76,,64865,15,,,0,83,,64869,15,,,0
501,'5222',632,,64838,15,,,0,71,,64843,15,,,0,27,,64835,15,,,0,71,,64837,15,,,0,32,,64841,15,,,0,72,,64836,15,,,0,30,,64839,15,,,0,77,,64842,15,,,0,39,,64840,15,,,0,79,,64850,15,,,0,79,,64845,15,,,0,40,,64846,15,,,0,79,,64844,15,,,0,94,,64847,15,,,0,36,,64849,15,,,0,73,,64848,15,,,0,77,,64851,15,,,0,35,,64855,15,,,0,76,,64853,15,,,0,82,,64854,15,,,0,111,,64852,15,,,0,43,,64856,15,,,0,82,,64857,15,,,0
501,'5390',710,,64889,15,,,0,118,,64888,15,,,0,117,,64887,15,,,0,79,,64881,15,,,0,98,,64884,15,,,0,79,,64880,15,,,0,40,,64876,15,,,0,78,,64875,15,,,0,81,,64891,15,,,0,40,,64883,15,,,0,80,,64879,15,,,0,80,,64878,15,,,0,42,,64877,15,,,0,75,,64890,15,,,0,40,,64885,15,,,0,76,,64882,15,,,0,83,,64886,15,,,0
