5200,'4532',650,,73041,39,,,0,70,,73040,39,,,0,81,,73035,39,,,0,35,,73043,39,,,0,71,,73038,39,,,0,33,,73024,39,,,0,70,,73031,39,,,0,30,,73050,39,,,0,72,,73029,39,,,0,35,,73026,39,,,0,73,,73032,39,,,0,32,,73052,39,,,0,75,,73027,39,,,0,73,,73025,39,,,0,36,,73034,39,,,0,66,,73051,39,,,0,34,,73030,39,,,0,72,,73037,39,,,0,35,,73033,39,,,0,68,,73048,39,,,0,30,,73028,39,,,0,69,,73039,39,,,0,22,,73045,39,,,0,25,,73036,39,,,0,64,,73044,39,,,0,24,,73047,39,,,0,68,,73046,39,,,0,28,,73042,39,,,0,70,,73049,39,,,0,100,,73053,39,,,0,93,,73054,39,,,0,108,,73055,39,,,0
5200,'4623',516,,72979,39,,,0,31,,72988,39,,,0,74,,72968,39,,,0,18,,72956,39,,,0,64,,72980,39,,,0,21,,72961,39,,,0,29,,72989,39,,,0,74,,72969,39,,,0,27,,72957,39,,,0,68,,72981,39,,,0,31,,72962,39,,,0,67,,72990,39,,,0,30,,72963,39,,,0,75,,72970,39,,,0,33,,72958,39,,,0,71,,72982,39,,,0,29,,72964,39,,,0,78,,72971,39,,,0,74,,72959,39,,,0,33,,72983,39,,,0,70,,72965,39,,,0,34,,72972,39,,,0,73,,72973,39,,,0,30,,72960,39,,,0,67,,72984,39,,,0,28,,72966,39,,,0,73,,72974,39,,,0,29,,72975,39,,,0,75,,72985,39,,,0,28,,72967,39,,,0,68,,72977,39,,,0,29,,72976,39,,,0,71,,72986,39,,,0,94,,72978,39,,,0,100,,72987,39,,,0,99,,72991,39,,,0
5200,'4832',720,,73113,39,,,0,32,,73095,39,,,0,81,,73098,39,,,0,71,,73112,39,,,0,32,,73106,39,,,0,72,,73094,39,,,0,31,,73097,39,,,0,72,,73108,39,,,0,31,,73102,39,,,0,72,,73093,39,,,0,33,,73096,39,,,0,70,,73111,39,,,0,31,,73104,39,,,0,78,,73092,39,,,0,30,,73100,39,,,0,74,,73110,39,,,0,74,,73103,39,,,0,33,,73119,39,,,0,68,,73099,39,,,0,30,,73109,39,,,0,68,,73105,39,,,0,30,,73107,39,,,0,69,,73101,39,,,0,29,,73115,39,,,0,79,,73114,39,,,0,99,,73116,39,,,0,98,,73118,39,,,0,106,,73117,39,,,0
5200,'4833',650,,73009,39,,,0,70,,73008,39,,,0,81,,73003,39,,,0,35,,73011,39,,,0,71,,73006,39,,,0,33,,72992,39,,,0,70,,72999,39,,,0,30,,73018,39,,,0,72,,72997,39,,,0,35,,72994,39,,,0,73,,73000,39,,,0,32,,73020,39,,,0,75,,72995,39,,,0,73,,72993,39,,,0,36,,73002,39,,,0,66,,73019,39,,,0,34,,72998,39,,,0,72,,73005,39,,,0,35,,73001,39,,,0,68,,73016,39,,,0,30,,72996,39,,,0,69,,73007,39,,,0,22,,73013,39,,,0,25,,73004,39,,,0,64,,73012,39,,,0,24,,73015,39,,,0,68,,73014,39,,,0,28,,73010,39,,,0,70,,73017,39,,,0,100,,73021,39,,,0,93,,73022,39,,,0,108,,73023,39,,,0
5200,'5222',516,,73079,39,,,0,31,,73088,39,,,0,74,,73068,39,,,0,18,,73056,39,,,0,64,,73080,39,,,0,21,,73061,39,,,0,29,,73089,39,,,0,74,,73069,39,,,0,27,,73057,39,,,0,68,,73081,39,,,0,31,,73062,39,,,0,67,,73090,39,,,0,30,,73063,39,,,0,75,,73070,39,,,0,33,,73058,39,,,0,71,,73082,39,,,0,29,,73064,39,,,0,78,,73071,39,,,0,74,,73059,39,,,0,33,,73083,39,,,0,70,,73065,39,,,0,34,,73072,39,,,0,73,,73073,39,,,0,30,,73060,39,,,0,67,,73084,39,,,0,28,,73066,39,,,0,73,,73074,39,,,0,29,,73075,39,,,0,75,,73085,39,,,0,28,,73067,39,,,0,68,,73077,39,,,0,29,,73076,39,,,0,71,,73086,39,,,0,94,,73078,39,,,0,100,,73087,39,,,0,99,,73091,39,,,0
5200,'5390',720,,73141,39,,,0,32,,73123,39,,,0,81,,73126,39,,,0,71,,73140,39,,,0,32,,73134,39,,,0,72,,73122,39,,,0,31,,73125,39,,,0,72,,73136,39,,,0,31,,73130,39,,,0,72,,73121,39,,,0,33,,73124,39,,,0,70,,73139,39,,,0,31,,73132,39,,,0,78,,73120,39,,,0,30,,73128,39,,,0,74,,73138,39,,,0,74,,73131,39,,,0,33,,73147,39,,,0,68,,73127,39,,,0,30,,73137,39,,,0,68,,73133,39,,,0,30,,73135,39,,,0,69,,73129,39,,,0,29,,73143,39,,,0,79,,73142,39,,,0,99,,73144,39,,,0,98,,73146,39,,,0,106,,73145,39,,,0
6000,'4532',714,,74254,3,,,0,100,,74255,3,,,0,101,,74253,3,,,0,101,,74252,3,,,0,106,,74251,3,,,0,105,,74250,3,,,0,105,,74249,3,,,0,106,,74248,3,,,0,106,,74246,3,,,0,102,,74247,3,,,0,103,,74242,3,,,0,104,,74243,3,,,0,105,,74244,3,,,0,160,,74245,3,,,0
6000,'4623',642,,74210,3,,,0,72,,74227,3,,,0,31,,74213,3,,,0,104,,74214,3,,,0,103,,74215,3,,,0,101,,74211,3,,,0,98,,74218,3,,,0,103,,74219,3,,,0,104,,74220,3,,,0,145,,74221,3,,,0,104,,74212,3,,,0,40,,74216,3,,,0,83,,74222,3,,,0,82,,74223,3,,,0,41,,74217,3,,,0,103,,74224,3,,,0,144,,74225,3,,,0,114,,74226,3,,,0
6000,'4832',815,,74274,3,,,0,101,,74275,3,,,0,101,,74277,3,,,0,106,,74276,3,,,0,105,,74281,3,,,0,105,,74280,3,,,0,105,,74279,3,,,0,105,,74278,3,,,0,102,,74284,3,,,0,103,,74285,3,,,0,104,,74286,3,,,0,105,,74283,3,,,0,160,,74282,3,,,0
6000,'4833',714,,74240,3,,,0,100,,74241,3,,,0,101,,74239,3,,,0,101,,74238,3,,,0,106,,74237,3,,,0,105,,74236,3,,,0,105,,74235,3,,,0,106,,74234,3,,,0,106,,74232,3,,,0,102,,74233,3,,,0,103,,74228,3,,,0,104,,74229,3,,,0,105,,74230,3,,,0,160,,74231,3,,,0
6000,'5222',642,,74256,3,,,0,72,,74273,3,,,0,31,,74259,3,,,0,104,,74260,3,,,0,103,,74261,3,,,0,101,,74257,3,,,0,98,,74264,3,,,0,103,,74265,3,,,0,104,,74266,3,,,0,145,,74267,3,,,0,104,,74258,3,,,0,40,,74262,3,,,0,83,,74268,3,,,0,82,,74269,3,,,0,41,,74263,3,,,0,103,,74270,3,,,0,144,,74271,3,,,0,114,,74272,3,,,0
6000,'5390',815,,74287,3,,,0,101,,74288,3,,,0,101,,74290,3,,,0,106,,74289,3,,,0,105,,74294,3,,,0,105,,74293,3,,,0,105,,74292,3,,,0,105,,74291,3,,,0,102,,74297,3,,,0,103,,74298,3,,,0,104,,74299,3,,,0,105,,74296,3,,,0,160,,74295,3,,,0
