4801,'4737',1708,,12116,41,,,0,29,,12117,41,,,0,69,,12118,41,,,0
4801,'4744',1708,,12119,41,,,0,29,,12120,41,,,0,69,,12121,41,,,0
4801,'4947',1708,,12122,41,,,0,29,,12123,41,,,0,69,,12124,41,,,0
6000,'4487',724,,13805,24,,,0,100,,13806,24,,,0,102,,13804,24,,,0,101,,13803,24,,,0,106,,13802,24,,,0,105,,13801,24,,,0,105,,13800,24,,,0,106,,13799,24,,,0,106,,13797,24,,,0,102,,13798,24,,,0,143,,13793,24,,,0,103,,13794,24,,,0,105,,13795,24,,,0,120,,13796,24,,,0
6000,'4737',652,,13813,24,,,0,73,,13808,24,,,0,31,,13816,24,,,0,146,,13810,24,,,0,101,,13809,24,,,0,101,,13811,24,,,0,97,,13812,24,,,0,103,,13814,24,,,0,102,,13815,24,,,0,44,,13820,25,,,0,67,,13817,24,,,0,102,,13807,24,,,0,40,,13824,24,,,0,82,,13818,24,,,0,82,,13819,24,,,0,80,,13823,24,,,0,103,,13821,24,,,0,104,,13822,24,,,0,113,,13825,24,,,0
6000,'4740',724,,13838,24,,,0,100,,13839,24,,,0,102,,13837,24,,,0,101,,13836,24,,,0,106,,13835,24,,,0,105,,13834,24,,,0,105,,13833,24,,,0,106,,13832,24,,,0,106,,13830,24,,,0,102,,13831,24,,,0,143,,13826,24,,,0,103,,13827,24,,,0,105,,13828,24,,,0,120,,13829,24,,,0
6000,'4744',652,,13846,24,,,0,73,,13841,24,,,0,31,,13849,24,,,0,146,,13843,24,,,0,101,,13842,24,,,0,101,,13844,24,,,0,97,,13845,24,,,0,103,,13847,24,,,0,102,,13848,24,,,0,111,,13850,24,,,0,31,,13858,25,,,0,71,,13840,24,,,0,40,,13856,24,,,0,82,,13851,24,,,0,82,,13852,24,,,0,80,,13855,24,,,0,103,,13853,24,,,0,104,,13854,24,,,0,113,,13857,24,,,0
6000,'4745',825,,13859,24,,,0,102,,13860,24,,,0,101,,13862,24,,,0,106,,13861,24,,,0,105,,13866,24,,,0,105,,13865,24,,,0,105,,13864,24,,,0,105,,13863,24,,,0,102,,13869,24,,,0,102,,13870,24,,,0,144,,13871,24,,,0,105,,13868,24,,,0,120,,13867,24,,,0
6000,'4947',652,,13878,24,,,0,73,,13873,24,,,0,31,,13881,24,,,0,146,,13875,24,,,0,101,,13874,24,,,0,101,,13876,24,,,0,97,,13877,24,,,0,103,,13879,24,,,0,102,,13880,24,,,0,111,,13882,24,,,0,31,,13890,25,,,0,71,,13872,24,,,0,40,,13888,24,,,0,82,,13883,24,,,0,82,,13884,24,,,0,80,,13887,24,,,0,103,,13885,24,,,0,104,,13886,24,,,0,113,,13889,24,,,0
6000,'4954',825,,13891,24,,,0,102,,13892,24,,,0,101,,13894,24,,,0,106,,13893,24,,,0,105,,13898,24,,,0,105,,13897,24,,,0,105,,13896,24,,,0,105,,13895,24,,,0,102,,13901,24,,,0,102,,13902,24,,,0,144,,13903,24,,,0,105,,13900,24,,,0,120,,13899,24,,,0
