4901,'4487',632,,26464,,,0,204,,26465,,,0,211,,26466,,,0,202,,26461,,,0,210,,26462,,,0,249,,26463,,,0,194,,26460,,,0
4901,'4743',632,,13431,,,0,204,,13432,,,0,211,,13433,,,0,202,,13428,,,0,210,,13429,,,0,249,,13430,,,0,194,,13427,,,0
4901,'4744',633,,26471,,,0,109,,26469,,,0,99,,26472,,,0,172,,26468,,,0,200,,26470,,,0,126,,26473,,,0,185,,26475,,,0,104,,26474,,,0,93,,26467,,,0,107,,26476,,,0,194,,26477,,,0
4901,'4745',836,,26479,,,0,210,,26478,,,0,202,,26480,,,0,209,,26481,,,0,250,,26482,,,0,194,,26483,,,0
4901,'4935',633,,7202,,,0,109,,7200,,,0,99,,7203,,,0,172,,7199,,,0,200,,7201,,,0,126,,7204,,,0,185,,7206,,,0,104,,7205,,,0,93,,7198,,,0,107,,7207,,,0,194,,7208,,,0
4901,'4941',633,,7213,,,0,109,,7211,,,0,99,,7214,,,0,172,,7210,,,0,200,,7212,,,0,126,,7215,,,0,185,,7217,,,0,104,,7216,,,0,93,,7209,,,0,107,,7218,,,0,194,,7219,,,0
4901,'4943',632,,7224,,,0,204,,7225,,,0,211,,7226,,,0,202,,7221,,,0,210,,7222,,,0,249,,7223,,,0,194,,7220,,,0
4901,'4945',836,,7228,,,0,210,,7227,,,0,202,,7229,,,0,209,,7230,,,0,250,,7231,,,0,194,,7232,,,0
4901,'4947',633,,26488,,,0,109,,26486,,,0,99,,26489,,,0,172,,26485,,,0,200,,26487,,,0,126,,26490,,,0,185,,26492,,,0,104,,26491,,,0,93,,26484,,,0,107,,26493,,,0,194,,26494,,,0
4901,'4952',633,,26499,,,0,109,,26497,,,0,99,,26500,,,0,172,,26496,,,0,200,,26498,,,0,126,,26501,,,0,185,,26503,,,0,104,,26502,,,0,93,,26495,,,0,107,,26504,,,0,194,,26505,,,0
4901,'4953',632,,26510,,,0,204,,26511,,,0,211,,26512,,,0,202,,26507,,,0,210,,26508,,,0,249,,26509,,,0,194,,26506,,,0
4901,'4954',836,,26514,,,0,210,,26513,,,0,202,,26515,,,0,209,,26516,,,0,250,,26517,,,0,194,,26518,,,0
