200,'4332',608,,52764,20,,,0,113,,52767,20,,,0,121,,52765,20,,,0,80,,52753,20,,,0,86,,52766,20,,,0,40,,52751,20,,,0,80,,52745,20,,,0,81,,52752,20,,,0,40,,52746,20,,,0,80,,52759,20,,,0,81,,52747,20,,,0,41,,52750,20,,,0,80,,52749,20,,,0,79,,52748,20,,,0,40,,52762,20,,,0,79,,52763,20,,,0,75,,52761,20,,,0,40,,52755,20,,,0,75,,52756,20,,,0,19,,52754,20,4,,0,75,,52758,20,,,0,20,,52760,20,4,,0,20,,52757,20,,,0,65,,52772,20,4,,0,20,,52773,20,,,0,80,,52770,20,,,0,40,,52769,20,,,0,78,,52771,20,,,0,79,,52768,20,,,0,34,,52774,20,4,,0
200,'4661',558,,52816,20,,,0,81,,52808,20,,,0,61,,52803,20,,,0,31,,52817,20,,,0,71,,52811,20,,,0,31,,52802,20,,,0,71,,52815,20,,,0,30,,52812,20,,,0,16,,52800,20,4,,0,70,,52801,20,,,0,38,,52804,20,,,0,81,,52805,20,,,0,80,,52814,20,,,0,40,,52807,20,,,0,81,,52806,20,,,0,79,,52813,20,,,0,38,,52809,20,,,0,76,,52810,20,,,0,77,,52818,20,,,0,36,,52819,20,,,0,73,,52822,20,4,,0,15,,52821,20,,,0,73,,52820,20,,,0,40,,52825,20,,,0,89,,52823,20,,,0,79,,52824,20,,,0,21,,52827,20,4,,0,21,,52829,20,,,0,61,,52826,20,4,,0,19,,52828,20,,,0,78,,52830,20,,,0,39,,52831,20,,,0,79,,52832,20,,,0,78,,52833,20,,,0,32,,52834,20,4,,0
200,'4663',558,,52725,20,,,0,81,,52717,20,,,0,61,,52712,20,,,0,31,,52726,20,,,0,71,,52720,20,,,0,31,,52711,20,,,0,71,,52724,20,,,0,30,,52721,20,,,0,16,,52709,20,4,,0,70,,52710,20,,,0,38,,52713,20,,,0,81,,52714,20,,,0,80,,52723,20,,,0,40,,52716,20,,,0,81,,52715,20,,,0,79,,52722,20,,,0,38,,52718,20,,,0,76,,52719,20,,,0,77,,52727,20,,,0,36,,52728,20,,,0,73,,52731,20,4,,0,15,,52730,20,,,0,73,,52729,20,,,0,40,,52734,20,,,0,89,,52732,20,,,0,79,,52733,20,,,0,21,,52736,20,4,,0,21,,52738,20,,,0,61,,52735,20,4,,0,19,,52737,20,,,0,78,,52739,20,,,0,39,,52740,20,,,0,79,,52741,20,,,0,78,,52742,20,,,0,32,,52743,20,4,,0,67,,52744,20,4,,0
200,'5078',704,,52797,20,,,0,121,,52796,20,,,0,122,,52795,20,,,0,101,,52776,20,,,0,80,,52794,20,,,0,81,,52782,20,,,0,40,,52780,20,,,0,80,,52775,20,,,0,81,,52777,20,,,0,40,,52788,20,,,0,80,,52783,20,,,0,80,,52778,20,,,0,39,,52781,20,,,0,80,,52779,20,,,0,74,,52789,20,,,0,40,,52785,20,,,0,75,,52784,20,4,,0,19,,52790,20,,,0,20,,52787,20,4,,0,60,,52786,20,,,0,40,,52792,20,,,0,79,,52793,20,,,0,80,,52791,20,,,0,39,,52798,20,,,0,79,,52799,20,,,0
500,'4332',644,,53729,20,,,0,157,,53725,20,,,0,101,,53728,20,,,0,41,,53719,20,,,0,85,,53726,20,,,0,80,,53720,20,,,0,41,,53735,20,,,0,80,,53727,20,,,0,80,,53718,20,,,0,41,,53724,20,,,0,80,,53721,20,,,0,81,,53731,20,,,0,40,,53722,20,,,0,79,,53723,20,,,0,79,,53732,20,,,0,35,,53733,20,,,0,80,,53734,20,,,0,80,,53730,20,,,0,49,,53736,20,,,0
500,'4661',618,,53761,20,,,0,97,,53754,20,,,0,32,,53756,20,,,0,71,,53753,20,,,0,31,,53755,20,,,0,69,,53758,20,,,0,87,,53757,20,,,0,33,,53766,20,,,0,80,,53763,20,,,0,41,,53759,20,,,0,80,,53760,20,,,0,82,,53762,20,,,0,38,,53767,20,,,0,80,,53764,20,,,0,76,,53765,20,,,0,36,,53769,20,,,0,77,,53768,20,,,0,74,,53770,20,,,0,49,,53771,20,,,0,76,,53772,20,,,0,84,,53774,20,,,0,45,,53773,20,,,0
500,'4663',618,,53704,20,,,0,97,,53697,20,,,0,32,,53699,20,,,0,71,,53696,20,,,0,31,,53698,20,,,0,69,,53701,20,,,0,87,,53700,20,,,0,33,,53709,20,,,0,80,,53706,20,,,0,41,,53702,20,,,0,80,,53703,20,,,0,82,,53705,20,,,0,38,,53710,20,,,0,80,,53707,20,,,0,76,,53708,20,,,0,36,,53712,20,,,0,77,,53711,20,,,0,74,,53713,20,,,0,49,,53714,20,,,0,76,,53715,20,,,0,84,,53717,20,,,0,45,,53716,20,,,0
500,'5078',745,,53750,20,,,0,161,,53749,20,,,0,122,,53748,20,,,0,80,,53743,20,,,0,40,,53737,20,,,0,81,,53738,20,,,0,80,,53751,20,,,0,40,,53744,20,,,0,81,,53741,20,,,0,80,,53739,20,,,0,40,,53740,20,,,0,80,,53752,20,,,0,79,,53745,20,,,0,35,,53742,20,,,0,79,,53746,20,,,0,80,,53747,20,,,0
2400,'4332',718,,56955,36,,,0,123,,56953,36,,,0,105,,56951,36,,,0,112,,56952,36,,,0,100,,56954,36,,,0,100,,56960,36,,,0,98,,56957,36,,,0,100,,56956,36,,,0,100,,56959,36,,,0,97,,56958,36,,,0,103,,56961,36,,,0,152,,56962,36,,,0,123,,56963,36,,,0,125,,56964,36,,,0,167,,56965,36,,,0
2400,'4661',637,,56979,36,,,0,74,,56983,36,,,0,40,,56984,36,,,0,102,,56980,36,,,0,149,,56978,36,,,0,100,,56988,36,,,0,101,,56985,36,,,0,100,,56981,36,,,0,100,,56982,36,,,0,100,,56986,36,,,0,49,,56987,36,,,0,80,,56989,36,,,0,92,,56990,36,,,0,97,,56991,36,,,0,100,,56992,36,,,0,110,,56993,36,,,0,122,,56994,36,,,0,170,,56995,36,,,0,130,,56996,36,,,0
2400,'4663',637,,56933,36,,,0,74,,56937,36,,,0,40,,56938,36,,,0,102,,56934,36,,,0,149,,56932,36,,,0,100,,56942,36,,,0,101,,56939,36,,,0,100,,56935,36,,,0,100,,56936,36,,,0,100,,56940,36,,,0,49,,56941,36,,,0,80,,56943,36,,,0,92,,56944,36,,,0,97,,56945,36,,,0,100,,56946,36,,,0,110,,56947,36,,,0,122,,56948,36,,,0,170,,56949,36,,,0,130,,56950,36,,,0
2400,'5078',730,,56967,2,,,0,107,,56966,36,,,0,170,,56969,36,,,0,130,,56968,36,,,0,173,,56970,36,,,0,130,,56971,36,,,0,170,,56972,36,,,0,130,,56973,36,,,0,167,,56974,36,,,0,125,,56975,36,,,0,124,,56976,36,,,0,167,,56977,36,,,0
2500,'4332',801,,57092,43,,,0,110,,57090,43,,,0,115,,57094,43,,,0,102,,57088,43,,,0,100,,57086,43,,,0,98,,57087,43,,,0,100,,57089,43,,,0,100,,57093,43,,,0,100,,57091,43,,,0,100,,57095,43,,,0,102,,57096,43,,,0,123,,57097,43,,,0,161,,57098,43,,,0,127,,57099,43,,,0
2500,'4661',617,,57121,43,,,0,37,,57114,43,,,0,73,,57112,43,,,0,79,,57113,43,,,0,28,,57120,43,,,0,94,,57119,43,,,0,104,,57117,43,,,0,100,,57115,43,,,0,101,,57116,43,,,0,100,,57122,43,,,0,100,,57118,43,,,0,179,,57124,43,,,0,44,,57123,43,,,0,95,,57125,43,,,0,100,,57126,43,,,0,100,,57127,43,,,0,160,,57128,43,,,0,127,,57129,43,,,0
2500,'4663',617,,57076,43,,,0,37,,57068,43,,,0,73,,57066,43,,,0,79,,57067,43,,,0,28,,57074,43,,,0,94,,57073,43,,,0,104,,57071,43,,,0,100,,57069,43,,,0,101,,57070,43,,,0,100,,57077,43,,,0,100,,57072,43,,,0,99,,57075,35,,,0,80,,57079,43,,,0,44,,57078,43,,,0,95,,57080,43,,,0,100,,57081,43,,,0,100,,57082,43,,,0,160,,57083,43,,,0,127,,57084,43,,,0
2500,'5078',752,,57103,43,,,0,170,,57101,43,,,0,130,,57102,43,,,0,170,,57104,43,,,0,133,,57105,43,,,0,170,,57106,43,,,0,130,,57107,43,,,0,167,,57108,43,,,0,130,,57109,43,,,0,160,,57110,43,,,0,127,,57111,43,,,0
2500,'5387',1532,,57131,35,,,0
2700,'4332',631,,57768,4,,,0,72,,57769,4,,,0,27,,57770,4,,,0,70,,57771,4,,,0,27,,57772,4,,,0,26,,57773,4,,,0,66,,57774,4,,,0,26,,57775,4,,,0,66,,57776,4,,,0,22,,57777,4,,,0,22,,57778,4,,,0,63,,57779,4,,,0,22,,57780,4,,,0,62,,57781,4,,,0,21,,57782,4,,,0,23,,57783,4,,,0,63,,57784,4,,,0,22,,57785,4,,,0,23,,57786,4,,,0,59,,57787,4,,,0,21,,57788,4,,,0,20,,57789,4,,,0,62,,57790,4,,,0,21,,57791,4,,,0,20,,57792,4,,,0,60,,57793,4,,,0,21,,57794,4,,,0,20,,57795,4,,,0,61,,57796,4,,,0,20,,57797,4,,,0,20,,57798,4,,,0,60,,57799,4,,,0,21,,57800,4,,,0,66,,57801,4,,,0,27,,57802,4,,,0,69,,57803,4,,,0,30,,57804,4,,,0,69,,57805,4,,,0,30,,57806,4,,,0,70,,57807,4,,,0,34,,57808,4,,,0,71,,57809,4,,,0,30,,57810,4,,,0,72,,57811,4,,,0,30,,57812,4,,,0,68,,57813,4,,,0,30,,57814,4,,,0,70,,57815,4,,,0,30,,57816,4,,,0
2700,'4661',711,,57864,4,,,0,110,,57876,4,,,0,22,,57901,4,,,0,65,,57888,4,,,0,25,,57871,4,,,0,26,,57860,4,,,0,65,,57859,4,,,0,26,,57858,4,,,0,67,,57861,4,,,0,26,,57875,4,,,0,66,,57885,4,,,0,26,,57868,4,,,0,66,,57862,4,,,0,26,,57866,4,,,0,24,,57867,4,,,0,64,,57869,4,,,0,22,,57874,4,,,0,22,,57865,4,,,0,55,,57892,4,,,0,16,,57896,4,,,0,16,,57897,4,,,0,56,,57898,4,,,0,16,,57877,4,,,0,16,,57899,4,,,0,16,,57872,4,,,0,57,,57873,4,,,0,16,,57879,4,,,0,31,,57878,4,,,0,56,,57880,4,,,0,15,,57881,4,,,0,21,,57883,4,,,0,91,,57884,4,,,0,68,,57889,4,,,0,97,,57891,4,,,0,29,,57890,4,,,0,106,,57894,4,,,0,79,,57895,4,,,0,40,,57893,4,,,0
2700,'4663',711,,57715,4,,,0,110,,57727,4,,,0,22,,57760,4,,,0,65,,57741,4,,,0,25,,57722,4,,,0,26,,57711,4,,,0,65,,57710,4,,,0,26,,57709,4,,,0,67,,57712,4,,,0,26,,57726,4,,,0,66,,57738,4,,,0,26,,57719,4,,,0,66,,57713,4,,,0,26,,57717,4,,,0,24,,57718,4,,,0,64,,57720,4,,,0,22,,57725,4,,,0,22,,57716,4,,,0,55,,57747,4,,,0,16,,57752,4,,,0,16,,57753,4,,,0,56,,57754,4,,,0,16,,57728,4,,,0,16,,57755,4,,,0,16,,57723,4,,,0,57,,57724,4,,,0,16,,57731,4,,,0,15,,57729,4,,,0,16,,57730,4,,,0,56,,57732,4,,,0,15,,57733,4,,,0,21,,57735,4,,,0,64,,57736,4,,,0,27,,57737,4,,,0,68,,57742,4,,,0,29,,57745,4,,,0,68,,57744,4,,,0,29,,57743,4,,,0,70,,57746,4,,,0,36,,57749,4,,,0,79,,57750,4,,,0,40,,57748,4,,,0,80,,57756,4,,,0,80,,57758,4,,,0,40,,57757,4,,,0,79,,57759,4,,,0
2700,'5078',704,,57817,4,,,0,30,,57819,4,,,0,70,,57820,4,,,0,30,,57821,4,,,0,70,,57822,4,,,0,27,,57823,4,,,0,28,,57824,4,,,0,67,,57825,4,,,0,27,,57826,4,,,0,64,,57827,4,,,0,25,,57828,4,,,0,63,,57829,4,,,0,22,,57830,4,,,0,22,,57831,4,,,0,64,,57832,4,,,0,23,,57833,4,,,0,23,,57834,4,,,0,63,,57835,4,,,0,22,,57836,4,,,0,63,,57837,4,,,0,23,,57838,4,,,0,22,,57839,4,,,0,63,,57840,4,,,0,24,,57841,4,,,0,63,,57842,4,,,0,23,,57843,4,,,0,24,,57844,4,,,0,65,,57845,4,,,0,25,,57846,4,,,0,66,,57847,4,,,0,28,,57848,4,,,0,69,,57849,4,,,0,30,,57850,4,,,0,70,,57851,4,,,0,36,,57852,4,,,0,83,,57853,4,,,0,79,,57854,4,,,0,101,,57855,4,,,0
2700,'5387',1738,,57902,4,,,0,172,,57903,4,,,0,124,,57904,4,,,0,167,,57905,4,,,0
2800,'4332',746,,58188,4,,,0,69,,58189,4,,,0,25,,58190,4,,,0,66,,58191,4,,,0,26,,58192,4,,,0,27,,58184,4,,,0,63,,58193,4,,,0,22,,58194,4,,,0,62,,58195,4,,,0,23,,58196,4,,,0,22,,58197,4,,,0,62,,58198,4,,,0,21,,58199,4,,,0,23,,58200,4,,,0,63,,58201,4,,,0,22,,58202,4,,,0,62,,58203,4,,,0,20,,58204,4,,,0,20,,58205,4,,,0,61,,58206,4,,,0,22,,58207,4,,,0,20,,58208,4,,,0,60,,58209,4,,,0,21,,58210,4,,,0,20,,58211,4,,,0,61,,58212,4,,,0,20,,58213,4,,,0,20,,58214,4,,,0,60,,58215,4,,,0,20,,58216,4,,,0,23,,58217,4,,,0,67,,58218,4,,,0,28,,58219,4,,,0,70,,58220,4,,,0,30,,58221,4,,,0,69,,58222,4,,,0,30,,58223,4,,,0,71,,58224,4,,,0,35,,58225,4,,,0,70,,58226,4,,,0,31,,58227,4,,,0,70,,58228,4,,,0,30,,58229,4,,,0,68,,58230,4,,,0,30,,58231,4,,,0,70,,58232,4,,,0
2800,'4661',548,,58277,4,,,0,63,,58273,4,,,0,21,,58272,4,,,0,11,,58275,4,,,0,12,,58294,4,,,0,48,,58276,4,,,0,22,,58280,4,,,0,14,,58291,4,,,0,12,,58281,4,,,0,56,,58278,4,,,0,24,,58279,4,,,0,25,,58317,4,,,0,64,,58282,4,,,0,26,,58283,4,,,0,66,,58295,4,,,0,25,,58300,4,,,0,67,,58288,4,,,0,26,,58284,4,,,0,26,,58285,4,,,0,66,,58287,4,,,0,26,,58286,4,,,0,67,,58293,4,,,0,24,,58301,4,,,0,64,,58290,4,,,0,23,,58289,4,,,0,22,,58313,4,,,0,74,,58292,4,,,0,104,,58314,4,,,0,32,,58309,4,,,0,73,,58315,4,,,0,71,,58296,4,,,0,16,,58316,4,,,0,17,,58303,4,,,0,23,,58299,4,,,0,66,,58297,4,,,0,27,,58298,4,,,0,69,,58308,4,,,0,28,,58305,4,,,0,69,,58307,4,,,0,29,,58306,4,,,0,71,,58304,4,,,0,39,,58311,4,,,0,80,,58312,4,,,0,80,,58310,4,,,0
2800,'4663',548,,58131,4,,,0,63,,58127,4,,,0,21,,58126,4,,,0,11,,58129,4,,,0,12,,58149,4,,,0,48,,58130,4,,,0,22,,58134,4,,,0,14,,58145,4,,,0,12,,58135,4,,,0,56,,58132,4,,,0,24,,58133,4,,,0,25,,58175,4,,,0,64,,58136,4,,,0,26,,58137,4,,,0,66,,58150,4,,,0,25,,58155,4,,,0,67,,58142,4,,,0,26,,58138,4,,,0,26,,58139,4,,,0,66,,58141,4,,,0,26,,58140,4,,,0,67,,58148,4,,,0,24,,58156,4,,,0,64,,58144,4,,,0,23,,58143,4,,,0,22,,58168,4,,,0,74,,58147,4,,,0,32,,58146,4,,,0,72,,58169,4,,,0,32,,58164,4,,,0,73,,58170,4,,,0,71,,58151,4,,,0,16,,58171,4,,,0,17,,58158,4,,,0,23,,58154,4,,,0,66,,58152,4,,,0,27,,58153,4,,,0,69,,58163,4,,,0,28,,58160,4,,,0,69,,58162,4,,,0,29,,58161,4,,,0,71,,58159,4,,,0,39,,58166,4,,,0,80,,58167,4,,,0,80,,58165,4,,,0,40,,58172,4,,,0,80,,58174,4,,,0,80,,58173,4,,,0
2800,'5078',819,,58237,4,,,0,30,,58238,4,,,0,69,,58239,4,,,0,27,,58240,4,,,0,67,,58241,4,,,0,27,,58242,4,,,0,66,,58243,4,,,0,25,,58244,4,,,0,24,,58245,4,,,0,62,,58246,4,,,0,22,,58247,4,,,0,63,,58248,4,,,0,24,,58249,4,,,0,23,,58250,4,,,0,63,,58251,4,,,0,22,,58252,4,,,0,23,,58253,4,,,0,63,,58254,4,,,0,22,,58255,4,,,0,63,,58256,4,,,0,23,,58257,4,,,0,24,,58258,4,,,0,63,,58259,4,,,0,23,,58260,4,,,0,64,,58261,4,,,0,26,,58262,4,,,0,25,,58263,4,,,0,67,,58264,4,,,0,29,,58265,4,,,0,69,,58266,4,,,0,30,,58267,4,,,0,71,,58268,4,,,0,40,,58269,4,,,0,82,,58270,4,,,0,86,,58271,4,,,0
2800,'5387',1554,,58318,4,,,0
24002800,'4661',1507,,63166,4,,,0,31,,63164,4,,,0,72,,63165,4,,,0,31,,63167,4,,,0,74,,63168,4,,,0,31,,63169,4,,,0
24002800,'4663',1507,,63159,4,,,0,31,,63157,4,,,0,72,,63158,4,,,0,31,,63160,4,,,0,74,,63161,4,,,0,31,,63162,4,,,0
