2200,'4332',707,,56765,34,,,0,40,,56751,34,,,0,80,,56755,34,,,0,80,,56768,34,,,0,32,,56752,34,,,0,70,,56746,34,,,0,31,,56753,34,,,0,72,,56767,34,,,0,31,,56750,34,,,0,71,,56749,34,,,0,31,,56754,34,,,0,70,,56747,34,,,0,31,,56772,34,,,0,70,,56748,34,,,0,30,,56761,34,,,0,70,,56757,34,,,0,30,,56760,34,,,0,69,,56771,34,,,0,29,,56762,34,,,0,71,,56756,34,,,0,30,,56764,34,,,0,72,,56763,34,,,0,30,,56759,34,,,0,68,,56758,34,,,0,29,,56773,34,,,0,69,,56774,34,,,0,27,,56770,34,,,0,68,,56766,34,,,0
2200,'4663',618,,56740,34,,,0,30,,56724,34,,,0,70,,56735,34,,,0,31,,56727,34,,,0,70,,56717,17,0,20 7,0,4,,56739,34,,,0,23,,56719,34,,,0,69,,56723,34,,,0,102,,56725,34,,,0,26,,56741,34,,,0,70,,56718,34,,,0,103,,56734,34,0,21 22,0,30,,56726,34,0,21 22,0,70,,56742,34,0,21 22,0,30,,56720,34,0,21 22,0,63,,56716,4,,,0,38,,56737,34,0,21 22,0,70,,56731,34,0,21 22,0,36,,56744,34,0,21 22,0,102,,56732,34,0,21 22,0,97,,56728,34,0,21 22,0,68,,56743,34,,,0,24,,56721,34,,,0,98,,56736,34,,,0,70,,56733,34,,,0,29,,56722,34,,,0,68,,56730,34,,,0
2200,'5078',756,,56779,34,,,0,101,,56780,34,,,0,80,,56781,34,,,0,71,,56776,34,,,0,32,,56777,34,,,0,70,,56778,34,,,0,30,,56783,34,,,0,69,,56784,34,,,0,32,,56782,34,,,0,70,,56785,34,,,0,30,,56786,34,,,0,70,,56794,34,,,0,31,,56793,34,,,0,70,,56787,34,,,0,30,,56788,34,,,0,70,,56789,34,,,0,30,,56790,34,,,0,72,,56791,34,,,0,30,,56792,34,,,0,69,,56795,34,,,0,29,,56796,34,,,0,68,,56797,34,,,0,30,,56798,34,,,0,115,,56799,17,,,0
2200,'5372',618,,49994,34,,,0,30,,49978,34,,,0,70,,49989,34,,,0,31,,49981,34,,,0,70,,41279,17,0,20 7,0,4,,49993,34,,,0,23,,49973,34,,,0,69,,49977,34,,,0,102,,49979,34,,,0,26,,49995,34,,,0,70,,49972,34,,,0,103,,49988,34,0,21 22,0,30,,49980,34,0,21 22,0,70,,49996,34,0,21 22,0,30,,49974,34,0,21 22,0,101,,49991,34,0,21 22,0,70,,49985,34,0,21 22,0,36,,49998,34,0,21 22,0,102,,49986,34,0,21 22,0,97,,49982,34,0,21 22,0,68,,49997,34,,,0,24,,49975,34,,,0,98,,49990,34,,,0,70,,49987,34,,,0,29,,49976,34,,,0,68,,49984,34,,,0
2200,'5373',1509,,56745,4,,,0
2200,'5385',618,,56823,34,,,0,30,,56807,34,,,0,70,,56818,34,,,0,31,,56810,34,,,0,70,,56800,17,0,20 7,0,4,,56822,34,,,0,23,,56802,34,,,0,69,,56806,34,,,0,102,,56808,34,,,0,26,,56824,34,,,0,70,,56801,34,,,0,103,,56817,34,0,21 22,0,30,,56809,34,0,21 22,0,70,,56825,34,0,21 22,0,30,,56803,34,0,21 22,0,101,,56820,34,0,21 22,0,70,,56814,34,0,21 22,0,36,,56827,34,0,21 22,0,102,,56815,34,0,21 22,0,97,,56811,34,0,21 22,0,68,,56826,34,,,0,24,,56804,34,,,0,98,,56819,34,,,0,70,,56816,34,,,0,29,,56805,34,,,0,68,,56813,34,,,0
2200,'5387',1509,,56828,4,,,0
2200,'5388',1409,,56829,4,,,0
1002200,'4663',947,,62901,34,,,0,196,,62898,34,0,21 22,0,273,,62899,34,0,21 22,0,209,,62897,34,0,21 22,0,98,,62902,34,0,21 22,0,193,,62900,34,0,21 22,0
1002200,'5372',947,,51569,34,,,0,196,,51566,34,0,21 22,0,273,,51567,34,0,21 22,0,209,,51565,34,0,21 22,0,98,,51570,34,0,21 22,0,193,,51568,34,0,21 22,0
1002200,'5385',947,,62907,34,,,0,196,,62904,34,0,21 22,0,273,,62905,34,0,21 22,0,209,,62903,34,0,21 22,0,98,,62908,34,0,21 22,0,193,,62906,34,0,21 22,0
14002100,'4332',2124,,63128,19,,,0,30,,63129,19,,,0,70,,63130,19,,,0,102,,63131,19,,,0,97,,63132,19,,,0
14002100,'4663',2124,,63125,19,,,0,30,,63123,19,,,0,70,,63126,19,,,0,99,,63124,19,,,0,99,,63127,19,,,0
14002100,'5078',2125,,63133,19,,,0,100,,63134,19,,,0,99,,63135,19,,,0
14002100,'5372',2124,,48807,19,,,0,30,,48805,19,,,0,70,,48808,19,,,0,99,,48806,19,,,0,99,,48809,19,,,0
14002100,'5385',2124,,63138,19,,,0,30,,63136,19,,,0,70,,63139,19,,,0,99,,63137,19,,,0,99,,63140,19,,,0
