1101,'4487',650,,18400,,,0,76,,18388,,,0,75,,18393,,,0,30,,18418,,,0,76,,18401,,,0,30,,18387,,,0,70,,18396,,,0,30,,18412,,,0,65,,18390,,,0,20,,18414,,,0,25,,18402,,,0,65,,18389,,,0,26,,18394,,,0,65,,18411,,,0,25,,18391,,,0,25,,18409,,,0,65,,18399,,,0,25,,18392,,,0,65,,18398,,,0,25,,18420,,,0,25,,18395,,,0,65,,18413,,,0,25,,18403,,,0,65,,18397,,,0,25,,18419,,,0,65,,18410,,,0,25,,18416,,,0,25,,18417,,,0,64,,18404,,,0,25,,18415,,,0,65,,18408,,,0,25,,18407,,,0,25,,18405,,,0,75,,18406,,,0,70,,18423,,,0,29,,18421,,,0,74,,18422,,,0,30,,18424,,,0,85,,18425,,,0
1101,'4743',650,,11470,,,0,76,,11458,,,0,75,,11463,,,0,30,,11488,,,0,76,,11471,,,0,30,,11457,,,0,70,,11466,,,0,30,,11482,,,0,65,,11460,,,0,20,,11484,,,0,25,,11472,,,0,65,,11459,,,0,26,,11464,,,0,65,,11481,,,0,25,,11461,,,0,25,,11479,,,0,65,,11469,,,0,25,,11462,,,0,65,,11468,,,0,25,,11490,,,0,25,,11465,,,0,65,,11483,,,0,25,,11473,,,0,65,,11467,,,0,25,,11489,,,0,65,,11480,,,0,25,,11486,,,0,25,,11487,,,0,64,,11474,,,0,25,,11485,,,0,65,,11478,,,0,25,,11477,,,0,25,,11475,,,0,75,,11476,,,0,70,,11493,,,0,29,,11491,,,0,74,,11492,,,0,30,,11494,,,0,85,,11495,,,0
1101,'4744',554,,18472,,,0,70,,18464,,,0,20,,18447,,,0,61,,18454,,,0,20,,18432,,,0,20,,18449,,,0,59,,18468,,,0,20,,18445,,,0,20,,18465,,,0,59,,18440,,,0,20,,18433,,,0,20,,18458,,,0,65,,18448,,,0,25,,18470,,,0,25,,18444,,,0,65,,18467,,,0,25,,18434,,,0,65,,18457,,,0,25,,18441,,,0,65,,18473,,,0,26,,18446,,,0,26,,18466,,,0,67,,18428,,,0,19,,18426,,,0,15,,18456,,,0,57,,18450,,,0,18,,18427,,,0,18,,18471,,,0,59,,18442,,,0,17,,18429,,,0,18,,18463,,,0,61,,18431,,,0,20,,18430,,,0,19,,18455,,,0,60,,18443,,,0,22,,18469,,,0,20,,18435,,,0,57,,18438,,,0,20,,18461,,,0,30,,18436,,,0,75,,18439,,,0,30,,18437,,,0,74,,18462,,,0,70,,18451,,,0,35,,18452,,,0,70,,18453,,,0,29,,18460,,,0,85,,18459,,,0
1101,'4745',710,,18474,,,0,45,,18479,,,0,86,,18476,,,0,86,,18475,,,0,75,,18477,,,0,30,,18478,,,0,70,,18480,,,0,30,,18481,,,0,68,,18482,,,0,30,,18483,,,0,70,,18485,,,0,27,,18487,,,0,30,,18486,,,0,70,,18484,,,0,30,,18488,,,0,70,,18489,,,0,30,,18490,,,0,70,,18491,,,0,30,,18493,,,0,70,,18492,,,0,30,,18495,,,0,70,,18494,,,0,30,,18497,,,0,75,,18496,,,0,84,,18498,,,0,40,,18499,,,0,84,,18500,,,0,85,,18501,,,0,79,,18502,,,0,40,,18503,,,0
1101,'4935',554,,2467,,,0,70,,2459,,,0,20,,2442,,,0,61,,2449,,,0,20,,2427,,,0,20,,2444,,,0,59,,2463,,,0,20,,2440,,,0,20,,2460,,,0,59,,2435,,,0,20,,2428,,,0,20,,2453,,,0,65,,2443,,,0,25,,2465,,,0,25,,2439,,,0,65,,2462,,,0,25,,2429,,,0,65,,2452,,,0,25,,2436,,,0,65,,2468,,,0,26,,2441,,,0,26,,2461,,,0,67,,2423,,,0,19,,2421,,,0,15,,2451,,,0,57,,2445,,,0,18,,2422,,,0,18,,2466,,,0,59,,2437,,,0,17,,2424,,,0,18,,2458,,,0,61,,2426,,,0,20,,2425,,,0,19,,2450,,,0,60,,2438,,,0,22,,2464,,,0,20,,2430,,,0,57,,2433,,,0,20,,2456,,,0,30,,2431,,,0,75,,2434,,,0,30,,11496,,,0,74,,2457,,,0,70,,2446,,,0,35,,2447,,,0,70,,11497,,,0,29,,2455,,,0,85,,2454,,,0
1101,'4941',554,,2515,,,0,70,,2507,,,0,20,,2490,,,0,61,,2497,,,0,20,,2475,,,0,20,,2492,,,0,59,,2511,,,0,20,,2488,,,0,20,,2508,,,0,59,,2483,,,0,20,,2476,,,0,20,,2501,,,0,65,,2491,,,0,25,,2513,,,0,25,,2487,,,0,65,,2510,,,0,25,,2477,,,0,65,,2500,,,0,25,,2484,,,0,65,,2516,,,0,26,,2489,,,0,26,,2509,,,0,67,,2471,,,0,19,,2469,,,0,15,,2499,,,0,57,,2493,,,0,18,,2470,,,0,18,,2514,,,0,59,,2485,,,0,17,,2472,,,0,18,,2506,,,0,61,,2474,,,0,20,,2473,,,0,19,,2498,,,0,60,,2486,,,0,22,,2512,,,0,20,,2478,,,0,57,,2481,,,0,20,,2504,,,0,30,,2479,,,0,75,,2482,,,0,30,,11498,,,0,74,,2505,,,0,70,,2494,,,0,35,,2495,,,0,70,,11499,,,0,29,,2503,,,0,85,,2502,,,0
1101,'4943',650,,2530,,,0,76,,2518,,,0,75,,2523,,,0,30,,2548,,,0,76,,2531,,,0,30,,2517,,,0,70,,2526,,,0,30,,2542,,,0,65,,2520,,,0,20,,2544,,,0,25,,2532,,,0,65,,2519,,,0,26,,2524,,,0,65,,2541,,,0,25,,2521,,,0,25,,2539,,,0,65,,2529,,,0,25,,2522,,,0,65,,2528,,,0,25,,2550,,,0,25,,2525,,,0,65,,2543,,,0,25,,2533,,,0,65,,2527,,,0,25,,2549,,,0,65,,2540,,,0,25,,2546,,,0,25,,2547,,,0,64,,2534,,,0,25,,2545,,,0,65,,11500,,,0,25,,2537,,,0,25,,2535,,,0,75,,2536,,,0,70,,2553,,,0,29,,2551,,,0,74,,2552,,,0,30,,2554,,,0,85,,2555,,,0
1101,'4945',710,,2556,,,0,45,,2561,,,0,86,,2558,,,0,86,,2557,,,0,75,,2559,,,0,30,,2560,,,0,70,,2562,,,0,30,,2563,,,0,68,,2564,,,0,30,,2565,,,0,70,,2567,,,0,27,,2569,,,0,30,,2568,,,0,70,,2566,,,0,30,,2570,,,0,70,,2571,,,0,30,,2572,,,0,70,,2573,,,0,30,,2575,,,0,70,,2574,,,0,30,,2577,,,0,70,,2576,,,0,30,,2579,,,0,75,,2578,,,0,84,,2580,,,0,40,,2581,,,0,84,,2582,,,0,85,,2583,,,0,79,,2584,,,0,40,,2585,,,0
1101,'4947',554,,18550,,,0,70,,18542,,,0,20,,18525,,,0,61,,18532,,,0,20,,18510,,,0,20,,18527,,,0,59,,18546,,,0,20,,18523,,,0,20,,18543,,,0,59,,18518,,,0,20,,18511,,,0,20,,18536,,,0,65,,18526,,,0,25,,18548,,,0,25,,18522,,,0,65,,18545,,,0,25,,18512,,,0,65,,18535,,,0,25,,18519,,,0,65,,18551,,,0,26,,18524,,,0,26,,18544,,,0,67,,18506,,,0,19,,18504,,,0,15,,18534,,,0,57,,18528,,,0,18,,18505,,,0,18,,18549,,,0,59,,18520,,,0,17,,18507,,,0,18,,18541,,,0,61,,18509,,,0,20,,18508,,,0,19,,18533,,,0,60,,18521,,,0,22,,18547,,,0,20,,18513,,,0,57,,18516,,,0,20,,18539,,,0,30,,18514,,,0,75,,18517,,,0,30,,18515,,,0,74,,18540,,,0,70,,18529,,,0,35,,18530,,,0,70,,18531,,,0,29,,18538,,,0,85,,18537,,,0
1101,'4952',554,,18598,,,0,70,,18590,,,0,20,,18573,,,0,61,,18580,,,0,20,,18558,,,0,20,,18575,,,0,59,,18594,,,0,20,,18571,,,0,20,,18591,,,0,59,,18566,,,0,20,,18559,,,0,20,,18584,,,0,65,,18574,,,0,25,,18596,,,0,25,,18570,,,0,65,,18593,,,0,25,,18560,,,0,65,,18583,,,0,25,,18567,,,0,65,,18599,,,0,26,,18572,,,0,26,,18592,,,0,67,,18554,,,0,19,,18552,,,0,15,,18582,,,0,57,,18576,,,0,18,,18553,,,0,18,,18597,,,0,59,,18568,,,0,17,,18555,,,0,18,,18589,,,0,61,,18557,,,0,20,,18556,,,0,19,,18581,,,0,60,,18569,,,0,22,,18595,,,0,20,,18561,,,0,57,,18564,,,0,20,,18587,,,0,30,,18562,,,0,75,,18565,,,0,30,,18563,,,0,74,,18588,,,0,70,,18577,,,0,35,,18578,,,0,70,,18579,,,0,29,,18586,,,0,85,,18585,,,0
1101,'4953',650,,18613,,,0,76,,18601,,,0,75,,18606,,,0,30,,18631,,,0,76,,18614,,,0,30,,18600,,,0,70,,18609,,,0,30,,18625,,,0,65,,18603,,,0,20,,18627,,,0,25,,18615,,,0,65,,18602,,,0,26,,18607,,,0,65,,18624,,,0,25,,18604,,,0,25,,18622,,,0,65,,18612,,,0,25,,18605,,,0,65,,18611,,,0,25,,18633,,,0,25,,18608,,,0,65,,18626,,,0,25,,18616,,,0,65,,18610,,,0,25,,18632,,,0,65,,18623,,,0,25,,18629,,,0,25,,18630,,,0,64,,18617,,,0,25,,18628,,,0,65,,18621,,,0,25,,18620,,,0,25,,18618,,,0,75,,18619,,,0,70,,18636,,,0,29,,18634,,,0,74,,18635,,,0,30,,18637,,,0,85,,18638,,,0
1101,'4954',710,,18639,,,0,45,,18644,,,0,86,,18641,,,0,86,,18640,,,0,75,,18642,,,0,30,,18643,,,0,70,,18645,,,0,30,,18646,,,0,68,,18647,,,0,30,,18648,,,0,70,,18650,,,0,27,,18652,,,0,30,,18651,,,0,70,,18649,,,0,30,,18653,,,0,70,,18654,,,0,30,,18655,,,0,70,,18656,,,0,30,,18658,,,0,70,,18657,,,0,30,,18660,,,0,70,,18659,,,0,30,,18662,,,0,75,,18661,,,0,84,,18663,,,0,40,,18664,,,0,84,,18665,,,0,85,,18666,,,0,79,,18667,,,0,40,,18668,,,0
