2201,'4487',716,,21644,,,0,38,,21655,,,0,68,,21640,,,0,29,,21634,,,0,70,,21643,,,0,30,,21656,,,0,67,,21639,,,0,29,,21638,,,0,71,,21641,,,0,28,,21636,,,0,68,,21660,,,0,30,,21637,,,0,67,,21642,,,0,30,,21635,,,0,70,,21648,,,0,32,,21659,,,0,69,,21650,,,0,32,,21646,,,0,71,,21649,,,0,34,,21651,,,0,71,,21647,,,0,31,,21645,,,0,70,,21653,,,0,33,,21652,,,0,68,,21658,,,0,28,,21654,,,0,73,,21661,,,0,31,,21657,,,0,88,,21662,0,5,0
2201,'4743',716,,11965,,,0,38,,11976,,,0,68,,11961,,,0,29,,11955,,,0,70,,11964,,,0,30,,11977,,,0,67,,11960,,,0,29,,11959,,,0,71,,11962,,,0,28,,11957,,,0,68,,11981,,,0,30,,11958,,,0,67,,11963,,,0,30,,11956,,,0,70,,11969,,,0,32,,11980,,,0,69,,11971,,,0,32,,11967,,,0,71,,11970,,,0,34,,11972,,,0,71,,11968,,,0,31,,11966,,,0,70,,11974,,,0,33,,11973,,,0,68,,11979,,,0,28,,11975,,,0,73,,11982,,,0,31,,11978,,,0,88,,11983,0,5,0
2201,'4744',558,,21680,,,0,68,,21670,,,0,89,,21664,,,0,25,,21669,,,0,69,,21681,,,0,32,,21671,,,0,103,,21665,,,0,69,,21668,,,0,30,,21682,,,0,98,,21685,,,0,69,,21663,,,0,29,,21672,,,0,100,,21673,,,0,71,,21686,,,0,99,,21674,,,0,33,,21683,,,0,71,,21675,,,0,99,,21666,,,0,37,,21676,,,0,100,,21677,,,0,71,,21667,,,0,103,,21684,,,0,31,,21679,,,0,89,,21678,0,5,0
2201,'4745',744,,21695,,,0,80,,21696,,,0,29,,21687,,,0,67,,21688,,,0,30,,21698,,,0,69,,21697,,,0,29,,21689,,,0,69,,21691,,,0,30,,21692,,,0,70,,21690,,,0,28,,21694,,,0,69,,21693,,,0,30,,21700,,,0,70,,21701,,,0,31,,21699,,,0,70,,21703,,,0,35,,21702,,,0,70,,21705,,,0,30,,21704,,,0,70,,21706,,,0,33,,21707,,,0,70,,21708,,,0,91,,21709,0,5,0,102,,21710,0,5,0,111,,21711,0,5,0
2201,'4935',558,,4356,,,0,68,,4346,,,0,89,,4340,,,0,25,,4345,,,0,69,,4357,,,0,32,,4347,,,0,103,,4341,,,0,69,,4344,,,0,30,,4358,,,0,98,,4361,,,0,69,,4339,,,0,29,,4348,,,0,100,,4349,,,0,71,,4362,,,0,99,,4350,,,0,33,,4359,,,0,71,,4351,,,0,99,,4342,,,0,37,,4352,,,0,100,,4353,,,0,71,,4343,,,0,103,,4360,,,0,31,,4355,,,0,89,,4354,0,5,0
2201,'4941',558,,4380,,,0,68,,4370,,,0,89,,4364,,,0,25,,4369,,,0,69,,4381,,,0,32,,4371,,,0,103,,4365,,,0,69,,4368,,,0,30,,4382,,,0,98,,4385,,,0,69,,4363,,,0,29,,4372,,,0,100,,4373,,,0,71,,4386,,,0,99,,4374,,,0,33,,4383,,,0,71,,4375,,,0,99,,4366,,,0,37,,4376,,,0,100,,4377,,,0,71,,4367,,,0,103,,4384,,,0,31,,4379,,,0,89,,4378,0,5,0
2201,'4943',716,,4397,,,0,38,,4408,,,0,68,,4393,,,0,29,,4387,,,0,70,,4396,,,0,30,,4409,,,0,67,,4392,,,0,29,,4391,,,0,71,,4394,,,0,28,,4389,,,0,68,,4413,,,0,30,,4390,,,0,67,,4395,,,0,30,,4388,,,0,70,,4401,,,0,32,,4412,,,0,69,,4403,,,0,32,,4399,,,0,71,,4402,,,0,34,,4404,,,0,71,,4400,,,0,31,,4398,,,0,70,,4406,,,0,33,,4405,,,0,68,,4411,,,0,28,,4407,,,0,73,,4414,,,0,31,,4410,,,0,88,,4415,0,5,0
2201,'4945',744,,4424,,,0,80,,4425,,,0,29,,4416,,,0,67,,4417,,,0,30,,4427,,,0,69,,4426,,,0,29,,4418,,,0,69,,4420,,,0,30,,4421,,,0,70,,4419,,,0,28,,4423,,,0,69,,4422,,,0,30,,4429,,,0,70,,4430,,,0,31,,4428,,,0,70,,4432,,,0,35,,4431,,,0,70,,4434,,,0,30,,4433,,,0,70,,4435,,,0,33,,4436,,,0,70,,4437,,,0,91,,4438,0,5,0,102,,4439,0,5,0,111,,4440,0,5,0
2201,'4947',558,,21729,,,0,68,,21719,,,0,89,,21713,,,0,25,,21718,,,0,69,,21730,,,0,32,,21720,,,0,103,,21714,,,0,69,,21717,,,0,30,,21731,,,0,98,,21734,,,0,69,,21712,,,0,29,,21721,,,0,100,,21722,,,0,71,,21735,,,0,99,,21723,,,0,33,,21732,,,0,71,,21724,,,0,99,,21715,,,0,37,,21725,,,0,100,,21726,,,0,71,,21716,,,0,103,,21733,,,0,31,,21728,,,0,89,,21727,0,5,0
2201,'4952',558,,21753,,,0,68,,21743,,,0,89,,21737,,,0,25,,21742,,,0,69,,21754,,,0,32,,21744,,,0,103,,21738,,,0,69,,21741,,,0,30,,21755,,,0,98,,21758,,,0,69,,21736,,,0,29,,21745,,,0,100,,21746,,,0,71,,21759,,,0,99,,21747,,,0,33,,21756,,,0,71,,21748,,,0,99,,21739,,,0,37,,21749,,,0,100,,21750,,,0,71,,21740,,,0,103,,21757,,,0,31,,21752,,,0,89,,21751,0,5,0
2201,'4953',716,,21770,,,0,38,,21781,,,0,68,,21766,,,0,29,,21760,,,0,70,,21769,,,0,30,,21782,,,0,67,,21765,,,0,29,,21764,,,0,71,,21767,,,0,28,,21762,,,0,68,,21786,,,0,30,,21763,,,0,67,,21768,,,0,30,,21761,,,0,70,,21774,,,0,32,,21785,,,0,69,,21776,,,0,32,,21772,,,0,71,,21775,,,0,34,,21777,,,0,71,,21773,,,0,31,,21771,,,0,70,,21779,,,0,33,,21778,,,0,68,,21784,,,0,28,,21780,,,0,73,,21787,,,0,31,,21783,,,0,88,,21788,0,5,0
2201,'4954',744,,21797,,,0,80,,21798,,,0,29,,21789,,,0,67,,21790,,,0,30,,21800,,,0,69,,21799,,,0,29,,21791,,,0,69,,21793,,,0,30,,21794,,,0,70,,21792,,,0,28,,21796,,,0,69,,21795,,,0,30,,21802,,,0,70,,21803,,,0,31,,21801,,,0,70,,21805,,,0,35,,21804,,,0,70,,21807,,,0,30,,21806,,,0,70,,21808,,,0,33,,21809,,,0,70,,21810,,,0,91,,21811,0,5,0,102,,21812,0,5,0,111,,21813,0,5,0
