5201,'4663',511,,59850,18,,,0,35,,59847,18,,,0,78,,59854,18,,,0,78,,59849,18,,,0,25,,59860,18,,,0,28,,59848,18,,,0,73,,59866,18,,,0,24,,59855,18,,,0,75,,59851,18,,,0,75,,59852,18,,,0,29,,59864,18,,,0,70,,59856,18,,,0,28,,59853,18,,,0,75,,59857,18,,,0,34,,59865,18,,,0,70,,59858,18,,,0,30,,59859,18,,,0,70,,59879,18,,,0,24,,59884,3,0,30 14,0,5,,59861,18,,,0,20,,59885,18,0,38 3 39 49,0,50,,59867,18,,,0,26,,59862,18,,,0,74,,59863,18,,,0,39,,59880,18,,,0,63,,59868,18,,,0,25,,59869,18,,,0,22,,59870,18,,,0,70,,59871,18,,,0,29,,59881,18,,,0,70,,59872,18,,,0,33,,59873,18,,,0,69,,59875,18,,,0,28,,59883,18,,,0,66,,59876,18,0,38 3 39 49,0,35,,59877,18,,,0,98,,59882,18,,,0,99,,59878,18,,,0
5201,'5372',511,,44937,18,,,0,35,,44934,18,,,0,78,,44941,18,,,0,78,,44936,18,,,0,25,,44947,18,,,0,28,,44935,18,,,0,73,,44953,18,,,0,24,,44942,18,,,0,75,,44938,18,,,0,75,,44939,18,,,0,29,,44951,18,,,0,70,,44943,18,,,0,28,,44940,18,,,0,75,,44944,18,,,0,34,,44952,18,,,0,70,,44945,18,,,0,30,,44946,18,,,0,70,,51771,18,,,0,29,,44948,18,,,0,20,,51772,18,0,38 3 39 49,0,50,,44954,18,,,0,23,,44971,3,0,30 14,0,3,,44949,18,,,0,74,,44950,18,,,0,39,,44967,18,,,0,63,,44955,18,,,0,25,,44956,18,,,0,22,,44957,18,,,0,70,,44958,18,,,0,29,,44968,18,,,0,70,,44959,18,,,0,33,,44960,18,,,0,69,,44962,18,,,0,28,,44970,18,,,0,66,,44963,18,0,38 3 39 49,0,35,,44964,18,,,0,98,,44969,18,,,0,99,,44965,18,,,0
5201,'5377',723,,45050,18,,,0,30,,45066,18,,,0,70,,45058,18,,,0,31,,50408,18,,,0,70,,45053,18,,,0,30,,45060,18,,,0,71,,45055,18,,,0,30,,50409,18,,,0,70,,45052,18,,,0,30,,45061,18,,,0,70,,45057,18,,,0,75,,50407,18,,,0,30,,45051,18,,,0,75,,45064,18,,,0,35,,45056,18,,,0,75,,50411,18,,,0,30,,45049,18,,,0,70,,45063,18,,,0,30,,45054,18,,,0,70,,50410,18,,,0,30,,45048,18,,,0,70,,45062,18,,,0,39,,45065,18,,,0,100,,45067,18,,,0,100,,45068,18,,,0,100,,45069,18,,,0,100,,45070,18,,,0
5201,'5383',652,,59895,18,,,0,71,,59905,18,,,0,30,,59903,18,,,0,71,,59886,18,,,0,30,,59893,18,,,0,70,,59912,18,,,0,30,,59890,18,,,0,71,,59887,18,,,0,30,,59894,18,,,0,70,,59913,18,,,0,30,,59891,18,,,0,71,,59888,18,,,0,75,,59897,18,,,0,30,,59915,18,,,0,75,,59892,18,,,0,35,,59902,18,,,0,75,,59896,18,,,0,30,,59914,18,,,0,70,,59889,18,,,0,30,,59900,18,,,0,65,,59908,18,,,0,25,,59899,18,,,0,64,,59904,18,,,0,25,,59901,18,,,0,30,,59898,18,,,0,69,,59911,18,,,0,32,,59906,18,,,0,70,,59910,18,,,0,30,,59907,18,,,0,65,,59909,18,0,38 3 39 49,0,30,,59916,18,,,0,103,,59917,18,,,0,100,,59918,18,,,0
5201,'5384',723,,59924,18,,,0,30,,59940,18,,,0,70,,59932,18,,,0,31,,59920,18,,,0,70,,59927,18,,,0,30,,59934,18,,,0,71,,59929,18,,,0,30,,59921,18,,,0,70,,59926,18,,,0,30,,59935,18,,,0,70,,59931,18,,,0,75,,59919,18,,,0,30,,59925,18,,,0,75,,59938,18,,,0,35,,59930,18,,,0,75,,59945,18,,,0,30,,59923,18,,,0,70,,59937,18,,,0,30,,59928,18,,,0,70,,59933,18,,,0,30,,59922,18,,,0,70,,59936,18,,,0,39,,59939,18,,,0,100,,59941,18,,,0,100,,59942,18,,,0,100,,59943,18,,,0,100,,59944,18,,,0
5201,'5385',511,,59949,18,,,0,35,,59946,18,,,0,78,,59953,18,,,0,78,,59948,18,,,0,25,,59959,18,,,0,28,,59947,18,,,0,73,,59965,18,,,0,24,,59954,18,,,0,75,,59950,18,,,0,75,,59951,18,,,0,29,,59963,18,,,0,70,,59955,18,,,0,28,,59952,18,,,0,75,,59956,18,,,0,34,,59964,18,,,0,70,,59957,18,,,0,30,,59958,18,,,0,70,,59978,18,,,0,29,,59960,18,,,0,20,,59984,18,0,38 3 39 49,0,50,,59966,18,,,0,23,,59983,3,0,30 14,0,3,,59961,18,,,0,74,,59962,18,,,0,39,,59979,18,,,0,63,,59967,18,,,0,25,,59968,18,,,0,22,,59969,18,,,0,70,,59970,18,,,0,29,,59980,18,,,0,70,,59971,18,,,0,33,,59972,18,,,0,69,,59974,18,,,0,28,,59982,18,,,0,66,,59975,18,0,38 3 39 49,0,35,,59976,18,,,0,98,,59981,18,,,0,99,,59977,18,,,0
5400,'4663',622,,60055,27,,,0,99,,60059,27,,,0,131,,60058,27,,,0,203,,60056,27,,,0,176,,60057,27,,,0,201,,60061,27,,,0,105,,60060,27,,,0,196,,60062,27,,,0,193,,60063,27,,,0,191,,60064,27,,,0
5400,'5372',622,,45183,27,,,0,99,,45187,27,,,0,131,,45186,27,,,0,203,,45184,27,,,0,176,,45185,27,,,0,201,,50513,27,,,0,105,,50512,27,,,0,196,,50514,27,,,0,193,,45191,27,,,0,191,,45192,27,,,0
5400,'5377',718,,45210,27,,,0,203,,50505,27,,,0,212,,50506,27,,,0,207,,50507,27,,,0,205,,45211,27,,,0,210,,50508,27,,,0,203,,50509,27,,,0
5400,'5383',719,,60071,27,,,0,204,,60070,27,,,0,211,,60067,27,,,0,207,,60068,27,,,0,206,,60069,27,,,0,209,,60066,27,,,0,203,,60065,27,,,0
5400,'5384',718,,60072,27,,,0,203,,60074,27,,,0,212,,60075,27,,,0,207,,60076,27,,,0,205,,60073,27,,,0,210,,60077,27,,,0,203,,60078,27,,,0
5400,'5385',622,,60079,27,,,0,99,,60083,27,,,0,131,,60082,27,,,0,203,,60080,27,,,0,176,,60081,27,,,0,201,,60085,27,,,0,105,,60084,27,,,0,196,,60086,27,,,0,193,,60087,27,,,0,191,,60088,27,,,0
5900,'4663',634,,60495,3,,,0,100,,60496,3,,,0,80,,60492,3,,,0,112,,60493,3,,,0,92,,60494,3,,,0,101,,60497,3,,,0,102,,60498,3,,,0,103,,60499,3,,,0,111,,60500,3,,,0,99,,60501,3,,,0,88,,60502,3,,,0,84,,60503,3,,,0,41,,60508,3,,,0,84,,60504,3,,,0,99,,60505,3,,,0,99,,60506,3,,,0,110,,60507,3,,,0
5900,'5372',634,,45708,3,,,0,100,,45709,3,,,0,80,,45705,3,,,0,112,,45706,3,,,0,92,,45707,3,,,0,101,,45710,3,,,0,102,,45711,3,,,0,103,,45712,3,,,0,111,,45713,3,,,0,99,,45714,3,,,0,88,,45715,3,,,0,84,,45716,3,,,0,41,,45721,3,,,0,84,,45717,3,,,0,99,,45718,3,,,0,99,,45719,3,,,0,110,,45720,3,,,0
5900,'5377',743,,50635,3,,,0,100,,50636,3,,,0,101,,45755,3,,,0,101,,50638,3,,,0,106,,50637,3,,,0,105,,50642,3,,,0,145,,50640,3,,,0,107,,50641,3,,,0,105,,50639,3,,,0,105,,50643,3,,,0,103,,50644,3,,,0,105,,45762,3,,,0,103,,45765,3,,,0
5900,'5383',743,,60522,3,,,0,101,,60521,3,,,0,101,,60520,3,,,0,101,,60519,3,,,0,105,,60518,3,,,0,106,,60517,3,,,0,146,,60516,3,,,0,105,,60515,3,,,0,104,,60514,3,,,0,105,,60510,3,,,0,105,,60511,3,,,0,104,,60512,3,,,0,103,,60513,3,,,0,107,,60509,3,,,0
5900,'5384',743,,60523,3,,,0,100,,60524,3,,,0,101,,60525,3,,,0,101,,60527,3,,,0,106,,60526,3,,,0,105,,60531,3,,,0,145,,60529,3,,,0,107,,60530,3,,,0,105,,60528,3,,,0,105,,60533,3,,,0,103,,60534,3,,,0,105,,60532,3,,,0,103,,60535,3,,,0
5900,'5385',634,,60539,3,,,0,100,,60540,3,,,0,80,,60536,3,,,0,112,,60537,3,,,0,92,,60538,3,,,0,101,,60541,3,,,0,102,,60542,3,,,0,103,,60543,3,,,0,111,,60544,3,,,0,99,,60545,3,,,0,88,,60546,3,,,0,84,,60547,3,,,0,41,,60552,3,,,0,84,,60548,3,,,0,99,,60549,3,,,0,99,,60550,3,,,0,110,,60551,3,,,0
