7100,'4663',1608,,61211,34,,,0,104,,61212,34,,,0,103,,61213,34,,,0
7100,'5372',1608,,46552,34,,,0,104,,46553,34,,,0,103,,46554,34,,,0
7100,'5385',1608,,61214,34,,,0,104,,61215,34,,,0,103,,61216,34,,,0
7200,'4332',631,,61260,53,,,0,100,,61261,53,,,0,71,,61262,53,,,0,30,,61263,53,,,0,69,,61264,53,,,0,30,,61265,53,,,0,70,,61266,53,,,0,30,,61267,53,,,0,70,,61268,53,,,0,29,,61269,53,,,0,70,,61270,53,,,0,30,,61271,53,,,0,70,,61272,53,,,0,30,,61273,53,,,0,29,,61274,53,,,0,70,,61275,53,,,0,30,,61276,53,,,0,70,,61277,53,,,0,30,,61278,53,,,0,70,,61279,53,,,0,30,,61280,53,,,0,70,,61281,53,,,0,30,,61282,53,,,0,70,,61283,53,,,0,30,,61284,53,,,0,70,,61285,53,,,0,71,,61286,53,,,0,30,,61287,53,,,0,70,,61288,53,,,0,30,,61289,53,,,0,100,,61290,53,,,0,100,,61291,53,,,0,118,,61292,53,0,10 11 12,0
7200,'4663',622,,61247,53,,,0,29,,61241,53,,,0,79,,61230,53,,,0,29,,61246,53,,,0,71,,61253,53,,,0,70,,61234,53,,,0,30,,61248,53,,,0,29,,61242,53,,,0,70,,61226,53,,,0,71,,61249,53,,,0,29,,61238,53,,,0,72,,61232,53,,,0,28,,61224,53,,,0,30,,61225,53,,,0,70,,61231,53,,,0,30,,61223,53,,,0,70,,61254,53,,,0,30,,61227,53,,,0,70,,61235,53,,,0,30,,61229,53,,,0,70,,61228,53,,,0,29,,61233,53,,,0,71,,61236,53,,,0,30,,61255,53,,,0,72,,61243,53,,,0,28,,61237,53,,,0,71,,61240,53,,,0,29,,61239,53,,,0,70,,61245,53,,,0,72,,61251,53,,,0,30,,61244,53,,,0,100,,61250,53,,,0,99,,61252,53,,,0,116,,61256,53,0,10 11 12,0
7200,'5078',731,,61293,53,,,0,100,,61294,53,,,0,100,,61297,53,,,0,100,,61295,53,,,0,99,,61296,53,,,0,70,,61298,53,,,0,30,,61299,53,,,0,70,,61300,53,,,0,29,,61301,53,,,0,30,,61302,53,,,0,70,,61303,53,,,0,30,,61304,53,,,0,70,,61305,53,,,0,30,,61306,53,,,0,70,,61307,53,,,0,30,,61308,53,,,0,70,,61309,53,,,0,30,,61310,53,,,0,70,,61311,53,,,0,71,,61312,53,,,0,30,,61313,53,,,0,70,,61314,53,,,0,31,,61315,53,,,0,99,,61316,53,,,0,100,,61317,53,,,0,102,,61318,53,,,0,75,,61319,53,0,10 11 12,0
7200,'5355',730,,61257,53,,,0,599,,61258,53,,,0,329,,61259,53,,,0
7200,'5372',622,,46585,53,,,0,29,,46579,53,,,0,108,,46584,53,,,0,71,,46591,53,,,0,70,,46572,53,,,0,30,,46586,53,,,0,29,,46580,53,,,0,70,,46567,53,,,0,71,,46587,53,,,0,29,,46576,53,,,0,72,,46571,53,,,0,28,,46565,53,,,0,30,,46566,53,,,0,100,,46564,53,,,0,70,,46592,53,,,0,30,,46568,53,,,0,70,,46573,53,,,0,30,,46570,53,,,0,70,,46569,53,,,0,100,,46574,53,,,0,30,,46593,53,,,0,72,,46581,53,,,0,28,,46575,53,,,0,71,,46578,53,,,0,29,,46577,53,,,0,70,,46583,53,,,0,72,,46589,53,,,0,30,,46582,53,,,0,100,,46588,53,,,0,99,,46590,53,,,0,116,,46594,53,0,10 11 12,0
7200,'5374',730,,46629,53,,,0,599,,46630,53,,,0,329,,46631,53,,,0
7200,'5375',730,,46632,53,,,0,599,,46633,53,,,0,329,,46634,53,,,0
7200,'5385',622,,61341,53,,,0,29,,61335,53,,,0,108,,61340,53,,,0,71,,61347,53,,,0,70,,61328,53,,,0,30,,61342,53,,,0,29,,61336,53,,,0,70,,61323,53,,,0,71,,61343,53,,,0,29,,61332,53,,,0,72,,61327,53,,,0,28,,61321,53,,,0,30,,61322,53,,,0,100,,61320,53,,,0,70,,61348,53,,,0,30,,61324,53,,,0,70,,61329,53,,,0,30,,61326,53,,,0,70,,61325,53,,,0,100,,61330,53,,,0,30,,61349,53,,,0,72,,61337,53,,,0,28,,61331,53,,,0,71,,61334,53,,,0,29,,61333,53,,,0,70,,61339,53,,,0,72,,61345,53,,,0,30,,61338,53,,,0,100,,61344,53,,,0,99,,61346,53,,,0,116,,61350,53,0,10 11 12,0
7200,'5386',730,,61351,53,,,0,599,,61352,53,,,0,329,,61353,53,,,0
