2800,'4332',639,,58185,9,,,0,73,,58186,9,,,0,30,,58187,9,,,0,69,,58188,35,,,0,28,,58189,35,,,0,67,,58190,35,,,0,27,,58191,35,,,0,26,,58192,35,,,0,67,,58184,35,,,0,23,,58193,35,,,0,62,,58194,35,,,0,23,,58195,35,,,0,21,,58196,35,,,0,63,,58197,35,,,0,22,,58198,35,,,0,62,,58199,35,,,0,23,,58200,35,,,0,24,,58201,35,,,0,62,,58202,35,,,0,22,,58203,35,,,0,20,,58204,35,,,0,61,,58205,35,,,0,21,,58206,35,,,0,21,,58207,35,,,0,60,,58208,35,,,0,20,,58209,35,,,0,21,,58210,35,,,0,59,,58211,35,,,0,21,,58212,35,,,0,20,,58213,35,,,0,60,,58214,35,,,0,20,,58215,35,,,0,19,,58216,35,,,0,63,,58217,35,,,0,26,,58218,35,,,0,68,,58219,35,,,0,30,,58220,35,,,0,70,,58221,35,,,0,29,,58222,35,,,0,70,,58223,35,,,0,31,,58224,35,,,0,74,,58225,35,,,0,30,,58226,35,,,0,69,,58227,35,,,0,30,,58228,35,,,0,70,,58229,35,,,0,28,,58230,35,,,0,70,,58231,35,,,0,29,,58232,35,,,0
2800,'4663',544,,58128,9,,,0,66,,58131,35,,,0,24,,58127,35,,,0,22,,58126,35,,,0,51,,58129,35,,,0,12,,58149,35,,,0,12,,58130,35,,,0,12,,58157,9,,,0,11,,58134,35,,,0,53,,58145,35,,,0,11,,58135,35,,,0,22,,58132,35,,,0,61,,58133,35,,,0,25,,58175,35,,,0,22,,58136,35,,,0,66,,58137,35,,,0,26,,58150,35,,,0,66,,58155,35,,,0,27,,58142,35,,,0,67,,58138,35,,,0,24,,58139,35,,,0,27,,58141,35,,,0,66,,58140,35,,,0,27,,58148,35,,,0,66,,58156,35,,,0,24,,58144,35,,,0,24,,58143,35,,,0,62,,58168,35,,,0,35,,58147,35,,,0,72,,58146,35,,,0,32,,58169,35,,,0,72,,58164,35,,,0,69,,58170,35,,,0,30,,58151,35,,,0,16,,58171,35,,,0,57,,58158,35,,,0,22,,58154,35,,,0,25,,58152,35,,,0,67,,58153,35,,,0,29,,58163,35,,,0,68,,58160,35,,,0,29,,58162,35,,,0,69,,58161,35,,,0,30,,58159,35,,,0,79,,58166,35,,,0,38,,58167,35,,,0,80,,58165,35,,,0,81,,58172,35,,,0,39,,58174,35,,,0,80,,58173,35,,,0
2800,'5078',618,,58233,9,,,0,96,,58234,9,,,0,30,,58235,9,,,0,70,,58236,9,,,0,30,,58237,35,,,0,70,,58238,35,,,0,31,,58239,35,,,0,67,,58240,35,,,0,26,,58241,35,,,0,67,,58242,35,,,0,26,,58243,35,,,0,25,,58244,35,,,0,64,,58245,35,,,0,23,,58246,35,,,0,63,,58247,35,,,0,23,,58248,35,,,0,24,,58249,35,,,0,63,,58250,35,,,0,23,,58251,35,,,0,62,,58252,35,,,0,23,,58253,35,,,0,23,,58254,35,,,0,63,,58255,35,,,0,23,,58256,35,,,0,23,,58257,35,,,0,63,,58258,35,,,0,23,,58259,35,,,0,63,,58260,35,,,0,24,,58261,35,,,0,25,,58262,35,,,0,65,,58263,35,,,0,26,,58264,35,,,0,69,,58265,35,,,0,29,,58266,35,,,0,70,,58267,35,,,0,31,,58268,35,,,0,80,,58269,35,,,0,81,,58270,35,,,0,45,,58271,35,,,0
2800,'5372',544,,42945,9,,,0,66,,58177,35,,,0,24,,42944,35,,,0,22,,42943,35,,,0,51,,42946,35,,,0,12,,42965,35,,,0,12,,58176,35,,,0,12,,42973,9,,,0,11,,42951,35,,,0,53,,42962,35,,,0,11,,42952,35,,,0,22,,42949,35,,,0,61,,58178,35,,,0,25,,42988,35,,,0,22,,42953,35,,,0,66,,42954,35,,,0,26,,58181,35,,,0,66,,42971,35,,,0,27,,42959,35,,,0,67,,58179,35,,,0,24,,42956,35,,,0,27,,42958,35,,,0,66,,42957,35,,,0,27,,58180,35,,,0,66,,42972,35,,,0,24,,42961,35,,,0,24,,42960,35,,,0,62,,58182,35,,,0,35,,42963,35,,,0,104,,42985,35,,,0,72,,42980,35,,,0,69,,42986,35,,,0,30,,42967,35,,,0,16,,58183,35,,,0,57,,42974,35,,,0,22,,42970,35,,,0,25,,42968,35,,,0,67,,42969,35,,,0,29,,42979,35,,,0,68,,42976,35,,,0,29,,42978,35,,,0,69,,42977,35,,,0,30,,42975,35,,,0,79,,42982,35,,,0,38,,42983,35,,,0,80,,42981,35,,,0
2800,'5373',1627,,43089,35,,,0
2800,'5385',544,,58274,9,,,0,66,,58277,35,,,0,24,,58273,35,,,0,22,,58272,35,,,0,51,,58275,35,,,0,12,,58294,35,,,0,12,,58276,35,,,0,12,,58302,9,,,0,11,,58280,35,,,0,53,,58291,35,,,0,11,,58281,35,,,0,22,,58278,35,,,0,61,,58279,35,,,0,25,,58317,35,,,0,22,,58282,35,,,0,66,,58283,35,,,0,26,,58295,35,,,0,66,,58300,35,,,0,27,,58288,35,,,0,67,,58284,35,,,0,24,,58285,35,,,0,27,,58287,35,,,0,66,,58286,35,,,0,27,,58293,35,,,0,66,,58301,35,,,0,24,,58290,35,,,0,24,,58289,35,,,0,62,,58313,35,,,0,35,,58292,35,,,0,104,,58314,35,,,0,72,,58309,35,,,0,69,,58315,35,,,0,30,,58296,35,,,0,16,,58316,35,,,0,57,,58303,35,,,0,22,,58299,35,,,0,25,,58297,35,,,0,67,,58298,35,,,0,29,,58308,35,,,0,68,,58305,35,,,0,29,,58307,35,,,0,69,,58306,35,,,0,30,,58304,35,,,0,79,,58311,35,,,0,38,,58312,35,,,0,80,,58310,35,,,0
2800,'5387',1627,,58318,35,,,0
2800,'5388',1627,,58319,35,,,0
24002700,'4663',659,,63141,9,0,5,0,65,,63142,9,0,5,0,23,,63144,9,0,5,0,64,,63143,9,0,5,0
24002700,'5372',659,,48826,9,0,5,0,65,,48827,9,0,5,0,23,,48829,9,0,5,0,64,,48828,9,0,5,0
24002700,'5385',659,,63145,9,0,5,0,65,,63146,9,0,5,0,23,,63148,9,0,5,0,64,,63147,9,0,5,0
