7501,'4487',643,,29712,0,28 29 14,0,112,,29713,,,0,100,,29714,,,0,152,,29715,,,0,104,,29716,,,0,101,,29717,,,0,30,,29718,,,0,70,,29719,,,0,30,,29720,,,0,70,,29721,,,0,34,,29722,,,0,70,,29723,,,0,30,,29724,,,0,70,,29725,,,0,30,,29726,,,0,70,,29727,,,0,96,,29728,,,0,96,,29729,,,0,99,,29730,,,0,100,,29731,,,0,100,,29732,,,0,94,,29733,0,28 29 14,0,55,,29734,0,28 29 14,0
7501,'4743',643,,13876,0,28 29 14,0,112,,13877,,,0,100,,13878,,,0,152,,13879,,,0,104,,13880,,,0,101,,13881,,,0,30,,13882,,,0,70,,13883,,,0,30,,13884,,,0,70,,13885,,,0,34,,13886,,,0,70,,13887,,,0,30,,13888,,,0,70,,13889,,,0,30,,13890,,,0,70,,13891,,,0,96,,13892,,,0,96,,13893,,,0,99,,13894,,,0,100,,13895,,,0,100,,13896,,,0,94,,13897,0,28 29 14,0,55,,13898,0,28 29 14,0
7501,'4744',555,,29735,,,0,68,,29736,,,0,24,,29737,,,0,57,,29738,,,0,25,,29739,,,0,25,,29740,,,0,58,,29741,,,0,21,,29742,,,0,23,,29743,,,0,73,,29744,,,0,80,,29745,,,0,30,,29746,,,0,72,,29747,,,0,29,,29748,,,0,70,,29749,,,0,31,,29750,,,0,70,,29751,,,0,30,,29752,,,0,72,,29753,,,0,32,,29754,,,0,70,,29755,,,0,23,,29771,,,0,8,,29756,,,0,58,,29757,,,0,14,,29758,,,0,10,,29759,,,0,15,,29760,,,0,5,,29761,,,0,67,,29762,,,0,28,,29763,,,0,69,,29764,,,0,99,,29765,,,0,97,,29766,,,0,100,,29767,,,0,99,,29768,,,0,93,,29769,0,28 29 14,0,52,,29770,0,28 29 14,0
7501,'4745',652,,29772,0,28 29 14,0,101,,29773,0,28 29 14,0,103,,29774,,,0,149,,29775,,,0,101,,29776,,,0,103,,29777,,,0,31,,29778,,,0,70,,29779,,,0,30,,29780,,,0,70,,29781,,,0,31,,29782,,,0,71,,29783,,,0,30,,29784,,,0,70,,29785,,,0,100,,29786,,,0,102,,29787,,,0,99,,29788,,,0,100,,29789,,,0,99,,29790,,,0,100,,29791,,,0,88,,29792,0,28 29 14,0,107,,29793,0,28 29 14,0
7501,'4935',555,,9100,,,0,68,,9101,,,0,24,,9102,,,0,57,,9103,,,0,25,,9104,,,0,25,,9105,,,0,58,,9106,,,0,21,,9107,,,0,23,,9108,,,0,73,,9109,,,0,80,,9110,,,0,30,,9111,,,0,72,,9112,,,0,29,,9113,,,0,70,,9114,,,0,31,,9115,,,0,70,,9116,,,0,30,,9117,,,0,72,,13899,,,0,32,,9119,,,0,70,,9120,,,0,23,,9134,,,0,8,,9121,,,0,58,,9122,,,0,14,,9123,,,0,10,,9124,,,0,15,,13900,,,0,5,,9126,,,0,67,,9127,,,0,28,,9128,,,0,69,,9129,,,0,99,,9130,,,0,197,,13901,,,0,99,,9132,,,0,145,,13902,0,28 29 14,0
7501,'4937',2008,,9135,,,0,292,,9136,0,28 29 14,0
7501,'4941',555,,9139,,,0,68,,9140,,,0,24,,9141,,,0,57,,9142,,,0,25,,9143,,,0,25,,9144,,,0,58,,9145,,,0,21,,9146,,,0,23,,9147,,,0,73,,9148,,,0,80,,9149,,,0,30,,9150,,,0,72,,9151,,,0,29,,9152,,,0,70,,9153,,,0,31,,9154,,,0,70,,9155,,,0,30,,9156,,,0,72,,13903,,,0,32,,9158,,,0,70,,9159,,,0,23,,9175,,,0,8,,9160,,,0,58,,9161,,,0,14,,9162,,,0,10,,9163,,,0,15,,13904,,,0,5,,9165,,,0,67,,9166,,,0,28,,9167,,,0,69,,9168,,,0,99,,9169,,,0,97,,9170,,,0,100,,13905,,,0,99,,9172,,,0,93,,9173,0,28 29 14,0,52,,13906,0,28 29 14,0
7501,'4943',643,,9176,0,28 29 14,0,112,,9177,,,0,100,,9178,,,0,152,,9179,,,0,104,,9180,,,0,101,,9181,,,0,30,,9182,,,0,70,,9183,,,0,30,,13907,,,0,70,,9185,,,0,34,,9186,,,0,70,,13908,,,0,30,,9188,,,0,70,,13909,,,0,30,,13910,,,0,70,,9191,,,0,96,,13911,,,0,96,,9193,,,0,99,,9194,,,0,100,,9195,,,0,100,,13912,,,0,94,,9197,0,28 29 14,0,55,,9198,0,28 29 14,0
7501,'4945',652,,9199,0,28 29 14,0,101,,9200,0,28 29 14,0,103,,9201,,,0,149,,13913,,,0,101,,13914,,,0,103,,9204,,,0,31,,9205,,,0,70,,9206,,,0,30,,13915,,,0,70,,9208,,,0,31,,9209,,,0,71,,13916,,,0,30,,9211,,,0,70,,13917,,,0,100,,9213,,,0,102,,9214,,,0,99,,13918,,,0,100,,9216,,,0,99,,9217,,,0,100,,9218,,,0,88,,9219,0,28 29 14,0,107,,13919,0,28 29 14,0
7501,'4947',555,,29794,,,0,68,,29795,,,0,24,,29796,,,0,57,,29797,,,0,25,,29798,,,0,25,,29799,,,0,58,,29800,,,0,21,,29801,,,0,23,,29802,,,0,73,,29803,,,0,80,,29804,,,0,30,,29805,,,0,72,,29806,,,0,29,,29807,,,0,70,,29808,,,0,31,,29809,,,0,70,,29810,,,0,30,,29811,,,0,72,,29812,,,0,32,,29813,,,0,70,,29814,,,0,23,,29828,,,0,8,,29815,,,0,58,,29816,,,0,14,,29817,,,0,10,,29818,,,0,15,,29819,,,0,5,,29820,,,0,67,,29821,,,0,28,,29822,,,0,69,,29823,,,0,99,,29824,,,0,197,,29825,,,0,99,,29826,,,0,145,,29827,0,28 29 14,0
7501,'4949',2008,,29829,,,0,292,,29830,0,28 29 14,0
7501,'4950',2008,,29831,,,0,292,,29832,0,28 29 14,0
7501,'4952',555,,29833,,,0,68,,29834,,,0,24,,29835,,,0,57,,29836,,,0,25,,29837,,,0,25,,29838,,,0,58,,29839,,,0,21,,29840,,,0,23,,29841,,,0,73,,29842,,,0,80,,29843,,,0,30,,29844,,,0,72,,29845,,,0,29,,29846,,,0,70,,29847,,,0,31,,29848,,,0,70,,29849,,,0,30,,29850,,,0,72,,29851,,,0,32,,29852,,,0,70,,29853,,,0,23,,29869,,,0,8,,29854,,,0,58,,29855,,,0,14,,29856,,,0,10,,29857,,,0,15,,29858,,,0,5,,29859,,,0,67,,29860,,,0,28,,29861,,,0,69,,29862,,,0,99,,29863,,,0,97,,29864,,,0,100,,29865,,,0,99,,29866,,,0,93,,29867,0,28 29 14,0,52,,29868,0,28 29 14,0
7501,'4953',643,,29870,0,28 29 14,0,112,,29871,,,0,100,,29872,,,0,152,,29873,,,0,104,,29874,,,0,101,,29875,,,0,30,,29876,,,0,70,,29877,,,0,30,,29878,,,0,70,,29879,,,0,34,,29880,,,0,70,,29881,,,0,30,,29882,,,0,70,,29883,,,0,30,,29884,,,0,70,,29885,,,0,96,,29886,,,0,96,,29887,,,0,99,,29888,,,0,100,,29889,,,0,100,,29890,,,0,94,,29891,0,28 29 14,0,55,,29892,0,28 29 14,0
7501,'4954',652,,29893,0,28 29 14,0,101,,29894,0,28 29 14,0,103,,29895,,,0,149,,29896,,,0,101,,29897,,,0,103,,29898,,,0,31,,29899,,,0,70,,29900,,,0,30,,29901,,,0,70,,29902,,,0,31,,29903,,,0,71,,29904,,,0,30,,29905,,,0,70,,29906,,,0,100,,29907,,,0,102,,29908,,,0,99,,29909,,,0,100,,29910,,,0,99,,29911,,,0,100,,29912,,,0,88,,29913,0,28 29 14,0,107,,29914,0,28 29 14,0
