3801,'4663',700,,59209,31,,,0,30,,59210,31,,,0,70,,59213,31,,,0,29,,59211,31,,,0,73,,59229,31,,,0,45,,59212,31,,,0,90,,59214,31,,,0,97,,59215,31,,,0,102,,59216,31,,,0,103,,59217,31,,,0,104,,59218,31,,,0,107,,59219,31,,,0,90,,59220,31,,,0,73,,59221,31,,,0,24,,59222,31,,,0,64,,59223,31,,,0,25,,59225,31,,,0,28,,59226,31,,,0,76,,59224,31,,,0,100,,59227,31,,,0,103,,59228,31,,,0
3801,'5372',700,,44211,31,,,0,30,,44212,31,,,0,70,,44215,31,,,0,29,,44213,31,,,0,73,,44231,31,,,0,45,,44214,31,,,0,90,,44216,31,,,0,97,,50241,31,,,0,102,,44218,31,,,0,103,,50242,31,,,0,104,,59230,31,,,0,107,,44221,31,,,0,90,,44222,31,,,0,73,,44223,31,,,0,24,,44224,31,,,0,64,,44225,31,,,0,25,,50244,31,,,0,28,,44228,31,,,0,76,,59231,31,,,0,100,,50245,31,,,0,103,,59232,31,,,0
3801,'5385',700,,59233,31,,,0,30,,59234,31,,,0,70,,59237,31,,,0,29,,59235,31,,,0,73,,59253,31,,,0,45,,59236,31,,,0,90,,59238,31,,,0,97,,59239,31,,,0,102,,59240,31,,,0,103,,59241,31,,,0,104,,59242,31,,,0,107,,59243,31,,,0,90,,59244,31,,,0,73,,59245,31,,,0,24,,59246,31,,,0,64,,59247,31,,,0,25,,59249,31,,,0,28,,59250,31,,,0,76,,59248,31,,,0,100,,59251,31,,,0,103,,59252,31,,,0
5400,'4663',630,,60055,42,,,0,101,,60059,42,,,0,171,,60058,42,,,0,202,,60056,42,,,0,136,,60057,42,,,0,202,,60061,42,,,0,106,,60060,42,,,0,193,,60062,42,,,0,193,,60063,42,,,0,190,,60064,42,,,0
5400,'5372',630,,45183,42,,,0,101,,45187,42,,,0,171,,45186,42,,,0,202,,45184,42,,,0,136,,45185,42,,,0,202,,50513,42,,,0,106,,50512,42,,,0,193,,50514,42,,,0,193,,45191,42,,,0,190,,45192,42,,,0
5400,'5377',725,,45210,42,,,0,204,,50505,42,,,0,212,,50506,42,,,0,207,,50507,42,,,0,205,,45211,42,,,0,250,,50508,42,,,0,202,,50509,42,,,0
5400,'5383',726,,60071,42,,,0,205,,60070,42,,,0,211,,60067,42,,,0,207,,60068,42,,,0,206,,60069,42,,,0,249,,60066,42,,,0,203,,60065,42,,,0
5400,'5384',725,,60072,42,,,0,204,,60074,42,,,0,212,,60075,42,,,0,207,,60076,42,,,0,205,,60073,42,,,0,250,,60077,42,,,0,202,,60078,42,,,0
5400,'5385',630,,60079,42,,,0,101,,60083,42,,,0,171,,60082,42,,,0,202,,60080,42,,,0,136,,60081,42,,,0,202,,60085,42,,,0,106,,60084,42,,,0,193,,60086,42,,,0,193,,60087,42,,,0,190,,60088,42,,,0
5500,'4663',630,,60123,38,,,0,172,,60125,38,,,0,133,,60124,38,,,0,214,,60126,38,,,0,198,,60127,38,,,0,175,,60128,38,,,0,106,,60129,38,,,0,181,,60130,38,,,0,147,,60131,38,,,0,197,,60132,38,,,0
5500,'5372',630,,50530,38,,,0,172,,45267,38,,,0,133,,45266,38,,,0,214,,45268,38,,,0,198,,50531,38,,,0,175,,51782,38,,,0,106,,45271,38,,,0,181,,45272,38,,,0,147,,45273,38,,,0,197,,45274,38,,,0
5500,'5377',822,,45292,38,,,0,202,,45295,38,,,0,215,,45294,38,,,0,205,,45293,38,,,0,210,,45297,38,,,0,247,,50529,38,,,0,222,,50528,38,,,0
5500,'5383',824,,60139,38,,,0,202,,60135,38,,,0,213,,60136,38,,,0,204,,60137,38,,,0,211,,60138,38,,,0,248,,60134,38,,,0,224,,60133,38,,,0
5500,'5384',822,,60140,38,,,0,202,,60143,38,,,0,215,,60142,38,,,0,205,,60141,38,,,0,210,,60145,38,,,0,247,,60146,38,,,0,222,,60144,38,,,0
5500,'5385',630,,60147,38,,,0,172,,60149,38,,,0,133,,60148,38,,,0,214,,60150,38,,,0,198,,60151,38,,,0,175,,60152,38,,,0,106,,60153,38,,,0,181,,60154,38,,,0,147,,60155,38,,,0,197,,60156,38,,,0
