200,'4623',603,,63268,28,,,0,41,,63260,28,,,0,61,,63255,28,,,0,32,,63269,28,,,0,72,,63263,28,,,0,31,,63254,28,,,0,71,,63267,28,,,0,29,,63264,28,,,0,86,,63253,28,,,0,78,,63256,28,,,0,41,,63257,28,,,0,81,,63266,28,,,0,80,,63259,28,,,0,41,,63258,28,,,0,79,,63265,28,,,0,79,,63261,28,,,0,36,,63262,28,,,0,77,,63270,28,,,0,36,,63271,28,,,0,88,,63273,28,,,0,72,,63272,28,,,0,39,,63277,28,,,0,89,,63275,28,,,0,78,,63276,28,,,0,82,,63281,28,,,0,40,,63280,28,,,0,78,,63282,28,,,0,39,,63283,28,,,0,79,,63284,28,,,0,78,,63285,28,,,0
200,'4833',613,,63307,28,,,0,113,,63310,28,,,0,121,,63308,28,,,0,80,,63296,28,,,0,87,,63309,28,,,0,40,,63294,28,,,0,80,,63288,28,,,0,81,,63295,28,,,0,40,,63289,28,,,0,81,,63302,28,,,0,81,,63290,28,,,0,41,,63293,28,,,0,80,,63292,28,,,0,79,,63291,28,,,0,40,,63305,28,,,0,79,,63306,28,,,0,74,,63304,28,,,0,40,,63298,28,,,0,75,,63299,28,,,0,94,,63301,28,,,0,40,,63300,28,,,0,85,,63316,28,,,0,80,,63313,28,,,0,80,,63312,28,,,0,37,,63314,28,,,0,79,,63311,28,,,0
200,'5015',613,,63337,28,,,0,113,,63340,28,,,0,121,,63338,28,,,0,80,,63326,28,,,0,87,,63339,28,,,0,40,,63324,28,,,0,80,,63318,28,,,0,81,,63325,28,,,0,40,,63319,28,,,0,81,,63332,28,,,0,81,,63320,28,,,0,41,,63323,28,,,0,80,,63322,28,,,0,79,,63321,28,,,0,40,,63335,28,,,0,79,,63336,28,,,0,74,,63334,28,,,0,40,,63328,28,,,0,75,,63329,28,,,0,94,,63331,28,,,0,40,,63330,28,,,0,85,,63346,28,,,0,80,,63343,28,,,0,80,,63342,28,,,0,37,,63344,28,,,0,79,,63341,28,,,0
200,'5078',709,,52797,28,,,0,121,,52796,28,,,0,122,,52795,28,,,0,101,,52776,28,,,0,81,,52794,28,,,0,81,,52782,28,,,0,40,,52780,28,,,0,80,,52775,28,,,0,82,,52777,28,,,0,40,,52788,28,,,0,80,,52783,28,,,0,80,,52778,28,,,0,39,,52781,28,,,0,79,,52779,28,,,0,74,,52789,28,,,0,39,,52785,28,,,0,94,,52790,28,,,0,80,,52786,28,,,0,80,,52792,28,,,0,39,,52793,28,,,0,80,,52791,28,,,0,79,,52798,28,,,0,39,,52799,28,,,0
200,'5222',603,,63364,28,,,0,41,,63356,28,,,0,61,,63351,28,,,0,32,,63365,28,,,0,72,,63359,28,,,0,31,,63350,28,,,0,71,,63363,28,,,0,29,,63360,28,,,0,86,,63349,28,,,0,78,,63352,28,,,0,41,,63353,28,,,0,81,,63362,28,,,0,80,,63355,28,,,0,41,,63354,28,,,0,79,,63361,28,,,0,79,,63357,28,,,0,36,,63358,28,,,0,77,,63366,28,,,0,36,,63367,28,,,0,88,,63369,28,,,0,72,,63368,28,,,0,39,,63373,28,,,0,89,,63371,28,,,0,78,,63372,28,,,0,82,,63377,28,,,0,40,,63376,28,,,0,78,,63378,28,,,0,39,,63379,28,,,0,79,,63380,28,,,0,78,,63381,28,,,0
200,'5365',709,,63405,28,,,0,121,,63404,28,,,0,122,,63403,28,,,0,101,,63384,28,,,0,81,,63402,28,,,0,81,,63390,28,,,0,40,,63388,28,,,0,80,,63383,28,,,0,82,,63385,28,,,0,40,,63396,28,,,0,80,,63391,28,,,0,80,,63386,28,,,0,39,,63389,28,,,0,79,,63387,28,,,0,74,,63397,28,,,0,39,,63393,28,,,0,94,,63398,28,,,0,80,,63394,28,,,0,80,,63400,28,,,0,39,,63401,28,,,0,80,,63399,28,,,0,79,,63406,28,,,0,39,,63407,28,,,0
200,'5390',709,,63430,28,,,0,121,,63429,28,,,0,122,,63428,28,,,0,101,,63409,28,,,0,81,,63427,28,,,0,81,,63415,28,,,0,40,,63413,28,,,0,80,,63408,28,,,0,82,,63410,28,,,0,40,,63421,28,,,0,80,,63416,28,,,0,80,,63411,28,,,0,39,,63414,28,,,0,79,,63412,28,,,0,74,,63422,28,,,0,39,,63418,28,,,0,94,,63423,28,,,0,80,,63419,28,,,0,80,,63425,28,,,0,39,,63426,28,,,0,80,,63424,28,,,0,79,,63431,28,,,0,39,,63432,28,,,0
500,'4623',623,,64666,28,,,0,97,,64659,28,,,0,34,,64661,28,,,0,71,,64658,28,,,0,31,,64660,28,,,0,68,,64663,28,,,0,87,,64662,28,,,0,33,,64671,28,,,0,80,,64668,28,,,0,81,,64664,28,,,0,41,,64665,28,,,0,82,,64667,28,,,0,78,,64672,28,,,0,40,,64669,28,,,0,77,,64670,28,,,0,36,,64674,28,,,0,77,,64673,28,,,0,74,,64675,28,,,0,48,,64676,28,,,0,76,,64677,28,,,0,83,,64679,28,,,0,85,,64678,28,,,0
500,'4833',649,,64691,28,,,0,157,,64687,28,,,0,101,,64690,28,,,0,42,,64681,28,,,0,85,,64688,28,,,0,80,,64682,28,,,0,41,,64697,28,,,0,80,,64689,28,,,0,81,,64680,28,,,0,41,,64686,28,,,0,80,,64683,28,,,0,81,,64693,28,,,0,40,,64684,28,,,0,79,,64685,28,,,0,79,,64694,28,,,0,35,,64695,28,,,0,79,,64696,28,,,0,80,,64692,28,,,0,49,,64698,28,,,0
500,'5015',649,,64710,28,,,0,157,,64706,28,,,0,101,,64709,28,,,0,42,,64700,28,,,0,85,,64707,28,,,0,80,,64701,28,,,0,41,,64716,28,,,0,80,,64708,28,,,0,81,,64699,28,,,0,41,,64705,28,,,0,80,,64702,28,,,0,81,,64712,28,,,0,40,,64703,28,,,0,79,,64704,28,,,0,79,,64713,28,,,0,35,,64714,28,,,0,79,,64715,28,,,0,80,,64711,28,,,0,49,,64717,28,,,0
500,'5078',750,,53750,28,,,0,161,,53749,28,,,0,122,,53748,28,,,0,81,,53743,28,,,0,40,,53737,28,,,0,81,,53738,28,,,0,80,,53751,28,,,0,41,,53744,28,,,0,81,,53741,28,,,0,80,,53739,28,,,0,40,,53740,28,,,0,80,,53752,28,,,0,78,,53745,28,,,0,35,,53742,28,,,0,78,,53746,28,,,0,80,,53747,28,,,0
500,'5222',623,,64726,28,,,0,97,,64719,28,,,0,34,,64721,28,,,0,71,,64718,28,,,0,31,,64720,28,,,0,68,,64723,28,,,0,87,,64722,28,,,0,33,,64731,28,,,0,80,,64728,28,,,0,81,,64724,28,,,0,41,,64725,28,,,0,82,,64727,28,,,0,78,,64732,28,,,0,40,,64729,28,,,0,77,,64730,28,,,0,36,,64734,28,,,0,77,,64733,28,,,0,74,,64735,28,,,0,48,,64736,28,,,0,76,,64737,28,,,0,83,,64739,28,,,0,85,,64738,28,,,0
500,'5365',750,,64753,28,,,0,161,,64752,28,,,0,122,,64751,28,,,0,81,,64746,28,,,0,40,,64740,28,,,0,81,,64741,28,,,0,80,,64754,28,,,0,41,,64747,28,,,0,81,,64744,28,,,0,80,,64742,28,,,0,40,,64743,28,,,0,80,,64755,28,,,0,78,,64748,28,,,0,35,,64745,28,,,0,78,,64749,28,,,0,80,,64750,28,,,0
500,'5390',750,,64769,28,,,0,161,,64768,28,,,0,122,,64767,28,,,0,81,,64762,28,,,0,40,,64756,28,,,0,81,,64757,28,,,0,80,,64770,28,,,0,41,,64763,28,,,0,81,,64760,28,,,0,80,,64758,28,,,0,40,,64759,28,,,0,80,,64771,28,,,0,78,,64764,28,,,0,35,,64761,28,,,0,78,,64765,28,,,0,80,,64766,28,,,0
