2500,'4332',743,,57092,17,,,0,109,,57090,17,,,0,154,,57094,17,,,0,101,,57088,17,,,0,100,,57086,17,,,0,98,,57087,17,,,0,100,,57089,17,,,0,99,,57093,17,,,0,100,,57091,17,,,0,101,,57095,17,,,0,102,,57096,17,,,0,124,,57097,17,,,0,121,,57098,17,,,0,169,,57099,17,,,0,130,,57100,17,0,5,0
2500,'4661',559,,57121,17,,,0,75,,57114,17,,,0,71,,57112,17,,,0,38,,57113,17,,,0,69,,57120,17,,,0,95,,57119,17,,,0,104,,57117,17,,,0,101,,57115,17,,,0,100,,57116,17,,,0,98,,57122,17,,,0,100,,57118,17,,,0,138,,57124,17,,,0,84,,57123,17,,,0,98,,57125,17,,,0,102,,57126,17,,,0,100,,57127,17,,,0,121,,57128,17,,,0,167,,57129,17,,,0,133,,57130,17,0,5,0
2500,'4663',559,,57076,17,,,0,75,,57068,17,,,0,71,,57066,17,,,0,38,,57067,17,,,0,69,,57074,17,,,0,95,,57073,17,,,0,104,,57071,17,,,0,101,,57069,17,,,0,100,,57070,17,,,0,98,,57077,17,,,0,100,,57072,17,,,0,97,,57075,9,,,0,41,,57079,17,,,0,84,,57078,17,,,0,98,,57080,17,,,0,102,,57081,17,,,0,100,,57082,17,,,0,121,,57083,17,,,0,167,,57084,17,,,0,133,,57085,17,0,5,0
2500,'5078',735,,57103,17,,,0,167,,57101,17,,,0,129,,57102,17,,,0,170,,57104,17,,,0,132,,57105,17,,,0,169,,57106,17,,,0,133,,57107,17,,,0,169,,57108,17,,,0,130,,57109,17,,,0,121,,57110,17,,,0,168,,57111,17,,,0
2500,'5387',1507,,57131,9,,,0
4001,'4332',650,,59515,32,,,0,168,,59518,32,,,0,102,,59506,32,,,0,100,,59508,32,,,0,101,,59514,32,,,0,101,,59516,32,,,0,100,,59507,32,,,0,100,,59509,32,,,0,100,,59512,32,,,0,100,,59517,32,,,0,100,,59510,32,,,0,98,,59511,32,,,0,99,,59513,32,,,0,97,,59519,32,,,0,130,,59520,32,,,0
4001,'4661',616,,59548,32,,,0,96,,59542,32,,,0,30,,59550,32,,,0,94,,59536,32,,,0,97,,59546,32,,,0,100,,59537,32,,,0,100,,59545,32,,,0,102,,59538,32,,,0,101,,59547,32,,,0,101,,59539,32,,,0,111,,59549,32,,,0,75,,59534,32,,,0,34,,59541,32,,,0,71,,59535,32,,,0,73,,59552,32,,,0,44,,59540,32,,,0,97,,59551,32,,,0,95,,59543,32,,,0,164,,59544,32,,,0
4001,'4663',616,,59501,32,,,0,96,,59495,32,,,0,30,,59503,32,,,0,94,,59489,32,,,0,97,,59499,32,,,0,100,,59490,32,,,0,100,,59498,32,,,0,102,,59491,32,,,0,101,,59500,32,,,0,101,,59492,32,,,0,111,,59502,32,,,0,75,,59487,32,,,0,34,,59494,32,,,0,71,,59488,32,,,0,73,,59505,32,,,0,44,,59493,32,,,0,97,,59504,32,,,0,95,,59496,32,,,0,164,,59497,32,,,0
4001,'5078',746,,59522,32,,,0,173,,59521,32,,,0,101,,59523,32,,,0,100,,59524,32,,,0,102,,59526,32,,,0,100,,59525,32,,,0,100,,59530,32,,,0,100,,59528,32,,,0,100,,59529,32,,,0,99,,59527,32,,,0,98,,59532,32,,,0,99,,59531,32,,,0,98,,59533,32,,,0
4600,'4661',618,,59585,32,,,0,19,,59573,32,,,0,71,,59586,32,,,0,29,,59574,32,,,0,77,,59575,32,,,0,96,,59576,32,,,0,95,,59580,32,,,0,339,,59577,32,,,0,111,,59578,32,,,0,73,,59579,32,,,0,77,,59584,32,,,0,95,,59581,32,,,0,29,,59582,32,,,0,87,,59583,32,,,0
4600,'4663',618,,59571,32,,,0,19,,59559,32,,,0,71,,59572,32,,,0,29,,59560,32,,,0,77,,59561,32,,,0,96,,59562,32,,,0,95,,59566,32,,,0,339,,59563,32,,,0,111,,59564,32,,,0,73,,59565,32,,,0,77,,59570,32,,,0,95,,59567,32,,,0,29,,59568,32,,,0,87,,59569,32,,,0
