601,'4332',610,,54135,26,,,0,23,,54136,26,,,0,20,,54133,26,,,0,78,,54137,26,,,0,16,,54138,26,,,0,60,,54139,26,,,0,33,,54140,26,,,0,14,,54141,26,,,0,55,,54142,26,,,0,28,,54143,26,,,0,13,,54144,26,,,0,53,,54134,26,,,0,23,,54145,26,,,0,12,,54146,26,,,0,12,,54147,26,,,0,64,,54149,26,,,0,12,,54150,26,,,0,12,,54148,26,,,0,64,,54151,26,,,0,12,,54152,26,,,0,12,,54153,26,,,0,23,,54160,26,,,0,52,,54154,26,,,0,12,,54155,26,,,0,24,,54156,26,,,0,10,,54157,26,,,0,11,,54158,26,,,0,60,,54161,26,,,0,10,,54162,26,,,0,11,,54163,26,,,0,61,,54159,26,,,0,11,,54164,26,,,0,10,,54169,26,,,0,21,,54165,26,,,0,10,,54166,26,,,0,50,,54167,26,,,0,21,,54168,26,,,0,10,,54170,26,,,0,10,,54171,26,,,0,11,,54172,26,,,0,64,,54173,26,,,0,12,,54174,26,,,0,12,,54175,26,,,0,12,,54176,26,,,0,64,,54177,26,,,0,12,,54178,26,,,0,13,,54179,26,,,0,15,,54180,26,,,0,70,,54181,26,,,0,15,,54182,26,,,0,15,,54183,26,,,0,76,,54184,26,,,0,18,,54185,26,,,0,76,,54186,26,,,0,18,,54187,26,,,0,82,,54188,26,,,0,25,,54189,26,,,0,95,,54190,26,,,0,65,,54191,26,,,0,30,,54192,26,,,0,70,,54193,26,,,0,30,,54194,26,,,0,70,,54195,26,,,0,29,,54196,26,,,0
601,'4661',550,,54295,26,,,0,55,,54289,26,,,0,29,,54283,26,,,0,24,,54294,26,,,0,56,,54260,26,,,0,15,,54279,26,,,0,7,,54252,26,,,0,15,,54282,26,,,0,56,,54270,26,,,0,14,,54261,26,,,0,19,,54290,26,,,0,17,,54278,26,,,0,56,,54284,26,,,0,16,,54249,26,,,0,20,,54263,26,,,0,62,,54255,26,,,0,24,,54285,26,,,0,23,,54272,26,,,0,63,,54291,26,,,0,24,,54280,26,,,0,64,,54297,26,,,0,24,,54264,26,,,0,25,,54254,26,,,0,66,,54286,26,,,0,23,,54271,26,,,0,61,,54265,26,,,0,20,,54253,26,,,0,20,,54281,26,,,0,60,,54296,26,,,0,19,,54246,26,,,0,11,,54248,16,,,0,5,,54266,26,,,0,10,,54293,26,,,0,60,,54247,26,,,0,19,,54287,26,,,0,20,,54274,26,,,0,62,,54268,26,,,0,21,,54256,26,,,0,24,,54288,26,,,0,63,,54275,26,,,0,12,,54292,26,,,0,24,,54259,26,,,0,70,,54250,26,,,0,73,,54267,26,,,0,36,,54251,26,,,0,18,,54273,26,,,0,76,,54258,26,,,0,21,,54257,26,,,0,90,,54262,26,,,0,100,,54276,26,,,0,70,,54269,26,,,0,31,,54277,26,,,0
601,'4663',550,,54130,26,,,0,55,,54124,26,,,0,29,,54118,26,,,0,24,,54129,26,,,0,56,,54091,26,,,0,15,,54112,26,,,0,7,,54083,26,,,0,15,,54117,26,,,0,56,,54101,26,,,0,14,,54092,26,,,0,19,,54125,26,,,0,17,,54111,26,,,0,56,,54119,26,,,0,16,,54080,26,,,0,20,,54094,26,,,0,62,,54086,26,,,0,24,,54120,26,,,0,23,,54103,26,,,0,63,,54126,26,,,0,24,,54113,26,,,0,64,,54132,26,,,0,24,,54095,26,,,0,25,,54085,26,,,0,66,,54121,26,,,0,23,,54102,26,,,0,61,,54096,26,,,0,20,,54084,26,,,0,20,,54114,26,,,0,60,,54131,26,,,0,19,,54077,26,,,0,11,,54079,16,,,0,5,,54097,26,,,0,10,,54128,26,,,0,60,,54078,26,,,0,19,,54122,26,,,0,20,,54105,26,,,0,62,,54099,26,,,0,21,,54087,26,,,0,24,,54123,26,,,0,63,,54106,26,,,0,12,,54127,26,,,0,24,,54090,26,,,0,70,,54081,26,,,0,73,,54098,26,,,0,36,,54082,26,,,0,18,,54104,26,,,0,76,,54089,26,,,0,21,,54088,26,,,0,90,,54093,26,,,0,100,,54107,26,,,0,70,,54100,26,,,0,31,,54109,26,,,0,70,,54108,26,,,0,30,,54110,26,,,0,71,,54115,26,,,0,30,,54116,26,,,0
601,'5078',652,,54234,26,,,0,95,,54208,26,,,0,85,,54217,26,,,0,19,,54207,26,,,0,80,,54233,26,,,0,17,,54222,26,,,0,55,,54244,26,,,0,31,,54197,26,,,0,16,,54236,26,,,0,55,,54224,26,,,0,30,,54206,26,,,0,15,,54199,26,,,0,52,,54198,26,,,0,24,,54226,26,,,0,12,,54201,26,,,0,12,,54202,26,,,0,52,,54216,26,,,0,24,,54200,26,,,0,12,,54241,26,,,0,12,,54225,26,,,0,52,,54205,26,,,0,24,,54215,26,,,0,12,,54204,26,,,0,12,,54203,26,,,0,52,,54239,26,,,0,24,,54211,26,,,0,12,,54212,26,,,0,12,,54214,26,,,0,52,,54213,26,,,0,24,,54240,26,,,0,12,,54219,26,,,0,12,,54209,26,,,0,52,,54210,26,,,0,24,,54245,26,,,0,12,,54221,26,,,0,13,,54237,26,,,0,56,,54218,26,,,0,30,,54223,26,,,0,19,,54220,26,,,0,57,,54231,26,,,0,36,,54228,26,,,0,58,,54227,26,,,0,34,,54229,26,,,0,17,,54230,26,,,0,75,,54235,26,,,0,20,,54238,26,,,0,95,,54232,26,,,0,70,,54243,26,,,0,82,,54242,26,,,0
1000601,'4332',713,,62839,34,,,0,111,,62840,34,,,0,100,,62841,34,,,0,90,,62842,34,,,0,88,,62843,34,,,0,48,,62844,34,,,0,88,,62845,34,,,0,88,,62846,34,,,0,82,,62848,34,,,0,42,,62847,34,,,0,82,,62849,34,,,0,81,,62850,34,,,0,93,,62851,34,,,0,100,,62852,34,,,0,107,,62853,34,,,0,103,,62854,34,,,0,94,,62855,34,,,0,98,,62856,34,,,0,110,,62857,34,,,0
1000601,'4661',620,,62890,34,,,0,87,,62885,34,,,0,36,,62879,34,,,0,71,,62893,34,,,0,35,,62880,34,,,0,72,,62894,34,,,0,79,,62892,34,,,0,47,,62895,34,,,0,86,,62881,34,,,0,88,,62887,34,,,0,90,,62891,34,,,0,47,,62875,34,,,0,80,,62874,34,,,0,80,,62888,34,,,0,85,,62882,34,,,0,37,,62876,34,,,0,84,,62878,34,,,0,86,,62877,34,,,0,103,,62896,34,,,0,106,,62883,34,,,0,94,,62886,34,,,0,99,,62889,34,,,0,100,,62884,34,,,0
1000601,'4663',620,,62831,34,,,0,87,,62826,34,,,0,36,,62820,34,,,0,71,,62834,34,,,0,35,,62821,34,,,0,72,,62835,34,,,0,79,,62833,34,,,0,47,,62836,34,,,0,86,,62822,34,,,0,88,,62828,34,,,0,90,,62832,34,,,0,47,,62816,34,,,0,80,,62815,34,,,0,80,,62829,34,,,0,85,,62823,34,,,0,37,,62817,34,,,0,84,,62819,34,,,0,86,,62818,34,,,0,103,,62837,34,,,0,106,,62824,34,,,0,94,,62827,34,,,0,99,,62830,34,,,0,100,,62825,34,,,0
1000601,'5078',722,,62865,34,,,0,90,,62871,34,,,0,99,,62859,34,,,0,107,,62863,34,,,0,102,,62858,34,,,0,94,,62873,34,,,0,100,,62860,34,,,0,100,,62861,34,,,0,100,,62867,34,,,0,100,,62864,34,,,0,100,,62862,34,,,0,108,,62866,34,,,0,109,,62868,34,,,0,93,,62870,34,,,0,91,,62869,34,,,0,106,,62872,34,,,0
2000601,'4661',646,,63065,29,,,0,75,,63071,29,,,0,38,,63059,29,,,0,71,,63062,29,,,0,75,,63060,29,,,0,32,,63064,29,,,0,86,,63067,29,,,0,87,,63061,29,,,0,47,,63069,29,,,0,89,,63072,29,,,0,90,,63074,29,,,0,82,,63073,29,,,0,40,,63070,29,,,0,78,,63057,29,,,0,86,,63068,29,,,0,81,,63058,29,,,0,44,,63075,29,,,0,99,,63063,29,,,0,97,,63066,29,,,0
2000601,'4663',646,,63046,29,,,0,75,,63052,29,,,0,38,,63040,29,,,0,71,,63043,29,,,0,75,,63041,29,,,0,32,,63045,29,,,0,86,,63048,29,,,0,87,,63042,29,,,0,47,,63050,29,,,0,89,,63053,29,,,0,90,,63055,29,,,0,82,,63054,29,,,0,40,,63051,29,,,0,78,,63038,29,,,0,86,,63049,29,,,0,81,,63039,29,,,0,44,,63056,29,,,0,99,,63044,29,,,0,97,,63047,29,,,0
