8301,'4487',1001,,30171,,,0,300,,30169,,,0,305,,30170,,,0,299,,30168,,,0
8301,'4743',1001,,13983,,,0,300,,13981,,,0,305,,13982,,,0,299,,13980,,,0
8301,'4744',724,,30172,,,0,93,,30173,,,0,208,,30174,,,0,181,,30175,,,0,195,,30176,,,0,212,,30177,,,0,211,,30178,,,0,199,,30179,,,0
8301,'4745',1000,,30182,,,0,300,,30183,,,0,305,,30181,,,0,299,,30180,,,0
8301,'4935',724,,9368,,,0,93,,9369,,,0,208,,9370,,,0,181,,9371,,,0,195,,9372,,,0,212,,9373,,,0,211,,9374,,,0,199,,9375,,,0
8301,'4941',724,,9376,,,0,93,,9377,,,0,208,,9378,,,0,181,,9379,,,0,195,,9380,,,0,212,,9381,,,0,211,,9382,,,0,199,,9383,,,0
8301,'4943',1001,,9387,,,0,300,,9385,,,0,305,,9386,,,0,299,,9384,,,0
8301,'4945',1000,,9390,,,0,300,,9391,,,0,305,,9389,,,0,299,,9388,,,0
8301,'4947',724,,30184,,,0,93,,30185,,,0,208,,30186,,,0,181,,30187,,,0,195,,30188,,,0,212,,30189,,,0,211,,30190,,,0,199,,30191,,,0
8301,'4952',724,,30192,,,0,93,,30193,,,0,208,,30194,,,0,181,,30195,,,0,195,,30196,,,0,212,,30197,,,0,211,,30198,,,0,199,,30199,,,0
8301,'4953',1001,,30203,,,0,300,,30201,,,0,305,,30202,,,0,299,,30200,,,0
8301,'4954',1000,,30206,,,0,300,,30207,,,0,305,,30205,,,0,299,,30204,,,0
