2200,'4487',647,,7184,10,,,0,80,,7169,10,,,0,80,,7173,10,,,0,40,,7186,10,,,0,71,,7170,10,,,0,30,,7164,10,,,0,71,,7171,10,,,0,31,,7185,10,,,0,70,,7168,10,,,0,30,,7167,10,,,0,71,,7172,10,,,0,30,,7165,10,,,0,70,,7190,10,,,0,30,,7166,10,,,0,70,,7179,10,,,0,30,,7174,10,,,0,70,,7178,10,,,0,30,,7189,10,,,0,69,,7180,10,,,0,31,,7175,10,,,0,70,,7182,10,,,0,33,,7181,10,,,0,70,,7177,10,,,0,29,,7176,10,,,0,69,,7191,10,,,0,30,,7192,10,,,0,67,,7188,10,,,0,28,,7183,10,,,0,70,,7187,10,0,5,0,30,,7193,10,0,5,0
2200,'4737',558,,7218,10,,,0,69,,7202,10,,,0,28,,7213,10,,,0,69,,7205,10,,,0,34,,7217,10,,,0,62,,7197,10,,,0,30,,7201,10,,,0,103,,7203,10,,,0,66,,7219,10,,,0,30,,7196,10,,,0,101,,7212,10,0,21 22,0,70,,7204,10,0,21 22,0,30,,7220,10,0,21 22,0,70,,7198,10,0,21 22,0,100,,7215,10,0,21 22,0,29,,7209,10,0,21 22,0,74,,7222,10,0,21 22,0,102,,7210,10,0,21 22,0,100,,7206,10,0,21 22,0,30,,7221,10,,,0,66,,7199,10,,,0,99,,7214,10,,,0,30,,7211,10,,,0,69,,7200,10,,,0,30,,7208,10,,,0,70,,7216,10,0,5,0,30,,7207,10,0,5,0
2200,'4740',647,,7243,10,,,0,80,,7228,10,,,0,80,,7232,10,,,0,40,,7245,10,,,0,71,,7229,10,,,0,30,,7223,10,,,0,71,,7230,10,,,0,31,,7244,10,,,0,70,,7227,10,,,0,30,,7226,10,,,0,71,,7231,10,,,0,30,,7224,10,,,0,70,,7249,10,,,0,30,,7225,10,,,0,70,,7238,10,,,0,30,,7233,10,,,0,70,,7237,10,,,0,30,,7248,10,,,0,69,,7239,10,,,0,31,,7234,10,,,0,70,,7241,10,,,0,33,,7240,10,,,0,70,,7236,10,,,0,29,,7235,10,,,0,69,,7250,10,,,0,30,,7251,10,,,0,67,,7247,10,,,0,28,,7242,10,,,0,70,,7246,10,0,5,0,30,,7252,10,0,5,0
2200,'4744',558,,7277,10,,,0,69,,7261,10,,,0,28,,7272,10,,,0,69,,7264,10,,,0,34,,7276,10,,,0,62,,7256,10,,,0,30,,7260,10,,,0,103,,7262,10,,,0,66,,7278,10,,,0,30,,7255,10,,,0,101,,7271,10,0,21 22,0,70,,7263,10,0,21 22,0,30,,7279,10,0,21 22,0,70,,7257,10,0,21 22,0,100,,7274,10,0,21 22,0,29,,7268,10,0,21 22,0,74,,7281,10,0,21 22,0,102,,7269,10,0,21 22,0,100,,7265,10,0,21 22,0,30,,7280,10,,,0,66,,7258,10,,,0,99,,7273,10,,,0,30,,7270,10,,,0,69,,7259,10,,,0,30,,7267,10,,,0,70,,7275,10,0,5,0,30,,7266,10,0,5,0
2200,'4745',737,,7285,10,,,0,100,,7286,10,,,0,80,,7287,10,,,0,30,,7282,10,,,0,71,,7283,10,,,0,30,,7284,10,,,0,70,,7289,10,,,0,29,,7290,10,,,0,71,,7288,10,,,0,30,,7291,10,,,0,70,,7292,10,,,0,30,,7300,10,,,0,70,,7299,10,,,0,30,,7293,10,,,0,70,,7294,10,,,0,30,,7295,10,,,0,70,,7296,10,,,0,32,,7297,10,,,0,70,,7298,10,,,0,30,,7301,10,,,0,70,,7302,10,,,0,29,,7303,10,,,0,70,,7304,10,,,0
2200,'4947',558,,7329,10,,,0,69,,7313,10,,,0,28,,7324,10,,,0,69,,7316,10,,,0,34,,7328,10,,,0,62,,7308,10,,,0,30,,7312,10,,,0,103,,7314,10,,,0,66,,7330,10,,,0,30,,7307,10,,,0,101,,7323,10,0,21 22,0,70,,7315,10,0,21 22,0,30,,7331,10,0,21 22,0,70,,7309,10,0,21 22,0,100,,7326,10,0,21 22,0,29,,7320,10,0,21 22,0,74,,7333,10,0,21 22,0,102,,7321,10,0,21 22,0,100,,7317,10,0,21 22,0,30,,7332,10,,,0,66,,7310,10,,,0,99,,7325,10,,,0,30,,7322,10,,,0,69,,7311,10,,,0,30,,7319,10,,,0,70,,7327,10,0,5,0,30,,7318,10,0,5,0
2200,'4954',737,,7339,10,,,0,100,,7340,10,,,0,80,,7341,10,,,0,30,,7336,10,,,0,71,,7337,10,,,0,30,,7338,10,,,0,70,,7343,10,,,0,29,,7344,10,,,0,71,,7342,10,,,0,30,,7345,10,,,0,70,,7346,10,,,0,30,,7354,10,,,0,70,,7353,10,,,0,30,,7347,10,,,0,70,,7348,10,,,0,30,,7349,10,,,0,70,,7350,10,,,0,32,,7351,10,,,0,70,,7352,10,,,0,30,,7355,10,,,0,70,,7356,10,,,0,29,,7357,10,,,0,70,,7358,10,,,0
1002200,'4737',924,,17618,10,,,0,195,,17615,10,0,21 22,0,230,,17616,10,0,21 22,0,206,,17614,10,0,21 22,0,101,,17619,10,0,21 22,0,197,,17617,10,0,21 22,0
1002200,'4744',924,,17624,10,,,0,195,,17621,10,0,21 22,0,230,,17622,10,0,21 22,0,206,,17620,10,0,21 22,0,101,,17625,10,0,21 22,0,197,,17623,10,0,21 22,0
1002200,'4947',924,,17630,10,,,0,195,,17627,10,0,21 22,0,230,,17628,10,0,21 22,0,206,,17626,10,0,21 22,0,101,,17631,10,0,21 22,0,197,,17629,10,0,21 22,0
