2101,'4623',555,,68685,16,,,0,67,,68692,16,,,0,24,,68684,16,,,0,60,,68680,16,,,0,17,,68686,20,,,0,18,,68683,20,,,0,59,,68688,20,,,0,21,,68681,20,,,0,20,,68694,20,,,0,70,,68700,20,,,0,29,,68691,20,,,0,69,,68682,20,,,0,29,,68687,20,,,0,69,,68695,20,,,0,30,,68698,20,,,0,71,,68690,20,,,0,30,,68699,20,,,0,70,,68689,20,,,0,31,,68696,20,,,0,70,,68697,20,,,0,32,,68693,20,,,0,60,,68701,20,,,0,19,,68703,20,,,0,20,,68708,16,,,0,62,,68705,20,,,0,21,,68702,20,,,0,22,,68707,20,,,0,59,,68709,20,,,0,18,,68706,16,,,0,20,,68704,20,,,0,60,,68710,20,,,0,20,,68713,20,,,0,31,,68712,16,,,0,71,,68711,16,,,0,30,,68714,16,,,0,70,,68715,16,,,0,31,,68716,16,,,0,70,,68719,16,,,0,31,,68718,16,,,0,70,,68717,16,,,0,30,,68720,16,,,0,145,,68721,16,,,0
2101,'4833',646,,68752,16,,,0,70,,68734,16,,,0,31,,68743,16,,,0,70,,68726,16,,,0,30,,68753,16,,,0,69,,68735,16,,,0,30,,68744,16,,,0,67,,68722,16,,,0,28,,68724,16,,,0,69,,68745,16,,,0,30,,68729,16,,,0,69,,68737,16,,,0,28,,68723,16,,,0,70,,68725,16,,,0,28,,68746,16,,,0,70,,68730,16,,,0,32,,68738,16,,,0,71,,68727,16,,,0,30,,68728,16,,,0,74,,68747,16,,,0,30,,68731,16,,,0,69,,68740,16,,,0,31,,68733,16,,,0,70,,68732,16,,,0,31,,68748,16,,,0,71,,68736,16,,,0,36,,68739,16,,,0,76,,68741,16,,,0,29,,68750,16,,,0,70,,68742,16,,,0,32,,68751,16,,,0,70,,68749,16,,,0,30,,68754,16,,,0,144,,68755,16,,,0
2101,'5015',646,,68786,16,,,0,70,,68768,16,,,0,31,,68777,16,,,0,70,,68760,16,,,0,30,,68787,16,,,0,69,,68769,16,,,0,30,,68778,16,,,0,67,,68756,16,,,0,28,,68758,16,,,0,69,,68779,16,,,0,30,,68763,16,,,0,69,,68771,16,,,0,28,,68757,16,,,0,70,,68759,16,,,0,28,,68780,16,,,0,70,,68764,16,,,0,32,,68772,16,,,0,71,,68761,16,,,0,30,,68762,16,,,0,74,,68781,16,,,0,30,,68765,16,,,0,69,,68774,16,,,0,31,,68767,16,,,0,70,,68766,16,,,0,31,,68782,16,,,0,71,,68770,16,,,0,36,,68773,16,,,0,76,,68775,16,,,0,29,,68784,16,,,0,70,,68776,16,,,0,32,,68785,16,,,0,70,,68783,16,,,0,30,,68788,16,,,0,144,,68789,16,,,0
2101,'5078',654,,56655,16,,,0,80,,56645,16,,,0,80,,56656,16,,,0,36,,56654,16,,,0,65,,56642,16,,,0,27,,56644,16,,,0,70,,56657,16,,,0,29,,56643,16,,,0,70,,56658,16,,,0,29,,56647,16,,,0,70,,56646,16,,,0,30,,56659,16,,,0,68,,56648,16,,,0,29,,56660,16,,,0,70,,56661,16,,,0,30,,56662,16,,,0,71,,56650,16,,,0,32,,56651,16,,,0,73,,56652,16,,,0,29,,56653,16,,,0,71,,56649,16,,,0,30,,56663,16,,,0,72,,56664,16,,,0,35,,56665,16,,,0,105,,56666,16,,,0,101,,56667,16,,,0,102,,56668,16,,,0,100,,56669,16,,,0,143,,56670,16,,,0
2101,'5222',555,,68795,16,,,0,67,,68802,16,,,0,24,,68794,16,,,0,60,,68790,16,,,0,17,,68796,20,,,0,18,,68793,20,,,0,59,,68798,20,,,0,21,,68791,20,,,0,20,,68804,20,,,0,70,,68810,20,,,0,29,,68801,20,,,0,69,,68792,20,,,0,29,,68797,20,,,0,69,,68805,20,,,0,30,,68808,20,,,0,71,,68800,20,,,0,30,,68809,20,,,0,70,,68799,20,,,0,31,,68806,20,,,0,70,,68807,20,,,0,32,,68803,20,,,0,60,,68811,20,,,0,19,,68813,20,,,0,20,,68818,16,,,0,62,,68815,20,,,0,21,,68812,20,,,0,22,,68817,20,,,0,59,,68819,20,,,0,18,,68816,16,,,0,20,,68814,20,,,0,60,,68820,20,,,0,20,,68823,20,,,0,31,,68822,16,,,0,71,,68821,16,,,0,30,,68824,16,,,0,70,,68825,16,,,0,31,,68826,16,,,0,70,,68829,16,,,0,31,,68828,16,,,0,70,,68827,16,,,0,30,,68830,16,,,0,145,,68831,16,,,0
2101,'5365',654,,68845,16,,,0,80,,68835,16,,,0,80,,68846,16,,,0,36,,68844,16,,,0,65,,68832,16,,,0,27,,68834,16,,,0,70,,68847,16,,,0,29,,68833,16,,,0,70,,68848,16,,,0,29,,68837,16,,,0,70,,68836,16,,,0,30,,68849,16,,,0,68,,68838,16,,,0,29,,68850,16,,,0,70,,68851,16,,,0,30,,68852,16,,,0,71,,68840,16,,,0,32,,68841,16,,,0,73,,68842,16,,,0,29,,68843,16,,,0,71,,68839,16,,,0,30,,68853,16,,,0,72,,68854,16,,,0,35,,68855,16,,,0,105,,68856,16,,,0,101,,68857,16,,,0,102,,68858,16,,,0,100,,68859,16,,,0,143,,68860,16,,,0
2101,'5390',654,,68874,16,,,0,80,,68864,16,,,0,80,,68875,16,,,0,36,,68873,16,,,0,65,,68861,16,,,0,27,,68863,16,,,0,70,,68876,16,,,0,29,,68862,16,,,0,70,,68877,16,,,0,29,,68866,16,,,0,70,,68865,16,,,0,30,,68878,16,,,0,68,,68867,16,,,0,29,,68879,16,,,0,70,,68880,16,,,0,30,,68881,16,,,0,71,,68869,16,,,0,32,,68870,16,,,0,73,,68871,16,,,0,29,,68872,16,,,0,71,,68868,16,,,0,30,,68882,16,,,0,72,,68883,16,,,0,35,,68884,16,,,0,105,,68885,16,,,0,101,,68886,16,,,0,102,,68887,16,,,0,100,,68888,16,,,0,143,,68889,16,,,0
2201,'4623',609,,69054,36,,,0,27,,69056,36,,,0,90,,69057,28,,,0,27,,69055,42,,,0,73,,69058,42,,,0,31,,69060,42,,,0,98,,69059,42,,,0,68,,69061,42,,,0,30,,69062,42,,,0,99,,69052,42,,,0,69,,69064,28,,,0,29,,69065,28,,,0,100,,69063,28,,,0,71,,69053,28,,,0,102,,69066,28,,,0,32,,69067,28,,,0,69,,69068,28,,,0,103,,69069,28,,,0,76,,69070,28,,,0,97,,69071,28,,,0,30,,69072,28,,,0,103,,69074,28,,,0,72,,69073,28,,,0,48,,69075,28,0,5 49,0
2201,'4833',725,,69086,28,,,0,79,,69096,28,,,0,28,,69082,28,,,0,69,,69076,28,,,0,30,,69085,28,,,0,70,,69097,28,,,0,28,,69081,28,,,0,29,,69080,28,,,0,71,,69083,28,,,0,28,,69078,28,,,0,68,,69101,28,,,0,30,,69079,28,,,0,67,,69084,28,,,0,30,,69077,28,,,0,70,,69090,28,,,0,32,,69100,28,,,0,69,,69092,28,,,0,32,,69088,28,,,0,71,,69091,28,,,0,74,,69093,28,,,0,31,,69089,28,,,0,71,,69087,28,,,0,30,,69104,28,,,0,72,,69094,28,,,0,28,,69099,28,,,0,68,,69095,28,,,0,32,,69102,28,,,0,71,,69098,28,,,0,48,,69103,28,0,5 49,0
2201,'5015',725,,69115,28,,,0,79,,69126,28,,,0,28,,69111,28,,,0,69,,69105,28,,,0,30,,69114,28,,,0,70,,69127,28,,,0,28,,69110,28,,,0,29,,69109,28,,,0,71,,69112,28,,,0,28,,69107,28,,,0,68,,69131,28,,,0,30,,69108,28,,,0,67,,69113,28,,,0,30,,69106,28,,,0,70,,69119,28,,,0,32,,69130,28,,,0,69,,69121,28,,,0,32,,69117,28,,,0,71,,69120,28,,,0,74,,69122,28,,,0,31,,69118,28,,,0,71,,69116,28,,,0,30,,69124,28,,,0,72,,69123,28,,,0,28,,69129,28,,,0,68,,69125,28,,,0,32,,69132,28,,,0,71,,69128,28,,,0,48,,69133,28,0,5 49,0
2201,'5078',754,,56891,28,,,0,80,,56892,28,,,0,69,,56884,28,,,0,27,,56885,28,,,0,70,,56894,28,,,0,29,,56893,28,,,0,29,,56883,28,,,0,70,,56887,28,,,0,30,,56888,28,,,0,70,,56886,28,,,0,28,,56890,28,,,0,69,,56889,28,,,0,30,,56896,28,,,0,70,,56897,28,,,0,31,,56895,28,,,0,70,,56899,28,,,0,75,,56898,28,,,0,30,,56901,28,,,0,70,,56900,28,,,0,30,,56902,28,,,0,72,,56903,28,,,0,30,,56904,28,,,0,91,,56905,28,0,5,0,102,,56906,28,0,5,0,110,,56907,28,0,5,0
2201,'5222',609,,69136,36,,,0,27,,69138,36,,,0,90,,69139,28,,,0,27,,69137,42,,,0,73,,69140,42,,,0,31,,69142,42,,,0,98,,69141,42,,,0,68,,69143,42,,,0,30,,69144,42,,,0,99,,69134,42,,,0,69,,69146,28,,,0,29,,69147,28,,,0,100,,69145,28,,,0,71,,69135,28,,,0,102,,69148,28,,,0,32,,69149,28,,,0,69,,69150,28,,,0,103,,69151,28,,,0,76,,69152,28,,,0,97,,69153,28,,,0,30,,69154,28,,,0,103,,69156,28,,,0,72,,69155,28,,,0,48,,69157,28,0,5 49,0
2201,'5365',754,,69166,28,,,0,80,,69167,28,,,0,69,,69159,28,,,0,27,,69160,28,,,0,70,,69169,28,,,0,29,,69168,28,,,0,29,,69158,28,,,0,70,,69162,28,,,0,30,,69163,28,,,0,70,,69161,28,,,0,28,,69165,28,,,0,69,,69164,28,,,0,30,,69171,28,,,0,70,,69172,28,,,0,31,,69170,28,,,0,70,,69174,28,,,0,75,,69173,28,,,0,30,,69176,28,,,0,70,,69175,28,,,0,30,,69177,28,,,0,72,,69178,28,,,0,30,,69179,28,,,0,91,,69180,28,0,5,0,102,,69181,28,0,5,0,110,,69182,28,0,5,0
2201,'5390',754,,69191,28,,,0,80,,69192,28,,,0,69,,69184,28,,,0,27,,69185,28,,,0,70,,69194,28,,,0,29,,69193,28,,,0,29,,69183,28,,,0,70,,69187,28,,,0,30,,69188,28,,,0,70,,69186,28,,,0,28,,69190,28,,,0,69,,69189,28,,,0,30,,69196,28,,,0,70,,69197,28,,,0,31,,69195,28,,,0,70,,69199,28,,,0,75,,69198,28,,,0,30,,69201,28,,,0,70,,69200,28,,,0,30,,69202,28,,,0,72,,69203,28,,,0,30,,69204,28,,,0,91,,69205,28,0,5,0,102,,69206,28,0,5,0,110,,69207,28,0,5,0
2600,'4623',558,,69639,18,,,0,69,,69635,18,,,0,22,,69634,18,,,0,55,,69626,18,,,0,14,,69628,18,,,0,15,,69645,18,,,0,15,,69622,18,,,0,55,,69624,18,,,0,15,,69623,18,,,0,15,,69621,18,,,0,16,,69630,18,,,0,55,,69615,18,,,0,16,,69619,18,,,0,15,,69638,18,,,0,15,,69613,18,,,0,55,,69616,18,,,0,15,,69604,18,,,0,15,,69609,18,,,0,15,,69627,18,,,0,55,,69620,18,,,0,15,,69599,18,,,0,15,,69644,18,,,0,15,,69601,18,,,0,55,,69600,18,,,0,15,,69603,18,,,0,15,,69598,18,,,0,15,,69632,18,,,0,55,,69610,18,,,0,15,,69597,18,,,0,15,,69643,18,,,0,15,,69592,18,,,0,55,,69596,18,,,0,14,,69606,18,,,0,15,,69588,18,,,0,15,,69629,18,,,0,55,,69612,18,,,0,16,,69586,18,,,0,14,,69587,18,,,0,16,,69637,18,,,0,53,,69595,18,,,0,17,,69585,18,,,0,14,,69607,18,,,0,14,,69583,18,,,0,54,,69633,18,,,0,12,,69618,18,,,0,15,,69584,18,,,0,14,,69582,18,,,0,13,,69642,18,,,0,54,,69591,18,,,0,15,,69581,18,,,0,15,,69608,18,,,0,15,,69580,18,,,0,54,,69625,18,,,0,15,,69614,18,,,0,20,,69641,18,,,0,59,,69593,18,,,0,21,,69602,18,,,0,20,,69579,18,,,0,60,,69611,18,,,0,20,,69640,18,,,0,22,,69594,18,,,0,72,,69605,18,,,0,30,,69636,18,,,0,70,,69589,18,,,0,29,,69631,18,,,0,71,,69617,18,,,0,30,,69590,18,,,0,100,,69578,18,,,0
2600,'4833',642,,69647,18,,,0,71,,69648,18,,,0,30,,69649,18,,,0,58,,69650,18,,,0,17,,69651,18,,,0,17,,69652,18,,,0,17,,69653,18,,,0,58,,69654,18,,,0,17,,69655,18,,,0,17,,69656,18,,,0,57,,69657,18,,,0,17,,69658,18,,,0,17,,69659,18,,,0,17,,69660,18,,,0,58,,69661,18,,,0,17,,69646,18,,,0,18,,69662,18,,,0,59,,69663,18,,,0,17,,69664,18,,,0,17,,69665,18,,,0,17,,69666,18,,,0,57,,69667,18,,,0,17,,69668,18,,,0,17,,69669,18,,,0,58,,69670,18,,,0,16,,69671,18,,,0,16,,69672,18,,,0,18,,69673,18,,,0,57,,69674,18,,,0,17,,69675,18,,,0,17,,69676,18,,,0,56,,69677,18,,,0,16,,69678,18,,,0,15,,69679,18,,,0,15,,69680,18,,,0,56,,69681,18,,,0,16,,69682,18,,,0,17,,69683,18,,,0,16,,69684,18,,,0,57,,69685,18,,,0,17,,69686,18,,,0,20,,69687,18,,,0,59,,69688,18,,,0,20,,69689,18,,,0,20,,69690,18,,,0,60,,69691,18,,,0,19,,69692,18,,,0,20,,69693,18,,,0,60,,69694,18,,,0,20,,69695,18,,,0,25,,69696,18,,,0,70,,69697,18,,,0,30,,69698,18,,,0,70,,69699,18,,,0,30,,69700,18,,,0,70,,69701,18,,,0,30,,69702,18,,,0
2600,'5015',642,,69704,18,,,0,71,,69705,18,,,0,30,,69706,18,,,0,58,,69707,18,,,0,17,,69708,18,,,0,17,,69709,18,,,0,17,,69710,18,,,0,58,,69711,18,,,0,17,,69712,18,,,0,17,,69713,18,,,0,57,,69714,18,,,0,17,,69715,18,,,0,17,,69716,18,,,0,17,,69717,18,,,0,58,,69718,18,,,0,17,,69703,18,,,0,18,,69719,18,,,0,59,,69720,18,,,0,17,,69721,18,,,0,17,,69722,18,,,0,17,,69723,18,,,0,57,,69724,18,,,0,17,,69725,18,,,0,17,,69726,18,,,0,58,,69727,18,,,0,16,,69728,18,,,0,16,,69729,18,,,0,18,,69730,18,,,0,57,,69731,18,,,0,17,,69732,18,,,0,17,,69733,18,,,0,56,,69734,18,,,0,16,,69735,18,,,0,15,,69736,18,,,0,15,,69737,18,,,0,56,,69738,18,,,0,16,,69739,18,,,0,17,,69740,18,,,0,16,,69741,18,,,0,57,,69742,18,,,0,17,,69743,18,,,0,20,,69744,18,,,0,59,,69745,18,,,0,20,,69746,18,,,0,20,,69747,18,,,0,60,,69748,18,,,0,19,,69749,18,,,0,20,,69750,18,,,0,60,,69751,18,,,0,20,,69752,18,,,0,25,,69753,18,,,0,70,,69754,18,,,0,30,,69755,18,,,0,70,,69756,18,,,0,30,,69757,18,,,0,70,,69758,18,,,0,30,,69759,18,,,0,101,,69760,18,,,0
2600,'5078',705,,57349,18,,,0,27,,57357,18,,,0,21,,57339,18,,,0,63,,57333,18,,,0,23,,57351,18,,,0,61,,57358,18,,,0,27,,57340,18,,,0,23,,57334,18,,,0,60,,57352,18,,,0,24,,57343,18,,,0,20,,57335,18,,,0,58,,57341,18,,,0,18,,57337,18,,,0,19,,57350,18,,,0,59,,57338,18,,,0,19,,57355,18,,,0,18,,57336,18,,,0,58,,57353,18,,,0,18,,57345,18,,,0,18,,57348,18,,,0,20,,57346,18,,,0,58,,57356,18,,,0,18,,57342,18,,,0,18,,57354,18,,,0,58,,57344,18,,,0,17,,57347,18,,,0,18,,57363,18,,,0,58,,57367,18,,,0,17,,57360,18,,,0,18,,57369,18,,,0,18,,57362,18,,,0,58,,57365,18,,,0,17,,57361,18,,,0,17,,57370,18,,,0,56,,57359,18,,,0,20,,57368,18,,,0,19,,57364,18,,,0,59,,57366,18,,,0,19,,57374,18,,,0,20,,57372,18,,,0,59,,57376,18,,,0,20,,57373,18,,,0,20,,57375,18,,,0,60,,57377,18,,,0,20,,57371,18,,,0,30,,57379,18,,,0,68,,57378,18,,,0,30,,57380,18,,,0,70,,57381,18,,,0
2600,'5222',558,,69821,18,,,0,69,,69817,18,,,0,22,,69816,18,,,0,55,,69808,18,,,0,14,,69810,18,,,0,15,,69827,18,,,0,15,,69804,18,,,0,55,,69806,18,,,0,15,,69805,18,,,0,15,,69803,18,,,0,16,,69812,18,,,0,55,,69797,18,,,0,16,,69801,18,,,0,15,,69820,18,,,0,15,,69795,18,,,0,55,,69798,18,,,0,15,,69786,18,,,0,15,,69791,18,,,0,15,,69809,18,,,0,55,,69802,18,,,0,15,,69781,18,,,0,15,,69826,18,,,0,15,,69783,18,,,0,55,,69782,18,,,0,15,,69785,18,,,0,15,,69780,18,,,0,15,,69814,18,,,0,55,,69792,18,,,0,15,,69779,18,,,0,15,,69825,18,,,0,15,,69774,18,,,0,55,,69778,18,,,0,14,,69788,18,,,0,15,,69770,18,,,0,15,,69811,18,,,0,55,,69794,18,,,0,16,,69768,18,,,0,14,,69769,18,,,0,16,,69819,18,,,0,53,,69777,18,,,0,17,,69767,18,,,0,14,,69789,18,,,0,14,,69765,18,,,0,54,,69815,18,,,0,12,,69800,18,,,0,15,,69766,18,,,0,14,,69764,18,,,0,13,,69824,18,,,0,54,,69773,18,,,0,15,,69763,18,,,0,15,,69790,18,,,0,15,,69762,18,,,0,54,,69807,18,,,0,15,,69796,18,,,0,20,,69823,18,,,0,59,,69775,18,,,0,21,,69784,18,,,0,20,,69761,18,,,0,60,,69793,18,,,0,20,,69822,18,,,0,22,,69776,18,,,0,72,,69787,18,,,0,30,,69818,18,,,0,70,,69771,18,,,0,29,,69813,18,,,0,71,,69799,18,,,0,30,,69772,18,,,0
2600,'5365',705,,69844,18,,,0,27,,69852,18,,,0,21,,69834,18,,,0,63,,69828,18,,,0,23,,69846,18,,,0,61,,69853,18,,,0,27,,69835,18,,,0,23,,69829,18,,,0,60,,69847,18,,,0,24,,69838,18,,,0,20,,69830,18,,,0,58,,69836,18,,,0,18,,69832,18,,,0,19,,69845,18,,,0,59,,69833,18,,,0,19,,69850,18,,,0,18,,69831,18,,,0,58,,69848,18,,,0,18,,69840,18,,,0,18,,69843,18,,,0,20,,69841,18,,,0,58,,69851,18,,,0,18,,69837,18,,,0,18,,69849,18,,,0,58,,69839,18,,,0,17,,69842,18,,,0,18,,69858,18,,,0,58,,69862,18,,,0,17,,69855,18,,,0,18,,69864,18,,,0,18,,69857,18,,,0,58,,69860,18,,,0,17,,69856,18,,,0,17,,69865,18,,,0,56,,69854,18,,,0,20,,69863,18,,,0,19,,69859,18,,,0,59,,69861,18,,,0,19,,69869,18,,,0,20,,69867,18,,,0,59,,69871,18,,,0,20,,69868,18,,,0,20,,69870,18,,,0,60,,69872,18,,,0,20,,69866,18,,,0,30,,69874,18,,,0,68,,69873,18,,,0,30,,69875,18,,,0,70,,69876,18,,,0
2600,'5390',705,,69893,18,,,0,27,,69901,18,,,0,21,,69883,18,,,0,63,,69877,18,,,0,23,,69895,18,,,0,61,,69902,18,,,0,27,,69884,18,,,0,23,,69878,18,,,0,60,,69896,18,,,0,24,,69887,18,,,0,20,,69879,18,,,0,58,,69885,18,,,0,18,,69881,18,,,0,19,,69894,18,,,0,59,,69882,18,,,0,19,,69899,18,,,0,18,,69880,18,,,0,58,,69897,18,,,0,18,,69889,18,,,0,18,,69892,18,,,0,20,,69890,18,,,0,58,,69900,18,,,0,18,,69886,18,,,0,18,,69898,18,,,0,58,,69888,18,,,0,17,,69891,18,,,0,18,,69907,18,,,0,58,,69911,18,,,0,17,,69904,18,,,0,18,,69913,18,,,0,18,,69906,18,,,0,58,,69909,18,,,0,17,,69905,18,,,0,17,,69914,18,,,0,56,,69903,18,,,0,20,,69912,18,,,0,19,,69908,18,,,0,59,,69910,18,,,0,19,,69918,18,,,0,20,,69916,18,,,0,59,,69920,18,,,0,20,,69917,18,,,0,20,,69919,18,,,0,60,,69921,18,,,0,20,,69915,18,,,0,30,,69923,18,,,0,68,,69922,18,,,0,30,,69924,18,,,0,70,,69925,18,,,0
1002201,'4623',707,,77489,30,,,0,218,,77490,30,,,0,198,,77492,30,,,0,197,,77493,16,,,0,133,,77494,16,,,0,201,,77491,16,,,0,175,,77495,16,,,0,173,,77496,16,,,0
1002201,'5222',707,,77497,30,,,0,218,,77498,30,,,0,198,,77500,30,,,0,197,,77501,16,,,0,133,,77502,16,,,0,201,,77499,16,,,0,175,,77503,16,,,0,173,,77504,16,,,0
