301,'4487',732,,14926,,,0,68,,14927,,,0,34,,14924,,,0,67,,14935,,,0,34,,14928,,,0,68,,14923,,,0,34,,14934,,,0,68,,14925,,,0,32,,14922,,,0,68,,14932,,,0,32,,14931,,,0,69,,14929,,,0,32,,14933,,,0,69,,14936,,,0,33,,14930,,,0,72,,14937,,,0,32,,14938,,,0,78,,14941,,,0,26,,14940,,,0,73,,14942,,,0,32,,14939,,,0,71,,14943,,,0,28,,14946,,,0,66,,14947,,,0,32,,14945,,,0,67,,14944,,,0,32,,14949,,,0,67,,14948,,,0
301,'4743',732,,10890,,,0,68,,10891,,,0,34,,10888,,,0,67,,10899,,,0,34,,10892,,,0,68,,10887,,,0,34,,10898,,,0,68,,10889,,,0,32,,10886,,,0,68,,10896,,,0,32,,10895,,,0,69,,10893,,,0,32,,10897,,,0,69,,10900,,,0,33,,10894,,,0,72,,10901,,,0,32,,10902,,,0,78,,10905,,,0,26,,10904,,,0,73,,10906,,,0,32,,10903,,,0,71,,10907,,,0,28,,10910,,,0,66,,10911,,,0,32,,10909,,,0,67,,10908,,,0,32,,10913,,,0,67,,10912,,,0
301,'4744',614,,14978,,,0,40,,14976,,,0,74,,14975,,,0,81,,14977,,,0,41,,14974,,,0,76,,14967,,,0,74,,14966,,,0,31,,14965,,,0,72,,14968,,,0,28,,14963,,,0,73,,14964,,,0,29,,14970,,,0,77,,14962,,,0,28,,14961,,,0,70,,14969,,,0,35,,14960,,,0,72,,14959,,,0,36,,14971,,,0,74,,14958,,,0,75,,14957,,,0,33,,14973,,,0,70,,14956,,,0,32,,14955,,,0,66,,14972,,,0,26,,14954,,,0,73,,14953,,,0,22,,14951,,,0,26,,14952,,,0,68,,14950,,,0
301,'4745',748,,15002,,,0,84,,14999,,,0,83,,15001,,,0,42,,14998,,,0,79,,15000,,,0,77,,14991,,,0,24,,14996,,,0,67,,14995,,,0,33,,14992,,,0,68,,14997,,,0,33,,14994,,,0,68,,14980,,,0,32,,14979,,,0,75,,14983,,,0,30,,14981,,,0,73,,14990,,,0,32,,14985,,,0,67,,14986,,,0,31,,14987,,,0,67,,14984,,,0,32,,14982,,,0,67,,14989,,,0,32,,14988,,,0,71,,14993,,,0
301,'4935',614,,407,,,0,40,,405,,,0,74,,404,,,0,81,,406,,,0,41,,403,,,0,76,,396,,,0,74,,395,,,0,31,,394,,,0,72,,397,,,0,28,,392,,,0,73,,393,,,0,29,,399,,,0,77,,391,,,0,28,,390,,,0,70,,398,,,0,35,,389,,,0,72,,388,,,0,36,,400,,,0,74,,387,,,0,75,,386,,,0,33,,402,,,0,70,,385,,,0,32,,384,,,0,66,,401,,,0,26,,383,,,0,73,,382,,,0,22,,380,,,0,26,,381,,,0,68,,379,,,0
301,'4941',614,,436,,,0,40,,434,,,0,74,,433,,,0,81,,435,,,0,41,,432,,,0,76,,425,,,0,74,,424,,,0,31,,423,,,0,72,,426,,,0,28,,421,,,0,73,,422,,,0,29,,428,,,0,77,,420,,,0,28,,419,,,0,70,,427,,,0,35,,418,,,0,72,,417,,,0,36,,429,,,0,74,,416,,,0,75,,415,,,0,33,,431,,,0,70,,414,,,0,32,,413,,,0,66,,430,,,0,26,,412,,,0,73,,411,,,0,22,,409,,,0,26,,410,,,0,68,,408,,,0
301,'4943',732,,441,,,0,68,,442,,,0,34,,439,,,0,67,,450,,,0,34,,443,,,0,68,,438,,,0,34,,449,,,0,68,,440,,,0,32,,437,,,0,68,,447,,,0,32,,446,,,0,69,,444,,,0,32,,448,,,0,69,,451,,,0,33,,445,,,0,72,,452,,,0,32,,453,,,0,78,,456,,,0,26,,455,,,0,73,,457,,,0,32,,454,,,0,71,,458,,,0,28,,461,,,0,66,,462,,,0,32,,460,,,0,67,,459,,,0,32,,464,,,0,67,,463,,,0
301,'4945',748,,488,,,0,84,,485,,,0,83,,487,,,0,42,,484,,,0,79,,486,,,0,77,,477,,,0,24,,482,,,0,67,,481,,,0,33,,478,,,0,68,,483,,,0,33,,480,,,0,68,,466,,,0,32,,465,,,0,75,,469,,,0,30,,467,,,0,73,,476,,,0,32,,471,,,0,67,,472,,,0,31,,473,,,0,67,,470,,,0,32,,468,,,0,67,,475,,,0,32,,474,,,0,71,,479,,,0
301,'4947',614,,15031,,,0,40,,15029,,,0,74,,15028,,,0,81,,15030,,,0,41,,15027,,,0,76,,15020,,,0,74,,15019,,,0,31,,15018,,,0,72,,15021,,,0,28,,15016,,,0,73,,15017,,,0,29,,15023,,,0,77,,15015,,,0,28,,15014,,,0,70,,15022,,,0,35,,15013,,,0,72,,15012,,,0,36,,15024,,,0,74,,15011,,,0,75,,15010,,,0,33,,15026,,,0,70,,15009,,,0,32,,15008,,,0,66,,15025,,,0,26,,15007,,,0,73,,15006,,,0,22,,15004,,,0,26,,15005,,,0,68,,15003,,,0
301,'4952',614,,15060,,,0,40,,15058,,,0,74,,15057,,,0,81,,15059,,,0,41,,15056,,,0,76,,15049,,,0,74,,15048,,,0,31,,15047,,,0,72,,15050,,,0,28,,15045,,,0,73,,15046,,,0,29,,15052,,,0,77,,15044,,,0,28,,15043,,,0,70,,15051,,,0,35,,15042,,,0,72,,15041,,,0,36,,15053,,,0,74,,15040,,,0,75,,15039,,,0,33,,15055,,,0,70,,15038,,,0,32,,15037,,,0,66,,15054,,,0,26,,15036,,,0,73,,15035,,,0,22,,15033,,,0,26,,15034,,,0,68,,15032,,,0
301,'4953',732,,15065,,,0,68,,15066,,,0,34,,15063,,,0,67,,15074,,,0,34,,15067,,,0,68,,15062,,,0,34,,15073,,,0,68,,15064,,,0,32,,15061,,,0,68,,15071,,,0,32,,15070,,,0,69,,15068,,,0,32,,15072,,,0,69,,15075,,,0,33,,15069,,,0,72,,15076,,,0,32,,15077,,,0,78,,15080,,,0,26,,15079,,,0,73,,15081,,,0,32,,15078,,,0,71,,15082,,,0,28,,15085,,,0,66,,15086,,,0,32,,15084,,,0,67,,15083,,,0,32,,15088,,,0,67,,15087,,,0
301,'4954',748,,15112,,,0,84,,15109,,,0,83,,15111,,,0,42,,15108,,,0,79,,15110,,,0,77,,15101,,,0,24,,15106,,,0,67,,15105,,,0,33,,15102,,,0,68,,15107,,,0,33,,15104,,,0,68,,15090,,,0,32,,15089,,,0,75,,15093,,,0,30,,15091,,,0,73,,15100,,,0,32,,15095,,,0,67,,15096,,,0,31,,15097,,,0,67,,15094,,,0,32,,15092,,,0,67,,15099,,,0,32,,15098,,,0,71,,15103,,,0
