2801,'4663',548,,58320,5,,,0,66,,58325,5,,,0,24,,58321,5,,,0,62,,58323,5,,,0,11,,58324,5,,,0,12,,58343,5,,,0,13,,58322,5,,,0,12,,58356,5,,,0,11,,58326,5,,,0,53,,58339,5,,,0,12,,58328,5,,,0,22,,58327,5,,,0,60,,58330,5,,,0,24,,58369,5,,,0,23,,58329,5,,,0,66,,58331,5,,,0,26,,58344,5,,,0,66,,58354,5,,,0,27,,58335,5,,,0,67,,58332,5,,,0,24,,58333,5,,,0,27,,58334,5,,,0,66,,58337,5,,,0,27,,58342,5,,,0,67,,58355,5,,,0,24,,58338,5,,,0,64,,58336,5,,,0,22,,58362,5,,,0,75,,58340,5,,,0,32,,58341,5,,,0,72,,58363,5,,,0,31,,58357,5,,,0,69,,58364,5,0,31 49,0,30,,58345,5,0,31 49,0,16,,58365,5,0,31 49,0,57,,58347,5,,,0,22,,58346,5,,,0,25,,58348,5,,,0,67,,58349,5,,,0,29,,58350,5,,,0,68,,58351,5,,,0,29,,58352,5,,,0,69,,58353,5,,,0,30,,58359,5,,,0,79,,58360,5,,,0,78,,58358,5,,,0,40,,58361,5,,,0,80,,58366,5,,,0,79,,58368,5,0,16 49,0,39,,58367,5,0,16 49,0
2801,'5372',548,,43168,5,,,0,66,,58371,5,,,0,24,,43169,5,,,0,62,,43171,5,,,0,11,,43172,5,,,0,12,,43190,5,,,0,13,,58370,5,,,0,12,,43203,5,,,0,11,,43174,5,,,0,53,,43187,5,,,0,12,,43176,5,,,0,22,,43175,5,,,0,60,,58372,5,,,0,24,,43213,5,,,0,23,,43177,5,,,0,66,,43179,5,,,0,26,,58375,5,,,0,66,,43201,5,,,0,27,,43183,5,,,0,67,,58373,5,,,0,24,,43181,5,,,0,27,,43182,5,,,0,66,,43185,5,,,0,27,,58374,5,,,0,67,,43202,5,,,0,24,,43186,5,,,0,64,,43184,5,,,0,22,,58376,5,,,0,75,,43188,5,,,0,104,,43210,5,,,0,31,,43204,5,,,0,69,,43211,5,0,31 49,0,30,,43192,5,0,31 49,0,16,,58377,5,0,31 49,0,57,,43194,5,,,0,22,,43193,5,,,0,25,,43195,5,,,0,67,,43196,5,,,0,29,,43197,5,,,0,68,,43198,5,,,0,29,,43199,5,,,0,69,,43200,5,,,0,30,,43206,5,,,0,79,,43207,5,,,0,78,,43205,5,,,0,40,,43208,5,,,0
2801,'5373',1633,,43314,5,,,0
2801,'5377',622,,43316,5,,,0,96,,43317,5,,,0,30,,43318,5,,,0,70,,43319,5,,,0,30,,43315,5,,,0,70,,43320,5,,,0,31,,43321,5,,,0,67,,43322,5,,,0,27,,43323,5,,,0,67,,43324,5,,,0,26,,43325,5,,,0,65,,43326,5,,,0,24,,43327,5,,,0,23,,43328,5,,,0,63,,43329,5,,,0,23,,43330,5,,,0,24,,43331,5,,,0,63,,43332,5,,,0,23,,43333,5,,,0,62,,43334,5,,,0,23,,43335,5,,,0,23,,43336,5,,,0,63,,43337,5,,,0,23,,43338,5,,,0,63,,43339,5,,,0,23,,43340,5,,,0,23,,43341,5,,,0,63,,43342,5,,,0,24,,43343,5,,,0,25,,43344,5,,,0,65,,43345,5,,,0,26,,43346,5,,,0,69,,43347,5,,,0,29,,43348,5,,,0,70,,43349,5,,,0,31,,43350,5,,,0,80,,43351,5,,,0,80,,43352,5,,,0,45,,43353,5,,,0
2801,'5381',1633,,43264,5,,,0
2801,'5383',643,,58379,5,,,0,73,,58380,5,,,0,30,,58381,5,,,0,69,,58382,5,,,0,28,,58383,5,,,0,67,,58384,5,,,0,27,,58385,5,,,0,66,,58386,5,,,0,27,,58378,5,,,0,23,,58387,5,,,0,62,,58388,5,,,0,23,,58389,5,,,0,62,,58390,5,,,0,23,,58391,5,,,0,22,,58393,5,,,0,62,,58392,5,,,0,23,,58394,5,,,0,24,,58395,5,,,0,62,,58396,5,,,0,22,,58399,5,,,0,20,,58400,5,,,0,61,,58397,5,,,0,21,,58398,5,,,0,61,,58401,5,,,0,20,,58402,5,,,0,20,,58403,5,,,0,61,,58404,5,,,0,19,,58405,5,,,0,21,,58406,5,,,0,60,,58407,5,,,0,20,,58408,5,,,0,20,,58409,5,,,0,59,,58410,5,,,0,23,,58411,5,,,0,26,,58412,5,,,0,68,,58413,5,,,0,30,,58414,5,,,0,70,,58415,5,,,0,29,,58416,5,,,0,70,,58417,5,,,0,31,,58418,5,,,0,73,,58419,5,,,0,30,,58420,5,,,0,69,,58421,5,,,0,30,,58422,5,,,0,70,,58423,5,,,0,27,,58424,5,,,0,70,,58425,5,0,16 49,0,29,,58426,5,0,16 49,0
2801,'5384',622,,58428,5,,,0,96,,58429,5,,,0,30,,58430,5,,,0,70,,58431,5,,,0,30,,58427,5,,,0,70,,58432,5,,,0,31,,58433,5,,,0,67,,58434,5,,,0,27,,58435,5,,,0,67,,58436,5,,,0,26,,58437,5,,,0,65,,58438,5,,,0,24,,58439,5,,,0,23,,58440,5,,,0,63,,58441,5,,,0,23,,58442,5,,,0,24,,58443,5,,,0,63,,58444,5,,,0,23,,58445,5,,,0,62,,58446,5,,,0,23,,58447,5,,,0,23,,58448,5,,,0,63,,58449,5,,,0,23,,58450,5,,,0,63,,58451,5,,,0,23,,58452,5,,,0,23,,58453,5,,,0,63,,58454,5,,,0,24,,58455,5,,,0,25,,58456,5,,,0,65,,58457,5,,,0,26,,58458,5,,,0,69,,58459,5,,,0,29,,58460,5,,,0,70,,58461,5,,,0,31,,58462,5,,,0,80,,58463,5,,,0,80,,58464,5,,,0,45,,58465,5,,,0
2801,'5385',548,,58466,5,,,0,66,,58471,5,,,0,24,,58467,5,,,0,62,,58469,5,,,0,11,,58470,5,,,0,12,,58488,5,,,0,13,,58468,5,,,0,12,,58501,5,,,0,11,,58472,5,,,0,53,,58485,5,,,0,12,,58474,5,,,0,22,,58473,5,,,0,60,,58476,5,,,0,24,,58511,5,,,0,23,,58475,5,,,0,66,,58477,5,,,0,26,,58489,5,,,0,66,,58499,5,,,0,27,,58481,5,,,0,67,,58478,5,,,0,24,,58479,5,,,0,27,,58480,5,,,0,66,,58483,5,,,0,27,,58487,5,,,0,67,,58500,5,,,0,24,,58484,5,,,0,64,,58482,5,,,0,22,,58507,5,,,0,75,,58486,5,,,0,104,,58508,5,,,0,31,,58502,5,,,0,69,,58509,5,0,31 49,0,30,,58490,5,0,31 49,0,16,,58510,5,0,31 49,0,57,,58492,5,,,0,22,,58491,5,,,0,25,,58493,5,,,0,67,,58494,5,,,0,29,,58495,5,,,0,68,,58496,5,,,0,29,,58497,5,,,0,69,,58498,5,,,0,30,,58504,5,,,0,79,,58505,5,,,0,78,,58503,5,,,0,40,,58506,5,,,0
2801,'5387',1633,,58512,5,,,0
2801,'5388',1633,,58513,5,,,0
