4701,'4737',1700,,30329,32,,,0,30,,30330,32,,,0,27,,30331,32,,,0
4701,'4744',1700,,30332,32,,,0,30,,30333,32,,,0,27,,30334,32,,,0
4701,'5066',1700,,30335,32,,,0,30,,30336,32,,,0,27,,30337,32,,,0
4900,'4487',820,,30361,11,,,0,211,,30362,11,,,0,201,,30357,11,,,0,210,,30358,11,,,0,210,,30359,11,,,0,194,,30360,11,,,0,267,,30356,11,,,0
4900,'4737',723,,30365,11,,,0,100,,30367,11,,,0,133,,30364,11,,,0,200,,30366,11,,,0,166,,30368,11,,,0,181,,30369,11,,,0,106,,30370,11,,,0,95,,30363,11,,,0,107,,30371,11,,,0,195,,30372,11,,,0,208,,30373,11,,,0
4900,'4744',723,,30376,11,,,0,100,,30378,11,,,0,133,,30375,11,,,0,200,,30377,11,,,0,166,,30379,11,,,0,181,,30380,11,,,0,106,,30381,11,,,0,95,,30374,11,,,0,107,,30382,11,,,0,195,,30383,11,,,0,208,,30384,11,,,0
4900,'4745',820,,30386,11,,,0,210,,30385,11,,,0,201,,30387,11,,,0,210,,30388,11,,,0,210,,30390,11,,,0,194,,30391,11,,,0,268,,30389,11,,,0
4900,'5066',723,,30394,11,,,0,100,,30396,11,,,0,133,,30393,11,,,0,200,,30395,11,,,0,166,,30397,11,,,0,181,,30398,11,,,0,106,,30399,11,,,0,95,,30392,11,,,0,107,,30400,11,,,0,195,,30401,11,,,0,208,,30402,11,,,0
4900,'5070',820,,30408,11,,,0,211,,30409,11,,,0,201,,30404,11,,,0,210,,30405,11,,,0,210,,30406,11,,,0,194,,30407,11,,,0,267,,30403,11,,,0
4900,'5072',820,,30411,11,,,0,210,,30410,11,,,0,201,,30412,11,,,0,210,,30413,11,,,0,210,,30415,11,,,0,194,,30416,11,,,0,268,,30414,11,,,0
