4801,'4661',1711,,59635,43,,,0,27,,59636,43,,,0,71,,59637,43,,,0
4801,'4663',1711,,59629,43,,,0,27,,59630,43,,,0,71,,59631,43,,,0
5201,'4332',653,,59895,21,,,0,71,,59905,21,,,0,30,,59903,21,,,0,71,,59886,21,,,0,30,,59893,21,,,0,70,,59912,21,,,0,30,,59890,21,,,0,71,,59887,21,,,0,30,,59894,21,,,0,70,,59913,21,,,0,30,,59891,21,,,0,71,,59888,21,,,0,75,,59897,21,,,0,30,,59915,21,,,0,75,,59892,21,,,0,35,,59902,21,,,0,75,,59896,21,,,0,30,,59914,21,,,0,70,,59889,21,,,0,30,,59900,21,,,0,65,,59908,21,,,0,25,,59899,21,,,0,64,,59904,21,,,0,25,,59901,21,,,0,30,,59898,21,,,0,69,,59911,21,,,0,32,,59906,21,,,0,70,,59910,21,,,0,30,,59907,21,,,0,65,,59909,21,0,38 3 39 49,0,30,,59916,21,,,0,103,,59917,21,,,0,100,,59918,21,,,0
5201,'4661',512,,59949,21,,,0,35,,59946,21,,,0,78,,59953,21,,,0,78,,59948,21,,,0,26,,59959,21,,,0,28,,59947,21,,,0,73,,59965,21,,,0,24,,59954,21,,,0,75,,59950,21,,,0,75,,59951,21,,,0,29,,59963,21,,,0,70,,59955,21,,,0,28,,59952,21,,,0,75,,59956,21,,,0,34,,59964,21,,,0,70,,59957,21,,,0,30,,59958,21,,,0,70,,59978,21,,,0,29,,59960,21,,,0,20,,59984,21,0,38 3 39 49,0,50,,59966,21,,,0,23,,59983,6,0,30 14,0,4,,59961,21,,,0,73,,59962,21,,,0,39,,59979,21,,,0,62,,59967,21,,,0,25,,59968,21,,,0,22,,59969,21,,,0,70,,59970,21,,,0,29,,59980,21,,,0,70,,59971,21,,,0,33,,59972,21,,,0,69,,59974,21,,,0,28,,59982,21,,,0,66,,59975,21,0,38 3 39 49,0,35,,59976,21,,,0,98,,59981,21,,,0,99,,59977,21,,,0
5201,'4663',512,,59850,21,,,0,35,,59847,21,,,0,78,,59854,21,,,0,78,,59849,21,,,0,26,,59860,21,,,0,28,,59848,21,,,0,73,,59866,21,,,0,24,,59855,21,,,0,75,,59851,21,,,0,75,,59852,21,,,0,29,,59864,21,,,0,70,,59856,21,,,0,28,,59853,21,,,0,75,,59857,21,,,0,34,,59865,21,,,0,70,,59858,21,,,0,30,,59859,21,,,0,70,,59879,21,,,0,24,,59884,6,0,30 14,0,5,,59861,21,,,0,20,,59885,21,0,38 3 39 49,0,50,,59867,21,,,0,27,,59862,21,,,0,73,,59863,21,,,0,39,,59880,21,,,0,62,,59868,21,,,0,25,,59869,21,,,0,22,,59870,21,,,0,70,,59871,21,,,0,29,,59881,21,,,0,70,,59872,21,,,0,33,,59873,21,,,0,69,,59875,21,,,0,28,,59883,21,,,0,66,,59876,21,0,38 3 39 49,0,35,,59877,21,,,0,98,,59882,21,,,0,99,,59878,21,,,0
5201,'5078',724,,59924,21,,,0,30,,59940,21,,,0,70,,59932,21,,,0,31,,59920,21,,,0,70,,59927,21,,,0,30,,59934,21,,,0,71,,59929,21,,,0,30,,59921,21,,,0,70,,59926,21,,,0,30,,59935,21,,,0,70,,59931,21,,,0,75,,59919,21,,,0,30,,59925,21,,,0,75,,59938,21,,,0,35,,59930,21,,,0,75,,59945,21,,,0,30,,59923,21,,,0,70,,59937,21,,,0,30,,59928,21,,,0,70,,59933,21,,,0,30,,59922,21,,,0,70,,59936,21,,,0,39,,59939,21,,,0,100,,59941,21,,,0,100,,59942,21,,,0,100,,59943,21,,,0,100,,59944,21,,,0
5900,'4332',744,,60522,6,,,0,101,,60521,6,,,0,101,,60520,6,,,0,101,,60519,6,,,0,105,,60518,6,,,0,106,,60517,6,,,0,146,,60516,6,,,0,105,,60515,6,,,0,104,,60514,6,,,0,105,,60510,6,,,0,105,,60511,6,,,0,104,,60512,6,,,0,103,,60513,6,,,0,107,,60509,6,,,0
5900,'4661',635,,60539,6,,,0,100,,60540,6,,,0,81,,60536,6,,,0,111,,60537,6,,,0,92,,60538,6,,,0,101,,60541,6,,,0,102,,60542,6,,,0,103,,60543,6,,,0,111,,60544,6,,,0,100,,60545,6,,,0,87,,60546,6,,,0,84,,60547,6,,,0,41,,60552,6,,,0,84,,60548,6,,,0,99,,60549,6,,,0,99,,60550,6,,,0,110,,60551,6,,,0
5900,'4663',635,,60495,6,,,0,100,,60496,6,,,0,81,,60492,6,,,0,111,,60493,6,,,0,92,,60494,6,,,0,101,,60497,6,,,0,102,,60498,6,,,0,103,,60499,6,,,0,111,,60500,6,,,0,100,,60501,6,,,0,87,,60502,6,,,0,84,,60503,6,,,0,41,,60508,6,,,0,84,,60504,6,,,0,99,,60505,6,,,0,99,,60506,6,,,0,110,,60507,6,,,0
5900,'5078',744,,60523,6,,,0,100,,60524,6,,,0,101,,60525,6,,,0,101,,60527,6,,,0,106,,60526,6,,,0,105,,60531,6,,,0,145,,60529,6,,,0,107,,60530,6,,,0,105,,60528,6,,,0,105,,60533,6,,,0,103,,60534,6,,,0,105,,60532,6,,,0,103,,60535,6,,,0
