2701,'4663',524,,57911,7,,,0,80,,57910,7,,,0,26,,57916,7,,,0,22,,57923,7,,,0,70,,57941,7,,,0,26,,57917,7,,,0,63,,57951,7,,,0,30,,57952,7,,,0,60,,57930,7,,,0,22,,57969,7,,,0,22,,57950,7,,,0,65,,57924,7,,,0,27,,57913,7,,,0,65,,57912,7,,,0,27,,57914,7,,,0,27,,57915,7,,,0,67,,57929,7,,,0,27,,57949,7,,,0,66,,57918,7,,,0,26,,57919,7,,,0,64,,57958,7,,,0,2,,57922,7,,,0,25,,57920,7,,,0,26,,57921,7,,,0,64,,57928,7,0,31 49,0,21,,57927,7,0,31 49,0,1,,57942,7,,,0,55,,57953,7,0,31 49,0,15,,57925,7,0,31 49,0,1,,57959,7,,,0,16,,57960,7,0,31 49,0,16,,57926,7,0,31 49,0,56,,57931,7,0,31 49,0,15,,57964,7,0,31 49,0,1,,57943,7,,,0,16,,57932,7,0,31 49,0,14,,57963,7,0,31 49,0,2,,57935,7,,,0,53,,57933,7,,,0,13,,57962,7,,,0,2,,57934,7,0,31 49,0,14,,57936,7,,,0,15,,57937,7,,,0,55,,57938,7,,,0,21,,57939,7,,,0,23,,57940,7,,,0,66,,57945,7,,,0,28,,57946,7,,,0,69,,57947,7,,,0,28,,57948,7,,,0,69,,57944,7,,,0,30,,57954,7,,,0,75,,57957,7,,,0,39,,57955,7,,,0,77,,57956,7,,,0,82,,57966,7,,,0,40,,57967,7,,,0,78,,57965,7,0,16 49,0,79,,57968,7,0,16 49,0
2701,'5372',524,,42696,7,,,0,80,,42695,7,,,0,26,,42701,7,,,0,22,,42708,7,,,0,70,,42725,7,,,0,26,,42702,7,,,0,63,,42734,7,,,0,30,,42735,7,,,0,60,,42715,7,,,0,22,,57976,7,,,0,22,,42733,7,,,0,65,,42709,7,,,0,27,,57970,7,,,0,65,,42697,7,,,0,27,,42699,7,,,0,27,,42700,7,,,0,67,,57974,7,,,0,27,,42732,7,,,0,66,,42703,7,,,0,26,,57971,7,,,0,66,,42707,7,,,0,25,,42705,7,,,0,26,,42706,7,,,0,64,,57973,7,0,31 49,0,7,,42745,7,,,0,14,,42712,7,0,31 49,0,1,,42726,7,,,0,55,,42736,7,0,31 49,0,15,,42710,7,0,31 49,0,1,,51681,7,,,0,16,,42741,7,0,31 49,0,16,,57972,7,0,31 49,0,56,,42716,7,0,31 49,0,15,,42744,7,0,31 49,0,1,,57975,7,,,0,16,,50190,7,0,31 49,0,14,,42743,7,0,31 49,0,2,,42720,7,,,0,53,,42718,7,,,0,15,,42719,7,0,31 49,0,14,,42721,7,,,0,15,,42722,7,,,0,55,,42723,7,,,0,21,,42724,7,,,0,89,,42729,7,,,0,28,,42730,7,,,0,97,,42731,7,,,0,69,,42728,7,,,0,105,,42739,7,,,0,39,,42737,7,,,0,77,,42738,7,,,0
2701,'5373',1818,,42864,7,,,0,130,,42861,7,,,0,163,,42862,7,,,0,127,,42863,7,,,0
2701,'5377',656,,42865,7,,,0,82,,42866,7,,,0,70,,42867,7,,,0,29,,42868,7,,,0,71,,42869,7,,,0,30,,42870,7,,,0,69,,42871,7,,,0,28,,42872,7,,,0,67,,42873,7,,,0,27,,42874,7,,,0,25,,42875,7,,,0,65,,42876,7,,,0,23,,42877,7,,,0,64,,42878,7,,,0,22,,42879,7,,,0,24,,42880,7,,,0,63,,42881,7,,,0,23,,42882,7,,,0,63,,42883,7,,,0,23,,42884,7,,,0,23,,42885,7,,,0,63,,42886,7,,,0,23,,42887,7,,,0,23,,42888,7,,,0,63,,42889,7,,,0,23,,42890,7,,,0,63,,42891,7,,,0,22,,42892,7,,,0,24,,42893,7,,,0,65,,42894,7,,,0,25,,42895,7,,,0,68,,42896,7,,,0,29,,42897,7,,,0,70,,42898,7,,,0,30,,42899,7,,,0,76,,42900,7,,,0,42,,42901,7,,,0,79,,42902,7,,,0,98,,42903,7,0,16 49,0
2701,'5381',1818,,42810,7,,,0,130,,42807,7,,,0,163,,42808,7,,,0,127,,42809,7,,,0
2701,'5383',627,,57977,7,,,0,77,,57978,7,,,0,31,,57979,7,,,0,69,,57980,7,,,0,30,,57981,7,,,0,67,,57982,7,,,0,27,,57983,7,,,0,27,,57984,7,,,0,66,,57985,7,,,0,26,,57986,7,,,0,62,,57987,7,,,0,23,,57988,7,,,0,23,,57989,7,,,0,62,,57990,7,,,0,23,,57993,7,,,0,62,,57992,7,,,0,23,,57994,7,,,0,23,,57991,7,,,0,63,,57995,7,,,0,23,,57996,7,,,0,20,,57997,7,,,0,61,,57998,7,,,0,21,,57999,7,,,0,21,,58000,7,,,0,61,,58001,7,,,0,20,,58002,7,,,0,19,,58003,7,,,0,61,,58004,7,,,0,19,,58005,7,,,0,21,,58006,7,,,0,60,,58007,7,,,0,20,,58008,7,,,0,20,,58009,7,,,0,60,,58010,7,,,0,26,,58011,7,,,0,66,,58012,7,,,0,29,,58013,7,,,0,70,,58014,7,,,0,29,,58015,7,,,0,70,,58016,7,,,0,30,,58017,7,,,0,72,,58018,7,,,0,31,,58019,7,,,0,70,,58020,7,,,0,31,,58021,7,,,0,68,,58022,7,,,0,28,,58023,7,,,0,70,,58024,7,,,0,30,,58025,7,0,16 49,0,68,,58026,7,0,16 49,0
2701,'5384',656,,58027,7,,,0,82,,58028,7,,,0,70,,58029,7,,,0,29,,58030,7,,,0,71,,58031,7,,,0,30,,58032,7,,,0,69,,58033,7,,,0,28,,58034,7,,,0,67,,58035,7,,,0,27,,58036,7,,,0,25,,58037,7,,,0,65,,58038,7,,,0,23,,58039,7,,,0,64,,58040,7,,,0,22,,58041,7,,,0,24,,58042,7,,,0,63,,58043,7,,,0,23,,58044,7,,,0,63,,58045,7,,,0,23,,58046,7,,,0,23,,58047,7,,,0,63,,58048,7,,,0,23,,58049,7,,,0,23,,58050,7,,,0,63,,58051,7,,,0,23,,58052,7,,,0,63,,58053,7,,,0,22,,58054,7,,,0,24,,58055,7,,,0,65,,58056,7,,,0,25,,58057,7,,,0,68,,58058,7,,,0,29,,58059,7,,,0,70,,58060,7,,,0,30,,58061,7,,,0,76,,58062,7,,,0,42,,58063,7,,,0,79,,58064,7,,,0,98,,58065,7,0,16 49,0
2701,'5385',524,,58067,7,,,0,80,,58066,7,,,0,26,,58072,7,,,0,22,,58079,7,,,0,70,,58096,7,,,0,26,,58073,7,,,0,63,,58105,7,,,0,30,,58106,7,,,0,60,,58086,7,,,0,22,,58117,7,,,0,22,,58104,7,,,0,65,,58080,7,,,0,27,,58069,7,,,0,65,,58068,7,,,0,27,,58070,7,,,0,27,,58071,7,,,0,67,,58085,7,,,0,27,,58103,7,,,0,66,,58074,7,,,0,26,,58075,7,,,0,66,,58078,7,,,0,25,,58076,7,,,0,26,,58077,7,,,0,64,,58084,7,0,31 49,0,7,,58116,7,,,0,14,,58083,7,0,31 49,0,1,,58097,7,,,0,55,,58107,7,0,31 49,0,15,,58081,7,0,31 49,0,1,,58111,7,,,0,16,,58112,7,0,31 49,0,16,,58082,7,0,31 49,0,56,,58087,7,0,31 49,0,15,,58115,7,0,31 49,0,1,,58098,7,,,0,16,,58088,7,0,31 49,0,14,,58114,7,0,31 49,0,2,,58091,7,,,0,53,,58089,7,,,0,15,,58090,7,0,31 49,0,14,,58092,7,,,0,15,,58093,7,,,0,55,,58094,7,,,0,21,,58095,7,,,0,89,,58100,7,,,0,28,,58101,7,,,0,97,,58102,7,,,0,69,,58099,7,,,0,105,,58110,7,,,0,39,,58108,7,,,0,77,,58109,7,,,0
2701,'5387',1818,,58121,7,,,0,130,,58118,7,,,0,163,,58119,7,,,0,127,,58120,7,,,0
2701,'5388',1818,,58125,7,,,0,130,,58122,7,,,0,163,,58123,7,,,0,127,,58124,7,,,0
