7000,'4532',513,,74852,17,,,0,95,,74851,17,,,0,100,,74853,17,,,0,44,,74832,17,,,0,54,,74833,17,,,0,98,,74834,17,,,0,47,,74835,17,,,0,53,,74831,17,,,0,99,,74836,17,,,0,44,,74837,17,,,0,56,,74838,17,,,0,99,,74839,17,,,0,45,,74840,17,,,0,55,,74841,17,,,0,101,,74842,17,,,0,44,,74843,17,,,0,55,,74844,17,,,0,101,,74845,17,,,0,44,,74846,17,,,0,57,,74847,17,,,0,102,,74850,17,,,0,100,,74848,17,,,0,212,,74849,17,,,0
7000,'4623',515,,74797,17,,,0,92,,74787,17,,,0,93,,74784,17,,,0,103,,74788,17,,,0,101,,74782,17,,,0,43,,74798,17,,,0,56,,74785,17,,,0,99,,74796,17,,,0,43,,74799,17,,,0,56,,74794,17,,,0,100,,74783,17,,,0,42,,74800,17,,,0,58,,74790,17,,,0,100,,74792,17,,,0,39,,74801,17,,,0,18,,74786,17,,,0,143,,74789,17,,,0,47,,74802,17,,,0,59,,74791,17,,,0,97,,74803,17,,,0,101,,74793,17,,,0,209,,74795,17,,,0
7000,'4832',610,,74882,17,,,0,99,,74896,17,,,0,98,,74876,17,,,0,99,,74895,17,,,0,44,,74877,17,,,0,54,,74878,17,,,0,100,,74879,17,,,0,43,,74880,17,,,0,56,,74881,17,,,0,44,,74898,17,,,0,56,,74883,17,,,0,44,,74884,17,,,0,56,,74885,17,,,0,100,,74886,17,,,0,44,,74887,17,,,0,56,,74888,17,,,0,100,,74889,17,,,0,46,,74890,17,,,0,56,,74891,17,,,0,101,,74892,17,,,0,101,,74893,17,,,0,100,,74897,17,,,0,111,,74894,17,,,0
7000,'5222',515,,74869,17,,,0,92,,74859,17,,,0,93,,74856,17,,,0,103,,74860,17,,,0,101,,74854,17,,,0,43,,74870,17,,,0,56,,74857,17,,,0,99,,74868,17,,,0,43,,74871,17,,,0,56,,74866,17,,,0,100,,74855,17,,,0,42,,74872,17,,,0,58,,74862,17,,,0,100,,74864,17,,,0,39,,74873,17,,,0,18,,74858,17,,,0,143,,74861,17,,,0,47,,74874,17,,,0,59,,74863,17,,,0,97,,74875,17,,,0,101,,74865,17,,,0,209,,74867,17,,,0
7000,'5390',610,,74905,17,,,0,99,,74919,17,,,0,44,,74922,17,,,0,54,,74899,17,,,0,44,,74923,17,,,0,55,,74918,17,,,0,44,,74900,17,,,0,54,,74901,17,,,0,45,,74924,17,,,0,55,,74902,17,,,0,43,,74903,17,,,0,56,,74904,17,,,0,44,,74921,17,,,0,56,,74906,17,,,0,45,,74907,17,,,0,55,,74908,17,,,0,45,,74925,17,,,0,55,,74909,17,,,0,44,,74910,17,,,0,56,,74911,17,,,0,42,,74926,17,,,0,58,,74912,17,,,0,46,,74913,17,,,0,56,,74914,17,,,0,44,,74927,17,,,0,57,,74915,17,,,0,44,,74928,17,,,0,57,,74916,17,,,0,100,,74920,17,,,0,111,,74917,17,,,0
7100,'4623',1534,,75027,17,,,0,105,,75028,17,,,0,105,,75029,17,,,0
7100,'5222',1534,,75030,17,,,0,105,,75031,17,,,0,105,,75032,17,,,0
7200,'4532',556,,75106,17,,,0,97,,75107,17,,,0,73,,75108,17,,,0,27,,75109,17,,,0,69,,75110,17,,,0,30,,75111,17,,,0,70,,75112,17,,,0,30,,75113,17,,,0,70,,75114,17,,,0,28,,75115,17,,,0,70,,75116,17,,,0,30,,75117,17,,,0,69,,75118,17,,,0,30,,75119,17,,,0,69,,75120,17,,,0,30,,75121,17,,,0,70,,75122,17,,,0,30,,75123,17,,,0,70,,75124,17,,,0,30,,75125,17,,,0,70,,75126,17,,,0,30,,75127,17,,,0,70,,75128,17,,,0,31,,75129,17,,,0,70,,75130,17,,,0,30,,75131,17,,,0,71,,75132,17,,,0,32,,75133,17,,,0,69,,75134,17,,,0,30,,75135,17,,,0,99,,75136,17,,,0,102,,75137,17,,,0,160,,75138,17,0,10 11 12,0
7200,'4623',545,,75063,17,,,0,69,,75057,17,,,0,36,,75046,17,,,0,68,,75062,17,,,0,28,,75069,17,,,0,71,,75050,17,,,0,31,,75064,17,,,0,70,,75058,17,,,0,30,,75042,17,,,0,72,,75065,17,,,0,29,,75054,17,,,0,70,,75048,17,,,0,28,,75040,17,,,0,70,,75041,17,,,0,29,,75047,17,,,0,70,,75039,17,,,0,29,,75070,17,,,0,70,,75043,17,,,0,29,,75051,17,,,0,69,,75045,17,,,0,30,,75044,17,,,0,68,,75049,17,,,0,31,,75052,17,,,0,72,,75071,17,,,0,35,,75059,17,,,0,69,,75053,17,,,0,31,,75056,17,,,0,70,,75055,17,,,0,30,,75061,17,,,0,73,,75067,17,,,0,30,,75060,17,,,0,99,,75066,17,,,0,101,,75068,17,,,0,158,,75072,17,0,10 11 12,0
7200,'4832',654,,75173,17,,,0,99,,75174,17,,,0,100,,75177,17,,,0,98,,75175,17,,,0,99,,75176,17,,,0,70,,75178,17,,,0,29,,75179,17,,,0,70,,75180,17,,,0,29,,75181,17,,,0,70,,75182,17,,,0,30,,75183,17,,,0,70,,75184,17,,,0,30,,75185,17,,,0,70,,75186,17,,,0,30,,75187,17,,,0,70,,75188,17,,,0,30,,75189,17,,,0,71,,75190,17,,,0,31,,75191,17,,,0,71,,75192,17,,,0,30,,75193,17,,,0,70,,75194,17,,,0,31,,75195,17,,,0,99,,75196,17,,,0,101,,75197,17,,,0,103,,75198,17,,,0,76,,75199,17,0,10 11 12,0
7200,'5222',545,,75163,17,,,0,69,,75157,17,,,0,36,,75146,17,,,0,68,,75162,17,,,0,28,,75169,17,,,0,71,,75150,17,,,0,31,,75164,17,,,0,70,,75158,17,,,0,30,,75142,17,,,0,72,,75165,17,,,0,29,,75154,17,,,0,70,,75148,17,,,0,28,,75140,17,,,0,70,,75141,17,,,0,29,,75147,17,,,0,70,,75139,17,,,0,29,,75170,17,,,0,70,,75143,17,,,0,29,,75151,17,,,0,69,,75145,17,,,0,30,,75144,17,,,0,68,,75149,17,,,0,31,,75152,17,,,0,72,,75171,17,,,0,35,,75159,17,,,0,69,,75153,17,,,0,31,,75156,17,,,0,70,,75155,17,,,0,30,,75161,17,,,0,73,,75167,17,,,0,30,,75160,17,,,0,99,,75166,17,,,0,101,,75168,17,,,0,158,,75172,17,0,10 11 12,0
7200,'5390',654,,75200,17,,,0,99,,75201,17,,,0,100,,75204,17,,,0,98,,75202,17,,,0,99,,75203,17,,,0,70,,75205,17,,,0,29,,75206,17,,,0,70,,75207,17,,,0,29,,75208,17,,,0,70,,75209,17,,,0,30,,75210,17,,,0,70,,75211,17,,,0,30,,75212,17,,,0,70,,75213,17,,,0,30,,75214,17,,,0,70,,75215,17,,,0,30,,75216,17,,,0,71,,75217,17,,,0,31,,75218,17,,,0,71,,75219,17,,,0,30,,75220,17,,,0,70,,75221,17,,,0,31,,75222,17,,,0,99,,75223,17,,,0,101,,75224,17,,,0,103,,75225,17,,,0,76,,75226,17,0,10 11 12,0
7500,'4532',634,,75488,19,0,13 14,0,93,,75489,19,0,13 14,0,98,,75490,19,0,13 14,0,33,,75510,19,0,47 48,0,62,,75487,19,0,13 14,0,31,,75511,19,0,47 48,0,55,,75515,19,0,47 48,0,12,,75491,19,0,13 14,0,33,,75512,19,0,47 48,0,55,,75516,19,0,47 48,0,12,,75492,19,0,13 14,0,30,,75493,19,0,13 14,0,58,,75517,19,0,47 48,0,13,,75494,19,0,13 14,0,29,,75495,19,0,13 14,0,59,,75518,19,0,47 48,0,12,,75496,19,0,13 14,0,24,,75497,19,0,13 14,0,76,,75498,19,0,13 14,0,30,,75499,19,0,13 14,0,70,,75500,19,0,13 14,0,31,,75501,19,0,13 14,0,70,,75502,19,0,13 14,0,28,,75513,19,0,47 48,0,71,,75519,19,0,47 48,0,1,,75503,19,0,13 14,0,33,,75514,19,0,47 48,0,69,,75504,19,0,13 14,0,101,,75505,19,0,13 14,0,102,,75506,19,0,13 14,0,98,,75507,19,0,13 14,0,106,,75508,19,0,13 14,0,102,,75509,19,0,13 14,0
7500,'4623',520,,75416,19,0,13 14,0,18,,75417,19,0,13 14,0,17,,75418,19,0,13 14,0,59,,75419,19,0,13 14,0,17,,75415,19,0,13 14,0,18,,75420,19,0,13 14,0,55,,75421,19,0,13 14,0,16,,75422,19,0,13 14,0,16,,75423,19,0,13 14,0,23,,75424,19,0,13 14,0,63,,75425,19,0,13 14,0,26,,75426,19,0,13 14,0,69,,75427,19,0,13 14,0,34,,75428,19,0,13 14,0,67,,75429,19,0,13 14,0,30,,75430,19,0,13 14,0,68,,75431,19,0,13 14,0,30,,75432,19,0,13 14,0,70,,75433,19,0,13 14,0,30,,75434,19,0,13 14,0,69,,75435,19,0,13 14,0,30,,75436,19,0,13 14,0,63,,75437,19,0,13 14,0,31,,75438,19,0,13 14,0,74,,75439,19,0,13 14,0,29,,75440,19,0,13 14,0,71,,75441,19,0,13 14,0,26,,75442,19,0,13 14,0,20,,75443,19,0,13 14,0,61,,75444,19,0,13 14,0,17,,75445,19,0,13 14,0,21,,75446,19,0,13 14,0,59,,75447,19,0,13 14,0,28,,75448,19,0,13 14,0,76,,75449,19,0,13 14,0,109,,75450,19,0,13 14,0,96,,75451,19,0,13 14,0,104,,75452,19,0,13 14,0,109,,75453,19,0,13 14,0
7500,'4832',628,,75559,19,0,13 14,0,99,,75560,19,0,13 14,0,101,,75561,19,0,13 14,0,73,,75580,19,0,47 48,0,20,,75562,19,0,13 14,0,23,,75581,19,0,47 48,0,60,,75583,19,0,47 48,0,15,,75563,19,0,13 14,0,83,,75582,19,0,47 48,0,17,,75564,19,0,13 14,0,18,,75584,19,0,47 48,0,12,,75565,19,0,13 14,0,70,,75566,19,0,13 14,0,29,,75567,19,0,13 14,0,70,,75568,19,0,13 14,0,15,,75585,19,0,47 48,0,15,,75569,19,0,13 14,0,70,,75570,19,0,13 14,0,15,,75586,19,0,47 48,0,15,,75571,19,0,13 14,0,70,,75572,19,0,13 14,0,100,,75573,19,0,13 14,0,101,,75574,19,0,13 14,0,19,,75587,19,0,47 48,0,84,,75575,19,0,13 14,0,103,,75576,19,0,13 14,0,104,,75577,19,0,13 14,0,97,,75578,19,0,13 14,0,174,,75579,19,0,13 14,0
7500,'5222',520,,75521,19,0,13 14,0,18,,75522,19,0,13 14,0,17,,75523,19,0,13 14,0,59,,75524,19,0,13 14,0,17,,75520,19,0,13 14,0,18,,75525,19,0,13 14,0,55,,75526,19,0,13 14,0,16,,75527,19,0,13 14,0,16,,75528,19,0,13 14,0,23,,75529,19,0,13 14,0,63,,75530,19,0,13 14,0,26,,75531,19,0,13 14,0,69,,75532,19,0,13 14,0,34,,75533,19,0,13 14,0,67,,75534,19,0,13 14,0,30,,75535,19,0,13 14,0,68,,75536,19,0,13 14,0,30,,75537,19,0,13 14,0,70,,75538,19,0,13 14,0,30,,75539,19,0,13 14,0,69,,75540,19,0,13 14,0,30,,75541,19,0,13 14,0,63,,75542,19,0,13 14,0,31,,75543,19,0,13 14,0,74,,75544,19,0,13 14,0,29,,75545,19,0,13 14,0,71,,75546,19,0,13 14,0,26,,75547,19,0,13 14,0,20,,75548,19,0,13 14,0,61,,75549,19,0,13 14,0,17,,75550,19,0,13 14,0,21,,75551,19,0,13 14,0,59,,75552,19,0,13 14,0,28,,75553,19,0,13 14,0,76,,75554,19,0,13 14,0,109,,75555,19,0,13 14,0,96,,75556,19,0,13 14,0,104,,75557,19,0,13 14,0,109,,75558,19,0,13 14,0
7500,'5390',628,,75588,19,0,13 14,0,99,,75589,19,0,13 14,0,101,,75590,19,0,13 14,0,73,,75609,19,0,47 48,0,20,,75591,19,0,13 14,0,23,,75610,19,0,47 48,0,60,,75612,19,0,47 48,0,15,,75592,19,0,13 14,0,83,,75611,19,0,47 48,0,17,,75593,19,0,13 14,0,18,,75613,19,0,47 48,0,12,,75594,19,0,13 14,0,70,,75595,19,0,13 14,0,29,,75596,19,0,13 14,0,70,,75597,19,0,13 14,0,15,,75614,19,0,47 48,0,15,,75598,19,0,13 14,0,70,,75599,19,0,13 14,0,15,,75615,19,0,47 48,0,15,,75600,19,0,13 14,0,70,,75601,19,0,13 14,0,100,,75602,19,0,13 14,0,101,,75603,19,0,13 14,0,19,,75616,19,0,47 48,0,84,,75604,19,0,13 14,0,103,,75605,19,0,13 14,0,104,,75606,19,0,13 14,0,97,,75607,19,0,13 14,0,174,,75608,19,0,13 14,0
