5500,'4487',819,,12962,32,,,0,201,,12958,32,,,0,213,,12959,32,,,0,204,,12960,32,,,0,211,,12961,32,,,0,209,,12957,32,,,0,264,,12956,32,,,0
5500,'4737',624,,12963,32,,,0,132,,12965,32,,,0,173,,12964,32,,,0,214,,12966,32,,,0,198,,12967,32,,,0,174,,12968,32,,,0,106,,12969,32,,,0,182,,12970,32,,,0,148,,12971,32,,,0,198,,12972,32,,,0
5500,'4740',819,,12979,32,,,0,201,,12975,32,,,0,213,,12976,32,,,0,204,,12977,32,,,0,211,,12978,32,,,0,209,,12974,32,,,0,264,,12973,32,,,0
5500,'4744',624,,12980,32,,,0,132,,12982,32,,,0,173,,12981,32,,,0,214,,12983,32,,,0,198,,12984,32,,,0,174,,12985,32,,,0,106,,12986,32,,,0,182,,12987,32,,,0,148,,12988,32,,,0,198,,12989,32,,,0
5500,'4745',817,,12990,32,,,0,202,,12993,32,,,0,214,,12992,32,,,0,205,,12991,32,,,0,210,,12995,32,,,0,208,,12996,32,,,0,263,,12994,32,,,0
5500,'4947',624,,12997,32,,,0,132,,12999,32,,,0,173,,12998,32,,,0,214,,13000,32,,,0,198,,13001,32,,,0,174,,13002,32,,,0,106,,13003,32,,,0,182,,13004,32,,,0,148,,13005,32,,,0,198,,13006,32,,,0
5500,'4954',817,,13007,32,,,0,202,,13010,32,,,0,214,,13009,32,,,0,205,,13008,32,,,0,210,,13012,32,,,0,208,,13013,32,,,0,263,,13011,32,,,0
6100,'4737',542,,14042,51,,,0,78,,14040,51,,,0,13,,14043,51,,,0,20,,14044,51,,,0,61,,14046,51,,,0,19,,14050,51,,,0,18,,14057,51,,,0,69,,14059,51,,,0
6100,'4744',542,,14109,51,,,0,78,,14107,51,,,0,13,,14110,51,,,0,20,,14111,51,,,0,61,,14113,51,,,0,19,,14117,51,,,0,18,,14124,51,,,0,69,,14126,51,,,0
6100,'4947',542,,14167,51,,,0,78,,14165,51,,,0,13,,14168,51,,,0,20,,14169,51,,,0,61,,14171,51,,,0,19,,14175,51,,,0,18,,14182,51,,,0,69,,14184,51,,,0
