7100,'4663',1557,,61211,24,,,0,143,,61212,24,,,0,104,,61213,24,,,0
7100,'5372',1557,,46552,24,,,0,143,,46553,24,,,0,104,,46554,24,,,0
7100,'5385',1557,,61214,24,,,0,143,,61215,24,,,0,104,,61216,24,,,0
8700,'4663',738,,61940,32,,,0,201,,61939,32,,,0,200,,61941,32,,,0,205,,61945,25,,,0,195,,61943,32,,,0,202,,61944,32,,,0
8700,'5372',738,,47419,32,,,0,201,,47418,32,,,0,200,,47420,32,,,0,205,,47424,25,,,0,195,,47422,32,,,0,202,,47423,32,,,0
8700,'5385',738,,61947,32,,,0,201,,61946,32,,,0,200,,61948,32,,,0,205,,61952,25,,,0,195,,61950,32,,,0,202,,61951,32,,,0
8800,'4332',814,,61979,6,,,0,98,,61980,6,,,0,100,,61981,6,,,0,100,,61982,6,,,0,100,,61983,6,,,0,99,,61984,6,,,0,100,,61975,6,,,0,100,,61976,6,,,0,100,,61977,6,,,0,100,,61978,6,,,0,98,,61972,6,,,0,100,,61973,6,,,0,102,,61974,6,,,0,100,,61971,6,,,0
8800,'4663',839,,61965,6,,,0,200,,61966,6,,,0,200,,61967,6,,,0,200,,61968,6,,,0,200,,61969,6,,,0,207,,61970,6,,,0
8800,'5078',814,,61990,6,,,0,94,,61991,6,,,0,100,,61992,6,,,0,101,,61993,6,,,0,101,,61994,6,,,0,100,,61995,6,,,0,99,,61986,6,,,0,99,,61987,6,,,0,100,,61988,6,,,0,101,,61989,6,,,0,102,,61997,6,,,0,99,,61998,6,,,0,100,,61985,6,,,0,98,,61996,6,,,0
8800,'5372',839,,47444,6,,,0,200,,47445,6,,,0,200,,47446,6,,,0,200,,47447,6,,,0,200,,47448,6,,,0,207,,47449,6,,,0
8800,'5385',839,,61999,6,,,0,200,,62000,6,,,0,200,,62001,6,,,0,200,,62002,6,,,0,200,,62003,6,,,0,207,,62004,6,,,0
1008800,'4663',628,,62933,6,,,0,185,,62934,6,,,0,96,,62935,6,,,0,100,,62936,6,,,0,100,,62937,6,,,0,100,,62938,6,,,0,100,,62939,6,,,0,100,,62940,6,,,0,100,,62941,6,,,0,100,,62942,6,,,0,100,,62943,6,,,0,107,,62944,6,,,0,98,,62945,6,,,0,30,,62946,6,,,0,70,,62947,6,,,0,31,,62948,6,,,0,70,,62949,6,,,0
1008800,'5372',628,,48605,6,,,0,185,,48606,6,,,0,96,,48607,6,,,0,100,,48608,6,,,0,100,,48609,6,,,0,100,,48610,6,,,0,100,,48611,6,,,0,100,,48612,6,,,0,100,,48613,6,,,0,100,,48614,6,,,0,100,,48615,6,,,0,107,,48616,6,,,0,98,,48617,6,,,0,30,,48618,6,,,0,70,,48619,6,,,0,31,,48620,6,,,0,70,,48621,6,,,0
1008800,'5385',628,,62950,6,,,0,185,,62951,6,,,0,96,,62952,6,,,0,100,,62953,6,,,0,100,,62954,6,,,0,100,,62955,6,,,0,100,,62956,6,,,0,100,,62957,6,,,0,100,,62958,6,,,0,100,,62959,6,,,0,100,,62960,6,,,0,107,,62961,6,,,0,98,,62962,6,,,0,30,,62963,6,,,0,70,,62964,6,,,0,31,,62965,6,,,0,70,,62966,6,,,0
