2401,'4487',709,,21931,,,0,108,,21930,,,0,105,,21932,,,0,100,,21928,,,0,102,,21925,,,0,98,,21926,,,0,95,,21927,,,0,101,,21934,,,0,98,,21929,,,0,102,,21933,,,0,104,,21935,,,0,127,,21936,,,0,164,,21937,,,0,130,,21938,,,0,170,,21939,,,0,119,,21940,,,0
2401,'4743',709,,12010,,,0,108,,12009,,,0,105,,12011,,,0,100,,12007,,,0,102,,12004,,,0,98,,12005,,,0,95,,12006,,,0,101,,12013,,,0,98,,12008,,,0,102,,12012,,,0,104,,12014,,,0,127,,12015,,,0,164,,12016,,,0,130,,12017,,,0,170,,12018,,,0,119,,12019,,,0
2401,'4744',519,,21952,,,0,92,,21948,,,0,90,,21941,,,0,46,,21944,,,0,74,,21949,,,0,96,,21946,,,0,105,,21943,,,0,100,,21942,,,0,101,,21951,,,0,100,,21947,,,0,113,,21945,,,0,99,,21950,,,0,92,,21953,,,0,90,,21955,,,0,34,,21954,,,0,89,,21956,,,0,85,,21957,,,0,102,,21958,,,0,115,,21959,,,0,169,,21960,,,0,120,,21961,,,0
2401,'4745',816,,21962,,,0,130,,21963,,,0,173,,21964,,,0,127,,21965,,,0,172,,21966,,,0,132,,21967,,,0,169,,21968,,,0,128,,21969,,,0,169,,21970,,,0,125,,21971,,,0,169,,21972,,,0
2401,'4935',519,,4517,,,0,92,,4513,,,0,90,,4506,,,0,46,,4509,,,0,74,,4514,,,0,96,,4511,,,0,105,,4508,,,0,100,,4507,,,0,101,,4516,,,0,100,,4512,,,0,113,,4510,,,0,99,,4515,,,0,92,,4518,,,0,90,,4520,,,0,34,,4519,,,0,89,,12020,,,0,85,,12021,,,0,102,,4523,,,0,115,,12022,,,0,169,,4525,,,0,120,,4526,,,0
2401,'4941',519,,4538,,,0,92,,4534,,,0,90,,4527,,,0,46,,4530,,,0,74,,4535,,,0,96,,4532,,,0,105,,4529,,,0,100,,4528,,,0,101,,4537,,,0,100,,4533,,,0,113,,4531,,,0,99,,4536,,,0,92,,4539,,,0,90,,4541,,,0,34,,4540,,,0,89,,12023,,,0,85,,12024,,,0,102,,4544,,,0,115,,12025,,,0,169,,4546,,,0,120,,4547,,,0
2401,'4943',709,,4554,,,0,108,,4553,,,0,105,,4555,,,0,100,,4551,,,0,102,,4548,,,0,98,,4549,,,0,95,,4550,,,0,101,,4557,,,0,98,,4552,,,0,102,,4556,,,0,104,,4558,,,0,127,,4559,,,0,164,,4560,,,0,130,,4561,,,0,170,,4562,,,0,119,,4563,,,0
2401,'4945',816,,4564,,,0,130,,4565,,,0,173,,4566,,,0,127,,4567,,,0,172,,4568,,,0,132,,4569,,,0,169,,4570,,,0,128,,4571,,,0,169,,4572,,,0,125,,4573,,,0,169,,4574,,,0
2401,'4947',519,,21984,,,0,92,,21980,,,0,90,,21973,,,0,46,,21976,,,0,74,,21981,,,0,96,,21978,,,0,105,,21975,,,0,100,,21974,,,0,101,,21983,,,0,100,,21979,,,0,113,,21977,,,0,99,,21982,,,0,92,,21985,,,0,90,,21987,,,0,34,,21986,,,0,89,,21988,,,0,85,,21989,,,0,102,,21990,,,0,115,,21991,,,0,169,,21992,,,0,120,,21993,,,0
2401,'4952',519,,22005,,,0,92,,22001,,,0,90,,21994,,,0,46,,21997,,,0,74,,22002,,,0,96,,21999,,,0,105,,21996,,,0,100,,21995,,,0,101,,22004,,,0,100,,22000,,,0,113,,21998,,,0,99,,22003,,,0,92,,22006,,,0,90,,22008,,,0,34,,22007,,,0,89,,22009,,,0,85,,22010,,,0,102,,22011,,,0,115,,22012,,,0,169,,22013,,,0,120,,22014,,,0
2401,'4953',709,,22021,,,0,108,,22020,,,0,105,,22022,,,0,100,,22018,,,0,102,,22015,,,0,98,,22016,,,0,95,,22017,,,0,101,,22024,,,0,98,,22019,,,0,102,,22023,,,0,104,,22025,,,0,127,,22026,,,0,164,,22027,,,0,130,,22028,,,0,170,,22029,,,0,119,,22030,,,0
2401,'4954',816,,22031,,,0,130,,22032,,,0,173,,22033,,,0,127,,22034,,,0,172,,22035,,,0,132,,22036,,,0,169,,22037,,,0,128,,22038,,,0,169,,22039,,,0,125,,22040,,,0,169,,22041,,,0
