6101,'4663',523,,60873,12,,,0,28,,60874,12,,,0,67,,60877,12,,,0,27,,60887,12,,,0,77,,60883,12,,,0,79,,60872,12,,,0,37,,60875,12,,,0,66,,60886,12,,,0,34,,60879,12,,,0,88,,60876,12,,,0,77,,60884,12,,,0,37,,60880,12,,,0,77,,60878,12,,,0,37,,60885,12,,,0,65,,60881,12,,,0,37,,60882,12,,,0,71,,60890,12,,,0,31,,60893,12,,,0,72,,60895,12,,,0,29,,60888,35,,,0,56,,60900,12,,,0,15,,60889,35,,,0,74,,60897,35,,,0,22,,60899,35,,,0,15,,60891,35,,,0,61,,60903,35,,,0,37,,60894,35,,,0,13,,60896,12,,,0,70,,60898,12,,,0,86,,60902,12,,,0,49,,60901,12,,,0,98,,60904,12,,,0,85,,60906,12,,,0,97,,60907,12,,,0,85,,60905,12,,,0,99,,60908,12,,,0
6101,'5372',523,,50753,12,,,0,28,,46155,12,,,0,67,,46158,12,,,0,27,,46168,12,,,0,77,,46164,12,,,0,79,,46153,12,,,0,37,,46156,12,,,0,66,,46167,12,,,0,34,,46160,12,,,0,88,,50754,12,,,0,77,,51819,12,,,0,37,,46161,12,,,0,77,,46159,12,,,0,37,,51820,12,,,0,65,,46162,12,,,0,37,,46163,12,,,0,71,,51823,12,,,0,31,,46173,12,,,0,72,,46176,12,,,0,29,,51821,35,,,0,56,,46181,12,,,0,15,,51822,35,,,0,74,,51827,35,,,0,22,,51828,35,,,0,15,,51824,35,,,0,61,,51830,35,,,0,37,,51825,35,,,0,13,,60909,12,,,0,70,,46179,12,,,0,86,,51829,12,,,0,49,,46182,12,,,0,98,,46185,12,,,0,85,,46187,12,,,0,97,,46188,12,,,0,85,,46186,12,,,0
6101,'5377',600,,46256,11,,,0,102,,46257,11,,,0,34,,46258,12,,,0,89,,46255,12,,,0,94,,46259,12,,,0,86,,46260,12,,,0,47,,46261,12,,,0,87,,46262,12,,,0,102,,50742,12,,,0,86,,46264,12,,,0,101,,50743,12,,,0,85,,46266,12,,,0,101,,46267,12,,,0,40,,46268,12,,,0,100,,46269,12,,,0,90,,46270,12,,,0,97,,46271,12,,,0,100,,46272,12,,,0,81,,50744,12,,,0,100,,46274,12,,,0,96,,50745,12,,,0
6101,'5383',555,,60910,11,,,0,96,,60911,12,,,0,78,,60912,12,,,0,101,,60913,12,,,0,83,,60914,12,,,0,89,,60915,12,,,0,31,,60916,12,,,0,87,,60917,12,,,0,32,,60918,12,,,0,72,,60919,12,,,0,83,,60920,12,,,0,38,,60921,12,,,0,76,,60922,12,,,0,36,,60923,12,,,0,66,,60924,12,,,0,36,,60925,12,,,0,78,,60926,12,,,0,73,,60927,12,,,0,34,,60928,12,,,0,76,,60929,12,,,0,36,,60930,12,,,0,76,,60931,12,,,0,81,,60932,12,,,0,43,,60933,12,,,0,98,,60934,12,,,0,86,,60935,12,,,0,99,,60936,12,,,0,84,,60937,12,,,0,100,,60938,12,,,0
6101,'5384',600,,60940,11,,,0,102,,60941,11,,,0,34,,60942,12,,,0,89,,60939,12,,,0,94,,60943,12,,,0,86,,60944,12,,,0,47,,60945,12,,,0,87,,60946,12,,,0,102,,60947,12,,,0,86,,60948,12,,,0,101,,60949,12,,,0,85,,60950,12,,,0,101,,60951,12,,,0,40,,60952,12,,,0,100,,60953,12,,,0,90,,60954,12,,,0,97,,60955,12,,,0,100,,60956,12,,,0,81,,60957,12,,,0,100,,60958,12,,,0,96,,60959,12,,,0
6101,'5385',523,,60961,12,,,0,28,,60962,12,,,0,67,,60965,12,,,0,27,,60975,12,,,0,77,,60971,12,,,0,79,,60960,12,,,0,37,,60963,12,,,0,66,,60974,12,,,0,34,,60967,12,,,0,88,,60964,12,,,0,77,,60972,12,,,0,37,,60968,12,,,0,77,,60966,12,,,0,37,,60973,12,,,0,65,,60969,12,,,0,37,,60970,12,,,0,71,,60978,12,,,0,31,,60980,12,,,0,72,,60983,12,,,0,29,,60976,35,,,0,56,,60988,12,,,0,15,,60977,35,,,0,74,,60985,35,,,0,22,,60987,35,,,0,15,,60979,35,,,0,61,,60991,35,,,0,37,,60982,35,,,0,13,,60984,12,,,0,70,,60986,12,,,0,86,,60990,12,,,0,49,,60989,12,,,0,98,,60992,12,,,0,85,,60994,12,,,0,97,,60995,12,,,0,85,,60993,12,,,0
6501,'4663',1648,,61041,30,,,0,68,,61040,30,,,0,32,,61043,30,,,0,69,,61042,30,,,0
6501,'5372',1748,,51848,30,,,0,69,,51847,30,,,0
6501,'5373',1648,,61045,30,,,0,68,,61044,30,,,0
6501,'5381',1648,,61047,30,,,0,68,,61046,30,,,0
6501,'5385',1748,,61049,30,,,0,69,,61048,30,,,0
6501,'5387',1648,,61051,30,,,0,68,,61050,30,,,0
6501,'5388',1648,,61053,30,,,0,68,,61052,30,,,0
