4800,'4661',613,,59628,1,,,0,20,,59627,1,,,0,26,,59626,1,,,0
4800,'4663',613,,59625,1,,,0,20,,59624,1,,,0,26,,59623,1,,,0
4801,'4661',1732,,59635,61,4,,0,26,,59636,61,4,,0,70,,59637,61,4,,0
4801,'4663',1732,,59629,61,4,,0,26,,59630,61,4,,0,70,,59631,61,4,,0
5400,'4332',731,,60071,46,4,,0,205,,60070,46,4,,0,212,,60067,46,4,,0,208,,60068,46,4,,0,246,,60069,46,4,,0,208,,60066,46,4,,0,202,,60065,46,4,,0
5400,'4661',635,,60079,46,4,,0,102,,60083,46,4,,0,171,,60082,46,4,,0,202,,60080,46,4,,0,136,,60081,46,4,,0,203,,60085,46,4,,0,106,,60084,46,4,,0,191,,60086,46,4,,0,193,,60087,46,4,,0,190,,60088,46,4,,0
5400,'4663',635,,60055,46,4,,0,102,,60059,46,4,,0,171,,60058,46,4,,0,202,,60056,46,4,,0,136,,60057,46,4,,0,203,,60061,46,4,,0,106,,60060,46,4,,0,191,,60062,46,4,,0,193,,60063,46,4,,0,190,,60064,46,4,,0
5400,'5078',730,,60072,46,4,,0,204,,60074,46,4,,0,212,,60075,46,4,,0,208,,60076,46,4,,0,205,,60073,46,4,,0,249,,60077,46,4,,0,202,,60078,46,4,,0
5401,'4332',725,,60105,1,,,0,200,,60102,1,,,0,210,,60103,1,,,0,205,,60104,1,,,0,210,,60101,1,,,0,250,,60100,1,,,0,225,,60099,1,,,0
5401,'4661',530,,60113,1,,,0,127,,60116,1,,,0,170,,60114,1,,,0,218,,60115,1,,,0,198,,60117,1,,,0,170,,60118,1,,,0,102,,60119,1,,,0,187,,60120,1,,,0,153,,60121,1,,,0,200,,60122,1,,,0
5401,'4663',530,,60089,1,,,0,127,,60092,1,,,0,170,,60090,1,,,0,218,,60091,1,,,0,198,,60093,1,,,0,170,,60094,1,,,0,102,,60095,1,,,0,187,,60096,1,,,0,153,,60097,1,,,0,200,,60098,1,,,0
5401,'5078',725,,60108,1,,,0,200,,60109,1,,,0,210,,60106,1,,,0,205,,60107,1,,,0,210,,60110,1,,,0,250,,60112,1,,,0,225,,60111,1,,,0
5500,'4332',829,,60139,42,4,,0,203,,60135,42,4,,0,214,,60136,42,4,,0,204,,60137,42,4,,0,250,,60138,42,4,,0,207,,60134,42,4,,0,224,,60133,42,4,,0
5500,'4661',636,,60147,42,4,,0,172,,60149,42,4,,0,133,,60148,42,4,,0,214,,60150,42,4,,0,198,,60151,42,4,,0,177,,60152,42,4,,0,106,,60153,42,4,,0,179,,60154,42,4,,0,186,,60155,42,4,,0,157,,60156,42,4,,0
5500,'4663',636,,60123,42,4,,0,172,,60125,42,4,,0,133,,60124,42,4,,0,214,,60126,42,4,,0,198,,60127,42,4,,0,177,,60128,42,4,,0,106,,60129,42,4,,0,179,,60130,42,4,,0,186,,60131,42,4,,0,157,,60132,42,4,,0
5500,'5078',827,,60140,42,4,,0,203,,60143,42,4,,0,215,,60142,42,4,,0,206,,60141,42,4,,0,250,,60145,42,4,,0,206,,60146,42,4,,0,221,,60144,42,4,,0
5501,'4332',830,,60171,1,,,0,210,,60168,1,,,0,205,,60169,1,,,0,205,,60170,1,,,0,250,,60166,1,,,0,205,,60167,1,,,0
5501,'4661',627,,60181,1,,,0,128,,60180,1,,,0,245,,60178,1,,,0,135,,60179,1,,,0,200,,60183,1,,,0,105,,60182,1,,,0,195,,60184,1,,,0,195,,60185,1,,,0,195,,60186,1,,,0
5501,'4663',627,,60160,1,,,0,128,,60159,1,,,0,245,,60157,1,,,0,135,,60158,1,,,0,200,,60162,1,,,0,105,,60161,1,,,0,195,,60163,1,,,0,195,,60164,1,,,0,195,,60165,1,,,0
5501,'5078',830,,60172,1,,,0,210,,60174,1,,,0,205,,60175,1,,,0,205,,60173,1,,,0,250,,60177,1,,,0,205,,60176,1,,,0
5900,'4332',803,,60522,37,4,,0,102,,60521,37,4,,0,103,,60520,37,4,,0,102,,60519,37,4,,0,105,,60518,37,4,,0,106,,60517,37,4,,0,106,,60516,37,4,,0,105,,60515,37,4,,0,103,,60514,37,4,,0,105,,60510,37,4,,0,104,,60511,37,4,,0,104,,60512,37,4,,0,102,,60513,37,4,,0,107,,60509,37,4,,0
5900,'4661',656,,60539,37,4,,0,103,,60540,37,4,,0,83,,60536,37,4,,0,108,,60537,37,4,,0,92,,60538,37,4,,0,101,,60541,37,4,,0,102,,60542,37,4,,0,104,,60543,37,4,,0,152,,60544,37,4,,0,104,,60545,37,4,,0,42,,60546,37,4,,0,83,,60547,37,4,,0,80,,60552,37,4,,0,44,,60548,37,4,,0,97,,60549,37,4,,0,99,,60550,37,4,,0,150,,60551,37,4,,0
5900,'4663',656,,60495,37,4,,0,103,,60496,37,4,,0,83,,60492,37,4,,0,108,,60493,37,4,,0,92,,60494,37,4,,0,101,,60497,37,4,,0,102,,60498,37,4,,0,104,,60499,37,4,,0,152,,60500,37,4,,0,104,,60501,37,4,,0,42,,60502,37,4,,0,83,,60503,37,4,,0,80,,60508,37,4,,0,44,,60504,37,4,,0,97,,60505,37,4,,0,99,,60506,37,4,,0,150,,60507,37,4,,0
5900,'5078',803,,60523,37,4,,0,101,,60524,37,4,,0,102,,60525,37,4,,0,102,,60527,37,4,,0,106,,60526,37,4,,0,106,,60531,37,4,,0,105,,60529,37,4,,0,107,,60530,37,4,,0,104,,60528,37,4,,0,105,,60533,37,4,,0,102,,60534,37,4,,0,105,,60532,37,4,,0,102,,60535,37,4,,0
5901,'4332',650,,60582,1,,,0,100,,60583,1,,,0,100,,60584,1,,,0,100,,60580,1,,,0,105,,60581,1,,,0,145,,60579,1,,,0,105,,60578,1,,,0,105,,60577,1,,,0,105,,60576,1,,,0,102,,60575,1,,,0,103,,60574,1,,,0,105,,60573,1,,,0,105,,60572,1,,,0,120,,60571,1,,,0
5901,'4661',647,,60599,1,,,0,69,,60607,1,,,0,99,,60600,1,,,0,107,,60601,1,,,0,101,,60602,1,,,0,97,,60603,1,,,0,103,,60604,1,,,0,102,,60605,1,,,0,105,,60606,1,,,0,95,,60598,1,,,0,88,,60614,1,,,0,45,,60608,1,,,0,83,,60609,1,,,0,81,,60613,1,,,0,105,,60610,1,,,0,105,,60611,1,,,0,114,,60612,1,,,0
5901,'4663',647,,60554,1,,,0,69,,60562,1,,,0,99,,60555,1,,,0,107,,60556,1,,,0,101,,60557,1,,,0,97,,60558,1,,,0,103,,60559,1,,,0,102,,60560,1,,,0,105,,60561,1,,,0,95,,60553,1,,,0,88,,60569,1,,,0,45,,60563,1,,,0,83,,60564,1,,,0,81,,60568,1,,,0,105,,60565,1,,,0,105,,60566,1,,,0,114,,60567,1,,,0
5901,'5078',750,,60586,1,,,0,100,,60585,1,,,0,100,,60587,1,,,0,105,,60589,1,,,0,145,,60588,1,,,0,105,,60592,1,,,0,105,,60593,1,,,0,105,,60591,1,,,0,102,,60590,1,,,0,103,,60596,1,,,0,105,,60595,1,,,0,105,,60597,1,,,0,120,,60594,1,,,0
6000,'4332',732,,60647,31,4,,0,101,,60648,31,4,,0,102,,60646,31,4,,0,102,,60645,31,4,,0,107,,60644,31,4,,0,106,,60643,31,4,,0,105,,60642,31,4,,0,145,,60641,31,4,,0,106,,60639,31,4,,0,102,,60640,31,4,,0,101,,60635,31,4,,0,103,,60636,31,4,,0,104,,60637,31,4,,0,119,,60638,31,4,,0
6000,'4661',702,,60668,31,4,,0,33,,60663,31,4,,0,71,,60671,31,4,,0,106,,60665,31,4,,0,101,,60664,31,4,,0,101,,60666,31,4,,0,98,,60667,31,4,,0,103,,60669,31,4,,0,103,,60670,31,4,,0,112,,60672,31,4,,0,71,,60680,32,4,,0,29,,60662,31,4,,0,80,,60678,31,4,,0,41,,60673,31,4,,0,82,,60674,31,4,,0,80,,60677,31,4,,0,102,,60675,31,4,,0,104,,60676,31,4,,0,112,,60679,31,4,,0
6000,'4663',702,,60621,31,4,,0,33,,60616,31,4,,0,71,,60624,31,4,,0,106,,60618,31,4,,0,101,,60617,31,4,,0,101,,60619,31,4,,0,98,,60620,31,4,,0,103,,60622,31,4,,0,103,,60623,31,4,,0,85,,60628,32,4,,0,27,,60625,31,4,,0,100,,60615,31,4,,0,80,,60632,31,4,,0,41,,60626,31,4,,0,82,,60627,31,4,,0,80,,60631,31,4,,0,102,,60629,31,4,,0,104,,60630,31,4,,0,112,,60633,31,4,,0
6000,'5078',834,,60649,31,4,,0,102,,60650,31,4,,0,102,,60652,31,4,,0,107,,60651,31,4,,0,105,,60656,31,4,,0,105,,60655,31,4,,0,145,,60654,31,4,,0,104,,60653,31,4,,0,101,,60659,31,4,,0,102,,60660,31,4,,0,104,,60661,31,4,,0,104,,60658,31,4,,0,120,,60657,31,4,,0
6001,'4332',720,,60710,1,0,28 37 14,0,100,,60711,1,0,28 37 14,0,100,,60712,1,0,28 37 14,0,100,,60709,1,0,28 37 14,0,105,,60708,1,0,28 37 14,0,105,,60707,1,0,28 37 14,0,105,,60706,1,0,28 37 14,0,105,,60705,1,0,28 37 14,0,105,,60704,1,0,28 37 14,0,105,,60703,1,0,28 37 14,0,105,,60702,1,0,28 37 14,0,145,,60701,1,0,28 37 14,0,105,,60700,1,0,28 37 14,0,107,,60699,1,0,28 37 14,0
6001,'4661',709,,60730,1,0,28 37 14,0,37,,60728,1,0,28 37 14,0,72,,60729,1,0,28 37 14,0,40,,60727,1,0,28 37 14,0,93,,60726,1,0,28 37 14,0,101,,60731,1,0,28 37 14,0,101,,60732,1,0,28 37 14,0,102,,60733,1,0,28 37 14,0,150,,60734,1,0,28 37 14,0,97,,60735,1,0,28 37 14,0,50,,60736,1,0,28 37 14,0,85,,60737,1,0,28 37 14,0,82,,60742,1,0,28 37 14,0,85,,60739,1,0,28 37 14,0,100,,60738,1,0,28 37 14,0,100,,60740,1,0,28 37 14,0,110,,60741,1,0,28 37 14,0,107,,60743,1,0,28 37 14,0
6001,'4663',709,,60685,1,0,28 37 14,0,37,,60683,1,0,28 37 14,0,72,,60684,1,0,28 37 14,0,40,,60682,1,0,28 37 14,0,93,,60681,1,0,28 37 14,0,101,,60686,1,0,28 37 14,0,101,,60687,1,0,28 37 14,0,102,,60688,1,0,28 37 14,0,150,,60689,1,0,28 37 14,0,97,,60690,1,0,28 37 14,0,50,,60691,1,0,28 37 14,0,85,,60692,1,0,28 37 14,0,82,,60697,1,0,28 37 14,0,85,,60694,1,0,28 37 14,0,100,,60693,1,0,28 37 14,0,100,,60695,1,0,28 37 14,0,110,,60696,1,0,28 37 14,0,107,,60698,1,0,28 37 14,0
6001,'5078',820,,60714,1,0,28 37 14,0,100,,60715,1,0,28 37 14,0,100,,60716,1,0,28 37 14,0,105,,60713,1,0,28 37 14,0,105,,60719,1,0,28 37 14,0,105,,60720,1,0,28 37 14,0,105,,60718,1,0,28 37 14,0,105,,60717,1,0,28 37 14,0,105,,60722,1,0,28 37 14,0,105,,60723,1,0,28 37 14,0,145,,60721,1,0,28 37 14,0,105,,60725,1,0,28 37 14,0,107,,60724,1,0,28 37 14,0
