6100,'4663',541,,60746,47,,,0,76,,60744,47,,,0,13,,60747,47,,,0,20,,60748,47,,,0,60,,60750,47,,,0,19,,60754,47,,,0,19,,60761,47,,,0,69,,60763,47,,,0,19,,60756,29,0,30 14,0,80,,60745,29,0,30 14,0,36,,60749,29,0,30 14,0,64,,60760,29,0,30 14,0,36,,60752,29,0,30 14,0,88,,60751,29,0,30 14,0,76,,60758,29,0,30 14,0,35,,60753,29,0,30 14,0,74,,60755,29,0,30 14,0,79,,60762,29,0,30 14,0,30,,60757,29,0,30 14,0,67,,60781,29,0,30 14,0,12,,60759,29,0,30 14,0,33,,60764,29,0,30 14,0,82,,60765,29,0,30 14,0,26,,60768,29,0,30 14,0,79,,60772,29,0,30 14,0,70,,60767,29,0,30 14,0,25,,60766,29,0,30 14,0,28,,60771,29,0,30 14,0,72,,60773,29,0,30 14,0,30,,60769,29,0,30 14,0,70,,60770,29,0,30 14,0,95,,60774,29,0,30 14,0,81,,60775,29,0,30 14,0,104,,60777,29,0,30 14,0,33,,60778,29,0,30 14,0,100,,60779,29,0,30 14,0,74,,60780,29,0,30 14,0,100,,60776,29,0,30,0
6100,'5372',541,,50731,47,,,0,76,,46007,47,,,0,13,,50732,47,,,0,20,,46011,47,,,0,60,,46013,47,,,0,19,,46017,47,,,0,19,,46024,47,,,0,69,,46026,47,,,0,19,,46019,29,0,30 14,0,80,,46008,29,0,30 14,0,36,,46012,29,0,30 14,0,64,,46023,29,0,30 14,0,36,,46015,29,0,30 14,0,88,,50733,29,0,30 14,0,76,,51797,29,0,30 14,0,35,,46016,29,0,30 14,0,74,,46018,29,0,30 14,0,79,,51798,29,0,30 14,0,30,,46020,29,0,30 14,0,79,,46022,29,0,30 14,0,33,,51799,29,0,30 14,0,82,,46028,29,0,30 14,0,26,,46030,29,0,30 14,0,79,,46034,29,0,30 14,0,70,,51800,29,0,30 14,0,53,,51802,29,0,30 14,0,72,,51803,29,0,30 14,0,30,,60782,29,0,30 14,0,70,,46032,29,0,30 14,0,95,,51804,29,0,30 14,0,81,,46037,29,0,30 14,0,104,,46038,29,0,30 14,0,33,,46039,29,0,30 14,0,100,,46040,29,0,30 14,0,74,,46041,29,0,30 14,0
6100,'5373',1828,,60783,29,0,30 14,0
6100,'5377',656,,46111,29,0,30 14,0,144,,46112,29,0,30 14,0,43,,46113,29,0,30 14,0,96,,46114,29,0,30 14,0,83,,46115,29,0,30 14,0,86,,46116,29,0,30 14,0,97,,46117,29,0,30 14,0,42,,46118,29,0,30 14,0,101,,50720,29,0,30 14,0,94,,46120,29,0,30 14,0,103,,50721,29,0,30 14,0,78,,46122,29,0,30 14,0,102,,46123,29,0,30 14,0,86,,46124,29,0,30 14,0,103,,46125,29,0,30 14,0,86,,46126,29,0,30 14,0,46,,46127,29,0,30 14,0,101,,46128,29,0,30 14,0,93,,50722,29,0,30 14,0,101,,46130,29,0,30 14,0,74,,50723,29,0,30,0
6100,'5381',1828,,60784,29,0,30 14,0
6100,'5383',653,,60786,29,0,30 14,0,99,,60787,29,0,30 14,0,82,,60785,29,0,30 14,0,98,,60788,29,0,30 14,0,95,,60789,29,0,30 14,0,82,,60790,29,0,30 14,0,35,,60791,29,0,30 14,0,87,,60792,29,0,30 14,0,75,,60793,29,0,30 14,0,35,,60794,29,0,30 14,0,76,,60795,29,0,30 14,0,37,,60796,29,0,30 14,0,77,,60797,29,0,30 14,0,77,,60798,29,0,30 14,0,26,,60799,29,0,30 14,0,78,,60800,29,0,30 14,0,41,,60801,29,0,30 14,0,72,,60802,29,0,30 14,0,31,,60803,29,0,30 14,0,71,,60804,29,0,30 14,0,73,,60805,29,0,30 14,0,43,,60806,29,0,30 14,0,81,,60807,29,0,30 14,0,81,,60808,29,0,30 14,0,103,,60809,29,0,30 14,0,32,,60810,29,0,30 14,0,100,,60811,29,0,30 14,0,78,,60812,29,0,30,0,99,,60813,29,0,30,0
6100,'5384',656,,60814,29,0,30 14,0,144,,60815,29,0,30 14,0,43,,60816,29,0,30 14,0,96,,60817,29,0,30 14,0,83,,60818,29,0,30 14,0,86,,60819,29,0,30 14,0,97,,60820,29,0,30 14,0,42,,60821,29,0,30 14,0,101,,60822,29,0,30 14,0,94,,60823,29,0,30 14,0,103,,60824,29,0,30 14,0,78,,60825,29,0,30 14,0,102,,60826,29,0,30 14,0,86,,60827,29,0,30 14,0,103,,60828,29,0,30 14,0,86,,60829,29,0,30 14,0,46,,60830,29,0,30 14,0,101,,60831,29,0,30 14,0,93,,60832,29,0,30 14,0,101,,60833,29,0,30 14,0,74,,60834,29,0,30,0
6100,'5385',541,,60837,47,,,0,76,,60835,47,,,0,13,,60838,47,,,0,20,,60839,47,,,0,60,,60841,47,,,0,19,,60845,47,,,0,19,,60852,47,,,0,69,,60854,47,,,0,19,,60847,29,0,30 14,0,80,,60836,29,0,30 14,0,36,,60840,29,0,30 14,0,64,,60851,29,0,30 14,0,36,,60843,29,0,30 14,0,88,,60842,29,0,30 14,0,76,,60849,29,0,30 14,0,35,,60844,29,0,30 14,0,74,,60846,29,0,30 14,0,79,,60853,29,0,30 14,0,30,,60848,29,0,30 14,0,79,,60850,29,0,30 14,0,33,,60855,29,0,30 14,0,82,,60856,29,0,30 14,0,26,,60858,29,0,30 14,0,79,,60862,29,0,30 14,0,70,,60857,29,0,30 14,0,53,,60861,29,0,30 14,0,72,,60863,29,0,30 14,0,30,,60859,29,0,30 14,0,70,,60860,29,0,30 14,0,95,,60864,29,0,30 14,0,81,,60865,29,0,30 14,0,104,,60866,29,0,30 14,0,33,,60867,29,0,30 14,0,100,,60868,29,0,30 14,0,74,,60869,29,0,30 14,0
6100,'5387',1828,,60870,29,0,30 14,0
6100,'5388',1828,,60871,29,0,30 14,0
