2501,'4663',618,,57137,16,,,0,40,,57140,16,,,0,76,,57134,16,0,6 7,0,78,,57133,16,,,0,114,,57143,16,,,0,101,,57139,16,,,0,99,,57136,16,,,0,100,,57135,16,,,0,100,,57138,16,,,0,105,,57142,16,,,0,92,,57141,16,,,0,101,,57144,16,,,0,80,,57145,16,,,0,46,,57146,16,,,0,86,,57147,16,,,0,96,,57148,16,,,0,103,,57149,16,,,0,171,,57150,16,,,0,130,,57151,16,,,0
2501,'5372',618,,41782,16,,,0,40,,41785,16,,,0,76,,41779,16,0,6 7,0,78,,41778,16,,,0,114,,41788,16,,,0,101,,41784,16,,,0,99,,41781,16,,,0,100,,41780,16,,,0,100,,41783,16,,,0,105,,41787,16,,,0,92,,41786,16,,,0,181,,41789,16,,,0,46,,41790,16,,,0,86,,41791,16,,,0,96,,41792,16,,,0,103,,41793,16,,,0,171,,41794,16,,,0,130,,41795,16,,,0
2501,'5373',1624,,41831,16,,,0
2501,'5377',840,,41833,16,,,0,170,,41832,16,,,0,127,,41834,16,,,0,170,,41835,16,,,0,131,,41836,16,,,0,172,,41837,16,,,0,130,,41838,16,,,0,170,,41839,16,,,0,130,,41840,16,,,0,166,,41841,16,,,0,129,,41842,16,,,0
2501,'5381',1624,,50129,16,,,0
2501,'5383',725,,57155,16,,,0,99,,57152,16,,,0,105,,57154,16,,,0,101,,57153,16,,,0,97,,57161,16,,,0,95,,57158,16,,,0,100,,57157,16,,,0,98,,57156,16,,,0,100,,57159,16,,,0,102,,57160,16,,,0,118,,57162,16,,,0,170,,57163,16,,,0,126,,57164,16,,,0,170,,57165,16,,,0,130,,57166,16,,,0
2501,'5384',840,,57168,16,,,0,170,,57167,16,,,0,127,,57169,16,,,0,170,,57170,16,,,0,131,,57171,16,,,0,172,,57172,16,,,0,130,,57173,16,,,0,170,,57174,16,,,0,130,,57175,16,,,0,166,,57176,16,,,0,129,,57177,16,,,0
2501,'5385',618,,57182,16,,,0,40,,57185,16,,,0,76,,57179,16,0,6 7,0,78,,57178,16,,,0,114,,57188,16,,,0,101,,57184,16,,,0,99,,57181,16,,,0,100,,57180,16,,,0,100,,57183,16,,,0,105,,57187,16,,,0,92,,57186,16,,,0,181,,57189,16,,,0,46,,57190,16,,,0,86,,57191,16,,,0,96,,57192,16,,,0,103,,57193,16,,,0,171,,57194,16,,,0,130,,57195,16,,,0
2501,'5387',1624,,57196,16,,,0
2501,'5388',1624,,57197,16,,,0
