8100,'4532',822,,75874,17,,,0,100,,75875,17,,,0,99,,75876,17,,,0,99,,75877,17,,,0,101,,75878,17,,,0,100,,75879,17,,,0,101,,75880,17,,,0,100,,75881,17,,,0,100,,75882,17,,,0,100,,75883,17,,,0,100,,75884,17,,,0,102,,75885,17,,,0,100,,75886,17,,,0,101,,75887,17,0,44 49,0
8100,'4623',611,,75845,17,,,0,189,,75846,17,,,0,123,,75847,17,,,0,96,,75848,17,,,0,100,,75849,17,,,0,100,,75850,17,,,0,100,,75851,17,,,0,100,,75852,17,,,0,100,,75853,17,,,0,101,,75854,17,,,0,100,,75855,17,,,0,87,,75856,17,,,0,115,,75857,17,,,0,100,,75858,17,,,0,107,,75859,17,0,44 49,0
8100,'4832',821,,75904,17,,,0,101,,75903,17,,,0,99,,75905,17,,,0,100,,75906,17,,,0,100,,75907,17,,,0,100,,75908,17,,,0,100,,75909,17,,,0,100,,75910,17,,,0,100,,75911,17,,,0,100,,75912,17,,,0,101,,75913,17,,,0,101,,75914,17,,,0,102,,75915,17,,,0,104,,75916,17,0,44 49,0
8100,'5222',611,,75888,17,,,0,189,,75889,17,,,0,123,,75890,17,,,0,96,,75891,17,,,0,100,,75892,17,,,0,100,,75893,17,,,0,100,,75894,17,,,0,100,,75895,17,,,0,100,,75896,17,,,0,101,,75897,17,,,0,100,,75898,17,,,0,87,,75899,17,,,0,115,,75900,17,,,0,100,,75901,17,,,0,107,,75902,17,0,44 49,0
8100,'5390',821,,75918,17,,,0,101,,75917,17,,,0,99,,75919,17,,,0,100,,75920,17,,,0,100,,75921,17,,,0,100,,75922,17,,,0,100,,75923,17,,,0,100,,75924,17,,,0,100,,75925,17,,,0,100,,75926,17,,,0,101,,75927,17,,,0,101,,75928,17,,,0,102,,75929,17,,,0,104,,75930,17,0,44 49,0
8700,'4623',735,,76110,29,,,0,201,,76109,29,,,0,200,,76111,29,,,0,205,,76115,22,,,0,195,,76113,29,,,0,202,,76114,29,,,0
8700,'5222',735,,76117,29,,,0,201,,76116,29,,,0,200,,76118,29,,,0,205,,76122,22,,,0,195,,76120,29,,,0,202,,76121,29,,,0
8800,'4532',811,,76163,3,,,0,98,,76164,3,,,0,100,,76165,3,,,0,100,,76166,3,,,0,100,,76167,3,,,0,99,,76168,3,,,0,100,,76159,3,,,0,100,,76160,3,,,0,100,,76161,3,,,0,100,,76162,3,,,0,98,,76156,3,,,0,100,,76157,3,,,0,102,,76158,3,,,0,100,,76155,3,,,0
8800,'4623',836,,76135,3,,,0,200,,76136,3,,,0,200,,76137,3,,,0,200,,76138,3,,,0,200,,76139,3,,,0,207,,76140,3,,,0
8800,'4832',811,,76180,3,,,0,94,,76181,3,,,0,100,,76182,3,,,0,101,,76183,3,,,0,101,,76184,3,,,0,100,,76185,3,,,0,99,,76176,3,,,0,99,,76177,3,,,0,100,,76178,3,,,0,101,,76179,3,,,0,102,,76187,3,,,0,99,,76188,3,,,0,100,,76175,3,,,0,98,,76186,3,,,0
8800,'5222',836,,76169,3,,,0,200,,76170,3,,,0,200,,76171,3,,,0,200,,76172,3,,,0,200,,76173,3,,,0,207,,76174,3,,,0
8800,'5390',811,,76194,3,,,0,94,,76195,3,,,0,100,,76196,3,,,0,101,,76197,3,,,0,101,,76198,3,,,0,100,,76199,3,,,0,99,,76190,3,,,0,99,,76191,3,,,0,100,,76192,3,,,0,101,,76193,3,,,0,102,,76201,3,,,0,99,,76202,3,,,0,100,,76189,3,,,0,98,,76200,3,,,0
1008800,'4623',625,,77505,3,,,0,185,,77506,3,,,0,96,,77507,3,,,0,100,,77508,3,,,0,100,,77509,3,,,0,100,,77510,3,,,0,100,,77511,3,,,0,100,,77512,3,,,0,100,,77513,3,,,0,100,,77514,3,,,0,100,,77515,3,,,0,107,,77516,3,,,0,98,,77517,3,,,0,30,,77518,3,,,0,70,,77519,3,,,0,31,,77520,3,,,0,70,,77521,3,,,0
1008800,'5222',625,,77522,3,,,0,185,,77523,3,,,0,96,,77524,3,,,0,100,,77525,3,,,0,100,,77526,3,,,0,100,,77527,3,,,0,100,,77528,3,,,0,100,,77529,3,,,0,100,,77530,3,,,0,100,,77531,3,,,0,100,,77532,3,,,0,107,,77533,3,,,0,98,,77534,3,,,0,30,,77535,3,,,0,70,,77536,3,,,0,31,,77537,3,,,0,70,,77538,3,,,0
