4800,'4737',631,,12109,25,,,0,20,,12108,25,,,0,66,,12107,25,,,0
4800,'4744',631,,12112,25,,,0,20,,12111,25,,,0,66,,12110,25,,,0
4800,'4947',631,,12115,25,,,0,20,,12114,25,,,0,66,,12113,25,,,0
6001,'4487',729,,13915,13,,,0,101,,13916,13,,,0,100,,13917,13,,,0,101,,13914,13,,,0,105,,13913,13,,,0,105,,13912,13,,,0,106,,13911,13,,,0,105,,13910,13,,,0,104,,13909,13,,,0,145,,13908,13,,,0,105,,13907,13,,,0,105,,13906,13,,,0,104,,13905,13,,,0,107,,13904,13,,,0
6001,'4737',719,,13922,13,,,0,38,,13920,13,,,0,72,,13921,13,,,0,78,,13919,13,,,0,94,,13918,13,,,0,101,,13923,13,,,0,101,,13924,13,,,0,103,,13925,13,,,0,111,,13926,13,,,0,97,,13927,13,,,0,91,,13928,13,,,0,42,,13929,13,,,0,83,,13934,13,,,0,85,,13931,13,,,0,100,,13930,13,,,0,99,,13932,13,,,0,110,,13933,13,,,0,107,,13935,13,,,0
6001,'4740',729,,13947,13,,,0,101,,13948,13,,,0,100,,13949,13,,,0,101,,13946,13,,,0,105,,13945,13,,,0,105,,13944,13,,,0,106,,13943,13,,,0,105,,13942,13,,,0,104,,13941,13,,,0,145,,13940,13,,,0,105,,13939,13,,,0,105,,13938,13,,,0,104,,13937,13,,,0,107,,13936,13,,,0
6001,'4744',719,,13954,13,,,0,38,,13952,13,,,0,72,,13953,13,,,0,78,,13951,13,,,0,94,,13950,13,,,0,101,,13955,13,,,0,101,,13956,13,,,0,103,,13957,13,,,0,111,,13958,13,,,0,97,,13959,13,,,0,91,,13960,13,,,0,42,,13961,13,,,0,83,,13966,13,,,0,85,,13963,13,,,0,100,,13962,13,,,0,99,,13964,13,,,0,110,,13965,13,,,0,107,,13967,13,,,0
6001,'4745',829,,13969,13,,,0,101,,13970,13,,,0,101,,13971,13,,,0,105,,13968,13,,,0,105,,13974,13,,,0,105,,13975,13,,,0,106,,13973,13,,,0,105,,13972,13,,,0,145,,13977,13,,,0,104,,13978,13,,,0,105,,13976,13,,,0,104,,13980,13,,,0,106,,13979,13,,,0
6001,'4947',719,,13985,13,,,0,38,,13983,13,,,0,72,,13984,13,,,0,78,,13982,13,,,0,94,,13981,13,,,0,101,,13986,13,,,0,101,,13987,13,,,0,103,,13988,13,,,0,111,,13989,13,,,0,97,,13990,13,,,0,91,,13991,13,,,0,42,,13992,13,,,0,83,,13997,13,,,0,85,,13994,13,,,0,100,,13993,13,,,0,99,,13995,13,,,0,110,,13996,13,,,0,107,,13998,13,,,0
6001,'4954',829,,14000,13,,,0,101,,14001,13,,,0,101,,14002,13,,,0,105,,13999,13,,,0,105,,14005,13,,,0,105,,14006,13,,,0,106,,14004,13,,,0,105,,14003,13,,,0,145,,14008,13,,,0,104,,14009,13,,,0,105,,14007,13,,,0,104,,14011,13,,,0,106,,14010,13,,,0
