401,'4745',2404,,1623,21,4,,0
401,'4954',2404,,1745,21,4,,0
901,'4737',1519,,3577,21,0,24,0,16,,3580,21,0,24,0,73,,3576,21,0,24,0,35,,3581,21,0,24,0,60,,3578,21,,,0,13,,3579,21,0,24,0,13,,3582,21,0,24,0,15,,3575,21,,,0
901,'4744',1519,,3585,21,0,24,0,16,,3588,21,0,24,0,73,,3584,21,0,24,0,35,,3589,21,0,24,0,60,,3586,21,,,0,13,,3587,21,0,24,0,13,,3590,21,0,24,0,15,,3583,21,,,0
901,'4947',1519,,3593,21,0,24,0,16,,3596,21,0,24,0,73,,3592,21,0,24,0,35,,3597,21,0,24,0,60,,3594,21,,,0,13,,3595,21,0,24,0,13,,3598,21,0,24,0,15,,3591,21,,,0
1101,'4487',706,,4126,47,,,0,36,,4114,47,,,0,75,,4119,47,,,0,30,,4144,47,,,0,77,,4127,47,,,0,30,,4113,47,,,0,70,,4122,47,,,0,31,,4138,47,,,0,65,,4116,47,,,0,20,,4140,47,,,0,66,,4128,47,,,0,25,,4115,47,,,0,26,,4120,47,,,0,65,,4137,47,,,0,25,,4117,47,,,0,66,,4135,47,,,0,25,,4125,47,,,0,65,,4118,47,,,0,25,,4124,47,,,0,25,,4146,47,,,0,65,,4121,47,,,0,24,,4139,47,,,0,65,,4129,47,,,0,25,,4123,47,,,0,25,,4145,47,,,0,64,,4136,47,,,0,24,,4142,47,,,0,65,,4143,47,,,0,24,,4130,47,,,0,25,,4141,47,,,0,65,,4134,47,,,0,25,,4133,47,,,0,65,,4131,47,,,0,35,,4132,47,,,0,70,,4149,47,,,0,29,,4147,47,,,0,72,,4148,47,,,0,28,,4150,47,,,0,85,,4151,47,,,0
1101,'4737',610,,4198,47,,,0,30,,4190,47,,,0,61,,4173,47,,,0,22,,4180,47,,,0,21,,4158,47,,,0,61,,4175,47,,,0,20,,4194,47,,,0,20,,4171,47,,,0,59,,4191,47,,,0,19,,4166,47,,,0,20,,4159,47,,,0,59,,4184,47,,,0,25,,4174,47,,,0,26,,4196,47,,,0,65,,4170,47,,,0,25,,4193,47,,,0,65,,4160,47,,,0,25,,4183,47,,,0,25,,4167,47,,,0,66,,4199,47,,,0,26,,4172,47,,,0,66,,4192,47,,,0,27,,4154,47,,,0,59,,4152,47,,,0,17,,4182,47,,,0,18,,4176,47,,,0,16,,4153,47,,,0,57,,4197,47,,,0,19,,4168,47,,,0,18,,4155,47,,,0,58,,4189,47,,,0,20,,4157,47,,,0,19,,4156,47,,,0,58,,4181,47,,,0,20,,4169,47,,,0,22,,4195,47,,,0,59,,4161,47,,,0,17,,4164,47,,,0,20,,4187,47,,,0,68,,4162,47,,,0,35,,4165,47,,,0,70,,4163,47,,,0,34,,4188,47,,,0,70,,4177,47,,,0,35,,4178,47,,,0,70,,4179,47,,,0,27,,4186,47,,,0,85,,4185,47,,,0
1101,'4740',706,,4213,47,,,0,36,,4201,47,,,0,75,,4206,47,,,0,30,,4231,47,,,0,77,,4214,47,,,0,30,,4200,47,,,0,70,,4209,47,,,0,31,,4225,47,,,0,65,,4203,47,,,0,20,,4227,47,,,0,66,,4215,47,,,0,25,,4202,47,,,0,26,,4207,47,,,0,65,,4224,47,,,0,25,,4204,47,,,0,66,,4222,47,,,0,25,,4212,47,,,0,65,,4205,47,,,0,25,,4211,47,,,0,25,,4233,47,,,0,65,,4208,47,,,0,24,,4226,47,,,0,65,,4216,47,,,0,25,,4210,47,,,0,25,,4232,47,,,0,64,,4223,47,,,0,24,,4229,47,,,0,65,,4230,47,,,0,24,,4217,47,,,0,25,,4228,47,,,0,65,,4221,47,,,0,25,,4220,47,,,0,65,,4218,47,,,0,35,,4219,47,,,0,70,,4236,47,,,0,29,,4234,47,,,0,72,,4235,47,,,0,28,,4237,47,,,0,85,,4238,47,,,0
1101,'4744',610,,4285,47,,,0,30,,4277,47,,,0,61,,4260,47,,,0,22,,4267,47,,,0,21,,4245,47,,,0,61,,4262,47,,,0,20,,4281,47,,,0,20,,4258,47,,,0,59,,4278,47,,,0,19,,4253,47,,,0,20,,4246,47,,,0,59,,4271,47,,,0,25,,4261,47,,,0,26,,4283,47,,,0,65,,4257,47,,,0,25,,4280,47,,,0,65,,4247,47,,,0,25,,4270,47,,,0,25,,4254,47,,,0,66,,4286,47,,,0,26,,4259,47,,,0,66,,4279,47,,,0,27,,4241,47,,,0,59,,4239,47,,,0,17,,4269,47,,,0,18,,4263,47,,,0,16,,4240,47,,,0,57,,4284,47,,,0,19,,4255,47,,,0,18,,4242,47,,,0,58,,4276,47,,,0,20,,4244,47,,,0,19,,4243,47,,,0,58,,4268,47,,,0,20,,4256,47,,,0,22,,4282,47,,,0,59,,4248,47,,,0,17,,4251,47,,,0,20,,4274,47,,,0,68,,4249,47,,,0,35,,4252,47,,,0,70,,4250,47,,,0,34,,4275,47,,,0,70,,4264,47,,,0,35,,4265,47,,,0,70,,4266,47,,,0,27,,4273,47,,,0,85,,4272,47,,,0
1101,'4745',726,,4287,47,,,0,85,,4292,47,,,0,46,,4289,47,,,0,86,,4288,47,,,0,76,,4290,47,,,0,31,,4291,47,,,0,70,,4293,47,,,0,30,,4294,47,,,0,68,,4295,47,,,0,30,,4296,47,,,0,71,,4298,47,,,0,27,,4300,47,,,0,70,,4299,47,,,0,30,,4297,47,,,0,71,,4301,47,,,0,30,,4302,47,,,0,69,,4303,47,,,0,30,,4304,47,,,0,70,,4306,47,,,0,29,,4305,47,,,0,70,,4308,47,,,0,29,,4307,47,,,0,70,,4310,47,,,0,35,,4309,47,,,0,84,,4311,47,,,0,80,,4312,47,,,0,44,,4313,47,,,0,84,,4314,47,,,0,78,,4315,47,,,0,38,,4316,47,,,0
1101,'4947',610,,4363,47,,,0,30,,4355,47,,,0,61,,4338,47,,,0,22,,4345,47,,,0,21,,4323,47,,,0,61,,4340,47,,,0,20,,4359,47,,,0,20,,4336,47,,,0,59,,4356,47,,,0,19,,4331,47,,,0,20,,4324,47,,,0,59,,4349,47,,,0,25,,4339,47,,,0,26,,4361,47,,,0,65,,4335,47,,,0,25,,4358,47,,,0,65,,4325,47,,,0,25,,4348,47,,,0,25,,4332,47,,,0,66,,4364,47,,,0,26,,4337,47,,,0,66,,4357,47,,,0,27,,4319,47,,,0,59,,4317,47,,,0,17,,4347,47,,,0,18,,4341,47,,,0,16,,4318,47,,,0,57,,4362,47,,,0,19,,4333,47,,,0,18,,4320,47,,,0,58,,4354,47,,,0,20,,4322,47,,,0,19,,4321,47,,,0,58,,4346,47,,,0,20,,4334,47,,,0,22,,4360,47,,,0,59,,4326,47,,,0,17,,4329,47,,,0,20,,4352,47,,,0,68,,4327,47,,,0,35,,4330,47,,,0,70,,4328,47,,,0,34,,4353,47,,,0,70,,4342,47,,,0,35,,4343,47,,,0,70,,4344,47,,,0,27,,4351,47,,,0,85,,4350,47,,,0
1101,'4954',726,,4365,47,,,0,85,,4370,47,,,0,46,,4367,47,,,0,86,,4366,47,,,0,76,,4368,47,,,0,31,,4369,47,,,0,70,,4371,47,,,0,30,,4372,47,,,0,68,,4373,47,,,0,30,,4374,47,,,0,71,,4376,47,,,0,27,,4378,47,,,0,70,,4377,47,,,0,30,,4375,47,,,0,71,,4379,47,,,0,30,,4380,47,,,0,69,,4381,47,,,0,30,,4382,47,,,0,70,,4384,47,,,0,29,,4383,47,,,0,70,,4386,47,,,0,29,,4385,47,,,0,70,,4388,47,,,0,35,,4387,47,,,0,84,,4389,47,,,0,80,,4390,47,,,0,44,,4391,47,,,0,84,,4392,47,,,0,78,,4393,47,,,0,38,,4394,47,,,0
