2700,'4663',519,,57707,19,,,0,40,,57708,19,,,0,66,,57714,19,,,0,22,,57721,19,,,0,69,,57734,19,,,0,26,,57715,45,,,0,63,,57739,19,,,0,30,,57740,19,,,0,20,,57727,45,,,0,62,,57760,45,,,0,22,,57741,45,,,0,65,,57722,45,,,0,27,,57711,45,,,0,25,,57710,45,,,0,67,,57709,45,,,0,27,,57712,45,,,0,67,,57726,45,,,0,27,,57738,45,,,0,66,,57719,45,,,0,26,,57713,45,,,0,64,,57751,19,,,0,2,,57717,45,,,0,25,,57718,45,,,0,26,,57720,45,,,0,64,,57725,45,,,0,21,,57716,45,,,0,16,,57747,45,,,0,56,,57752,45,,,0,16,,57753,45,,,0,16,,57754,45,,,0,16,,57728,45,,,0,56,,57755,45,,,0,17,,57723,45,,,0,14,,57724,45,,,0,55,,57731,45,,,0,13,,57729,45,,,0,16,,57730,45,,,0,15,,57732,45,,,0,15,,57733,45,,,0,61,,57735,45,,,0,23,,57736,45,,,0,66,,57737,45,,,0,28,,57742,45,,,0,69,,57745,45,,,0,28,,57744,45,,,0,69,,57743,45,,,0,30,,57746,45,,,0,75,,57749,45,,,0,39,,57750,45,,,0,77,,57748,45,,,0,82,,57756,45,,,0,40,,57758,45,,,0,78,,57757,45,,,0,79,,57759,45,,,0
2700,'5372',519,,42459,19,,,0,40,,42460,19,,,0,66,,42466,19,,,0,22,,42473,19,,,0,69,,42485,19,,,0,26,,42467,45,,,0,63,,42489,19,,,0,30,,42490,19,,,0,20,,42479,45,,,0,62,,57766,45,,,0,22,,42491,45,,,0,65,,42474,45,,,0,27,,57761,45,,,0,25,,42462,45,,,0,67,,42461,45,,,0,27,,42464,45,,,0,67,,57764,45,,,0,27,,42488,45,,,0,66,,42471,45,,,0,26,,57762,45,,,0,66,,42469,45,,,0,25,,42470,45,,,0,26,,42472,45,,,0,64,,57763,45,,,0,7,,42503,19,,,0,14,,42468,45,,,0,16,,42495,45,,,0,56,,51679,45,,,0,16,,42500,45,,,0,16,,42501,45,,,0,16,,42480,45,,,0,56,,57765,45,,,0,17,,50188,45,,,0,14,,42476,45,,,0,55,,42482,45,,,0,29,,42481,45,,,0,15,,42483,45,,,0,15,,42484,45,,,0,61,,42486,45,,,0,89,,42487,45,,,0,28,,42492,45,,,0,97,,42494,45,,,0,69,,42493,45,,,0,105,,42497,45,,,0,39,,42498,45,,,0,77,,42496,45,,,0
2700,'5373',1813,,42613,45,,,0,130,,42614,45,,,0,163,,42615,45,,,0,127,,42616,45,,,0
2700,'5377',651,,42618,19,,,0,82,,42617,45,,,0,70,,42619,45,,,0,29,,42620,45,,,0,70,,42621,45,,,0,30,,42622,45,,,0,69,,42623,45,,,0,28,,42624,45,,,0,27,,42625,45,,,0,67,,42626,45,,,0,25,,42627,45,,,0,65,,42628,45,,,0,23,,42629,45,,,0,64,,42630,45,,,0,22,,42631,45,,,0,24,,42632,45,,,0,63,,42633,45,,,0,23,,42634,45,,,0,23,,42635,45,,,0,63,,42636,45,,,0,23,,42637,45,,,0,63,,42638,45,,,0,23,,42639,45,,,0,23,,42640,45,,,0,63,,42641,45,,,0,23,,42642,45,,,0,23,,42643,45,,,0,63,,42644,45,,,0,24,,42645,45,,,0,65,,42646,45,,,0,25,,42647,45,,,0,68,,42648,45,,,0,29,,42649,45,,,0,70,,42650,45,,,0,30,,42651,45,,,0,76,,42652,45,,,0,42,,42653,45,,,0,79,,42654,45,,,0,99,,42655,45,,,0
2700,'5381',1813,,42559,45,,,0,130,,42560,45,,,0,163,,42561,45,,,0,127,,42562,45,,,0
2700,'5383',622,,57767,19,,,0,37,,57768,45,,,0,71,,57769,45,,,0,28,,57770,45,,,0,70,,57771,45,,,0,27,,57772,45,,,0,67,,57773,45,,,0,27,,57774,45,,,0,66,,57775,45,,,0,26,,57776,45,,,0,62,,57777,45,,,0,23,,57778,45,,,0,23,,57779,45,,,0,62,,57780,45,,,0,23,,57781,45,,,0,22,,57782,45,,,0,63,,57783,45,,,0,23,,57784,45,,,0,63,,57785,45,,,0,23,,57786,45,,,0,20,,57787,45,,,0,61,,57788,45,,,0,21,,57789,45,,,0,21,,57790,45,,,0,61,,57791,45,,,0,20,,57792,45,,,0,19,,57793,45,,,0,61,,57794,45,,,0,19,,57795,45,,,0,21,,57796,45,,,0,60,,57797,45,,,0,20,,57798,45,,,0,20,,57799,45,,,0,60,,57800,45,,,0,26,,57801,45,,,0,66,,57802,45,,,0,29,,57803,45,,,0,70,,57804,45,,,0,29,,57805,45,,,0,70,,57806,45,,,0,30,,57807,45,,,0,73,,57808,45,,,0,31,,57809,45,,,0,70,,57810,45,,,0,31,,57811,45,,,0,68,,57812,45,,,0,28,,57813,45,,,0,70,,57814,45,,,0,30,,57815,45,,,0,69,,57816,45,,,0
2700,'5384',651,,57818,19,,,0,82,,57817,45,,,0,70,,57819,45,,,0,29,,57820,45,,,0,70,,57821,45,,,0,30,,57822,45,,,0,69,,57823,45,,,0,28,,57824,45,,,0,27,,57825,45,,,0,67,,57826,45,,,0,25,,57827,45,,,0,65,,57828,45,,,0,23,,57829,45,,,0,64,,57830,45,,,0,22,,57831,45,,,0,24,,57832,45,,,0,63,,57833,45,,,0,23,,57834,45,,,0,23,,57835,45,,,0,63,,57836,45,,,0,23,,57837,45,,,0,63,,57838,45,,,0,23,,57839,45,,,0,23,,57840,45,,,0,63,,57841,45,,,0,23,,57842,45,,,0,23,,57843,45,,,0,63,,57844,45,,,0,24,,57845,45,,,0,65,,57846,45,,,0,25,,57847,45,,,0,68,,57848,45,,,0,29,,57849,45,,,0,70,,57850,45,,,0,30,,57851,45,,,0,76,,57852,45,,,0,42,,57853,45,,,0,79,,57854,45,,,0,99,,57855,45,,,0
2700,'5385',519,,57856,19,,,0,40,,57857,19,,,0,66,,57863,19,,,0,22,,57870,19,,,0,69,,57882,19,,,0,26,,57864,45,,,0,63,,57886,19,,,0,30,,57887,19,,,0,20,,57876,45,,,0,62,,57901,45,,,0,22,,57888,45,,,0,65,,57871,45,,,0,27,,57860,45,,,0,25,,57859,45,,,0,67,,57858,45,,,0,27,,57861,45,,,0,67,,57875,45,,,0,27,,57885,45,,,0,66,,57868,45,,,0,26,,57862,45,,,0,66,,57866,45,,,0,25,,57867,45,,,0,26,,57869,45,,,0,64,,57874,45,,,0,7,,57900,19,,,0,14,,57865,45,,,0,16,,57892,45,,,0,56,,57896,45,,,0,16,,57897,45,,,0,16,,57898,45,,,0,16,,57877,45,,,0,56,,57899,45,,,0,17,,57872,45,,,0,14,,57873,45,,,0,55,,57879,45,,,0,29,,57878,45,,,0,15,,57880,45,,,0,15,,57881,45,,,0,61,,57883,45,,,0,89,,57884,45,,,0,28,,57889,45,,,0,97,,57891,45,,,0,69,,57890,45,,,0,105,,57894,45,,,0,39,,57895,45,,,0,77,,57893,45,,,0
2700,'5387',1813,,57902,45,,,0,130,,57903,45,,,0,163,,57904,45,,,0,127,,57905,45,,,0
2700,'5388',1813,,57906,45,,,0,130,,57907,45,,,0,163,,57908,45,,,0,127,,57909,45,,,0
