1700,'4663',758,,56429,10,,,0
1700,'5372',758,,40938,10,,,0
1700,'5385',758,,56430,10,,,0
1701,'4663',1510,,56431,12,,,0
1701,'5372',1510,,40940,12,,,0
1701,'5385',1510,,56432,12,,,0
2601,'4332',628,,57529,14,,,0,30,,57530,14,,,0,66,,57531,14,,,0,17,,57532,14,,,0,17,,57533,14,,,0,57,,57534,14,,,0,17,,57535,14,,,0,18,,57536,14,,,0,57,,57537,14,,,0,17,,57538,14,,,0,17,,57539,14,,,0,17,,57540,14,,,0,57,,57541,14,,,0,17,,57542,14,,,0,17,,57543,14,,,0,57,,57544,14,,,0,17,,57545,14,,,0,18,,57528,14,,,0,17,,57546,14,,,0,57,,57547,14,,,0,17,,57548,14,,,0,17,,57549,14,,,0,56,,57550,14,,,0,17,,57551,14,,,0,17,,57552,14,,,0,17,,57553,14,,,0,56,,57554,14,,,0,17,,57555,14,,,0,17,,57556,14,,,0,56,,57557,14,,,0,16,,57558,14,,,0,16,,57559,14,,,0,16,,57560,14,,,0,57,,57561,14,,,0,17,,57562,14,,,0,17,,57563,14,,,0,17,,57564,14,,,0,57,,57565,14,,,0,18,,57566,14,,,0,20,,57567,14,,,0,60,,57568,14,,,0,20,,57569,14,,,0,20,,57570,14,,,0,60,,57571,14,,,0,20,,57572,14,,,0,18,,57573,14,,,0,60,,57574,14,,,0,20,,57575,14,,,0,20,,57576,14,,,0,60,,57577,14,,,0,20,,57578,14,,,0,20,,57579,14,,,0,60,,57580,14,,,0,22,,57581,14,,,0,70,,57582,14,,,0,30,,57583,14,,,0,70,,57584,14,,,0,30,,57585,14,,,0,71,,57586,14,,,0
2601,'4663',602,,57476,14,,,0,22,,57477,14,,,0,17,,57478,14,,,0,14,,57475,14,,,0,55,,57484,14,,,0,16,,57495,14,,,0,16,,57490,14,,,0,12,,57506,14,,,0,57,,57486,14,,,0,15,,57491,14,,,0,11,,57488,14,,,0,15,,57494,14,,,0,55,,57485,14,,,0,14,,57493,14,,,0,15,,57501,14,,,0,15,,57487,14,,,0,55,,57489,14,,,0,15,,57496,14,,,0,15,,57505,14,,,0,15,,57481,14,,,0,55,,57479,14,,,0,15,,57482,14,,,0,14,,57492,14,,,0,14,,57497,14,,,0,55,,57502,14,,,0,15,,57498,14,,,0,15,,57499,14,,,0,15,,57503,14,,,0,56,,57504,14,,,0,15,,57500,14,,,0,14,,57483,14,,,0,12,,57524,14,,,0,13,,57480,14,,,0,53,,57520,14,,,0,14,,57518,14,,,0,15,,57511,14,,,0,11,,57510,14,,,0,55,,57512,14,,,0,15,,57509,14,,,0,15,,57507,14,,,0,15,,57519,14,,,0,53,,57514,14,,,0,15,,57525,14,,,0,14,,57523,14,,,0,16,,57517,14,,,0,54,,57515,14,,,0,15,,57522,14,,,0,15,,57516,14,,,0,14,,57508,14,,,0,55,,57470,14,,,0,15,,57469,14,,,0,16,,57471,14,,,0,15,,57474,14,,,0,55,,57472,14,,,0,15,,57513,14,,,0,15,,57521,14,,,0,20,,57468,14,,,0,60,,57473,14,,,0,20,,57466,14,,,0,18,,57462,14,,,0,60,,57458,14,,,0,20,,57467,14,,,0,70,,57457,14,,,0,31,,57460,14,,,0,71,,57461,14,,,0,30,,57464,14,,,0,69,,57465,14,,,0,31,,57459,14,,,0,70,,57463,14,,,0
2601,'5078',648,,57610,14,,,0,62,,57597,14,,,0,23,,57587,14,,,0,22,,57606,14,,,0,60,,57611,14,,,0,26,,57596,14,,,0,60,,57589,14,,,0,20,,57607,14,,,0,23,,57600,14,,,0,58,,57590,14,,,0,18,,57594,14,,,0,18,,57588,14,,,0,18,,57608,14,,,0,58,,57592,14,,,0,19,,57613,14,,,0,18,,57591,14,,,0,58,,57595,14,,,0,18,,57593,14,,,0,18,,57604,14,,,0,58,,57601,14,,,0,18,,57614,14,,,0,18,,57598,14,,,0,18,,57609,14,,,0,58,,57602,14,,,0,18,,57605,14,,,0,18,,57603,14,,,0,58,,57612,14,,,0,18,,57599,14,,,0,18,,57623,14,,,0,58,,57618,14,,,0,18,,57622,14,,,0,17,,57616,14,,,0,17,,57625,14,,,0,57,,57615,14,,,0,20,,57621,14,,,0,20,,57619,14,,,0,60,,57620,14,,,0,20,,57624,14,,,0,20,,57617,14,,,0,59,,57627,14,,,0,20,,57633,14,,,0,20,,57629,14,,,0,60,,57632,14,,,0,20,,57628,14,,,0,20,,57626,14,,,0,60,,57630,14,,,0,22,,57631,14,,,0,70,,57634,14,,,0,30,,57635,14,,,0,70,,57636,14,,,0,30,,57637,14,,,0
2601,'5372',602,,42177,14,,,0,22,,42178,14,,,0,17,,42179,14,,,0,14,,42176,14,,,0,55,,42185,14,,,0,16,,42196,14,,,0,16,,42191,14,,,0,12,,42207,14,,,0,57,,42187,14,,,0,15,,42192,14,,,0,11,,51675,14,,,0,15,,42195,14,,,0,55,,42186,14,,,0,14,,42194,14,,,0,15,,42202,14,,,0,15,,50182,14,,,0,55,,42190,14,,,0,15,,42197,14,,,0,15,,42206,14,,,0,15,,42182,14,,,0,55,,51674,14,,,0,15,,42183,14,,,0,14,,42193,14,,,0,14,,50183,14,,,0,55,,42203,14,,,0,15,,42199,14,,,0,15,,50184,14,,,0,15,,42204,14,,,0,56,,42205,14,,,0,15,,42201,14,,,0,14,,42184,14,,,0,12,,42225,14,,,0,13,,42181,14,,,0,53,,42221,14,,,0,14,,42219,14,,,0,15,,42212,14,,,0,11,,42211,14,,,0,55,,42213,14,,,0,15,,42210,14,,,0,15,,42208,14,,,0,15,,50186,14,,,0,53,,42215,14,,,0,15,,42226,14,,,0,14,,42224,14,,,0,16,,42218,14,,,0,54,,50185,14,,,0,15,,42223,14,,,0,15,,42217,14,,,0,14,,42209,14,,,0,55,,50180,14,,,0,15,,42170,14,,,0,16,,42172,14,,,0,15,,42175,14,,,0,55,,50181,14,,,0,15,,42214,14,,,0,15,,42222,14,,,0,20,,50179,14,,,0,60,,42174,14,,,0,38,,42165,14,,,0,60,,42161,14,,,0,20,,50178,14,,,0,70,,42160,14,,,0,31,,42163,14,,,0,71,,42164,14,,,0,30,,42166,14,,,0,69,,42167,14,,,0,31,,50177,14,,,0
2601,'5373',2034,,57526,14,,,0
2601,'5385',602,,57655,14,,,0,22,,57656,14,,,0,17,,57657,14,,,0,14,,57654,14,,,0,55,,57663,14,,,0,16,,57674,14,,,0,16,,57669,14,,,0,12,,57685,14,,,0,57,,57665,14,,,0,15,,57670,14,,,0,11,,57667,14,,,0,15,,57673,14,,,0,55,,57664,14,,,0,14,,57672,14,,,0,15,,57680,14,,,0,15,,57666,14,,,0,55,,57668,14,,,0,15,,57675,14,,,0,15,,57684,14,,,0,15,,57660,14,,,0,55,,57658,14,,,0,15,,57661,14,,,0,14,,57671,14,,,0,14,,57676,14,,,0,55,,57681,14,,,0,15,,57677,14,,,0,15,,57678,14,,,0,15,,57682,14,,,0,56,,57683,14,,,0,15,,57679,14,,,0,14,,57662,14,,,0,12,,57703,14,,,0,13,,57659,14,,,0,53,,57699,14,,,0,14,,57697,14,,,0,15,,57690,14,,,0,11,,57689,14,,,0,55,,57691,14,,,0,15,,57688,14,,,0,15,,57686,14,,,0,15,,57698,14,,,0,53,,57693,14,,,0,15,,57704,14,,,0,14,,57702,14,,,0,16,,57696,14,,,0,54,,57694,14,,,0,15,,57701,14,,,0,15,,57695,14,,,0,14,,57687,14,,,0,55,,57649,14,,,0,15,,57648,14,,,0,16,,57650,14,,,0,15,,57653,14,,,0,55,,57651,14,,,0,15,,57692,14,,,0,15,,57700,14,,,0,20,,57647,14,,,0,60,,57652,14,,,0,38,,57643,14,,,0,60,,57639,14,,,0,20,,57646,14,,,0,70,,57638,14,,,0,31,,57641,14,,,0,71,,57642,14,,,0,30,,57644,14,,,0,69,,57645,14,,,0,31,,57640,14,,,0
2601,'5387',2034,,57705,14,,,0
2601,'5388',2034,,57706,14,,,0
4001,'4332',635,,59515,14,,,0,166,,59518,14,,,0,101,,59506,14,,,0,100,,59508,14,,,0,101,,59514,14,,,0,100,,59516,14,,,0,100,,59507,14,,,0,100,,59509,14,,,0,100,,59512,14,,,0,100,,59517,14,,,0,100,,59510,14,,,0,100,,59511,14,,,0,99,,59513,14,,,0,99,,59519,14,,,0,130,,59520,14,,,0
4001,'4663',601,,59501,14,,,0,55,,59495,14,,,0,67,,59503,14,,,0,95,,59489,14,,,0,97,,59499,14,,,0,100,,59490,14,,,0,100,,59498,14,,,0,101,,59491,14,,,0,101,,59500,14,,,0,100,,59492,14,,,0,108,,59502,14,,,0,75,,59487,14,,,0,35,,59494,14,,,0,74,,59488,14,,,0,34,,59505,14,,,0,85,,59493,14,,,0,97,,59504,14,,,0,97,,59496,14,,,0,124,,59497,14,,,0
4001,'5078',730,,59522,14,,,0,171,,59521,14,,,0,101,,59523,14,,,0,100,,59524,14,,,0,101,,59526,14,,,0,100,,59525,14,,,0,100,,59530,14,,,0,100,,59528,14,,,0,100,,59529,14,,,0,99,,59527,14,,,0,100,,59532,14,,,0,99,,59531,14,,,0,100,,59533,14,,,0
4001,'5372',601,,44537,14,,,0,55,,44531,14,,,0,67,,44539,14,,,0,95,,44525,14,,,0,97,,44535,14,,,0,100,,44526,14,,,0,100,,44534,14,,,0,101,,44527,14,,,0,101,,44536,14,,,0,100,,44528,14,,,0,108,,44538,14,,,0,75,,44523,14,,,0,35,,44530,14,,,0,74,,44524,14,,,0,34,,44541,14,,,0,85,,44529,14,,,0,97,,44540,14,,,0,97,,44532,14,,,0,124,,44533,14,,,0
4001,'5385',601,,59548,14,,,0,55,,59542,14,,,0,67,,59550,14,,,0,95,,59536,14,,,0,97,,59546,14,,,0,100,,59537,14,,,0,100,,59545,14,,,0,101,,59538,14,,,0,101,,59547,14,,,0,100,,59539,14,,,0,108,,59549,14,,,0,75,,59534,14,,,0,35,,59541,14,,,0,74,,59535,14,,,0,34,,59552,14,,,0,85,,59540,14,,,0,97,,59551,14,,,0,97,,59543,14,,,0,124,,59544,14,,,0
1002601,'4663',1408,,62929,12,,,0,106,,62930,14,,,0
1002601,'5372',1514,,48602,14,,,0,13,,48601,12,,,0
1002601,'5385',1514,,62932,14,,,0,13,,62931,12,,,0
24005101,'4663',739,,63194,6,,,0,72,,63192,6,,,0,40,,63191,6,,,0,677,,63187,6,,,0,21,,63186,6,,,0,69,,63188,6,,,0,33,,63189,6,,,0,68,,63193,6,,,0,29,,63190,6,,,0
24005101,'5372',739,,48878,6,,,0,72,,48876,6,,,0,40,,48875,6,,,0,677,,48871,6,,,0,21,,48870,6,,,0,69,,48872,6,,,0,33,,48873,6,,,0,68,,48877,6,,,0,29,,48874,6,,,0
24005101,'5385',739,,63203,6,,,0,72,,63201,6,,,0,40,,63200,6,,,0,677,,63196,6,,,0,21,,63195,6,,,0,69,,63197,6,,,0,33,,63198,6,,,0,68,,63202,6,,,0,29,,63199,6,,,0
