2201,'4663',554,,56847,14,,,0,68,,56837,14,,,0,88,,56831,6,,,0,24,,56836,20,,,0,68,,56848,20,,,0,33,,56838,20,,,0,105,,56832,20,,,0,69,,56835,20,,,0,30,,56849,20,,,0,98,,56852,20,,,0,69,,56830,6,,,0,29,,56839,6,,,0,99,,56840,6,,,0,71,,56853,6,,,0,98,,56841,6,,,0,33,,56850,6,,,0,71,,56842,6,,,0,100,,56833,6,,,0,37,,56843,6,,,0,101,,56844,6,,,0,71,,56834,6,,,0,103,,56851,6,,,0,31,,56846,6,,,0,89,,56845,6,0,5 49,0
2201,'5372',554,,50119,14,,,0,68,,50109,14,,,0,88,,50103,6,,,0,24,,50108,20,,,0,68,,50120,20,,,0,33,,50110,20,,,0,105,,50104,20,,,0,69,,50107,20,,,0,30,,50121,20,,,0,98,,50124,20,,,0,69,,50102,6,,,0,29,,50111,6,,,0,99,,50112,6,,,0,71,,50125,6,,,0,98,,50113,6,,,0,33,,50122,6,,,0,71,,50114,6,,,0,100,,50105,6,,,0,37,,50115,6,,,0,101,,50116,6,,,0,71,,50106,6,,,0,103,,50123,6,,,0,31,,50118,6,,,0,89,,50117,6,0,5 49,0
2201,'5377',740,,50062,6,,,0,80,,50063,6,,,0,29,,50055,6,,,0,67,,50056,6,,,0,30,,50065,6,,,0,69,,50064,6,,,0,29,,50054,6,,,0,69,,50058,6,,,0,30,,50059,6,,,0,70,,50057,6,,,0,28,,50061,6,,,0,69,,50060,6,,,0,30,,50067,6,,,0,70,,50068,6,,,0,31,,50066,6,,,0,70,,50070,6,,,0,35,,50069,6,,,0,70,,50072,6,,,0,30,,50071,6,,,0,70,,50073,6,,,0,33,,50074,6,,,0,70,,50075,6,,,0,91,,50076,6,0,5,0,102,,50077,6,0,5,0,111,,50078,6,0,5,0
2201,'5383',712,,56864,6,,,0,38,,56875,6,,,0,68,,56860,6,,,0,29,,56854,6,,,0,70,,56863,6,,,0,30,,56876,6,,,0,67,,56859,6,,,0,29,,56858,6,,,0,71,,56861,6,,,0,28,,56856,6,,,0,68,,56880,6,,,0,30,,56857,6,,,0,67,,56862,6,,,0,30,,56855,6,,,0,70,,56868,6,,,0,32,,56879,6,,,0,69,,56870,6,,,0,32,,56866,6,,,0,71,,56869,6,,,0,34,,56871,6,,,0,71,,56867,6,,,0,31,,56865,6,,,0,70,,56873,6,,,0,33,,56872,6,,,0,68,,56878,6,,,0,28,,56874,6,,,0,73,,56881,6,,,0,31,,56877,6,,,0,88,,56882,6,0,5 49,0
2201,'5384',740,,56891,6,,,0,80,,56892,6,,,0,29,,56884,6,,,0,67,,56885,6,,,0,30,,56894,6,,,0,69,,56893,6,,,0,29,,56883,6,,,0,69,,56887,6,,,0,30,,56888,6,,,0,70,,56886,6,,,0,28,,56890,6,,,0,69,,56889,6,,,0,30,,56896,6,,,0,70,,56897,6,,,0,31,,56895,6,,,0,70,,56899,6,,,0,35,,56898,6,,,0,70,,56901,6,,,0,30,,56900,6,,,0,70,,56902,6,,,0,33,,56903,6,,,0,70,,56904,6,,,0,91,,56905,6,0,5,0,102,,56906,6,0,5,0,111,,56907,6,0,5,0
2201,'5385',554,,56925,14,,,0,68,,56915,14,,,0,88,,56909,6,,,0,24,,56914,20,,,0,68,,56926,20,,,0,33,,56916,20,,,0,105,,56910,20,,,0,69,,56913,20,,,0,30,,56927,20,,,0,98,,56930,20,,,0,69,,56908,6,,,0,29,,56917,6,,,0,99,,56918,6,,,0,71,,56931,6,,,0,98,,56919,6,,,0,33,,56928,6,,,0,71,,56920,6,,,0,100,,56911,6,,,0,37,,56921,6,,,0,101,,56922,6,,,0,71,,56912,6,,,0,103,,56929,6,,,0,31,,56924,6,,,0,89,,56923,6,0,5 49,0
14002100,'4663',2128,,63125,28,,,0,30,,63123,28,,,0,70,,63126,28,,,0,99,,63124,28,,,0,98,,63127,28,,,0
14002100,'5372',2128,,48807,28,,,0,30,,48805,28,,,0,70,,48808,28,,,0,99,,48806,28,,,0,98,,48809,28,,,0
14002100,'5377',2130,,48820,28,,,0,100,,48821,28,,,0,99,,48822,28,,,0
14002100,'5383',2129,,63128,28,,,0,30,,63129,28,,,0,70,,63130,28,,,0,102,,63131,28,,,0,97,,63132,28,,,0
14002100,'5384',2130,,63133,28,,,0,100,,63134,28,,,0,99,,63135,28,,,0
14002100,'5385',2128,,63138,28,,,0,30,,63136,28,,,0,70,,63139,28,,,0,99,,63137,28,,,0,98,,63140,28,,,0
