6100,'4332',652,,46082,28,0,30 14,0,99,,46083,28,0,30 14,0,82,,46081,28,0,30 14,0,98,,46084,28,0,30 14,0,95,,46085,28,0,30 14,0,82,,46086,28,0,30 14,0,35,,46087,28,0,30 14,0,88,,46088,28,0,30 14,0,75,,46089,28,0,30 14,0,35,,46090,28,0,30 14,0,76,,46091,28,0,30 14,0,36,,46092,28,0,30 14,0,77,,46093,28,0,30 14,0,77,,46094,28,0,30 14,0,26,,46095,28,0,30 14,0,78,,46096,28,0,30 14,0,41,,46097,28,0,30 14,0,72,,46098,28,0,30 14,0,31,,46099,28,0,30 14,0,71,,46100,28,0,30 14,0,33,,46101,28,0,30 14,0,83,,46102,28,0,30 14,0,81,,50713,28,0,30 14,0,81,,46104,28,0,30 14,0,103,,46105,28,0,30 14,0,32,,46106,28,0,30 14,0,100,,46107,28,0,30 14,0,78,,46108,28,0,30,0,99,,50714,28,0,30,0
6100,'4661',540,,50731,46,,,0,77,,46007,46,,,0,13,,50732,46,,,0,20,,46011,46,,,0,60,,46013,46,,,0,19,,46017,46,,,0,19,,46024,46,,,0,69,,46026,46,,,0,18,,46019,28,0,30 14,0,80,,46008,28,0,30 14,0,36,,46012,28,0,30 14,0,64,,46023,28,0,30 14,0,36,,46015,28,0,30 14,0,88,,50733,28,0,30 14,0,111,,46016,28,0,30 14,0,74,,46018,28,0,30 14,0,109,,46020,28,0,30 14,0,80,,46022,28,0,30 14,0,115,,46028,28,0,30 14,0,26,,46030,28,0,30 14,0,79,,46034,28,0,30 14,0,294,,46032,28,0,30 14,0,176,,46037,28,0,30 14,0,104,,46038,28,0,30 14,0,33,,46039,28,0,30 14,0,100,,46040,28,0,30 14,0,74,,46041,28,0,30 14,0
6100,'4663',540,,50715,46,,,0,77,,46042,46,,,0,13,,50716,46,,,0,20,,46046,46,,,0,60,,46048,46,,,0,19,,46052,46,,,0,19,,46059,46,,,0,69,,46061,46,,,0,18,,46054,28,0,30 14,0,80,,46043,28,0,30 14,0,36,,46047,28,0,30 14,0,64,,46058,28,0,30 14,0,36,,46050,28,0,30 14,0,88,,50717,28,0,30 14,0,76,,51788,28,0,30 14,0,35,,46051,28,0,30 14,0,74,,46053,28,0,30 14,0,79,,51789,28,0,30 14,0,30,,46055,28,0,30 14,0,68,,50719,28,0,30 14,0,12,,46057,28,0,30 14,0,33,,51790,28,0,30 14,0,82,,46063,28,0,30 14,0,26,,46066,28,0,30 14,0,79,,46070,28,0,30 14,0,69,,51792,28,0,30 14,0,25,,51791,28,0,30 14,0,28,,51794,28,0,30 14,0,72,,51795,28,0,30 14,0,30,,51793,28,0,30 14,0,70,,46068,28,0,30 14,0,95,,51796,28,0,30 14,0,81,,46073,28,0,30 14,0,104,,46075,28,0,30 14,0,33,,46076,28,0,30 14,0,100,,46077,28,0,30 14,0,74,,46078,28,0,30 14,0,100,,46074,28,0,30,0
6100,'5078',655,,46111,28,0,30 14,0,104,,46112,28,0,30 14,0,83,,46113,28,0,30 14,0,96,,46114,28,0,30 14,0,83,,46115,28,0,30 14,0,86,,46116,28,0,30 14,0,97,,46117,28,0,30 14,0,43,,46118,28,0,30 14,0,101,,50720,28,0,30 14,0,93,,46120,28,0,30 14,0,103,,50721,28,0,30 14,0,78,,46122,28,0,30 14,0,102,,46123,28,0,30 14,0,86,,46124,28,0,30 14,0,103,,46125,28,0,30 14,0,46,,46126,28,0,30 14,0,86,,46127,28,0,30 14,0,101,,46128,28,0,30 14,0,93,,50722,28,0,30 14,0,101,,46130,28,0,30 14,0,74,,50723,28,0,30,0
6100,'5079',655,,46132,28,0,30 14,0,104,,46133,28,0,30 14,0,83,,46134,28,0,30 14,0,96,,50724,28,0,30 14,0,83,,46136,28,0,30 14,0,86,,50725,28,0,30 14,0,97,,46138,28,0,30 14,0,43,,50726,28,0,30 14,0,101,,46140,28,0,30 14,0,93,,50727,28,0,30 14,0,103,,46142,28,0,30 14,0,78,,50728,28,0,30 14,0,102,,46144,28,0,30 14,0,86,,50729,28,0,30 14,0,103,,46146,28,0,30 14,0,46,,50730,28,0,30 14,0,86,,46148,28,0,30 14,0,101,,46149,28,0,30 14,0,93,,46150,28,0,30 14,0,101,,46151,28,0,30 14,0,74,,46152,28,0,30,0
6100,'5214',1215,,46021,28,0,30 14,0,188,,46025,28,0,30 14,0,143,,46027,28,0,30 14,0,256,,50734,28,0,30 14,0,53,,46033,28,0,30 14,0,72,,46035,28,0,30 14,0,30,,46031,28,0,30 14,0,165,,46036,28,0,30 14,0
6100,'5215',1827,,46110,28,0,30 14,0
6100,'5217',1215,,51797,28,0,30 14,0,188,,51798,28,0,30 14,0,143,,51799,28,0,30 14,0,256,,51800,28,0,30 14,0,53,,51802,28,0,30 14,0,72,,51803,28,0,30 14,0,30,,51801,28,0,30 14,0,165,,51804,28,0,30 14,0
6100,'5218',1827,,51805,28,0,30 14,0
6100,'5220',1827,,51806,28,0,30 14,0
