900,'4663',713,,54729,4,,,0,41,,54730,4,,,0
900,'5372',713,,38898,4,,,0,41,,38899,4,,,0
900,'5385',713,,54731,4,,,0,41,,54732,4,,,0
3801,'4663',634,,59209,4,,,0,69,,59210,4,,,0,26,,59213,4,,,0,26,,59211,4,,,0,75,,59229,4,,,0,88,,59212,4,,,0,90,,59214,4,,,0,97,,59215,4,,,0,100,,59216,4,,,0,102,,59217,4,,,0,101,,59218,4,,,0,100,,59219,4,,,0,47,,59220,4,,,0,72,,59221,4,,,0,30,,59222,4,,,0,70,,59223,4,,,0,30,,59225,4,,,0,70,,59226,4,,,0,77,,59224,4,,,0,100,,59227,4,,,0,105,,59228,4,,,0
3801,'5372',634,,44211,4,,,0,69,,44212,4,,,0,26,,44215,4,,,0,26,,44213,4,,,0,75,,44231,4,,,0,88,,44214,4,,,0,90,,44216,4,,,0,97,,50241,4,,,0,100,,44218,4,,,0,102,,50242,4,,,0,101,,59230,4,,,0,100,,44221,4,,,0,47,,44222,4,,,0,72,,44223,4,,,0,30,,44224,4,,,0,70,,44225,4,,,0,30,,50244,4,,,0,70,,44228,4,,,0,77,,59231,4,,,0,100,,50245,4,,,0,105,,59232,4,,,0
3801,'5385',634,,59233,4,,,0,69,,59234,4,,,0,26,,59237,4,,,0,26,,59235,4,,,0,75,,59253,4,,,0,88,,59236,4,,,0,90,,59238,4,,,0,97,,59239,4,,,0,100,,59240,4,,,0,102,,59241,4,,,0,101,,59242,4,,,0,100,,59243,4,,,0,47,,59244,4,,,0,72,,59245,4,,,0,30,,59246,4,,,0,70,,59247,4,,,0,30,,59249,4,,,0,70,,59250,4,,,0,77,,59248,4,,,0,100,,59251,4,,,0,105,,59252,4,,,0
3901,'4663',630,,59337,28,,,0,76,,59338,28,,,0,31,,59339,28,,,0,67,,59341,28,,,0,13,,59342,28,,,0,17,,59340,28,,,0,78,,59343,28,,,0,26,,59346,28,,,0,70,,59344,28,,,0,29,,59345,28,,,0,70,,59348,28,,,0,31,,59347,28,,,0,71,,59350,28,,,0,30,,59349,28,,,0,70,,59351,28,,,0,30,,59352,28,,,0,72,,59353,28,,,0,31,,59355,28,,,0,76,,59354,28,,,0,32,,59357,28,,,0,72,,59358,28,,,0,30,,59359,28,,,0,70,,59361,28,,,0,34,,59360,28,,,0,79,,59362,28,,,0,78,,59366,28,,,0,43,,59364,28,,,0,147,,59363,28,,,0
3901,'5372',630,,50272,28,,,0,76,,44349,28,,,0,31,,44350,28,,,0,67,,44352,28,,,0,13,,44353,28,,,0,17,,44351,28,,,0,78,,44354,28,,,0,26,,44357,28,,,0,70,,44355,28,,,0,29,,44356,28,,,0,70,,44359,28,,,0,31,,44358,28,,,0,71,,44361,28,,,0,30,,44360,28,,,0,70,,44362,28,,,0,30,,44363,28,,,0,72,,50273,28,,,0,31,,44366,28,,,0,76,,44365,28,,,0,32,,44368,28,,,0,72,,44369,28,,,0,30,,44370,28,,,0,70,,44372,28,,,0,34,,44371,28,,,0,79,,44373,28,,,0,78,,44377,28,,,0,43,,44375,28,,,0,147,,44374,28,,,0
3901,'5385',630,,59393,28,,,0,76,,59394,28,,,0,31,,59395,28,,,0,67,,59397,28,,,0,13,,59398,28,,,0,17,,59396,28,,,0,78,,59399,28,,,0,26,,59402,28,,,0,70,,59400,28,,,0,29,,59401,28,,,0,70,,59404,28,,,0,31,,59403,28,,,0,71,,59406,28,,,0,30,,59405,28,,,0,70,,59407,28,,,0,30,,59408,28,,,0,72,,59409,28,,,0,31,,59411,28,,,0,76,,59410,28,,,0,32,,59413,28,,,0,72,,59414,28,,,0,30,,59415,28,,,0,70,,59417,28,,,0,34,,59416,28,,,0,79,,59418,28,,,0,78,,59422,28,,,0,43,,59420,28,,,0,147,,59419,28,,,0
8300,'4663',654,,61869,4,,,0,204,,61870,4,,,0,180,,61871,4,,,0,207,,61872,4,,,0,198,,61873,4,,,0,212,,61874,4,,,0,248,,61875,4,,,0
8300,'5372',654,,47336,4,,,0,204,,47337,4,,,0,180,,47338,4,,,0,207,,47339,4,,,0,198,,47340,4,,,0,212,,47341,4,,,0,248,,47342,4,,,0
8300,'5377',1040,,47356,4,,,0,300,,47357,4,,,0,305,,47355,4,,,0,300,,47354,4,,,0
8300,'5383',1040,,61878,4,,,0,300,,61879,4,,,0,305,,61877,4,,,0,300,,61876,4,,,0
8300,'5384',1040,,61882,4,,,0,300,,61883,4,,,0,305,,61881,4,,,0,300,,61880,4,,,0
8300,'5385',654,,61884,4,,,0,204,,61885,4,,,0,180,,61886,4,,,0,207,,61887,4,,,0,198,,61888,4,,,0,212,,61889,4,,,0,248,,61890,4,,,0
