6400,'4744',705,,28718,,,0,508,,28720,,,0,540,,28722,,,0
6400,'4935',705,,8524,,,0,508,,8526,,,0,540,,8528,,,0
6400,'4941',705,,8531,,,0,508,,8533,,,0,540,,8535,,,0
6400,'4947',705,,28725,,,0,508,,28727,,,0,540,,28729,,,0
6400,'4952',705,,28732,,,0,508,,28734,,,0,540,,28736,,,0
6401,'4744',619,,28738,0,34 35 36,0,94,,28740,,,0,204,,28741,,,0,336,,28739,,,0,293,,28742,,,0,208,,28743,0,34 35 36,0,98,,28744,0,34 35 36,0
6401,'4935',619,,8537,0,34 35 36,0,94,,8539,,,0,204,,8540,,,0,336,,8538,,,0,293,,8541,,,0,208,,8542,0,34 35 36,0,98,,8543,0,34 35 36,0
6401,'4941',619,,8544,0,34 35 36,0,94,,8546,,,0,204,,8547,,,0,336,,8545,,,0,293,,8548,,,0,208,,8549,0,34 35 36,0,98,,8550,0,34 35 36,0
6401,'4947',619,,28745,0,34 35 36,0,94,,28747,,,0,204,,28748,,,0,336,,28746,,,0,293,,28749,,,0,208,,28750,0,34 35 36,0,98,,28751,0,34 35 36,0
6401,'4952',619,,28752,0,34 35 36,0,94,,28754,,,0,204,,28755,,,0,336,,28753,,,0,293,,28756,,,0,208,,28757,0,34 35 36,0,98,,28758,0,34 35 36,0
