200,'4332',558,,52764,5,,,0,152,,52767,5,,,0,118,,52765,5,,,0,80,,52753,5,,,0,45,,52766,5,,,0,80,,52751,5,,,0,80,,52745,5,,,0,40,,52752,5,,,0,80,,52746,5,,,0,80,,52759,5,,,0,41,,52747,5,,,0,80,,52750,5,,,0,80,,52749,5,,,0,40,,52748,5,,,0,80,,52762,5,,,0,79,,52763,5,,,0,35,,52761,5,,,0,80,,52755,5,,,0,75,,52756,5,,,0,20,,52754,5,0,5,0,35,,52758,5,,,0,60,,52760,5,0,5,0,20,,52757,5,,,0,65,,52772,5,0,5,0,20,,52773,5,,,0,80,,52770,5,,,0,40,,52769,5,,,0,80,,52771,5,,,0,80,,52768,5,,,0,35,,52774,5,0,5,0
200,'4661',547,,52816,5,,,0,80,,52808,5,,,0,20,,52803,5,,,0,70,,52817,5,,,0,31,,52811,5,,,0,70,,52802,5,,,0,31,,52815,5,,,0,71,,52812,5,,,0,15,,52800,5,0,5,0,70,,52801,5,,,0,38,,52804,5,,,0,80,,52805,5,,,0,80,,52814,5,,,0,40,,52807,5,,,0,80,,52806,5,,,0,80,,52813,5,,,0,37,,52809,5,,,0,76,,52810,5,,,0,37,,52818,5,,,0,76,,52819,5,,,0,73,,52822,5,0,5,0,17,,52821,5,,,0,34,,52820,5,,,0,80,,52825,5,,,0,90,,52823,5,,,0,80,,52824,5,,,0,20,,52827,5,0,5,0,22,,52829,5,,,0,60,,52826,5,0,5,0,20,,52828,5,,,0,78,,52830,5,,,0,40,,52831,5,,,0,79,,52832,5,,,0,80,,52833,5,,,0,30,,52834,5,0,5,0
200,'4663',547,,52725,5,,,0,80,,52717,5,,,0,20,,52712,5,,,0,70,,52726,5,,,0,31,,52720,5,,,0,70,,52711,5,,,0,31,,52724,5,,,0,71,,52721,5,,,0,15,,52709,5,0,5,0,70,,52710,5,,,0,38,,52713,5,,,0,80,,52714,5,,,0,80,,52723,5,,,0,40,,52716,5,,,0,80,,52715,5,,,0,80,,52722,5,,,0,37,,52718,5,,,0,76,,52719,5,,,0,37,,52727,5,,,0,76,,52728,5,,,0,73,,52731,5,0,5,0,17,,52730,5,,,0,34,,52729,5,,,0,80,,52734,5,,,0,90,,52732,5,,,0,80,,52733,5,,,0,20,,52736,5,0,5,0,22,,52738,5,,,0,60,,52735,5,0,5,0,20,,52737,5,,,0,78,,52739,5,,,0,40,,52740,5,,,0,79,,52741,5,,,0,80,,52742,5,,,0,30,,52743,5,0,5,0,68,,52744,5,0,5,0
200,'5078',653,,52797,5,,,0,160,,52796,5,,,0,120,,52795,5,,,0,100,,52776,5,,,0,80,,52794,5,,,0,40,,52782,5,,,0,80,,52780,5,,,0,80,,52775,5,,,0,40,,52777,5,,,0,80,,52788,5,,,0,80,,52783,5,,,0,40,,52778,5,,,0,80,,52781,5,,,0,80,,52779,5,,,0,35,,52789,5,,,0,80,,52785,5,,,0,75,,52784,5,0,5,0,20,,52790,5,,,0,20,,52787,5,0,5,0,60,,52786,5,,,0,40,,52792,5,,,0,80,,52793,5,,,0,80,,52791,5,,,0,40,,52798,5,,,0,80,,52799,5,,,0
201,'4332',2505,,52896,19,4,,0
201,'4663',1528,,52848,26,4,,0
201,'5078',2400,,52921,45,4,,0
201,'5387',1528,,52954,26,4,,0
500,'4332',633,,53729,5,,,0,116,,53725,5,,,0,99,,53728,5,,,0,80,,53719,5,,,0,85,,53726,5,,,0,40,,53720,5,,,0,80,,53735,5,,,0,80,,53727,5,,,0,40,,53718,5,,,0,81,,53724,5,,,0,80,,53721,5,,,0,40,,53731,5,,,0,80,,53722,5,,,0,80,,53723,5,,,0,39,,53732,5,,,0,75,,53733,5,,,0,80,,53734,5,,,0,40,,53730,5,,,0,90,,53736,5,,,0
500,'4661',607,,53761,5,,,0,95,,53754,5,,,0,31,,53756,5,,,0,70,,53753,5,,,0,31,,53755,5,,,0,70,,53758,5,,,0,46,,53757,5,,,0,73,,53766,5,,,0,80,,53763,5,,,0,40,,53759,5,,,0,80,,53760,5,,,0,80,,53762,5,,,0,40,,53767,5,,,0,80,,53764,5,,,0,35,,53765,5,,,0,76,,53769,5,,,0,77,,53768,5,,,0,34,,53770,5,,,0,91,,53771,5,,,0,77,,53772,5,,,0,45,,53774,5,,,0,85,,53773,5,,,0
500,'4663',607,,53704,5,,,0,95,,53697,5,,,0,31,,53699,5,,,0,70,,53696,5,,,0,31,,53698,5,,,0,70,,53701,5,,,0,46,,53700,5,,,0,73,,53709,5,,,0,80,,53706,5,,,0,40,,53702,5,,,0,80,,53703,5,,,0,80,,53705,5,,,0,40,,53710,5,,,0,80,,53707,5,,,0,35,,53708,5,,,0,76,,53712,5,,,0,77,,53711,5,,,0,34,,53713,5,,,0,91,,53714,5,,,0,77,,53715,5,,,0,45,,53717,5,,,0,85,,53716,5,,,0
500,'5078',733,,53750,5,,,0,120,,53749,5,,,0,160,,53748,5,,,0,40,,53743,5,,,0,80,,53737,5,,,0,80,,53738,5,,,0,40,,53751,5,,,0,80,,53744,5,,,0,80,,53741,5,,,0,40,,53739,5,,,0,80,,53740,5,,,0,80,,53752,5,,,0,40,,53745,5,,,0,75,,53742,5,,,0,80,,53746,5,,,0,40,,53747,5,,,0
