5200,'4332',646,,59765,34,,,0,70,,59764,34,,,0,41,,59759,34,,,0,74,,59767,34,,,0,71,,59762,34,,,0,33,,59748,34,,,0,70,,59755,34,,,0,30,,59774,34,,,0,72,,59753,34,,,0,35,,59750,34,,,0,73,,59756,34,,,0,32,,59776,34,,,0,75,,59751,34,,,0,33,,59749,34,,,0,76,,59758,34,,,0,26,,59775,34,,,0,74,,59754,34,,,0,72,,59761,34,,,0,35,,59757,34,,,0,68,,59772,34,,,0,30,,59752,34,,,0,69,,59763,34,,,0,22,,59769,34,,,0,25,,59760,34,,,0,64,,59768,34,,,0,24,,59771,34,,,0,68,,59770,34,,,0,28,,59766,34,,,0,70,,59773,34,,,0,100,,59777,34,,,0,94,,59778,34,,,0,108,,59779,34,,,0
5200,'4663',512,,59709,34,,,0,31,,59718,34,,,0,71,,59712,34,,,0,20,,59723,34,,,0,20,,59710,34,,,0,63,,59731,34,,,0,29,,59717,34,,,0,66,,59746,34,,,0,10,,59711,34,,,0,16,,59739,34,,,0,10,,59722,34,,,0,70,,59713,34,,,0,30,,59730,34,,,0,66,,59716,34,,,0,30,,59714,34,,,0,75,,59715,34,,,0,31,,59732,34,,,0,71,,59719,34,,,0,30,,59720,34,,,0,76,,59721,34,,,0,74,,59729,34,,,0,35,,59724,34,,,0,71,,59725,34,,,0,34,,59741,34,,,0,71,,59726,34,,,0,30,,59728,34,,,0,68,,59727,34,,,0,29,,59733,34,,,0,71,,59742,34,,,0,30,,59734,34,,,0,74,,59735,34,,,0,29,,59736,34,,,0,69,,59743,34,,,0,26,,59737,34,,,0,72,,59738,34,,,0,96,,59744,34,,,0,98,,59740,34,,,0,103,,59747,34,,,0
5200,'5078',716,,59801,34,,,0,32,,59783,34,,,0,80,,59786,34,,,0,31,,59800,34,,,0,72,,59794,34,,,0,72,,59782,34,,,0,31,,59785,34,,,0,72,,59796,34,,,0,31,,59790,34,,,0,72,,59781,34,,,0,33,,59784,34,,,0,70,,59799,34,,,0,31,,59792,34,,,0,78,,59780,34,,,0,30,,59788,34,,,0,74,,59798,34,,,0,34,,59791,34,,,0,73,,59807,34,,,0,68,,59787,34,,,0,30,,59797,34,,,0,28,,59793,34,,,0,70,,59795,34,,,0,29,,59789,34,,,0,69,,59803,34,,,0,79,,59802,34,,,0,99,,59804,34,,,0,98,,59806,34,,,0,107,,59805,34,,,0
5200,'5372',512,,44768,34,,,0,31,,44777,34,,,0,71,,44771,34,,,0,20,,44782,34,,,0,20,,44769,34,,,0,63,,44790,34,,,0,29,,44776,34,,,0,66,,44805,34,,,0,10,,44770,34,,,0,16,,44798,34,,,0,10,,44781,34,,,0,70,,44772,34,,,0,30,,44789,34,,,0,66,,44775,34,,,0,30,,44773,34,,,0,75,,44774,34,,,0,31,,44791,34,,,0,71,,44778,34,,,0,30,,44779,34,,,0,76,,44780,34,,,0,74,,44788,34,,,0,35,,44783,34,,,0,71,,44784,34,,,0,34,,51754,34,,,0,71,,44785,34,,,0,30,,44787,34,,,0,68,,44786,34,,,0,29,,44792,34,,,0,71,,44801,34,,,0,30,,44793,34,,,0,74,,44794,34,,,0,29,,44795,34,,,0,69,,44802,34,,,0,26,,44796,34,,,0,72,,44797,34,,,0,96,,44803,34,,,0,98,,44799,34,,,0,103,,44806,34,,,0
5200,'5385',512,,59808,34,,,0,31,,59817,34,,,0,71,,59811,34,,,0,20,,59822,34,,,0,20,,59809,34,,,0,63,,59830,34,,,0,29,,59816,34,,,0,66,,59845,34,,,0,10,,59810,34,,,0,16,,59838,34,,,0,10,,59821,34,,,0,70,,59812,34,,,0,30,,59829,34,,,0,66,,59815,34,,,0,30,,59813,34,,,0,75,,59814,34,,,0,31,,59831,34,,,0,71,,59818,34,,,0,30,,59819,34,,,0,76,,59820,34,,,0,74,,59828,34,,,0,35,,59823,34,,,0,71,,59824,34,,,0,34,,59840,34,,,0,71,,59825,34,,,0,30,,59827,34,,,0,68,,59826,34,,,0,29,,59832,34,,,0,71,,59841,34,,,0,30,,59833,34,,,0,74,,59834,34,,,0,29,,59835,34,,,0,69,,59842,34,,,0,26,,59836,34,,,0,72,,59837,34,,,0,96,,59843,34,,,0,98,,59839,34,,,0,103,,59846,34,,,0
5901,'4332',708,,60582,33,,,0,100,,60583,33,,,0,101,,60584,33,,,0,101,,60580,33,,,0,105,,60581,33,,,0,105,,60579,33,,,0,105,,60578,33,,,0,105,,60577,33,,,0,106,,60576,33,,,0,102,,60575,33,,,0,103,,60574,33,,,0,104,,60573,33,,,0,105,,60572,33,,,0,160,,60571,33,,,0
5901,'4663',707,,60554,33,,,0,29,,60562,33,,,0,104,,60555,33,,,0,103,,60556,33,,,0,101,,60557,33,,,0,97,,60558,33,,,0,103,,60559,33,,,0,102,,60560,33,,,0,108,,60561,33,,,0,99,,60553,33,,,0,85,,60569,33,,,0,83,,60563,33,,,0,82,,60564,33,,,0,41,,60568,33,,,0,104,,60565,33,,,0,104,,60566,33,,,0,154,,60567,33,,,0
5901,'5078',808,,60586,33,,,0,101,,60585,33,,,0,101,,60587,33,,,0,105,,60589,33,,,0,105,,60588,33,,,0,105,,60592,33,,,0,105,,60593,33,,,0,106,,60591,33,,,0,102,,60590,33,,,0,103,,60596,33,,,0,104,,60595,33,,,0,105,,60597,33,,,0,160,,60594,33,,,0
5901,'5372',707,,45780,33,,,0,29,,45788,33,,,0,104,,45781,33,,,0,103,,45782,33,,,0,101,,45783,33,,,0,97,,45784,33,,,0,103,,45785,33,,,0,102,,45786,33,,,0,108,,45787,33,,,0,99,,60570,33,,,0,85,,45795,33,,,0,83,,45789,33,,,0,82,,45790,33,,,0,41,,45794,33,,,0,104,,45791,33,,,0,104,,45792,33,,,0,154,,45793,33,,,0
5901,'5385',707,,60599,33,,,0,29,,60607,33,,,0,104,,60600,33,,,0,103,,60601,33,,,0,101,,60602,33,,,0,97,,60603,33,,,0,103,,60604,33,,,0,102,,60605,33,,,0,108,,60606,33,,,0,99,,60598,33,,,0,85,,60614,33,,,0,83,,60608,33,,,0,82,,60609,33,,,0,41,,60613,33,,,0,104,,60610,33,,,0,104,,60611,33,,,0,154,,60612,33,,,0
