1001,'4663',606,,54825,5,0,46 37,0,41,,54824,5,0,46 37,0,73,,54816,5,0,46 37,0,34,,54815,5,0,46 37,0,84,,54818,5,0,46 37,0,82,,54814,5,0,46 37,0,95,,54823,5,0,46 37,0,115,,54819,5,0,46 37,0,90,,54813,5,0,46 37,0,35,,54817,5,0,46 37,0,85,,54812,5,0,46 37,0,80,,54822,5,0,46 37,0,91,,54811,5,0,46 37,0,41,,54820,5,0,46 37,0,89,,54810,5,0,46 37,0,83,,54821,5,0,46 37,0,23,,54809,5,0,46 37,0,73,,54806,5,0,46 37,0,97,,54808,5,0,46 37,0,103,,54807,5,0,46 37,0
1001,'5372',606,,39007,5,0,46 37,0,41,,39006,5,0,46 37,0,73,,38998,5,0,46 37,0,34,,38997,5,0,46 37,0,84,,39000,5,0,46 37,0,82,,38996,5,0,46 37,0,95,,39005,5,0,46 37,0,115,,39001,5,0,46 37,0,90,,38995,5,0,46 37,0,35,,38999,5,0,46 37,0,85,,38994,5,0,46 37,0,80,,39004,5,0,46 37,0,91,,38993,5,0,46 37,0,41,,39002,5,0,46 37,0,89,,38992,5,0,46 37,0,83,,39003,5,0,46 37,0,23,,38991,5,0,46 37,0,73,,38988,5,0,46 37,0,97,,38990,5,0,46 37,0,103,,38989,5,0,46 37,0
1001,'5377',704,,39047,5,0,46 37,0,100,,39046,5,0,46 37,0,98,,39043,5,0,46 37,0,102,,39044,5,0,46 37,0,100,,39050,5,0,46 37,0,110,,39049,5,0,46 37,0,89,,39042,5,0,46 37,0,106,,39045,5,0,46 37,0,101,,39048,5,0,46 37,0,100,,39052,5,0,46 37,0,104,,39051,5,0,46 37,0,105,,39053,5,0,46 37,0,100,,39054,5,0,46 37,0,100,,39055,5,0,25 26,0
1001,'5383',704,,54835,5,0,46 37,0,100,,54838,5,0,46 37,0,100,,54826,5,0,46 37,0,55,,54830,5,0,46 37,0,147,,54832,5,0,46 37,0,109,,54831,5,0,46 37,0,95,,54828,5,0,46 37,0,100,,54827,5,0,46 37,0,100,,54829,5,0,46 37,0,105,,54833,5,0,46 37,0,103,,54834,5,0,46 37,0,100,,54836,5,0,46 37,0,101,,54837,5,0,46 37,0,100,,54839,5,0,46 37,0
1001,'5384',704,,54845,5,0,46 37,0,100,,54844,5,0,46 37,0,98,,54841,5,0,46 37,0,102,,54842,5,0,46 37,0,100,,54848,5,0,46 37,0,110,,54847,5,0,46 37,0,89,,54840,5,0,46 37,0,106,,54843,5,0,46 37,0,101,,54846,5,0,46 37,0,100,,54850,5,0,46 37,0,104,,54849,5,0,46 37,0,105,,54851,5,0,46 37,0,100,,54852,5,0,46 37,0,100,,54853,5,0,25 26,0
1001,'5385',606,,54873,5,0,46 37,0,41,,54872,5,0,46 37,0,73,,54864,5,0,46 37,0,34,,54863,5,0,46 37,0,84,,54866,5,0,46 37,0,82,,54862,5,0,46 37,0,95,,54871,5,0,46 37,0,115,,54867,5,0,46 37,0,90,,54861,5,0,46 37,0,35,,54865,5,0,46 37,0,85,,54860,5,0,46 37,0,80,,54870,5,0,46 37,0,91,,54859,5,0,46 37,0,41,,54868,5,0,46 37,0,89,,54858,5,0,46 37,0,83,,54869,5,0,46 37,0,23,,54857,5,0,46 37,0,73,,54854,5,0,46 37,0,97,,54856,5,0,46 37,0,103,,54855,5,0,46 37,0
2200,'4663',555,,56740,6,,,0,69,,56724,6,,,0,28,,56735,6,,,0,69,,56727,6,,,0,34,,56739,6,,,0,62,,56719,6,,,0,30,,56723,6,,,0,103,,56725,6,,,0,66,,56741,6,,,0,30,,56718,6,,,0,101,,56734,6,0,21 22,0,70,,56726,6,0,21 22,0,30,,56742,6,0,21 22,0,70,,56720,6,0,21 22,0,99,,56737,6,0,21 22,0,29,,56731,6,0,21 22,0,74,,56744,6,0,21 22,0,102,,56732,6,0,21 22,0,101,,56728,6,0,21 22,0,30,,56743,6,,,0,66,,56721,6,,,0,99,,56736,6,,,0,30,,56733,6,,,0,70,,56722,6,,,0,30,,56730,6,,,0,70,,56738,6,0,5,0,29,,56729,6,0,5,0
2200,'5372',555,,49994,6,,,0,69,,49978,6,,,0,28,,49989,6,,,0,69,,49981,6,,,0,34,,49993,6,,,0,62,,49973,6,,,0,30,,49977,6,,,0,103,,49979,6,,,0,66,,49995,6,,,0,30,,49972,6,,,0,101,,49988,6,0,21 22,0,70,,49980,6,0,21 22,0,30,,49996,6,0,21 22,0,70,,49974,6,0,21 22,0,99,,49991,6,0,21 22,0,29,,49985,6,0,21 22,0,74,,49998,6,0,21 22,0,102,,49986,6,0,21 22,0,101,,49982,6,0,21 22,0,30,,49997,6,,,0,66,,49975,6,,,0,99,,49990,6,,,0,30,,49987,6,,,0,70,,49976,6,,,0,30,,49984,6,,,0,70,,49992,6,0,5,0,29,,49983,6,0,5,0
2200,'5377',734,,49927,6,,,0,101,,49928,6,,,0,80,,49929,6,,,0,30,,49924,6,,,0,70,,49925,6,,,0,30,,49926,6,,,0,70,,49931,6,,,0,29,,49932,6,,,0,71,,49930,6,,,0,30,,49933,6,,,0,70,,49934,6,,,0,30,,49942,6,,,0,70,,49941,6,,,0,30,,49935,6,,,0,70,,49936,6,,,0,30,,49937,6,,,0,70,,49938,6,,,0,32,,49939,6,,,0,70,,49940,6,,,0,30,,49943,6,,,0,70,,49944,6,,,0,30,,49945,6,,,0,70,,49946,6,,,0
2200,'5383',645,,56765,6,,,0,80,,56751,6,,,0,80,,56755,6,,,0,40,,56768,6,,,0,70,,56752,6,,,0,30,,56746,6,,,0,71,,56753,6,,,0,31,,56767,6,,,0,70,,56750,6,,,0,30,,56749,6,,,0,71,,56754,6,,,0,30,,56747,6,,,0,70,,56772,6,,,0,30,,56748,6,,,0,70,,56761,6,,,0,30,,56757,6,,,0,70,,56760,6,,,0,30,,56771,6,,,0,69,,56762,6,,,0,31,,56756,6,,,0,70,,56764,6,,,0,33,,56763,6,,,0,70,,56759,6,,,0,29,,56758,6,,,0,70,,56773,6,,,0,30,,56774,6,,,0,67,,56770,6,,,0,28,,56766,6,,,0,69,,56769,6,0,5,0,30,,56775,6,0,5,0
2200,'5384',734,,56779,6,,,0,101,,56780,6,,,0,80,,56781,6,,,0,30,,56776,6,,,0,70,,56777,6,,,0,30,,56778,6,,,0,70,,56783,6,,,0,29,,56784,6,,,0,71,,56782,6,,,0,30,,56785,6,,,0,70,,56786,6,,,0,30,,56794,6,,,0,70,,56793,6,,,0,30,,56787,6,,,0,70,,56788,6,,,0,30,,56789,6,,,0,70,,56790,6,,,0,32,,56791,6,,,0,70,,56792,6,,,0,30,,56795,6,,,0,70,,56796,6,,,0,30,,56797,6,,,0,70,,56798,6,,,0
2200,'5385',555,,56823,6,,,0,69,,56807,6,,,0,28,,56818,6,,,0,69,,56810,6,,,0,34,,56822,6,,,0,62,,56802,6,,,0,30,,56806,6,,,0,103,,56808,6,,,0,66,,56824,6,,,0,30,,56801,6,,,0,101,,56817,6,0,21 22,0,70,,56809,6,0,21 22,0,30,,56825,6,0,21 22,0,70,,56803,6,0,21 22,0,99,,56820,6,0,21 22,0,29,,56814,6,0,21 22,0,74,,56827,6,0,21 22,0,102,,56815,6,0,21 22,0,101,,56811,6,0,21 22,0,30,,56826,6,,,0,66,,56804,6,,,0,99,,56819,6,,,0,30,,56816,6,,,0,70,,56805,6,,,0,30,,56813,6,,,0,70,,56821,6,0,5,0,29,,56812,6,0,5,0
1002200,'4663',921,,62901,6,,,0,195,,62898,6,0,21 22,0,230,,62899,6,0,21 22,0,205,,62897,6,0,21 22,0,101,,62902,6,0,21 22,0,198,,62900,6,0,21 22,0
1002200,'5372',921,,51569,6,,,0,195,,51566,6,0,21 22,0,230,,51567,6,0,21 22,0,205,,51565,6,0,21 22,0,101,,51570,6,0,21 22,0,198,,51568,6,0,21 22,0
1002200,'5385',921,,62907,6,,,0,195,,62904,6,0,21 22,0,230,,62905,6,0,21 22,0,205,,62903,6,0,21 22,0,101,,62908,6,0,21 22,0,198,,62906,6,0,21 22,0
