100,'4737',721,,18236,26,,,0,83,,18235,26,,,0,723,,18234,28,,,0,88,,18233,26,,,0,99,,18232,26,,,0
100,'4744',721,,18241,26,,,0,83,,18240,26,,,0,723,,18239,28,,,0,88,,18238,26,,,0,99,,18237,26,,,0
100,'5066',721,,18246,26,,,0,83,,18245,26,,,0,723,,18244,28,,,0,88,,18243,26,,,0,99,,18242,26,,,0
200,'4487',622,,18281,48,,,0,111,,18284,48,,,0,124,,18282,48,,,0,81,,18270,48,,,0,88,,18283,48,,,0,80,,18268,48,,,0,40,,18262,48,,,0,81,,18269,48,,,0,80,,18263,48,,,0,41,,18276,48,,,0,81,,18264,48,,,0,81,,18267,48,,,0,40,,18266,48,,,0,79,,18265,48,,,0,79,,18280,48,,,0,39,,18279,48,,,0,74,,18278,48,,,0,80,,18272,48,,,0,34,,18273,48,,,0,94,,18275,48,,,0,80,,18274,48,,,0,45,,18290,48,,,0,80,,18287,48,,,0,80,,18286,48,,,0,37,,18288,48,,,0,78,,18285,48,,,0
200,'4737',617,,18308,48,,,0,38,,18300,48,,,0,60,,18295,48,,,0,33,,18309,48,,,0,73,,18303,48,,,0,31,,18294,48,,,0,71,,18307,48,,,0,30,,18304,48,,,0,86,,18293,48,,,0,78,,18296,48,,,0,42,,18297,48,,,0,81,,18306,48,,,0,80,,18299,48,,,0,81,,18298,48,,,0,40,,18305,48,,,0,79,,18301,48,,,0,35,,18302,48,,,0,76,,18310,48,,,0,77,,18311,48,,,0,46,,18313,48,,,0,72,,18312,48,,,0,78,,18317,48,,,0,49,,18315,48,,,0,78,,18316,48,,,0,82,,18321,48,,,0,40,,18320,48,,,0,78,,18322,48,,,0,78,,18323,48,,,0,39,,18324,48,,,0,78,,18325,48,,,0
200,'4744',617,,18344,48,,,0,38,,18336,48,,,0,60,,18331,48,,,0,33,,18345,48,,,0,73,,18339,48,,,0,31,,18330,48,,,0,71,,18343,48,,,0,30,,18340,48,,,0,86,,18329,48,,,0,78,,18332,48,,,0,42,,18333,48,,,0,81,,18342,48,,,0,80,,18335,48,,,0,81,,18334,48,,,0,40,,18341,48,,,0,79,,18337,48,,,0,35,,18338,48,,,0,76,,18346,48,,,0,77,,18347,48,,,0,46,,18349,48,,,0,72,,18348,48,,,0,78,,18353,48,,,0,49,,18351,48,,,0,78,,18352,48,,,0,82,,18357,48,,,0,40,,18356,48,,,0,78,,18358,48,,,0,78,,18359,48,,,0,39,,18360,48,,,0,78,,18361,48,,,0
200,'4745',718,,18385,48,,,0,122,,18384,48,,,0,163,,18383,48,,,0,101,,18364,48,,,0,41,,18382,48,,,0,81,,18370,48,,,0,80,,18368,48,,,0,40,,18363,48,,,0,82,,18365,48,,,0,80,,18376,48,,,0,40,,18371,48,,,0,80,,18366,48,,,0,79,,18369,48,,,0,39,,18367,48,,,0,73,,18377,48,,,0,39,,18373,48,,,0,94,,18378,48,,,0,80,,18374,48,,,0,80,,18380,48,,,0,38,,18381,48,,,0,80,,18379,48,,,0,79,,18386,48,,,0,39,,18387,48,,,0
200,'5066',617,,18404,48,,,0,38,,18396,48,,,0,60,,18391,48,,,0,33,,18405,48,,,0,73,,18399,48,,,0,31,,18390,48,,,0,71,,18403,48,,,0,30,,18400,48,,,0,86,,18389,48,,,0,78,,18392,48,,,0,42,,18393,48,,,0,81,,18402,48,,,0,80,,18395,48,,,0,81,,18394,48,,,0,40,,18401,48,,,0,79,,18397,48,,,0,35,,18398,48,,,0,76,,18406,48,,,0,77,,18407,48,,,0,46,,18409,48,,,0,72,,18408,48,,,0,78,,18413,48,,,0,49,,18411,48,,,0,78,,18412,48,,,0,82,,18417,48,,,0,40,,18416,48,,,0,78,,18418,48,,,0,78,,18419,48,,,0,39,,18420,48,,,0,78,,18421,48,,,0
200,'5070',622,,18442,48,,,0,111,,18445,48,,,0,124,,18443,48,,,0,81,,18431,48,,,0,88,,18444,48,,,0,80,,18429,48,,,0,40,,18423,48,,,0,81,,18430,48,,,0,80,,18424,48,,,0,41,,18437,48,,,0,81,,18425,48,,,0,81,,18428,48,,,0,40,,18427,48,,,0,79,,18426,48,,,0,79,,18441,48,,,0,39,,18440,48,,,0,74,,18439,48,,,0,80,,18433,48,,,0,34,,18434,48,,,0,94,,18436,48,,,0,80,,18435,48,,,0,45,,18451,48,,,0,80,,18448,48,,,0,80,,18447,48,,,0,37,,18449,48,,,0,78,,18446,48,,,0
200,'5072',718,,18475,48,,,0,122,,18474,48,,,0,163,,18473,48,,,0,101,,18454,48,,,0,41,,18472,48,,,0,81,,18460,48,,,0,80,,18458,48,,,0,40,,18453,48,,,0,82,,18455,48,,,0,80,,18466,48,,,0,40,,18461,48,,,0,80,,18456,48,,,0,79,,18459,48,,,0,39,,18457,48,,,0,73,,18467,48,,,0,39,,18463,48,,,0,94,,18468,48,,,0,80,,18464,48,,,0,80,,18470,48,,,0,38,,18471,48,,,0,80,,18469,48,,,0,79,,18476,48,,,0,39,,18477,48,,,0
