7201,'4663',554,,61381,30,,,0,80,,61371,30,,,0,70,,61382,30,,,0,32,,61373,30,,,0,72,,61357,30,,,0,21,,61359,30,,,0,27,,61380,30,,,0,70,,61386,30,,,0,30,,61364,30,,,0,70,,61379,30,,,0,30,,61372,30,,,0,73,,61354,30,,,0,30,,61383,30,,,0,70,,61370,30,,,0,71,,61363,30,,,0,30,,61355,30,,,0,70,,61356,30,,,0,34,,61358,30,,,0,67,,61362,30,,,0,30,,61387,30,,,0,15,,61360,26,0,13 14,0,56,,61361,30,,,0,28,,61365,30,,,0,70,,61369,30,,,0,31,,61367,30,,,0,70,,61368,30,,,0,28,,61366,30,,,0,30,,61388,30,,,0,69,,61375,30,,,0,30,,61376,30,,,0,70,,61374,30,,,0,30,,61377,30,,,0,70,,61378,30,,,0,97,,61385,30,,,0,99,,61384,30,,,0,99,,61389,30,,,0
7201,'5355',829,,61391,30,,,0,605,,61390,30,,,0,367,,61392,30,,,0
7201,'5372',554,,46746,30,,,0,80,,46736,30,,,0,70,,46747,30,,,0,32,,46738,30,,,0,72,,46725,30,,,0,48,,46745,30,,,0,70,,46751,30,,,0,30,,46730,30,,,0,70,,46744,30,,,0,30,,46737,30,,,0,73,,46722,30,,,0,30,,46748,30,,,0,70,,46735,30,,,0,71,,46729,30,,,0,30,,46723,30,,,0,70,,46724,30,,,0,101,,46728,30,,,0,30,,46752,30,,,0,15,,46726,26,0,13 14,0,56,,46727,30,,,0,28,,46731,30,,,0,70,,46734,30,,,0,31,,46733,30,,,0,98,,46732,30,,,0,30,,46753,30,,,0,69,,46740,30,,,0,30,,46741,30,,,0,70,,46739,30,,,0,30,,46742,30,,,0,70,,46743,30,,,0,97,,46750,30,,,0,99,,46749,30,,,0,99,,46754,30,,,0
7201,'5374',829,,46792,30,,,0,605,,46791,30,,,0,367,,46793,30,,,0
7201,'5375',829,,46794,30,,,0,602,,46795,30,,,0,370,,46796,30,,,0
7201,'5377',723,,46830,30,,,0,100,,46831,30,,,0,100,,46832,30,,,0,105,,46833,30,,,0,100,,46834,30,,,0,30,,46835,30,,,0,70,,46829,30,,,0,29,,46836,30,,,0,70,,46837,30,,,0,30,,46839,30,,,0,70,,46840,30,,,0,31,,46841,30,,,0,70,,46838,30,,,0,30,,46842,30,,,0,69,,46843,30,,,0,30,,46844,30,,,0,74,,46845,30,,,0,28,,46846,30,,,0,72,,46847,30,,,0,70,,46848,30,,,0,30,,46849,30,,,0,69,,46850,30,,,0,30,,46851,30,,,0,70,,46852,30,,,0,30,,46853,30,,,0,95,,46854,30,,,0,99,,46855,30,,,0
7201,'5383',621,,61424,30,,,0,103,,61394,30,,,0,99,,61395,30,,,0,33,,61396,30,,,0,71,,61397,30,,,0,30,,61398,30,,,0,71,,61399,30,,,0,29,,61400,30,,,0,71,,61401,30,,,0,30,,61402,30,,,0,70,,61393,30,,,0,30,,61403,30,,,0,70,,61404,30,,,0,31,,61405,30,,,0,74,,61406,30,,,0,71,,61407,30,,,0,29,,61408,30,,,0,71,,61409,30,,,0,29,,61410,30,,,0,26,,61411,30,,,0,68,,61412,30,,,0,30,,61413,30,,,0,69,,61414,30,,,0,30,,61415,30,,,0,69,,61416,30,,,0,30,,61417,30,,,0,71,,61418,30,,,0,29,,61419,30,,,0,70,,61420,30,,,0,101,,61421,30,,,0,98,,61422,30,,,0,99,,61423,30,,,0
7201,'5384',723,,61426,30,,,0,100,,61427,30,,,0,100,,61428,30,,,0,105,,61429,30,,,0,100,,61430,30,,,0,30,,61431,30,,,0,70,,61425,30,,,0,29,,61432,30,,,0,70,,61433,30,,,0,30,,61435,30,,,0,70,,61436,30,,,0,31,,61437,30,,,0,70,,61434,30,,,0,30,,61438,30,,,0,69,,61439,30,,,0,30,,61440,30,,,0,74,,61441,30,,,0,28,,61442,30,,,0,72,,61443,30,,,0,70,,61444,30,,,0,30,,61445,30,,,0,69,,61446,30,,,0,30,,61447,30,,,0,70,,61448,30,,,0,30,,61449,30,,,0,95,,61450,30,,,0,99,,61451,30,,,0
7201,'5385',554,,61476,30,,,0,80,,61466,30,,,0,70,,61477,30,,,0,32,,61468,30,,,0,72,,61455,30,,,0,48,,61475,30,,,0,70,,61481,30,,,0,30,,61460,30,,,0,70,,61474,30,,,0,30,,61467,30,,,0,73,,61452,30,,,0,30,,61478,30,,,0,70,,61465,30,,,0,71,,61459,30,,,0,30,,61453,30,,,0,70,,61454,30,,,0,101,,61458,30,,,0,30,,61482,30,,,0,15,,61456,26,0,13 14,0,56,,61457,30,,,0,28,,61461,30,,,0,70,,61464,30,,,0,31,,61463,30,,,0,98,,61462,30,,,0,30,,61483,30,,,0,69,,61470,30,,,0,30,,61471,30,,,0,70,,61469,30,,,0,30,,61472,30,,,0,70,,61473,30,,,0,97,,61480,30,,,0,99,,61479,30,,,0,99,,61484,30,,,0
7201,'5386',829,,61485,30,,,0,602,,61486,30,,,0,370,,61487,30,,,0
8701,'4663',650,,61953,30,,,0,200,,61954,30,,,0,200,,61955,30,,,0,200,,61956,30,,,0,199,,61957,30,,,0,203,,61958,30,,,0
8701,'5372',650,,47432,30,,,0,200,,47433,30,,,0,200,,47434,30,,,0,200,,47435,30,,,0,199,,47436,30,,,0,203,,47437,30,,,0
8701,'5385',650,,61959,30,,,0,200,,61960,30,,,0,200,,61961,30,,,0,200,,61962,30,,,0,199,,61963,30,,,0,203,,61964,30,,,0
