301,'4487',729,,14926,,,0,30,,14927,,,0,71,,14924,,,0,70,,14935,,,0,31,,14928,,,0,70,,14923,,,0,32,,14934,,,0,70,,14925,,,0,30,,14922,,,0,70,,14932,,,0,30,,14931,,,0,71,,14929,,,0,30,,14933,,,0,71,,14936,,,0,31,,14930,,,0,74,,14937,,,0,30,,14938,,,0,80,,14941,,,0,24,,14940,,,0,75,,14942,,,0,30,,14939,,,0,74,,14943,,,0,25,,14946,,,0,69,,14947,,,0,29,,14945,,,0,70,,14944,,,0,30,,14949,,,0,69,,14948,,,0
301,'4743',729,,10890,,,0,30,,10891,,,0,71,,10888,,,0,70,,10899,,,0,31,,10892,,,0,70,,10887,,,0,32,,10898,,,0,70,,10889,,,0,30,,10886,,,0,70,,10896,,,0,30,,10895,,,0,71,,10893,,,0,30,,10897,,,0,71,,10900,,,0,31,,10894,,,0,74,,10901,,,0,30,,10902,,,0,80,,10905,,,0,24,,10904,,,0,75,,10906,,,0,30,,10903,,,0,74,,10907,,,0,25,,10910,,,0,69,,10911,,,0,29,,10909,,,0,70,,10908,,,0,30,,10913,,,0,69,,10912,,,0
301,'4744',613,,14978,,,0,37,,14976,,,0,76,,14975,,,0,79,,14977,,,0,43,,14974,,,0,74,,14967,,,0,36,,14966,,,0,71,,14965,,,0,30,,14968,,,0,70,,14963,,,0,71,,14964,,,0,32,,14970,,,0,74,,14962,,,0,31,,14961,,,0,70,,14969,,,0,32,,14960,,,0,74,,14959,,,0,34,,14971,,,0,74,,14958,,,0,35,,14957,,,0,73,,14973,,,0,30,,14956,,,0,75,,14955,,,0,23,,14972,,,0,69,,14954,,,0,30,,14953,,,0,65,,14951,,,0,24,,14952,,,0,70,,14950,,,0
301,'4745',745,,15002,,,0,86,,14999,,,0,80,,15001,,,0,45,,14998,,,0,76,,15000,,,0,80,,14991,,,0,21,,14996,,,0,70,,14995,,,0,30,,14992,,,0,70,,14997,,,0,31,,14994,,,0,70,,14980,,,0,30,,14979,,,0,77,,14983,,,0,28,,14981,,,0,75,,14990,,,0,30,,14985,,,0,69,,14986,,,0,29,,14987,,,0,70,,14984,,,0,29,,14982,,,0,70,,14989,,,0,30,,14988,,,0,73,,14993,,,0
301,'4935',613,,407,,,0,37,,405,,,0,76,,404,,,0,79,,406,,,0,43,,403,,,0,74,,396,,,0,36,,395,,,0,71,,394,,,0,30,,397,,,0,70,,392,,,0,71,,393,,,0,32,,399,,,0,74,,391,,,0,31,,390,,,0,70,,398,,,0,32,,389,,,0,74,,388,,,0,34,,400,,,0,74,,387,,,0,35,,386,,,0,73,,402,,,0,30,,385,,,0,75,,384,,,0,23,,401,,,0,69,,383,,,0,30,,382,,,0,65,,380,,,0,24,,381,,,0,70,,379,,,0
301,'4941',613,,436,,,0,37,,434,,,0,76,,433,,,0,79,,435,,,0,43,,432,,,0,74,,425,,,0,36,,424,,,0,71,,423,,,0,30,,426,,,0,70,,421,,,0,71,,422,,,0,32,,428,,,0,74,,420,,,0,31,,419,,,0,70,,427,,,0,32,,418,,,0,74,,417,,,0,34,,429,,,0,74,,416,,,0,35,,415,,,0,73,,431,,,0,30,,414,,,0,75,,413,,,0,23,,430,,,0,69,,412,,,0,30,,411,,,0,65,,409,,,0,24,,410,,,0,70,,408,,,0
301,'4943',729,,441,,,0,30,,442,,,0,71,,439,,,0,70,,450,,,0,31,,443,,,0,70,,438,,,0,32,,449,,,0,70,,440,,,0,30,,437,,,0,70,,447,,,0,30,,446,,,0,71,,444,,,0,30,,448,,,0,71,,451,,,0,31,,445,,,0,74,,452,,,0,30,,453,,,0,80,,456,,,0,24,,455,,,0,75,,457,,,0,30,,454,,,0,74,,458,,,0,25,,461,,,0,69,,462,,,0,29,,460,,,0,70,,459,,,0,30,,464,,,0,69,,463,,,0
301,'4945',745,,488,,,0,86,,485,,,0,80,,487,,,0,45,,484,,,0,76,,486,,,0,80,,477,,,0,21,,482,,,0,70,,481,,,0,30,,478,,,0,70,,483,,,0,31,,480,,,0,70,,466,,,0,30,,465,,,0,77,,469,,,0,28,,467,,,0,75,,476,,,0,30,,471,,,0,69,,472,,,0,29,,473,,,0,70,,470,,,0,29,,468,,,0,70,,475,,,0,30,,474,,,0,73,,479,,,0
301,'4947',613,,15031,,,0,37,,15029,,,0,76,,15028,,,0,79,,15030,,,0,43,,15027,,,0,74,,15020,,,0,36,,15019,,,0,71,,15018,,,0,30,,15021,,,0,70,,15016,,,0,71,,15017,,,0,32,,15023,,,0,74,,15015,,,0,31,,15014,,,0,70,,15022,,,0,32,,15013,,,0,74,,15012,,,0,34,,15024,,,0,74,,15011,,,0,35,,15010,,,0,73,,15026,,,0,30,,15009,,,0,75,,15008,,,0,23,,15025,,,0,69,,15007,,,0,30,,15006,,,0,65,,15004,,,0,24,,15005,,,0,70,,15003,,,0
301,'4952',613,,15060,,,0,37,,15058,,,0,76,,15057,,,0,79,,15059,,,0,43,,15056,,,0,74,,15049,,,0,36,,15048,,,0,71,,15047,,,0,30,,15050,,,0,70,,15045,,,0,71,,15046,,,0,32,,15052,,,0,74,,15044,,,0,31,,15043,,,0,70,,15051,,,0,32,,15042,,,0,74,,15041,,,0,34,,15053,,,0,74,,15040,,,0,35,,15039,,,0,73,,15055,,,0,30,,15038,,,0,75,,15037,,,0,23,,15054,,,0,69,,15036,,,0,30,,15035,,,0,65,,15033,,,0,24,,15034,,,0,70,,15032,,,0
301,'4953',729,,15065,,,0,30,,15066,,,0,71,,15063,,,0,70,,15074,,,0,31,,15067,,,0,70,,15062,,,0,32,,15073,,,0,70,,15064,,,0,30,,15061,,,0,70,,15071,,,0,30,,15070,,,0,71,,15068,,,0,30,,15072,,,0,71,,15075,,,0,31,,15069,,,0,74,,15076,,,0,30,,15077,,,0,80,,15080,,,0,24,,15079,,,0,75,,15081,,,0,30,,15078,,,0,74,,15082,,,0,25,,15085,,,0,69,,15086,,,0,29,,15084,,,0,70,,15083,,,0,30,,15088,,,0,69,,15087,,,0
301,'4954',745,,15112,,,0,86,,15109,,,0,80,,15111,,,0,45,,15108,,,0,76,,15110,,,0,80,,15101,,,0,21,,15106,,,0,70,,15105,,,0,30,,15102,,,0,70,,15107,,,0,31,,15104,,,0,70,,15090,,,0,30,,15089,,,0,77,,15093,,,0,28,,15091,,,0,75,,15100,,,0,30,,15095,,,0,69,,15096,,,0,29,,15097,,,0,70,,15094,,,0,29,,15092,,,0,70,,15099,,,0,30,,15098,,,0,73,,15103,,,0
