7500,'4663',549,,61489,58,0,42 43,0,58,,61490,58,0,13 14,0,19,,61491,58,0,13 14,0,20,,61492,58,0,13 14,0,58,,61488,58,0,13 14,0,18,,61493,58,0,13 14,0,15,,61494,58,0,42 43,0,68,,61495,69,0,13 14,0,12,,61496,58,0,13 14,0,21,,61497,58,0,13 14,0,21,,61498,58,0,42 43,0,68,,61499,60,0,13 14,0,28,,61500,60,0,42 43,0,74,,61501,60,0,13 14,0,27,,61502,60,0,42 43,0,70,,61503,60,0,13 14,0,30,,61504,60,0,42 43,0,70,,61505,60,0,13 14,0,30,,61506,60,0,42 43,0,70,,61507,60,0,13 14,0,30,,61508,60,0,42 43,0,70,,61509,60,0,13 14,0,28,,61510,60,0,42 43,0,70,,61511,60,0,42 43,0,32,,61512,60,0,42 43,0,70,,61513,60,0,13 14,0,31,,61514,60,0,42 43,0,68,,61515,69,0,13 14,0,20,,61516,69,0,42 43,0,65,,61517,71,0,13 14,0,11,,61518,69,0,13 14,0,16,,61519,60,0,13 14,0,63,,61520,69,0,42 43,0,24,,61521,60,0,13 14,0,76,,61522,60,0,42 43,0,107,,61523,60,0,42 43,0,95,,61524,60,0,13 14,0,99,,61525,58,0,13 14,0,108,,61526,58,0,13 14,0
7500,'5372',549,,46884,58,0,42 43,0,58,,46885,58,0,13 14,0,19,,46886,58,0,13 14,0,20,,46887,58,0,13 14,0,58,,46883,58,0,13 14,0,18,,46888,58,0,13 14,0,15,,46889,58,0,42 43,0,68,,46890,69,0,13 14,0,12,,46891,58,0,13 14,0,21,,46892,58,0,13 14,0,21,,46893,58,0,42 43,0,68,,46894,60,0,13 14,0,28,,46895,60,0,42 43,0,74,,46896,60,0,13 14,0,27,,46897,60,0,42 43,0,70,,46898,60,0,13 14,0,30,,46899,60,0,42 43,0,70,,46900,60,0,13 14,0,30,,46901,60,0,42 43,0,70,,46902,60,0,13 14,0,30,,51855,60,0,42 43,0,70,,61527,60,0,13 14,0,28,,46905,60,0,42 43,0,70,,46906,60,0,42 43,0,32,,46907,60,0,42 43,0,70,,46908,60,0,13 14,0,31,,46909,60,0,42 43,0,68,,46910,69,0,13 14,0,20,,46911,69,0,42 43,0,65,,46912,71,0,13 14,0,11,,46913,69,0,13 14,0,16,,46914,60,0,13 14,0,63,,46915,69,0,42 43,0,24,,46916,60,0,13 14,0,76,,46917,60,0,42 43,0,107,,46918,60,0,42 43,0,95,,46919,60,0,13 14,0,99,,50777,58,0,13 14,0
7500,'5373',2409,,46989,58,0,13 14,0
7500,'5377',700,,46990,58,0,13 14,0,59,,46991,58,0,42 43,0,141,,46992,58,0,42 43,0,59,,46993,60,0,42 43,0,99,,46994,60,0,42 43,0,100,,46995,60,0,42 43,0,70,,46996,60,0,13 14,0,30,,46997,60,0,42 43,0,71,,46998,60,0,13 14,0,30,,46999,60,0,42 43,0,70,,47000,60,0,13 14,0,30,,47001,60,0,42 43,0,70,,47002,60,0,13 14,0,30,,47003,60,0,42 43,0,100,,47004,60,0,42 43,0,141,,47005,60,0,42 43,0,101,,47006,60,0,42 43,0,102,,47007,60,0,42 43,0,104,,47008,60,0,42 43,0,96,,47009,60,0,13 14,0,129,,47010,58,0,13 14,0
7500,'5381',2409,,46960,58,0,13 14,0
7500,'5383',706,,61529,58,0,13 14,0,94,,61530,58,0,42 43,0,100,,61531,58,0,42 43,0,59,,61528,60,0,42 43,0,98,,61532,60,0,42 43,0,101,,61533,60,0,42 43,0,70,,61534,60,0,13 14,0,30,,61535,60,0,42 43,0,70,,61536,60,0,13 14,0,31,,61537,60,0,42 43,0,64,,61538,60,0,13 14,0,36,,61539,60,0,42 43,0,70,,61540,60,0,13 14,0,30,,61541,60,0,42 43,0,71,,61542,60,0,13 14,0,70,,61543,60,0,42 43,0,100,,61544,60,0,42 43,0,102,,61545,60,0,42 43,0,100,,61546,60,0,42 43,0,101,,61547,60,0,42 43,0,98,,61548,60,0,13 14,0,101,,61549,58,0,13 14,0,101,,61550,58,0,13 14,0
7500,'5384',700,,61556,58,0,13 14,0,59,,61557,58,0,42 43,0,141,,61558,58,0,42 43,0,59,,61559,60,0,42 43,0,99,,61560,60,0,42 43,0,100,,61561,60,0,42 43,0,70,,61562,60,0,13 14,0,30,,61563,60,0,42 43,0,71,,61564,60,0,13 14,0,30,,61565,60,0,42 43,0,70,,61566,60,0,13 14,0,30,,61567,60,0,42 43,0,70,,61568,60,0,13 14,0,30,,61569,60,0,42 43,0,100,,61570,60,0,42 43,0,141,,61571,60,0,42 43,0,101,,61572,60,0,42 43,0,102,,61573,60,0,42 43,0,104,,61574,60,0,42 43,0,96,,61575,60,0,13 14,0,129,,61576,58,0,13 14,0
7500,'5385',549,,61581,58,0,42 43,0,58,,61582,58,0,13 14,0,19,,61583,58,0,13 14,0,20,,61584,58,0,13 14,0,58,,61580,58,0,13 14,0,18,,61585,58,0,13 14,0,15,,61586,58,0,42 43,0,68,,61587,69,0,13 14,0,12,,61588,58,0,13 14,0,21,,61589,58,0,13 14,0,21,,61590,58,0,42 43,0,68,,61591,60,0,13 14,0,28,,61592,60,0,42 43,0,74,,61593,60,0,13 14,0,27,,61594,60,0,42 43,0,70,,61595,60,0,13 14,0,30,,61596,60,0,42 43,0,70,,61597,60,0,13 14,0,30,,61598,60,0,42 43,0,70,,61599,60,0,13 14,0,30,,61600,60,0,42 43,0,70,,61601,60,0,13 14,0,28,,61602,60,0,42 43,0,70,,61603,60,0,42 43,0,32,,61604,60,0,42 43,0,70,,61605,60,0,13 14,0,31,,61606,60,0,42 43,0,68,,61607,69,0,13 14,0,20,,61608,69,0,42 43,0,65,,61609,71,0,13 14,0,11,,61610,69,0,13 14,0,16,,61611,60,0,13 14,0,63,,61612,69,0,42 43,0,24,,61613,60,0,13 14,0,76,,61614,60,0,42 43,0,107,,61615,60,0,42 43,0,95,,61616,60,0,13 14,0,99,,61617,58,0,13 14,0
7500,'5387',2409,,61618,58,0,13 14,0
7500,'5388',2409,,61619,58,0,13 14,0
