4900,'4487',828,,26404,,,0,211,,26405,,,0,202,,26400,,,0,210,,26401,,,0,249,,26402,,,0,154,,26403,,,0,267,,26399,,,0
4900,'4743',828,,13425,,,0,211,,13426,,,0,202,,13421,,,0,210,,13422,,,0,249,,13423,,,0,154,,13424,,,0,267,,13420,,,0
4900,'4744',733,,26408,,,0,100,,26410,,,0,172,,26407,,,0,200,,26409,,,0,126,,26411,,,0,183,,26412,,,0,105,,26413,,,0,94,,26406,,,0,107,,26414,,,0,194,,26415,,,0,208,,26416,,,0
4900,'4745',828,,26418,,,0,210,,26417,,,0,202,,26419,,,0,209,,26420,,,0,210,,26422,,,0,194,,26423,,,0,268,,26421,,,0
4900,'4935',733,,7164,,,0,100,,7166,,,0,172,,7163,,,0,200,,7165,,,0,126,,7167,,,0,183,,7168,,,0,105,,7169,,,0,94,,7162,,,0,107,,7170,,,0,194,,7171,,,0,208,,7172,,,0
4900,'4941',733,,7175,,,0,100,,7177,,,0,172,,7174,,,0,200,,7176,,,0,126,,7178,,,0,183,,7179,,,0,105,,7180,,,0,94,,7173,,,0,107,,7181,,,0,194,,7182,,,0,208,,7183,,,0
4900,'4943',828,,7189,,,0,211,,7190,,,0,202,,7185,,,0,210,,7186,,,0,249,,7187,,,0,154,,7188,,,0,267,,7184,,,0
4900,'4945',828,,7192,,,0,210,,7191,,,0,202,,7193,,,0,209,,7194,,,0,210,,7196,,,0,194,,7197,,,0,268,,7195,,,0
4900,'4947',733,,26426,,,0,100,,26428,,,0,172,,26425,,,0,200,,26427,,,0,126,,26429,,,0,183,,26430,,,0,105,,26431,,,0,94,,26424,,,0,107,,26432,,,0,194,,26433,,,0,208,,26434,,,0
4900,'4952',733,,26437,,,0,100,,26439,,,0,172,,26436,,,0,200,,26438,,,0,126,,26440,,,0,183,,26441,,,0,105,,26442,,,0,94,,26435,,,0,107,,26443,,,0,194,,26444,,,0,208,,26445,,,0
4900,'4953',828,,26451,,,0,211,,26452,,,0,202,,26447,,,0,210,,26448,,,0,249,,26449,,,0,154,,26450,,,0,267,,26446,,,0
4900,'4954',828,,26454,,,0,210,,26453,,,0,202,,26455,,,0,209,,26456,,,0,210,,26458,,,0,194,,26459,,,0,268,,26457,,,0
