5200,'4663',515,,59709,38,,,0,31,,59718,38,,,0,71,,59712,38,,,0,20,,59723,38,,,0,21,,59710,38,,,0,63,,59731,38,,,0,29,,59717,38,,,0,66,,59746,38,,,0,10,,59711,38,,,0,16,,59739,38,,,0,10,,59722,38,,,0,69,,59713,38,,,0,30,,59730,38,,,0,66,,59716,38,,,0,30,,59714,38,,,0,75,,59715,38,,,0,31,,59732,38,,,0,71,,59719,38,,,0,30,,59720,38,,,0,76,,59721,38,,,0,74,,59729,38,,,0,31,,59745,3,,,0,5,,59724,38,,,0,71,,59725,38,,,0,34,,59741,38,,,0,71,,59726,38,,,0,30,,59728,38,,,0,67,,59727,38,,,0,29,,59733,38,,,0,71,,59742,38,,,0,30,,59734,38,,,0,74,,59735,38,,,0,29,,59736,38,,,0,69,,59743,38,,,0,26,,59737,38,,,0,72,,59738,38,,,0,96,,59744,38,,,0,98,,59740,38,,,0,103,,59747,38,,,0
5200,'5372',515,,44768,38,,,0,31,,44777,38,,,0,71,,44771,38,,,0,20,,44782,38,,,0,21,,44769,38,,,0,63,,44790,38,,,0,29,,44776,38,,,0,66,,44805,38,,,0,10,,44770,38,,,0,16,,44798,38,,,0,10,,44781,38,,,0,69,,44772,38,,,0,30,,44789,38,,,0,66,,44775,38,,,0,30,,44773,38,,,0,75,,44774,38,,,0,31,,44791,38,,,0,71,,44778,38,,,0,30,,44779,38,,,0,76,,44780,38,,,0,74,,44788,38,,,0,36,,44783,38,,,0,71,,44784,38,,,0,22,,51755,3,,,0,12,,51754,38,,,0,71,,44785,38,,,0,30,,44787,38,,,0,67,,44786,38,,,0,29,,44792,38,,,0,71,,44801,38,,,0,30,,44793,38,,,0,74,,44794,38,,,0,29,,44795,38,,,0,69,,44802,38,,,0,26,,44796,38,,,0,72,,44797,38,,,0,96,,44803,38,,,0,98,,44799,38,,,0,103,,44806,38,,,0
5200,'5377',718,,44899,38,,,0,32,,44881,38,,,0,81,,44884,38,,,0,71,,44898,38,,,0,32,,44892,38,,,0,72,,50385,38,,,0,31,,44883,38,,,0,72,,44894,38,,,0,31,,44888,38,,,0,72,,50384,38,,,0,33,,44882,38,,,0,70,,44897,38,,,0,31,,44890,38,,,0,78,,50383,38,,,0,30,,44886,38,,,0,74,,44896,38,,,0,74,,44889,38,,,0,33,,50387,38,,,0,68,,44885,38,,,0,30,,44895,38,,,0,68,,44891,38,,,0,30,,50386,38,,,0,69,,44887,38,,,0,29,,44901,38,,,0,79,,44900,38,,,0,99,,44902,38,,,0,98,,44904,38,,,0,106,,44903,38,,,0
5200,'5383',648,,59765,38,,,0,70,,59764,38,,,0,41,,59759,38,,,0,75,,59767,38,,,0,71,,59762,38,,,0,33,,59748,38,,,0,70,,59755,38,,,0,30,,59774,38,,,0,72,,59753,38,,,0,35,,59750,38,,,0,73,,59756,38,,,0,32,,59776,38,,,0,75,,59751,38,,,0,33,,59749,38,,,0,76,,59758,38,,,0,66,,59775,38,,,0,34,,59754,38,,,0,72,,59761,38,,,0,35,,59757,38,,,0,68,,59772,38,,,0,30,,59752,38,,,0,69,,59763,38,,,0,22,,59769,38,,,0,25,,59760,38,,,0,64,,59768,38,,,0,24,,59771,38,,,0,68,,59770,38,,,0,28,,59766,38,,,0,70,,59773,38,,,0,100,,59777,38,,,0,93,,59778,38,,,0,108,,59779,38,,,0
5200,'5384',718,,59801,38,,,0,32,,59783,38,,,0,81,,59786,38,,,0,71,,59800,38,,,0,32,,59794,38,,,0,72,,59782,38,,,0,31,,59785,38,,,0,72,,59796,38,,,0,31,,59790,38,,,0,72,,59781,38,,,0,33,,59784,38,,,0,70,,59799,38,,,0,31,,59792,38,,,0,78,,59780,38,,,0,30,,59788,38,,,0,74,,59798,38,,,0,74,,59791,38,,,0,33,,59807,38,,,0,68,,59787,38,,,0,30,,59797,38,,,0,68,,59793,38,,,0,30,,59795,38,,,0,69,,59789,38,,,0,29,,59803,38,,,0,79,,59802,38,,,0,99,,59804,38,,,0,98,,59806,38,,,0,106,,59805,38,,,0
5200,'5385',515,,59808,38,,,0,31,,59817,38,,,0,71,,59811,38,,,0,20,,59822,38,,,0,21,,59809,38,,,0,63,,59830,38,,,0,29,,59816,38,,,0,66,,59845,38,,,0,10,,59810,38,,,0,16,,59838,38,,,0,10,,59821,38,,,0,69,,59812,38,,,0,30,,59829,38,,,0,66,,59815,38,,,0,30,,59813,38,,,0,75,,59814,38,,,0,31,,59831,38,,,0,71,,59818,38,,,0,30,,59819,38,,,0,76,,59820,38,,,0,74,,59828,38,,,0,36,,59823,38,,,0,71,,59824,38,,,0,22,,59844,3,,,0,12,,59840,38,,,0,71,,59825,38,,,0,30,,59827,38,,,0,67,,59826,38,,,0,29,,59832,38,,,0,71,,59841,38,,,0,30,,59833,38,,,0,74,,59834,38,,,0,29,,59835,38,,,0,69,,59842,38,,,0,26,,59836,38,,,0,72,,59837,38,,,0,96,,59843,38,,,0,98,,59839,38,,,0,103,,59846,38,,,0
6000,'4663',640,,60621,2,,,0,72,,60616,2,,,0,31,,60624,2,,,0,106,,60618,2,,,0,101,,60617,2,,,0,101,,60619,2,,,0,97,,60620,2,,,0,103,,60622,2,,,0,102,,60623,2,,,0,81,,60628,3,,,0,68,,60625,2,,,0,103,,60615,2,,,0,41,,60632,2,,,0,82,,60626,2,,,0,82,,60627,2,,,0,41,,60631,2,,,0,103,,60629,2,,,0,104,,60630,2,,,0,154,,60633,2,,,0
6000,'5372',640,,45859,2,,,0,72,,45854,2,,,0,31,,45862,2,,,0,106,,45856,2,,,0,101,,45855,2,,,0,101,,45857,2,,,0,97,,45858,2,,,0,103,,45860,2,,,0,102,,45861,2,,,0,149,,45863,2,,,0,30,,45871,3,,,0,73,,60634,2,,,0,41,,45869,2,,,0,82,,45864,2,,,0,82,,45865,2,,,0,41,,45868,2,,,0,103,,45866,2,,,0,104,,45867,2,,,0,154,,45870,2,,,0
6000,'5377',813,,50670,2,,,0,101,,50671,2,,,0,101,,50673,2,,,0,106,,50672,2,,,0,105,,50677,2,,,0,105,,50676,2,,,0,105,,50675,2,,,0,105,,50674,2,,,0,102,,50679,2,,,0,103,,45916,2,,,0,104,,50680,2,,,0,105,,50678,2,,,0,160,,45913,2,,,0
6000,'5383',712,,60647,2,,,0,100,,60648,2,,,0,101,,60646,2,,,0,101,,60645,2,,,0,106,,60644,2,,,0,105,,60643,2,,,0,105,,60642,2,,,0,106,,60641,2,,,0,106,,60639,2,,,0,102,,60640,2,,,0,103,,60635,2,,,0,104,,60636,2,,,0,105,,60637,2,,,0,160,,60638,2,,,0
6000,'5384',813,,60649,2,,,0,101,,60650,2,,,0,101,,60652,2,,,0,106,,60651,2,,,0,105,,60656,2,,,0,105,,60655,2,,,0,105,,60654,2,,,0,105,,60653,2,,,0,102,,60659,2,,,0,103,,60660,2,,,0,104,,60661,2,,,0,105,,60658,2,,,0,160,,60657,2,,,0
6000,'5385',640,,60668,2,,,0,72,,60663,2,,,0,31,,60671,2,,,0,106,,60665,2,,,0,101,,60664,2,,,0,101,,60666,2,,,0,97,,60667,2,,,0,103,,60669,2,,,0,102,,60670,2,,,0,149,,60672,2,,,0,30,,60680,3,,,0,73,,60662,2,,,0,41,,60678,2,,,0,82,,60673,2,,,0,82,,60674,2,,,0,41,,60677,2,,,0,103,,60675,2,,,0,104,,60676,2,,,0,154,,60679,2,,,0
