200,'4623',608,,63268,37,,,0,41,,63260,37,,,0,61,,63255,37,,,0,32,,63269,37,,,0,73,,63263,37,,,0,31,,63254,37,,,0,71,,63267,37,,,0,29,,63264,37,,,0,86,,63253,37,,,0,78,,63256,37,,,0,42,,63257,37,,,0,81,,63266,37,,,0,80,,63259,37,,,0,41,,63258,37,,,0,79,,63265,37,,,0,79,,63261,37,,,0,36,,63262,37,,,0,76,,63270,37,,,0,77,,63271,37,,,0,47,,63273,37,,,0,72,,63272,37,,,0,38,,63277,37,,,0,89,,63275,37,,,0,78,,63276,37,,,0,82,,63281,37,,,0,40,,63280,37,,,0,78,,63282,37,,,0,79,,63283,37,,,0,39,,63284,37,,,0,78,,63285,37,,,0
200,'4833',618,,63307,37,,,0,113,,63310,37,,,0,121,,63308,37,,,0,80,,63296,37,,,0,88,,63309,37,,,0,80,,63294,37,,,0,40,,63288,37,,,0,81,,63295,37,,,0,80,,63289,37,,,0,41,,63302,37,,,0,81,,63290,37,,,0,81,,63293,37,,,0,40,,63292,37,,,0,79,,63291,37,,,0,79,,63305,37,,,0,39,,63306,37,,,0,74,,63304,37,,,0,40,,63298,37,,,0,75,,63299,37,,,0,94,,63301,37,,,0,80,,63300,37,,,0,45,,63316,37,,,0,80,,63313,37,,,0,80,,63312,37,,,0,37,,63314,37,,,0,79,,63311,37,,,0
200,'5015',618,,63337,37,,,0,113,,63340,37,,,0,121,,63338,37,,,0,80,,63326,37,,,0,88,,63339,37,,,0,80,,63324,37,,,0,40,,63318,37,,,0,81,,63325,37,,,0,80,,63319,37,,,0,41,,63332,37,,,0,81,,63320,37,,,0,81,,63323,37,,,0,40,,63322,37,,,0,79,,63321,37,,,0,79,,63335,37,,,0,39,,63336,37,,,0,74,,63334,37,,,0,40,,63328,37,,,0,75,,63329,37,,,0,94,,63331,37,,,0,80,,63330,37,,,0,45,,63346,37,,,0,80,,63343,37,,,0,80,,63342,37,,,0,37,,63344,37,,,0,79,,63341,37,,,0
200,'5078',714,,52797,37,,,0,121,,52796,37,,,0,122,,52795,37,,,0,101,,52776,37,,,0,81,,52794,37,,,0,81,,52782,37,,,0,80,,52780,37,,,0,40,,52775,37,,,0,82,,52777,37,,,0,80,,52788,37,,,0,40,,52783,37,,,0,80,,52778,37,,,0,79,,52781,37,,,0,39,,52779,37,,,0,74,,52789,37,,,0,39,,52785,37,,,0,94,,52790,37,,,0,80,,52786,37,,,0,80,,52792,37,,,0,39,,52793,37,,,0,80,,52791,37,,,0,79,,52798,37,,,0,39,,52799,37,,,0
200,'5222',608,,63364,37,,,0,41,,63356,37,,,0,61,,63351,37,,,0,32,,63365,37,,,0,73,,63359,37,,,0,31,,63350,37,,,0,71,,63363,37,,,0,29,,63360,37,,,0,86,,63349,37,,,0,78,,63352,37,,,0,42,,63353,37,,,0,81,,63362,37,,,0,80,,63355,37,,,0,41,,63354,37,,,0,79,,63361,37,,,0,79,,63357,37,,,0,36,,63358,37,,,0,76,,63366,37,,,0,77,,63367,37,,,0,47,,63369,37,,,0,72,,63368,37,,,0,38,,63373,37,,,0,89,,63371,37,,,0,78,,63372,37,,,0,82,,63377,37,,,0,40,,63376,37,,,0,78,,63378,37,,,0,79,,63379,37,,,0,39,,63380,37,,,0,78,,63381,37,,,0
200,'5365',714,,63405,37,,,0,121,,63404,37,,,0,122,,63403,37,,,0,101,,63384,37,,,0,81,,63402,37,,,0,81,,63390,37,,,0,80,,63388,37,,,0,40,,63383,37,,,0,82,,63385,37,,,0,80,,63396,37,,,0,40,,63391,37,,,0,80,,63386,37,,,0,79,,63389,37,,,0,39,,63387,37,,,0,74,,63397,37,,,0,39,,63393,37,,,0,94,,63398,37,,,0,80,,63394,37,,,0,80,,63400,37,,,0,39,,63401,37,,,0,80,,63399,37,,,0,79,,63406,37,,,0,39,,63407,37,,,0
200,'5390',714,,63430,37,,,0,121,,63429,37,,,0,122,,63428,37,,,0,101,,63409,37,,,0,81,,63427,37,,,0,81,,63415,37,,,0,80,,63413,37,,,0,40,,63408,37,,,0,82,,63410,37,,,0,80,,63421,37,,,0,40,,63416,37,,,0,80,,63411,37,,,0,79,,63414,37,,,0,39,,63412,37,,,0,74,,63422,37,,,0,39,,63418,37,,,0,94,,63423,37,,,0,80,,63419,37,,,0,80,,63425,37,,,0,39,,63426,37,,,0,80,,63424,37,,,0,79,,63431,37,,,0,39,,63432,37,,,0
500,'4623',628,,64666,37,,,0,97,,64659,37,,,0,75,,64661,37,,,0,31,,64658,37,,,0,71,,64660,37,,,0,28,,64663,37,,,0,87,,64662,37,,,0,33,,64671,37,,,0,80,,64668,37,,,0,81,,64664,37,,,0,41,,64665,37,,,0,82,,64667,37,,,0,78,,64672,37,,,0,40,,64669,37,,,0,78,,64670,37,,,0,75,,64674,37,,,0,37,,64673,37,,,0,74,,64675,37,,,0,88,,64676,37,,,0,36,,64677,37,,,0,82,,64679,37,,,0,85,,64678,37,,,0
500,'4833',653,,64691,37,,,0,157,,64687,37,,,0,102,,64690,37,,,0,42,,64681,37,,,0,85,,64688,37,,,0,80,,64682,37,,,0,81,,64697,37,,,0,41,,64689,37,,,0,81,,64680,37,,,0,81,,64686,37,,,0,40,,64683,37,,,0,81,,64693,37,,,0,80,,64684,37,,,0,38,,64685,37,,,0,79,,64694,37,,,0,35,,64695,37,,,0,79,,64696,37,,,0,80,,64692,37,,,0,89,,64698,37,,,0
500,'5015',653,,64710,37,,,0,157,,64706,37,,,0,102,,64709,37,,,0,42,,64700,37,,,0,85,,64707,37,,,0,80,,64701,37,,,0,81,,64716,37,,,0,41,,64708,37,,,0,81,,64699,37,,,0,81,,64705,37,,,0,40,,64702,37,,,0,81,,64712,37,,,0,80,,64703,37,,,0,38,,64704,37,,,0,79,,64713,37,,,0,35,,64714,37,,,0,79,,64715,37,,,0,80,,64711,37,,,0,89,,64717,37,,,0
500,'5078',755,,53750,37,,,0,161,,53749,37,,,0,122,,53748,37,,,0,81,,53743,37,,,0,81,,53737,37,,,0,41,,53738,37,,,0,80,,53751,37,,,0,81,,53744,37,,,0,41,,53741,37,,,0,80,,53739,37,,,0,80,,53740,37,,,0,40,,53752,37,,,0,77,,53745,37,,,0,35,,53742,37,,,0,78,,53746,37,,,0,80,,53747,37,,,0
500,'5222',628,,64726,37,,,0,97,,64719,37,,,0,75,,64721,37,,,0,31,,64718,37,,,0,71,,64720,37,,,0,28,,64723,37,,,0,87,,64722,37,,,0,33,,64731,37,,,0,80,,64728,37,,,0,81,,64724,37,,,0,41,,64725,37,,,0,82,,64727,37,,,0,78,,64732,37,,,0,40,,64729,37,,,0,78,,64730,37,,,0,75,,64734,37,,,0,37,,64733,37,,,0,74,,64735,37,,,0,88,,64736,37,,,0,36,,64737,37,,,0,82,,64739,37,,,0,85,,64738,37,,,0
500,'5365',755,,64753,37,,,0,161,,64752,37,,,0,122,,64751,37,,,0,81,,64746,37,,,0,81,,64740,37,,,0,41,,64741,37,,,0,80,,64754,37,,,0,81,,64747,37,,,0,41,,64744,37,,,0,80,,64742,37,,,0,80,,64743,37,,,0,40,,64755,37,,,0,77,,64748,37,,,0,35,,64745,37,,,0,78,,64749,37,,,0,80,,64750,37,,,0
500,'5390',755,,64769,37,,,0,161,,64768,37,,,0,122,,64767,37,,,0,81,,64762,37,,,0,81,,64756,37,,,0,41,,64757,37,,,0,80,,64770,37,,,0,81,,64763,37,,,0,41,,64760,37,,,0,80,,64758,37,,,0,80,,64759,37,,,0,40,,64771,37,,,0,77,,64764,37,,,0,35,,64761,37,,,0,78,,64765,37,,,0,80,,64766,37,,,0
800,'4623',652,,65917,45,,,0,92,,65918,45,,,0,74,,65919,45,,,0,40,,65920,45,,,0,86,,65921,45,,,0,75,,65922,45,,,0,81,,65916,45,,,0,44,,65923,45,,,0,78,,65937,45,,,0,84,,65924,45,,,0,44,,65925,45,,,0,85,,65926,45,,,0,102,,65927,45,,,0,82,,65928,45,,,0,86,,65929,45,,,0,29,,65938,45,,,0,72,,65930,45,,,0,31,,65931,45,,,0,69,,65932,45,,,0,29,,65939,45,,,0,94,,65933,45,,,0,83,,65934,45,,,0,96,,65935,45,,,0,41,,65936,45,,,0
800,'4833',739,,65946,34,,,0,85,,65947,34,,,0,87,,65948,34,,,0,47,,65941,34,,,0,91,,65942,34,,,0,87,,65940,34,,,0,90,,65943,34,,,0,91,,65944,34,,,0,92,,65945,34,,,0,92,,65949,34,,,0,50,,65950,34,,,0,91,,65951,34,,,0,88,,65952,34,,,0,84,,65953,34,,,0,44,,65954,34,,,0
800,'5015',739,,65961,34,,,0,85,,65962,34,,,0,87,,65963,34,,,0,47,,65956,34,,,0,91,,65957,34,,,0,87,,65955,34,,,0,90,,65958,34,,,0,91,,65959,34,,,0,92,,65960,34,,,0,92,,65964,34,,,0,50,,65965,34,,,0,91,,65966,34,,,0,88,,65967,34,,,0,84,,65968,34,,,0,44,,65969,34,,,0
800,'5078',910,,54617,34,,,0,47,,54618,34,,,0,90,,54619,34,,,0,87,,54620,34,,,0,91,,54621,34,,,0,92,,54616,34,,,0,90,,54622,34,,,0,52,,54623,34,,,0,91,,54624,34,,,0,91,,54625,34,,,0,87,,54626,34,,,0
800,'5222',652,,65971,45,,,0,92,,65972,45,,,0,74,,65973,45,,,0,40,,65974,45,,,0,86,,65975,45,,,0,75,,65976,45,,,0,81,,65970,45,,,0,44,,65977,45,,,0,78,,65991,45,,,0,84,,65978,45,,,0,44,,65979,45,,,0,85,,65980,45,,,0,102,,65981,45,,,0,82,,65982,45,,,0,86,,65983,45,,,0,29,,65992,45,,,0,72,,65984,45,,,0,31,,65985,45,,,0,69,,65986,45,,,0,29,,65993,45,,,0,94,,65987,45,,,0,83,,65988,45,,,0,96,,65989,45,,,0,41,,65990,45,,,0
800,'5365',910,,65995,34,,,0,47,,65996,34,,,0,90,,65997,34,,,0,87,,65998,34,,,0,91,,65999,34,,,0,92,,65994,34,,,0,90,,66000,34,,,0,52,,66001,34,,,0,91,,66002,34,,,0,91,,66003,34,,,0,87,,66004,34,,,0
800,'5390',910,,66006,34,,,0,47,,66007,34,,,0,90,,66008,34,,,0,87,,66009,34,,,0,91,,66010,34,,,0,92,,66005,34,,,0,90,,66011,34,,,0,52,,66012,34,,,0,91,,66013,34,,,0,91,,66014,34,,,0,87,,66015,34,,,0
