2201,'4663',557,,56847,21,,,0,68,,56837,21,,,0,88,,56831,13,,,0,25,,56836,27,,,0,69,,56848,27,,,0,32,,56838,27,,,0,104,,56832,27,,,0,69,,56835,27,,,0,30,,56849,27,,,0,98,,56852,27,,,0,69,,56830,13,,,0,29,,56839,13,,,0,99,,56840,13,,,0,71,,56853,13,,,0,99,,56841,13,,,0,33,,56850,13,,,0,71,,56842,13,,,0,100,,56833,13,,,0,37,,56843,13,,,0,100,,56844,13,,,0,71,,56834,13,,,0,103,,56851,13,,,0,31,,56846,13,,,0,89,,56845,13,0,5 49,0
2201,'5372',557,,50119,21,,,0,68,,50109,21,,,0,88,,50103,13,,,0,25,,50108,27,,,0,69,,50120,27,,,0,32,,50110,27,,,0,104,,50104,27,,,0,69,,50107,27,,,0,30,,50121,27,,,0,98,,50124,27,,,0,69,,50102,13,,,0,29,,50111,13,,,0,99,,50112,13,,,0,71,,50125,13,,,0,99,,50113,13,,,0,33,,50122,13,,,0,71,,50114,13,,,0,100,,50105,13,,,0,37,,50115,13,,,0,100,,50116,13,,,0,71,,50106,13,,,0,103,,50123,13,,,0,31,,50118,13,,,0,89,,50117,13,0,5 49,0
2201,'5377',743,,50062,13,,,0,80,,50063,13,,,0,29,,50055,13,,,0,67,,50056,13,,,0,30,,50065,13,,,0,69,,50064,13,,,0,29,,50054,13,,,0,69,,50058,13,,,0,30,,50059,13,,,0,70,,50057,13,,,0,28,,50061,13,,,0,69,,50060,13,,,0,30,,50067,13,,,0,70,,50068,13,,,0,31,,50066,13,,,0,70,,50070,13,,,0,35,,50069,13,,,0,70,,50072,13,,,0,30,,50071,13,,,0,70,,50073,13,,,0,33,,50074,13,,,0,70,,50075,13,,,0,91,,50076,13,0,5,0,102,,50077,13,0,5,0,111,,50078,13,0,5,0
2201,'5383',715,,56864,13,,,0,38,,56875,13,,,0,68,,56860,13,,,0,29,,56854,13,,,0,70,,56863,13,,,0,30,,56876,13,,,0,67,,56859,13,,,0,29,,56858,13,,,0,71,,56861,13,,,0,28,,56856,13,,,0,68,,56880,13,,,0,30,,56857,13,,,0,67,,56862,13,,,0,30,,56855,13,,,0,70,,56868,13,,,0,32,,56879,13,,,0,69,,56870,13,,,0,32,,56866,13,,,0,71,,56869,13,,,0,34,,56871,13,,,0,71,,56867,13,,,0,31,,56865,13,,,0,70,,56873,13,,,0,33,,56872,13,,,0,68,,56878,13,,,0,28,,56874,13,,,0,73,,56881,13,,,0,31,,56877,13,,,0,88,,56882,13,0,5 49,0
2201,'5384',743,,56891,13,,,0,80,,56892,13,,,0,29,,56884,13,,,0,67,,56885,13,,,0,30,,56894,13,,,0,69,,56893,13,,,0,29,,56883,13,,,0,69,,56887,13,,,0,30,,56888,13,,,0,70,,56886,13,,,0,28,,56890,13,,,0,69,,56889,13,,,0,30,,56896,13,,,0,70,,56897,13,,,0,31,,56895,13,,,0,70,,56899,13,,,0,35,,56898,13,,,0,70,,56901,13,,,0,30,,56900,13,,,0,70,,56902,13,,,0,33,,56903,13,,,0,70,,56904,13,,,0,91,,56905,13,0,5,0,102,,56906,13,0,5,0,111,,56907,13,0,5,0
2201,'5385',557,,56925,21,,,0,68,,56915,21,,,0,88,,56909,13,,,0,25,,56914,27,,,0,69,,56926,27,,,0,32,,56916,27,,,0,104,,56910,27,,,0,69,,56913,27,,,0,30,,56927,27,,,0,98,,56930,27,,,0,69,,56908,13,,,0,29,,56917,13,,,0,99,,56918,13,,,0,71,,56931,13,,,0,99,,56919,13,,,0,33,,56928,13,,,0,71,,56920,13,,,0,100,,56911,13,,,0,37,,56921,13,,,0,100,,56922,13,,,0,71,,56912,13,,,0,103,,56929,13,,,0,31,,56924,13,,,0,89,,56923,13,0,5 49,0
14002100,'4663',2131,,63125,35,,,0,70,,63123,35,,,0,30,,63126,35,,,0,99,,63124,35,,,0,98,,63127,35,,,0
14002100,'5372',2131,,48807,35,,,0,70,,48805,35,,,0,30,,48808,35,,,0,99,,48806,35,,,0,98,,48809,35,,,0
14002100,'5377',2133,,48820,35,,,0,100,,48821,35,,,0,99,,48822,35,,,0
14002100,'5383',2133,,63128,35,,,0,70,,63129,35,,,0,30,,63130,35,,,0,102,,63131,35,,,0,96,,63132,35,,,0
14002100,'5384',2133,,63133,35,,,0,100,,63134,35,,,0,99,,63135,35,,,0
14002100,'5385',2131,,63138,35,,,0,70,,63136,35,,,0,30,,63139,35,,,0,99,,63137,35,,,0,98,,63140,35,,,0
