5200,'4487',627,,26536,,,0,30,,26535,,,0,81,,26530,,,0,73,,26537,,,0,30,,26532,,,0,72,,26519,,,0,30,,26526,,,0,70,,26545,,,0,30,,26524,,,0,74,,26521,,,0,31,,26527,,,0,72,,26547,,,0,35,,26522,,,0,73,,26520,,,0,76,,26529,,,0,26,,26546,,,0,74,,26525,,,0,33,,26531,,,0,75,,26528,,,0,29,,26543,,,0,70,,26523,,,0,30,,26534,,,0,62,,26540,,,0,25,,26533,,,0,24,,26538,,,0,65,,26542,,,0,29,,26541,,,0,68,,26539,,,0,31,,26544,,,0,100,,26548,,,0,94,,26549,,,0,110,,26550,,,0
5200,'4743',627,,13451,,,0,30,,13450,,,0,81,,13445,,,0,73,,13452,,,0,30,,13447,,,0,72,,13434,,,0,30,,13441,,,0,70,,13460,,,0,30,,13439,,,0,74,,13436,,,0,31,,13442,,,0,72,,13462,,,0,35,,13437,,,0,73,,13435,,,0,76,,13444,,,0,26,,13461,,,0,74,,13440,,,0,33,,13446,,,0,75,,13443,,,0,29,,13458,,,0,70,,13438,,,0,30,,13449,,,0,62,,13455,,,0,25,,13448,,,0,24,,13453,,,0,65,,13457,,,0,29,,13456,,,0,68,,13454,,,0,31,,13459,,,0,100,,13463,,,0,94,,13464,,,0,110,,13465,,,0
5200,'4744',455,,26551,,,0,70,,26560,,,0,30,,26554,,,0,59,,26565,,,0,19,,26552,,,0,25,,26573,,,0,65,,26559,,,0,24,,26588,,,0,10,,26553,,,0,54,,26581,,,0,10,,26564,,,0,31,,26555,,,0,73,,26572,,,0,25,,26558,,,0,70,,26556,,,0,35,,26557,,,0,70,,26574,,,0,30,,26561,,,0,70,,26562,,,0,76,,26563,,,0,34,,26571,,,0,73,,26566,,,0,30,,26567,,,0,72,,26583,,,0,30,,26568,,,0,70,,26570,,,0,30,,26569,,,0,70,,26575,,,0,35,,26584,,,0,70,,26576,,,0,35,,26577,,,0,70,,26578,,,0,29,,26585,,,0,67,,26579,,,0,33,,26580,,,0,96,,26586,,,0,100,,26582,,,0,104,,26589,,,0
5200,'4745',657,,26612,,,0,72,,26594,,,0,80,,26597,,,0,30,,26611,,,0,72,,26605,,,0,31,,26592,,,0,70,,26596,,,0,31,,26607,,,0,71,,26601,,,0,30,,26591,,,0,73,,26595,,,0,30,,26610,,,0,71,,26603,,,0,38,,26590,,,0,69,,26599,,,0,34,,26609,,,0,75,,26602,,,0,73,,26593,,,0,29,,26598,,,0,70,,26608,,,0,29,,26604,,,0,70,,26606,,,0,29,,26600,,,0,70,,26614,,,0,39,,26613,,,0,100,,26615,,,0,99,,26617,,,0,108,,26616,,,0
5200,'4935',455,,7233,,,0,70,,7242,,,0,30,,7236,,,0,59,,7247,,,0,19,,7234,,,0,25,,7255,,,0,65,,7241,,,0,24,,7270,,,0,10,,7235,,,0,54,,7263,,,0,10,,7246,,,0,31,,7237,,,0,73,,7254,,,0,25,,7240,,,0,70,,7238,,,0,35,,7239,,,0,70,,7256,,,0,30,,7243,,,0,70,,7244,,,0,76,,7245,,,0,34,,7253,,,0,73,,7248,,,0,30,,7249,,,0,72,,7265,,,0,30,,7250,,,0,70,,7252,,,0,30,,7251,,,0,70,,7257,,,0,35,,7266,,,0,70,,7258,,,0,35,,7259,,,0,70,,7260,,,0,29,,7267,,,0,67,,7261,,,0,33,,7262,,,0,96,,7268,,,0,100,,7264,,,0,104,,7271,,,0
5200,'4941',455,,7272,,,0,70,,7281,,,0,30,,7275,,,0,59,,7286,,,0,19,,7273,,,0,25,,7294,,,0,65,,7280,,,0,24,,7309,,,0,10,,7274,,,0,54,,7302,,,0,10,,7285,,,0,31,,7276,,,0,73,,7293,,,0,25,,7279,,,0,70,,7277,,,0,35,,7278,,,0,70,,7295,,,0,30,,7282,,,0,70,,7283,,,0,76,,7284,,,0,34,,7292,,,0,73,,7287,,,0,30,,7288,,,0,72,,7304,,,0,30,,7289,,,0,70,,7291,,,0,30,,7290,,,0,70,,7296,,,0,35,,7305,,,0,70,,7297,,,0,35,,7298,,,0,70,,7299,,,0,29,,7306,,,0,67,,7300,,,0,33,,7301,,,0,96,,7307,,,0,100,,7303,,,0,104,,7310,,,0
5200,'4943',627,,7328,,,0,30,,7327,,,0,81,,7322,,,0,73,,7329,,,0,30,,7324,,,0,72,,7311,,,0,30,,7318,,,0,70,,7337,,,0,30,,7316,,,0,74,,7313,,,0,31,,7319,,,0,72,,7339,,,0,35,,7314,,,0,73,,7312,,,0,76,,7321,,,0,26,,7338,,,0,74,,7317,,,0,33,,7323,,,0,75,,7320,,,0,29,,7335,,,0,70,,7315,,,0,30,,7326,,,0,62,,7332,,,0,25,,7325,,,0,24,,7330,,,0,65,,7334,,,0,29,,7333,,,0,68,,7331,,,0,31,,7336,,,0,100,,7340,,,0,94,,7341,,,0,110,,7342,,,0
5200,'4945',657,,7365,,,0,72,,7347,,,0,80,,7350,,,0,30,,7364,,,0,72,,7358,,,0,31,,7345,,,0,70,,7349,,,0,31,,7360,,,0,71,,7354,,,0,30,,7344,,,0,73,,7348,,,0,30,,7363,,,0,71,,7356,,,0,38,,7343,,,0,69,,7352,,,0,34,,7362,,,0,75,,7355,,,0,73,,7346,,,0,29,,7351,,,0,70,,7361,,,0,29,,7357,,,0,70,,7359,,,0,29,,7353,,,0,70,,7367,,,0,39,,7366,,,0,100,,7368,,,0,99,,7370,,,0,108,,7369,,,0
5200,'4947',455,,26618,,,0,70,,26627,,,0,30,,26621,,,0,59,,26632,,,0,19,,26619,,,0,25,,26640,,,0,65,,26626,,,0,24,,26655,,,0,10,,26620,,,0,54,,26648,,,0,10,,26631,,,0,31,,26622,,,0,73,,26639,,,0,25,,26625,,,0,70,,26623,,,0,35,,26624,,,0,70,,26641,,,0,30,,26628,,,0,70,,26629,,,0,76,,26630,,,0,34,,26638,,,0,73,,26633,,,0,30,,26634,,,0,72,,26650,,,0,30,,26635,,,0,70,,26637,,,0,30,,26636,,,0,70,,26642,,,0,35,,26651,,,0,70,,26643,,,0,35,,26644,,,0,70,,26645,,,0,29,,26652,,,0,67,,26646,,,0,33,,26647,,,0,96,,26653,,,0,100,,26649,,,0,104,,26656,,,0
5200,'4952',455,,26657,,,0,70,,26666,,,0,30,,26660,,,0,59,,26671,,,0,19,,26658,,,0,25,,26679,,,0,65,,26665,,,0,24,,26694,,,0,10,,26659,,,0,54,,26687,,,0,10,,26670,,,0,31,,26661,,,0,73,,26678,,,0,25,,26664,,,0,70,,26662,,,0,35,,26663,,,0,70,,26680,,,0,30,,26667,,,0,70,,26668,,,0,76,,26669,,,0,34,,26677,,,0,73,,26672,,,0,30,,26673,,,0,72,,26689,,,0,30,,26674,,,0,70,,26676,,,0,30,,26675,,,0,70,,26681,,,0,35,,26690,,,0,70,,26682,,,0,35,,26683,,,0,70,,26684,,,0,29,,26691,,,0,67,,26685,,,0,33,,26686,,,0,96,,26692,,,0,100,,26688,,,0,104,,26695,,,0
5200,'4953',627,,26713,,,0,30,,26712,,,0,81,,26707,,,0,73,,26714,,,0,30,,26709,,,0,72,,26696,,,0,30,,26703,,,0,70,,26722,,,0,30,,26701,,,0,74,,26698,,,0,31,,26704,,,0,72,,26724,,,0,35,,26699,,,0,73,,26697,,,0,76,,26706,,,0,26,,26723,,,0,74,,26702,,,0,33,,26708,,,0,75,,26705,,,0,29,,26720,,,0,70,,26700,,,0,30,,26711,,,0,62,,26717,,,0,25,,26710,,,0,24,,26715,,,0,65,,26719,,,0,29,,26718,,,0,68,,26716,,,0,31,,26721,,,0,100,,26725,,,0,94,,26726,,,0,110,,26727,,,0
5200,'4954',657,,26750,,,0,72,,26732,,,0,80,,26735,,,0,30,,26749,,,0,72,,26743,,,0,31,,26730,,,0,70,,26734,,,0,31,,26745,,,0,71,,26739,,,0,30,,26729,,,0,73,,26733,,,0,30,,26748,,,0,71,,26741,,,0,38,,26728,,,0,69,,26737,,,0,34,,26747,,,0,75,,26740,,,0,73,,26731,,,0,29,,26736,,,0,70,,26746,,,0,29,,26742,,,0,70,,26744,,,0,29,,26738,,,0,70,,26752,,,0,39,,26751,,,0,100,,26753,,,0,99,,26755,,,0,108,,26754,,,0
