7500,'4663',534,,61489,34,0,42 43,0,18,,61490,34,0,13 14,0,58,,61491,34,0,13 14,0,20,,61492,34,0,13 14,0,17,,61488,34,0,13 14,0,58,,61493,34,0,13 14,0,15,,61494,34,0,42 43,0,17,,61495,34,0,13 14 49,0,20,,61496,34,0,13 14,0,61,,61497,34,0,13 14,0,22,,61498,34,0,42 43,0,66,,61499,34,0,13 14,0,27,,61500,34,0,42 43,0,74,,61501,34,0,13 14,0,27,,61502,34,0,42 43,0,70,,61503,34,0,13 14,0,29,,61504,34,0,42 43,0,70,,61505,34,0,13 14,0,30,,61506,34,0,42 43,0,70,,61507,34,0,13 14,0,29,,61508,34,0,42 43,0,70,,61509,34,0,13 14,0,24,,61510,34,0,42 43,0,31,,61511,34,0,42 43,0,75,,61512,34,0,42 43,0,70,,61513,34,0,13 14,0,31,,61514,34,0,42 43,0,24,,61515,34,0,13 14 49,0,60,,61516,34,0,42 43,0,21,,61517,34,0,13 14 49,0,16,,61518,34,0,13 14 49,0,60,,61519,34,0,13 14,0,19,,61520,34,0,42 43,0,68,,61521,34,0,13 14,0,36,,61522,34,0,42 43,0,108,,61523,34,0,42 43,0,96,,61524,34,0,13 14,0,103,,61525,34,0,13 14,0,108,,61526,34,0,13 14,0
7500,'5372',534,,46884,34,0,42 43,0,18,,46885,34,0,13 14,0,58,,46886,34,0,13 14,0,20,,46887,34,0,13 14,0,17,,46883,34,0,13 14,0,58,,46888,34,0,13 14,0,15,,46889,34,0,42 43,0,17,,46890,34,0,13 14 49,0,20,,46891,34,0,13 14,0,61,,46892,34,0,13 14,0,22,,46893,34,0,42 43,0,66,,46894,34,0,13 14,0,27,,46895,34,0,42 43,0,74,,46896,34,0,13 14,0,27,,46897,34,0,42 43,0,70,,46898,34,0,13 14,0,29,,46899,34,0,42 43,0,70,,46900,34,0,13 14,0,30,,46901,34,0,42 43,0,70,,46902,34,0,13 14,0,29,,51855,34,0,42 43,0,70,,61527,34,0,13 14,0,24,,46905,34,0,42 43,0,31,,46906,34,0,42 43,0,75,,46907,34,0,42 43,0,70,,46908,34,0,13 14,0,31,,46909,34,0,42 43,0,24,,46910,34,0,13 14 49,0,60,,46911,34,0,42 43,0,21,,46912,34,0,13 14 49,0,16,,46913,34,0,13 14 49,0,60,,46914,34,0,13 14,0,19,,46915,34,0,42 43,0,68,,46916,34,0,13 14,0,36,,46917,34,0,42 43,0,108,,46918,34,0,42 43,0,96,,46919,34,0,13 14,0,103,,50777,34,0,13 14,0
7500,'5373',2352,,46989,34,0,13 14,0
7500,'5377',644,,46990,34,0,13 14,0,99,,46991,34,0,42 43,0,101,,46992,34,0,42 43,0,70,,47011,34,0,47 48,0,24,,46993,34,0,42 43,0,70,,47012,34,0,47 48,0,28,,46994,34,0,42 43,0,80,,47013,34,0,47 48,0,20,,46995,34,0,42 43,0,70,,46996,34,0,13 14,0,30,,46997,34,0,42 43,0,70,,46998,34,0,13 14,0,30,,46999,34,0,42 43,0,70,,47000,34,0,13 14,0,30,,47001,34,0,42 43,0,70,,47002,34,0,13 14,0,30,,47003,34,0,42 43,0,100,,47004,34,0,42 43,0,101,,47005,34,0,42 43,0,102,,47006,34,0,42 43,0,103,,47007,34,0,42 43,0,104,,47008,34,0,42 43,0,96,,47009,34,0,13 14,0,174,,47010,34,0,13 14,0
7500,'5381',2352,,46960,34,0,13 14,0
7500,'5383',650,,61529,34,0,13 14,0,94,,61530,34,0,42 43,0,98,,61531,34,0,42 43,0,70,,61551,34,0,47 48,0,25,,61528,34,0,42 43,0,68,,61552,34,0,47 48,0,30,,61532,34,0,42 43,0,71,,61553,34,0,47 48,0,30,,61533,34,0,42 43,0,70,,61534,34,0,13 14,0,30,,61535,34,0,42 43,0,69,,61536,34,0,13 14,0,31,,61537,34,0,42 43,0,64,,61538,34,0,13 14,0,36,,61539,34,0,42 43,0,70,,61540,34,0,13 14,0,30,,61541,34,0,42 43,0,71,,61542,34,0,13 14,0,30,,61543,34,0,42 43,0,65,,61554,34,0,47 48,0,35,,61544,34,0,42 43,0,70,,61555,34,0,47 48,0,32,,61545,34,0,42 43,0,101,,61546,34,0,42 43,0,102,,61547,34,0,42 43,0,98,,61548,34,0,13 14,0,106,,61549,34,0,13 14,0,101,,61550,34,0,13 14,0
7500,'5384',644,,61556,34,0,13 14,0,99,,61557,34,0,42 43,0,101,,61558,34,0,42 43,0,70,,61577,34,0,47 48,0,24,,61559,34,0,42 43,0,70,,61578,34,0,47 48,0,28,,61560,34,0,42 43,0,80,,61579,34,0,47 48,0,20,,61561,34,0,42 43,0,70,,61562,34,0,13 14,0,30,,61563,34,0,42 43,0,70,,61564,34,0,13 14,0,30,,61565,34,0,42 43,0,70,,61566,34,0,13 14,0,30,,61567,34,0,42 43,0,70,,61568,34,0,13 14,0,30,,61569,34,0,42 43,0,100,,61570,34,0,42 43,0,101,,61571,34,0,42 43,0,102,,61572,34,0,42 43,0,103,,61573,34,0,42 43,0,104,,61574,34,0,42 43,0,96,,61575,34,0,13 14,0,174,,61576,34,0,13 14,0
7500,'5385',534,,61581,34,0,42 43,0,18,,61582,34,0,13 14,0,58,,61583,34,0,13 14,0,20,,61584,34,0,13 14,0,17,,61580,34,0,13 14,0,58,,61585,34,0,13 14,0,15,,61586,34,0,42 43,0,17,,61587,34,0,13 14 49,0,20,,61588,34,0,13 14,0,61,,61589,34,0,13 14,0,22,,61590,34,0,42 43,0,66,,61591,34,0,13 14,0,27,,61592,34,0,42 43,0,74,,61593,34,0,13 14,0,27,,61594,34,0,42 43,0,70,,61595,34,0,13 14,0,29,,61596,34,0,42 43,0,70,,61597,34,0,13 14,0,30,,61598,34,0,42 43,0,70,,61599,34,0,13 14,0,29,,61600,34,0,42 43,0,70,,61601,34,0,13 14,0,24,,61602,34,0,42 43,0,31,,61603,34,0,42 43,0,75,,61604,34,0,42 43,0,70,,61605,34,0,13 14,0,31,,61606,34,0,42 43,0,24,,61607,34,0,13 14 49,0,60,,61608,34,0,42 43,0,21,,61609,34,0,13 14 49,0,16,,61610,34,0,13 14 49,0,60,,61611,34,0,13 14,0,19,,61612,34,0,42 43,0,68,,61613,34,0,13 14,0,36,,61614,34,0,42 43,0,108,,61615,34,0,42 43,0,96,,61616,34,0,13 14,0,103,,61617,34,0,13 14,0
7500,'5387',2352,,61618,34,0,13 14,0
7500,'5388',2352,,61619,34,0,13 14,0
