6101,'4663',536,,60873,28,,,0,68,,60874,28,,,0,28,,60877,28,,,0,27,,60887,28,,,0,78,,60883,28,,,0,79,,60872,28,,,0,37,,60875,28,,,0,65,,60886,28,,,0,34,,60879,28,,,0,88,,60876,28,,,0,77,,60884,28,,,0,37,,60880,28,,,0,77,,60878,28,,,0,77,,60885,28,,,0,26,,60881,28,,,0,78,,60882,28,,,0,32,,60890,28,,,0,72,,60893,28,,,0,31,,60895,28,,,0,69,,60888,51,,,0,17,,60900,28,,,0,14,,60889,51,,,0,74,,60897,51,,,0,21,,60899,51,,,0,15,,60891,51,,,0,60,,60903,51,,,0,37,,60894,51,,,0,53,,60896,28,,,0,30,,60898,28,,,0,86,,60902,28,,,0,89,,60901,28,,,0,97,,60904,28,,,0,44,,60906,28,,,0,97,,60907,28,,,0,85,,60905,28,,,0,99,,60908,28,,,0
6101,'5372',536,,50753,28,,,0,68,,46155,28,,,0,28,,46158,28,,,0,27,,46168,28,,,0,78,,46164,28,,,0,79,,46153,28,,,0,37,,46156,28,,,0,65,,46167,28,,,0,34,,46160,28,,,0,88,,50754,28,,,0,77,,51819,28,,,0,37,,46161,28,,,0,77,,46159,28,,,0,77,,51820,28,,,0,26,,46162,28,,,0,78,,46163,28,,,0,32,,51823,28,,,0,72,,46173,28,,,0,31,,46176,28,,,0,69,,51821,51,,,0,17,,46181,28,,,0,14,,51822,51,,,0,74,,51827,51,,,0,21,,51828,51,,,0,15,,51824,51,,,0,60,,51830,51,,,0,37,,51825,51,,,0,53,,60909,28,,,0,30,,46179,28,,,0,86,,51829,28,,,0,89,,46182,28,,,0,97,,46185,28,,,0,44,,46187,28,,,0,97,,46188,28,,,0,85,,46186,28,,,0
6101,'5377',613,,46256,27,,,0,102,,46257,27,,,0,34,,46258,28,,,0,89,,46255,28,,,0,94,,46259,28,,,0,86,,46260,28,,,0,88,,46261,28,,,0,47,,46262,28,,,0,103,,50742,28,,,0,86,,46264,28,,,0,101,,50743,28,,,0,85,,46266,28,,,0,101,,46267,28,,,0,80,,46268,28,,,0,100,,46269,28,,,0,49,,46270,28,,,0,97,,46271,28,,,0,100,,46272,28,,,0,81,,50744,28,,,0,100,,46274,28,,,0,96,,50745,28,,,0
6101,'5383',608,,60910,27,,,0,96,,60911,28,,,0,38,,60912,28,,,0,101,,60913,28,,,0,83,,60914,28,,,0,90,,60915,28,,,0,31,,60916,28,,,0,88,,60917,28,,,0,72,,60918,28,,,0,32,,60919,28,,,0,84,,60920,28,,,0,77,,60921,28,,,0,36,,60922,28,,,0,76,,60923,28,,,0,26,,60924,28,,,0,76,,60925,28,,,0,38,,60926,28,,,0,73,,60927,28,,,0,34,,60928,28,,,0,76,,60929,28,,,0,76,,60930,28,,,0,36,,60931,28,,,0,81,,60932,28,,,0,83,,60933,28,,,0,97,,60934,28,,,0,46,,60935,28,,,0,99,,60936,28,,,0,83,,60937,28,,,0,100,,60938,28,,,0
6101,'5384',613,,60940,27,,,0,102,,60941,27,,,0,34,,60942,28,,,0,89,,60939,28,,,0,94,,60943,28,,,0,86,,60944,28,,,0,88,,60945,28,,,0,47,,60946,28,,,0,103,,60947,28,,,0,86,,60948,28,,,0,101,,60949,28,,,0,85,,60950,28,,,0,101,,60951,28,,,0,80,,60952,28,,,0,100,,60953,28,,,0,49,,60954,28,,,0,97,,60955,28,,,0,100,,60956,28,,,0,81,,60957,28,,,0,100,,60958,28,,,0,96,,60959,28,,,0
6101,'5385',536,,60961,28,,,0,68,,60962,28,,,0,28,,60965,28,,,0,27,,60975,28,,,0,78,,60971,28,,,0,79,,60960,28,,,0,37,,60963,28,,,0,65,,60974,28,,,0,34,,60967,28,,,0,88,,60964,28,,,0,77,,60972,28,,,0,37,,60968,28,,,0,77,,60966,28,,,0,77,,60973,28,,,0,26,,60969,28,,,0,78,,60970,28,,,0,32,,60978,28,,,0,72,,60980,28,,,0,31,,60983,28,,,0,69,,60976,51,,,0,17,,60988,28,,,0,14,,60977,51,,,0,74,,60985,51,,,0,21,,60987,51,,,0,15,,60979,51,,,0,60,,60991,51,,,0,37,,60982,51,,,0,53,,60984,28,,,0,30,,60986,28,,,0,86,,60990,28,,,0,89,,60989,28,,,0,97,,60992,28,,,0,44,,60994,28,,,0,97,,60995,28,,,0,85,,60993,28,,,0
6401,'4663',733,,61020,66,,,0,203,,61021,21,,,0,377,,61019,66,,,0,294,,61022,21,,,0
6401,'5372',733,,51841,66,,,0,203,,51842,21,,,0,377,,46320,66,,,0,294,,46323,21,,,0
6401,'5385',733,,61027,66,,,0,203,,61028,21,,,0,377,,61026,66,,,0,294,,61029,21,,,0
6501,'4663',1706,,61041,46,,,0,27,,61040,46,,,0,70,,61043,46,,,0,29,,61042,46,,,0
6501,'5372',1803,,51848,46,,,0,29,,51847,46,,,0
6501,'5373',1706,,61045,46,,,0,27,,61044,46,,,0
6501,'5381',1706,,61047,46,,,0,27,,61046,46,,,0
6501,'5385',1803,,61049,46,,,0,29,,61048,46,,,0
6501,'5387',1706,,61051,46,,,0,27,,61050,46,,,0
6501,'5388',1706,,61053,46,,,0,27,,61052,46,,,0
