1101,'4663',619,,55087,60,,,0,32,,55079,60,,,0,61,,55062,60,,,0,23,,55069,60,,,0,21,,55047,60,,,0,61,,55064,60,,,0,20,,55083,60,,,0,20,,55060,60,,,0,59,,55080,60,,,0,18,,55055,60,,,0,19,,55048,60,,,0,61,,55073,60,,,0,25,,55063,60,,,0,66,,55085,60,,,0,25,,55059,60,,,0,26,,55082,60,,,0,65,,55049,60,,,0,25,,55072,60,,,0,66,,55056,60,,,0,27,,55088,60,,,0,65,,55061,60,,,0,28,,55081,60,,,0,25,,55043,60,,,0,59,,55041,60,,,0,18,,55071,60,,,0,20,,55065,60,,,0,56,,55042,60,,,0,18,,55086,60,,,0,17,,55057,60,,,0,60,,55044,60,,,0,17,,55078,60,,,0,18,,55046,60,,,0,18,,55045,60,,,0,60,,55070,60,,,0,20,,55058,60,,,0,63,,55084,60,,,0,13,,55050,60,,,0,17,,55053,60,,,0,20,,55076,60,,,0,70,,55051,60,,,0,34,,55054,60,,,0,70,,55052,60,,,0,34,,55077,60,,,0,69,,55066,60,,,0,75,,55067,60,,,0,27,,55068,60,,,0,28,,55075,60,,,0,85,,55074,60,,,0
1101,'5372',619,,39312,60,,,0,32,,39304,60,,,0,61,,39287,60,,,0,23,,39294,60,,,0,21,,39272,60,,,0,61,,39289,60,,,0,20,,39308,60,,,0,20,,39285,60,,,0,59,,39305,60,,,0,18,,39280,60,,,0,19,,39273,60,,,0,61,,39298,60,,,0,25,,39288,60,,,0,66,,39310,60,,,0,25,,39284,60,,,0,26,,39307,60,,,0,65,,39274,60,,,0,25,,39297,60,,,0,66,,39281,60,,,0,27,,39313,60,,,0,65,,39286,60,,,0,28,,39306,60,,,0,25,,39268,60,,,0,59,,39266,60,,,0,18,,39296,60,,,0,20,,39290,60,,,0,56,,39267,60,,,0,18,,39311,60,,,0,17,,39282,60,,,0,60,,39269,60,,,0,17,,39303,60,,,0,18,,39271,60,,,0,18,,39270,60,,,0,60,,39295,60,,,0,20,,39283,60,,,0,63,,39309,60,,,0,13,,39275,60,,,0,17,,39278,60,,,0,20,,39301,60,,,0,70,,39276,60,,,0,34,,39279,60,,,0,70,,39277,60,,,0,34,,39302,60,,,0,69,,39291,60,,,0,75,,39292,60,,,0,27,,39293,60,,,0,28,,39300,60,,,0,85,,39299,60,,,0
1101,'5377',736,,39401,60,,,0,85,,39406,60,,,0,86,,39403,60,,,0,46,,39402,60,,,0,76,,39404,60,,,0,72,,39405,60,,,0,31,,39407,60,,,0,70,,39408,60,,,0,28,,39409,60,,,0,70,,39410,60,,,0,31,,39412,60,,,0,28,,39414,60,,,0,70,,39413,60,,,0,30,,39411,60,,,0,71,,39415,60,,,0,70,,39416,60,,,0,28,,39417,60,,,0,30,,39418,60,,,0,70,,39420,60,,,0,29,,39419,60,,,0,70,,39422,60,,,0,29,,39421,60,,,0,70,,39424,60,,,0,75,,39423,60,,,0,43,,39425,60,,,0,80,,39426,60,,,0,84,,39427,60,,,0,43,,39428,60,,,0,78,,39429,60,,,0,78,,39430,60,,,0
1101,'5383',716,,55102,60,,,0,36,,55090,60,,,0,75,,55095,60,,,0,30,,55120,60,,,0,78,,55103,60,,,0,70,,55089,60,,,0,30,,55098,60,,,0,72,,55114,60,,,0,25,,55092,60,,,0,20,,55116,60,,,0,66,,55104,60,,,0,25,,55091,60,,,0,67,,55096,60,,,0,25,,55113,60,,,0,65,,55093,60,,,0,26,,55111,60,,,0,26,,55101,60,,,0,65,,55094,60,,,0,25,,55100,60,,,0,65,,55122,60,,,0,25,,55097,60,,,0,23,,55115,60,,,0,65,,55105,60,,,0,24,,55099,60,,,0,65,,55121,60,,,0,24,,55112,60,,,0,24,,55118,60,,,0,65,,55119,60,,,0,22,,55106,60,,,0,65,,55117,60,,,0,25,,55110,60,,,0,25,,55109,60,,,0,65,,55107,60,,,0,35,,55108,60,,,0,70,,55125,60,,,0,29,,55123,60,,,0,72,,55124,60,,,0,28,,55126,60,,,0,85,,55127,60,,,0
1101,'5384',736,,55128,60,,,0,85,,55133,60,,,0,86,,55130,60,,,0,46,,55129,60,,,0,76,,55131,60,,,0,72,,55132,60,,,0,31,,55134,60,,,0,70,,55135,60,,,0,28,,55136,60,,,0,70,,55137,60,,,0,31,,55139,60,,,0,28,,55141,60,,,0,70,,55140,60,,,0,30,,55138,60,,,0,71,,55142,60,,,0,70,,55143,60,,,0,28,,55144,60,,,0,30,,55145,60,,,0,70,,55147,60,,,0,29,,55146,60,,,0,70,,55149,60,,,0,29,,55148,60,,,0,70,,55151,60,,,0,75,,55150,60,,,0,43,,55152,60,,,0,80,,55153,60,,,0,84,,55154,60,,,0,43,,55155,60,,,0,78,,55156,60,,,0,78,,55157,60,,,0
1101,'5385',619,,55204,60,,,0,32,,55196,60,,,0,61,,55179,60,,,0,23,,55186,60,,,0,21,,55164,60,,,0,61,,55181,60,,,0,20,,55200,60,,,0,20,,55177,60,,,0,59,,55197,60,,,0,18,,55172,60,,,0,19,,55165,60,,,0,61,,55190,60,,,0,25,,55180,60,,,0,66,,55202,60,,,0,25,,55176,60,,,0,26,,55199,60,,,0,65,,55166,60,,,0,25,,55189,60,,,0,66,,55173,60,,,0,27,,55205,60,,,0,65,,55178,60,,,0,28,,55198,60,,,0,25,,55160,60,,,0,59,,55158,60,,,0,18,,55188,60,,,0,20,,55182,60,,,0,56,,55159,60,,,0,18,,55203,60,,,0,17,,55174,60,,,0,60,,55161,60,,,0,17,,55195,60,,,0,18,,55163,60,,,0,18,,55162,60,,,0,60,,55187,60,,,0,20,,55175,60,,,0,63,,55201,60,,,0,13,,55167,60,,,0,17,,55170,60,,,0,20,,55193,60,,,0,70,,55168,60,,,0,34,,55171,60,,,0,70,,55169,60,,,0,34,,55194,60,,,0,69,,55183,60,,,0,75,,55184,60,,,0,27,,55185,60,,,0,28,,55192,60,,,0,85,,55191,60,,,0
2401,'4663',526,,57008,45,,,0,93,,57004,45,,,0,91,,56997,45,,,0,46,,57000,45,,,0,74,,57005,45,,,0,96,,57002,45,,,0,105,,56999,45,,,0,100,,56998,45,,,0,101,,57007,45,,,0,100,,57003,45,,,0,114,,57001,45,,,0,104,,57006,45,,,0,90,,57009,45,,,0,86,,57011,45,,,0,74,,57010,45,,,0,49,,57012,45,,,0,85,,57013,45,,,0,101,,57014,45,,,0,115,,57015,45,,,0,168,,57016,45,,,0,120,,57017,45,,,0
2401,'5372',526,,41631,45,,,0,93,,41627,45,,,0,91,,41620,45,,,0,46,,41623,45,,,0,74,,41628,45,,,0,96,,41625,45,,,0,105,,41622,45,,,0,100,,41621,45,,,0,101,,41630,45,,,0,100,,41626,45,,,0,114,,41624,45,,,0,104,,41629,45,,,0,90,,41632,45,,,0,86,,41634,45,,,0,74,,41633,45,,,0,49,,41635,45,,,0,85,,41636,45,,,0,101,,41637,45,,,0,115,,41638,45,,,0,168,,41639,45,,,0,120,,41640,45,,,0
2401,'5377',823,,41678,45,,,0,131,,41679,45,,,0,174,,41680,45,,,0,127,,41681,45,,,0,172,,41682,45,,,0,132,,41683,45,,,0,168,,41684,45,,,0,128,,41685,45,,,0,169,,41686,45,,,0,125,,41687,45,,,0,168,,41688,45,,,0
2401,'5383',716,,57024,45,,,0,108,,57023,45,,,0,106,,57025,45,,,0,100,,57021,45,,,0,103,,57018,45,,,0,98,,57019,45,,,0,95,,57020,45,,,0,101,,57027,45,,,0,98,,57022,45,,,0,102,,57026,45,,,0,104,,57028,45,,,0,127,,57029,45,,,0,164,,57030,45,,,0,129,,57031,45,,,0,170,,57032,45,,,0,118,,57033,45,,,0
2401,'5384',823,,57034,45,,,0,131,,57035,45,,,0,174,,57036,45,,,0,127,,57037,45,,,0,172,,57038,45,,,0,132,,57039,45,,,0,168,,57040,45,,,0,128,,57041,45,,,0,169,,57042,45,,,0,125,,57043,45,,,0,168,,57044,45,,,0
2401,'5385',526,,57056,45,,,0,93,,57052,45,,,0,91,,57045,45,,,0,46,,57048,45,,,0,74,,57053,45,,,0,96,,57050,45,,,0,105,,57047,45,,,0,100,,57046,45,,,0,101,,57055,45,,,0,100,,57051,45,,,0,114,,57049,45,,,0,104,,57054,45,,,0,90,,57057,45,,,0,86,,57059,45,,,0,74,,57058,45,,,0,49,,57060,45,,,0,85,,57061,45,,,0,101,,57062,45,,,0,115,,57063,45,,,0,168,,57064,45,,,0,120,,57065,45,,,0
4000,'4663',639,,59436,14,,,0,84,,59427,14,,,0,22,,59432,14,,,0,67,,59437,14,,,0,112,,59425,14,,,0,99,,59434,14,,,0,100,,59428,14,,,0,100,,59435,14,,,0,100,,59426,14,,,0,98,,59438,14,,,0,102,,59430,14,,,0,77,,59423,14,,,0,35,,59439,14,,,0,66,,59424,14,,,0,34,,59429,14,,,0,97,,59440,14,,,0,99,,59431,14,,,0,170,,59433,14,,,0,345,,59441,14,,,0
4000,'5372',639,,44460,14,,,0,84,,44451,14,,,0,22,,44456,14,,,0,67,,44461,14,,,0,112,,44449,14,,,0,99,,44458,14,,,0,100,,44452,14,,,0,100,,44459,14,,,0,100,,44450,14,,,0,98,,44462,14,,,0,102,,44454,14,,,0,77,,44447,14,,,0,35,,44463,14,,,0,66,,44448,14,,,0,34,,44453,14,,,0,97,,44464,14,,,0,99,,44455,14,,,0,170,,44457,14,,,0,345,,44465,14,,,0
4000,'5377',814,,44500,14,,,0,135,,44499,14,,,0,100,,50280,14,,,0,100,,50281,14,,,0,101,,44503,14,,,0,101,,44504,14,,,0,100,,44507,14,,,0,100,,44506,14,,,0,100,,44505,14,,,0,99,,50282,14,,,0,98,,44509,14,,,0,100,,44510,14,,,0
4000,'5383',718,,59451,14,,,0,131,,59452,14,,,0,100,,59442,14,,,0,100,,59445,14,,,0,100,,59447,14,,,0,101,,59453,14,,,0,101,,59443,14,,,0,100,,59444,14,,,0,100,,59448,14,,,0,100,,59454,14,,,0,99,,59446,14,,,0,98,,59450,14,,,0,100,,59449,14,,,0,95,,59455,14,,,0
4000,'5384',814,,59457,14,,,0,135,,59456,14,,,0,100,,59458,14,,,0,100,,59459,14,,,0,101,,59460,14,,,0,101,,59461,14,,,0,100,,59464,14,,,0,100,,59463,14,,,0,100,,59462,14,,,0,99,,59465,14,,,0,98,,59466,14,,,0,100,,59467,14,,,0
4000,'5385',639,,59481,14,,,0,84,,59472,14,,,0,22,,59477,14,,,0,67,,59482,14,,,0,112,,59470,14,,,0,99,,59479,14,,,0,100,,59473,14,,,0,100,,59480,14,,,0,100,,59471,14,,,0,98,,59483,14,,,0,102,,59475,14,,,0,77,,59468,14,,,0,35,,59484,14,,,0,66,,59469,14,,,0,34,,59474,14,,,0,97,,59485,14,,,0,99,,59476,14,,,0,170,,59478,14,,,0,345,,59486,14,,,0
