4700,'4737',631,,30322,23,,,0,19,,30321,23,,,0,63,,30320,23,,,0
4700,'4744',631,,30325,23,,,0,19,,30324,23,,,0,63,,30323,23,,,0
4700,'5066',631,,30328,23,,,0,19,,30327,23,,,0,63,,30326,23,,,0
4901,'4487',638,,30421,18,,,0,204,,30422,18,,,0,212,,30423,18,,,0,202,,30418,18,,,0,250,,30419,18,,,0,208,,30420,18,,,0,194,,30417,18,,,0
4901,'4737',640,,30428,18,,,0,109,,30426,18,,,0,99,,30429,18,,,0,172,,30425,18,,,0,200,,30427,18,,,0,126,,30430,18,,,0,185,,30432,18,,,0,104,,30431,18,,,0,93,,30424,18,,,0,106,,30433,18,,,0,194,,30434,18,,,0
4901,'4744',640,,30439,18,,,0,109,,30437,18,,,0,99,,30440,18,,,0,172,,30436,18,,,0,200,,30438,18,,,0,126,,30441,18,,,0,185,,30443,18,,,0,104,,30442,18,,,0,93,,30435,18,,,0,106,,30444,18,,,0,194,,30445,18,,,0
4901,'4745',842,,30447,18,,,0,211,,30446,18,,,0,202,,30448,18,,,0,248,,30449,18,,,0,210,,30450,18,,,0,194,,30451,18,,,0
4901,'5066',640,,30456,18,,,0,109,,30454,18,,,0,99,,30457,18,,,0,172,,30453,18,,,0,200,,30455,18,,,0,126,,30458,18,,,0,185,,30460,18,,,0,104,,30459,18,,,0,93,,30452,18,,,0,106,,30461,18,,,0,194,,30462,18,,,0
4901,'5070',638,,30467,18,,,0,204,,30468,18,,,0,212,,30469,18,,,0,202,,30464,18,,,0,250,,30465,18,,,0,208,,30466,18,,,0,194,,30463,18,,,0
4901,'5072',842,,30471,18,,,0,211,,30470,18,,,0,202,,30472,18,,,0,248,,30473,18,,,0,210,,30474,18,,,0,194,,30475,18,,,0
