5700,'4332',730,,60222,19,4,,0,97,,60210,19,4,,0,105,,60213,19,4,,0,101,,60208,19,4,,0,107,,60211,19,4,,0,110,,60216,19,4,,0,100,,60212,19,4,,0,150,,60217,19,4,,0,101,,60220,19,4,,0,108,,60221,19,4,,0,91,,60219,19,4,,0,114,,60215,19,4,,0,100,,60214,19,4,,0,99,,60209,19,4,,0,113,,60218,19,4,,0
5700,'4663',556,,60187,19,4,,0,88,,60191,19,4,,0,85,,60197,19,4,,0,88,,60189,19,4,,0,84,,60188,19,4,,0,47,,60190,19,4,,0,84,,60192,19,4,,0,85,,60193,19,4,,0,85,,60195,19,4,,0,46,,60194,19,4,,0,85,,60196,19,4,,0,89,,60198,19,4,,0,100,,60207,19,4,,0,32,,60199,19,4,,0,83,,60200,19,4,,0,87,,60202,19,4,,0,87,,60201,19,4,,0,48,,60203,19,4,,0,99,,60204,19,4,,0,156,,60205,19,4,,0,110,,60206,19,4,,0
5700,'5078',730,,60225,19,4,,0,99,,60223,19,4,,0,105,,60227,19,4,,0,100,,60224,19,4,,0,106,,60226,19,4,,0,110,,60229,19,4,,0,100,,60230,19,4,,0,150,,60228,19,4,,0,100,,60231,19,4,,0,110,,60236,19,4,,0,90,,60237,19,4,,0,113,,60233,19,4,,0,100,,60234,19,4,,0,100,,60232,19,4,,0,45,,60235,19,4,,0
5700,'5372',556,,45342,19,4,,0,88,,45346,19,4,,0,85,,45352,19,4,,0,88,,45344,19,4,,0,84,,45343,19,4,,0,47,,45345,19,4,,0,84,,45347,19,4,,0,85,,45348,19,4,,0,85,,45350,19,4,,0,46,,45349,19,4,,0,85,,45351,19,4,,0,89,,45353,19,4,,0,100,,45362,19,4,,0,32,,45354,19,4,,0,83,,45355,19,4,,0,87,,45357,19,4,,0,87,,45356,19,4,,0,48,,45358,19,4,,0,99,,45359,19,4,,0,156,,45360,19,4,,0,110,,45361,19,4,,0
5700,'5385',556,,60238,19,4,,0,88,,60242,19,4,,0,85,,60248,19,4,,0,88,,60240,19,4,,0,84,,60239,19,4,,0,47,,60241,19,4,,0,84,,60243,19,4,,0,85,,60244,19,4,,0,85,,60246,19,4,,0,46,,60245,19,4,,0,85,,60247,19,4,,0,89,,60249,19,4,,0,100,,60258,19,4,,0,32,,60250,19,4,,0,83,,60251,19,4,,0,87,,60253,19,4,,0,87,,60252,19,4,,0,48,,60254,19,4,,0,99,,60255,19,4,,0,156,,60256,19,4,,0,110,,60257,19,4,,0
5701,'4332',623,,60292,1,,,0,107,,60282,1,,,0,97,,60293,1,,,0,105,,60296,1,,,0,101,,60294,1,,,0,107,,60295,1,,,0,110,,60281,1,,,0,100,,60287,1,,,0,150,,60291,1,,,0,101,,60288,1,,,0,108,,60283,1,,,0,91,,60285,1,,,0,114,,60289,1,,,0,100,,60290,1,,,0,99,,60286,1,,,0,113,,60284,1,,,0
5701,'4663',556,,60259,1,,,0,88,,60263,1,,,0,85,,60268,1,,,0,78,,60280,1,,,0,10,,60261,1,,,0,84,,60262,1,,,0,47,,60260,1,,,0,84,,60264,1,,,0,85,,60265,1,,,0,85,,60266,1,,,0,46,,60267,1,,,0,85,,60269,1,,,0,89,,60270,1,,,0,100,,60279,1,,,0,32,,60271,1,,,0,83,,60272,1,,,0,87,,60273,1,,,0,87,,60275,1,,,0,48,,60274,1,,,0,99,,60276,1,,,0,156,,60277,1,,,0,110,,60278,1,,,0
5701,'5078',730,,60300,1,,,0,99,,60297,1,,,0,105,,60299,1,,,0,100,,60298,1,,,0,106,,60301,1,,,0,110,,60304,1,,,0,100,,60302,1,,,0,150,,60305,1,,,0,100,,60303,1,,,0,110,,60309,1,,,0,90,,60311,1,,,0,113,,60310,1,,,0,100,,60308,1,,,0,100,,60307,1,,,0,45,,60306,1,,,0
5701,'5372',556,,45429,1,,,0,88,,45433,1,,,0,85,,45438,1,,,0,78,,45450,1,,,0,10,,45431,1,,,0,84,,45432,1,,,0,47,,45430,1,,,0,84,,45434,1,,,0,85,,45435,1,,,0,85,,45436,1,,,0,46,,45437,1,,,0,85,,45439,1,,,0,89,,45440,1,,,0,100,,45449,1,,,0,32,,45441,1,,,0,83,,45442,1,,,0,87,,45443,1,,,0,87,,45445,1,,,0,48,,45444,1,,,0,99,,45446,1,,,0,156,,45447,1,,,0,110,,45448,1,,,0
5701,'5385',556,,60312,1,,,0,88,,60316,1,,,0,85,,60321,1,,,0,78,,60333,1,,,0,10,,60314,1,,,0,84,,60315,1,,,0,47,,60313,1,,,0,84,,60317,1,,,0,85,,60318,1,,,0,85,,60319,1,,,0,46,,60320,1,,,0,85,,60322,1,,,0,89,,60323,1,,,0,100,,60332,1,,,0,32,,60324,1,,,0,83,,60325,1,,,0,87,,60326,1,,,0,87,,60328,1,,,0,48,,60327,1,,,0,99,,60329,1,,,0,156,,60330,1,,,0,110,,60331,1,,,0
