8101,'4487',929,,15756,38,,,0,103,,15757,38,,,0,100,,15758,38,,,0,100,,15759,38,,,0,100,,15760,38,,,0,104,,15761,38,,,0,100,,15762,38,,,0,100,,15763,38,,,0,96,,15764,38,,,0,97,,15765,38,,,0,99,,15766,38,,,0,100,,15767,38,,,0,100,,15768,38,,,0
8101,'4737',550,,15769,23,,,0,170,,15770,38,,,0,37,,15771,23,,,0,175,,15772,38,,,0,102,,15773,38,,,0,98,,15774,38,,,0,100,,15775,38,,,0,100,,15776,38,,,0,100,,15777,38,,,0,104,,15778,38,,,0,98,,15779,38,,,0,98,,15780,38,,,0,99,,15781,38,,,0,98,,15782,38,,,0,99,,15783,38,,,0,100,,15784,38,,,0
8101,'4740',929,,15785,38,,,0,103,,15786,38,,,0,100,,15787,38,,,0,100,,15788,38,,,0,100,,15789,38,,,0,104,,15790,38,,,0,100,,15791,38,,,0,100,,15792,38,,,0,96,,15793,38,,,0,97,,15794,38,,,0,99,,15795,38,,,0,100,,15796,38,,,0,100,,15797,38,,,0
8101,'4744',550,,15798,23,,,0,170,,15799,38,,,0,37,,15800,23,,,0,175,,15801,38,,,0,102,,15802,38,,,0,98,,15803,38,,,0,100,,15804,38,,,0,100,,15805,38,,,0,100,,15806,38,,,0,104,,15807,38,,,0,98,,15808,38,,,0,98,,15809,38,,,0,99,,15810,38,,,0,98,,15811,38,,,0,99,,15812,38,,,0,100,,15813,38,,,0
8101,'4745',928,,15814,38,,,0,101,,15815,38,,,0,102,,15816,38,,,0,101,,15817,38,,,0,100,,15818,38,,,0,101,,15819,38,,,0,100,,15820,38,,,0,100,,15821,38,,,0,102,,15822,38,,,0,100,,15823,38,,,0,100,,15824,38,,,0,99,,15825,38,,,0,100,,15826,38,,,0
8101,'4947',550,,15827,23,,,0,170,,15828,38,,,0,37,,15829,23,,,0,175,,15830,38,,,0,102,,15831,38,,,0,98,,15832,38,,,0,100,,15833,38,,,0,100,,15834,38,,,0,100,,15835,38,,,0,104,,15836,38,,,0,98,,15837,38,,,0,98,,15838,38,,,0,99,,15839,38,,,0,197,,15840,38,,,0,100,,15841,38,,,0
8101,'4949',1929,,15842,38,,,0
8101,'4950',1929,,15843,38,,,0
8101,'4954',928,,15844,38,,,0,101,,15845,38,,,0,102,,15846,38,,,0,101,,15847,38,,,0,100,,15848,38,,,0,101,,15849,38,,,0,100,,15850,38,,,0,100,,15851,38,,,0,102,,15852,38,,,0,100,,15853,38,,,0,100,,15854,38,,,0,99,,15855,38,,,0,100,,15856,38,,,0
8700,'4737',707,,15975,6,,,0,200,,15974,6,,,0,200,,15976,6,,,0,200,,15977,6,0,13 14,0,200,,15978,6,,,0,203,,15979,6,,,0
8700,'4744',707,,15982,6,,,0,200,,15981,6,,,0,200,,15983,6,,,0,200,,15984,6,0,13 14,0,200,,15985,6,,,0,203,,15986,6,,,0
8700,'4947',707,,15989,6,,,0,200,,15988,6,,,0,200,,15990,6,,,0,200,,15991,6,0,13 14,0,200,,15992,6,,,0,203,,15993,6,,,0
