2800,'4332',640,,58185,11,4,,0,73,,58186,11,4,,0,30,,58187,11,4,,0,69,,58188,37,4,,0,28,,58189,37,4,,0,67,,58190,37,4,,0,27,,58191,37,4,,0,66,,58192,37,4,,0,27,,58184,37,4,,0,23,,58193,37,4,,0,62,,58194,37,4,,0,23,,58195,37,4,,0,22,,58196,37,4,,0,63,,58197,37,4,,0,22,,58198,37,4,,0,62,,58199,37,4,,0,23,,58200,37,4,,0,24,,58201,37,4,,0,62,,58202,37,4,,0,22,,58203,37,4,,0,20,,58204,37,4,,0,61,,58205,37,4,,0,21,,58206,37,4,,0,21,,58207,37,4,,0,60,,58208,37,4,,0,20,,58209,37,4,,0,21,,58210,37,4,,0,59,,58211,37,4,,0,21,,58212,37,4,,0,20,,58213,37,4,,0,60,,58214,37,4,,0,20,,58215,37,4,,0,19,,58216,37,4,,0,63,,58217,37,4,,0,26,,58218,37,4,,0,68,,58219,37,4,,0,30,,58220,37,4,,0,70,,58221,37,4,,0,29,,58222,37,4,,0,70,,58223,37,4,,0,31,,58224,37,4,,0,73,,58225,37,4,,0,30,,58226,37,4,,0,69,,58227,37,4,,0,30,,58228,37,4,,0,70,,58229,37,4,,0,28,,58230,37,4,,0,70,,58231,37,4,,0,29,,58232,37,4,,0
2800,'4663',545,,58128,11,4,,0,66,,58131,37,4,,0,24,,58127,37,4,,0,22,,58126,37,4,,0,51,,58129,37,4,,0,12,,58149,37,4,,0,12,,58130,37,4,,0,12,,58157,11,4,,0,11,,58134,37,4,,0,53,,58145,37,4,,0,12,,58135,37,4,,0,22,,58132,37,4,,0,60,,58133,37,4,,0,25,,58175,37,4,,0,23,,58136,37,4,,0,66,,58137,37,4,,0,26,,58150,37,4,,0,66,,58155,37,4,,0,27,,58142,37,4,,0,67,,58138,37,4,,0,24,,58139,37,4,,0,27,,58141,37,4,,0,66,,58140,37,4,,0,27,,58148,37,4,,0,66,,58156,37,4,,0,24,,58144,37,4,,0,64,,58143,37,4,,0,22,,58168,37,4,,0,35,,58147,37,4,,0,72,,58146,37,4,,0,72,,58169,37,4,,0,32,,58164,37,4,,0,69,,58170,37,4,,0,30,,58151,37,4,,0,16,,58171,37,4,,0,57,,58158,37,4,,0,22,,58154,37,4,,0,25,,58152,37,4,,0,67,,58153,37,4,,0,29,,58163,37,4,,0,68,,58160,37,4,,0,29,,58162,37,4,,0,69,,58161,37,4,,0,30,,58159,37,4,,0,79,,58166,37,4,,0,78,,58167,37,4,,0,40,,58165,37,4,,0,80,,58172,37,4,,0,79,,58174,37,4,,0,40,,58173,37,4,,0
2800,'5078',619,,58233,11,4,,0,96,,58234,11,4,,0,30,,58235,11,4,,0,70,,58236,11,4,,0,30,,58237,37,4,,0,70,,58238,37,4,,0,31,,58239,37,4,,0,67,,58240,37,4,,0,27,,58241,37,4,,0,67,,58242,37,4,,0,26,,58243,37,4,,0,25,,58244,37,4,,0,64,,58245,37,4,,0,23,,58246,37,4,,0,63,,58247,37,4,,0,23,,58248,37,4,,0,24,,58249,37,4,,0,63,,58250,37,4,,0,23,,58251,37,4,,0,62,,58252,37,4,,0,23,,58253,37,4,,0,23,,58254,37,4,,0,63,,58255,37,4,,0,23,,58256,37,4,,0,23,,58257,37,4,,0,63,,58258,37,4,,0,23,,58259,37,4,,0,63,,58260,37,4,,0,24,,58261,37,4,,0,25,,58262,37,4,,0,65,,58263,37,4,,0,26,,58264,37,4,,0,69,,58265,37,4,,0,29,,58266,37,4,,0,70,,58267,37,4,,0,31,,58268,37,4,,0,80,,58269,37,4,,0,80,,58270,37,4,,0,45,,58271,37,4,,0
2800,'5372',545,,42945,11,4,,0,66,,58177,37,4,,0,24,,42944,37,4,,0,22,,42943,37,4,,0,51,,42946,37,4,,0,12,,42965,37,4,,0,12,,58176,37,4,,0,12,,42973,11,4,,0,11,,42951,37,4,,0,53,,42962,37,4,,0,12,,42952,37,4,,0,22,,42949,37,4,,0,60,,58178,37,4,,0,25,,42988,37,4,,0,23,,42953,37,4,,0,66,,42954,37,4,,0,26,,58181,37,4,,0,66,,42971,37,4,,0,27,,42959,37,4,,0,67,,58179,37,4,,0,24,,42956,37,4,,0,27,,42958,37,4,,0,66,,42957,37,4,,0,27,,58180,37,4,,0,66,,42972,37,4,,0,24,,42961,37,4,,0,64,,42960,37,4,,0,22,,58182,37,4,,0,35,,42963,37,4,,0,144,,42985,37,4,,0,32,,42980,37,4,,0,69,,42986,37,4,,0,30,,42967,37,4,,0,16,,58183,37,4,,0,57,,42974,37,4,,0,22,,42970,37,4,,0,25,,42968,37,4,,0,67,,42969,37,4,,0,29,,42979,37,4,,0,68,,42976,37,4,,0,29,,42978,37,4,,0,69,,42977,37,4,,0,30,,42975,37,4,,0,79,,42982,37,4,,0,78,,42983,37,4,,0,40,,42981,37,4,,0
2800,'5373',1629,,43089,37,4,,0
2800,'5385',545,,58274,11,4,,0,66,,58277,37,4,,0,24,,58273,37,4,,0,22,,58272,37,4,,0,51,,58275,37,4,,0,12,,58294,37,4,,0,12,,58276,37,4,,0,12,,58302,11,4,,0,11,,58280,37,4,,0,53,,58291,37,4,,0,12,,58281,37,4,,0,22,,58278,37,4,,0,60,,58279,37,4,,0,25,,58317,37,4,,0,23,,58282,37,4,,0,66,,58283,37,4,,0,26,,58295,37,4,,0,66,,58300,37,4,,0,27,,58288,37,4,,0,67,,58284,37,4,,0,24,,58285,37,4,,0,27,,58287,37,4,,0,66,,58286,37,4,,0,27,,58293,37,4,,0,66,,58301,37,4,,0,24,,58290,37,4,,0,64,,58289,37,4,,0,22,,58313,37,4,,0,35,,58292,37,4,,0,144,,58314,37,4,,0,32,,58309,37,4,,0,69,,58315,37,4,,0,30,,58296,37,4,,0,16,,58316,37,4,,0,57,,58303,37,4,,0,22,,58299,37,4,,0,25,,58297,37,4,,0,67,,58298,37,4,,0,29,,58308,37,4,,0,68,,58305,37,4,,0,29,,58307,37,4,,0,69,,58306,37,4,,0,30,,58304,37,4,,0,79,,58311,37,4,,0,78,,58312,37,4,,0,40,,58310,37,4,,0
2800,'5387',1629,,58318,37,4,,0
2800,'5388',1629,,58319,37,4,,0
2801,'4332',640,,58379,1,,,0,73,,58380,1,,,0,30,,58381,1,,,0,69,,58382,1,,,0,28,,58383,1,,,0,67,,58384,1,,,0,27,,58385,1,,,0,66,,58386,1,,,0,27,,58378,1,,,0,23,,58387,1,,,0,62,,58388,1,,,0,23,,58389,1,,,0,22,,58390,1,,,0,63,,58391,1,,,0,22,,58393,1,,,0,62,,58392,1,,,0,23,,58394,1,,,0,24,,58395,1,,,0,62,,58396,1,,,0,22,,58399,1,,,0,20,,58400,1,,,0,61,,58397,1,,,0,21,,58398,1,,,0,21,,58401,1,,,0,60,,58402,1,,,0,20,,58403,1,,,0,21,,58404,1,,,0,59,,58405,1,,,0,21,,58406,1,,,0,20,,58407,1,,,0,60,,58408,1,,,0,20,,58409,1,,,0,19,,58410,1,,,0,63,,58411,1,,,0,26,,58412,1,,,0,68,,58413,1,,,0,30,,58414,1,,,0,70,,58415,1,,,0,29,,58416,1,,,0,70,,58417,1,,,0,31,,58418,1,,,0,73,,58419,1,,,0,30,,58420,1,,,0,69,,58421,1,,,0,30,,58422,1,,,0,70,,58423,1,,,0,28,,58424,1,,,0,70,,58425,1,0,16 49,0,29,,58426,1,0,16 49,0
2801,'4663',545,,58320,1,,,0,66,,58325,1,,,0,24,,58321,1,,,0,22,,58323,1,,,0,51,,58324,1,,,0,12,,58343,1,,,0,12,,58322,1,,,0,12,,58356,1,,,0,11,,58326,1,,,0,53,,58339,1,,,0,12,,58328,1,,,0,22,,58327,1,,,0,60,,58330,1,,,0,25,,58369,1,,,0,23,,58329,1,,,0,66,,58331,1,,,0,26,,58344,1,,,0,66,,58354,1,,,0,27,,58335,1,,,0,67,,58332,1,,,0,24,,58333,1,,,0,27,,58334,1,,,0,66,,58337,1,,,0,27,,58342,1,,,0,66,,58355,1,,,0,24,,58338,1,,,0,64,,58336,1,,,0,22,,58362,1,,,0,35,,58340,1,,,0,72,,58341,1,,,0,72,,58363,1,,,0,32,,58357,1,,,0,69,,58364,1,0,31 49,0,30,,58345,1,0,31 49,0,16,,58365,1,0,31 49,0,57,,58347,1,,,0,22,,58346,1,,,0,25,,58348,1,,,0,67,,58349,1,,,0,29,,58350,1,,,0,68,,58351,1,,,0,29,,58352,1,,,0,69,,58353,1,,,0,30,,58359,1,,,0,79,,58360,1,,,0,78,,58358,1,,,0,40,,58361,1,,,0,80,,58366,1,,,0,79,,58368,1,0,16 49,0,40,,58367,1,0,16 49,0
2801,'5078',619,,58428,1,,,0,96,,58429,1,,,0,30,,58430,1,,,0,70,,58431,1,,,0,30,,58427,1,,,0,70,,58432,1,,,0,31,,58433,1,,,0,67,,58434,1,,,0,27,,58435,1,,,0,67,,58436,1,,,0,26,,58437,1,,,0,25,,58438,1,,,0,64,,58439,1,,,0,23,,58440,1,,,0,63,,58441,1,,,0,23,,58442,1,,,0,24,,58443,1,,,0,63,,58444,1,,,0,23,,58445,1,,,0,62,,58446,1,,,0,23,,58447,1,,,0,23,,58448,1,,,0,63,,58449,1,,,0,23,,58450,1,,,0,23,,58451,1,,,0,63,,58452,1,,,0,23,,58453,1,,,0,63,,58454,1,,,0,24,,58455,1,,,0,25,,58456,1,,,0,65,,58457,1,,,0,26,,58458,1,,,0,69,,58459,1,,,0,29,,58460,1,,,0,70,,58461,1,,,0,31,,58462,1,,,0,80,,58463,1,,,0,80,,58464,1,,,0,45,,58465,1,,,0
2801,'5372',545,,43168,1,,,0,66,,58371,1,,,0,24,,43169,1,,,0,22,,43171,1,,,0,51,,43172,1,,,0,12,,43190,1,,,0,12,,58370,1,,,0,12,,43203,1,,,0,11,,43174,1,,,0,53,,43187,1,,,0,12,,43176,1,,,0,22,,43175,1,,,0,60,,58372,1,,,0,25,,43213,1,,,0,23,,43177,1,,,0,66,,43179,1,,,0,26,,58375,1,,,0,66,,43201,1,,,0,27,,43183,1,,,0,67,,58373,1,,,0,24,,43181,1,,,0,27,,43182,1,,,0,66,,43185,1,,,0,27,,58374,1,,,0,66,,43202,1,,,0,24,,43186,1,,,0,64,,43184,1,,,0,22,,58376,1,,,0,35,,43188,1,,,0,144,,43210,1,,,0,32,,43204,1,,,0,69,,43211,1,0,31 49,0,30,,43192,1,0,31 49,0,16,,58377,1,0,31 49,0,57,,43194,1,,,0,22,,43193,1,,,0,25,,43195,1,,,0,67,,43196,1,,,0,29,,43197,1,,,0,68,,43198,1,,,0,29,,43199,1,,,0,69,,43200,1,,,0,30,,43206,1,,,0,79,,43207,1,,,0,78,,43205,1,,,0,40,,43208,1,,,0
2801,'5373',1629,,43314,1,,,0
2801,'5385',545,,58466,1,,,0,66,,58471,1,,,0,24,,58467,1,,,0,22,,58469,1,,,0,51,,58470,1,,,0,12,,58488,1,,,0,12,,58468,1,,,0,12,,58501,1,,,0,11,,58472,1,,,0,53,,58485,1,,,0,12,,58474,1,,,0,22,,58473,1,,,0,60,,58476,1,,,0,25,,58511,1,,,0,23,,58475,1,,,0,66,,58477,1,,,0,26,,58489,1,,,0,66,,58499,1,,,0,27,,58481,1,,,0,67,,58478,1,,,0,24,,58479,1,,,0,27,,58480,1,,,0,66,,58483,1,,,0,27,,58487,1,,,0,66,,58500,1,,,0,24,,58484,1,,,0,64,,58482,1,,,0,22,,58507,1,,,0,35,,58486,1,,,0,144,,58508,1,,,0,32,,58502,1,,,0,69,,58509,1,0,31 49,0,30,,58490,1,0,31 49,0,16,,58510,1,0,31 49,0,57,,58492,1,,,0,22,,58491,1,,,0,25,,58493,1,,,0,67,,58494,1,,,0,29,,58495,1,,,0,68,,58496,1,,,0,29,,58497,1,,,0,69,,58498,1,,,0,30,,58504,1,,,0,79,,58505,1,,,0,78,,58503,1,,,0,40,,58506,1,,,0
2801,'5387',1629,,58512,1,,,0
2801,'5388',1629,,58513,1,,,0
24002700,'4663',700,,63141,11,4,,0,25,,63142,11,4,,0,23,,63144,11,4,,0,64,,63143,11,4,,0
24002700,'5372',700,,48826,11,4,,0,25,,48827,11,4,,0,23,,48829,11,4,,0,64,,48828,11,4,,0
24002700,'5385',700,,63145,11,4,,0,25,,63146,11,4,,0,23,,63148,11,4,,0,64,,63147,11,4,,0
24002701,'4663',700,,63149,1,0,5,0,25,,63150,1,0,5,0,23,,63152,1,0,5,0,64,,63151,1,0,5,0
24002701,'5372',700,,48834,1,0,5,0,25,,48835,1,0,5,0,23,,48837,1,0,5,0,64,,48836,1,0,5,0
24002701,'5385',700,,63153,1,0,5,0,25,,63154,1,0,5,0,23,,63156,1,0,5,0,64,,63155,1,0,5,0
