3201,'4532',822,,72223,14,0,28 29 14,0,101,,72226,14,0,28 29 14,0,101,,72230,14,0,28 29 14,0,100,,72221,14,0,28 29 14,0,100,,72224,14,0,28 29 14,0,101,,72227,14,0,28 29 14,0,100,,72231,14,0,28 29 14,0,100,,72222,14,0,28 29 14,0,100,,72225,14,0,28 29 14,0,99,,72229,14,0,28 29 14,0,99,,72232,14,0,28 29 14,0,99,,72228,14,0,28 29 14,0,100,,72233,14,0,28 29 14,0,100,,72220,14,0,28 29 14,0,99,,72219,14,0,28 29 14,0
3201,'4623',622,,72187,14,0,28 29 14,0,80,,72186,14,,,0,43,,72188,14,,,0,83,,72193,14,0,28 29 14,0,108,,72194,14,0,28 29 14,0,100,,72195,14,0,28 29 14,0,105,,72197,14,0,28 29 14,0,105,,72190,14,0,28 29 14,0,105,,72196,14,0,28 29 14,0,106,,72191,14,0,28 29 14,0,152,,72198,14,0,28 29 14,0,103,,72199,14,0,28 29 14,0,34,,72189,14,0,28 29 14,0,69,,72200,14,0,28 29 14,0,109,,72192,14,0,28 29 14,0,99,,72201,14,0,28 29 14,0,100,,72203,14,0,28 29 14,0,98,,72202,14,0,28 29 14,0
3201,'4832',822,,72252,14,0,28 29 14,0,101,,72253,14,0,28 29 14,0,100,,72254,14,0,28 29 14,0,101,,72257,14,0,28 29 14,0,100,,72255,14,0,28 29 14,0,101,,72256,14,0,28 29 14,0,100,,72261,14,0,28 29 14,0,100,,72258,14,0,28 29 14,0,100,,72259,14,0,28 29 14,0,99,,72260,14,0,28 29 14,0,99,,72263,14,0,28 29 14,0,100,,72262,14,0,28 29 14,0
3201,'4833',822,,72208,14,0,28 29 14,0,101,,72211,14,0,28 29 14,0,101,,72215,14,0,28 29 14,0,100,,72206,14,0,28 29 14,0,100,,72209,14,0,28 29 14,0,101,,72212,14,0,28 29 14,0,100,,72216,14,0,28 29 14,0,100,,72207,14,0,28 29 14,0,100,,72210,14,0,28 29 14,0,99,,72214,14,0,28 29 14,0,99,,72217,14,0,28 29 14,0,99,,72213,14,0,28 29 14,0,100,,72218,14,0,28 29 14,0,100,,72205,14,0,28 29 14,0,99,,72204,14,0,28 29 14,0
3201,'5222',622,,72235,14,0,28 29 14,0,80,,72234,14,,,0,43,,72236,14,,,0,83,,72241,14,0,28 29 14,0,108,,72242,14,0,28 29 14,0,100,,72243,14,0,28 29 14,0,105,,72245,14,0,28 29 14,0,105,,72238,14,0,28 29 14,0,105,,72244,14,0,28 29 14,0,106,,72239,14,0,28 29 14,0,152,,72246,14,0,28 29 14,0,103,,72247,14,0,28 29 14,0,34,,72237,14,0,28 29 14,0,69,,72248,14,0,28 29 14,0,109,,72240,14,0,28 29 14,0,99,,72249,14,0,28 29 14,0,100,,72251,14,0,28 29 14,0,98,,72250,14,0,28 29 14,0
3201,'5390',822,,72264,14,0,28 29 14,0,101,,72265,14,0,28 29 14,0,100,,72266,14,0,28 29 14,0,101,,72269,14,0,28 29 14,0,100,,72267,14,0,28 29 14,0,101,,72268,14,0,28 29 14,0,100,,72273,14,0,28 29 14,0,100,,72270,14,0,28 29 14,0,100,,72271,14,0,28 29 14,0,99,,72272,14,0,28 29 14,0,99,,72275,14,0,28 29 14,0,100,,72274,14,0,28 29 14,0
3901,'4532',749,,72529,19,0,28 29 14,0,100,,72532,19,0,28 29 14,0,100,,72537,19,0,28 29 14,0,100,,72527,19,0,28 29 14,0,100,,72530,19,0,28 29 14,0,100,,72533,19,0,28 29 14,0,100,,72538,19,0,28 29 14,0,100,,72528,19,0,28 29 14,0,100,,72531,19,0,28 29 14,0,100,,72534,19,0,28 29 14,0,100,,72539,19,0,28 29 14,0,100,,72535,19,0,28 29 14,0,100,,72536,19,0,28 29 14,0
3901,'4623',620,,72506,19,,,0,36,,72497,19,,,0,71,,72508,19,,,0,26,,72494,19,,,0,70,,72492,19,,,0,77,,72488,19,,,0,28,,72503,19,,,0,29,,72493,19,,,0,70,,72486,19,,,0,30,,72504,19,,,0,70,,72495,19,,,0,30,,72490,19,,,0,71,,72505,19,,,0,30,,72496,19,,,0,70,,72491,19,,,0,31,,72502,19,,,0,70,,72498,19,,,0,73,,72487,19,,,0,33,,72507,19,,,0,73,,72499,19,,,0,32,,72489,19,,,0,71,,72509,19,,,0,34,,72500,19,,,0,80,,72512,19,,,0,77,,72501,19,,,0,43,,72510,19,,,0,107,,72513,19,,,0,106,,72511,19,0,28 29 14,0
3901,'4832',749,,72570,19,0,28 29 14,0,100,,72569,19,0,28 29 14,0,100,,72568,19,0,28 29 14,0,100,,72571,19,0,28 29 14,0,100,,72572,19,0,28 29 14,0,100,,72573,19,0,28 29 14,0,100,,72576,19,0,28 29 14,0,100,,72577,19,0,28 29 14,0,100,,72575,19,0,28 29 14,0,100,,72574,19,0,28 29 14,0,100,,72578,19,0,28 29 14,0,100,,72579,19,0,28 29 14,0,100,,72580,19,0,28 29 14,0
3901,'4833',749,,72516,19,0,28 29 14,0,100,,72519,19,0,28 29 14,0,100,,72524,19,0,28 29 14,0,100,,72514,19,0,28 29 14,0,100,,72517,19,0,28 29 14,0,100,,72520,19,0,28 29 14,0,100,,72525,19,0,28 29 14,0,100,,72515,19,0,28 29 14,0,100,,72518,19,0,28 29 14,0,100,,72521,19,0,28 29 14,0,100,,72526,19,0,28 29 14,0,100,,72522,19,0,28 29 14,0,100,,72523,19,0,28 29 14,0
3901,'5222',620,,72560,19,,,0,36,,72551,19,,,0,71,,72562,19,,,0,26,,72548,19,,,0,70,,72546,19,,,0,77,,72542,19,,,0,28,,72557,19,,,0,29,,72547,19,,,0,70,,72540,19,,,0,30,,72558,19,,,0,70,,72549,19,,,0,30,,72544,19,,,0,71,,72559,19,,,0,30,,72550,19,,,0,70,,72545,19,,,0,31,,72556,19,,,0,70,,72552,19,,,0,73,,72541,19,,,0,33,,72561,19,,,0,73,,72553,19,,,0,32,,72543,19,,,0,71,,72563,19,,,0,34,,72554,19,,,0,80,,72566,19,,,0,77,,72555,19,,,0,43,,72564,19,,,0,107,,72567,19,,,0,106,,72565,19,0,28 29 14,0
3901,'5390',749,,72583,19,0,28 29 14,0,100,,72582,19,0,28 29 14,0,100,,72581,19,0,28 29 14,0,100,,72584,19,0,28 29 14,0,100,,72585,19,0,28 29 14,0,100,,72586,19,0,28 29 14,0,100,,72589,19,0,28 29 14,0,100,,72590,19,0,28 29 14,0,100,,72588,19,0,28 29 14,0,100,,72587,19,0,28 29 14,0,100,,72591,19,0,28 29 14,0,100,,72592,19,0,28 29 14,0,100,,72593,19,0,28 29 14,0
