800,'4487',733,,3301,21,,,0,85,,3302,21,,,0,86,,3303,21,,,0,46,,3304,21,,,0,90,,3305,21,,,0,87,,3300,21,,,0,90,,3306,21,,,0,91,,3307,21,,,0,92,,3308,21,,,0,52,,3309,21,,,0,90,,3310,21,,,0,91,,3311,21,,,0,88,,3312,21,,,0,85,,3313,21,,,0,45,,3314,21,,,0
800,'4737',646,,3316,32,,,0,89,,3317,32,,,0,73,,3318,32,,,0,20,,3319,32,,,0,21,,3320,32,,,0,86,,3321,32,,,0,75,,3322,32,,,0,41,,3315,32,,,0,84,,3323,32,,,0,78,,3338,32,,,0,44,,3324,32,,,0,84,,3325,32,,,0,84,,3326,32,,,0,102,,3328,32,,,0,83,,3329,32,,,0,46,,3330,32,,,0,69,,3339,32,,,0,32,,3331,32,,,0,72,,3332,32,,,0,29,,3333,32,,,0,69,,3340,32,,,0,95,,3334,32,,,0,83,,3335,32,,,0,96,,3336,32,,,0,42,,3337,32,,,0
800,'4740',733,,3342,21,,,0,85,,3343,21,,,0,86,,3344,21,,,0,46,,3345,21,,,0,90,,3346,21,,,0,87,,3341,21,,,0,90,,3347,21,,,0,91,,3348,21,,,0,92,,3349,21,,,0,52,,3350,21,,,0,90,,3351,21,,,0,91,,3352,21,,,0,88,,3353,21,,,0,85,,3354,21,,,0,45,,3355,21,,,0
800,'4744',646,,3357,32,,,0,89,,3358,32,,,0,73,,3359,32,,,0,20,,3360,32,,,0,21,,3361,32,,,0,86,,3362,32,,,0,75,,3363,32,,,0,41,,3356,32,,,0,84,,3364,32,,,0,78,,3379,32,,,0,44,,3365,32,,,0,84,,3366,32,,,0,84,,3367,32,,,0,102,,3369,32,,,0,83,,3370,32,,,0,46,,3371,32,,,0,69,,3380,32,,,0,32,,3372,32,,,0,72,,3373,32,,,0,29,,3374,32,,,0,69,,3381,32,,,0,95,,3375,32,,,0,83,,3376,32,,,0,96,,3377,32,,,0,42,,3378,32,,,0
800,'4745',903,,3383,21,,,0,47,,3384,21,,,0,90,,3385,21,,,0,86,,3386,21,,,0,90,,3387,21,,,0,92,,3382,21,,,0,50,,3388,21,,,0,92,,3389,21,,,0,91,,3390,21,,,0,91,,3391,21,,,0,88,,3392,21,,,0
800,'4947',646,,3394,32,,,0,89,,3395,32,,,0,73,,3396,32,,,0,20,,3397,32,,,0,21,,3398,32,,,0,86,,3399,32,,,0,75,,3400,32,,,0,41,,3393,32,,,0,84,,3401,32,,,0,78,,3416,32,,,0,44,,3402,32,,,0,84,,3403,32,,,0,84,,3404,32,,,0,102,,3406,32,,,0,83,,3407,32,,,0,46,,3408,32,,,0,69,,3417,32,,,0,32,,3409,32,,,0,72,,3410,32,,,0,29,,3411,32,,,0,69,,3418,32,,,0,95,,3412,32,,,0,83,,3413,32,,,0,96,,3414,32,,,0,42,,3415,32,,,0
800,'4954',903,,3420,21,,,0,47,,3421,21,,,0,90,,3422,21,,,0,86,,3423,21,,,0,90,,3424,21,,,0,92,,3419,21,,,0,50,,3425,21,,,0,92,,3426,21,,,0,91,,3427,21,,,0,91,,3428,21,,,0,88,,3429,21,,,0
1401,'4487',600,,5202,12,,,0,30,,5201,12,,,0,26,,5167,12,,,0,61,,5170,12,,,0,17,,5203,12,,,0,15,,5204,12,,,0,55,,5169,12,,,0,14,,5163,12,,,0,15,,5205,12,,,0,15,,5162,12,,,0,55,,5171,12,,,0,14,,5168,12,,,0,14,,5207,12,,,0,14,,5206,12,,,0,14,,5172,12,,,0,54,,5161,12,,,0,14,,5211,12,,,0,15,,5160,12,,,0,15,,5178,12,,,0,55,,5179,12,,,0,15,,5212,12,,,0,14,,5164,12,,,0,15,,5209,12,,,0,55,,5174,12,,,0,15,,5175,12,,,0,15,,5210,12,,,0,15,,5173,12,,,0,54,,5176,12,,,0,15,,5177,12,,,0,15,,5208,12,,,0,15,,5180,12,,,0,55,,5188,12,,,0,15,,5166,12,,,0,15,,5165,12,,,0,15,,5186,12,,,0,55,,5194,12,,,0,15,,5190,12,,,0,15,,5191,12,,,0,15,,5193,12,,,0,55,,5187,12,,,0,16,,5182,12,,,0,15,,5192,12,,,0,15,,5189,12,,,0,55,,5195,12,,,0,15,,5183,12,,,0,15,,5196,12,,,0,16,,5185,12,,,0,55,,5184,12,,,0,15,,5200,12,,,0,15,,5197,12,,,0,15,,5198,12,,,0,55,,5181,12,,,0,19,,5199,12,,,0,20,,5216,12,,,0,61,,5214,12,,,0,20,,5213,12,,,0,20,,5215,12,,,0,60,,5217,12,,,0,20,,5221,12,,,0,20,,5220,12,,,0,60,,5219,12,,,0,28,,5218,12,,,0,71,,5222,12,,,0,32,,5223,12,,,0,71,,5224,12,,,0
1401,'4737',546,,5225,12,,,0,65,,5231,12,,,0,20,,5243,12,,,0,15,,5226,12,,,0,13,,5251,12,,,0,52,,5232,12,,,0,13,,5269,12,,,0,12,,5241,12,,,0,14,,5227,12,,,0,54,,5252,12,,,0,14,,5233,12,,,0,13,,5286,12,,,0,14,,5287,12,,,0,14,,5242,12,,,0,53,,5234,12,,,0,13,,5253,12,,,0,13,,5228,12,,,0,13,,5267,12,,,0,53,,5236,12,,,0,13,,5229,12,,,0,13,,5230,12,,,0,13,,5282,12,,,0,14,,5283,12,,,0,54,,5239,12,,,0,14,,5237,12,,,0,13,,5250,12,,,0,13,,5238,12,,,0,53,,5268,12,,,0,13,,5235,12,,,0,13,,5240,12,,,0,13,,5285,12,,,0,13,,5284,12,,,0,52,,5246,12,,,0,13,,5302,12,,,0,12,,5249,12,,,0,11,,5312,12,,,0,11,,5247,12,,,0,52,,5248,12,,,0,10,,5303,12,,,0,5,,5266,12,,,0,6,,5304,12,0,5,0,5,,5245,12,,,0,6,,5313,12,0,5,0,6,,5314,12,,,0,11,,5244,12,,,0,45,,5305,12,,,0,5,,5307,12,0,5,0,8,,5260,12,,,0,10,,5308,12,0,5,0,8,,5272,12,,,0,7,,5271,12,0,5,0,8,,5259,12,,,0,8,,5309,12,0,5,0,50,,5296,12,,,0,5,,5258,12,0,5,0,6,,5316,12,0,5,0,6,,5261,12,,,0,5,,5315,12,0,5,0,5,,5257,12,0,5,0,6,,5262,12,,,0,8,,5254,12,0,5,0,8,,5263,12,,,0,47,,5256,12,0,5,0,8,,5264,12,,,0,9,,5255,12,0,5,0,7,,5265,12,,,0,9,,5306,12,0,5,0,8,,5274,12,,,0,7,,5288,12,0,5,0,7,,5273,12,,,0,48,,5270,12,0,5,0,5,,5279,12,,,0,15,,5280,12,,,0,15,,5301,12,,,0,14,,5281,12,,,0,55,,5275,12,,,0,15,,5277,12,,,0,15,,5278,12,,,0,15,,5276,12,,,0,57,,5289,12,,,0,20,,5295,12,,,0,20,,5294,12,,,0,60,,5290,12,,,0,20,,5293,12,,,0,20,,5292,12,,,0,63,,5291,12,,,0,32,,5298,12,,,0,72,,5300,12,,,0,29,,5299,12,,,0,70,,5297,12,,,0,30,,5310,12,,,0,70,,5311,12,,,0
1401,'4740',600,,5359,12,,,0,30,,5358,12,,,0,26,,5324,12,,,0,61,,5327,12,,,0,17,,5360,12,,,0,15,,5361,12,,,0,55,,5326,12,,,0,14,,5320,12,,,0,15,,5362,12,,,0,15,,5319,12,,,0,55,,5328,12,,,0,14,,5325,12,,,0,14,,5364,12,,,0,14,,5363,12,,,0,14,,5329,12,,,0,54,,5318,12,,,0,14,,5368,12,,,0,15,,5317,12,,,0,15,,5335,12,,,0,55,,5336,12,,,0,15,,5369,12,,,0,14,,5321,12,,,0,15,,5366,12,,,0,55,,5331,12,,,0,15,,5332,12,,,0,15,,5367,12,,,0,15,,5330,12,,,0,54,,5333,12,,,0,15,,5334,12,,,0,15,,5365,12,,,0,15,,5337,12,,,0,55,,5345,12,,,0,15,,5323,12,,,0,15,,5322,12,,,0,15,,5343,12,,,0,55,,5351,12,,,0,15,,5347,12,,,0,15,,5348,12,,,0,15,,5350,12,,,0,55,,5344,12,,,0,16,,5339,12,,,0,15,,5349,12,,,0,15,,5346,12,,,0,55,,5352,12,,,0,15,,5340,12,,,0,15,,5353,12,,,0,16,,5342,12,,,0,55,,5341,12,,,0,15,,5357,12,,,0,15,,5354,12,,,0,15,,5355,12,,,0,55,,5338,12,,,0,19,,5356,12,,,0,20,,5373,12,,,0,61,,5371,12,,,0,20,,5370,12,,,0,20,,5372,12,,,0,60,,5374,12,,,0,20,,5378,12,,,0,20,,5377,12,,,0,60,,5376,12,,,0,28,,5375,12,,,0,71,,5379,12,,,0,32,,5380,12,,,0,71,,5381,12,,,0,30,,5382,12,,,0,70,,5383,12,,,0
1401,'4744',546,,5384,12,,,0,65,,5390,12,,,0,20,,5402,12,,,0,15,,5385,12,,,0,13,,5410,12,,,0,52,,5391,12,,,0,13,,5428,12,,,0,12,,5400,12,,,0,14,,5386,12,,,0,54,,5411,12,,,0,14,,5392,12,,,0,13,,5445,12,,,0,14,,5446,12,,,0,14,,5401,12,,,0,53,,5393,12,,,0,13,,5412,12,,,0,13,,5387,12,,,0,13,,5426,12,,,0,53,,5395,12,,,0,13,,5388,12,,,0,13,,5389,12,,,0,13,,5441,12,,,0,14,,5442,12,,,0,54,,5398,12,,,0,14,,5396,12,,,0,13,,5409,12,,,0,13,,5397,12,,,0,53,,5427,12,,,0,13,,5394,12,,,0,13,,5399,12,,,0,13,,5444,12,,,0,13,,5443,12,,,0,52,,5405,12,,,0,13,,5461,12,,,0,12,,5408,12,,,0,11,,5469,12,,,0,11,,5406,12,,,0,48,,5474,12,,,0,4,,5407,12,,,0,10,,5462,12,,,0,5,,5425,12,,,0,6,,5463,12,0,5,0,5,,5404,12,,,0,6,,5470,12,0,5,0,6,,5471,12,,,0,11,,5403,12,,,0,45,,5464,12,,,0,5,,5466,12,0,5,0,8,,5419,12,,,0,10,,5467,12,0,5,0,8,,5431,12,,,0,7,,5430,12,0,5,0,8,,5418,12,,,0,8,,5468,12,0,5,0,50,,5455,12,,,0,5,,5417,12,0,5,0,6,,5473,12,0,5,0,6,,5420,12,,,0,5,,5472,12,0,5,0,5,,5416,12,0,5,0,6,,5421,12,,,0,8,,5413,12,0,5,0,8,,5422,12,,,0,47,,5415,12,0,5,0,8,,5423,12,,,0,9,,5414,12,0,5,0,7,,5424,12,,,0,9,,5465,12,0,5,0,8,,5433,12,,,0,7,,5447,12,0,5,0,7,,5432,12,,,0,48,,5429,12,0,5,0,5,,5438,12,,,0,15,,5439,12,,,0,15,,5460,12,,,0,14,,5440,12,,,0,55,,5434,12,,,0,15,,5436,12,,,0,15,,5437,12,,,0,15,,5435,12,,,0,57,,5448,12,,,0,20,,5454,12,,,0,20,,5453,12,,,0,60,,5449,12,,,0,20,,5452,12,,,0,20,,5451,12,,,0,63,,5450,12,,,0,32,,5457,12,,,0,72,,5459,12,,,0,29,,5458,12,,,0,70,,5456,12,,,0
1401,'4745',631,,5531,12,,,0,24,,5518,12,,,0,66,,5517,12,,,0,17,,5501,12,,,0,15,,5535,12,,,0,55,,5508,12,,,0,14,,5533,12,,,0,15,,5524,12,,,0,15,,5534,12,,,0,54,,5492,12,,,0,15,,5523,12,,,0,15,,5489,12,,,0,15,,5493,12,,,0,54,,5502,12,,,0,15,,5526,12,,,0,15,,5480,12,,,0,15,,5510,12,,,0,55,,5481,12,,,0,15,,5511,12,,,0,14,,5482,12,,,0,15,,5494,12,,,0,56,,5503,12,,,0,15,,5527,12,,,0,15,,5477,12,,,0,15,,5512,12,,,0,56,,5479,12,,,0,15,,5509,12,,,0,15,,5478,12,,,0,15,,5495,12,,,0,55,,5475,12,,,0,15,,5504,12,,,0,15,,5525,12,,,0,15,,5485,12,,,0,55,,5513,12,,,0,15,,5484,12,,,0,15,,5515,12,,,0,15,,5483,12,,,0,55,,5496,12,,,0,15,,5476,12,,,0,15,,5505,12,,,0,15,,5528,12,,,0,55,,5486,12,,,0,15,,5514,12,,,0,15,,5487,12,,,0,16,,5516,12,,,0,55,,5491,12,,,0,16,,5500,12,,,0,15,,5490,12,,,0,17,,5507,12,,,0,58,,5530,12,,,0,20,,5520,12,,,0,18,,5522,12,,,0,60,,5488,12,,,0,20,,5499,12,,,0,20,,5506,12,,,0,61,,5532,12,,,0,30,,5521,12,,,0,70,,5498,12,,,0,31,,5497,12,,,0,72,,5529,12,,,0,30,,5519,12,,,0
1401,'4947',546,,5536,12,,,0,65,,5542,12,,,0,20,,5554,12,,,0,15,,5537,12,,,0,13,,5561,12,,,0,52,,5543,12,,,0,13,,5579,12,,,0,12,,5552,12,,,0,14,,5538,12,,,0,54,,5562,12,,,0,14,,5544,12,,,0,13,,5596,12,,,0,14,,5597,12,,,0,14,,5553,12,,,0,53,,5545,12,,,0,13,,5563,12,,,0,13,,5539,12,,,0,13,,5577,12,,,0,53,,5547,12,,,0,13,,5540,12,,,0,13,,5541,12,,,0,13,,5592,12,,,0,14,,5593,12,,,0,54,,5550,12,,,0,14,,5548,12,,,0,13,,5560,12,,,0,13,,5549,12,,,0,53,,5578,12,,,0,13,,5546,12,,,0,13,,5551,12,,,0,13,,5595,12,,,0,13,,5594,12,,,0,52,,5557,12,,,0,13,,5612,12,,,0,12,,5559,12,,,0,11,,5620,12,,,0,59,,5625,12,,,0,4,,5558,12,,,0,10,,5613,12,,,0,5,,5576,12,,,0,6,,5614,12,0,5,0,5,,5556,12,,,0,6,,5621,12,0,5,0,6,,5622,12,,,0,11,,5555,12,,,0,45,,5615,12,,,0,5,,5617,12,0,5,0,8,,5570,12,,,0,10,,5618,12,0,5,0,8,,5582,12,,,0,7,,5581,12,0,5,0,8,,5569,12,,,0,8,,5619,12,0,5,0,50,,5606,12,,,0,5,,5568,12,0,5,0,6,,5624,12,0,5,0,6,,5571,12,,,0,5,,5623,12,0,5,0,5,,5567,12,0,5,0,6,,5572,12,,,0,8,,5564,12,0,5,0,8,,5573,12,,,0,47,,5566,12,0,5,0,8,,5574,12,,,0,9,,5565,12,0,5,0,7,,5575,12,,,0,9,,5616,12,0,5,0,8,,5584,12,,,0,7,,5598,12,0,5,0,7,,5583,12,,,0,48,,5580,12,0,5,0,5,,5589,12,,,0,15,,5590,12,,,0,15,,5611,12,,,0,14,,5591,12,,,0,55,,5585,12,,,0,15,,5587,12,,,0,15,,5588,12,,,0,15,,5586,12,,,0,57,,5599,12,,,0,20,,5605,12,,,0,20,,5604,12,,,0,60,,5600,12,,,0,20,,5603,12,,,0,20,,5602,12,,,0,63,,5601,12,,,0,32,,5608,12,,,0,72,,5610,12,,,0,29,,5609,12,,,0,70,,5607,12,,,0
1401,'4949',1355,,5626,12,,,0
1401,'4950',1355,,5627,12,,,0
1401,'4954',631,,5684,12,,,0,24,,5671,12,,,0,66,,5670,12,,,0,17,,5654,12,,,0,15,,5688,12,,,0,55,,5661,12,,,0,14,,5686,12,,,0,15,,5677,12,,,0,15,,5687,12,,,0,54,,5645,12,,,0,15,,5676,12,,,0,15,,5642,12,,,0,15,,5646,12,,,0,54,,5655,12,,,0,15,,5679,12,,,0,15,,5633,12,,,0,15,,5663,12,,,0,55,,5634,12,,,0,15,,5664,12,,,0,14,,5635,12,,,0,15,,5647,12,,,0,56,,5656,12,,,0,15,,5680,12,,,0,15,,5630,12,,,0,15,,5665,12,,,0,56,,5632,12,,,0,15,,5662,12,,,0,15,,5631,12,,,0,15,,5648,12,,,0,55,,5628,12,,,0,15,,5657,12,,,0,15,,5678,12,,,0,15,,5638,12,,,0,55,,5666,12,,,0,15,,5637,12,,,0,15,,5668,12,,,0,15,,5636,12,,,0,55,,5649,12,,,0,15,,5629,12,,,0,15,,5658,12,,,0,15,,5681,12,,,0,55,,5639,12,,,0,15,,5667,12,,,0,15,,5640,12,,,0,16,,5669,12,,,0,55,,5644,12,,,0,16,,5653,12,,,0,15,,5643,12,,,0,17,,5660,12,,,0,58,,5683,12,,,0,20,,5673,12,,,0,18,,5675,12,,,0,60,,5641,12,,,0,20,,5652,12,,,0,20,,5659,12,,,0,61,,5685,12,,,0,30,,5674,12,,,0,70,,5651,12,,,0,31,,5650,12,,,0,72,,5682,12,,,0,30,,5672,12,,,0
