2801,'4332',646,,58379,10,,,0,73,,58380,10,,,0,30,,58381,10,,,0,69,,58382,10,,,0,28,,58383,10,,,0,67,,58384,10,,,0,27,,58385,10,,,0,66,,58386,10,,,0,27,,58378,10,,,0,23,,58387,10,,,0,62,,58388,10,,,0,23,,58389,10,,,0,62,,58390,10,,,0,23,,58391,10,,,0,22,,58393,10,,,0,62,,58392,10,,,0,23,,58394,10,,,0,24,,58395,10,,,0,62,,58396,10,,,0,22,,58399,10,,,0,60,,58400,10,,,0,21,,58397,10,,,0,21,,58398,10,,,0,61,,58401,10,,,0,20,,58402,10,,,0,20,,58403,10,,,0,61,,58404,10,,,0,19,,58405,10,,,0,21,,58406,10,,,0,60,,58407,10,,,0,20,,58408,10,,,0,20,,58409,10,,,0,59,,58410,10,,,0,23,,58411,10,,,0,26,,58412,10,,,0,68,,58413,10,,,0,30,,58414,10,,,0,70,,58415,10,,,0,29,,58416,10,,,0,70,,58417,10,,,0,31,,58418,10,,,0,72,,58419,10,,,0,30,,58420,10,,,0,69,,58421,10,,,0,30,,58422,10,,,0,70,,58423,10,,,0,27,,58424,10,,,0,70,,58425,10,0,16 49,0,29,,58426,10,0,16 49,0
2801,'4663',550,,58320,10,,,0,67,,58325,10,,,0,24,,58321,10,,,0,62,,58323,10,,,0,11,,58324,10,,,0,12,,58343,10,,,0,13,,58322,10,,,0,12,,58356,10,,,0,51,,58326,10,,,0,13,,58339,10,,,0,12,,58328,10,,,0,22,,58327,10,,,0,60,,58330,10,,,0,24,,58369,10,,,0,23,,58329,10,,,0,66,,58331,10,,,0,26,,58344,10,,,0,66,,58354,10,,,0,27,,58335,10,,,0,67,,58332,10,,,0,24,,58333,10,,,0,27,,58334,10,,,0,66,,58337,10,,,0,27,,58342,10,,,0,67,,58355,10,,,0,24,,58338,10,,,0,64,,58336,10,,,0,22,,58362,10,,,0,75,,58340,10,,,0,32,,58341,10,,,0,72,,58363,10,,,0,31,,58357,10,,,0,69,,58364,10,0,31 49,0,30,,58345,10,0,31 49,0,16,,58365,10,0,31 49,0,57,,58347,10,,,0,22,,58346,10,,,0,25,,58348,10,,,0,67,,58349,10,,,0,29,,58350,10,,,0,68,,58351,10,,,0,29,,58352,10,,,0,69,,58353,10,,,0,30,,58359,10,,,0,78,,58360,10,,,0,78,,58358,10,,,0,40,,58361,10,,,0,80,,58366,10,,,0,79,,58368,10,0,16 49,0,39,,58367,10,0,16 49,0
2801,'5078',625,,58428,10,,,0,96,,58429,10,,,0,30,,58430,10,,,0,70,,58431,10,,,0,30,,58427,10,,,0,70,,58432,10,,,0,31,,58433,10,,,0,67,,58434,10,,,0,27,,58435,10,,,0,67,,58436,10,,,0,26,,58437,10,,,0,65,,58438,10,,,0,24,,58439,10,,,0,23,,58440,10,,,0,63,,58441,10,,,0,23,,58442,10,,,0,64,,58443,10,,,0,23,,58444,10,,,0,23,,58445,10,,,0,62,,58446,10,,,0,23,,58447,10,,,0,23,,58448,10,,,0,63,,58449,10,,,0,23,,58450,10,,,0,63,,58451,10,,,0,23,,58452,10,,,0,23,,58453,10,,,0,63,,58454,10,,,0,24,,58455,10,,,0,65,,58456,10,,,0,25,,58457,10,,,0,26,,58458,10,,,0,69,,58459,10,,,0,29,,58460,10,,,0,70,,58461,10,,,0,31,,58462,10,,,0,80,,58463,10,,,0,79,,58464,10,,,0,45,,58465,10,,,0
2801,'5372',550,,43168,10,,,0,67,,58371,10,,,0,24,,43169,10,,,0,62,,43171,10,,,0,11,,43172,10,,,0,12,,43190,10,,,0,13,,58370,10,,,0,12,,43203,10,,,0,51,,43174,10,,,0,13,,43187,10,,,0,12,,43176,10,,,0,22,,43175,10,,,0,60,,58372,10,,,0,24,,43213,10,,,0,23,,43177,10,,,0,66,,43179,10,,,0,26,,58375,10,,,0,66,,43201,10,,,0,27,,43183,10,,,0,67,,58373,10,,,0,24,,43181,10,,,0,27,,43182,10,,,0,66,,43185,10,,,0,27,,58374,10,,,0,67,,43202,10,,,0,24,,43186,10,,,0,64,,43184,10,,,0,22,,58376,10,,,0,75,,43188,10,,,0,104,,43210,10,,,0,31,,43204,10,,,0,69,,43211,10,0,31 49,0,30,,43192,10,0,31 49,0,16,,58377,10,0,31 49,0,57,,43194,10,,,0,22,,43193,10,,,0,25,,43195,10,,,0,67,,43196,10,,,0,29,,43197,10,,,0,68,,43198,10,,,0,29,,43199,10,,,0,69,,43200,10,,,0,30,,43206,10,,,0,78,,43207,10,,,0,78,,43205,10,,,0,40,,43208,10,,,0
2801,'5373',1636,,43314,10,,,0
2801,'5385',550,,58466,10,,,0,67,,58471,10,,,0,24,,58467,10,,,0,62,,58469,10,,,0,11,,58470,10,,,0,12,,58488,10,,,0,13,,58468,10,,,0,12,,58501,10,,,0,51,,58472,10,,,0,13,,58485,10,,,0,12,,58474,10,,,0,22,,58473,10,,,0,60,,58476,10,,,0,24,,58511,10,,,0,23,,58475,10,,,0,66,,58477,10,,,0,26,,58489,10,,,0,66,,58499,10,,,0,27,,58481,10,,,0,67,,58478,10,,,0,24,,58479,10,,,0,27,,58480,10,,,0,66,,58483,10,,,0,27,,58487,10,,,0,67,,58500,10,,,0,24,,58484,10,,,0,64,,58482,10,,,0,22,,58507,10,,,0,75,,58486,10,,,0,104,,58508,10,,,0,31,,58502,10,,,0,69,,58509,10,0,31 49,0,30,,58490,10,0,31 49,0,16,,58510,10,0,31 49,0,57,,58492,10,,,0,22,,58491,10,,,0,25,,58493,10,,,0,67,,58494,10,,,0,29,,58495,10,,,0,68,,58496,10,,,0,29,,58497,10,,,0,69,,58498,10,,,0,30,,58504,10,,,0,78,,58505,10,,,0,78,,58503,10,,,0,40,,58506,10,,,0
2801,'5387',1636,,58512,10,,,0
2801,'5388',1636,,58513,10,,,0
3900,'4332',718,,59284,15,,,0,127,,59285,15,,,0,101,,59289,15,,,0,101,,59293,15,,,0,100,,59283,15,,,0,100,,59287,15,,,0,100,,59290,15,,,0,100,,59294,15,,,0,100,,59286,15,,,0,100,,59288,15,,,0,100,,59291,15,,,0,99,,59295,15,,,0,99,,59292,15,,,0
3900,'4663',655,,59254,21,,,0,76,,59255,21,,,0,22,,59258,15,,,0,51,,59261,21,,,0,13,,59257,21,,,0,15,,59256,21,,,0,71,,59259,21,,,0,36,,59260,21,,,0,66,,59264,21,,,0,30,,59262,21,,,0,69,,59263,21,,,0,30,,59265,21,,,0,71,,59266,21,,,0,31,,59268,21,,,0,70,,59267,21,,,0,31,,59269,21,,,0,71,,59270,21,,,0,33,,59272,21,,,0,72,,59271,21,,,0,37,,59273,21,,,0,71,,59275,21,,,0,31,,59274,21,,,0,69,,59276,21,,,0,28,,59277,21,,,0,73,,59278,21,,,0,78,,59282,21,,,0,37,,59279,21,,,0,83,,59280,21,,,0,107,,59281,21,,,0
3900,'5078',844,,59297,15,,,0,102,,59296,15,,,0,100,,59298,15,,,0,100,,59300,15,,,0,100,,59299,15,,,0,100,,59304,15,,,0,100,,59301,15,,,0,100,,59302,15,,,0,100,,59303,15,,,0,100,,59305,15,,,0,100,,59306,15,,,0,100,,59307,15,,,0
3900,'5372',655,,50258,21,,,0,76,,44254,21,,,0,22,,44257,15,,,0,51,,44260,21,,,0,13,,44256,21,,,0,15,,44255,21,,,0,71,,44258,21,,,0,36,,44259,21,,,0,66,,44263,21,,,0,30,,44261,21,,,0,69,,44262,21,,,0,30,,44264,21,,,0,71,,44265,21,,,0,31,,44267,21,,,0,70,,44266,21,,,0,31,,44268,21,,,0,71,,44269,21,,,0,33,,50259,21,,,0,72,,44270,21,,,0,37,,44272,21,,,0,71,,44274,21,,,0,31,,44273,21,,,0,69,,44275,21,,,0,28,,44276,21,,,0,73,,44277,21,,,0,78,,44281,21,,,0,37,,44278,21,,,0,83,,44279,21,,,0,107,,44280,21,,,0
3900,'5385',655,,59308,21,,,0,76,,59309,21,,,0,22,,59312,15,,,0,51,,59315,21,,,0,13,,59311,21,,,0,15,,59310,21,,,0,71,,59313,21,,,0,36,,59314,21,,,0,66,,59318,21,,,0,30,,59316,21,,,0,69,,59317,21,,,0,30,,59319,21,,,0,71,,59320,21,,,0,31,,59322,21,,,0,70,,59321,21,,,0,31,,59323,21,,,0,71,,59324,21,,,0,33,,59326,21,,,0,72,,59325,21,,,0,37,,59327,21,,,0,71,,59329,21,,,0,31,,59328,21,,,0,69,,59330,21,,,0,28,,59331,21,,,0,73,,59332,21,,,0,78,,59336,21,,,0,37,,59333,21,,,0,83,,59334,21,,,0,107,,59335,21,,,0
