200,'4332',601,,52764,10,,,0,112,,52767,10,,,0,119,,52765,10,,,0,80,,52753,10,,,0,45,,52766,10,,,0,80,,52751,10,,,0,80,,52745,10,,,0,40,,52752,10,,,0,80,,52746,10,,,0,80,,52759,10,,,0,41,,52747,10,,,0,80,,52750,10,,,0,80,,52749,10,,,0,40,,52748,10,,,0,80,,52762,10,,,0,79,,52763,10,,,0,35,,52761,10,,,0,80,,52755,10,,,0,75,,52756,10,,,0,20,,52754,10,0,5,0,75,,52758,10,,,0,20,,52760,10,0,5,0,20,,52757,10,,,0,65,,52772,10,0,5,0,20,,52773,10,,,0,80,,52770,10,,,0,40,,52769,10,,,0,79,,52771,10,,,0,80,,52768,10,,,0,35,,52774,10,0,5,0
200,'4663',550,,52725,10,,,0,80,,52717,10,,,0,20,,52712,10,,,0,71,,52726,10,,,0,31,,52720,10,,,0,70,,52711,10,,,0,31,,52724,10,,,0,71,,52721,10,,,0,15,,52709,10,0,5,0,70,,52710,10,,,0,38,,52713,10,,,0,80,,52714,10,,,0,80,,52723,10,,,0,40,,52716,10,,,0,80,,52715,10,,,0,80,,52722,10,,,0,37,,52718,10,,,0,76,,52719,10,,,0,37,,52727,10,,,0,76,,52728,10,,,0,73,,52731,10,0,5,0,17,,52730,10,,,0,33,,52729,10,,,0,80,,52734,10,,,0,90,,52732,10,,,0,80,,52733,10,,,0,20,,52736,10,0,5,0,22,,52738,10,,,0,60,,52735,10,0,5,0,20,,52737,10,,,0,78,,52739,10,,,0,40,,52740,10,,,0,79,,52741,10,,,0,79,,52742,10,,,0,30,,52743,10,0,5,0,68,,52744,10,0,5,0
200,'5078',656,,52797,10,,,0,160,,52796,10,,,0,121,,52795,10,,,0,100,,52776,10,,,0,80,,52794,10,,,0,40,,52782,10,,,0,80,,52780,10,,,0,80,,52775,10,,,0,40,,52777,10,,,0,80,,52788,10,,,0,80,,52783,10,,,0,40,,52778,10,,,0,80,,52781,10,,,0,80,,52779,10,,,0,35,,52789,10,,,0,80,,52785,10,,,0,75,,52784,10,0,5,0,20,,52790,10,,,0,20,,52787,10,0,5,0,60,,52786,10,,,0,40,,52792,10,,,0,79,,52793,10,,,0,80,,52791,10,,,0,40,,52798,10,,,0,80,,52799,10,,,0
200,'5372',550,,36499,10,,,0,80,,36491,10,,,0,20,,36486,10,,,0,71,,36500,10,,,0,31,,36494,10,,,0,70,,36485,10,,,0,31,,36498,10,,,0,71,,36495,10,,,0,15,,36483,10,0,5,0,70,,36484,10,,,0,38,,36487,10,,,0,80,,36488,10,,,0,80,,36497,10,,,0,40,,36490,10,,,0,80,,36489,10,,,0,80,,36496,10,,,0,37,,36492,10,,,0,76,,36493,10,,,0,37,,36501,10,,,0,76,,36502,10,,,0,73,,36505,10,0,5,0,17,,36504,10,,,0,33,,36503,10,,,0,80,,36508,10,,,0,90,,36506,10,,,0,80,,36507,10,,,0,20,,36510,10,0,5,0,22,,36512,10,,,0,60,,36509,10,0,5,0,20,,36511,10,,,0,78,,36513,10,,,0,40,,36514,10,,,0,79,,36515,10,,,0,79,,36516,10,,,0,30,,36517,10,0,5,0
200,'5385',550,,52816,10,,,0,80,,52808,10,,,0,20,,52803,10,,,0,71,,52817,10,,,0,31,,52811,10,,,0,70,,52802,10,,,0,31,,52815,10,,,0,71,,52812,10,,,0,15,,52800,10,0,5,0,70,,52801,10,,,0,38,,52804,10,,,0,80,,52805,10,,,0,80,,52814,10,,,0,40,,52807,10,,,0,80,,52806,10,,,0,80,,52813,10,,,0,37,,52809,10,,,0,76,,52810,10,,,0,37,,52818,10,,,0,76,,52819,10,,,0,73,,52822,10,0,5,0,17,,52821,10,,,0,33,,52820,10,,,0,80,,52825,10,,,0,90,,52823,10,,,0,80,,52824,10,,,0,20,,52827,10,0,5,0,22,,52829,10,,,0,60,,52826,10,0,5,0,20,,52828,10,,,0,78,,52830,10,,,0,40,,52831,10,,,0,79,,52832,10,,,0,79,,52833,10,,,0,30,,52834,10,0,5,0
301,'4332',711,,53118,2,,,0,30,,53104,2,,,0,70,,53097,2,,,0,30,,53110,2,,,0,70,,53105,2,,,0,30,,53121,2,,,0,70,,53109,2,,,0,31,,53098,2,,,0,69,,53120,2,,,0,30,,53112,2,,,0,70,,53100,2,,,0,30,,53122,2,,,0,70,,53111,2,,,0,31,,53099,2,,,0,70,,53106,2,,,0,34,,53103,2,,,0,70,,53101,2,,,0,40,,53102,2,,,0,70,,53107,2,,,0,76,,53113,2,,,0,24,,53108,2,,,0,75,,53115,2,,,0,28,,53114,2,,,0,72,,53116,2,,,0,25,,53117,2,,,0,30,,53123,2,,,0,70,,53119,2,,,0,30,,53124,2,,,0
301,'4663',632,,53094,2,,,0,75,,53093,2,,,0,37,,53095,2,,,0,81,,53092,2,,,0,77,,53085,2,,,0,35,,53084,2,,,0,70,,53083,2,,,0,30,,53086,2,,,0,70,,53081,2,,,0,30,,53082,2,,,0,70,,53088,2,,,0,35,,53080,2,,,0,70,,53079,2,,,0,30,,53087,2,,,0,71,,53078,2,,,0,33,,53077,2,,,0,75,,53089,2,,,0,35,,53076,2,,,0,75,,53075,2,,,0,73,,53091,2,,,0,33,,53074,2,,,0,74,,53073,2,,,0,25,,53090,2,,,0,70,,53072,2,,,0,30,,53071,2,,,0,65,,53069,2,,,0,25,,53070,2,,,0,30,,53068,2,,,0
301,'5078',726,,53138,2,,,0,85,,53126,2,,,0,40,,53139,2,,,0,85,,53132,2,,,0,75,,53137,2,,,0,40,,53125,2,,,0,60,,53133,2,,,0,31,,53128,2,,,0,69,,53127,2,,,0,30,,53134,2,,,0,70,,53131,2,,,0,30,,53130,2,,,0,70,,53129,2,,,0,37,,53135,2,,,0,68,,53136,2,,,0,41,,53142,2,,,0,64,,53140,2,,,0,33,,53141,2,,,0,67,,53146,2,,,0,30,,53144,2,,,0,70,,53143,2,,,0,30,,53145,2,,,0,70,,53147,2,,,0,35,,53148,2,,,0
301,'5372',632,,36943,2,,,0,75,,36942,2,,,0,37,,36944,2,,,0,81,,36941,2,,,0,77,,36934,2,,,0,35,,36933,2,,,0,70,,36932,2,,,0,30,,36935,2,,,0,70,,36930,2,,,0,30,,36931,2,,,0,70,,36937,2,,,0,35,,36929,2,,,0,70,,36928,2,,,0,30,,36936,2,,,0,71,,36927,2,,,0,33,,36926,2,,,0,75,,36938,2,,,0,35,,36925,2,,,0,75,,36924,2,,,0,73,,36940,2,,,0,33,,36923,2,,,0,74,,36922,2,,,0,25,,36939,2,,,0,70,,36921,2,,,0,30,,36920,2,,,0,65,,36918,2,,,0,25,,36919,2,,,0,30,,36917,2,,,0
301,'5385',632,,53175,2,,,0,75,,53174,2,,,0,37,,53176,2,,,0,81,,53173,2,,,0,77,,53166,2,,,0,35,,53165,2,,,0,70,,53164,2,,,0,30,,53167,2,,,0,70,,53162,2,,,0,30,,53163,2,,,0,70,,53169,2,,,0,35,,53161,2,,,0,70,,53160,2,,,0,30,,53168,2,,,0,71,,53159,2,,,0,33,,53158,2,,,0,75,,53170,2,,,0,35,,53157,2,,,0,75,,53156,2,,,0,73,,53172,2,,,0,33,,53155,2,,,0,74,,53154,2,,,0,25,,53171,2,,,0,70,,53153,2,,,0,30,,53152,2,,,0,65,,53150,2,,,0,25,,53151,2,,,0,30,,53149,2,,,0
500,'4332',636,,53729,10,,,0,116,,53725,10,,,0,100,,53728,10,,,0,80,,53719,10,,,0,85,,53726,10,,,0,40,,53720,10,,,0,80,,53735,10,,,0,80,,53727,10,,,0,40,,53718,10,,,0,81,,53724,10,,,0,80,,53721,10,,,0,40,,53731,10,,,0,80,,53722,10,,,0,80,,53723,10,,,0,39,,53732,10,,,0,75,,53733,10,,,0,80,,53734,10,,,0,40,,53730,10,,,0,90,,53736,10,,,0
500,'4663',610,,53704,10,,,0,95,,53697,10,,,0,32,,53699,10,,,0,70,,53696,10,,,0,31,,53698,10,,,0,70,,53701,10,,,0,46,,53700,10,,,0,73,,53709,10,,,0,80,,53706,10,,,0,40,,53702,10,,,0,80,,53703,10,,,0,80,,53705,10,,,0,40,,53710,10,,,0,80,,53707,10,,,0,75,,53708,10,,,0,36,,53712,10,,,0,77,,53711,10,,,0,34,,53713,10,,,0,91,,53714,10,,,0,76,,53715,10,,,0,85,,53717,10,,,0,45,,53716,10,,,0
500,'5078',736,,53750,10,,,0,120,,53749,10,,,0,161,,53748,10,,,0,40,,53743,10,,,0,80,,53737,10,,,0,80,,53738,10,,,0,40,,53751,10,,,0,80,,53744,10,,,0,80,,53741,10,,,0,40,,53739,10,,,0,80,,53740,10,,,0,80,,53752,10,,,0,40,,53745,10,,,0,75,,53742,10,,,0,80,,53746,10,,,0,40,,53747,10,,,0
500,'5372',610,,37668,10,,,0,95,,37661,10,,,0,32,,37663,10,,,0,70,,37660,10,,,0,31,,37662,10,,,0,70,,37665,10,,,0,46,,37664,10,,,0,73,,37673,10,,,0,80,,37670,10,,,0,40,,37666,10,,,0,80,,37667,10,,,0,80,,37669,10,,,0,40,,37674,10,,,0,80,,37671,10,,,0,75,,37672,10,,,0,36,,37676,10,,,0,77,,37675,10,,,0,34,,37677,10,,,0,91,,37678,10,,,0,76,,37679,10,,,0,85,,37681,10,,,0,45,,37680,10,,,0
500,'5385',610,,53761,10,,,0,95,,53754,10,,,0,32,,53756,10,,,0,70,,53753,10,,,0,31,,53755,10,,,0,70,,53758,10,,,0,46,,53757,10,,,0,73,,53766,10,,,0,80,,53763,10,,,0,40,,53759,10,,,0,80,,53760,10,,,0,80,,53762,10,,,0,40,,53767,10,,,0,80,,53764,10,,,0,75,,53765,10,,,0,36,,53769,10,,,0,77,,53768,10,,,0,34,,53770,10,,,0,91,,53771,10,,,0,76,,53772,10,,,0,85,,53774,10,,,0,45,,53773,10,,,0
