4901,'4332',644,,59689,26,,,0,205,,59690,26,,,0,253,,59691,26,,,0,202,,59686,26,,,0,210,,59687,26,,,0,208,,59688,26,,,0,193,,59685,26,,,0
4901,'4663',646,,59678,26,,,0,112,,59676,26,,,0,99,,59679,26,,,0,171,,59675,26,,,0,200,,59677,26,,,0,127,,59680,26,,,0,185,,59682,26,,,0,104,,59681,26,,,0,93,,59674,26,,,0,104,,59683,26,,,0,193,,59684,26,,,0
4901,'5078',849,,59693,26,,,0,251,,59692,26,,,0,203,,59694,26,,,0,208,,59695,26,,,0,209,,59696,26,,,0,193,,59697,26,,,0
4901,'5372',646,,44731,26,,,0,112,,50366,26,,,0,99,,50368,26,,,0,171,,44728,26,,,0,200,,50367,26,,,0,127,,51739,26,,,0,185,,44735,26,,,0,104,,44734,26,,,0,93,,44727,26,,,0,104,,50370,26,,,0,193,,44737,26,,,0
4901,'5385',646,,59702,26,,,0,112,,59700,26,,,0,99,,59703,26,,,0,171,,59699,26,,,0,200,,59701,26,,,0,127,,59704,26,,,0,185,,59706,26,,,0,104,,59705,26,,,0,93,,59698,26,,,0,104,,59707,26,,,0,193,,59708,26,,,0
5301,'4332',753,,60036,24,,,0,200,,60037,24,,,0,254,,60035,24,,,0,217,,60032,24,,,0,210,,60033,24,,,0,210,,60034,24,,,0,201,,60031,24,,,0
5301,'4663',803,,60023,24,,,0,115,,60021,24,,,0,199,,60022,24,,,0,130,,60026,24,,,0,173,,60025,24,,,0,193,,60027,24,,,0,99,,60024,43,,,0,131,,60028,24,,,0,167,,60029,24,,,0,130,,60030,24,,,0
5301,'5078',753,,60041,24,,,0,200,,60038,24,,,0,253,,60039,24,,,0,218,,60042,24,,,0,209,,60040,24,,,0,210,,60043,24,,,0,202,,60044,24,,,0
5301,'5372',803,,50492,24,,,0,115,,45142,24,,,0,199,,50491,24,,,0,130,,50495,24,,,0,173,,50494,24,,,0,193,,50496,24,,,0,99,,51777,43,,,0,131,,51778,24,,,0,167,,50498,24,,,0,130,,50499,24,,,0
5301,'5385',803,,60047,24,,,0,115,,60045,24,,,0,199,,60046,24,,,0,130,,60050,24,,,0,173,,60049,24,,,0,193,,60051,24,,,0,99,,60048,43,,,0,131,,60052,24,,,0,167,,60053,24,,,0,130,,60054,24,,,0
