900,'4623',719,,66116,7,,,0,81,,66117,7,,,0
900,'5222',719,,66118,7,,,0,81,,66119,7,,,0
2100,'4532',855,,68577,34,0,18 19,0,387,,68568,34,0,18 19,0,199,,68569,34,0,18 19,0,202,,68583,34,0,18 19,0,199,,68578,34,0,18 19,0
2100,'4623',635,,68523,6,0,18 19,0,500,,68515,34,0,18 19,0,513,,68525,34,0,18 19,0
2100,'4832',915,,68634,34,0,18 19,0,322,,68632,34,0,18 19,0,203,,68638,34,0,18 19,0,200,,68644,34,0,18 19,0,197,,68650,34,0,18 19,0
2100,'4833',855,,68550,34,0,18 19,0,387,,68541,34,0,18 19,0,199,,68542,34,0,18 19,0,202,,68556,34,0,18 19,0,199,,68551,34,0,18 19,0
2100,'5222',635,,68613,6,0,18 19,0,500,,68605,34,0,18 19,0,513,,68615,34,0,18 19,0
2100,'5390',915,,68659,34,0,18 19,0,322,,68657,34,0,18 19,0,203,,68663,34,0,18 19,0,200,,68669,34,0,18 19,0,197,,68675,34,0,18 19,0
2101,'4623',711,,68686,4,,,0,17,,68683,4,,,0,18,,68688,4,,,0,61,,68681,4,,,0,20,,68694,4,,,0,31,,68700,4,,,0,69,,68691,4,,,0,30,,68682,4,,,0,69,,68687,4,,,0,29,,68695,4,,,0,70,,68698,4,,,0,30,,68690,4,,,0,69,,68699,4,,,0,30,,68689,4,,,0,71,,68696,4,,,0,30,,68697,4,,,0,72,,68693,4,,,0,20,,68701,4,,,0,57,,68703,4,,,0,41,,68705,4,,,0,58,,68702,4,,,0,22,,68707,4,,,0,21,,68709,4,,,0,83,,68704,4,,,0,20,,68710,4,,,0,61,,68713,4,,,0
2101,'5222',711,,68796,4,,,0,17,,68793,4,,,0,18,,68798,4,,,0,61,,68791,4,,,0,20,,68804,4,,,0,31,,68810,4,,,0,69,,68801,4,,,0,30,,68792,4,,,0,69,,68797,4,,,0,29,,68805,4,,,0,70,,68808,4,,,0,30,,68800,4,,,0,69,,68809,4,,,0,30,,68799,4,,,0,71,,68806,4,,,0,30,,68807,4,,,0,72,,68803,4,,,0,20,,68811,4,,,0,57,,68813,4,,,0,41,,68815,4,,,0,58,,68812,4,,,0,22,,68817,4,,,0,21,,68819,4,,,0,83,,68814,4,,,0,20,,68820,4,,,0,61,,68823,4,,,0
3801,'4623',638,,72340,7,,,0,69,,72344,7,,,0,25,,72342,7,,,0,70,,72343,7,,,0,30,,72341,7,,,0,85,,72348,7,,,0,94,,72345,7,,,0,97,,72346,7,,,0,100,,72347,7,,,0,103,,72349,7,,,0,100,,72350,7,,,0,100,,72356,7,,,0,47,,72353,7,,,0,72,,72359,7,,,0,70,,72351,7,,,0,30,,72352,7,,,0,70,,72357,7,,,0,30,,72354,7,,,0,77,,72360,7,,,0,100,,72355,7,,,0,105,,72358,7,,,0
3801,'5222',638,,72361,7,,,0,69,,72365,7,,,0,25,,72363,7,,,0,70,,72364,7,,,0,30,,72362,7,,,0,85,,72369,7,,,0,94,,72366,7,,,0,97,,72367,7,,,0,100,,72368,7,,,0,103,,72370,7,,,0,100,,72371,7,,,0,100,,72377,7,,,0,47,,72374,7,,,0,72,,72380,7,,,0,70,,72372,7,,,0,30,,72373,7,,,0,70,,72378,7,,,0,30,,72375,7,,,0,77,,72381,7,,,0,100,,72376,7,,,0,105,,72379,7,,,0
3901,'4623',632,,72506,31,,,0,77,,72497,31,,,0,32,,72508,31,,,0,67,,72494,31,,,0,30,,72492,31,,,0,76,,72488,31,,,0,28,,72503,31,,,0,69,,72493,31,,,0,30,,72486,31,,,0,70,,72504,31,,,0,30,,72495,31,,,0,70,,72490,31,,,0,31,,72505,31,,,0,70,,72496,31,,,0,30,,72491,31,,,0,71,,72502,31,,,0,31,,72498,31,,,0,73,,72487,31,,,0,34,,72507,31,,,0,73,,72499,31,,,0,32,,72489,31,,,0,70,,72509,31,,,0,33,,72500,31,,,0,80,,72512,31,,,0,77,,72501,31,,,0,43,,72510,31,,,0,147,,72513,31,,,0
3901,'5222',632,,72560,31,,,0,77,,72551,31,,,0,32,,72562,31,,,0,67,,72548,31,,,0,30,,72546,31,,,0,76,,72542,31,,,0,28,,72557,31,,,0,69,,72547,31,,,0,30,,72540,31,,,0,70,,72558,31,,,0,30,,72549,31,,,0,70,,72544,31,,,0,31,,72559,31,,,0,70,,72550,31,,,0,30,,72545,31,,,0,71,,72556,31,,,0,31,,72552,31,,,0,73,,72541,31,,,0,34,,72561,31,,,0,73,,72553,31,,,0,32,,72543,31,,,0,70,,72563,31,,,0,33,,72554,31,,,0,80,,72566,31,,,0,77,,72555,31,,,0,43,,72564,31,,,0,147,,72567,31,,,0
8300,'4532',1043,,76028,7,,,0,300,,76029,7,,,0,305,,76027,7,,,0,300,,76026,7,,,0
8300,'4623',657,,76015,7,,,0,244,,76016,7,,,0,140,,76017,7,,,0,207,,76018,7,,,0,198,,76019,7,,,0,212,,76020,7,,,0,248,,76021,7,,,0
8300,'4832',1043,,76039,7,,,0,300,,76040,7,,,0,305,,76038,7,,,0,300,,76037,7,,,0
8300,'4833',1043,,76024,7,,,0,300,,76025,7,,,0,305,,76023,7,,,0,300,,76022,7,,,0
8300,'5222',657,,76030,7,,,0,244,,76031,7,,,0,140,,76032,7,,,0,207,,76033,7,,,0,198,,76034,7,,,0,212,,76035,7,,,0,248,,76036,7,,,0
8300,'5390',1043,,76043,7,,,0,300,,76044,7,,,0,305,,76042,7,,,0,300,,76041,7,,,0
8301,'4532',1016,,76060,56,,,0,300,,76058,56,,,0,305,,76059,56,,,0,299,,76057,56,,,0
8301,'4623',739,,76045,56,,,0,93,,76046,56,,,0,208,,76047,56,,,0,181,,76048,56,,,0,195,,76049,56,,,0,213,,76050,56,,,0,210,,76051,56,,,0,199,,76052,56,,,0
8301,'4832',1014,,76071,56,,,0,300,,76072,56,,,0,305,,76070,56,,,0,299,,76069,56,,,0
8301,'4833',1016,,76056,56,,,0,300,,76054,56,,,0,305,,76055,56,,,0,299,,76053,56,,,0
8301,'5222',739,,76061,56,,,0,93,,76062,56,,,0,208,,76063,56,,,0,181,,76064,56,,,0,195,,76065,56,,,0,213,,76066,56,,,0,210,,76067,56,,,0,199,,76068,56,,,0
8301,'5390',1014,,76075,56,,,0,300,,76076,56,,,0,305,,76074,56,,,0,299,,76073,56,,,0
