3001,'4487',639,,24670,,,0,87,,24671,,,0,80,,24672,,,0,32,,24669,,,0,70,,24673,,,0,32,,24674,,,0,71,,24675,,,0,29,,24676,,,0,70,,24677,,,0,29,,24678,,,0,70,,24679,,,0,29,,24680,,,0,68,,24681,,,0,30,,24682,,,0,70,,24683,,,0,30,,24684,,,0,70,,24685,,,0,30,,24686,,,0,71,,24687,,,0,31,,24688,,,0,70,,24689,,,0,31,,24690,,,0,75,,24691,,,0,40,,24692,,,0,82,,24693,,,0,82,,24694,,,0,95,,24695,,,0,100,,24696,,,0,109,,24697,,,0,94,,24698,,,0
3001,'4743',639,,13180,,,0,87,,13181,,,0,80,,13182,,,0,32,,13179,,,0,70,,13183,,,0,32,,13184,,,0,71,,13185,,,0,29,,13186,,,0,70,,13187,,,0,29,,13188,,,0,70,,13189,,,0,29,,13190,,,0,68,,13191,,,0,30,,13192,,,0,70,,13193,,,0,30,,13194,,,0,70,,13195,,,0,30,,13196,,,0,71,,13197,,,0,31,,13198,,,0,70,,13199,,,0,31,,13200,,,0,75,,13201,,,0,40,,13202,,,0,82,,13203,,,0,82,,13204,,,0,95,,13205,,,0,100,,13206,,,0,109,,13207,,,0,94,,13208,,,0
3001,'4744',611,,24699,,,0,31,,24700,,,0,71,,24701,,,0,28,,24702,,,0,70,,24703,,,0,33,,24704,,,0,68,,24705,,,0,29,,24706,,,0,70,,24707,,,0,31,,24708,,,0,70,,24709,,,0,30,,24710,,,0,72,,24711,,,0,30,,24712,,,0,70,,24713,,,0,31,,24714,,,0,70,,24715,,,0,30,,24716,,,0,73,,24717,,,0,32,,24718,,,0,72,,24719,,,0,35,,24720,,,0,73,,24721,,,0,28,,24722,,,0,68,,24723,,,0,77,,24724,,,0,39,,24725,,,0,79,,24726,,,0,94,,24727,,,0,99,,24728,,,0,106,,24729,,,0,91,,24730,,,0
3001,'4745',740,,24731,,,0,102,,24732,,,0,80,,24733,,,0,79,,24734,,,0,38,,24735,,,0,70,,24736,,,0,30,,24737,,,0,70,,24738,,,0,29,,24739,,,0,70,,24740,,,0,30,,24741,,,0,70,,24742,,,0,30,,24743,,,0,69,,24744,,,0,31,,24745,,,0,70,,24746,,,0,31,,24747,,,0,70,,24748,,,0,32,,24749,,,0,76,,24750,,,0,41,,24751,,,0,80,,24752,,,0,81,,24753,,,0,95,,24754,,,0,100,,24755,,,0,106,,24756,,,0,106,,24757,,,0
3001,'4935',611,,6118,,,0,31,,6119,,,0,71,,6120,,,0,28,,6121,,,0,70,,6122,,,0,33,,6123,,,0,68,,6124,,,0,29,,6125,,,0,70,,6126,,,0,31,,13209,,,0,70,,6128,,,0,30,,6129,,,0,72,,13210,,,0,30,,6131,,,0,70,,6132,,,0,31,,13211,,,0,70,,6134,,,0,30,,6135,,,0,73,,13212,,,0,32,,6137,,,0,72,,6138,,,0,35,,13213,,,0,73,,6140,,,0,28,,6141,,,0,68,,13214,,,0,77,,6143,,,0,39,,6144,,,0,79,,6145,,,0,94,,6146,,,0,99,,6147,,,0,197,,13215,,,0
3001,'4937',2320,,6149,,,0
3001,'4941',611,,6151,,,0,31,,6152,,,0,71,,6153,,,0,28,,6154,,,0,70,,6155,,,0,33,,6156,,,0,68,,6157,,,0,29,,6158,,,0,70,,6159,,,0,31,,13216,,,0,70,,6161,,,0,30,,6162,,,0,72,,13217,,,0,30,,6164,,,0,70,,6165,,,0,31,,13218,,,0,70,,6167,,,0,30,,6168,,,0,73,,13219,,,0,32,,6170,,,0,72,,6171,,,0,35,,13220,,,0,73,,6173,,,0,28,,6174,,,0,68,,13221,,,0,77,,6176,,,0,39,,6177,,,0,79,,6178,,,0,94,,6179,,,0,99,,6180,,,0,106,,6181,,,0,91,,13222,,,0
3001,'4943',639,,6184,,,0,87,,6185,,,0,80,,6186,,,0,32,,6183,,,0,70,,6187,,,0,32,,6188,,,0,71,,6189,,,0,29,,6190,,,0,70,,6191,,,0,29,,6192,,,0,70,,6193,,,0,29,,6194,,,0,68,,6195,,,0,30,,6196,,,0,70,,6197,,,0,30,,6198,,,0,70,,13223,,,0,30,,6200,,,0,71,,6201,,,0,31,,6202,,,0,70,,6203,,,0,31,,6204,,,0,75,,13224,,,0,40,,6206,,,0,82,,13225,,,0,82,,6208,,,0,95,,6209,,,0,100,,13226,,,0,109,,6211,,,0,94,,6212,,,0
3001,'4945',740,,6213,,,0,102,,6214,,,0,80,,6215,,,0,79,,6216,,,0,38,,6217,,,0,70,,13227,,,0,30,,6219,,,0,70,,6220,,,0,29,,6221,,,0,70,,6222,,,0,30,,6223,,,0,70,,6224,,,0,30,,13228,,,0,69,,13229,,,0,31,,6227,,,0,70,,6228,,,0,31,,6229,,,0,70,,6230,,,0,32,,13230,,,0,76,,6232,,,0,41,,6233,,,0,80,,13231,,,0,81,,6235,,,0,95,,6236,,,0,100,,6237,,,0,106,,6238,,,0,106,,13232,,,0
3001,'4947',611,,24758,,,0,31,,24759,,,0,71,,24760,,,0,28,,24761,,,0,70,,24762,,,0,33,,24763,,,0,68,,24764,,,0,29,,24765,,,0,70,,24766,,,0,31,,24767,,,0,70,,24768,,,0,30,,24769,,,0,72,,24770,,,0,30,,24771,,,0,70,,24772,,,0,31,,24773,,,0,70,,24774,,,0,30,,24775,,,0,73,,24776,,,0,32,,24777,,,0,72,,24778,,,0,35,,24779,,,0,73,,24780,,,0,28,,24781,,,0,68,,24782,,,0,77,,24783,,,0,39,,24784,,,0,79,,24785,,,0,94,,24786,,,0,99,,24787,,,0,197,,24788,,,0
3001,'4949',2320,,24789,,,0
3001,'4950',2320,,24790,,,0
3001,'4952',611,,24791,,,0,31,,24792,,,0,71,,24793,,,0,28,,24794,,,0,70,,24795,,,0,33,,24796,,,0,68,,24797,,,0,29,,24798,,,0,70,,24799,,,0,31,,24800,,,0,70,,24801,,,0,30,,24802,,,0,72,,24803,,,0,30,,24804,,,0,70,,24805,,,0,31,,24806,,,0,70,,24807,,,0,30,,24808,,,0,73,,24809,,,0,32,,24810,,,0,72,,24811,,,0,35,,24812,,,0,73,,24813,,,0,28,,24814,,,0,68,,24815,,,0,77,,24816,,,0,39,,24817,,,0,79,,24818,,,0,94,,24819,,,0,99,,24820,,,0,106,,24821,,,0,91,,24822,,,0
3001,'4953',639,,24824,,,0,87,,24825,,,0,80,,24826,,,0,32,,24823,,,0,70,,24827,,,0,32,,24828,,,0,71,,24829,,,0,29,,24830,,,0,70,,24831,,,0,29,,24832,,,0,70,,24833,,,0,29,,24834,,,0,68,,24835,,,0,30,,24836,,,0,70,,24837,,,0,30,,24838,,,0,70,,24839,,,0,30,,24840,,,0,71,,24841,,,0,31,,24842,,,0,70,,24843,,,0,31,,24844,,,0,75,,24845,,,0,40,,24846,,,0,82,,24847,,,0,82,,24848,,,0,95,,24849,,,0,100,,24850,,,0,109,,24851,,,0,94,,24852,,,0
3001,'4954',740,,24853,,,0,102,,24854,,,0,80,,24855,,,0,79,,24856,,,0,38,,24857,,,0,70,,24858,,,0,30,,24859,,,0,70,,24860,,,0,29,,24861,,,0,70,,24862,,,0,30,,24863,,,0,70,,24864,,,0,30,,24865,,,0,69,,24866,,,0,31,,24867,,,0,70,,24868,,,0,31,,24869,,,0,70,,24870,,,0,32,,24871,,,0,76,,24872,,,0,41,,24873,,,0,80,,24874,,,0,81,,24875,,,0,95,,24876,,,0,100,,24877,,,0,106,,24878,,,0,106,,24879,,,0
