401,'4858',549,,797,,,0,57,,808,,,0,19,,818,,,0,15,,782,,,0,14,,799,,,0,53,,789,,,0,15,,800,,,0,15,,783,,,0,13,,786,,,0,53,,798,,,0,12,,835,,,0,14,,802,,,0,13,,836,,,0,14,,809,,,0,55,,817,,,0,14,,796,,,0,13,,837,,,0,13,,801,,,0,53,,820,,,0,13,,769,,,0,13,,829,,,0,14,,804,,,0,12,,795,,,0,52,,812,,,0,13,,810,,,0,13,,774,,,0,14,,832,,,0,53,,825,,,0,15,,806,,,0,14,,766,,,0,14,,821,,,0,14,,830,,,0,54,,803,,,0,11,,805,,,0,13,,839,,,0,13,,807,,,0,53,,813,,,0,14,,793,,,0,14,,791,,,0,9,,833,,,0,9,,823,,,0,55,,790,,,0,16,,787,,,0,8,,827,,,0,10,,792,,,0,16,,831,,,0,48,,834,,,0,11,,838,,,0,19,,811,,,0,16,,816,,,0,57,,788,,,0,14,,822,,,0,15,,819,,,0,17,,794,,,0,55,,824,,,0,16,,828,,,0,16,,826,,,0,15,,815,,,0,56,,814,,,0,16,,773,,,0,15,,767,,,0,16,,772,,,0,58,,775,,,0,17,,778,,,0,16,,779,,,0,56,,771,,,0,19,,770,,,0,20,,776,,,0,60,,781,,,0,24,,768,,,0,25,,777,,,0,69,,780,,,0,31,,784,,,0,72,,785,,,0
401,'4867',549,,875,,,0,57,,886,,,0,19,,896,,,0,15,,856,,,0,14,,877,,,0,53,,867,,,0,15,,878,,,0,15,,858,,,0,13,,862,,,0,53,,876,,,0,12,,913,,,0,14,,880,,,0,13,,914,,,0,14,,887,,,0,55,,895,,,0,14,,874,,,0,13,,915,,,0,13,,879,,,0,53,,898,,,0,13,,843,,,0,13,,907,,,0,14,,882,,,0,12,,873,,,0,52,,890,,,0,13,,888,,,0,13,,848,,,0,14,,910,,,0,53,,903,,,0,15,,884,,,0,14,,840,,,0,14,,899,,,0,14,,908,,,0,54,,881,,,0,11,,883,,,0,13,,917,,,0,13,,885,,,0,53,,891,,,0,14,,871,,,0,14,,869,,,0,9,,911,,,0,9,,901,,,0,55,,868,,,0,16,,865,,,0,8,,905,,,0,10,,870,,,0,16,,909,,,0,48,,912,,,0,11,,916,,,0,19,,889,,,0,16,,894,,,0,57,,866,,,0,14,,900,,,0,15,,897,,,0,17,,872,,,0,55,,902,,,0,16,,906,,,0,16,,904,,,0,15,,893,,,0,56,,892,,,0,16,,847,,,0,15,,841,,,0,16,,846,,,0,58,,849,,,0,17,,852,,,0,16,,853,,,0,56,,845,,,0,19,,844,,,0,20,,850,,,0,60,,855,,,0,24,,842,,,0,25,,851,,,0,69,,854,,,0,31,,859,,,0,72,,860,,,0,30,,861,,,0,71,,863,,,0,30,,857,,,0,70,,864,,,0
401,'4868',657,,952,,,0,60,,961,,,0,20,,934,,,0,18,,944,,,0,56,,954,,,0,16,,924,,,0,16,,942,,,0,16,,943,,,0,55,,957,,,0,15,,918,,,0,15,,930,,,0,15,,932,,,0,55,,981,,,0,15,,946,,,0,15,,959,,,0,15,,919,,,0,54,,928,,,0,15,,940,,,0,15,,951,,,0,15,,956,,,0,55,,920,,,0,16,,929,,,0,15,,935,,,0,15,,953,,,0,56,,960,,,0,16,,933,,,0,15,,925,,,0,56,,936,,,0,16,,949,,,0,16,,955,,,0,16,,921,,,0,56,,927,,,0,15,,922,,,0,16,,945,,,0,16,,958,,,0,57,,938,,,0,17,,926,,,0,16,,923,,,0,16,,948,,,0,55,,950,,,0,17,,931,,,0,18,,937,,,0,59,,939,,,0,18,,947,,,0,19,,941,,,0,58,,963,,,0,18,,962,,,0,18,,964,,,0,18,,968,,,0,58,,969,,,0,18,,971,,,0,18,,972,,,0,58,,970,,,0,18,,974,,,0,25,,978,,,0,64,,973,,,0,30,,976,,,0,72,,975,,,0,31,,979,,,0,72,,977,,,0,30,,980,,,0,70,,967,,,0,31,,966,,,0,70,,965,,,0
401,'4869',720,,982,,,0,30,,983,,,0,71,,984,,,0,29,,985,,,0,67,,986,,,0,30,,987,,,0,59,,988,,,0,19,,989,,,0,20,,990,,,0,59,,991,,,0,20,,992,,,0,20,,993,,,0,59,,994,,,0,20,,995,,,0,19,,996,,,0,60,,997,,,0,20,,998,,,0,17,,1026,,,0,18,,999,,,0,56,,1000,,,0,16,,1001,,,0,16,,1002,,,0,57,,1028,,,0,17,,1003,,,0,16,,1004,,,0,16,,1005,,,0,57,,1006,,,0,16,,1027,,,0,16,,1007,,,0,17,,1008,,,0,57,,1009,,,0,19,,1010,,,0,19,,1011,,,0,58,,1012,,,0,18,,1013,,,0,19,,1014,,,0,58,,1015,,,0,19,,1029,,,0,18,,1016,,,0,60,,1017,,,0,20,,1018,,,0,24,,1019,,,0,72,,1020,,,0,32,,1021,,,0,69,,1022,,,0,32,,1023,,,0,70,,1024,,,0,30,,1025,0,23,0
700,'4858',558,,1632,,,0,66,,1644,,,0,17,,1633,,,0,14,,1643,,,0,54,,1641,,,0,14,,1652,,,0,16,,1642,,,0,15,,1653,,,0,59,,1638,,,0,18,,1664,,,0,19,,1639,,,0,61,,1640,,,0,21,,1634,,,0,20,,1656,,,0,60,,1635,,,0,20,,1645,,,0,20,,1657,,,0,60,,1637,,,0,20,,1636,,,0,20,,1646,,,0,60,,1648,,,0,20,,1649,,,0,20,,1655,,,0,56,,1674,,,0,19,,1658,,,0,16,,1647,,,0,15,,1650,,,0,57,,1676,,,0,17,,1654,,,0,17,,1651,,,0,53,,1677,,,0,24,,1665,,,0,20,,1673,,,0,58,,1663,,,0,18,,1661,,,0,19,,1659,,,0,59,,1675,,,0,19,,1662,,,0,17,,1666,,,0,75,,1660,,,0,31,,1670,,,0,70,,1667,,,0,33,,1668,,,0,69,,1669,,,0,30,,1671,,,0,71,,1672,,,0
700,'4860',1508,,1679,,,0,246,,1678,,,0
700,'4865',1508,,1681,,,0,246,,1680,,,0
700,'4867',558,,1682,,,0,66,,1694,,,0,17,,1683,,,0,14,,1693,,,0,54,,1691,,,0,14,,1702,,,0,16,,1692,,,0,15,,1703,,,0,59,,1688,,,0,18,,1716,,,0,19,,1689,,,0,61,,1690,,,0,21,,1684,,,0,20,,1706,,,0,60,,1685,,,0,20,,1695,,,0,20,,1707,,,0,60,,1687,,,0,20,,1686,,,0,20,,1696,,,0,60,,1698,,,0,20,,1699,,,0,20,,1705,,,0,56,,1726,,,0,19,,1708,,,0,16,,1697,,,0,15,,1700,,,0,57,,1728,,,0,17,,1704,,,0,17,,1701,,,0,53,,1729,,,0,6,,1714,,,0,18,,1717,,,0,20,,1725,,,0,58,,1715,,,0,18,,1711,,,0,19,,1709,,,0,59,,1727,,,0,19,,1712,,,0,17,,1718,,,0,18,,1713,,,0,57,,1710,,,0,31,,1722,,,0,70,,1719,,,0,33,,1720,,,0,69,,1721,,,0,30,,1723,,,0,71,,1724,,,0
700,'4868',645,,1751,,,0,84,,1758,,,0,80,,1741,,,0,29,,1752,,,0,79,,1733,,,0,29,,1753,,,0,70,,1736,,,0,31,,1744,,,0,70,,1730,,,0,31,,1731,,,0,70,,1754,,,0,30,,1737,,,0,70,,1745,,,0,28,,1732,,,0,72,,1734,,,0,30,,1755,,,0,70,,1738,,,0,31,,1746,,,0,70,,1735,,,0,30,,1740,,,0,71,,1756,,,0,30,,1739,,,0,68,,1748,,,0,29,,1743,,,0,68,,1742,,,0,31,,1757,,,0,70,,1747,,,0,28,,1749,,,0,70,,1750,,,0
700,'4869',710,,1775,,,0,35,,1777,,,0,84,,1763,,,0,77,,1776,,,0,41,,1778,,,0,70,,1759,,,0,30,,1764,,,0,70,,1766,,,0,29,,1761,,,0,71,,1765,,,0,30,,1762,,,0,70,,1760,,,0,30,,1767,,,0,70,,1768,,,0,30,,1769,,,0,70,,1770,,,0,30,,1772,,,0,70,,1771,,,0,30,,1774,,,0,70,,1773,,,0,30,,1779,,,0,69,,1782,,,0,30,,1781,,,0,70,,1780,,,0,30,,1784,,,0,71,,1783,,,0
901,'4858',1455,,2105,0,24,0,55,,2108,0,24,0,34,,2104,0,24,0,76,,2109,0,24,0,21,,2106,,,0,15,,2107,0,24,0,54,,2110,0,24,0,15,,2103,,,0
901,'4867',1455,,2113,0,24,0,55,,2116,0,24,0,34,,2112,0,24,0,76,,2117,0,24,0,21,,2114,,,0,15,,2115,0,24,0,54,,2118,0,24,0,15,,2111,,,0
1401,'4858',540,,3045,,,0,64,,3051,,,0,21,,3063,,,0,15,,3046,,,0,13,,3070,,,0,52,,3052,,,0,12,,3088,,,0,11,,3061,,,0,14,,3047,,,0,13,,3071,,,0,54,,3053,,,0,14,,3105,,,0,14,,3106,,,0,14,,3062,,,0,54,,3054,,,0,13,,3072,,,0,13,,3048,,,0,13,,3086,,,0,13,,3056,,,0,53,,3049,,,0,13,,3050,,,0,13,,3101,,,0,14,,3102,,,0,53,,3059,,,0,14,,3057,,,0,13,,3069,,,0,13,,3058,,,0,13,,3087,,,0,53,,3055,,,0,13,,3060,,,0,13,,3104,,,0,13,,3103,,,0,52,,3066,,,0,13,,3121,,,0,12,,3068,,,0,11,,3129,,,0,19,,3134,,,0,4,,3067,,,0,50,,3122,,,0,4,,3085,,,0,6,,3123,0,5,0,5,,3065,,,0,6,,3130,0,5,0,6,,3131,,,0,10,,3064,,,0,5,,3124,,,0,6,,3126,0,5,0,48,,3079,,,0,10,,3127,0,5,0,8,,3091,,,0,7,,3090,0,5,0,8,,3078,,,0,8,,3128,0,5,0,10,,3115,,,0,45,,3077,0,5,0,6,,3133,0,5,0,6,,3080,,,0,5,,3132,0,5,0,5,,3076,0,5,0,6,,3081,,,0,8,,3073,0,5,0,8,,3082,,,0,8,,3075,0,5,0,48,,3083,,,0,9,,3074,0,5,0,7,,3084,,,0,9,,3125,0,5,0,8,,3093,,,0,7,,3107,0,5,0,7,,3092,,,0,8,,3089,0,5,0,46,,3098,,,0,15,,3099,,,0,15,,3120,,,0,15,,3100,,,0,55,,3094,,,0,15,,3096,,,0,15,,3097,,,0,15,,3095,,,0,57,,3108,,,0,20,,3114,,,0,20,,3113,,,0,59,,3109,,,0,20,,3112,,,0,20,,3111,,,0,63,,3110,,,0,32,,3117,,,0,73,,3119,,,0,30,,3118,,,0,70,,3116,,,0
1401,'4860',1347,,3135,,,0
1401,'4865',1347,,3136,,,0
1401,'4867',540,,3137,,,0,64,,3143,,,0,21,,3155,,,0,15,,3138,,,0,13,,3163,,,0,52,,3144,,,0,12,,3181,,,0,11,,3153,,,0,14,,3139,,,0,13,,3164,,,0,54,,3145,,,0,14,,3198,,,0,14,,3199,,,0,14,,3154,,,0,54,,3146,,,0,13,,3165,,,0,13,,3140,,,0,13,,3179,,,0,13,,3148,,,0,53,,3141,,,0,13,,3142,,,0,13,,3194,,,0,14,,3195,,,0,53,,3151,,,0,14,,3149,,,0,13,,3162,,,0,13,,3150,,,0,13,,3180,,,0,53,,3147,,,0,13,,3152,,,0,13,,3197,,,0,13,,3196,,,0,52,,3158,,,0,13,,3214,,,0,12,,3161,,,0,11,,3224,,,0,11,,3159,,,0,12,,3160,,,0,50,,3215,,,0,4,,3178,,,0,6,,3216,0,5,0,5,,3157,,,0,6,,3225,0,5,0,6,,3226,,,0,10,,3156,,,0,5,,3217,,,0,6,,3219,0,5,0,48,,3172,,,0,10,,3220,0,5,0,8,,3184,,,0,7,,3183,0,5,0,8,,3171,,,0,8,,3221,0,5,0,10,,3208,,,0,45,,3170,0,5,0,6,,3228,0,5,0,6,,3173,,,0,5,,3227,0,5,0,5,,3169,0,5,0,6,,3174,,,0,8,,3166,0,5,0,8,,3175,,,0,8,,3168,0,5,0,48,,3176,,,0,9,,3167,0,5,0,7,,3177,,,0,9,,3218,0,5,0,8,,3186,,,0,7,,3200,0,5,0,7,,3185,,,0,8,,3182,0,5,0,46,,3191,,,0,15,,3192,,,0,15,,3213,,,0,15,,3193,,,0,55,,3187,,,0,15,,3189,,,0,15,,3190,,,0,15,,3188,,,0,57,,3201,,,0,20,,3207,,,0,20,,3206,,,0,59,,3202,,,0,20,,3205,,,0,20,,3204,,,0,63,,3203,,,0,32,,3210,,,0,73,,3212,,,0,30,,3211,,,0,70,,3209,,,0,30,,3222,,,0,70,,3223,,,0
1401,'4868',554,,3271,,,0,70,,3270,,,0,26,,3236,,,0,61,,3239,,,0,17,,3272,,,0,15,,3273,,,0,14,,3238,,,0,54,,3232,,,0,15,,3274,,,0,15,,3231,,,0,15,,3240,,,0,54,,3237,,,0,15,,3276,,,0,14,,3275,,,0,14,,3241,,,0,54,,3230,,,0,14,,3280,,,0,15,,3229,,,0,15,,3247,,,0,55,,3248,,,0,15,,3281,,,0,14,,3233,,,0,15,,3278,,,0,55,,3243,,,0,15,,3244,,,0,14,,3279,,,0,15,,3242,,,0,54,,3245,,,0,15,,3246,,,0,15,,3277,,,0,15,,3249,,,0,55,,3257,,,0,15,,3235,,,0,15,,3234,,,0,15,,3255,,,0,55,,3263,,,0,15,,3259,,,0,15,,3260,,,0,15,,3262,,,0,55,,3256,,,0,16,,3251,,,0,15,,3261,,,0,15,,3258,,,0,55,,3264,,,0,15,,3252,,,0,15,,3265,,,0,16,,3254,,,0,55,,3253,,,0,15,,3269,,,0,16,,3266,,,0,15,,3267,,,0,55,,3250,,,0,19,,3268,,,0,20,,3285,,,0,60,,3283,,,0,20,,3282,,,0,20,,3284,,,0,60,,3286,,,0,20,,3290,,,0,20,,3289,,,0,60,,3288,,,0,28,,3287,,,0,72,,3291,,,0,32,,3292,,,0,71,,3293,,,0,30,,3294,,,0,70,,3295,,,0
1401,'4869',625,,3352,,,0,24,,3339,,,0,66,,3338,,,0,17,,3322,,,0,15,,3356,,,0,54,,3329,,,0,14,,3354,,,0,15,,3345,,,0,15,,3355,,,0,14,,3313,,,0,55,,3344,,,0,15,,3310,,,0,15,,3314,,,0,15,,3323,,,0,55,,3347,,,0,15,,3301,,,0,15,,3331,,,0,15,,3302,,,0,55,,3332,,,0,14,,3303,,,0,15,,3315,,,0,16,,3324,,,0,55,,3348,,,0,15,,3298,,,0,15,,3333,,,0,56,,3300,,,0,15,,3330,,,0,15,,3299,,,0,15,,3316,,,0,55,,3296,,,0,15,,3325,,,0,15,,3346,,,0,15,,3306,,,0,55,,3334,,,0,15,,3305,,,0,15,,3336,,,0,15,,3304,,,0,55,,3317,,,0,15,,3297,,,0,15,,3326,,,0,15,,3349,,,0,55,,3307,,,0,15,,3335,,,0,15,,3308,,,0,16,,3337,,,0,55,,3312,,,0,15,,3321,,,0,15,,3311,,,0,17,,3328,,,0,58,,3351,,,0,20,,3341,,,0,18,,3343,,,0,60,,3309,,,0,20,,3320,,,0,20,,3327,,,0,61,,3353,,,0,31,,3342,,,0,70,,3319,,,0,31,,3318,,,0,72,,3350,,,0,30,,3340,,,0
14000700,'4858',2143,,10582,,,0,70,,10583,,,0,32,,10584,,,0,70,,10585,,,0,31,,10586,,,0,70,,10587,,,0
14000700,'4867',2143,,10588,,,0,70,,10589,,,0,32,,10590,,,0,70,,10591,,,0,31,,10592,,,0,70,,10593,,,0
14000700,'4868',2142,,10594,,,0,74,,10595,,,0,30,,10596,,,0,70,,10597,,,0,30,,10598,,,0,72,,10599,,,0
14000700,'4869',2045,,10600,,,0,71,,10601,,,0,30,,10602,,,0,100,,10603,,,0,100,,10604,,,0
