601,'4332',555,,38234,4,,,0,62,,38235,4,,,0,20,,38232,4,,,0,77,,38236,4,,,0,16,,38237,4,,,0,19,,38238,4,,,0,73,,38239,4,,,0,14,,38240,4,,,0,15,,38241,4,,,0,68,,38242,4,,,0,13,,38243,4,,,0,13,,38233,4,,,0,62,,38244,4,,,0,12,,38245,4,,,0,12,,38246,4,,,0,24,,38248,4,,,0,51,,38249,4,,,0,12,,38247,4,,,0,24,,38250,4,,,0,11,,38251,4,,,0,52,,38252,4,,,0,23,,38259,4,,,0,12,,38253,4,,,0,12,,38254,4,,,0,64,,38255,4,,,0,10,,38256,4,,,0,11,,38257,4,,,0,20,,38260,4,,,0,50,,38261,4,,,0,11,,38262,4,,,0,21,,38258,4,,,0,11,,38263,4,,,0,50,,38268,4,,,0,21,,38264,4,,,0,10,,38265,4,,,0,10,,38266,4,,,0,61,,38267,4,,,0,10,,38269,4,,,0,10,,38270,4,,,0,11,,38271,4,,,0,24,,38272,4,,,0,53,,38273,4,,,0,12,,38274,4,,,0,13,,38275,4,,,0,65,,38276,4,,,0,12,,38277,4,,,0,13,,38278,4,,,0,15,,38279,4,,,0,70,,38280,4,,,0,15,,38281,4,,,0,15,,38282,4,,,0,77,,38283,4,,,0,18,,38284,4,,,0,76,,38285,4,,,0,18,,38286,4,,,0,82,,38287,4,,,0,25,,38288,4,,,0,96,,38289,4,,,0,27,,38290,4,,,0,71,,38291,4,,,0,71,,38292,4,,,0,30,,38293,4,,,0,71,,38294,4,,,0,29,,38295,4,,,0
601,'4661',535,,38173,4,,,0,15,,38167,4,,,0,67,,38161,4,,,0,24,,38172,4,,,0,15,,38138,4,,,0,55,,38157,4,,,0,6,,38130,4,,,0,15,,38160,4,,,0,15,,38148,4,,,0,12,,38139,4,,,0,58,,38168,4,,,0,19,,38156,4,,,0,17,,38162,4,,,0,57,,38127,4,,,0,20,,38141,4,,,0,22,,38133,4,,,0,63,,38163,4,,,0,23,,38150,4,,,0,63,,38169,4,,,0,24,,38158,4,,,0,88,,38142,4,,,0,25,,38132,4,,,0,65,,38164,4,,,0,23,,38149,4,,,0,21,,38143,4,,,0,59,,38131,4,,,0,19,,38159,4,,,0,20,,38174,4,,,0,58,,38124,4,,,0,15,,38144,4,,,0,11,,38171,4,,,0,20,,38125,4,,,0,59,,38165,4,,,0,19,,38152,4,,,0,22,,38146,4,,,0,62,,38134,4,,,0,27,,38166,4,,,0,65,,38153,4,,,0,12,,38170,4,,,0,25,,38137,4,,,0,70,,38128,4,,,0,33,,38145,4,,,0,77,,38129,4,,,0,18,,38151,4,,,0,76,,38136,4,,,0,22,,38135,4,,,0,90,,38140,4,,,0,101,,38154,4,,,0,73,,38147,4,,,0,31,,38155,4,,,0
601,'4663',535,,38229,4,,,0,15,,38223,4,,,0,67,,38217,4,,,0,24,,38228,4,,,0,15,,38190,4,,,0,55,,38211,4,,,0,6,,38182,4,,,0,15,,38216,4,,,0,15,,38200,4,,,0,12,,38191,4,,,0,58,,38224,4,,,0,19,,38210,4,,,0,17,,38218,4,,,0,57,,38179,4,,,0,20,,38193,4,,,0,22,,38185,4,,,0,63,,38219,4,,,0,23,,38202,4,,,0,63,,38225,4,,,0,24,,38212,4,,,0,24,,51616,4,,,0,64,,38194,4,,,0,25,,38184,4,,,0,65,,38220,4,,,0,23,,38201,4,,,0,21,,38195,4,,,0,59,,38183,4,,,0,19,,38213,4,,,0,20,,38230,4,,,0,58,,38176,4,,,0,15,,38196,4,,,0,11,,38227,4,,,0,20,,38177,4,,,0,59,,38221,4,,,0,19,,38204,4,,,0,22,,38198,4,,,0,62,,38186,4,,,0,27,,38222,4,,,0,65,,38205,4,,,0,12,,38226,4,,,0,25,,38189,4,,,0,70,,38180,4,,,0,33,,38197,4,,,0,77,,38181,4,,,0,18,,38203,4,,,0,76,,38188,4,,,0,22,,38187,4,,,0,90,,38192,4,,,0,101,,38206,4,,,0,73,,38199,4,,,0,31,,38208,4,,,0,70,,38207,4,,,0,31,,38209,4,,,0,71,,38214,4,,,0,30,,38215,4,,,0
601,'5078',635,,38333,4,,,0,95,,38307,4,,,0,84,,38316,4,,,0,19,,38306,4,,,0,79,,38332,4,,,0,17,,38321,4,,,0,15,,38343,4,,,0,70,,38296,4,,,0,16,,38335,4,,,0,15,,38323,4,,,0,70,,38305,4,,,0,15,,38298,4,,,0,12,,38297,4,,,0,64,,38325,4,,,0,12,,38300,4,,,0,12,,38301,4,,,0,12,,38315,4,,,0,64,,38299,4,,,0,12,,38340,4,,,0,12,,38324,4,,,0,12,,38304,4,,,0,64,,38314,4,,,0,12,,38303,4,,,0,12,,38302,4,,,0,12,,38338,4,,,0,64,,38310,4,,,0,13,,38311,4,,,0,12,,38313,4,,,0,12,,38312,4,,,0,65,,38339,4,,,0,12,,38318,4,,,0,12,,38308,4,,,0,12,,38309,4,,,0,64,,38344,4,,,0,12,,38320,4,,,0,13,,38336,4,,,0,16,,38317,4,,,0,70,,38322,4,,,0,19,,38319,4,,,0,18,,38330,4,,,0,76,,38327,4,,,0,18,,38326,4,,,0,74,,38328,4,,,0,17,,38329,4,,,0,75,,38334,4,,,0,20,,38337,4,,,0,97,,38331,4,,,0,71,,38342,4,,,0,42,,38341,4,,,0
601,'5079',635,,38382,4,,,0,95,,38356,4,,,0,84,,38365,4,,,0,19,,38355,4,,,0,79,,38381,4,,,0,17,,38370,4,,,0,15,,38392,4,,,0,70,,38345,4,,,0,16,,38384,4,,,0,15,,38372,4,,,0,70,,38354,4,,,0,15,,38347,4,,,0,12,,38346,4,,,0,64,,38374,4,,,0,12,,38349,4,,,0,12,,38350,4,,,0,12,,38364,4,,,0,64,,38348,4,,,0,12,,38389,4,,,0,12,,38373,4,,,0,12,,38353,4,,,0,64,,38363,4,,,0,12,,38352,4,,,0,12,,38351,4,,,0,12,,38387,4,,,0,64,,38359,4,,,0,13,,38360,4,,,0,12,,38362,4,,,0,12,,38361,4,,,0,65,,38388,4,,,0,12,,38367,4,,,0,12,,38357,4,,,0,12,,38358,4,,,0,64,,38393,4,,,0,12,,38369,4,,,0,13,,38385,4,,,0,16,,38366,4,,,0,70,,38371,4,,,0,19,,38368,4,,,0,18,,38379,4,,,0,76,,38376,4,,,0,18,,38375,4,,,0,74,,38377,4,,,0,17,,38378,4,,,0,75,,38383,4,,,0,20,,38386,4,,,0,97,,38380,4,,,0,71,,38391,4,,,0,42,,38390,4,,,0
601,'5214',1149,,38175,4,,,0
601,'5217',1149,,51617,4,,,0
3101,'4332',656,,43905,4,,,0,86,,43906,4,,,0,76,,43907,4,,,0,31,,43908,4,,,0,71,,43909,4,,,0,31,,43910,4,,,0,69,,43911,4,,,0,30,,43912,4,,,0,69,,43913,4,,,0,30,,43914,4,,,0,69,,43915,4,,,0,28,,43916,4,,,0,70,,43917,4,,,0,30,,43918,4,,,0,70,,43919,4,,,0,30,,43920,4,,,0,70,,43921,4,,,0,32,,43922,4,,,0,70,,43923,4,,,0,30,,43924,4,,,0,71,,43925,4,,,0,30,,43926,4,,,0,80,,43927,4,,,0,83,,43928,4,,,0,40,,43929,4,,,0,87,,43930,4,,,0,100,,43931,4,,,0,101,,43932,4,,,0,111,,43933,4,,,0,98,,43934,4,0,27,0
3101,'4661',547,,43840,4,,,0,76,,43841,4,,,0,32,,43842,4,,,0,67,,43843,4,,,0,29,,43839,4,,,0,69,,43844,4,,,0,31,,43845,4,,,0,70,,43846,4,,,0,30,,43847,4,,,0,70,,43848,4,,,0,29,,43849,4,,,0,72,,43850,4,,,0,31,,43851,4,,,0,71,,43852,4,,,0,101,,43854,4,,,0,31,,43855,4,,,0,98,,43857,4,,,0,104,,43859,4,,,0,75,,43860,4,,,0,105,,43862,4,,,0,70,,43863,4,,,0,30,,43864,4,,,0,82,,43865,4,,,0,34,,43866,4,,,0,87,,43867,4,,,0,100,,43868,4,,,0,100,,43869,4,,,0,102,,43870,4,,,0,107,,43871,4,0,27,0
3101,'4663',547,,43873,4,,,0,76,,43874,4,,,0,32,,43875,4,,,0,67,,43876,4,,,0,29,,43872,4,,,0,69,,43877,4,,,0,31,,43878,4,,,0,70,,43879,4,,,0,30,,43880,4,,,0,70,,43881,4,,,0,29,,43882,4,,,0,72,,43883,4,,,0,31,,43884,4,,,0,71,,43885,4,,,0,30,,51700,4,,,0,71,,43887,4,,,0,31,,43888,4,,,0,68,,51701,4,,,0,30,,43890,4,,,0,73,,51702,4,,,0,31,,43892,4,,,0,75,,43893,4,,,0,74,,51703,4,,,0,31,,43895,4,,,0,70,,43896,4,,,0,30,,43897,4,,,0,82,,43898,4,,,0,34,,43899,4,,,0,87,,43900,4,,,0,100,,43901,4,,,0,100,,43902,4,,,0,102,,43903,4,,,0,107,,43904,4,0,27,0
3101,'5078',706,,43936,4,,,0,101,,43937,4,,,0,51,,43938,4,,,0,79,,43939,4,,,0,78,,43935,4,,,0,35,,43940,4,,,0,70,,43941,4,,,0,30,,43942,4,,,0,68,,43943,4,,,0,30,,43944,4,,,0,70,,43945,4,,,0,29,,43946,4,,,0,70,,43947,4,,,0,30,,43948,4,,,0,70,,43949,4,,,0,31,,43950,4,,,0,70,,43951,4,,,0,31,,43952,4,,,0,71,,43953,4,,,0,33,,43954,4,,,0,80,,43955,4,,,0,81,,43956,4,,,0,41,,43957,4,,,0,88,,43958,4,,,0,98,,43959,4,,,0,101,,43960,4,,,0,106,,43961,4,,,0
3101,'5079',706,,43963,4,,,0,101,,43964,4,,,0,51,,43965,4,,,0,79,,43966,4,,,0,78,,43962,4,,,0,35,,43967,4,,,0,70,,43968,4,,,0,30,,43969,4,,,0,68,,43970,4,,,0,30,,43971,4,,,0,70,,43972,4,,,0,29,,43973,4,,,0,70,,43974,4,,,0,30,,43975,4,,,0,70,,43976,4,,,0,31,,43977,4,,,0,70,,43978,4,,,0,31,,43979,4,,,0,71,,43980,4,,,0,33,,43981,4,,,0,80,,43982,4,,,0,81,,43983,4,,,0,41,,43984,4,,,0,88,,43985,4,,,0,98,,43986,4,,,0,101,,43987,4,,,0,106,,43988,4,,,0
3101,'5214',1254,,43853,4,,,0,170,,43856,4,,,0,103,,43858,4,,,0,180,,43861,4,,,0
3101,'5217',1254,,51704,4,,,0,170,,51705,4,,,0,103,,51706,4,,,0,180,,51707,4,,,0
3201,'4661',711,,44063,23,,,0,43,,44064,23,,,0
3201,'4663',711,,44081,23,,,0,43,,44082,23,,,0
