200,'4332',611,,52764,24,,,0,113,,52767,24,,,0,121,,52765,24,,,0,80,,52753,24,,,0,86,,52766,24,,,0,40,,52751,24,,,0,80,,52745,24,,,0,81,,52752,24,,,0,40,,52746,24,,,0,81,,52759,24,,,0,81,,52747,24,,,0,41,,52750,24,,,0,80,,52749,24,,,0,79,,52748,24,,,0,40,,52762,24,,,0,79,,52763,24,,,0,74,,52761,24,,,0,40,,52755,24,,,0,75,,52756,24,,,0,94,,52758,24,,,0,40,,52757,24,,,0,85,,52773,24,,,0,80,,52770,24,,,0,80,,52769,24,,,0,38,,52771,24,,,0,79,,52768,24,,,0
200,'4661',601,,52816,24,,,0,41,,52808,24,,,0,61,,52803,24,,,0,31,,52817,24,,,0,72,,52811,24,,,0,31,,52802,24,,,0,71,,52815,24,,,0,29,,52812,24,,,0,86,,52801,24,,,0,78,,52804,24,,,0,41,,52805,24,,,0,81,,52814,24,,,0,80,,52807,24,,,0,41,,52806,24,,,0,79,,52813,24,,,0,79,,52809,24,,,0,36,,52810,24,,,0,77,,52818,24,,,0,36,,52819,24,,,0,88,,52821,24,,,0,72,,52820,24,,,0,39,,52825,24,,,0,89,,52823,24,,,0,79,,52824,24,,,0,82,,52829,24,,,0,40,,52828,24,,,0,78,,52830,24,,,0,39,,52831,24,,,0,79,,52832,24,,,0,78,,52833,24,,,0
200,'4663',601,,52725,24,,,0,41,,52717,24,,,0,61,,52712,24,,,0,31,,52726,24,,,0,72,,52720,24,,,0,31,,52711,24,,,0,71,,52724,24,,,0,29,,52721,24,,,0,86,,52710,24,,,0,78,,52713,24,,,0,41,,52714,24,,,0,81,,52723,24,,,0,80,,52716,24,,,0,41,,52715,24,,,0,79,,52722,24,,,0,79,,52718,24,,,0,36,,52719,24,,,0,77,,52727,24,,,0,36,,52728,24,,,0,88,,52730,24,,,0,72,,52729,24,,,0,39,,52734,24,,,0,89,,52732,24,,,0,79,,52733,24,,,0,82,,52738,24,,,0,40,,52737,24,,,0,78,,52739,24,,,0,39,,52740,24,,,0,79,,52741,24,,,0,78,,52742,24,,,0
200,'5078',707,,52797,24,,,0,121,,52796,24,,,0,122,,52795,24,,,0,101,,52776,24,,,0,80,,52794,24,,,0,81,,52782,24,,,0,40,,52780,24,,,0,80,,52775,24,,,0,82,,52777,24,,,0,40,,52788,24,,,0,80,,52783,24,,,0,80,,52778,24,,,0,39,,52781,24,,,0,79,,52779,24,,,0,74,,52789,24,,,0,40,,52785,24,,,0,94,,52790,24,,,0,80,,52786,24,,,0,80,,52792,24,,,0,39,,52793,24,,,0,80,,52791,24,,,0,39,,52798,24,,,0,79,,52799,24,,,0
500,'4332',647,,53729,24,,,0,157,,53725,24,,,0,101,,53728,24,,,0,41,,53719,24,,,0,85,,53726,24,,,0,80,,53720,24,,,0,41,,53735,24,,,0,80,,53727,24,,,0,81,,53718,24,,,0,41,,53724,24,,,0,80,,53721,24,,,0,81,,53731,24,,,0,40,,53722,24,,,0,79,,53723,24,,,0,79,,53732,24,,,0,35,,53733,24,,,0,79,,53734,24,,,0,80,,53730,24,,,0,49,,53736,24,,,0
500,'4661',621,,53761,24,,,0,97,,53754,24,,,0,33,,53756,24,,,0,71,,53753,24,,,0,31,,53755,24,,,0,68,,53758,24,,,0,87,,53757,24,,,0,33,,53766,24,,,0,80,,53763,24,,,0,81,,53759,24,,,0,41,,53760,24,,,0,82,,53762,24,,,0,78,,53767,24,,,0,40,,53764,24,,,0,77,,53765,24,,,0,36,,53769,24,,,0,77,,53768,24,,,0,74,,53770,24,,,0,48,,53771,24,,,0,76,,53772,24,,,0,83,,53774,24,,,0,45,,53773,24,,,0
500,'4663',621,,53704,24,,,0,97,,53697,24,,,0,33,,53699,24,,,0,71,,53696,24,,,0,31,,53698,24,,,0,68,,53701,24,,,0,87,,53700,24,,,0,33,,53709,24,,,0,80,,53706,24,,,0,81,,53702,24,,,0,41,,53703,24,,,0,82,,53705,24,,,0,78,,53710,24,,,0,40,,53707,24,,,0,77,,53708,24,,,0,36,,53712,24,,,0,77,,53711,24,,,0,74,,53713,24,,,0,48,,53714,24,,,0,76,,53715,24,,,0,83,,53717,24,,,0,45,,53716,24,,,0
500,'5078',748,,53750,24,,,0,161,,53749,24,,,0,122,,53748,24,,,0,80,,53743,24,,,0,40,,53737,24,,,0,81,,53738,24,,,0,80,,53751,24,,,0,41,,53744,24,,,0,81,,53741,24,,,0,80,,53739,24,,,0,40,,53740,24,,,0,80,,53752,24,,,0,78,,53745,24,,,0,35,,53742,24,,,0,79,,53746,24,,,0,80,,53747,24,,,0
2700,'4332',635,,57768,8,,,0,71,,57769,8,,,0,27,,57770,8,,,0,70,,57771,8,,,0,27,,57772,8,,,0,27,,57773,8,,,0,66,,57774,8,,,0,26,,57775,8,,,0,65,,57776,8,,,0,22,,57777,8,,,0,22,,57778,8,,,0,63,,57779,8,,,0,22,,57780,8,,,0,62,,57781,8,,,0,21,,57782,8,,,0,23,,57783,8,,,0,63,,57784,8,,,0,23,,57785,8,,,0,23,,57786,8,,,0,59,,57787,8,,,0,21,,57788,8,,,0,20,,57789,8,,,0,62,,57790,8,,,0,21,,57791,8,,,0,60,,57792,8,,,0,20,,57793,8,,,0,21,,57794,8,,,0,59,,57795,8,,,0,21,,57796,8,,,0,20,,57797,8,,,0,60,,57798,8,,,0,20,,57799,8,,,0,21,,57800,8,,,0,66,,57801,8,,,0,27,,57802,8,,,0,69,,57803,8,,,0,30,,57804,8,,,0,69,,57805,8,,,0,30,,57806,8,,,0,70,,57807,8,,,0,34,,57808,8,,,0,72,,57809,8,,,0,30,,57810,8,,,0,71,,57811,8,,,0,30,,57812,8,,,0,68,,57813,8,,,0,30,,57814,8,,,0,70,,57815,8,,,0,30,,57816,8,,,0
2700,'4661',715,,57864,8,,,0,109,,57876,8,,,0,22,,57901,8,,,0,65,,57888,8,,,0,25,,57871,8,,,0,66,,57860,8,,,0,25,,57859,8,,,0,26,,57858,8,,,0,67,,57861,8,,,0,26,,57875,8,,,0,66,,57885,8,,,0,26,,57868,8,,,0,66,,57862,8,,,0,26,,57866,8,,,0,24,,57867,8,,,0,65,,57869,8,,,0,22,,57874,8,,,0,62,,57865,8,,,0,15,,57892,8,,,0,16,,57896,8,,,0,16,,57897,8,,,0,56,,57898,8,,,0,16,,57877,8,,,0,16,,57899,8,,,0,16,,57872,8,,,0,57,,57873,8,,,0,16,,57879,8,,,0,30,,57878,8,,,0,56,,57880,8,,,0,15,,57881,8,,,0,21,,57883,8,,,0,91,,57884,8,,,0,68,,57889,8,,,0,97,,57891,8,,,0,29,,57890,8,,,0,106,,57894,8,,,0,80,,57895,8,,,0,39,,57893,8,,,0
2700,'4663',715,,57715,8,,,0,109,,57727,8,,,0,22,,57760,8,,,0,65,,57741,8,,,0,25,,57722,8,,,0,66,,57711,8,,,0,25,,57710,8,,,0,26,,57709,8,,,0,67,,57712,8,,,0,26,,57726,8,,,0,66,,57738,8,,,0,26,,57719,8,,,0,66,,57713,8,,,0,26,,57717,8,,,0,24,,57718,8,,,0,65,,57720,8,,,0,22,,57725,8,,,0,62,,57716,8,,,0,15,,57747,8,,,0,16,,57752,8,,,0,16,,57753,8,,,0,56,,57754,8,,,0,16,,57728,8,,,0,16,,57755,8,,,0,16,,57723,8,,,0,57,,57724,8,,,0,16,,57731,8,,,0,14,,57729,8,,,0,16,,57730,8,,,0,56,,57732,8,,,0,15,,57733,8,,,0,21,,57735,8,,,0,64,,57736,8,,,0,27,,57737,8,,,0,68,,57742,8,,,0,29,,57745,8,,,0,68,,57744,8,,,0,29,,57743,8,,,0,70,,57746,8,,,0,36,,57749,8,,,0,80,,57750,8,,,0,39,,57748,8,,,0,80,,57756,8,,,0,80,,57758,8,,,0,40,,57757,8,,,0,79,,57759,8,,,0
2700,'4682',1741,,57906,8,,,0,172,,57907,8,,,0,124,,57908,8,,,0,167,,57909,8,,,0
2700,'5078',708,,57817,8,,,0,30,,57819,8,,,0,69,,57820,8,,,0,30,,57821,8,,,0,70,,57822,8,,,0,28,,57823,8,,,0,67,,57824,8,,,0,27,,57825,8,,,0,27,,57826,8,,,0,64,,57827,8,,,0,25,,57828,8,,,0,63,,57829,8,,,0,22,,57830,8,,,0,22,,57831,8,,,0,64,,57832,8,,,0,23,,57833,8,,,0,63,,57834,8,,,0,23,,57835,8,,,0,22,,57836,8,,,0,63,,57837,8,,,0,23,,57838,8,,,0,23,,57839,8,,,0,63,,57840,8,,,0,23,,57841,8,,,0,63,,57842,8,,,0,23,,57843,8,,,0,24,,57844,8,,,0,65,,57845,8,,,0,25,,57846,8,,,0,66,,57847,8,,,0,28,,57848,8,,,0,69,,57849,8,,,0,30,,57850,8,,,0,70,,57851,8,,,0,36,,57852,8,,,0,83,,57853,8,,,0,80,,57854,8,,,0,101,,57855,8,,,0
2700,'5387',1741,,57902,8,,,0,172,,57903,8,,,0,124,,57904,8,,,0,167,,57905,8,,,0
2800,'4332',749,,58188,8,,,0,69,,58189,8,,,0,25,,58190,8,,,0,67,,58191,8,,,0,26,,58192,8,,,0,66,,58184,8,,,0,23,,58193,8,,,0,22,,58194,8,,,0,62,,58195,8,,,0,23,,58196,8,,,0,22,,58197,8,,,0,62,,58198,8,,,0,21,,58199,8,,,0,63,,58200,8,,,0,24,,58201,8,,,0,22,,58202,8,,,0,62,,58203,8,,,0,20,,58204,8,,,0,20,,58205,8,,,0,61,,58206,8,,,0,22,,58207,8,,,0,20,,58208,8,,,0,60,,58209,8,,,0,21,,58210,8,,,0,19,,58211,8,,,0,61,,58212,8,,,0,20,,58213,8,,,0,20,,58214,8,,,0,60,,58215,8,,,0,20,,58216,8,,,0,23,,58217,8,,,0,67,,58218,8,,,0,28,,58219,8,,,0,70,,58220,8,,,0,30,,58221,8,,,0,69,,58222,8,,,0,30,,58223,8,,,0,71,,58224,8,,,0,35,,58225,8,,,0,71,,58226,8,,,0,30,,58227,8,,,0,70,,58228,8,,,0,30,,58229,8,,,0,68,,58230,8,,,0,30,,58231,8,,,0,70,,58232,8,,,0
2800,'4661',551,,58277,8,,,0,63,,58273,8,,,0,22,,58272,8,,,0,11,,58275,8,,,0,12,,58294,8,,,0,48,,58276,8,,,0,22,,58280,8,,,0,13,,58291,8,,,0,12,,58281,8,,,0,56,,58278,8,,,0,24,,58279,8,,,0,25,,58317,8,,,0,64,,58282,8,,,0,26,,58283,8,,,0,66,,58295,8,,,0,25,,58300,8,,,0,67,,58288,8,,,0,26,,58284,8,,,0,26,,58285,8,,,0,66,,58287,8,,,0,26,,58286,8,,,0,67,,58293,8,,,0,24,,58301,8,,,0,64,,58290,8,,,0,24,,58289,8,,,0,22,,58313,8,,,0,74,,58292,8,,,0,104,,58314,8,,,0,72,,58309,8,,,0,32,,58315,8,,,0,71,,58296,8,,,0,16,,58316,8,,,0,17,,58303,8,,,0,63,,58299,8,,,0,26,,58297,8,,,0,27,,58298,8,,,0,69,,58308,8,,,0,28,,58305,8,,,0,69,,58307,8,,,0,29,,58306,8,,,0,71,,58304,8,,,0,80,,58311,8,,,0,39,,58312,8,,,0,80,,58310,8,,,0
2800,'4663',551,,58131,8,,,0,63,,58127,8,,,0,22,,58126,8,,,0,11,,58129,8,,,0,12,,58149,8,,,0,48,,58130,8,,,0,22,,58134,8,,,0,13,,58145,8,,,0,12,,58135,8,,,0,56,,58132,8,,,0,24,,58133,8,,,0,25,,58175,8,,,0,64,,58136,8,,,0,26,,58137,8,,,0,66,,58150,8,,,0,25,,58155,8,,,0,67,,58142,8,,,0,26,,58138,8,,,0,26,,58139,8,,,0,66,,58141,8,,,0,26,,58140,8,,,0,67,,58148,8,,,0,24,,58156,8,,,0,64,,58144,8,,,0,24,,58143,8,,,0,22,,58168,8,,,0,74,,58147,8,,,0,32,,58146,8,,,0,72,,58169,8,,,0,72,,58164,8,,,0,32,,58170,8,,,0,71,,58151,8,,,0,16,,58171,8,,,0,17,,58158,8,,,0,63,,58154,8,,,0,26,,58152,8,,,0,27,,58153,8,,,0,69,,58163,8,,,0,28,,58160,8,,,0,69,,58162,8,,,0,29,,58161,8,,,0,71,,58159,8,,,0,80,,58166,8,,,0,39,,58167,8,,,0,80,,58165,8,,,0,40,,58172,8,,,0,80,,58174,8,,,0,80,,58173,8,,,0
2800,'4682',1558,,58319,8,,,0
2800,'5078',822,,58237,8,,,0,30,,58238,8,,,0,70,,58239,8,,,0,26,,58240,8,,,0,67,,58241,8,,,0,27,,58242,8,,,0,66,,58243,8,,,0,25,,58244,8,,,0,24,,58245,8,,,0,62,,58246,8,,,0,22,,58247,8,,,0,63,,58248,8,,,0,24,,58249,8,,,0,23,,58250,8,,,0,63,,58251,8,,,0,22,,58252,8,,,0,23,,58253,8,,,0,63,,58254,8,,,0,23,,58255,8,,,0,63,,58256,8,,,0,23,,58257,8,,,0,23,,58258,8,,,0,63,,58259,8,,,0,23,,58260,8,,,0,64,,58261,8,,,0,26,,58262,8,,,0,25,,58263,8,,,0,67,,58264,8,,,0,29,,58265,8,,,0,69,,58266,8,,,0,30,,58267,8,,,0,71,,58268,8,,,0,80,,58269,8,,,0,43,,58270,8,,,0,86,,58271,8,,,0
2800,'5387',1558,,58318,8,,,0
24002800,'4661',1510,,63166,8,,,0,31,,63164,8,,,0,73,,63165,8,,,0,31,,63167,8,,,0,74,,63168,8,,,0,30,,63169,8,,,0
24002800,'4663',1510,,63159,8,,,0,31,,63157,8,,,0,73,,63158,8,,,0,31,,63160,8,,,0,74,,63161,8,,,0,30,,63162,8,,,0
