3800,'4737',620,,29522,18,,,0,22,,29542,18,,,0,11,,29523,18,,,0,53,,29524,18,,,0,12,,29527,18,,,0,23,,29525,18,,,0,69,,29526,18,,,0,40,,29543,18,,,0,70,,29528,18,,,0,100,,29529,18,,,0,100,,29530,18,,,0,102,,29531,18,,,0,102,,29532,18,,,0,94,,29533,18,,,0,39,,29544,18,,,0,71,,29534,18,,,0,31,,29535,18,,,0,73,,29536,18,,,0,72,,29537,18,,,0,34,,29538,18,,,0,82,,29540,18,,,0,103,,29539,18,,,0,102,,29541,18,,,0
3800,'4744',620,,29546,18,,,0,22,,29566,18,,,0,11,,29547,18,,,0,53,,29548,18,,,0,12,,29551,18,,,0,23,,29549,18,,,0,69,,29550,18,,,0,40,,29567,18,,,0,70,,29552,18,,,0,100,,29553,18,,,0,100,,29554,18,,,0,102,,29555,18,,,0,102,,29556,18,,,0,94,,29557,18,,,0,39,,29568,18,,,0,71,,29558,18,,,0,31,,29559,18,,,0,73,,29560,18,,,0,72,,29561,18,,,0,34,,29562,18,,,0,82,,29564,18,,,0,103,,29563,18,,,0,102,,29565,18,,,0
3800,'5066',620,,29570,18,,,0,22,,29590,18,,,0,11,,29571,18,,,0,53,,29572,18,,,0,12,,29575,18,,,0,23,,29573,18,,,0,69,,29574,18,,,0,40,,29591,18,,,0,70,,29576,18,,,0,100,,29577,18,,,0,100,,29578,18,,,0,102,,29579,18,,,0,102,,29580,18,,,0,94,,29581,18,,,0,39,,29592,18,,,0,71,,29582,18,,,0,31,,29583,18,,,0,73,,29584,18,,,0,72,,29585,18,,,0,34,,29586,18,,,0,82,,29588,18,,,0,103,,29587,18,,,0,102,,29589,18,,,0
3801,'4737',656,,29594,25,,,0,69,,29595,25,,,0,30,,29598,25,,,0,68,,29596,25,,,0,34,,29614,25,,,0,85,,29597,25,,,0,90,,29599,25,,,0,97,,29600,25,,,0,102,,29601,25,,,0,103,,29602,25,,,0,103,,29603,25,,,0,107,,29604,25,,,0,90,,29605,25,,,0,73,,29606,25,,,0,25,,29607,25,,,0,24,,29608,25,,,0,65,,29610,25,,,0,28,,29611,25,,,0,76,,29609,25,,,0,100,,29612,25,,,0,104,,29613,25,,,0
3801,'4744',656,,29615,25,,,0,69,,29616,25,,,0,30,,29619,25,,,0,68,,29617,25,,,0,34,,29635,25,,,0,85,,29618,25,,,0,90,,29620,25,,,0,97,,29621,25,,,0,102,,29622,25,,,0,103,,29623,25,,,0,103,,29624,25,,,0,107,,29625,25,,,0,90,,29626,25,,,0,73,,29627,25,,,0,25,,29628,25,,,0,24,,29629,25,,,0,65,,29631,25,,,0,28,,29632,25,,,0,76,,29630,25,,,0,100,,29633,25,,,0,104,,29634,25,,,0
3801,'5066',656,,29636,25,,,0,69,,29637,25,,,0,30,,29640,25,,,0,68,,29638,25,,,0,34,,29656,25,,,0,85,,29639,25,,,0,90,,29641,25,,,0,97,,29642,25,,,0,102,,29643,25,,,0,103,,29644,25,,,0,103,,29645,25,,,0,107,,29646,25,,,0,90,,29647,25,,,0,73,,29648,25,,,0,25,,29649,25,,,0,24,,29650,25,,,0,65,,29652,25,,,0,28,,29653,25,,,0,76,,29651,25,,,0,100,,29654,25,,,0,104,,29655,25,,,0
5200,'4737',707,,30509,51,,,0,26,,30530,51,,,0,68,,30516,51,,,0,36,,30510,51,,,0,66,,30521,51,,,0,512,,30528,51,,,0,36,,30523,51,,,0,72,,30524,51,,,0,33,,30540,51,,,0,70,,30525,51,,,0,29,,30527,51,,,0,67,,30526,51,,,0
5200,'4744',707,,30548,51,,,0,26,,30569,51,,,0,68,,30555,51,,,0,36,,30549,51,,,0,66,,30560,51,,,0,512,,30567,51,,,0,36,,30562,51,,,0,72,,30563,51,,,0,33,,30579,51,,,0,70,,30564,51,,,0,29,,30566,51,,,0,67,,30565,51,,,0
5200,'5066',707,,30615,51,,,0,26,,30636,51,,,0,68,,30622,51,,,0,36,,30616,51,,,0,66,,30627,51,,,0,512,,30634,51,,,0,36,,30629,51,,,0,72,,30630,51,,,0,33,,30646,51,,,0,70,,30631,51,,,0,29,,30633,51,,,0,67,,30632,51,,,0
5201,'4737',741,,30747,4,,,0,71,,30765,4,,,0,20,,30773,4,0,28 37 14,0,82,,30750,4,,,0,509,,30760,4,,,0,29,,30766,4,,,0,66,,30761,4,,,0,35,,30762,4,,,0,78,,30779,4,,,0,25,,30767,4,,,0,65,,30768,4,,,0
5201,'4744',741,,30786,4,,,0,71,,30804,4,,,0,20,,30812,4,0,28 37 14,0,82,,30789,4,,,0,509,,30799,4,,,0,29,,30805,4,,,0,66,,30800,4,,,0,35,,30801,4,,,0,78,,30818,4,,,0,25,,30806,4,,,0,65,,30807,4,,,0
5201,'5066',741,,30853,4,,,0,71,,30871,4,,,0,20,,30879,4,0,28 37 14,0,82,,30856,4,,,0,509,,30866,4,,,0,29,,30872,4,,,0,66,,30867,4,,,0,35,,30868,4,,,0,78,,30885,4,,,0,25,,30873,4,,,0,65,,30874,4,,,0
