2400,'4663',626,,56933,25,,,0,33,,56937,25,,,0,78,,56938,25,,,0,101,,56934,25,,,0,111,,56932,25,,,0,100,,56942,25,,,0,101,,56939,25,,,0,99,,56935,25,,,0,100,,56936,25,,,0,100,,56940,25,,,0,87,,56941,25,,,0,81,,56943,25,,,0,93,,56944,25,,,0,97,,56945,25,,,0,102,,56946,25,,,0,110,,56947,25,,,0,123,,56948,25,,,0,171,,56949,25,,,0,131,,56950,25,,,0
2400,'5372',626,,41544,25,,,0,33,,41548,25,,,0,78,,41549,25,,,0,101,,41545,25,,,0,111,,41543,25,,,0,100,,41553,25,,,0,101,,41550,25,,,0,99,,41546,25,,,0,100,,41547,25,,,0,100,,41551,25,,,0,87,,41552,25,,,0,81,,41554,25,,,0,93,,41555,25,,,0,97,,41556,25,,,0,102,,41557,25,,,0,110,,41558,25,,,0,123,,41559,25,,,0,171,,41560,25,,,0,131,,41561,25,,,0
2400,'5377',827,,41596,25,,,0,128,,41599,25,,,0,170,,41598,25,,,0,132,,41600,25,,,0,169,,41601,25,,,0,132,,41602,25,,,0,170,,41603,25,,,0,128,,41604,25,,,0,166,,41605,25,,,0,124,,41606,25,,,0,168,,41607,25,,,0
2400,'5383',707,,56955,25,,,0,122,,56953,25,,,0,105,,56951,25,,,0,112,,56952,25,,,0,100,,56954,25,,,0,98,,56960,25,,,0,98,,56957,25,,,0,99,,56956,25,,,0,101,,56959,25,,,0,97,,56958,25,,,0,104,,56961,25,,,0,112,,56962,25,,,0,164,,56963,25,,,0,125,,56964,25,,,0,169,,56965,25,,,0
2400,'5384',827,,56966,25,,,0,128,,56969,25,,,0,170,,56968,25,,,0,132,,56970,25,,,0,169,,56971,25,,,0,132,,56972,25,,,0,170,,56973,25,,,0,128,,56974,25,,,0,166,,56975,25,,,0,124,,56976,25,,,0,168,,56977,25,,,0
2400,'5385',626,,56979,25,,,0,33,,56983,25,,,0,78,,56984,25,,,0,101,,56980,25,,,0,111,,56978,25,,,0,100,,56988,25,,,0,101,,56985,25,,,0,99,,56981,25,,,0,100,,56982,25,,,0,100,,56986,25,,,0,87,,56987,25,,,0,81,,56989,25,,,0,93,,56990,25,,,0,97,,56991,25,,,0,102,,56992,25,,,0,110,,56993,25,,,0,123,,56994,25,,,0,171,,56995,25,,,0,131,,56996,25,,,0
2601,'4663',619,,57476,35,,,0,23,,57477,35,,,0,58,,57478,35,,,0,14,,57475,35,,,0,16,,57484,35,,,0,16,,57495,35,,,0,56,,57490,35,,,0,13,,57506,35,,,0,19,,57486,35,,,0,15,,57491,35,,,0,10,,57488,35,,,0,54,,57494,35,,,0,14,,57485,35,,,0,13,,57493,35,,,0,15,,57501,35,,,0,55,,57487,35,,,0,15,,57489,35,,,0,15,,57496,35,,,0,16,,57505,35,,,0,55,,57481,35,,,0,15,,57479,35,,,0,15,,57482,35,,,0,16,,57492,35,,,0,55,,57497,35,,,0,15,,57502,35,,,0,15,,57498,35,,,0,15,,57499,35,,,0,55,,57503,35,,,0,16,,57504,35,,,0,15,,57500,35,,,0,14,,57483,35,,,0,52,,57524,35,,,0,13,,57480,35,,,0,13,,57520,35,,,0,15,,57518,35,,,0,55,,57511,35,,,0,14,,57510,35,,,0,16,,57512,35,,,0,15,,57509,35,,,0,55,,57507,35,,,0,15,,57519,35,,,0,13,,57514,35,,,0,15,,57525,35,,,0,54,,57523,35,,,0,14,,57517,35,,,0,13,,57515,35,,,0,15,,57522,35,,,0,13,,57516,35,,,0,53,,57508,35,,,0,15,,57470,35,,,0,14,,57469,35,,,0,15,,57471,35,,,0,55,,57474,35,,,0,14,,57472,35,,,0,15,,57513,35,,,0,15,,57521,35,,,0,60,,57468,35,,,0,20,,57473,35,,,0,20,,57466,35,,,0,57,,57462,35,,,0,20,,57458,35,,,0,20,,57467,35,,,0,69,,57457,35,,,0,31,,57460,35,,,0,70,,57461,35,,,0,29,,57464,35,,,0,68,,57465,35,,,0,31,,57459,35,,,0,70,,57463,35,,,0
2601,'5372',619,,42177,35,,,0,23,,42178,35,,,0,58,,42179,35,,,0,14,,42176,35,,,0,16,,42185,35,,,0,16,,42196,35,,,0,56,,42191,35,,,0,13,,42207,35,,,0,19,,42187,35,,,0,15,,42192,35,,,0,10,,51675,35,,,0,54,,42195,35,,,0,14,,42186,35,,,0,13,,42194,35,,,0,15,,42202,35,,,0,55,,50182,35,,,0,15,,42190,35,,,0,15,,42197,35,,,0,16,,42206,35,,,0,55,,42182,35,,,0,15,,51674,35,,,0,15,,42183,35,,,0,16,,42193,35,,,0,55,,50183,35,,,0,15,,42203,35,,,0,15,,42199,35,,,0,15,,50184,35,,,0,55,,42204,35,,,0,16,,42205,35,,,0,15,,42201,35,,,0,14,,42184,35,,,0,52,,42225,35,,,0,13,,42181,35,,,0,13,,42221,35,,,0,15,,42219,35,,,0,55,,42212,35,,,0,14,,42211,35,,,0,16,,42213,35,,,0,15,,42210,35,,,0,55,,42208,35,,,0,15,,50186,35,,,0,13,,42215,35,,,0,15,,42226,35,,,0,54,,42224,35,,,0,14,,42218,35,,,0,13,,50185,35,,,0,15,,42223,35,,,0,13,,42217,35,,,0,53,,42209,35,,,0,15,,50180,35,,,0,14,,42170,35,,,0,15,,42172,35,,,0,55,,42175,35,,,0,14,,50181,35,,,0,15,,42214,35,,,0,15,,42222,35,,,0,60,,50179,35,,,0,20,,42174,35,,,0,77,,42165,35,,,0,20,,42161,35,,,0,20,,50178,35,,,0,69,,42160,35,,,0,31,,42163,35,,,0,70,,42164,35,,,0,29,,42166,35,,,0,68,,42167,35,,,0,31,,50177,35,,,0
2601,'5373',2053,,57526,35,,,0
2601,'5377',704,,42380,35,,,0,22,,42367,35,,,0,23,,42357,35,,,0,62,,42376,35,,,0,20,,42381,35,,,0,26,,42366,35,,,0,62,,42359,35,,,0,20,,42377,35,,,0,63,,42370,35,,,0,19,,42360,35,,,0,18,,42364,35,,,0,18,,50165,35,,,0,59,,42378,35,,,0,18,,42362,35,,,0,19,,42383,35,,,0,58,,42361,35,,,0,18,,42365,35,,,0,18,,50166,35,,,0,58,,42374,35,,,0,19,,42371,35,,,0,18,,42384,35,,,0,58,,42368,35,,,0,18,,42379,35,,,0,18,,50167,35,,,0,18,,42375,35,,,0,58,,42373,35,,,0,18,,42382,35,,,0,17,,42369,35,,,0,58,,42393,35,,,0,18,,50168,35,,,0,18,,42392,35,,,0,17,,42386,35,,,0,57,,42395,35,,,0,17,,42385,35,,,0,20,,42391,35,,,0,59,,50169,35,,,0,20,,42390,35,,,0,20,,42394,35,,,0,60,,42387,35,,,0,19,,42397,35,,,0,19,,50171,35,,,0,60,,42399,35,,,0,20,,42402,35,,,0,20,,42398,35,,,0,59,,42396,35,,,0,20,,50170,35,,,0,22,,42401,35,,,0,70,,42404,35,,,0,29,,50172,35,,,0,69,,42406,35,,,0,30,,42407,35,,,0
2601,'5381',2053,,57527,35,,,0
2601,'5383',644,,57529,35,,,0,70,,57530,35,,,0,26,,57531,35,,,0,17,,57532,35,,,0,57,,57533,35,,,0,17,,57534,35,,,0,18,,57535,35,,,0,59,,57536,35,,,0,18,,57537,35,,,0,17,,57538,35,,,0,58,,57539,35,,,0,17,,57540,35,,,0,18,,57541,35,,,0,17,,57542,35,,,0,57,,57543,35,,,0,19,,57544,35,,,0,17,,57545,35,,,0,58,,57528,35,,,0,17,,57546,35,,,0,17,,57547,35,,,0,17,,57548,35,,,0,57,,57549,35,,,0,17,,57550,35,,,0,16,,57551,35,,,0,57,,57552,35,,,0,17,,57553,35,,,0,17,,57554,35,,,0,17,,57555,35,,,0,57,,57556,35,,,0,16,,57557,35,,,0,16,,57558,35,,,0,16,,57559,35,,,0,55,,57560,35,,,0,17,,57561,35,,,0,17,,57562,35,,,0,57,,57563,35,,,0,16,,57564,35,,,0,17,,57565,35,,,0,17,,57566,35,,,0,60,,57567,35,,,0,20,,57568,35,,,0,19,,57569,35,,,0,59,,57570,35,,,0,20,,57571,35,,,0,20,,57572,35,,,0,58,,57573,35,,,0,20,,57574,35,,,0,19,,57575,35,,,0,60,,57576,35,,,0,19,,57577,35,,,0,20,,57578,35,,,0,60,,57579,35,,,0,20,,57580,35,,,0,21,,57581,35,,,0,70,,57582,35,,,0,30,,57583,35,,,0,68,,57584,35,,,0,30,,57585,35,,,0,72,,57586,35,,,0
2601,'5384',704,,57610,35,,,0,22,,57597,35,,,0,23,,57587,35,,,0,62,,57606,35,,,0,20,,57611,35,,,0,26,,57596,35,,,0,62,,57589,35,,,0,20,,57607,35,,,0,63,,57600,35,,,0,19,,57590,35,,,0,18,,57594,35,,,0,18,,57588,35,,,0,59,,57608,35,,,0,18,,57592,35,,,0,19,,57613,35,,,0,58,,57591,35,,,0,18,,57595,35,,,0,18,,57593,35,,,0,58,,57604,35,,,0,19,,57601,35,,,0,18,,57614,35,,,0,58,,57598,35,,,0,18,,57609,35,,,0,18,,57602,35,,,0,18,,57605,35,,,0,58,,57603,35,,,0,18,,57612,35,,,0,17,,57599,35,,,0,58,,57623,35,,,0,18,,57618,35,,,0,18,,57622,35,,,0,17,,57616,35,,,0,57,,57625,35,,,0,17,,57615,35,,,0,20,,57621,35,,,0,59,,57619,35,,,0,20,,57620,35,,,0,20,,57624,35,,,0,60,,57617,35,,,0,19,,57627,35,,,0,19,,57633,35,,,0,60,,57629,35,,,0,20,,57632,35,,,0,20,,57628,35,,,0,59,,57626,35,,,0,20,,57630,35,,,0,22,,57631,35,,,0,70,,57634,35,,,0,29,,57635,35,,,0,69,,57636,35,,,0,30,,57637,35,,,0
2601,'5385',619,,57655,35,,,0,23,,57656,35,,,0,58,,57657,35,,,0,14,,57654,35,,,0,16,,57663,35,,,0,16,,57674,35,,,0,56,,57669,35,,,0,13,,57685,35,,,0,19,,57665,35,,,0,15,,57670,35,,,0,10,,57667,35,,,0,54,,57673,35,,,0,14,,57664,35,,,0,13,,57672,35,,,0,15,,57680,35,,,0,55,,57666,35,,,0,15,,57668,35,,,0,15,,57675,35,,,0,16,,57684,35,,,0,55,,57660,35,,,0,15,,57658,35,,,0,15,,57661,35,,,0,16,,57671,35,,,0,55,,57676,35,,,0,15,,57681,35,,,0,15,,57677,35,,,0,15,,57678,35,,,0,55,,57682,35,,,0,16,,57683,35,,,0,15,,57679,35,,,0,14,,57662,35,,,0,52,,57703,35,,,0,13,,57659,35,,,0,13,,57699,35,,,0,15,,57697,35,,,0,55,,57690,35,,,0,14,,57689,35,,,0,16,,57691,35,,,0,15,,57688,35,,,0,55,,57686,35,,,0,15,,57698,35,,,0,13,,57693,35,,,0,15,,57704,35,,,0,54,,57702,35,,,0,14,,57696,35,,,0,13,,57694,35,,,0,15,,57701,35,,,0,13,,57695,35,,,0,53,,57687,35,,,0,15,,57649,35,,,0,14,,57648,35,,,0,15,,57650,35,,,0,55,,57653,35,,,0,14,,57651,35,,,0,15,,57692,35,,,0,15,,57700,35,,,0,60,,57647,35,,,0,20,,57652,35,,,0,77,,57643,35,,,0,20,,57639,35,,,0,20,,57646,35,,,0,69,,57638,35,,,0,31,,57641,35,,,0,70,,57642,35,,,0,29,,57644,35,,,0,68,,57645,35,,,0,31,,57640,35,,,0
2601,'5387',2053,,57705,35,,,0
2601,'5388',2053,,57706,35,,,0
