3201,'4661',734,,59114,37,4,,0,84,,59115,37,4,,0
3201,'4663',734,,59068,37,4,,0,84,,59069,37,4,,0
4700,'4661',715,,59616,53,4,,0,25,,59615,53,4,,0,66,,59614,53,4,,0
4700,'4663',715,,59613,53,4,,0,25,,59612,53,4,,0,66,,59611,53,4,,0
4800,'4661',713,,59628,57,4,,0,28,,59627,57,4,,0,70,,59626,57,4,,0
4800,'4663',713,,59625,57,4,,0,28,,59624,57,4,,0,70,,59623,57,4,,0
5300,'4661',750,,60010,51,4,,0
5300,'4663',750,,59985,51,4,,0
6100,'4661',614,,60837,77,4,,0,45,,60835,77,4,,0,56,,60838,77,4,,0,24,,60839,77,4,,0,66,,60841,77,4,,0,19,,60845,77,4,,0,18,,60852,77,4,,0,68,,60854,77,4,,0
6100,'4663',614,,60746,77,4,,0,45,,60744,77,4,,0,56,,60747,77,4,,0,24,,60748,77,4,,0,66,,60750,77,4,,0,19,,60754,77,4,,0,18,,60761,77,4,,0,68,,60763,77,4,,0
6500,'4661',640,,61036,62,4,,0,106,,61038,62,4,,0,68,,61039,62,4,,0,41,,61037,62,4,,0
6500,'4663',640,,61032,62,4,,0,106,,61034,62,4,,0,68,,61035,62,4,,0,41,,61033,62,4,,0
7001,'4332',951,,61163,20,4,,0,103,,61164,20,4,,0,102,,61165,20,4,,0,103,,61166,20,4,,0,142,,61167,20,4,,0,104,,61168,20,4,,0,98,,61169,20,4,,0,56,,61170,20,4,,0,96,,61171,20,4,,0,95,,61172,20,4,,0,100,,61173,20,4,,0,99,,61176,20,4,,0,98,,61174,20,4,,0,199,,61175,20,4,,0
7001,'4661',748,,61198,20,4,,0,108,,61193,20,4,,0,97,,61201,20,4,,0,99,,61194,20,4,,0,206,,61207,20,4,,0,101,,61205,20,4,,0,142,,61195,20,4,,0,106,,61200,20,4,,0,99,,61203,20,4,,0,27,,61196,20,4,,0,71,,61197,20,4,,0,52,,61199,20,4,,0,97,,61202,20,4,,0,99,,61209,20,4,,0,100,,61204,20,4,,0,97,,61208,20,4,,0,99,,61206,20,4,,0
7001,'4663',748,,61150,20,4,,0,108,,61144,20,4,,0,97,,61153,20,4,,0,99,,61145,20,4,,0,106,,61146,20,4,,0,100,,61159,20,4,,0,101,,61157,20,4,,0,142,,61147,20,4,,0,106,,61152,20,4,,0,99,,61155,20,4,,0,27,,61148,20,4,,0,71,,61149,20,4,,0,52,,61151,20,4,,0,97,,61154,20,4,,0,99,,61161,20,4,,0,100,,61156,20,4,,0,97,,61160,20,4,,0,99,,61158,20,4,,0
7001,'4675',1158,,61162,20,4,,0
7001,'4771',1158,,61210,20,4,,0
7001,'5078',949,,61177,20,4,,0,100,,61191,20,4,,0,102,,61178,20,4,,0,100,,61179,20,4,,0,105,,61180,20,4,,0,100,,61181,20,4,,0,103,,61182,20,4,,0,95,,61183,20,4,,0,102,,61184,20,4,,0,96,,61185,20,4,,0,100,,61186,20,4,,0,100,,61187,20,4,,0,99,,61188,20,4,,0,100,,61192,20,4,,0,97,,61189,20,4,,0,95,,61190,20,4,,0
7101,'4661',650,,61222,40,4,,0,73,,61221,40,4,,0,91,,61220,40,4,,0
7101,'4663',650,,61219,40,4,,0,73,,61218,40,4,,0,91,,61217,40,4,,0
7201,'4332',659,,61424,61,4,,0,145,,61394,61,4,,0,101,,61395,61,4,,0,33,,61396,61,4,,0,73,,61397,61,4,,0,30,,61398,61,4,,0,73,,61399,61,4,,0,31,,61400,61,4,,0,71,,61401,61,4,,0,30,,61402,61,4,,0,73,,61393,61,4,,0,30,,61403,61,4,,0,70,,61404,61,4,,0,32,,61405,61,4,,0,75,,61406,61,4,,0,28,,61407,61,4,,0,68,,61408,61,4,,0,32,,61409,61,4,,0,68,,61410,61,4,,0,26,,61411,61,4,,0,65,,61412,61,4,,0,30,,61413,61,4,,0,68,,61414,61,4,,0,28,,61415,61,4,,0,68,,61416,61,4,,0,30,,61417,61,4,,0,71,,61418,61,4,,0,28,,61419,61,4,,0,70,,61420,61,4,,0,100,,61421,61,4,,0,96,,61422,61,4,,0,56,,61423,61,4,,0
7201,'4661',632,,61476,61,4,,0,82,,61466,61,4,,0,34,,61477,61,4,,0,75,,61468,61,4,,0,33,,61455,61,4,,0,87,,61475,61,4,,0,69,,61481,61,4,,0,30,,61460,61,4,,0,71,,61474,61,4,,0,31,,61467,61,4,,0,75,,61452,61,4,,0,30,,61478,61,4,,0,70,,61465,61,4,,0,31,,61459,61,4,,0,70,,61453,61,4,,0,31,,61454,61,4,,0,107,,61458,61,4,,0,71,,61482,61,4,,0,71,,61457,61,4,,0,25,,61461,61,4,,0,27,,61464,61,4,,0,67,,61463,61,4,,0,96,,61462,61,4,,0,27,,61483,61,4,,0,68,,61470,61,4,,0,30,,61471,61,4,,0,70,,61469,61,4,,0,30,,61472,61,4,,0,70,,61473,61,4,,0,96,,61480,61,4,,0,95,,61479,61,4,,0,58,,61484,61,4,,0
7201,'4663',632,,61381,61,4,,0,82,,61371,61,4,,0,34,,61382,61,4,,0,75,,61373,61,4,,0,33,,61357,61,4,,0,60,,61359,61,4,,0,27,,61380,61,4,,0,69,,61386,61,4,,0,30,,61364,61,4,,0,71,,61379,61,4,,0,31,,61372,61,4,,0,75,,61354,61,4,,0,30,,61383,61,4,,0,70,,61370,61,4,,0,31,,61363,61,4,,0,70,,61355,61,4,,0,31,,61356,61,4,,0,76,,61358,61,4,,0,31,,61362,61,4,,0,71,,61387,61,4,,0,71,,61361,61,4,,0,25,,61365,61,4,,0,27,,61369,61,4,,0,67,,61367,61,4,,0,29,,61368,61,4,,0,67,,61366,61,4,,0,27,,61388,61,4,,0,68,,61375,61,4,,0,30,,61376,61,4,,0,70,,61374,61,4,,0,30,,61377,61,4,,0,70,,61378,61,4,,0,96,,61385,61,4,,0,95,,61384,61,4,,0,58,,61389,61,4,,0
7201,'4675',916,,61391,61,4,,0,611,,61390,61,4,,0,321,,61392,61,4,,0
7201,'4771',916,,61485,61,4,,0,608,,61486,61,4,,0,324,,61487,61,4,,0
7201,'5078',802,,61426,61,4,,0,102,,61427,61,4,,0,103,,61428,61,4,,0,106,,61429,61,4,,0,101,,61430,61,4,,0,31,,61431,61,4,,0,70,,61425,61,4,,0,31,,61432,61,4,,0,70,,61433,61,4,,0,31,,61435,61,4,,0,69,,61436,61,4,,0,31,,61437,61,4,,0,69,,61434,61,4,,0,29,,61438,61,4,,0,69,,61439,61,4,,0,30,,61440,61,4,,0,73,,61441,61,4,,0,28,,61442,61,4,,0,69,,61443,61,4,,0,29,,61444,61,4,,0,69,,61445,61,4,,0,29,,61446,61,4,,0,70,,61447,61,4,,0,29,,61448,61,4,,0,69,,61449,61,4,,0,95,,61450,61,4,,0,55,,61451,61,4,,0
9500,'4332',629,,62145,24,4,,0,72,,62146,24,4,,0,22,,62147,24,4,,0,16,,62148,24,4,,0,15,,62149,24,4,,0,55,,62150,24,4,,0,16,,62151,24,4,,0,16,,62152,24,4,,0,15,,62153,24,4,,0,54,,62154,24,4,,0,15,,62155,24,4,,0,15,,62156,24,4,,0,15,,62157,24,4,,0,55,,62158,24,4,,0,15,,62159,24,4,,0,15,,62160,24,4,,0,15,,62161,24,4,,0,55,,62162,24,4,,0,15,,62163,24,4,,0,15,,62164,24,4,,0,14,,62165,24,4,,0,53,,62166,24,4,,0,12,,62167,24,4,,0,12,,62168,24,4,,0,12,,62169,24,4,,0,12,,62170,24,4,,0,52,,62171,24,4,,0,12,,62172,24,4,,0,12,,62173,24,4,,0,12,,62174,24,4,,0,12,,62175,24,4,,0,53,,62176,24,4,,0,12,,62177,24,4,,0,12,,62178,24,4,,0,12,,62179,24,4,,0,11,,62180,24,4,,0,52,,62181,24,4,,0,12,,62182,24,4,,0,12,,62183,24,4,,0,12,,62184,24,4,,0,12,,62185,24,4,,0,52,,62186,24,4,,0,12,,62187,24,4,,0,12,,62188,24,4,,0,13,,62189,24,4,,0,12,,62190,24,4,,0,52,,62191,24,4,,0,12,,62192,24,4,,0,12,,62193,24,4,,0,12,,62194,24,4,,0,12,,62195,24,4,,0,53,,62196,24,4,,0,12,,62197,24,4,,0,13,,62198,24,4,,0,15,,62199,24,4,,0,55,,62200,24,4,,0,15,,62201,24,4,,0,15,,62202,24,4,,0,15,,62203,24,4,,0,55,,62204,24,4,,0,15,,62205,24,4,,0,15,,62206,24,4,,0,15,,62207,24,4,,0,55,,62208,24,4,,0,15,,62209,24,4,,0,15,,62210,24,4,,0,20,,62211,24,4,,0,60,,62212,24,4,,0,20,,62213,24,4,,0,20,,62214,24,4,,0,71,,62215,24,4,,0,30,,62216,24,4,,0,69,,62217,24,4,,0,30,,62218,24,4,,0,68,,62219,24,4,,0,30,,62220,24,4,,0,70,,62221,24,4,,0
9500,'4661',514,,62379,24,4,,0,25,,62369,24,4,,0,18,,62367,24,4,,0,55,,62366,24,4,,0,16,,62368,24,4,,0,12,,62357,24,4,,0,11,,62360,24,4,,0,52,,62380,24,4,,0,8,,62351,24,4,,0,9,,62352,24,4,,0,7,,62358,24,4,,0,8,,62340,24,4,,0,8,,62353,24,4,,0,9,,62347,24,4,,0,49,,62344,24,4,,0,7,,62349,24,4,,0,8,,62338,24,4,,0,7,,62370,24,4,,0,9,,62337,24,4,,0,8,,62335,24,4,,0,9,,62334,24,4,,0,9,,62378,24,4,,0,50,,62336,24,4,,0,10,,62329,24,4,,0,9,,62359,24,4,,0,10,,62327,24,4,,0,11,,62371,24,4,,0,10,,62333,24,4,,0,50,,62342,24,4,,0,10,,62331,24,4,,0,10,,62326,24,4,,0,10,,62317,24,4,,0,11,,62319,24,4,,0,52,,62377,24,4,,0,13,,62316,24,4,,0,12,,62354,24,4,,0,12,,62312,24,4,,0,12,,62372,24,4,,0,53,,62339,24,4,,0,12,,62332,24,4,,0,12,,62310,24,4,,0,12,,62320,24,4,,0,12,,62311,24,4,,0,53,,62375,24,4,,0,13,,62309,24,4,,0,12,,62355,24,4,,0,12,,62307,24,4,,0,12,,62373,24,4,,0,52,,62341,24,4,,0,11,,62328,24,4,,0,10,,62306,24,4,,0,10,,62304,24,4,,0,10,,62318,24,4,,0,10,,62305,24,4,,0,51,,62313,24,4,,0,10,,62376,24,4,,0,11,,62308,24,4,,0,11,,62356,24,4,,0,11,,62300,24,4,,0,50,,62299,24,4,,0,10,,62374,24,4,,0,12,,62343,24,4,,0,10,,62330,24,4,,0,10,,62297,24,4,,0,11,,62295,24,4,,0,51,,62323,24,4,,0,9,,62384,24,4,,0,11,,62315,24,4,,0,8,,62381,24,4,,0,12,,62294,24,4,,0,13,,62365,24,4,,0,51,,62301,24,4,,0,13,,62293,24,4,,0,13,,62346,24,4,,0,11,,62296,24,4,,0,13,,62292,24,4,,0,52,,62324,24,4,,0,12,,62314,24,4,,0,12,,62383,24,4,,0,15,,62364,24,4,,0,55,,62303,24,4,,0,15,,62348,24,4,,0,15,,62298,24,4,,0,15,,62291,24,4,,0,55,,62325,24,4,,0,15,,62382,24,4,,0,15,,62362,24,4,,0,20,,62302,24,4,,0,60,,62350,24,4,,0,20,,62290,24,4,,0,20,,62321,24,4,,0,70,,62363,24,4,,0,30,,62345,24,4,,0,70,,62322,24,4,,0,30,,62361,24,4,,0
9500,'4663',514,,62139,24,4,,0,25,,62129,24,4,,0,18,,62127,24,4,,0,55,,62126,24,4,,0,16,,62128,24,4,,0,12,,62117,24,4,,0,11,,62120,24,4,,0,52,,62140,24,4,,0,8,,62111,24,4,,0,9,,62112,24,4,,0,7,,62118,24,4,,0,8,,62100,24,4,,0,8,,62113,24,4,,0,9,,62107,24,4,,0,49,,62104,24,4,,0,7,,62109,24,4,,0,8,,62098,24,4,,0,7,,62130,24,4,,0,9,,62097,24,4,,0,8,,62095,24,4,,0,9,,62094,24,4,,0,9,,62138,24,4,,0,50,,62096,24,4,,0,10,,62089,24,4,,0,9,,62119,24,4,,0,10,,62087,24,4,,0,11,,62131,24,4,,0,10,,62093,24,4,,0,50,,62102,24,4,,0,10,,62091,24,4,,0,10,,62086,24,4,,0,10,,62077,24,4,,0,11,,62079,24,4,,0,52,,62137,24,4,,0,13,,62076,24,4,,0,12,,62114,24,4,,0,12,,62072,24,4,,0,12,,62132,24,4,,0,53,,62099,24,4,,0,12,,62092,24,4,,0,12,,62070,24,4,,0,12,,62080,24,4,,0,12,,62071,24,4,,0,53,,62135,24,4,,0,13,,62069,24,4,,0,12,,62115,24,4,,0,12,,62067,24,4,,0,12,,62133,24,4,,0,52,,62101,24,4,,0,11,,62088,24,4,,0,10,,62066,24,4,,0,10,,62064,24,4,,0,10,,62078,24,4,,0,10,,62065,24,4,,0,51,,62073,24,4,,0,10,,62136,24,4,,0,11,,62068,24,4,,0,11,,62116,24,4,,0,11,,62060,24,4,,0,50,,62059,24,4,,0,10,,62134,24,4,,0,12,,62103,24,4,,0,10,,62090,24,4,,0,10,,62057,24,4,,0,11,,62055,24,4,,0,51,,62083,24,4,,0,9,,62144,24,4,,0,11,,62075,24,4,,0,8,,62141,24,4,,0,12,,62054,24,4,,0,13,,62125,24,4,,0,51,,62061,24,4,,0,13,,62053,24,4,,0,13,,62106,24,4,,0,11,,62056,24,4,,0,13,,62051,24,4,,0,52,,62084,24,4,,0,12,,62074,24,4,,0,12,,62143,24,4,,0,15,,62124,24,4,,0,55,,62063,24,4,,0,15,,62108,24,4,,0,15,,62058,24,4,,0,15,,62049,24,4,,0,55,,62085,24,4,,0,15,,62142,24,4,,0,15,,62122,24,4,,0,20,,62062,24,4,,0,60,,62110,24,4,,0,20,,62047,24,4,,0,20,,62081,24,4,,0,70,,62123,24,4,,0,30,,62105,24,4,,0,70,,62082,24,4,,0,30,,62121,24,4,,0,70,,62052,24,4,,0,29,,62048,24,4,,0,70,,62050,24,4,,0
9500,'5078',632,,62223,24,4,,0,70,,62224,24,4,,0,20,,62225,24,4,,0,20,,62226,24,4,,0,60,,62227,24,4,,0,15,,62228,24,4,,0,15,,62222,24,4,,0,15,,62229,24,4,,0,55,,62230,24,4,,0,15,,62231,24,4,,0,15,,62232,24,4,,0,15,,62233,24,4,,0,55,,62234,24,4,,0,15,,62235,24,4,,0,15,,62237,24,4,,0,15,,62238,24,4,,0,55,,62236,24,4,,0,15,,62239,24,4,,0,15,,62240,24,4,,0,15,,62241,24,4,,0,55,,62242,24,4,,0,15,,62289,24,4,,0,15,,62243,24,4,,0,15,,62288,24,4,,0,54,,62244,24,4,,0,15,,62287,24,4,,0,15,,62245,24,4,,0,15,,62246,24,4,,0,55,,62247,24,4,,0,15,,62248,24,4,,0,15,,62249,24,4,,0,15,,62250,24,4,,0,55,,62251,24,4,,0,15,,62252,24,4,,0,13,,62253,24,4,,0,12,,62254,24,4,,0,12,,62255,24,4,,0,53,,62256,24,4,,0,12,,62257,24,4,,0,12,,62258,24,4,,0,13,,62259,24,4,,0,12,,62260,24,4,,0,52,,62261,24,4,,0,12,,62262,24,4,,0,14,,62263,24,4,,0,15,,62264,24,4,,0,56,,62265,24,4,,0,15,,62266,24,4,,0,15,,62267,24,4,,0,15,,62268,24,4,,0,55,,62269,24,4,,0,15,,62270,24,4,,0,15,,62271,24,4,,0,15,,62272,24,4,,0,55,,62273,24,4,,0,15,,62274,24,4,,0,15,,62275,24,4,,0,15,,62276,24,4,,0,55,,62277,24,4,,0,15,,62278,24,4,,0,15,,62279,24,4,,0,20,,62280,24,4,,0,60,,62281,24,4,,0,20,,62282,24,4,,0,20,,62283,24,4,,0,71,,62284,24,4,,0,30,,62285,24,4,,0,70,,62286,24,4,,0
24007001,'4332',1152,,63211,19,4,,0,201,,63212,19,4,,0,205,,63213,19,4,,0,192,,63214,19,4,,0,194,,63215,19,4,,0,198,,63216,19,4,,0
24007001,'4661',1151,,63226,19,4,,0,201,,63227,19,4,,0,250,,63228,19,4,,0,198,,63229,19,4,,0,146,,63230,19,4,,0,200,,63231,19,4,,0
24007001,'4663',1151,,63205,19,4,,0,201,,63206,19,4,,0,250,,63207,19,4,,0,198,,63208,19,4,,0,146,,63209,19,4,,0,200,,63210,19,4,,0
24007001,'5078',1144,,63218,19,4,,0,207,,63219,19,4,,0,204,,63220,19,4,,0,197,,63221,19,4,,0,194,,63222,19,4,,0,197,,63223,19,4,,0
