300,'4487',651,,14731,,,0,70,,14734,,,0,28,,14729,,,0,69,,14739,,,0,30,,14733,,,0,69,,14728,,,0,30,,14740,,,0,70,,14730,,,0,24,,14727,,,0,75,,14732,,,0,24,,14737,,,0,74,,14735,,,0,26,,14738,,,0,74,,14743,,,0,26,,14736,,,0,79,,14742,,,0,26,,14741,,,0,84,,14744,,,0,25,,14748,,,0,75,,14746,,,0,71,,14745,,,0,35,,14747,,,0,66,,14749,,,0,31,,14752,,,0,70,,14753,,,0,32,,14750,,,0,70,,14751,,,0,30,,14754,,,0,85,,14755,0,5,0
300,'4743',651,,10861,,,0,70,,10864,,,0,28,,10859,,,0,69,,10869,,,0,30,,10863,,,0,69,,10858,,,0,30,,10870,,,0,70,,10860,,,0,24,,10857,,,0,75,,10862,,,0,24,,10867,,,0,74,,10865,,,0,26,,10868,,,0,74,,10873,,,0,26,,10866,,,0,79,,10872,,,0,26,,10871,,,0,84,,10874,,,0,25,,10878,,,0,75,,10876,,,0,71,,10875,,,0,35,,10877,,,0,66,,10879,,,0,31,,10882,,,0,70,,10883,,,0,32,,10880,,,0,70,,10881,,,0,30,,10884,,,0,85,,10885,0,5,0
300,'4744',612,,14784,,,0,33,,14783,,,0,74,,14782,,,0,40,,14781,,,0,77,,14780,,,0,76,,14779,,,0,27,,14772,,,0,72,,14773,,,0,26,,14771,,,0,72,,14770,,,0,27,,14776,,,0,78,,14768,,,0,27,,14769,,,0,73,,14775,,,0,27,,14767,,,0,77,,14766,,,0,31,,14774,,,0,78,,14765,,,0,74,,14764,,,0,33,,14777,,,0,75,,14763,,,0,34,,14762,,,0,68,,14778,,,0,31,,14761,,,0,69,,14760,,,0,26,,14758,,,0,65,,14757,,,0,31,,14756,,,0,86,,14759,0,5,0
300,'4745',706,,14809,,,0,44,,14806,,,0,79,,14808,,,0,85,,14804,,,0,33,,14807,,,0,81,,14796,,,0,19,,14803,,,0,70,,14802,,,0,30,,14795,,,0,69,,14805,,,0,29,,14800,,,0,70,,14786,,,0,30,,14785,,,0,77,,14797,,,0,28,,14787,,,0,75,,14798,,,0,31,,14792,,,0,70,,14789,,,0,31,,14788,,,0,70,,14791,,,0,31,,14793,,,0,70,,14790,,,0,30,,14794,,,0,76,,14799,,,0,83,,14801,0,5,0
300,'4935',612,,295,,,0,33,,294,,,0,74,,293,,,0,40,,292,,,0,77,,291,,,0,76,,290,,,0,27,,283,,,0,72,,284,,,0,26,,282,,,0,72,,281,,,0,27,,287,,,0,78,,279,,,0,27,,280,,,0,73,,286,,,0,27,,278,,,0,77,,277,,,0,31,,285,,,0,78,,276,,,0,74,,275,,,0,33,,288,,,0,75,,274,,,0,34,,273,,,0,68,,289,,,0,31,,272,,,0,69,,271,,,0,26,,269,,,0,65,,268,,,0,31,,267,,,0,86,,270,0,5,0
300,'4941',612,,324,,,0,33,,323,,,0,74,,322,,,0,40,,321,,,0,77,,320,,,0,76,,319,,,0,27,,312,,,0,72,,313,,,0,26,,311,,,0,72,,310,,,0,27,,316,,,0,78,,308,,,0,27,,309,,,0,73,,315,,,0,27,,307,,,0,77,,306,,,0,31,,314,,,0,78,,305,,,0,74,,304,,,0,33,,317,,,0,75,,303,,,0,34,,302,,,0,68,,318,,,0,31,,301,,,0,69,,300,,,0,26,,298,,,0,65,,297,,,0,31,,296,,,0,86,,299,0,5,0
300,'4943',651,,329,,,0,70,,332,,,0,28,,327,,,0,69,,337,,,0,30,,331,,,0,69,,326,,,0,30,,338,,,0,70,,328,,,0,24,,325,,,0,75,,330,,,0,24,,335,,,0,74,,333,,,0,26,,336,,,0,74,,341,,,0,26,,334,,,0,79,,340,,,0,26,,339,,,0,84,,342,,,0,25,,346,,,0,75,,344,,,0,71,,343,,,0,35,,345,,,0,66,,347,,,0,31,,350,,,0,70,,351,,,0,32,,348,,,0,70,,349,,,0,30,,352,,,0,85,,353,0,5,0
300,'4945',706,,378,,,0,44,,375,,,0,79,,377,,,0,85,,373,,,0,33,,376,,,0,81,,365,,,0,19,,372,,,0,70,,371,,,0,30,,364,,,0,69,,374,,,0,29,,369,,,0,70,,355,,,0,30,,354,,,0,77,,366,,,0,28,,356,,,0,75,,367,,,0,31,,361,,,0,70,,358,,,0,31,,357,,,0,70,,360,,,0,31,,362,,,0,70,,359,,,0,30,,363,,,0,76,,368,,,0,83,,370,0,5,0
300,'4947',612,,14838,,,0,33,,14837,,,0,74,,14836,,,0,40,,14835,,,0,77,,14834,,,0,76,,14833,,,0,27,,14826,,,0,72,,14827,,,0,26,,14825,,,0,72,,14824,,,0,27,,14830,,,0,78,,14822,,,0,27,,14823,,,0,73,,14829,,,0,27,,14821,,,0,77,,14820,,,0,31,,14828,,,0,78,,14819,,,0,74,,14818,,,0,33,,14831,,,0,75,,14817,,,0,34,,14816,,,0,68,,14832,,,0,31,,14815,,,0,69,,14814,,,0,26,,14812,,,0,65,,14811,,,0,31,,14810,,,0,86,,14813,0,5,0
300,'4952',612,,14867,,,0,33,,14866,,,0,74,,14865,,,0,40,,14864,,,0,77,,14863,,,0,76,,14862,,,0,27,,14855,,,0,72,,14856,,,0,26,,14854,,,0,72,,14853,,,0,27,,14859,,,0,78,,14851,,,0,27,,14852,,,0,73,,14858,,,0,27,,14850,,,0,77,,14849,,,0,31,,14857,,,0,78,,14848,,,0,74,,14847,,,0,33,,14860,,,0,75,,14846,,,0,34,,14845,,,0,68,,14861,,,0,31,,14844,,,0,69,,14843,,,0,26,,14841,,,0,65,,14840,,,0,31,,14839,,,0,86,,14842,0,5,0
300,'4953',651,,14872,,,0,70,,14875,,,0,28,,14870,,,0,69,,14880,,,0,30,,14874,,,0,69,,14869,,,0,30,,14881,,,0,70,,14871,,,0,24,,14868,,,0,75,,14873,,,0,24,,14878,,,0,74,,14876,,,0,26,,14879,,,0,74,,14884,,,0,26,,14877,,,0,79,,14883,,,0,26,,14882,,,0,84,,14885,,,0,25,,14889,,,0,75,,14887,,,0,71,,14886,,,0,35,,14888,,,0,66,,14890,,,0,31,,14893,,,0,70,,14894,,,0,32,,14891,,,0,70,,14892,,,0,30,,14895,,,0,85,,14896,0,5,0
300,'4954',706,,14921,,,0,44,,14918,,,0,79,,14920,,,0,85,,14916,,,0,33,,14919,,,0,81,,14908,,,0,19,,14915,,,0,70,,14914,,,0,30,,14907,,,0,69,,14917,,,0,29,,14912,,,0,70,,14898,,,0,30,,14897,,,0,77,,14909,,,0,28,,14899,,,0,75,,14910,,,0,31,,14904,,,0,70,,14901,,,0,31,,14900,,,0,70,,14903,,,0,31,,14905,,,0,70,,14902,,,0,30,,14906,,,0,76,,14911,,,0,83,,14913,0,5,0
