4701,'4737',1721,,12098,50,,,0,30,,12099,50,,,0,65,,12100,50,,,0
4701,'4744',1721,,12101,50,,,0,30,,12102,50,,,0,65,,12103,50,,,0
4701,'4947',1721,,12104,50,,,0,30,,12105,50,,,0,65,,12106,50,,,0
5800,'4487',701,,13328,8,,,0,100,,13329,8,,,0,101,,13330,8,,,0,106,,13331,8,,,0,105,,13326,8,,,0,105,,13327,8,,,0,100,,13325,8,,,0,111,,13323,8,,,0,100,,13324,8,,,0,110,,13322,8,,,0,99,,13317,8,,,0,104,,13318,8,,,0,100,,13319,8,,,0,105,,13320,8,,,0,154,,13321,8,,,0,110,,13316,8,,,0
5800,'4737',628,,13336,8,,,0,31,,13345,8,,,0,80,,13333,8,,,0,80,,13332,8,,,0,23,,13339,8,,,0,72,,13335,8,,,0,43,,13334,8,,,0,86,,13337,8,,,0,85,,13338,8,,,0,85,,13340,8,,,0,45,,13342,8,,,0,86,,13341,8,,,0,87,,13343,8,,,0,24,,13353,8,,,0,60,,13344,8,,,0,16,,13354,8,,,0,27,,13346,8,,,0,92,,13347,8,,,0,85,,13348,8,,,0,87,,13349,8,,,0,85,,13350,8,,,0,145,,13351,8,,,0,150,,13352,8,,,0,108,,13355,8,,,0
5800,'4740',701,,13368,8,,,0,100,,13369,8,,,0,101,,13370,8,,,0,106,,13371,8,,,0,105,,13366,8,,,0,105,,13367,8,,,0,100,,13365,8,,,0,111,,13363,8,,,0,100,,13364,8,,,0,110,,13362,8,,,0,99,,13357,8,,,0,104,,13358,8,,,0,100,,13359,8,,,0,105,,13360,8,,,0,154,,13361,8,,,0,110,,13356,8,,,0
5800,'4744',628,,13376,8,,,0,31,,13385,8,,,0,80,,13373,8,,,0,80,,13372,8,,,0,23,,13379,8,,,0,72,,13375,8,,,0,43,,13374,8,,,0,86,,13377,8,,,0,85,,13378,8,,,0,85,,13380,8,,,0,45,,13382,8,,,0,86,,13381,8,,,0,87,,13383,8,,,0,24,,13393,8,,,0,60,,13384,8,,,0,16,,13394,8,,,0,27,,13386,8,,,0,92,,13387,8,,,0,85,,13388,8,,,0,87,,13389,8,,,0,85,,13390,8,,,0,145,,13391,8,,,0,150,,13392,8,,,0,108,,13395,8,,,0
5800,'4745',800,,13396,8,,,0,102,,13400,8,,,0,105,,13397,8,,,0,106,,13401,8,,,0,105,,13399,8,,,0,100,,13402,8,,,0,111,,13398,8,,,0,100,,13403,8,,,0,109,,13404,8,,,0,100,,13406,8,,,0,103,,13405,8,,,0,100,,13407,8,,,0,105,,13408,8,,,0,199,,13409,8,,,0
5800,'4947',628,,13414,8,,,0,31,,13423,8,,,0,80,,13411,8,,,0,80,,13410,8,,,0,23,,13417,8,,,0,72,,13413,8,,,0,43,,13412,8,,,0,86,,13415,8,,,0,85,,13416,8,,,0,85,,13418,8,,,0,45,,13420,8,,,0,86,,13419,8,,,0,87,,13421,8,,,0,24,,13431,8,,,0,60,,13422,8,,,0,16,,13432,8,,,0,27,,13424,8,,,0,92,,13425,8,,,0,85,,13426,8,,,0,87,,13427,8,,,0,85,,13428,8,,,0,145,,13429,8,,,0,150,,13430,8,,,0,108,,13433,8,,,0
5800,'4954',800,,13434,8,,,0,102,,13438,8,,,0,105,,13435,8,,,0,106,,13439,8,,,0,105,,13437,8,,,0,100,,13440,8,,,0,111,,13436,8,,,0,100,,13441,8,,,0,109,,13442,8,,,0,100,,13444,8,,,0,103,,13443,8,,,0,100,,13445,8,,,0,105,,13446,8,,,0,199,,13447,8,,,0
