7000,'4623',532,,74797,22,,,0,94,,74787,22,,,0,94,,74784,22,,,0,104,,74788,22,,,0,100,,74782,22,,,0,84,,74798,22,,,0,16,,74785,22,,,0,99,,74796,22,,,0,84,,74799,22,,,0,16,,74794,22,,,0,100,,74783,22,,,0,82,,74800,22,,,0,18,,74790,22,,,0,100,,74792,22,,,0,81,,74801,22,,,0,18,,74786,22,,,0,101,,74789,22,,,0,86,,74802,22,,,0,18,,74791,22,,,0,97,,74803,22,,,0,100,,74793,22,,,0,208,,74795,22,,,0
7000,'4833',531,,74825,22,,,0,95,,74824,22,,,0,100,,74826,22,,,0,85,,74805,22,,,0,14,,74806,22,,,0,99,,74807,22,,,0,87,,74808,22,,,0,13,,74804,22,,,0,100,,74809,22,,,0,84,,74810,22,,,0,16,,74811,22,,,0,84,,74827,22,,,0,16,,74812,22,,,0,84,,74813,22,,,0,15,,74814,22,,,0,101,,74815,22,,,0,84,,74816,22,,,0,15,,74817,22,,,0,83,,74828,22,,,0,18,,74818,22,,,0,84,,74819,22,,,0,16,,74820,22,,,0,83,,74829,22,,,0,19,,74823,22,,,0,84,,74830,22,,,0,15,,74821,22,,,0,211,,74822,22,,,0
7000,'5015',531,,74852,22,,,0,95,,74851,22,,,0,100,,74853,22,,,0,85,,74832,22,,,0,14,,74833,22,,,0,99,,74834,22,,,0,87,,74835,22,,,0,13,,74831,22,,,0,100,,74836,22,,,0,84,,74837,22,,,0,16,,74838,22,,,0,100,,74839,22,,,0,84,,74840,22,,,0,15,,74841,22,,,0,101,,74842,22,,,0,84,,74843,22,,,0,15,,74844,22,,,0,101,,74845,22,,,0,84,,74846,22,,,0,16,,74847,22,,,0,102,,74850,22,,,0,99,,74848,22,,,0,211,,74849,22,,,0
7000,'5078',627,,61106,22,,,0,100,,61120,22,,,0,99,,61100,22,,,0,100,,61119,22,,,0,84,,61101,22,,,0,14,,61102,22,,,0,100,,61103,22,,,0,84,,61104,22,,,0,16,,61105,22,,,0,100,,61107,22,,,0,84,,61108,22,,,0,16,,61109,22,,,0,100,,61110,22,,,0,84,,61111,22,,,0,16,,61112,22,,,0,100,,61113,22,,,0,85,,61114,22,,,0,15,,61115,22,,,0,101,,61116,22,,,0,101,,61117,22,,,0,100,,61121,22,,,0,110,,61118,22,,,0
7000,'5222',532,,74869,22,,,0,94,,74859,22,,,0,94,,74856,22,,,0,104,,74860,22,,,0,100,,74854,22,,,0,84,,74870,22,,,0,16,,74857,22,,,0,99,,74868,22,,,0,84,,74871,22,,,0,16,,74866,22,,,0,100,,74855,22,,,0,82,,74872,22,,,0,18,,74862,22,,,0,100,,74864,22,,,0,81,,74873,22,,,0,18,,74858,22,,,0,101,,74861,22,,,0,86,,74874,22,,,0,18,,74863,22,,,0,97,,74875,22,,,0,100,,74865,22,,,0,208,,74867,22,,,0
7000,'5365',627,,74882,22,,,0,100,,74896,22,,,0,99,,74876,22,,,0,100,,74895,22,,,0,84,,74877,22,,,0,14,,74878,22,,,0,100,,74879,22,,,0,84,,74880,22,,,0,16,,74881,22,,,0,84,,74898,22,,,0,16,,74883,22,,,0,84,,74884,22,,,0,16,,74885,22,,,0,100,,74886,22,,,0,84,,74887,22,,,0,16,,74888,22,,,0,100,,74889,22,,,0,85,,74890,22,,,0,15,,74891,22,,,0,101,,74892,22,,,0,101,,74893,22,,,0,100,,74897,22,,,0,110,,74894,22,,,0
7000,'5390',627,,74905,22,,,0,100,,74919,22,,,0,84,,74922,22,,,0,15,,74899,22,,,0,85,,74923,22,,,0,15,,74918,22,,,0,84,,74900,22,,,0,14,,74901,22,,,0,85,,74924,22,,,0,15,,74902,22,,,0,84,,74903,22,,,0,16,,74904,22,,,0,84,,74921,22,,,0,16,,74906,22,,,0,85,,74907,22,,,0,15,,74908,22,,,0,85,,74925,22,,,0,15,,74909,22,,,0,84,,74910,22,,,0,16,,74911,22,,,0,82,,74926,22,,,0,18,,74912,22,,,0,85,,74913,22,,,0,15,,74914,22,,,0,84,,74927,22,,,0,17,,74915,22,,,0,84,,74928,22,,,0,17,,74916,22,,,0,100,,74920,22,,,0,110,,74917,22,,,0
7100,'4623',1604,,75027,28,,,0,104,,75028,28,,,0,103,,75029,28,,,0
7100,'5222',1604,,75030,28,,,0,104,,75031,28,,,0,103,,75032,28,,,0
7200,'4623',618,,75063,47,,,0,29,,75057,47,,,0,79,,75046,47,,,0,29,,75062,47,,,0,70,,75069,47,,,0,30,,75050,47,,,0,71,,75064,47,,,0,29,,75058,47,,,0,70,,75042,47,,,0,31,,75065,47,,,0,69,,75054,47,,,0,32,,75048,47,,,0,68,,75040,47,,,0,30,,75041,47,,,0,69,,75047,47,,,0,30,,75039,47,,,0,70,,75070,47,,,0,30,,75043,47,,,0,70,,75051,47,,,0,30,,75045,47,,,0,70,,75044,47,,,0,29,,75049,47,,,0,71,,75052,47,,,0,30,,75071,47,,,0,73,,75059,47,,,0,28,,75053,47,,,0,71,,75056,47,,,0,29,,75055,47,,,0,70,,75061,47,,,0,32,,75067,47,,,0,70,,75060,47,,,0,100,,75066,47,,,0,99,,75068,47,,,0,116,,75072,47,0,10 11 12,0
7200,'4833',628,,75073,47,,,0,99,,75074,47,,,0,32,,75075,47,,,0,69,,75076,47,,,0,29,,75077,47,,,0,70,,75078,47,,,0,30,,75079,47,,,0,70,,75080,47,,,0,30,,75081,47,,,0,69,,75082,47,,,0,30,,75083,47,,,0,70,,75084,47,,,0,30,,75085,47,,,0,70,,75086,47,,,0,29,,75087,47,,,0,70,,75088,47,,,0,30,,75089,47,,,0,70,,75090,47,,,0,30,,75091,47,,,0,70,,75092,47,,,0,30,,75093,47,,,0,70,,75094,47,,,0,30,,75095,47,,,0,70,,75096,47,,,0,30,,75097,47,,,0,70,,75098,47,,,0,31,,75099,47,,,0,70,,75100,47,,,0,30,,75101,47,,,0,70,,75102,47,,,0,100,,75103,47,,,0,100,,75104,47,,,0,118,,75105,47,0,10 11 12,0
7200,'5015',628,,75106,47,,,0,99,,75107,47,,,0,32,,75108,47,,,0,69,,75109,47,,,0,29,,75110,47,,,0,70,,75111,47,,,0,30,,75112,47,,,0,70,,75113,47,,,0,30,,75114,47,,,0,69,,75115,47,,,0,30,,75116,47,,,0,70,,75117,47,,,0,30,,75118,47,,,0,70,,75119,47,,,0,29,,75120,47,,,0,70,,75121,47,,,0,30,,75122,47,,,0,70,,75123,47,,,0,30,,75124,47,,,0,70,,75125,47,,,0,30,,75126,47,,,0,70,,75127,47,,,0,30,,75128,47,,,0,70,,75129,47,,,0,30,,75130,47,,,0,70,,75131,47,,,0,31,,75132,47,,,0,70,,75133,47,,,0,30,,75134,47,,,0,70,,75135,47,,,0,100,,75136,47,,,0,100,,75137,47,,,0,118,,75138,47,0,10 11 12,0
7200,'5078',727,,61293,47,,,0,100,,61294,47,,,0,100,,61297,47,,,0,100,,61295,47,,,0,99,,61296,47,,,0,30,,61298,47,,,0,70,,61299,47,,,0,30,,61300,47,,,0,69,,61301,47,,,0,30,,61302,47,,,0,70,,61303,47,,,0,30,,61304,47,,,0,70,,61305,47,,,0,30,,61306,47,,,0,70,,61307,47,,,0,30,,61308,47,,,0,70,,61309,47,,,0,30,,61310,47,,,0,70,,61311,47,,,0,31,,61312,47,,,0,70,,61313,47,,,0,30,,61314,47,,,0,71,,61315,47,,,0,99,,61316,47,,,0,100,,61317,47,,,0,102,,61318,47,,,0,75,,61319,47,0,10 11 12,0
7200,'5222',618,,75163,47,,,0,29,,75157,47,,,0,79,,75146,47,,,0,29,,75162,47,,,0,70,,75169,47,,,0,30,,75150,47,,,0,71,,75164,47,,,0,29,,75158,47,,,0,70,,75142,47,,,0,31,,75165,47,,,0,69,,75154,47,,,0,32,,75148,47,,,0,68,,75140,47,,,0,30,,75141,47,,,0,69,,75147,47,,,0,30,,75139,47,,,0,70,,75170,47,,,0,30,,75143,47,,,0,70,,75151,47,,,0,30,,75145,47,,,0,70,,75144,47,,,0,29,,75149,47,,,0,71,,75152,47,,,0,30,,75171,47,,,0,73,,75159,47,,,0,28,,75153,47,,,0,71,,75156,47,,,0,29,,75155,47,,,0,70,,75161,47,,,0,32,,75167,47,,,0,70,,75160,47,,,0,100,,75166,47,,,0,99,,75168,47,,,0,116,,75172,47,0,10 11 12,0
7200,'5365',727,,75173,47,,,0,100,,75174,47,,,0,100,,75177,47,,,0,100,,75175,47,,,0,99,,75176,47,,,0,30,,75178,47,,,0,70,,75179,47,,,0,30,,75180,47,,,0,69,,75181,47,,,0,30,,75182,47,,,0,70,,75183,47,,,0,30,,75184,47,,,0,70,,75185,47,,,0,30,,75186,47,,,0,70,,75187,47,,,0,30,,75188,47,,,0,70,,75189,47,,,0,30,,75190,47,,,0,70,,75191,47,,,0,31,,75192,47,,,0,70,,75193,47,,,0,30,,75194,47,,,0,71,,75195,47,,,0,99,,75196,47,,,0,100,,75197,47,,,0,102,,75198,47,,,0,75,,75199,47,0,10 11 12,0
7200,'5390',727,,75200,47,,,0,100,,75201,47,,,0,100,,75204,47,,,0,100,,75202,47,,,0,99,,75203,47,,,0,30,,75205,47,,,0,70,,75206,47,,,0,30,,75207,47,,,0,69,,75208,47,,,0,30,,75209,47,,,0,70,,75210,47,,,0,30,,75211,47,,,0,70,,75212,47,,,0,30,,75213,47,,,0,70,,75214,47,,,0,30,,75215,47,,,0,70,,75216,47,,,0,30,,75217,47,,,0,70,,75218,47,,,0,31,,75219,47,,,0,70,,75220,47,,,0,30,,75221,47,,,0,71,,75222,47,,,0,99,,75223,47,,,0,100,,75224,47,,,0,102,,75225,47,,,0,75,,75226,47,0,10 11 12,0
8100,'4623',617,,75845,23,,,0,189,,75846,23,,,0,123,,75847,23,,,0,97,,75848,23,,,0,100,,75849,23,,,0,100,,75850,23,,,0,100,,75851,23,,,0,100,,75852,23,,,0,100,,75853,23,,,0,100,,75854,23,,,0,100,,75855,23,,,0,87,,75856,23,,,0,115,,75857,23,,,0,99,,75858,23,,,0,107,,75859,23,0,44 49,0
8100,'4833',828,,75860,23,,,0,100,,75861,23,,,0,100,,75862,23,,,0,99,,75863,23,,,0,100,,75864,23,,,0,100,,75865,23,,,0,101,,75866,23,,,0,100,,75867,23,,,0,100,,75868,23,,,0,100,,75869,23,,,0,100,,75870,23,,,0,101,,75871,23,,,0,100,,75872,23,,,0,101,,75873,23,0,44 49,0
8100,'5015',828,,75874,23,,,0,100,,75875,23,,,0,100,,75876,23,,,0,99,,75877,23,,,0,100,,75878,23,,,0,100,,75879,23,,,0,101,,75880,23,,,0,100,,75881,23,,,0,100,,75882,23,,,0,100,,75883,23,,,0,100,,75884,23,,,0,101,,75885,23,,,0,100,,75886,23,,,0,101,,75887,23,0,44 49,0
8100,'5078',827,,61782,23,,,0,101,,61781,23,,,0,99,,61783,23,,,0,100,,61784,23,,,0,100,,61785,23,,,0,100,,61786,23,,,0,100,,61787,23,,,0,100,,61788,23,,,0,100,,61789,23,,,0,100,,61790,23,,,0,100,,61791,23,,,0,101,,61792,23,,,0,102,,61793,23,,,0,104,,61794,23,0,44 49,0
8100,'5222',617,,75888,23,,,0,189,,75889,23,,,0,123,,75890,23,,,0,97,,75891,23,,,0,100,,75892,23,,,0,100,,75893,23,,,0,100,,75894,23,,,0,100,,75895,23,,,0,100,,75896,23,,,0,100,,75897,23,,,0,100,,75898,23,,,0,87,,75899,23,,,0,115,,75900,23,,,0,99,,75901,23,,,0,107,,75902,23,0,44 49,0
8100,'5365',827,,75904,23,,,0,101,,75903,23,,,0,99,,75905,23,,,0,100,,75906,23,,,0,100,,75907,23,,,0,100,,75908,23,,,0,100,,75909,23,,,0,100,,75910,23,,,0,100,,75911,23,,,0,100,,75912,23,,,0,100,,75913,23,,,0,101,,75914,23,,,0,102,,75915,23,,,0,104,,75916,23,0,44 49,0
8100,'5390',827,,75918,23,,,0,101,,75917,23,,,0,99,,75919,23,,,0,100,,75920,23,,,0,100,,75921,23,,,0,100,,75922,23,,,0,100,,75923,23,,,0,100,,75924,23,,,0,100,,75925,23,,,0,100,,75926,23,,,0,100,,75927,23,,,0,101,,75928,23,,,0,102,,75929,23,,,0,104,,75930,23,0,44 49,0
8500,'4623',712,,76077,45,,,0,98,,76078,45,,,0,200,,76079,45,,,0,200,,76080,45,,,0,200,,76081,45,,,0,200,,76082,45,,,0,199,,76083,45,,,0,199,,76084,45,,,0
8500,'4833',917,,76087,45,,,0,300,,76088,45,,,0,306,,76085,45,,,0,299,,76086,45,,,0
8500,'5015',917,,76091,45,,,0,300,,76092,45,,,0,306,,76089,45,,,0,299,,76090,45,,,0
8500,'5078',912,,61929,49,,,0,300,,61930,49,,,0,306,,61927,49,,,0,299,,61928,49,,,0
8500,'5222',712,,76093,45,,,0,98,,76094,45,,,0,200,,76095,45,,,0,200,,76096,45,,,0,200,,76097,45,,,0,200,,76098,45,,,0,199,,76099,45,,,0,199,,76100,45,,,0
8500,'5365',917,,76103,45,,,0,300,,76104,45,,,0,306,,76101,45,,,0,299,,76102,45,,,0
8500,'5390',917,,76107,45,,,0,300,,76108,45,,,0,306,,76105,45,,,0,299,,76106,45,,,0
8700,'4623',749,,76110,40,,,0,201,,76109,40,,,0,201,,76111,40,,,0,205,,76115,33,,,0,195,,76113,40,,,0,201,,76114,40,,,0
8700,'5222',749,,76117,40,,,0,201,,76116,40,,,0,201,,76118,40,,,0,205,,76122,33,,,0,195,,76120,40,,,0,201,,76121,40,,,0
8800,'4623',850,,76135,14,,,0,200,,76136,14,,,0,201,,76137,14,,,0,200,,76138,14,,,0,200,,76139,14,,,0,206,,76140,14,,,0
8800,'4833',825,,76149,14,,,0,98,,76150,14,,,0,100,,76151,14,,,0,100,,76152,14,,,0,100,,76153,14,,,0,99,,76154,14,,,0,100,,76145,14,,,0,100,,76146,14,,,0,100,,76147,14,,,0,100,,76148,14,,,0,98,,76142,14,,,0,100,,76143,14,,,0,101,,76144,14,,,0,100,,76141,14,,,0
8800,'5015',825,,76163,14,,,0,98,,76164,14,,,0,100,,76165,14,,,0,100,,76166,14,,,0,100,,76167,14,,,0,99,,76168,14,,,0,100,,76159,14,,,0,100,,76160,14,,,0,100,,76161,14,,,0,100,,76162,14,,,0,98,,76156,14,,,0,100,,76157,14,,,0,101,,76158,14,,,0,100,,76155,14,,,0
8800,'5078',825,,61990,14,,,0,94,,61991,14,,,0,100,,61992,14,,,0,101,,61993,14,,,0,101,,61994,14,,,0,100,,61995,14,,,0,99,,61986,14,,,0,99,,61987,14,,,0,100,,61988,14,,,0,101,,61989,14,,,0,102,,61997,14,,,0,99,,61998,14,,,0,99,,61985,14,,,0,98,,61996,14,,,0
8800,'5222',850,,76169,14,,,0,200,,76170,14,,,0,201,,76171,14,,,0,200,,76172,14,,,0,200,,76173,14,,,0,206,,76174,14,,,0
8800,'5365',825,,76180,14,,,0,94,,76181,14,,,0,100,,76182,14,,,0,101,,76183,14,,,0,101,,76184,14,,,0,100,,76185,14,,,0,99,,76176,14,,,0,99,,76177,14,,,0,100,,76178,14,,,0,101,,76179,14,,,0,102,,76187,14,,,0,99,,76188,14,,,0,99,,76175,14,,,0,98,,76186,14,,,0
8800,'5390',825,,76194,14,,,0,94,,76195,14,,,0,100,,76196,14,,,0,101,,76197,14,,,0,101,,76198,14,,,0,100,,76199,14,,,0,99,,76190,14,,,0,99,,76191,14,,,0,100,,76192,14,,,0,101,,76193,14,,,0,102,,76201,14,,,0,99,,76202,14,,,0,99,,76189,14,,,0,98,,76200,14,,,0
