2501,'4663',643,,57137,46,,,0,81,,57140,46,,,0,80,,57134,46,0,6 7,0,39,,57133,46,,,0,111,,57143,46,,,0,101,,57139,46,,,0,100,,57136,46,,,0,100,,57135,46,,,0,100,,57138,46,,,0,148,,57142,46,,,0,54,,57141,46,,,0,101,,57144,46,,,0,79,,57145,46,,,0,83,,57146,46,,,0,83,,57147,46,,,0,53,,57148,46,,,0,103,,57149,46,,,0,170,,57150,46,,,0,129,,57151,46,,,0
2501,'5372',643,,41782,46,,,0,81,,41785,46,,,0,80,,41779,46,0,6 7,0,39,,41778,46,,,0,111,,41788,46,,,0,101,,41784,46,,,0,100,,41781,46,,,0,100,,41780,46,,,0,100,,41783,46,,,0,148,,41787,46,,,0,54,,41786,46,,,0,180,,41789,46,,,0,83,,41790,46,,,0,83,,41791,46,,,0,53,,41792,46,,,0,103,,41793,46,,,0,170,,41794,46,,,0,129,,41795,46,,,0
2501,'5373',1658,,41831,46,,,0
2501,'5377',903,,41833,46,,,0,131,,41832,46,,,0,170,,41834,46,,,0,131,,41835,46,,,0,172,,41836,46,,,0,131,,41837,46,,,0,167,,41838,46,,,0,129,,41839,46,,,0,169,,41840,46,,,0,125,,41841,46,,,0,129,,41842,46,,,0
2501,'5381',1658,,50129,46,,,0
2501,'5383',747,,57155,46,,,0,100,,57152,46,,,0,106,,57154,46,,,0,103,,57153,46,,,0,99,,57161,46,,,0,95,,57158,46,,,0,100,,57157,46,,,0,99,,57156,46,,,0,100,,57159,46,,,0,101,,57160,46,,,0,158,,57162,46,,,0,127,,57163,46,,,0,165,,57164,46,,,0,129,,57165,46,,,0,130,,57166,46,,,0
2501,'5384',903,,57168,46,,,0,131,,57167,46,,,0,170,,57169,46,,,0,131,,57170,46,,,0,172,,57171,46,,,0,131,,57172,46,,,0,167,,57173,46,,,0,129,,57174,46,,,0,169,,57175,46,,,0,125,,57176,46,,,0,129,,57177,46,,,0
2501,'5385',643,,57182,46,,,0,81,,57185,46,,,0,80,,57179,46,0,6 7,0,39,,57178,46,,,0,111,,57188,46,,,0,101,,57184,46,,,0,100,,57181,46,,,0,100,,57180,46,,,0,100,,57183,46,,,0,148,,57187,46,,,0,54,,57186,46,,,0,180,,57189,46,,,0,83,,57190,46,,,0,83,,57191,46,,,0,53,,57192,46,,,0,103,,57193,46,,,0,170,,57194,46,,,0,129,,57195,46,,,0
2501,'5387',1658,,57196,46,,,0
2501,'5388',1658,,57197,46,,,0
