3800,'4623',607,,72301,4,,,0,33,,72302,4,,,0,70,,72299,4,,,0,24,,72298,4,,,0,70,,72306,4,,,0,30,,72300,4,,,0,70,,72304,4,,,0,100,,72305,4,,,0,101,,72303,4,,,0,101,,72307,4,,,0,101,,72309,4,,,0,94,,72314,4,,,0,39,,72311,4,,,0,70,,72316,4,,,0,29,,72308,4,,,0,71,,72310,4,,,0,36,,72313,4,,,0,74,,72312,4,,,0,84,,72318,4,,,0,105,,72315,4,,,0,102,,72317,4,,,0
3800,'5222',607,,72322,4,,,0,33,,72323,4,,,0,70,,72320,4,,,0,24,,72319,4,,,0,70,,72327,4,,,0,30,,72321,4,,,0,70,,72325,4,,,0,100,,72326,4,,,0,101,,72324,4,,,0,101,,72328,4,,,0,101,,72330,4,,,0,94,,72335,4,,,0,39,,72332,4,,,0,70,,72337,4,,,0,29,,72329,4,,,0,71,,72331,4,,,0,36,,72334,4,,,0,74,,72333,4,,,0,84,,72339,4,,,0,105,,72336,4,,,0,102,,72338,4,,,0
4600,'4623',556,,72784,4,,,0,57,,72796,4,,,0,28,,72786,4,,,0,69,,72785,4,,,0,36,,72797,4,,,0,100,,72793,4,,,0,95,,72787,4,,,0,377,,72789,4,,,0,110,,72788,4,,,0,73,,72790,4,,,0,36,,72794,4,,,0,96,,72791,4,,,0,69,,72792,4,,,0,49,,72795,4,,,0
4600,'5222',556,,72798,4,,,0,57,,72810,4,,,0,28,,72800,4,,,0,69,,72799,4,,,0,36,,72811,4,,,0,100,,72807,4,,,0,95,,72801,4,,,0,377,,72803,4,,,0,110,,72802,4,,,0,73,,72804,4,,,0,36,,72808,4,,,0,96,,72805,4,,,0,69,,72806,4,,,0,49,,72809,4,,,0
5800,'4623',632,,73830,12,,,0,71,,73831,12,,,0,38,,73832,12,,,0,81,,73833,12,,,0,95,,73841,12,,,0,84,,73834,12,,,0,46,,73843,12,,,0,85,,73835,12,,,0,85,,73842,12,,,0,86,,73836,12,,,0,46,,73844,12,,,0,88,,73837,12,,,0,83,,73838,12,,,0,83,,73839,12,,,0,50,,73845,12,,,0,87,,73840,12,,,0,85,,73846,12,,,0,85,,73847,12,,,0,146,,73849,12,,,0,150,,73848,12,,,0,108,,73850,12,,,0
5800,'4833',704,,73863,12,,,0,100,,73864,12,,,0,101,,73865,12,,,0,106,,73866,12,,,0,105,,73861,12,,,0,105,,73862,12,,,0,100,,73860,12,,,0,112,,73858,12,,,0,100,,73859,12,,,0,109,,73857,12,,,0,99,,73852,12,,,0,104,,73853,12,,,0,100,,73854,12,,,0,105,,73855,12,,,0,154,,73856,12,,,0,110,,73851,12,,,0
5800,'5015',704,,73879,12,,,0,100,,73880,12,,,0,101,,73881,12,,,0,106,,73882,12,,,0,105,,73877,12,,,0,105,,73878,12,,,0,100,,73876,12,,,0,112,,73874,12,,,0,100,,73875,12,,,0,109,,73873,12,,,0,99,,73868,12,,,0,104,,73869,12,,,0,100,,73870,12,,,0,105,,73871,12,,,0,154,,73872,12,,,0,110,,73867,12,,,0
5800,'5078',803,,60374,12,,,0,102,,60378,12,,,0,105,,60375,12,,,0,106,,60379,12,,,0,105,,60377,12,,,0,100,,60380,12,,,0,111,,60376,12,,,0,100,,60381,12,,,0,109,,60382,12,,,0,100,,60384,12,,,0,103,,60383,12,,,0,100,,60385,12,,,0,105,,60386,12,,,0,199,,60387,12,,,0
5800,'5222',632,,73883,12,,,0,71,,73884,12,,,0,38,,73885,12,,,0,81,,73886,12,,,0,95,,73894,12,,,0,84,,73887,12,,,0,46,,73896,12,,,0,85,,73888,12,,,0,85,,73895,12,,,0,86,,73889,12,,,0,46,,73897,12,,,0,88,,73890,12,,,0,83,,73891,12,,,0,83,,73892,12,,,0,50,,73898,12,,,0,87,,73893,12,,,0,85,,73899,12,,,0,85,,73900,12,,,0,146,,73902,12,,,0,150,,73901,12,,,0,108,,73903,12,,,0
5800,'5365',803,,73904,12,,,0,102,,73908,12,,,0,105,,73905,12,,,0,106,,73909,12,,,0,105,,73907,12,,,0,100,,73910,12,,,0,111,,73906,12,,,0,100,,73911,12,,,0,109,,73912,12,,,0,100,,73914,12,,,0,103,,73913,12,,,0,100,,73915,12,,,0,105,,73916,12,,,0,199,,73917,12,,,0
5800,'5390',803,,73918,12,,,0,102,,73922,12,,,0,105,,73919,12,,,0,106,,73923,12,,,0,105,,73921,12,,,0,100,,73924,12,,,0,111,,73920,12,,,0,100,,73925,12,,,0,109,,73926,12,,,0,100,,73928,12,,,0,103,,73927,12,,,0,100,,73929,12,,,0,105,,73930,12,,,0,199,,73931,12,,,0
6500,'4623',605,,74769,40,,,0,102,,74768,40,,,0,24,,74767,40,,,0,81,,74766,40,,,0
6500,'5222',605,,74773,40,,,0,102,,74772,40,,,0,24,,74771,40,,,0,81,,74770,40,,,0
24005100,'4623',636,,77774,4,,,0,66,,77771,4,,,0,27,,77773,4,,,0,30,,77772,4,,,0,849,,77776,4,,,0,31,,77775,4,,,0
24005100,'5222',636,,77780,4,,,0,66,,77777,4,,,0,27,,77779,4,,,0,30,,77778,4,,,0,849,,77782,4,,,0,31,,77781,4,,,0
