301,'4332',728,,53118,28,,,0,29,,53104,28,,,0,72,,53097,28,,,0,29,,53110,28,,,0,72,,53105,28,,,0,71,,53121,28,,,0,31,,53109,28,,,0,71,,53098,28,,,0,29,,53120,28,,,0,70,,53112,28,,,0,32,,53100,28,,,0,70,,53122,28,,,0,30,,53111,28,,,0,71,,53099,28,,,0,30,,53106,28,,,0,74,,53103,28,,,0,33,,53101,28,,,0,78,,53102,28,,,0,28,,53107,28,,,0,76,,53113,28,,,0,24,,53108,28,,,0,74,,53115,28,,,0,28,,53114,28,,,0,70,,53116,28,,,0,25,,53117,28,,,0,69,,53123,28,,,0,31,,53119,28,,,0,68,,53124,28,,,0
301,'4661',611,,53177,18,,,0,38,,53175,28,,,0,76,,53174,28,,,0,79,,53176,28,,,0,42,,53173,28,,,0,75,,53166,28,,,0,36,,53165,28,,,0,71,,53164,28,,,0,30,,53167,28,,,0,70,,53162,28,,,0,31,,53163,28,,,0,71,,53169,28,,,0,75,,53161,28,,,0,30,,53160,28,,,0,70,,53168,28,,,0,32,,53159,28,,,0,73,,53158,28,,,0,35,,53170,28,,,0,74,,53157,28,,,0,35,,53156,28,,,0,73,,53172,28,,,0,31,,53155,28,,,0,74,,53154,28,,,0,24,,53171,28,,,0,68,,53153,28,,,0,31,,53152,28,,,0,64,,53150,28,,,0,25,,53151,28,,,0,69,,53149,28,,,0
301,'4663',611,,53096,18,,,0,38,,53094,28,,,0,76,,53093,28,,,0,79,,53095,28,,,0,42,,53092,28,,,0,75,,53085,28,,,0,36,,53084,28,,,0,71,,53083,28,,,0,30,,53086,28,,,0,70,,53081,28,,,0,31,,53082,28,,,0,71,,53088,28,,,0,75,,53080,28,,,0,30,,53079,28,,,0,70,,53087,28,,,0,32,,53078,28,,,0,73,,53077,28,,,0,35,,53089,28,,,0,74,,53076,28,,,0,35,,53075,28,,,0,73,,53091,28,,,0,31,,53074,28,,,0,74,,53073,28,,,0,24,,53090,28,,,0,68,,53072,28,,,0,31,,53071,28,,,0,64,,53069,28,,,0,25,,53070,28,,,0,69,,53068,28,,,0
301,'5078',743,,53138,28,,,0,85,,53126,28,,,0,81,,53139,28,,,0,45,,53132,28,,,0,77,,53137,28,,,0,79,,53125,28,,,0,21,,53133,28,,,0,71,,53128,28,,,0,29,,53127,28,,,0,70,,53134,28,,,0,32,,53131,28,,,0,70,,53130,28,,,0,30,,53129,28,,,0,77,,53135,28,,,0,28,,53136,28,,,0,81,,53142,28,,,0,23,,53140,28,,,0,73,,53141,28,,,0,26,,53146,28,,,0,69,,53144,28,,,0,30,,53143,28,,,0,69,,53145,28,,,0,31,,53147,28,,,0,73,,53148,28,,,0
701,'4332',703,,54506,11,,,0,30,,54490,11,,,0,72,,54499,11,,,0,31,,54483,11,,,0,70,,54507,11,,,0,29,,54491,11,,,0,72,,54500,11,,,0,27,,54479,11,,,0,70,,54481,11,,,0,29,,54501,11,,,0,71,,54487,11,,,0,29,,54494,11,,,0,68,,54480,11,,,0,30,,54482,11,,,0,70,,54502,11,,,0,30,,54486,11,,,0,70,,54495,11,,,0,31,,54484,11,,,0,70,,54485,11,,,0,33,,54503,11,,,0,70,,54488,11,,,0,29,,54497,11,,,0,71,,54489,11,,,0,30,,54492,11,,,0,69,,54504,11,,,0,30,,54493,11,,,0,75,,54498,11,,,0,36,,54496,11,,,0,68,,54505,11,,,0
701,'4661',613,,54554,11,,,0,29,,54555,11,,,0,65,,54560,11,,,0,15,,54541,11,,,0,16,,54559,11,,,0,16,,54535,11,,,0,57,,54542,11,,,0,10,,54574,11,,,0,8,,54549,11,,,0,16,,54538,11,,,0,57,,54558,11,,,0,15,,54534,11,,,0,17,,54565,11,,,0,70,,54572,11,,,0,30,,54545,11,,,0,68,,54569,11,,,0,30,,54567,11,,,0,70,,54571,11,,,0,32,,54570,11,,,0,70,,54547,11,,,0,30,,54573,11,,,0,69,,54568,11,,,0,31,,54566,11,,,0,72,,54546,11,,,0,22,,54564,11,,,0,18,,54543,11,,,0,58,,54536,11,,,0,20,,54561,11,,,0,19,,54544,11,,,0,57,,54548,11,,,0,20,,54537,11,,,0,16,,54552,11,,,0,14,,54540,11,,,0,59,,54563,11,,,0,19,,54539,11,,,0,17,,54551,11,,,0,70,,54553,11,,,0,29,,54562,11,,,0,70,,54557,11,,,0,30,,54556,11,,,0,70,,54550,11,,,0
701,'4663',613,,54458,11,,,0,29,,54459,11,,,0,65,,54464,11,,,0,15,,54445,11,,,0,16,,54463,11,,,0,16,,54439,11,,,0,57,,54446,11,,,0,10,,54478,11,,,0,8,,54453,11,,,0,16,,54442,11,,,0,57,,54462,11,,,0,15,,54438,11,,,0,17,,54469,11,,,0,70,,54476,11,,,0,30,,54449,11,,,0,68,,54473,11,,,0,30,,54471,11,,,0,70,,54475,11,,,0,32,,54474,11,,,0,70,,54451,11,,,0,30,,54477,11,,,0,69,,54472,11,,,0,31,,54470,11,,,0,72,,54450,11,,,0,22,,54468,11,,,0,18,,54447,11,,,0,58,,54440,11,,,0,20,,54465,11,,,0,19,,54448,11,,,0,57,,54452,11,,,0,20,,54441,11,,,0,16,,54456,11,,,0,14,,54444,11,,,0,59,,54467,11,,,0,19,,54443,11,,,0,17,,54455,11,,,0,70,,54457,11,,,0,29,,54466,11,,,0,70,,54461,11,,,0,30,,54460,11,,,0,70,,54454,11,,,0
701,'5078',711,,54520,11,,,0,40,,54509,11,,,0,80,,54521,11,,,0,76,,54522,11,,,0,25,,54508,11,,,0,69,,54510,11,,,0,31,,54523,11,,,0,69,,54511,11,,,0,31,,54526,11,,,0,69,,54512,11,,,0,31,,54513,11,,,0,70,,54525,11,,,0,28,,54524,11,,,0,70,,54527,11,,,0,30,,54528,11,,,0,29,,54515,11,,,0,71,,54516,11,,,0,72,,54518,11,,,0,32,,54517,11,,,0,69,,54514,11,,,0,31,,54519,11,,,0,69,,54529,11,,,0,32,,54530,11,,,0,74,,54531,11,,,0,34,,54533,11,,,0,69,,54532,11,,,0
14000701,'4332',2145,,63105,16,,,0,72,,63106,16,,,0,30,,63108,16,,,0,69,,63107,16,,,0,36,,63109,16,,,0,67,,63110,16,,,0
14000701,'4661',2144,,63119,16,,,0,72,,63117,16,,,0,29,,63120,16,,,0,70,,63118,16,,,0,36,,63121,16,,,0,68,,63122,16,,,0
14000701,'4663',2144,,63101,16,,,0,72,,63099,16,,,0,29,,63102,16,,,0,70,,63100,16,,,0,36,,63103,16,,,0,68,,63104,16,,,0
14000701,'5078',2044,,63111,16,,,0,70,,63113,16,,,0,40,,63112,16,,,0,62,,63114,16,,,0,100,,63115,16,,,0,103,,63116,16,,,0
