800,'4663',624,,54576,7,,,0,86,,54577,7,,,0,29,,54578,7,,,0,18,,54579,7,,,0,61,,54580,7,,,0,91,,54581,7,,,0,35,,54582,7,,,0,82,,54575,7,,,0,83,,54583,7,,,0,35,,54598,7,,,0,83,,54584,7,,,0,86,,54585,7,,,0,42,,54586,7,,,0,86,,54587,7,0,16,0,14,,54588,7,,,0,81,,54589,7,,,0,84,,54590,7,,,0,34,,54599,7,,,0,74,,54591,7,,,0,73,,54592,7,,,0,33,,54593,7,,,0,71,,54600,7,,,0,95,,54594,7,,,0,44,,54595,7,,,0,97,,54596,7,,,0,83,,54597,7,,,0
800,'5372',624,,49022,7,,,0,86,,38724,7,,,0,29,,38725,7,,,0,18,,38726,7,,,0,61,,49023,7,,,0,91,,38728,7,,,0,35,,38729,7,,,0,82,,49021,7,,,0,83,,38730,7,,,0,35,,38745,7,,,0,83,,49024,7,,,0,86,,38732,7,,,0,42,,38733,7,,,0,86,,49025,7,0,16,0,14,,38735,7,,,0,81,,38736,7,,,0,84,,38737,7,,,0,34,,38746,7,,,0,74,,38738,7,,,0,73,,38739,7,,,0,33,,38740,7,,,0,71,,38747,7,,,0,95,,38741,7,,,0,44,,38742,7,,,0,97,,38743,7,,,0,83,,38744,7,,,0
800,'5385',624,,54628,7,,,0,86,,54629,7,,,0,29,,54630,7,,,0,18,,54631,7,,,0,61,,54632,7,,,0,91,,54633,7,,,0,35,,54634,7,,,0,82,,54627,7,,,0,83,,54635,7,,,0,35,,54650,7,,,0,83,,54636,7,,,0,86,,54637,7,,,0,42,,54638,7,,,0,86,,54639,7,0,16,0,14,,54640,7,,,0,81,,54641,7,,,0,84,,54642,7,,,0,34,,54651,7,,,0,74,,54643,7,,,0,73,,54644,7,,,0,33,,54645,7,,,0,71,,54652,7,,,0,95,,54646,7,,,0,44,,54647,7,,,0,97,,54648,7,,,0,83,,54649,7,,,0
900,'4663',722,,54729,14,,,0,81,,54730,14,,,0
900,'5372',722,,38898,14,,,0,81,,38899,14,,,0
900,'5385',722,,54731,14,,,0,81,,54732,14,,,0
2101,'4663',550,,56584,7,,,0,68,,56592,7,,,0,22,,56583,7,,,0,15,,56568,7,,,0,56,,56579,11,,,0,14,,56563,11,,,0,15,,56571,11,,,0,17,,56578,11,,,0,55,,56567,11,,,0,17,,56597,11,,,0,17,,56564,11,,,0,59,,56594,11,,,0,31,,56605,11,,,0,70,,56577,11,,,0,27,,56599,11,,,0,70,,56602,11,,,0,30,,56604,11,,,0,69,,56601,11,,,0,30,,56576,11,,,0,70,,56606,11,,,0,30,,56600,11,,,0,70,,56603,11,,,0,29,,56565,11,,,0,20,,56598,11,,,0,58,,56570,11,,,0,18,,56569,7,,,0,20,,56580,11,,,0,59,,56573,11,,,0,17,,56590,11,,,0,20,,56572,11,,,0,58,,56595,11,,,0,17,,56566,7,,,0,19,,56596,11,,,0,20,,56574,11,,,0,59,,56575,11,,,0,31,,56581,7,,,0,70,,56588,7,,,0,32,,56587,7,,,0,70,,56591,7,,,0,30,,56585,7,,,0,70,,56589,7,,,0,32,,56586,7,,,0,70,,56582,7,,,0,30,,56593,7,,,0,106,,56607,7,,,0
2101,'5372',550,,41118,7,,,0,68,,41126,7,,,0,22,,41117,7,,,0,15,,41102,7,,,0,56,,41113,11,,,0,14,,41097,11,,,0,15,,41105,11,,,0,17,,41112,11,,,0,55,,41101,11,,,0,17,,41131,11,,,0,17,,41098,11,,,0,59,,41128,11,,,0,31,,41139,11,,,0,70,,41111,11,,,0,27,,41133,11,,,0,70,,41136,11,,,0,30,,41138,11,,,0,69,,41135,11,,,0,30,,41110,11,,,0,70,,41140,11,,,0,30,,41134,11,,,0,70,,51663,11,,,0,29,,41099,11,,,0,20,,41132,11,,,0,58,,41104,11,,,0,18,,41103,7,,,0,20,,41114,11,,,0,59,,41107,11,,,0,17,,41124,11,,,0,20,,41106,11,,,0,58,,41129,11,,,0,17,,41100,7,,,0,19,,41130,11,,,0,20,,41108,11,,,0,59,,41109,11,,,0,31,,41115,7,,,0,70,,41122,7,,,0,32,,41121,7,,,0,70,,41125,7,,,0,30,,41119,7,,,0,70,,41123,7,,,0,32,,41120,7,,,0,70,,41116,7,,,0,30,,41127,7,,,0,106,,41141,7,,,0
2101,'5377',649,,49856,7,,,0,79,,41224,7,,,0,80,,41235,7,,,0,36,,41233,7,,,0,65,,49852,7,,,0,27,,41223,7,,,0,70,,41236,7,,,0,29,,49853,7,,,0,70,,41237,7,,,0,29,,41226,7,,,0,70,,41225,7,,,0,30,,41238,7,,,0,68,,49854,7,,,0,29,,41239,7,,,0,70,,41240,7,,,0,30,,41241,7,,,0,71,,49855,7,,,0,32,,41230,7,,,0,73,,41231,7,,,0,29,,41232,7,,,0,71,,41228,7,,,0,30,,41242,7,,,0,72,,41243,7,,,0,35,,41244,7,,,0,105,,41245,7,,,0,101,,41246,7,,,0,104,,41247,7,,,0,100,,41248,7,,,0,103,,41249,7,,,0
2101,'5383',640,,56638,7,,,0,70,,56620,7,,,0,31,,56629,7,,,0,70,,56612,7,,,0,30,,56639,7,,,0,69,,56621,7,,,0,30,,56630,7,,,0,67,,56608,7,,,0,28,,56610,7,,,0,68,,56631,7,,,0,30,,56615,7,,,0,69,,56623,7,,,0,28,,56609,7,,,0,70,,56611,7,,,0,28,,56632,7,,,0,30,,56616,7,,,0,72,,56624,7,,,0,71,,56613,7,,,0,30,,56614,7,,,0,74,,56633,7,,,0,30,,56617,7,,,0,70,,56626,7,,,0,31,,56619,7,,,0,70,,56618,7,,,0,31,,56634,7,,,0,71,,56622,7,,,0,36,,56625,7,,,0,76,,56627,7,,,0,29,,56636,7,,,0,70,,56628,7,,,0,33,,56637,7,,,0,70,,56635,7,,,0,30,,56640,7,,,0,105,,56641,7,,,0
2101,'5384',649,,56655,7,,,0,79,,56645,7,,,0,80,,56656,7,,,0,36,,56654,7,,,0,65,,56642,7,,,0,27,,56644,7,,,0,70,,56657,7,,,0,29,,56643,7,,,0,70,,56658,7,,,0,29,,56647,7,,,0,70,,56646,7,,,0,30,,56659,7,,,0,68,,56648,7,,,0,29,,56660,7,,,0,70,,56661,7,,,0,30,,56662,7,,,0,71,,56650,7,,,0,32,,56651,7,,,0,73,,56652,7,,,0,29,,56653,7,,,0,71,,56649,7,,,0,30,,56663,7,,,0,72,,56664,7,,,0,35,,56665,7,,,0,105,,56666,7,,,0,101,,56667,7,,,0,104,,56668,7,,,0,100,,56669,7,,,0,103,,56670,7,,,0
2101,'5385',550,,56692,7,,,0,68,,56700,7,,,0,22,,56691,7,,,0,15,,56676,7,,,0,56,,56687,11,,,0,14,,56671,11,,,0,15,,56679,11,,,0,17,,56686,11,,,0,55,,56675,11,,,0,17,,56705,11,,,0,17,,56672,11,,,0,59,,56702,11,,,0,31,,56713,11,,,0,70,,56685,11,,,0,27,,56707,11,,,0,70,,56710,11,,,0,30,,56712,11,,,0,69,,56709,11,,,0,30,,56684,11,,,0,70,,56714,11,,,0,30,,56708,11,,,0,70,,56711,11,,,0,29,,56673,11,,,0,20,,56706,11,,,0,58,,56678,11,,,0,18,,56677,7,,,0,20,,56688,11,,,0,59,,56681,11,,,0,17,,56698,11,,,0,20,,56680,11,,,0,58,,56703,11,,,0,17,,56674,7,,,0,19,,56704,11,,,0,20,,56682,11,,,0,59,,56683,11,,,0,31,,56689,7,,,0,70,,56696,7,,,0,32,,56695,7,,,0,70,,56699,7,,,0,30,,56693,7,,,0,70,,56697,7,,,0,32,,56694,7,,,0,70,,56690,7,,,0,30,,56701,7,,,0,106,,56715,7,,,0
