3201,'4487',818,,25416,0,28 29 14,0,100,,25419,0,28 29 14,0,101,,25423,0,28 29 14,0,100,,25414,0,28 29 14,0,100,,25417,0,28 29 14,0,101,,25420,0,28 29 14,0,100,,25424,0,28 29 14,0,100,,25415,0,28 29 14,0,100,,25418,0,28 29 14,0,99,,25422,0,28 29 14,0,100,,25425,0,28 29 14,0,99,,25421,0,28 29 14,0,100,,25426,0,28 29 14,0,100,,25413,0,28 29 14,0,99,,25412,0,28 29 14,0
3201,'4743',818,,13348,0,28 29 14,0,100,,13351,0,28 29 14,0,101,,13355,0,28 29 14,0,100,,13346,0,28 29 14,0,100,,13349,0,28 29 14,0,101,,13352,0,28 29 14,0,100,,13356,0,28 29 14,0,100,,13347,0,28 29 14,0,100,,13350,0,28 29 14,0,99,,13354,0,28 29 14,0,100,,13357,0,28 29 14,0,99,,13353,0,28 29 14,0,100,,13358,0,28 29 14,0,100,,13345,0,28 29 14,0,99,,13344,0,28 29 14,0
3201,'4744',618,,25427,0,28 29 14,0,40,,25428,,,0,81,,25429,,,0,82,,25431,0,28 29 14,0,110,,25430,0,28 29 14,0,99,,25432,0,28 29 14,0,105,,25433,0,28 29 14,0,105,,25434,0,28 29 14,0,105,,25435,0,28 29 14,0,105,,25436,0,28 29 14,0,153,,25437,0,28 29 14,0,104,,25438,0,28 29 14,0,33,,25443,0,28 29 14,0,70,,25439,0,28 29 14,0,110,,25440,0,28 29 14,0,99,,25441,0,28 29 14,0,100,,25442,0,28 29 14,0,98,,25444,0,28 29 14,0
3201,'4745',818,,25445,0,28 29 14,0,100,,25446,0,28 29 14,0,100,,25447,0,28 29 14,0,101,,25450,0,28 29 14,0,100,,25448,0,28 29 14,0,101,,25449,0,28 29 14,0,100,,25454,0,28 29 14,0,100,,25451,0,28 29 14,0,100,,25452,0,28 29 14,0,99,,25453,0,28 29 14,0,100,,25456,0,28 29 14,0,100,,25455,0,28 29 14,0
3201,'4935',618,,6548,0,28 29 14,0,40,,6549,,,0,81,,6550,,,0,82,,6552,0,28 29 14,0,110,,6551,0,28 29 14,0,99,,6553,0,28 29 14,0,105,,6554,0,28 29 14,0,105,,6555,0,28 29 14,0,105,,6556,0,28 29 14,0,105,,6557,0,28 29 14,0,153,,6558,0,28 29 14,0,104,,6559,0,28 29 14,0,33,,6564,0,28 29 14,0,70,,6560,0,28 29 14,0,110,,6561,0,28 29 14,0,99,,6562,0,28 29 14,0,100,,6563,0,28 29 14,0,98,,6565,0,28 29 14,0
3201,'4941',618,,6566,0,28 29 14,0,40,,6567,,,0,81,,6568,,,0,82,,6570,0,28 29 14,0,110,,6569,0,28 29 14,0,99,,6571,0,28 29 14,0,105,,6572,0,28 29 14,0,105,,6573,0,28 29 14,0,105,,6574,0,28 29 14,0,105,,6575,0,28 29 14,0,153,,6576,0,28 29 14,0,104,,6577,0,28 29 14,0,33,,6582,0,28 29 14,0,70,,6578,0,28 29 14,0,110,,6579,0,28 29 14,0,99,,6580,0,28 29 14,0,100,,6581,0,28 29 14,0,98,,6583,0,28 29 14,0
3201,'4943',818,,6588,0,28 29 14,0,100,,6591,0,28 29 14,0,101,,6595,0,28 29 14,0,100,,6586,0,28 29 14,0,100,,6589,0,28 29 14,0,101,,6592,0,28 29 14,0,100,,6596,0,28 29 14,0,100,,6587,0,28 29 14,0,100,,6590,0,28 29 14,0,99,,6594,0,28 29 14,0,100,,6597,0,28 29 14,0,99,,6593,0,28 29 14,0,100,,6598,0,28 29 14,0,100,,6585,0,28 29 14,0,99,,6584,0,28 29 14,0
3201,'4945',818,,6599,0,28 29 14,0,100,,6600,0,28 29 14,0,100,,6601,0,28 29 14,0,101,,6604,0,28 29 14,0,100,,6602,0,28 29 14,0,101,,6603,0,28 29 14,0,100,,6608,0,28 29 14,0,100,,6605,0,28 29 14,0,100,,6606,0,28 29 14,0,99,,6607,0,28 29 14,0,100,,6610,0,28 29 14,0,100,,6609,0,28 29 14,0
3201,'4947',618,,25457,0,28 29 14,0,40,,25458,,,0,81,,25459,,,0,82,,25461,0,28 29 14,0,110,,25460,0,28 29 14,0,99,,25462,0,28 29 14,0,105,,25463,0,28 29 14,0,105,,25464,0,28 29 14,0,105,,25465,0,28 29 14,0,105,,25466,0,28 29 14,0,153,,25467,0,28 29 14,0,104,,25468,0,28 29 14,0,33,,25473,0,28 29 14,0,70,,25469,0,28 29 14,0,110,,25470,0,28 29 14,0,99,,25471,0,28 29 14,0,100,,25472,0,28 29 14,0,98,,25474,0,28 29 14,0
3201,'4952',618,,25475,0,28 29 14,0,40,,25476,,,0,81,,25477,,,0,82,,25479,0,28 29 14,0,110,,25478,0,28 29 14,0,99,,25480,0,28 29 14,0,105,,25481,0,28 29 14,0,105,,25482,0,28 29 14,0,105,,25483,0,28 29 14,0,105,,25484,0,28 29 14,0,153,,25485,0,28 29 14,0,104,,25486,0,28 29 14,0,33,,25491,0,28 29 14,0,70,,25487,0,28 29 14,0,110,,25488,0,28 29 14,0,99,,25489,0,28 29 14,0,100,,25490,0,28 29 14,0,98,,25492,0,28 29 14,0
3201,'4953',818,,25497,0,28 29 14,0,100,,25500,0,28 29 14,0,101,,25504,0,28 29 14,0,100,,25495,0,28 29 14,0,100,,25498,0,28 29 14,0,101,,25501,0,28 29 14,0,100,,25505,0,28 29 14,0,100,,25496,0,28 29 14,0,100,,25499,0,28 29 14,0,99,,25503,0,28 29 14,0,100,,25506,0,28 29 14,0,99,,25502,0,28 29 14,0,100,,25507,0,28 29 14,0,100,,25494,0,28 29 14,0,99,,25493,0,28 29 14,0
3201,'4954',818,,25508,0,28 29 14,0,100,,25509,0,28 29 14,0,100,,25510,0,28 29 14,0,101,,25513,0,28 29 14,0,100,,25511,0,28 29 14,0,101,,25512,0,28 29 14,0,100,,25517,0,28 29 14,0,100,,25514,0,28 29 14,0,100,,25515,0,28 29 14,0,99,,25516,0,28 29 14,0,100,,25519,0,28 29 14,0,100,,25518,0,28 29 14,0
