5401,'4487',736,,27178,,,0,201,,27175,,,0,211,,27176,,,0,205,,27177,,,0,250,,27174,,,0,210,,27173,,,0,224,,27172,,,0
5401,'4743',736,,13526,,,0,201,,13523,,,0,211,,13524,,,0,205,,13525,,,0,250,,13522,,,0,210,,13521,,,0,224,,13520,,,0
5401,'4744',540,,27179,,,0,169,,27182,,,0,133,,27180,,,0,216,,27181,,,0,198,,27183,,,0,171,,27184,,,0,103,,27185,,,0,186,,27186,,,0,192,,27187,,,0,199,,27188,,,0
5401,'4745',736,,27191,,,0,201,,27192,,,0,211,,27189,,,0,205,,27190,,,0,250,,27193,,,0,210,,27195,,,0,224,,27194,,,0
5401,'4935',540,,7614,,,0,169,,7617,,,0,133,,7615,,,0,216,,7616,,,0,198,,7618,,,0,171,,7619,,,0,103,,7620,,,0,186,,7621,,,0,192,,7622,,,0,199,,7623,,,0
5401,'4941',540,,7624,,,0,169,,7627,,,0,133,,7625,,,0,216,,7626,,,0,198,,7628,,,0,171,,7629,,,0,103,,7630,,,0,186,,7631,,,0,192,,7632,,,0,199,,7633,,,0
5401,'4943',736,,7640,,,0,201,,7637,,,0,211,,7638,,,0,205,,7639,,,0,250,,7636,,,0,210,,7635,,,0,224,,7634,,,0
5401,'4945',736,,7643,,,0,201,,7644,,,0,211,,7641,,,0,205,,7642,,,0,250,,7645,,,0,210,,7647,,,0,224,,7646,,,0
5401,'4947',540,,27196,,,0,169,,27199,,,0,133,,27197,,,0,216,,27198,,,0,198,,27200,,,0,171,,27201,,,0,103,,27202,,,0,186,,27203,,,0,192,,27204,,,0,199,,27205,,,0
5401,'4952',540,,27206,,,0,169,,27209,,,0,133,,27207,,,0,216,,27208,,,0,198,,27210,,,0,171,,27211,,,0,103,,27212,,,0,186,,27213,,,0,192,,27214,,,0,199,,27215,,,0
5401,'4953',736,,27222,,,0,201,,27219,,,0,211,,27220,,,0,205,,27221,,,0,250,,27218,,,0,210,,27217,,,0,224,,27216,,,0
5401,'4954',736,,27225,,,0,201,,27226,,,0,211,,27223,,,0,205,,27224,,,0,250,,27227,,,0,210,,27229,,,0,224,,27228,,,0
