301,'4332',739,,53118,43,,,0,67,,53104,41,,,0,35,,53097,43,,,0,67,,53110,41,,,0,34,,53105,43,,,0,69,,53121,41,,,0,33,,53109,43,,,0,69,,53098,41,,,0,32,,53120,43,,,0,68,,53112,41,,,0,34,,53100,43,,,0,68,,53122,41,,,0,31,,53111,43,,,0,70,,53099,41,,,0,31,,53106,43,,,0,73,,53103,41,,,0,34,,53101,43,,,0,76,,53102,41,,,0,70,,53107,43,,,0,34,,53113,41,,,0,66,,53108,43,,,0,32,,53115,41,,,0,70,,53114,43,,,0,28,,53116,41,,,0,27,,53117,43,,,0,67,,53123,41,,,0,33,,53119,43,,,0,65,,53124,41,,,0
301,'4661',621,,53177,31,,,0,80,,53175,43,,,0,34,,53174,41,,,0,84,,53176,43,,,0,40,,53173,41,,,0,75,,53166,43,,,0,73,,53165,41,,,0,31,,53164,41,,,0,73,,53167,43,,,0,28,,53162,41,,,0,73,,53163,43,,,0,30,,53169,41,,,0,77,,53161,43,,,0,28,,53160,41,,,0,70,,53168,41,,,0,36,,53159,43,,,0,72,,53158,41,,,0,76,,53170,43,,,0,34,,53157,43,,,0,75,,53156,43,,,0,31,,53172,43,,,0,70,,53155,43,,,0,33,,53154,41,,,0,64,,53171,43,,,0,26,,53153,41,,,0,73,,53152,43,,,0,22,,53150,41,,,0,26,,53151,43,,,0,68,,53149,41,,,0
301,'4663',621,,53096,31,,,0,80,,53094,43,,,0,34,,53093,41,,,0,84,,53095,43,,,0,40,,53092,41,,,0,75,,53085,43,,,0,73,,53084,41,,,0,31,,53083,41,,,0,73,,53086,43,,,0,28,,53081,41,,,0,73,,53082,43,,,0,30,,53088,41,,,0,77,,53080,43,,,0,28,,53079,41,,,0,70,,53087,41,,,0,36,,53078,43,,,0,72,,53077,41,,,0,76,,53089,43,,,0,34,,53076,43,,,0,75,,53075,43,,,0,31,,53091,43,,,0,70,,53074,43,,,0,33,,53073,41,,,0,64,,53090,43,,,0,26,,53072,41,,,0,73,,53071,43,,,0,22,,53069,41,,,0,26,,53070,43,,,0,68,,53068,41,,,0
301,'5078',754,,53138,43,,,0,84,,53126,41,,,0,83,,53139,43,,,0,83,,53132,41,,,0,39,,53137,43,,,0,77,,53125,41,,,0,23,,53133,43,,,0,69,,53128,41,,,0,32,,53127,43,,,0,68,,53134,41,,,0,34,,53131,43,,,0,68,,53130,41,,,0,32,,53129,43,,,0,75,,53135,41,,,0,30,,53136,43,,,0,79,,53142,41,,,0,24,,53140,43,,,0,71,,53141,41,,,0,28,,53146,43,,,0,67,,53144,41,,,0,32,,53143,43,,,0,67,,53145,41,,,0,33,,53147,43,,,0,71,,53148,41,,,0
1001,'4332',701,,54835,2,0,46 37,0,100,,54838,2,0,46 37,0,100,,54826,2,0,46 37,0,55,,54830,2,0,46 37,0,146,,54832,2,0,46 37,0,109,,54831,2,0,46 37,0,95,,54828,2,0,46 37,0,100,,54827,2,0,46 37,0,100,,54829,2,0,46 37,0,105,,54833,2,0,46 37,0,104,,54834,2,0,46 37,0,100,,54836,2,0,46 37,0,101,,54837,2,0,46 37,0,100,,54839,2,0,46 37,0
1001,'4661',603,,54873,2,0,46 37,0,40,,54872,2,0,46 37,0,73,,54864,2,0,46 37,0,34,,54863,2,0,46 37,0,84,,54866,2,0,46 37,0,82,,54862,2,0,46 37,0,95,,54871,2,0,46 37,0,115,,54867,2,0,46 37,0,90,,54861,2,0,46 37,0,35,,54865,2,0,46 37,0,85,,54860,2,0,46 37,0,80,,54870,2,0,46 37,0,91,,54859,2,0,46 37,0,40,,54868,2,0,46 37,0,90,,54858,2,0,46 37,0,82,,54869,2,0,46 37,0,24,,54857,2,0,46 37,0,73,,54854,2,0,46 37,0,98,,54856,2,0,46 37,0,103,,54855,2,0,46 37,0
1001,'4663',603,,54825,2,0,46 37,0,40,,54824,2,0,46 37,0,73,,54816,2,0,46 37,0,34,,54815,2,0,46 37,0,84,,54818,2,0,46 37,0,82,,54814,2,0,46 37,0,95,,54823,2,0,46 37,0,115,,54819,2,0,46 37,0,90,,54813,2,0,46 37,0,35,,54817,2,0,46 37,0,85,,54812,2,0,46 37,0,80,,54822,2,0,46 37,0,91,,54811,2,0,46 37,0,40,,54820,2,0,46 37,0,90,,54810,2,0,46 37,0,82,,54821,2,0,46 37,0,24,,54809,2,0,46 37,0,73,,54806,2,0,46 37,0,98,,54808,2,0,46 37,0,103,,54807,2,0,46 37,0
1001,'5078',701,,54845,2,0,46 37,0,100,,54844,2,0,46 37,0,58,,54841,2,0,46 37,0,142,,54842,2,0,46 37,0,100,,54848,2,0,46 37,0,110,,54847,2,0,46 37,0,89,,54840,2,0,46 37,0,106,,54843,2,0,46 37,0,100,,54846,2,0,46 37,0,100,,54850,2,0,46 37,0,105,,54849,2,0,46 37,0,105,,54851,2,0,46 37,0,100,,54852,2,0,46 37,0,100,,54853,2,0,25 26,0
1101,'4332',651,,55102,33,,,0,76,,55090,33,,,0,75,,55095,33,,,0,30,,55120,33,,,0,76,,55103,33,,,0,30,,55089,33,,,0,70,,55098,33,,,0,30,,55114,33,,,0,65,,55092,33,,,0,20,,55116,33,,,0,25,,55104,33,,,0,65,,55091,33,,,0,26,,55096,33,,,0,65,,55113,33,,,0,25,,55093,33,,,0,25,,55111,33,,,0,65,,55101,33,,,0,25,,55094,33,,,0,65,,55100,33,,,0,25,,55122,33,,,0,25,,55097,33,,,0,65,,55115,33,,,0,25,,55105,33,,,0,65,,55099,33,,,0,25,,55121,33,,,0,65,,55112,33,,,0,25,,55118,33,,,0,25,,55119,33,,,0,64,,55106,33,,,0,25,,55117,33,,,0,65,,55110,33,,,0,25,,55109,33,,,0,25,,55107,33,,,0,75,,55108,33,,,0,70,,55125,33,,,0,29,,55123,33,,,0,74,,55124,33,,,0,30,,55126,33,,,0,85,,55127,33,,,0
1101,'4661',555,,55204,33,,,0,70,,55196,33,,,0,20,,55179,33,,,0,61,,55186,33,,,0,21,,55164,33,,,0,20,,55181,33,,,0,58,,55200,33,,,0,21,,55177,33,,,0,20,,55197,33,,,0,59,,55172,33,,,0,19,,55165,33,,,0,20,,55190,33,,,0,65,,55180,33,,,0,26,,55202,33,,,0,65,,55176,33,,,0,25,,55199,33,,,0,25,,55166,33,,,0,65,,55189,33,,,0,25,,55173,33,,,0,66,,55205,33,,,0,25,,55178,33,,,0,26,,55198,33,,,0,65,,55160,33,,,0,19,,55158,33,,,0,16,,55188,33,,,0,58,,55182,33,,,0,18,,55159,33,,,0,17,,55203,33,,,0,58,,55174,33,,,0,18,,55161,33,,,0,18,,55195,33,,,0,62,,55163,33,,,0,20,,55162,33,,,0,20,,55187,33,,,0,61,,55175,33,,,0,23,,55201,33,,,0,16,,55167,33,,,0,57,,55170,33,,,0,20,,55193,33,,,0,30,,55168,33,,,0,75,,55171,33,,,0,30,,55169,33,,,0,75,,55194,33,,,0,69,,55183,33,,,0,35,,55184,33,,,0,69,,55185,33,,,0,30,,55192,33,,,0,85,,55191,33,,,0
1101,'4663',555,,55087,33,,,0,70,,55079,33,,,0,20,,55062,33,,,0,61,,55069,33,,,0,21,,55047,33,,,0,20,,55064,33,,,0,58,,55083,33,,,0,21,,55060,33,,,0,20,,55080,33,,,0,59,,55055,33,,,0,19,,55048,33,,,0,20,,55073,33,,,0,65,,55063,33,,,0,26,,55085,33,,,0,65,,55059,33,,,0,25,,55082,33,,,0,25,,55049,33,,,0,65,,55072,33,,,0,25,,55056,33,,,0,66,,55088,33,,,0,25,,55061,33,,,0,26,,55081,33,,,0,65,,55043,33,,,0,19,,55041,33,,,0,16,,55071,33,,,0,58,,55065,33,,,0,18,,55042,33,,,0,17,,55086,33,,,0,58,,55057,33,,,0,18,,55044,33,,,0,18,,55078,33,,,0,62,,55046,33,,,0,20,,55045,33,,,0,20,,55070,33,,,0,61,,55058,33,,,0,23,,55084,33,,,0,16,,55050,33,,,0,57,,55053,33,,,0,20,,55076,33,,,0,30,,55051,33,,,0,75,,55054,33,,,0,30,,55052,33,,,0,75,,55077,33,,,0,69,,55066,33,,,0,35,,55067,33,,,0,69,,55068,33,,,0,30,,55075,33,,,0,85,,55074,33,,,0
1101,'5078',711,,55128,33,,,0,45,,55133,33,,,0,86,,55130,33,,,0,86,,55129,33,,,0,75,,55131,33,,,0,30,,55132,33,,,0,70,,55134,33,,,0,30,,55135,33,,,0,68,,55136,33,,,0,30,,55137,33,,,0,70,,55139,33,,,0,27,,55141,33,,,0,30,,55140,33,,,0,70,,55138,33,,,0,30,,55142,33,,,0,70,,55143,33,,,0,30,,55144,33,,,0,70,,55145,33,,,0,30,,55147,33,,,0,70,,55146,33,,,0,30,,55149,33,,,0,70,,55148,33,,,0,30,,55151,33,,,0,75,,55150,33,,,0,84,,55152,33,,,0,40,,55153,33,,,0,84,,55154,33,,,0,85,,55155,33,,,0,79,,55156,33,,,0,40,,55157,33,,,0
