801,'4532',741,,66056,39,0,8 9,0,85,,66057,39,0,8 9,0,86,,66058,39,0,8 9,0,47,,66059,39,0,8 9,0,85,,66060,39,0,8 9,0,93,,66061,39,0,8 9,0,89,,66062,39,0,8 9,0,91,,66063,39,0,8 9,0,93,,66055,39,0,8 9,0,90,,66064,39,0,8 9,0,52,,66065,39,0,8 9,0,90,,66066,39,0,8 9,0,88,,66067,39,0,8 9,0,85,,66068,39,0,8 9,0,42,,66069,39,0,8 9,0
801,'4623',709,,66017,39,,,0,37,,66018,39,,,0,65,,66019,39,,,0,27,,66020,39,,,0,75,,66021,39,,,0,43,,66016,39,,,0,84,,66022,39,,,0,73,,66037,39,,,0,42,,66023,39,,,0,86,,66024,39,,,0,80,,66025,39,,,0,85,,66026,39,,,0,51,,66027,39,,,0,86,,66028,39,,,0,73,,66038,39,,,0,33,,66029,39,,,0,74,,66030,39,,,0,77,,66031,39,,,0,29,,66039,39,,,0,30,,66032,39,,,0,74,,66033,39,,,0,85,,66034,39,,,0,97,,66035,39,,,0,43,,66036,39,,,0
801,'4832',958,,66095,39,0,8 9,0,86,,66096,39,0,8 9,0,91,,66097,39,0,8 9,0,89,,66098,39,0,8 9,0,91,,66094,39,0,8 9,0,93,,66099,39,0,8 9,0,50,,66100,39,0,8 9,0,92,,66101,39,0,8 9,0,89,,66102,39,0,8 9,0,89,,66103,39,0,8 9,0,86,,66104,39,0,8 9,0
801,'5222',709,,66071,39,,,0,37,,66072,39,,,0,65,,66073,39,,,0,27,,66074,39,,,0,75,,66075,39,,,0,43,,66070,39,,,0,84,,66076,39,,,0,73,,66091,39,,,0,42,,66077,39,,,0,86,,66078,39,,,0,80,,66079,39,,,0,85,,66080,39,,,0,51,,66081,39,,,0,86,,66082,39,,,0,73,,66092,39,,,0,33,,66083,39,,,0,74,,66084,39,,,0,77,,66085,39,,,0,29,,66093,39,,,0,30,,66086,39,,,0,74,,66087,39,,,0,85,,66088,39,,,0,97,,66089,39,,,0,43,,66090,39,,,0
801,'5390',958,,66106,39,0,8 9,0,86,,66107,39,0,8 9,0,91,,66108,39,0,8 9,0,89,,66109,39,0,8 9,0,91,,66105,39,0,8 9,0,93,,66110,39,0,8 9,0,50,,66111,39,0,8 9,0,92,,66112,39,0,8 9,0,89,,66113,39,0,8 9,0,89,,66114,39,0,8 9,0,86,,66115,39,0,8 9,0
901,'4623',1712,,66121,28,,,0,41,,66120,28,,,0
901,'5222',1712,,66123,28,,,0,41,,66122,28,,,0
1101,'4532',712,,66648,54,,,0,36,,66636,54,,,0,75,,66641,54,,,0,30,,66666,54,,,0,78,,66649,54,,,0,70,,66635,54,,,0,30,,66644,54,,,0,72,,66660,54,,,0,25,,66638,54,,,0,20,,66662,54,,,0,66,,66650,54,,,0,25,,66637,54,,,0,67,,66642,54,,,0,25,,66659,54,,,0,25,,66639,54,,,0,66,,66657,54,,,0,25,,66647,54,,,0,65,,66640,54,,,0,25,,66646,54,,,0,65,,66668,54,,,0,25,,66643,54,,,0,24,,66661,54,,,0,65,,66651,54,,,0,24,,66645,54,,,0,65,,66667,54,,,0,24,,66658,54,,,0,24,,66664,54,,,0,65,,66665,54,,,0,22,,66652,54,,,0,65,,66663,54,,,0,25,,66656,54,,,0,25,,66655,54,,,0,65,,66653,54,,,0,35,,66654,54,,,0,70,,66671,54,,,0,29,,66669,54,,,0,72,,66670,54,,,0,28,,66672,54,,,0,85,,66673,54,,,0
1101,'4623',615,,66594,54,,,0,32,,66586,54,,,0,61,,66569,54,,,0,23,,66576,54,,,0,21,,66554,54,,,0,61,,66571,54,,,0,20,,66590,54,,,0,20,,66567,54,,,0,59,,66587,54,,,0,18,,66562,54,,,0,19,,66555,54,,,0,61,,66580,54,,,0,25,,66570,54,,,0,66,,66592,54,,,0,25,,66566,54,,,0,26,,66589,54,,,0,65,,66556,54,,,0,25,,66579,54,,,0,66,,66563,54,,,0,26,,66595,54,,,0,25,,66568,54,,,0,68,,66588,54,,,0,25,,66550,54,,,0,59,,66548,54,,,0,18,,66578,54,,,0,20,,66572,54,,,0,56,,66549,54,,,0,17,,66593,54,,,0,17,,66564,54,,,0,20,,66551,54,,,0,58,,66585,54,,,0,18,,66553,54,,,0,20,,66552,54,,,0,58,,66577,54,,,0,20,,66565,54,,,0,23,,66591,54,,,0,54,,66557,54,,,0,17,,66560,54,,,0,20,,66583,54,,,0,70,,66558,54,,,0,34,,66561,54,,,0,70,,66559,54,,,0,34,,66584,54,,,0,69,,66573,54,,,0,35,,66574,54,,,0,67,,66575,54,,,0,28,,66582,54,,,0,85,,66581,54,,,0
1101,'4832',732,,66722,54,,,0,85,,66727,54,,,0,86,,66724,54,,,0,46,,66723,54,,,0,76,,66725,54,,,0,32,,66726,54,,,0,71,,66728,54,,,0,30,,66729,54,,,0,68,,66730,54,,,0,30,,66731,54,,,0,71,,66733,54,,,0,28,,66735,54,,,0,70,,66734,54,,,0,30,,66732,54,,,0,71,,66736,54,,,0,30,,66737,54,,,0,68,,66738,54,,,0,30,,66739,54,,,0,70,,66741,54,,,0,29,,66740,54,,,0,70,,66743,54,,,0,29,,66742,54,,,0,70,,66745,54,,,0,35,,66744,54,,,0,83,,66746,54,,,0,80,,66747,54,,,0,84,,66748,54,,,0,43,,66749,54,,,0,78,,66750,54,,,0,78,,66751,54,,,0
1101,'5222',615,,66720,54,,,0,32,,66712,54,,,0,61,,66695,54,,,0,23,,66702,54,,,0,21,,66680,54,,,0,61,,66697,54,,,0,20,,66716,54,,,0,20,,66693,54,,,0,59,,66713,54,,,0,18,,66688,54,,,0,19,,66681,54,,,0,61,,66706,54,,,0,25,,66696,54,,,0,66,,66718,54,,,0,25,,66692,54,,,0,26,,66715,54,,,0,65,,66682,54,,,0,25,,66705,54,,,0,66,,66689,54,,,0,26,,66721,54,,,0,25,,66694,54,,,0,68,,66714,54,,,0,25,,66676,54,,,0,59,,66674,54,,,0,18,,66704,54,,,0,20,,66698,54,,,0,56,,66675,54,,,0,17,,66719,54,,,0,17,,66690,54,,,0,20,,66677,54,,,0,58,,66711,54,,,0,18,,66679,54,,,0,20,,66678,54,,,0,58,,66703,54,,,0,20,,66691,54,,,0,23,,66717,54,,,0,54,,66683,54,,,0,17,,66686,54,,,0,20,,66709,54,,,0,70,,66684,54,,,0,34,,66687,54,,,0,70,,66685,54,,,0,34,,66710,54,,,0,69,,66699,54,,,0,35,,66700,54,,,0,67,,66701,54,,,0,28,,66708,54,,,0,85,,66707,54,,,0
1101,'5390',732,,66752,54,,,0,85,,66757,54,,,0,86,,66754,54,,,0,46,,66753,54,,,0,76,,66755,54,,,0,32,,66756,54,,,0,71,,66758,54,,,0,30,,66759,54,,,0,68,,66760,54,,,0,30,,66761,54,,,0,71,,66763,54,,,0,28,,66765,54,,,0,70,,66764,54,,,0,30,,66762,54,,,0,71,,66766,54,,,0,30,,66767,54,,,0,68,,66768,54,,,0,30,,66769,54,,,0,70,,66771,54,,,0,29,,66770,54,,,0,70,,66773,54,,,0,29,,66772,54,,,0,70,,66775,54,,,0,35,,66774,54,,,0,83,,66776,54,,,0,80,,66777,54,,,0,84,,66778,54,,,0,43,,66779,54,,,0,78,,66780,54,,,0,78,,66781,54,,,0
