201,'4661',554,,36642,11,0,46 37,0,61,,36634,11,0,46 37,0,26,,36651,11,0,46 37,0,68,,36646,11,0,46 37,0,30,,36635,11,0,46 37,0,69,,36650,11,0,46 37,0,32,,36640,11,0,46 37,0,72,,36636,11,0,46 37,0,33,,36648,11,0,46 37,0,78,,36641,11,0,46 37,0,79,,36637,11,0,46 37,0,39,,36639,11,0,46 37,0,80,,36638,11,0,46 37,0,79,,36647,11,0,46 37,0,40,,36644,11,0,46 37,0,92,,36645,11,0,46 37,0,72,,36643,11,0,46 37,0,37,,36653,11,0,46 37,0,76,,36654,11,0,46 37,0,37,,36652,11,0,46 37,0,77,,36655,11,0,46 37,0,89,,36656,11,0,46 37,0,25,,36658,11,0,46 37,0,83,,36657,11,0,46 37,0,83,,36659,11,0,46 37,0,41,,36660,11,0,46 37,0,78,,36661,11,0,46 37,0,81,,36662,11,0,46 37,0,41,,36664,11,0,46 37,0,82,,36663,11,0,46 37,0,72,,36665,11,0,46 37,0
201,'4663',554,,36674,11,0,46 37,0,61,,36666,11,0,46 37,0,26,,36684,11,0,46 37,0,68,,36678,11,0,46 37,0,30,,36667,11,0,46 37,0,69,,36683,11,0,46 37,0,32,,36672,11,0,46 37,0,72,,36668,11,0,46 37,0,33,,36681,11,0,46 37,0,78,,36673,11,0,46 37,0,79,,36669,11,0,46 37,0,39,,36671,11,0,46 37,0,80,,36670,11,0,46 37,0,79,,36680,11,0,46 37,0,40,,36676,11,0,46 37,0,92,,36677,11,0,46 37,0,72,,36675,11,0,46 37,0,37,,36686,11,0,46 37,0,76,,36687,11,0,46 37,0,37,,36685,11,0,46 37,0,77,,36688,11,0,46 37,0,89,,36689,11,0,46 37,0,25,,36691,11,0,46 37,0,83,,36690,11,0,46 37,0,83,,36692,11,0,46 37,0,41,,36693,11,0,46 37,0,78,,36694,11,0,46 37,0,81,,36695,11,0,46 37,0,41,,36697,11,0,46 37,0,82,,36696,11,0,46 37,0,72,,36698,11,0,46 37,0
201,'4741',624,,18673,11,0,46 37,0,119,,18680,11,0,46 37,0,157,,18674,11,0,46 37,0,135,,18681,11,0,46 37,0,100,,18660,11,0,46 37,0,79,,18671,11,0,46 37,0,39,,18667,11,0,46 37,0,79,,18666,11,0,46 37,0,81,,18662,11,0,46 37,0,40,,18663,11,0,46 37,0,80,,18672,11,0,46 37,0,81,,18668,11,0,46 37,0,36,,18664,11,0,46 37,0,81,,18665,11,0,46 37,0,81,,18669,11,0,46 37,0,37,,18678,11,0,46 37,0,81,,18670,11,0,46 37,0,80,,18677,11,0,46 37,0,41,,18676,11,0,46 37,0,80,,18679,11,0,46 37,0,81,,18675,11,0,46 37,0,42,,18682,11,0,46 37,0,82,,18683,11,0,46 37,0
201,'5041',637,,36721,11,0,46 37,0,118,,36722,11,0,46 37,0,163,,36716,11,0,46 37,0,39,,36709,11,0,46 37,0,97,,36719,11,0,46 37,0,78,,36710,11,0,46 37,0,80,,36702,11,0,46 37,0,38,,36705,11,0,46 37,0,78,,36704,11,0,46 37,0,81,,36714,11,0,46 37,0,40,,36706,11,0,46 37,0,81,,36703,11,0,46 37,0,81,,36707,11,0,46 37,0,36,,36715,11,0,46 37,0,81,,36718,11,0,46 37,0,81,,36717,11,0,46 37,0,38,,36720,11,0,46 37,0,76,,36711,11,0,46 37,0,80,,36712,11,0,46 37,0,45,,36713,11,0,46 37,0,81,,36726,11,0,46 37,0,81,,36723,11,0,46 37,0,43,,36724,11,0,46 37,0,81,,36725,11,0,46 37,0,76,,36727,11,0,46 37,0
201,'5078',624,,36744,11,0,46 37,0,119,,36751,11,0,46 37,0,157,,36745,11,0,46 37,0,135,,36752,11,0,46 37,0,100,,36731,11,0,46 37,0,79,,36742,11,0,46 37,0,39,,36738,11,0,46 37,0,79,,36737,11,0,46 37,0,81,,36733,11,0,46 37,0,40,,36734,11,0,46 37,0,80,,36743,11,0,46 37,0,81,,36739,11,0,46 37,0,36,,36735,11,0,46 37,0,81,,36736,11,0,46 37,0,81,,36740,11,0,46 37,0,37,,36749,11,0,46 37,0,81,,36741,11,0,46 37,0,80,,36748,11,0,46 37,0,41,,36747,11,0,46 37,0,80,,36750,11,0,46 37,0,81,,36746,11,0,46 37,0,42,,36753,11,0,46 37,0,82,,36754,11,0,46 37,0
201,'5079',624,,36769,11,0,46 37,0,119,,36776,11,0,46 37,0,157,,36770,11,0,46 37,0,135,,36777,11,0,46 37,0,100,,36756,11,0,46 37,0,79,,36767,11,0,46 37,0,39,,36763,11,0,46 37,0,79,,36762,11,0,46 37,0,81,,36758,11,0,46 37,0,40,,36759,11,0,46 37,0,80,,36768,11,0,46 37,0,81,,36764,11,0,46 37,0,36,,36760,11,0,46 37,0,81,,36761,11,0,46 37,0,81,,36765,11,0,46 37,0,37,,36774,11,0,46 37,0,81,,36766,11,0,46 37,0,80,,36773,11,0,46 37,0,41,,36772,11,0,46 37,0,80,,36775,11,0,46 37,0,81,,36771,11,0,46 37,0,42,,36778,11,0,46 37,0,82,,36779,11,0,46 37,0
801,'4661',639,,38812,2,,,0,75,,38813,2,,,0,24,,38814,2,,,0,64,,38815,2,,,0,35,,38816,2,,,0,87,,38811,2,,,0,83,,38817,2,,,0,31,,38833,2,,,0,82,,38818,2,,,0,84,,38819,2,,,0,39,,38820,2,,,0,85,,38821,2,,,0,86,,38822,2,,,0,26,,38823,2,0,8 9,0,17,,38824,2,,,0,72,,38834,2,,,0,75,,38825,2,,,0,37,,38826,2,,,0,85,,38827,2,,,0,32,,38835,2,,,0,72,,38828,2,,,0,74,,38829,2,,,0,48,,38830,2,,,0,97,,38831,2,,,0,85,,38832,2,,,0
801,'4663',639,,38837,2,,,0,75,,38838,2,,,0,24,,38839,2,,,0,64,,38840,2,,,0,35,,38841,2,,,0,87,,38836,2,,,0,83,,38842,2,,,0,31,,38858,2,,,0,82,,38843,2,,,0,84,,38844,2,,,0,39,,38845,2,,,0,85,,38846,2,,,0,86,,38847,2,,,0,26,,38848,2,0,8 9,0,17,,38849,2,,,0,72,,38859,2,,,0,75,,38850,2,,,0,37,,38851,2,,,0,85,,38852,2,,,0,32,,38860,2,,,0,72,,38853,2,,,0,74,,38854,2,,,0,48,,38855,2,,,0,97,,38856,2,,,0,85,,38857,2,,,0
801,'4741',931,,21781,2,0,8 9,0,85,,21782,2,0,8 9,0,90,,21783,2,0,8 9,0,48,,21784,2,0,8 9,0,90,,21780,2,0,8 9,0,92,,21785,2,0,8 9,0,91,,21786,2,0,8 9,0,92,,21787,2,0,8 9,0,90,,21788,2,0,8 9,0,91,,21789,2,0,8 9,0,47,,21790,2,0,8 9,0
801,'5041',716,,38862,2,0,8 9,0,85,,38863,2,0,8 9,0,45,,38864,2,0,8 9,0,85,,38865,2,0,8 9,0,85,,38866,2,0,8 9,0,90,,38867,2,0,8 9,0,48,,38868,2,0,8 9,0,90,,38869,2,0,8 9,0,92,,38861,2,0,8 9,0,91,,38870,2,0,8 9,0,92,,38871,2,0,8 9,0,90,,38872,2,0,8 9,0,91,,38873,2,0,8 9,0,47,,38874,2,0,8 9,0,84,,38875,2,0,8 9,0
801,'5078',931,,38877,2,0,8 9,0,85,,38878,2,0,8 9,0,90,,38879,2,0,8 9,0,48,,38880,2,0,8 9,0,90,,38876,2,0,8 9,0,92,,38881,2,0,8 9,0,91,,38882,2,0,8 9,0,92,,38883,2,0,8 9,0,90,,38884,2,0,8 9,0,91,,38885,2,0,8 9,0,47,,38886,2,0,8 9,0
801,'5079',931,,38888,2,0,8 9,0,85,,38889,2,0,8 9,0,90,,38890,2,0,8 9,0,48,,38891,2,0,8 9,0,90,,38887,2,0,8 9,0,92,,38892,2,0,8 9,0,91,,38893,2,0,8 9,0,92,,38894,2,0,8 9,0,90,,38895,2,0,8 9,0,91,,38896,2,0,8 9,0,47,,38897,2,0,8 9,0
