2601,'4332',624,,57529,9,,,0,30,,57530,9,,,0,66,,57531,9,,,0,17,,57532,9,,,0,17,,57533,9,,,0,57,,57534,9,,,0,17,,57535,9,,,0,17,,57536,9,,,0,57,,57537,9,,,0,17,,57538,9,,,0,17,,57539,9,,,0,17,,57540,9,,,0,57,,57541,9,,,0,17,,57542,9,,,0,17,,57543,9,,,0,57,,57544,9,,,0,17,,57545,9,,,0,17,,57528,9,,,0,17,,57546,9,,,0,57,,57547,9,,,0,17,,57548,9,,,0,17,,57549,9,,,0,16,,57550,9,,,0,57,,57551,9,,,0,17,,57552,9,,,0,17,,57553,9,,,0,56,,57554,9,,,0,17,,57555,9,,,0,17,,57556,9,,,0,16,,57557,9,,,0,56,,57558,9,,,0,16,,57559,9,,,0,16,,57560,9,,,0,57,,57561,9,,,0,17,,57562,9,,,0,17,,57563,9,,,0,18,,57564,9,,,0,57,,57565,9,,,0,18,,57566,9,,,0,20,,57567,9,,,0,60,,57568,9,,,0,20,,57569,9,,,0,21,,57570,9,,,0,60,,57571,9,,,0,20,,57572,9,,,0,18,,57573,9,,,0,60,,57574,9,,,0,20,,57575,9,,,0,20,,57576,9,,,0,60,,57577,9,,,0,20,,57578,9,,,0,20,,57579,9,,,0,60,,57580,9,,,0,22,,57581,9,,,0,30,,57582,9,,,0,70,,57583,9,,,0,71,,57584,9,,,0,30,,57585,9,,,0,71,,57586,9,,,0
2601,'4663',558,,57476,9,,,0,62,,57477,9,,,0,17,,57478,9,,,0,14,,57475,9,,,0,55,,57484,9,,,0,16,,57495,9,,,0,15,,57490,9,,,0,12,,57506,9,,,0,56,,57486,9,,,0,15,,57491,9,,,0,12,,57488,9,,,0,15,,57494,9,,,0,55,,57485,9,,,0,14,,57493,9,,,0,15,,57501,9,,,0,15,,57487,9,,,0,55,,57489,9,,,0,15,,57496,9,,,0,15,,57505,9,,,0,15,,57481,9,,,0,55,,57479,9,,,0,15,,57482,9,,,0,14,,57492,9,,,0,14,,57497,9,,,0,15,,57502,9,,,0,55,,57498,9,,,0,15,,57499,9,,,0,15,,57503,9,,,0,15,,57504,9,,,0,55,,57500,9,,,0,14,,57483,9,,,0,12,,57524,9,,,0,13,,57480,9,,,0,53,,57520,9,,,0,14,,57518,9,,,0,14,,57511,9,,,0,11,,57510,9,,,0,55,,57512,9,,,0,15,,57509,9,,,0,15,,57507,9,,,0,15,,57519,9,,,0,13,,57514,9,,,0,55,,57525,9,,,0,15,,57523,9,,,0,16,,57517,9,,,0,14,,57515,9,,,0,55,,57522,9,,,0,15,,57516,9,,,0,15,,57508,9,,,0,15,,57470,9,,,0,55,,57469,9,,,0,16,,57471,9,,,0,15,,57474,9,,,0,15,,57472,9,,,0,55,,57513,9,,,0,15,,57521,9,,,0,20,,57468,9,,,0,60,,57473,9,,,0,20,,57466,9,,,0,19,,57462,9,,,0,60,,57458,9,,,0,20,,57467,9,,,0,30,,57457,9,,,0,71,,57460,9,,,0,71,,57461,9,,,0,30,,57464,9,,,0,70,,57465,9,,,0,31,,57459,9,,,0,70,,57463,9,,,0
2601,'5078',644,,57610,9,,,0,62,,57597,9,,,0,23,,57587,9,,,0,22,,57606,9,,,0,60,,57611,9,,,0,26,,57596,9,,,0,20,,57589,9,,,0,60,,57607,9,,,0,22,,57600,9,,,0,18,,57590,9,,,0,58,,57594,9,,,0,18,,57588,9,,,0,18,,57608,9,,,0,58,,57592,9,,,0,19,,57613,9,,,0,18,,57591,9,,,0,58,,57595,9,,,0,18,,57593,9,,,0,18,,57604,9,,,0,18,,57601,9,,,0,58,,57614,9,,,0,18,,57598,9,,,0,18,,57609,9,,,0,58,,57602,9,,,0,18,,57605,9,,,0,18,,57603,9,,,0,58,,57612,9,,,0,18,,57599,9,,,0,18,,57623,9,,,0,18,,57618,9,,,0,58,,57622,9,,,0,17,,57616,9,,,0,17,,57625,9,,,0,57,,57615,9,,,0,20,,57621,9,,,0,20,,57619,9,,,0,60,,57620,9,,,0,20,,57624,9,,,0,20,,57617,9,,,0,60,,57627,9,,,0,20,,57633,9,,,0,20,,57629,9,,,0,60,,57632,9,,,0,20,,57628,9,,,0,20,,57626,9,,,0,60,,57630,9,,,0,22,,57631,9,,,0,30,,57634,9,,,0,70,,57635,9,,,0,30,,57636,9,,,0,71,,57637,9,,,0
2601,'5372',558,,42177,9,,,0,62,,42178,9,,,0,17,,42179,9,,,0,14,,42176,9,,,0,55,,42185,9,,,0,16,,42196,9,,,0,15,,42191,9,,,0,12,,42207,9,,,0,56,,42187,9,,,0,15,,42192,9,,,0,12,,51675,9,,,0,15,,42195,9,,,0,55,,42186,9,,,0,14,,42194,9,,,0,15,,42202,9,,,0,15,,50182,9,,,0,55,,42190,9,,,0,15,,42197,9,,,0,15,,42206,9,,,0,15,,42182,9,,,0,55,,51674,9,,,0,15,,42183,9,,,0,14,,42193,9,,,0,14,,50183,9,,,0,15,,42203,9,,,0,55,,42199,9,,,0,15,,50184,9,,,0,15,,42204,9,,,0,15,,42205,9,,,0,55,,42201,9,,,0,14,,42184,9,,,0,12,,42225,9,,,0,13,,42181,9,,,0,53,,42221,9,,,0,14,,42219,9,,,0,14,,42212,9,,,0,11,,42211,9,,,0,55,,42213,9,,,0,15,,42210,9,,,0,15,,42208,9,,,0,15,,50186,9,,,0,13,,42215,9,,,0,55,,42226,9,,,0,15,,42224,9,,,0,16,,42218,9,,,0,14,,50185,9,,,0,55,,42223,9,,,0,15,,42217,9,,,0,15,,42209,9,,,0,15,,50180,9,,,0,55,,42170,9,,,0,16,,42172,9,,,0,15,,42175,9,,,0,15,,50181,9,,,0,55,,42214,9,,,0,15,,42222,9,,,0,20,,50179,9,,,0,60,,42174,9,,,0,39,,42165,9,,,0,60,,42161,9,,,0,20,,50178,9,,,0,30,,42160,9,,,0,71,,42163,9,,,0,71,,42164,9,,,0,30,,42166,9,,,0,70,,42167,9,,,0,31,,50177,9,,,0
2601,'5373',2029,,57526,9,,,0
2601,'5385',558,,57655,9,,,0,62,,57656,9,,,0,17,,57657,9,,,0,14,,57654,9,,,0,55,,57663,9,,,0,16,,57674,9,,,0,15,,57669,9,,,0,12,,57685,9,,,0,56,,57665,9,,,0,15,,57670,9,,,0,12,,57667,9,,,0,15,,57673,9,,,0,55,,57664,9,,,0,14,,57672,9,,,0,15,,57680,9,,,0,15,,57666,9,,,0,55,,57668,9,,,0,15,,57675,9,,,0,15,,57684,9,,,0,15,,57660,9,,,0,55,,57658,9,,,0,15,,57661,9,,,0,14,,57671,9,,,0,14,,57676,9,,,0,15,,57681,9,,,0,55,,57677,9,,,0,15,,57678,9,,,0,15,,57682,9,,,0,15,,57683,9,,,0,55,,57679,9,,,0,14,,57662,9,,,0,12,,57703,9,,,0,13,,57659,9,,,0,53,,57699,9,,,0,14,,57697,9,,,0,14,,57690,9,,,0,11,,57689,9,,,0,55,,57691,9,,,0,15,,57688,9,,,0,15,,57686,9,,,0,15,,57698,9,,,0,13,,57693,9,,,0,55,,57704,9,,,0,15,,57702,9,,,0,16,,57696,9,,,0,14,,57694,9,,,0,55,,57701,9,,,0,15,,57695,9,,,0,15,,57687,9,,,0,15,,57649,9,,,0,55,,57648,9,,,0,16,,57650,9,,,0,15,,57653,9,,,0,15,,57651,9,,,0,55,,57692,9,,,0,15,,57700,9,,,0,20,,57647,9,,,0,60,,57652,9,,,0,39,,57643,9,,,0,60,,57639,9,,,0,20,,57646,9,,,0,30,,57638,9,,,0,71,,57641,9,,,0,71,,57642,9,,,0,30,,57644,9,,,0,70,,57645,9,,,0,31,,57640,9,,,0
2601,'5387',2029,,57705,9,,,0
2601,'5388',2029,,57706,9,,,0
4001,'4332',631,,59515,9,,,0,126,,59518,9,,,0,100,,59506,9,,,0,100,,59508,9,,,0,101,,59514,9,,,0,100,,59516,9,,,0,100,,59507,9,,,0,100,,59509,9,,,0,100,,59512,9,,,0,100,,59517,9,,,0,100,,59510,9,,,0,100,,59511,9,,,0,99,,59513,9,,,0,100,,59519,9,,,0,170,,59520,9,,,0
4001,'4663',557,,59501,9,,,0,95,,59495,9,,,0,67,,59503,9,,,0,93,,59489,9,,,0,98,,59499,9,,,0,100,,59490,9,,,0,100,,59498,9,,,0,101,,59491,9,,,0,100,,59500,9,,,0,100,,59492,9,,,0,107,,59502,9,,,0,35,,59487,9,,,0,76,,59494,9,,,0,74,,59488,9,,,0,34,,59505,9,,,0,86,,59493,9,,,0,97,,59504,9,,,0,97,,59496,9,,,0,125,,59497,9,,,0
4001,'5078',726,,59522,9,,,0,131,,59521,9,,,0,100,,59523,9,,,0,100,,59524,9,,,0,101,,59526,9,,,0,100,,59525,9,,,0,100,,59530,9,,,0,100,,59528,9,,,0,100,,59529,9,,,0,99,,59527,9,,,0,100,,59532,9,,,0,100,,59531,9,,,0,100,,59533,9,,,0
4001,'5372',557,,44537,9,,,0,95,,44531,9,,,0,67,,44539,9,,,0,93,,44525,9,,,0,98,,44535,9,,,0,100,,44526,9,,,0,100,,44534,9,,,0,101,,44527,9,,,0,100,,44536,9,,,0,100,,44528,9,,,0,107,,44538,9,,,0,35,,44523,9,,,0,76,,44530,9,,,0,74,,44524,9,,,0,34,,44541,9,,,0,86,,44529,9,,,0,97,,44540,9,,,0,97,,44532,9,,,0,125,,44533,9,,,0
4001,'5385',557,,59548,9,,,0,95,,59542,9,,,0,67,,59550,9,,,0,93,,59536,9,,,0,98,,59546,9,,,0,100,,59537,9,,,0,100,,59545,9,,,0,101,,59538,9,,,0,100,,59547,9,,,0,100,,59539,9,,,0,107,,59549,9,,,0,35,,59534,9,,,0,76,,59541,9,,,0,74,,59535,9,,,0,34,,59552,9,,,0,86,,59540,9,,,0,97,,59551,9,,,0,97,,59543,9,,,0,125,,59544,9,,,0
1002601,'4663',1402,,62929,7,,,0,105,,62930,9,,,0
1002601,'5372',1507,,48602,9,,,0,13,,48601,7,,,0
1002601,'5385',1507,,62932,9,,,0,13,,62931,7,,,0
24005101,'4663',735,,63194,4,,,0,72,,63192,4,,,0,40,,63191,4,,,0,676,,63187,4,,,0,21,,63186,4,,,0,70,,63188,4,,,0,33,,63189,4,,,0,68,,63193,4,,,0,29,,63190,4,,,0
24005101,'5372',735,,48878,4,,,0,72,,48876,4,,,0,40,,48875,4,,,0,676,,48871,4,,,0,21,,48870,4,,,0,70,,48872,4,,,0,33,,48873,4,,,0,68,,48877,4,,,0,29,,48874,4,,,0
24005101,'5385',735,,63203,4,,,0,72,,63201,4,,,0,40,,63200,4,,,0,676,,63196,4,,,0,21,,63195,4,,,0,70,,63197,4,,,0,33,,63198,4,,,0,68,,63202,4,,,0,29,,63199,4,,,0
