7101,'4661',600,,61222,7,,,0,30,,61221,7,,,0,85,,61220,7,,,0
7101,'4663',600,,61219,7,,,0,30,,61218,7,,,0,85,,61217,7,,,0
7201,'4332',603,,61424,7,,,0,101,,61394,7,,,0,100,,61395,7,,,0,33,,61396,7,,,0,70,,61397,7,,,0,30,,61398,7,,,0,70,,61399,7,,,0,30,,61400,7,,,0,70,,61401,7,,,0,30,,61402,7,,,0,70,,61393,7,,,0,30,,61403,7,,,0,70,,61404,7,,,0,30,,61405,7,,,0,75,,61406,7,,,0,30,,61407,7,,,0,70,,61408,7,,,0,30,,61409,7,,,0,70,,61410,7,,,0,25,,61411,7,,,0,70,,61412,7,,,0,30,,61413,7,,,0,69,,61414,7,,,0,30,,61415,7,,,0,70,,61416,7,,,0,30,,61417,7,,,0,70,,61418,7,,,0,30,,61419,7,,,0,70,,61420,7,,,0,100,,61421,7,,,0,100,,61422,7,,,0,100,,61423,7,,,0
7201,'4661',535,,61476,7,,,0,80,,61466,7,,,0,30,,61477,7,,,0,70,,61468,7,,,0,31,,61455,7,,,0,88,,61475,7,,,0,70,,61481,7,,,0,30,,61460,7,,,0,70,,61474,7,,,0,30,,61467,7,,,0,73,,61452,7,,,0,30,,61478,7,,,0,70,,61465,7,,,0,30,,61459,7,,,0,70,,61453,7,,,0,30,,61454,7,,,0,101,,61458,7,,,0,70,,61482,7,,,0,13,,61456,3,0,13 14,0,17,,61457,7,,,0,69,,61461,7,,,0,31,,61464,7,,,0,71,,61463,7,,,0,100,,61462,7,,,0,30,,61483,7,,,0,69,,61470,7,,,0,30,,61471,7,,,0,70,,61469,7,,,0,30,,61472,7,,,0,70,,61473,7,,,0,98,,61480,7,,,0,100,,61479,7,,,0,100,,61484,7,,,0
7201,'4663',535,,61381,7,,,0,80,,61371,7,,,0,30,,61382,7,,,0,70,,61373,7,,,0,31,,61357,7,,,0,61,,61359,7,,,0,27,,61380,7,,,0,70,,61386,7,,,0,30,,61364,7,,,0,70,,61379,7,,,0,30,,61372,7,,,0,73,,61354,7,,,0,30,,61383,7,,,0,70,,61370,7,,,0,30,,61363,7,,,0,70,,61355,7,,,0,30,,61356,7,,,0,72,,61358,7,,,0,29,,61362,7,,,0,70,,61387,7,,,0,13,,61360,3,0,13 14,0,17,,61361,7,,,0,69,,61365,7,,,0,31,,61369,7,,,0,71,,61367,7,,,0,30,,61368,7,,,0,70,,61366,7,,,0,30,,61388,7,,,0,69,,61375,7,,,0,30,,61376,7,,,0,70,,61374,7,,,0,30,,61377,7,,,0,70,,61378,7,,,0,98,,61385,7,,,0,100,,61384,7,,,0,100,,61389,7,,,0
7201,'4675',807,,61391,7,,,0,602,,61390,7,,,0,330,,61392,7,,,0
7201,'4771',807,,61485,7,,,0,601,,61486,7,,,0,331,,61487,7,,,0
7201,'5078',704,,61426,7,,,0,100,,61427,7,,,0,100,,61428,7,,,0,103,,61429,7,,,0,100,,61430,7,,,0,30,,61431,7,,,0,70,,61425,7,,,0,30,,61432,7,,,0,70,,61433,7,,,0,30,,61435,7,,,0,70,,61436,7,,,0,30,,61437,7,,,0,70,,61434,7,,,0,30,,61438,7,,,0,70,,61439,7,,,0,30,,61440,7,,,0,74,,61441,7,,,0,28,,61442,7,,,0,72,,61443,7,,,0,30,,61444,7,,,0,70,,61445,7,,,0,30,,61446,7,,,0,70,,61447,7,,,0,30,,61448,7,,,0,70,,61449,7,,,0,95,,61450,7,,,0,100,,61451,7,,,0
8101,'4332',906,,61827,7,,,0,103,,61828,7,,,0,100,,61829,7,,,0,100,,61830,7,,,0,100,,61831,7,,,0,103,,61832,7,,,0,100,,61833,7,,,0,100,,61834,7,,,0,97,,61835,7,,,0,97,,61836,7,,,0,100,,61837,7,,,0,100,,61838,7,,,0,100,,61839,7,,,0
8101,'4661',656,,61854,7,,,0,251,,61856,7,,,0,103,,61857,7,,,0,97,,61858,7,,,0,100,,61859,7,,,0,100,,61860,7,,,0,100,,61861,7,,,0,101,,61862,7,,,0,100,,61863,7,,,0,99,,61864,7,,,0,100,,61865,7,,,0,99,,61866,7,,,0,101,,61867,7,,,0,99,,61868,7,,,0
8101,'4663',656,,61812,7,,,0,251,,61814,7,,,0,103,,61815,7,,,0,97,,61816,7,,,0,100,,61817,7,,,0,100,,61818,7,,,0,100,,61819,7,,,0,101,,61820,7,,,0,100,,61821,7,,,0,99,,61822,7,,,0,100,,61823,7,,,0,99,,61824,7,,,0,101,,61825,7,,,0,99,,61826,7,,,0
8101,'5078',906,,61840,7,,,0,101,,61841,7,,,0,102,,61842,7,,,0,100,,61843,7,,,0,100,,61844,7,,,0,100,,61845,7,,,0,100,,61846,7,,,0,100,,61847,7,,,0,103,,61848,7,,,0,100,,61849,7,,,0,100,,61850,7,,,0,100,,61851,7,,,0,100,,61852,7,,,0
