5300,'4532',702,,73358,5,0,25 40,0,200,,73362,5,0,25 40,0,211,,73363,5,0,25 40,0,217,,73364,14,0,25 40,0,210,,73361,14,0,25 40,0,209,,73359,14,0,25 40,0,206,,73360,14,0,25 40,0
5300,'4623',621,,73340,5,0,25 40,0,37,,73343,5,,,0,180,,73341,5,0,25 40,0,185,,73342,5,0,25 40,0,130,,73346,5,0,25 40,0,172,,73347,14,0,25 40,0,188,,73345,14,0,25 40,0,106,,73344,14,0,25 40,0,129,,73349,14,0,25 40,0,166,,73348,14,0,25 40,0,130,,73350,14,0,25 40,0
5300,'4832',702,,73379,5,0,25 40,0,202,,73376,5,0,25 40,0,208,,73377,5,0,25 40,0,217,,73380,14,0,25 40,0,210,,73378,14,0,25 40,0,210,,73382,14,0,25 40,0,205,,73381,14,0,25 40,0
5300,'4833',702,,73351,5,0,25 40,0,200,,73355,5,0,25 40,0,211,,73356,5,0,25 40,0,217,,73357,14,0,25 40,0,210,,73354,14,0,25 40,0,209,,73352,14,0,25 40,0,206,,73353,14,0,25 40,0
5300,'5222',621,,73365,5,0,25 40,0,37,,73368,5,,,0,180,,73366,5,0,25 40,0,185,,73367,5,0,25 40,0,130,,73371,5,0,25 40,0,172,,73372,14,0,25 40,0,188,,73370,14,0,25 40,0,106,,73369,14,0,25 40,0,129,,73374,14,0,25 40,0,166,,73373,14,0,25 40,0,130,,73375,14,0,25 40,0
5300,'5390',702,,73386,5,0,25 40,0,202,,73383,5,0,25 40,0,208,,73384,5,0,25 40,0,217,,73387,14,0,25 40,0,210,,73385,14,0,25 40,0,210,,73389,14,0,25 40,0,205,,73388,14,0,25 40,0
5701,'4532',637,,73774,21,,,0,108,,73764,21,,,0,97,,73775,21,,,0,105,,73778,21,,,0,103,,73776,21,,,0,107,,73777,21,,,0,150,,73763,21,,,0,100,,73769,21,,,0,110,,73773,21,,,0,101,,73770,21,,,0,108,,73765,21,,,0,90,,73767,21,,,0,113,,73771,21,,,0,99,,73772,21,,,0,99,,73768,21,,,0,113,,73766,21,,,0
5701,'4623',611,,73727,21,,,0,91,,73728,21,,,0,44,,73726,21,,,0,90,,73737,21,,,0,81,,73729,21,,,0,87,,73736,21,,,0,45,,73731,21,,,0,86,,73738,21,,,0,85,,73730,21,,,0,85,,73739,21,,,0,46,,73732,21,,,0,89,,73740,21,,,0,101,,73733,21,,,0,73,,73741,21,,,0,42,,73734,21,,,0,85,,73743,21,,,0,86,,73735,21,,,0,88,,73742,21,,,0,99,,73744,21,,,0,115,,73746,21,,,0,109,,73745,21,,,0
5701,'4832',745,,73803,21,,,0,99,,73800,21,,,0,105,,73802,21,,,0,100,,73801,21,,,0,107,,73804,21,,,0,150,,73807,21,,,0,100,,73805,21,,,0,110,,73808,21,,,0,100,,73806,21,,,0,109,,73812,21,,,0,90,,73814,21,,,0,113,,73813,21,,,0,100,,73811,21,,,0,99,,73810,21,,,0,85,,73809,21,,,0
5701,'4833',637,,73758,21,,,0,108,,73748,21,,,0,97,,73759,21,,,0,105,,73762,21,,,0,103,,73760,21,,,0,107,,73761,21,,,0,150,,73747,21,,,0,100,,73753,21,,,0,110,,73757,21,,,0,101,,73754,21,,,0,108,,73749,21,,,0,90,,73751,21,,,0,113,,73755,21,,,0,99,,73756,21,,,0,99,,73752,21,,,0,113,,73750,21,,,0
5701,'5222',611,,73780,21,,,0,91,,73781,21,,,0,44,,73779,21,,,0,90,,73790,21,,,0,81,,73782,21,,,0,87,,73789,21,,,0,45,,73784,21,,,0,86,,73791,21,,,0,85,,73783,21,,,0,85,,73792,21,,,0,46,,73785,21,,,0,89,,73793,21,,,0,101,,73786,21,,,0,73,,73794,21,,,0,42,,73787,21,,,0,85,,73796,21,,,0,86,,73788,21,,,0,88,,73795,21,,,0,99,,73797,21,,,0,115,,73799,21,,,0,109,,73798,21,,,0
5701,'5390',745,,73818,21,,,0,99,,73815,21,,,0,105,,73817,21,,,0,100,,73816,21,,,0,107,,73819,21,,,0,150,,73822,21,,,0,100,,73820,21,,,0,110,,73823,21,,,0,100,,73821,21,,,0,109,,73827,21,,,0,90,,73829,21,,,0,113,,73828,21,,,0,100,,73826,21,,,0,99,,73825,21,,,0,85,,73824,21,,,0
