5201,'4487',716,,26765,,,0,33,,26775,,,0,70,,26773,,,0,32,,26756,,,0,70,,26763,,,0,30,,26782,,,0,70,,26759,,,0,34,,26757,,,0,71,,26764,,,0,30,,26783,,,0,74,,26761,,,0,72,,26758,,,0,36,,26767,,,0,67,,26785,,,0,35,,26762,,,0,74,,26772,,,0,35,,26766,,,0,69,,26784,,,0,30,,26760,,,0,70,,26770,,,0,22,,26778,,,0,65,,26769,,,0,24,,26774,,,0,25,,26771,,,0,69,,26768,,,0,28,,26781,,,0,72,,26776,,,0,30,,26780,,,0,70,,26777,,,0,94,,26786,,,0,101,,26787,,,0,99,,26788,,,0
5201,'4743',716,,13475,,,0,33,,13485,,,0,70,,13483,,,0,32,,13466,,,0,70,,13473,,,0,30,,13492,,,0,70,,13469,,,0,34,,13467,,,0,71,,13474,,,0,30,,13493,,,0,74,,13471,,,0,72,,13468,,,0,36,,13477,,,0,67,,13495,,,0,35,,13472,,,0,74,,13482,,,0,35,,13476,,,0,69,,13494,,,0,30,,13470,,,0,70,,13480,,,0,22,,13488,,,0,65,,13479,,,0,24,,13484,,,0,25,,13481,,,0,69,,13478,,,0,28,,13491,,,0,72,,13486,,,0,30,,13490,,,0,70,,13487,,,0,94,,13496,,,0,101,,13497,,,0,99,,13498,,,0
5201,'4744',533,,26792,,,0,78,,26789,,,0,40,,26796,,,0,78,,26791,,,0,27,,26802,,,0,71,,26790,,,0,74,,26808,,,0,23,,26797,,,0,33,,26793,,,0,75,,26794,,,0,70,,26806,,,0,30,,26798,,,0,69,,26795,,,0,36,,26799,,,0,74,,26807,,,0,31,,26800,,,0,70,,26801,,,0,30,,26821,,,0,72,,26803,,,0,30,,26809,,,0,70,,26804,,,0,30,,26805,,,0,75,,26822,,,0,22,,26810,,,0,64,,26811,,,0,21,,26812,,,0,30,,26813,,,0,69,,26823,,,0,28,,26814,,,0,73,,26815,,,0,28,,26817,,,0,68,,26825,,,0,99,,26819,,,0,97,,26824,,,0,96,,26820,,,0
5201,'4745',747,,26835,,,0,70,,26851,,,0,32,,26843,,,0,71,,26830,,,0,30,,26838,,,0,71,,26845,,,0,31,,26840,,,0,70,,26831,,,0,33,,26837,,,0,70,,26846,,,0,31,,26842,,,0,76,,26829,,,0,69,,26836,,,0,35,,26849,,,0,75,,26841,,,0,34,,26832,,,0,69,,26834,,,0,30,,26848,,,0,69,,26839,,,0,30,,26844,,,0,69,,26833,,,0,30,,26847,,,0,79,,26850,,,0,100,,26852,,,0,99,,26853,,,0,98,,26854,,,0,98,,26855,,,0
5201,'4935',533,,7374,,,0,78,,7371,,,0,40,,7378,,,0,78,,7373,,,0,27,,7384,,,0,71,,7372,,,0,74,,7390,,,0,23,,7379,,,0,33,,7375,,,0,75,,7376,,,0,70,,7388,,,0,30,,7380,,,0,69,,7377,,,0,36,,7381,,,0,74,,7389,,,0,31,,7382,,,0,70,,7383,,,0,30,,7403,,,0,72,,7385,,,0,30,,7391,,,0,70,,7386,,,0,30,,7387,,,0,75,,7404,,,0,22,,7392,,,0,64,,7393,,,0,21,,7394,,,0,30,,7395,,,0,69,,7405,,,0,28,,7396,,,0,73,,7397,,,0,28,,7399,,,0,68,,7407,,,0,99,,7401,,,0,97,,7406,,,0,96,,7402,,,0
5201,'4941',533,,7414,,,0,78,,7411,,,0,40,,7418,,,0,78,,7413,,,0,27,,7424,,,0,71,,7412,,,0,74,,7430,,,0,23,,7419,,,0,33,,7415,,,0,75,,7416,,,0,70,,7428,,,0,30,,7420,,,0,69,,7417,,,0,36,,7421,,,0,74,,7429,,,0,31,,7422,,,0,70,,7423,,,0,30,,7443,,,0,72,,7425,,,0,30,,7431,,,0,70,,7426,,,0,30,,7427,,,0,75,,7444,,,0,22,,7432,,,0,64,,7433,,,0,21,,7434,,,0,30,,7435,,,0,69,,7445,,,0,28,,7436,,,0,73,,7437,,,0,28,,7439,,,0,68,,7447,,,0,99,,7441,,,0,97,,7446,,,0,96,,7442,,,0
5201,'4943',716,,7459,,,0,33,,7469,,,0,70,,7467,,,0,32,,7450,,,0,70,,7457,,,0,30,,7476,,,0,70,,7453,,,0,34,,7451,,,0,71,,7458,,,0,30,,7477,,,0,74,,7455,,,0,72,,7452,,,0,36,,7461,,,0,67,,7479,,,0,35,,7456,,,0,74,,7466,,,0,35,,7460,,,0,69,,7478,,,0,30,,7454,,,0,70,,7464,,,0,22,,7472,,,0,65,,7463,,,0,24,,7468,,,0,25,,7465,,,0,69,,7462,,,0,28,,7475,,,0,72,,7470,,,0,30,,7474,,,0,70,,7471,,,0,94,,7480,,,0,101,,7481,,,0,99,,7482,,,0
5201,'4945',747,,7489,,,0,70,,7505,,,0,32,,7497,,,0,71,,7484,,,0,30,,7492,,,0,71,,7499,,,0,31,,7494,,,0,70,,7485,,,0,33,,7491,,,0,70,,7500,,,0,31,,7496,,,0,76,,7483,,,0,69,,7490,,,0,35,,7503,,,0,75,,7495,,,0,34,,7486,,,0,69,,7488,,,0,30,,7502,,,0,69,,7493,,,0,30,,7498,,,0,69,,7487,,,0,30,,7501,,,0,79,,7504,,,0,100,,7506,,,0,99,,7507,,,0,98,,7508,,,0,98,,7509,,,0
5201,'4947',533,,26859,,,0,78,,26856,,,0,40,,26863,,,0,78,,26858,,,0,27,,26869,,,0,71,,26857,,,0,74,,26875,,,0,23,,26864,,,0,33,,26860,,,0,75,,26861,,,0,70,,26873,,,0,30,,26865,,,0,69,,26862,,,0,36,,26866,,,0,74,,26874,,,0,31,,26867,,,0,70,,26868,,,0,30,,26888,,,0,72,,26870,,,0,30,,26876,,,0,70,,26871,,,0,30,,26872,,,0,75,,26889,,,0,22,,26877,,,0,64,,26878,,,0,21,,26879,,,0,30,,26880,,,0,69,,26890,,,0,28,,26881,,,0,73,,26882,,,0,28,,26884,,,0,68,,26892,,,0,99,,26886,,,0,97,,26891,,,0,96,,26887,,,0
5201,'4952',533,,26899,,,0,78,,26896,,,0,40,,26903,,,0,78,,26898,,,0,27,,26909,,,0,71,,26897,,,0,74,,26915,,,0,23,,26904,,,0,33,,26900,,,0,75,,26901,,,0,70,,26913,,,0,30,,26905,,,0,69,,26902,,,0,36,,26906,,,0,74,,26914,,,0,31,,26907,,,0,70,,26908,,,0,30,,26928,,,0,72,,26910,,,0,30,,26916,,,0,70,,26911,,,0,30,,26912,,,0,75,,26929,,,0,22,,26917,,,0,64,,26918,,,0,21,,26919,,,0,30,,26920,,,0,69,,26930,,,0,28,,26921,,,0,73,,26922,,,0,28,,26924,,,0,68,,26932,,,0,99,,26926,,,0,97,,26931,,,0,96,,26927,,,0
5201,'4953',716,,26944,,,0,33,,26954,,,0,70,,26952,,,0,32,,26935,,,0,70,,26942,,,0,30,,26961,,,0,70,,26938,,,0,34,,26936,,,0,71,,26943,,,0,30,,26962,,,0,74,,26940,,,0,72,,26937,,,0,36,,26946,,,0,67,,26964,,,0,35,,26941,,,0,74,,26951,,,0,35,,26945,,,0,69,,26963,,,0,30,,26939,,,0,70,,26949,,,0,22,,26957,,,0,65,,26948,,,0,24,,26953,,,0,25,,26950,,,0,69,,26947,,,0,28,,26960,,,0,72,,26955,,,0,30,,26959,,,0,70,,26956,,,0,94,,26965,,,0,101,,26966,,,0,99,,26967,,,0
5201,'4954',747,,26974,,,0,70,,26990,,,0,32,,26982,,,0,71,,26969,,,0,30,,26977,,,0,71,,26984,,,0,31,,26979,,,0,70,,26970,,,0,33,,26976,,,0,70,,26985,,,0,31,,26981,,,0,76,,26968,,,0,69,,26975,,,0,35,,26988,,,0,75,,26980,,,0,34,,26971,,,0,69,,26973,,,0,30,,26987,,,0,69,,26978,,,0,30,,26983,,,0,69,,26972,,,0,30,,26986,,,0,79,,26989,,,0,100,,26991,,,0,99,,26992,,,0,98,,26993,,,0,98,,26994,,,0
