5500,'4487',811,,31193,16,,,0,201,,31189,16,,,0,212,,31190,16,,,0,205,,31191,16,,,0,211,,31192,16,,,0,209,,31188,16,,,0,264,,31187,16,,,0
5500,'4737',616,,31194,16,,,0,130,,31196,16,,,0,175,,31195,16,,,0,214,,31197,16,,,0,198,,31198,16,,,0,173,,31199,16,,,0,105,,31200,16,,,0,143,,31201,16,,,0,190,,31202,16,,,0,198,,31203,16,,,0
5500,'4744',616,,31204,16,,,0,130,,31206,16,,,0,175,,31205,16,,,0,214,,31207,16,,,0,198,,31208,16,,,0,173,,31209,16,,,0,105,,31210,16,,,0,143,,31211,16,,,0,190,,31212,16,,,0,198,,31213,16,,,0
5500,'4745',810,,31214,16,,,0,201,,31217,16,,,0,213,,31216,16,,,0,205,,31215,16,,,0,210,,31219,16,,,0,209,,31220,16,,,0,264,,31218,16,,,0
5500,'5066',616,,31221,16,,,0,130,,31223,16,,,0,175,,31222,16,,,0,214,,31224,16,,,0,198,,31225,16,,,0,173,,31226,16,,,0,105,,31227,16,,,0,143,,31228,16,,,0,190,,31229,16,,,0,198,,31230,16,,,0
5500,'5070',811,,31237,16,,,0,201,,31233,16,,,0,212,,31234,16,,,0,205,,31235,16,,,0,211,,31236,16,,,0,209,,31232,16,,,0,264,,31231,16,,,0
5500,'5072',810,,31238,16,,,0,201,,31241,16,,,0,213,,31240,16,,,0,205,,31239,16,,,0,210,,31243,16,,,0,209,,31244,16,,,0,264,,31242,16,,,0
6400,'4737',732,,32675,42,,,0,507,,32677,73,,,0,580,,32679,58,,,0
6400,'4744',732,,32682,42,,,0,507,,32684,73,,,0,580,,32686,58,,,0
6400,'5066',732,,32689,42,,,0,507,,32691,73,,,0,580,,32693,58,,,0
