5500,'4332',812,,45291,18,,,0,201,,45287,18,,,0,212,,45288,18,,,0,205,,45289,18,,,0,211,,45290,18,,,0,209,,45286,18,,,0,264,,50524,18,,,0
5500,'4661',747,,45267,18,,,0,175,,45266,18,,,0,214,,45268,18,,,0,476,,45271,18,,,0,143,,45272,18,,,0,190,,45273,18,,,0,198,,45274,18,,,0
5500,'4663',617,,50525,18,,,0,130,,45277,18,,,0,175,,45276,18,,,0,214,,45278,18,,,0,198,,50526,18,,,0,173,,50527,18,,,0,105,,45281,18,,,0,143,,45282,18,,,0,190,,45283,18,,,0,198,,45284,18,,,0
5500,'5078',811,,45292,18,,,0,201,,45295,18,,,0,213,,45294,18,,,0,205,,45293,18,,,0,210,,45297,18,,,0,209,,50529,18,,,0,264,,50528,18,,,0
5500,'5079',811,,45299,18,,,0,201,,45302,18,,,0,213,,45301,18,,,0,205,,45300,18,,,0,210,,45304,18,,,0,209,,45305,18,,,0,264,,45303,18,,,0
5500,'5187',617,,45265,18,,,0,717,,45269,18,,,0,173,,45270,18,,,0
5500,'5189',617,,50530,18,,,0,717,,50531,18,,,0,173,,50532,18,,,0
6400,'4661',733,,46306,44,,,0,1087,,46310,60,,,0
6400,'4663',733,,46313,44,,,0,507,,50762,75,,,0,580,,46317,60,,,0
6400,'5187',1240,,46308,75,,,0
6400,'5189',1240,,50765,75,,,0
