2200,'4663',553,,56740,3,,,0,68,,56724,3,,,0,28,,56735,3,,,0,69,,56727,3,,,0,33,,56739,3,,,0,63,,56719,3,,,0,30,,56723,3,,,0,103,,56725,3,,,0,66,,56741,3,,,0,30,,56718,3,,,0,100,,56734,3,0,21 22,0,70,,56726,3,0,21 22,0,30,,56742,3,0,21 22,0,70,,56720,3,0,21 22,0,100,,56737,3,0,21 22,0,29,,56731,3,0,21 22,0,74,,56744,3,0,21 22,0,102,,56732,3,0,21 22,0,101,,56728,3,0,21 22,0,30,,56743,3,,,0,65,,56721,3,,,0,100,,56736,3,,,0,30,,56733,3,,,0,70,,56722,3,,,0,30,,56730,3,,,0,70,,56738,3,0,5,0,30,,56729,3,0,5,0
2200,'5372',553,,49994,3,,,0,68,,49978,3,,,0,28,,49989,3,,,0,69,,49981,3,,,0,33,,49993,3,,,0,63,,49973,3,,,0,30,,49977,3,,,0,103,,49979,3,,,0,66,,49995,3,,,0,30,,49972,3,,,0,100,,49988,3,0,21 22,0,70,,49980,3,0,21 22,0,30,,49996,3,0,21 22,0,70,,49974,3,0,21 22,0,100,,49991,3,0,21 22,0,29,,49985,3,0,21 22,0,74,,49998,3,0,21 22,0,102,,49986,3,0,21 22,0,101,,49982,3,0,21 22,0,30,,49997,3,,,0,65,,49975,3,,,0,100,,49990,3,,,0,30,,49987,3,,,0,70,,49976,3,,,0,30,,49984,3,,,0,70,,49992,3,0,5,0,30,,49983,3,0,5,0
2200,'5377',732,,49927,3,,,0,100,,49928,3,,,0,80,,49929,3,,,0,30,,49924,3,,,0,70,,49925,3,,,0,30,,49926,3,,,0,70,,49931,3,,,0,29,,49932,3,,,0,71,,49930,3,,,0,30,,49933,3,,,0,70,,49934,3,,,0,30,,49942,3,,,0,70,,49941,3,,,0,30,,49935,3,,,0,70,,49936,3,,,0,30,,49937,3,,,0,70,,49938,3,,,0,32,,49939,3,,,0,70,,49940,3,,,0,30,,49943,3,,,0,70,,49944,3,,,0,30,,49945,3,,,0,70,,49946,3,,,0
2200,'5383',642,,56765,3,,,0,80,,56751,3,,,0,80,,56755,3,,,0,40,,56768,3,,,0,70,,56752,3,,,0,30,,56746,3,,,0,71,,56753,3,,,0,31,,56767,3,,,0,70,,56750,3,,,0,30,,56749,3,,,0,71,,56754,3,,,0,30,,56747,3,,,0,69,,56772,3,,,0,30,,56748,3,,,0,70,,56761,3,,,0,30,,56757,3,,,0,70,,56760,3,,,0,30,,56771,3,,,0,69,,56762,3,,,0,31,,56756,3,,,0,70,,56764,3,,,0,33,,56763,3,,,0,70,,56759,3,,,0,30,,56758,3,,,0,70,,56773,3,,,0,30,,56774,3,,,0,67,,56770,3,,,0,28,,56766,3,,,0,70,,56769,3,0,5,0,30,,56775,3,0,5,0
2200,'5384',732,,56779,3,,,0,100,,56780,3,,,0,80,,56781,3,,,0,30,,56776,3,,,0,70,,56777,3,,,0,30,,56778,3,,,0,70,,56783,3,,,0,29,,56784,3,,,0,71,,56782,3,,,0,30,,56785,3,,,0,70,,56786,3,,,0,30,,56794,3,,,0,70,,56793,3,,,0,30,,56787,3,,,0,70,,56788,3,,,0,30,,56789,3,,,0,70,,56790,3,,,0,32,,56791,3,,,0,70,,56792,3,,,0,30,,56795,3,,,0,70,,56796,3,,,0,30,,56797,3,,,0,70,,56798,3,,,0
2200,'5385',553,,56823,3,,,0,68,,56807,3,,,0,28,,56818,3,,,0,69,,56810,3,,,0,33,,56822,3,,,0,63,,56802,3,,,0,30,,56806,3,,,0,103,,56808,3,,,0,66,,56824,3,,,0,30,,56801,3,,,0,100,,56817,3,0,21 22,0,70,,56809,3,0,21 22,0,30,,56825,3,0,21 22,0,70,,56803,3,0,21 22,0,100,,56820,3,0,21 22,0,29,,56814,3,0,21 22,0,74,,56827,3,0,21 22,0,102,,56815,3,0,21 22,0,101,,56811,3,0,21 22,0,30,,56826,3,,,0,65,,56804,3,,,0,100,,56819,3,,,0,30,,56816,3,,,0,70,,56805,3,,,0,30,,56813,3,,,0,70,,56821,3,0,5,0,30,,56812,3,0,5,0
2701,'4663',534,,57911,21,,,0,81,,57910,21,,,0,26,,57916,21,,,0,62,,57923,21,,,0,30,,57941,21,,,0,68,,57917,21,,,0,24,,57951,21,,,0,30,,57952,21,,,0,59,,57930,21,,,0,22,,57969,21,,,0,22,,57950,21,,,0,65,,57924,21,,,0,27,,57913,21,,,0,66,,57912,21,,,0,27,,57914,21,,,0,67,,57915,21,,,0,27,,57929,21,,,0,67,,57949,21,,,0,26,,57918,21,,,0,26,,57919,21,,,0,64,,57958,21,,,0,3,,57922,21,,,0,25,,57920,21,,,0,67,,57921,21,,,0,87,,57942,21,,,0,33,,57959,21,,,0,71,,57961,21,,,0,32,,57943,21,,,0,68,,57935,21,,,0,12,,57933,21,,,0,13,,57962,21,,,0,14,,57936,21,,,0,55,,57937,21,,,0,15,,57938,21,,,0,21,,57939,21,,,0,23,,57940,21,,,0,66,,57945,21,,,0,28,,57946,21,,,0,69,,57947,21,,,0,27,,57948,21,,,0,69,,57944,21,,,0,29,,57954,21,,,0,75,,57957,21,,,0,79,,57955,21,,,0,37,,57956,21,,,0,82,,57966,21,,,0,80,,57967,21,,,0
2701,'5372',534,,42696,21,,,0,81,,42695,21,,,0,26,,42701,21,,,0,62,,42708,21,,,0,30,,42725,21,,,0,68,,42702,21,,,0,24,,42734,21,,,0,30,,42735,21,,,0,59,,42715,21,,,0,22,,57976,21,,,0,22,,42733,21,,,0,65,,42709,21,,,0,27,,57970,21,,,0,66,,42697,21,,,0,27,,42699,21,,,0,67,,42700,21,,,0,27,,57974,21,,,0,67,,42732,21,,,0,26,,42703,21,,,0,26,,57971,21,,,0,67,,42707,21,,,0,25,,42705,21,,,0,67,,42706,21,,,0,31,,42745,21,,,0,56,,42726,21,,,0,33,,51681,21,,,0,71,,42742,21,,,0,32,,57975,21,,,0,68,,42720,21,,,0,12,,42718,21,,,0,27,,42721,21,,,0,55,,42722,21,,,0,15,,42723,21,,,0,21,,42724,21,,,0,89,,42729,21,,,0,28,,42730,21,,,0,96,,42731,21,,,0,69,,42728,21,,,0,104,,42739,21,,,0,79,,42737,21,,,0,37,,42738,21,,,0
2701,'5373',1831,,42864,21,,,0,128,,42861,21,,,0,163,,42862,21,,,0,125,,42863,21,,,0
2701,'5377',706,,42865,21,,,0,42,,42866,21,,,0,70,,42867,21,,,0,29,,42868,21,,,0,72,,42869,21,,,0,31,,42870,21,,,0,69,,42871,21,,,0,29,,42872,21,,,0,67,,42873,21,,,0,27,,42874,21,,,0,65,,42875,21,,,0,25,,42876,21,,,0,23,,42877,21,,,0,64,,42878,21,,,0,22,,42879,21,,,0,64,,42880,21,,,0,23,,42881,21,,,0,23,,42882,21,,,0,63,,42883,21,,,0,23,,42884,21,,,0,63,,42885,21,,,0,23,,42886,21,,,0,21,,42887,21,,,0,63,,42888,21,,,0,23,,42889,21,,,0,23,,42890,21,,,0,63,,42891,21,,,0,22,,42892,21,,,0,64,,42893,21,,,0,25,,42894,21,,,0,25,,42895,21,,,0,68,,42896,21,,,0,29,,42897,21,,,0,70,,42898,21,,,0,30,,42899,21,,,0,75,,42900,21,,,0,81,,42901,21,,,0,39,,42902,21,,,0
2701,'5381',1831,,42810,21,,,0,128,,42807,21,,,0,163,,42808,21,,,0,125,,42809,21,,,0
2701,'5383',637,,57977,21,,,0,77,,57978,21,,,0,31,,57979,21,,,0,70,,57980,21,,,0,30,,57981,21,,,0,67,,57982,21,,,0,28,,57983,21,,,0,67,,57984,21,,,0,27,,57985,21,,,0,67,,57986,21,,,0,22,,57987,21,,,0,23,,57988,21,,,0,63,,57989,21,,,0,22,,57990,21,,,0,23,,57993,21,,,0,62,,57992,21,,,0,23,,57994,21,,,0,63,,57991,21,,,0,23,,57995,21,,,0,23,,57996,21,,,0,60,,57997,21,,,0,21,,57998,21,,,0,21,,57999,21,,,0,60,,58000,21,,,0,21,,58001,21,,,0,20,,58002,21,,,0,59,,58003,21,,,0,20,,58004,21,,,0,19,,58005,21,,,0,60,,58006,21,,,0,20,,58007,21,,,0,20,,58008,21,,,0,60,,58009,21,,,0,20,,58010,21,,,0,26,,58011,21,,,0,66,,58012,21,,,0,29,,58013,21,,,0,70,,58014,21,,,0,28,,58015,21,,,0,70,,58016,21,,,0,30,,58017,21,,,0,72,,58018,21,,,0,31,,58019,21,,,0,70,,58020,21,,,0,30,,58021,21,,,0,68,,58022,21,,,0,28,,58023,21,,,0,70,,58024,21,,,0
2701,'5384',706,,58027,21,,,0,42,,58028,21,,,0,70,,58029,21,,,0,29,,58030,21,,,0,72,,58031,21,,,0,31,,58032,21,,,0,69,,58033,21,,,0,29,,58034,21,,,0,67,,58035,21,,,0,27,,58036,21,,,0,65,,58037,21,,,0,25,,58038,21,,,0,23,,58039,21,,,0,64,,58040,21,,,0,22,,58041,21,,,0,64,,58042,21,,,0,23,,58043,21,,,0,23,,58044,21,,,0,63,,58045,21,,,0,23,,58046,21,,,0,63,,58047,21,,,0,23,,58048,21,,,0,21,,58049,21,,,0,63,,58050,21,,,0,23,,58051,21,,,0,23,,58052,21,,,0,63,,58053,21,,,0,22,,58054,21,,,0,64,,58055,21,,,0,25,,58056,21,,,0,25,,58057,21,,,0,68,,58058,21,,,0,29,,58059,21,,,0,70,,58060,21,,,0,30,,58061,21,,,0,75,,58062,21,,,0,81,,58063,21,,,0,39,,58064,21,,,0
2701,'5385',534,,58067,21,,,0,81,,58066,21,,,0,26,,58072,21,,,0,62,,58079,21,,,0,30,,58096,21,,,0,68,,58073,21,,,0,24,,58105,21,,,0,30,,58106,21,,,0,59,,58086,21,,,0,22,,58117,21,,,0,22,,58104,21,,,0,65,,58080,21,,,0,27,,58069,21,,,0,66,,58068,21,,,0,27,,58070,21,,,0,67,,58071,21,,,0,27,,58085,21,,,0,67,,58103,21,,,0,26,,58074,21,,,0,26,,58075,21,,,0,67,,58078,21,,,0,25,,58076,21,,,0,67,,58077,21,,,0,31,,58116,21,,,0,56,,58097,21,,,0,33,,58111,21,,,0,71,,58113,21,,,0,32,,58098,21,,,0,68,,58091,21,,,0,12,,58089,21,,,0,27,,58092,21,,,0,55,,58093,21,,,0,15,,58094,21,,,0,21,,58095,21,,,0,89,,58100,21,,,0,28,,58101,21,,,0,96,,58102,21,,,0,69,,58099,21,,,0,104,,58110,21,,,0,79,,58108,21,,,0,37,,58109,21,,,0
2701,'5387',1831,,58121,21,,,0,128,,58118,21,,,0,163,,58119,21,,,0,125,,58120,21,,,0
2701,'5388',1831,,58125,21,,,0,128,,58122,21,,,0,163,,58123,21,,,0,125,,58124,21,,,0
2801,'4663',601,,58320,26,,,0,28,,58325,26,,,0,24,,58321,26,,,0,62,,58323,26,,,0,12,,58324,26,,,0,14,,58343,26,,,0,13,,58322,26,,,0,53,,58356,26,,,0,11,,58326,26,,,0,13,,58339,26,,,0,12,,58328,26,,,0,61,,58327,26,,,0,20,,58330,26,,,0,23,,58369,26,,,0,63,,58329,26,,,0,26,,58331,26,,,0,67,,58344,26,,,0,26,,58354,26,,,0,27,,58335,26,,,0,67,,58332,26,,,0,27,,58333,26,,,0,67,,58334,26,,,0,26,,58337,26,,,0,66,,58342,26,,,0,27,,58355,26,,,0,66,,58338,26,,,0,29,,58336,26,,,0,16,,58362,26,,,0,73,,58340,26,,,0,32,,58341,26,,,0,71,,58363,26,,,0,31,,58357,26,,,0,171,,58347,26,,,0,22,,58346,26,,,0,65,,58348,26,,,0,27,,58349,26,,,0,68,,58350,26,,,0,28,,58351,26,,,0,68,,58352,26,,,0,29,,58353,26,,,0,71,,58359,26,,,0,38,,58360,26,,,0,78,,58358,26,,,0,40,,58361,26,,,0,81,,58366,26,,,0
2801,'5372',601,,43168,26,,,0,28,,58371,26,,,0,24,,43169,26,,,0,62,,43171,26,,,0,12,,43172,26,,,0,14,,43190,26,,,0,13,,58370,26,,,0,53,,43203,26,,,0,11,,43174,26,,,0,13,,43187,26,,,0,12,,43176,26,,,0,61,,43175,26,,,0,20,,58372,26,,,0,23,,43213,26,,,0,63,,43177,26,,,0,26,,43179,26,,,0,67,,58375,26,,,0,26,,43201,26,,,0,27,,43183,26,,,0,67,,58373,26,,,0,27,,43181,26,,,0,67,,43182,26,,,0,26,,43185,26,,,0,66,,58374,26,,,0,27,,43202,26,,,0,66,,43186,26,,,0,29,,43184,26,,,0,16,,58376,26,,,0,73,,43188,26,,,0,103,,43210,26,,,0,31,,43204,26,,,0,171,,43194,26,,,0,22,,43193,26,,,0,65,,43195,26,,,0,27,,43196,26,,,0,68,,43197,26,,,0,28,,43198,26,,,0,68,,43199,26,,,0,29,,43200,26,,,0,71,,43206,26,,,0,38,,43207,26,,,0,78,,43205,26,,,0,40,,43208,26,,,0
2801,'5373',1652,,43314,26,,,0
2801,'5377',636,,43316,26,,,0,96,,43317,26,,,0,70,,43318,26,,,0,30,,43319,26,,,0,70,,43315,26,,,0,32,,43320,26,,,0,71,,43321,26,,,0,29,,43322,26,,,0,67,,43323,26,,,0,27,,43324,26,,,0,26,,43325,26,,,0,65,,43326,26,,,0,24,,43327,26,,,0,64,,43328,26,,,0,23,,43329,26,,,0,23,,43330,26,,,0,63,,43331,26,,,0,23,,43332,26,,,0,63,,43333,26,,,0,23,,43334,26,,,0,23,,43335,26,,,0,63,,43336,26,,,0,22,,43337,26,,,0,22,,43338,26,,,0,63,,43339,26,,,0,24,,43340,26,,,0,62,,43341,26,,,0,23,,43342,26,,,0,23,,43343,26,,,0,65,,43344,26,,,0,25,,43345,26,,,0,66,,43346,26,,,0,28,,43347,26,,,0,70,,43348,26,,,0,30,,43349,26,,,0,70,,43350,26,,,0,40,,43351,26,,,0,80,,43352,26,,,0,83,,43353,26,,,0
2801,'5381',1652,,43264,26,,,0
2801,'5383',657,,58379,26,,,0,73,,58380,26,,,0,71,,58381,26,,,0,29,,58382,26,,,0,28,,58383,26,,,0,68,,58384,26,,,0,27,,58385,26,,,0,67,,58386,26,,,0,28,,58378,26,,,0,64,,58387,26,,,0,22,,58388,26,,,0,23,,58389,26,,,0,63,,58390,26,,,0,23,,58391,26,,,0,62,,58393,26,,,0,22,,58392,26,,,0,23,,58394,26,,,0,64,,58395,26,,,0,22,,58396,26,,,0,22,,58399,26,,,0,61,,58400,26,,,0,21,,58397,26,,,0,60,,58398,26,,,0,21,,58401,26,,,0,20,,58402,26,,,0,60,,58403,26,,,0,19,,58404,26,,,0,19,,58405,26,,,0,61,,58406,26,,,0,19,,58407,26,,,0,20,,58408,26,,,0,20,,58409,26,,,0,60,,58410,26,,,0,23,,58411,26,,,0,66,,58412,26,,,0,28,,58413,26,,,0,69,,58414,26,,,0,30,,58415,26,,,0,68,,58416,26,,,0,29,,58417,26,,,0,72,,58418,26,,,0,32,,58419,26,,,0,70,,58420,26,,,0,31,,58421,26,,,0,68,,58422,26,,,0,28,,58423,26,,,0,69,,58424,26,,,0
2801,'5384',636,,58428,26,,,0,96,,58429,26,,,0,70,,58430,26,,,0,30,,58431,26,,,0,70,,58427,26,,,0,32,,58432,26,,,0,71,,58433,26,,,0,29,,58434,26,,,0,67,,58435,26,,,0,27,,58436,26,,,0,26,,58437,26,,,0,65,,58438,26,,,0,24,,58439,26,,,0,64,,58440,26,,,0,23,,58441,26,,,0,23,,58442,26,,,0,63,,58443,26,,,0,23,,58444,26,,,0,63,,58445,26,,,0,23,,58446,26,,,0,23,,58447,26,,,0,63,,58448,26,,,0,22,,58449,26,,,0,22,,58450,26,,,0,63,,58451,26,,,0,24,,58452,26,,,0,62,,58453,26,,,0,23,,58454,26,,,0,23,,58455,26,,,0,65,,58456,26,,,0,25,,58457,26,,,0,66,,58458,26,,,0,28,,58459,26,,,0,70,,58460,26,,,0,30,,58461,26,,,0,70,,58462,26,,,0,40,,58463,26,,,0,80,,58464,26,,,0,83,,58465,26,,,0
2801,'5385',601,,58466,26,,,0,28,,58471,26,,,0,24,,58467,26,,,0,62,,58469,26,,,0,12,,58470,26,,,0,14,,58488,26,,,0,13,,58468,26,,,0,53,,58501,26,,,0,11,,58472,26,,,0,13,,58485,26,,,0,12,,58474,26,,,0,61,,58473,26,,,0,20,,58476,26,,,0,23,,58511,26,,,0,63,,58475,26,,,0,26,,58477,26,,,0,67,,58489,26,,,0,26,,58499,26,,,0,27,,58481,26,,,0,67,,58478,26,,,0,27,,58479,26,,,0,67,,58480,26,,,0,26,,58483,26,,,0,66,,58487,26,,,0,27,,58500,26,,,0,66,,58484,26,,,0,29,,58482,26,,,0,16,,58507,26,,,0,73,,58486,26,,,0,103,,58508,26,,,0,31,,58502,26,,,0,171,,58492,26,,,0,22,,58491,26,,,0,65,,58493,26,,,0,27,,58494,26,,,0,68,,58495,26,,,0,28,,58496,26,,,0,68,,58497,26,,,0,29,,58498,26,,,0,71,,58504,26,,,0,38,,58505,26,,,0,78,,58503,26,,,0,40,,58506,26,,,0
2801,'5387',1652,,58512,26,,,0
2801,'5388',1652,,58513,26,,,0
1002200,'4663',917,,62901,3,,,0,196,,62898,3,0,21 22,0,230,,62899,3,0,21 22,0,205,,62897,3,0,21 22,0,101,,62902,3,0,21 22,0,198,,62900,3,0,21 22,0
1002200,'5372',917,,51569,3,,,0,196,,51566,3,0,21 22,0,230,,51567,3,0,21 22,0,205,,51565,3,0,21 22,0,101,,51570,3,0,21 22,0,198,,51568,3,0,21 22,0
1002200,'5385',917,,62907,3,,,0,196,,62904,3,0,21 22,0,230,,62905,3,0,21 22,0,205,,62903,3,0,21 22,0,101,,62908,3,0,21 22,0,198,,62906,3,0,21 22,0
