6100,'4332',643,,60786,21,0,30 14,0,99,,60787,21,0,30 14,0,82,,60785,21,0,30 14,0,98,,60788,21,0,30 14,0,95,,60789,21,0,30 14,0,42,,60790,21,0,30 14,0,75,,60791,21,0,30 14,0,87,,60792,21,0,30 14,0,35,,60793,21,0,30 14,0,75,,60794,21,0,30 14,0,76,,60795,21,0,30 14,0,37,,60796,21,0,30 14,0,77,,60797,21,0,30 14,0,37,,60798,21,0,30 14,0,66,,60799,21,0,30 14,0,78,,60800,21,0,30 14,0,41,,60801,21,0,30 14,0,72,,60802,21,0,30 14,0,31,,60803,21,0,30 14,0,71,,60804,21,0,30 14,0,33,,60805,21,0,30 14,0,83,,60806,21,0,30 14,0,81,,60807,21,0,30 14,0,41,,60808,21,0,30 14,0,103,,60809,21,0,30 14,0,73,,60810,21,0,30 14,0,100,,60811,21,0,30 14,0,78,,60812,21,0,30,0,100,,60813,21,0,30,0
6100,'4663',532,,60746,39,,,0,75,,60744,39,,,0,13,,60747,39,,,0,20,,60748,39,,,0,60,,60750,39,,,0,19,,60754,39,,,0,19,,60761,39,,,0,69,,60763,39,,,0,19,,60756,21,0,30 14,0,80,,60745,21,0,30 14,0,36,,60749,21,0,30 14,0,64,,60760,21,0,30 14,0,36,,60752,21,0,30 14,0,88,,60751,21,0,30 14,0,76,,60758,21,0,30 14,0,35,,60753,21,0,30 14,0,74,,60755,21,0,30 14,0,39,,60762,21,0,30 14,0,70,,60757,21,0,30 14,0,27,,60781,21,0,30 14,0,52,,60759,21,0,30 14,0,33,,60764,21,0,30 14,0,82,,60765,21,0,30 14,0,26,,60768,21,0,30 14,0,79,,60772,21,0,30 14,0,30,,60767,21,0,30 14,0,65,,60766,21,0,30 14,0,28,,60771,21,0,30 14,0,72,,60773,21,0,30 14,0,31,,60769,21,0,30 14,0,70,,60770,21,0,30 14,0,95,,60774,21,0,30 14,0,41,,60775,21,0,30 14,0,104,,60777,21,0,30 14,0,73,,60778,21,0,30 14,0,100,,60779,21,0,30 14,0,75,,60780,21,0,30 14,0,100,,60776,21,0,30,0
6100,'5078',647,,60814,21,0,30 14,0,104,,60815,21,0,30 14,0,83,,60816,21,0,30 14,0,96,,60817,21,0,30 14,0,82,,60818,21,0,30 14,0,46,,60819,21,0,30 14,0,97,,60820,21,0,30 14,0,82,,60821,21,0,30 14,0,101,,60822,21,0,30 14,0,94,,60823,21,0,30 14,0,103,,60824,21,0,30 14,0,79,,60825,21,0,30 14,0,102,,60826,21,0,30 14,0,86,,60827,21,0,30 14,0,103,,60828,21,0,30 14,0,46,,60829,21,0,30 14,0,86,,60830,21,0,30 14,0,101,,60831,21,0,30 14,0,93,,60832,21,0,30 14,0,101,,60833,21,0,30 14,0,75,,60834,21,0,30,0
6100,'5372',532,,50731,39,,,0,75,,46007,39,,,0,13,,50732,39,,,0,20,,46011,39,,,0,60,,46013,39,,,0,19,,46017,39,,,0,19,,46024,39,,,0,69,,46026,39,,,0,19,,46019,21,0,30 14,0,80,,46008,21,0,30 14,0,36,,46012,21,0,30 14,0,64,,46023,21,0,30 14,0,36,,46015,21,0,30 14,0,88,,50733,21,0,30 14,0,76,,51797,21,0,30 14,0,35,,46016,21,0,30 14,0,74,,46018,21,0,30 14,0,39,,51798,21,0,30 14,0,70,,46020,21,0,30 14,0,79,,46022,21,0,30 14,0,33,,51799,21,0,30 14,0,82,,46028,21,0,30 14,0,26,,46030,21,0,30 14,0,79,,46034,21,0,30 14,0,30,,51800,21,0,30 14,0,93,,51802,21,0,30 14,0,72,,51803,21,0,30 14,0,31,,60782,21,0,30 14,0,70,,46032,21,0,30 14,0,95,,51804,21,0,30 14,0,41,,46037,21,0,30 14,0,104,,46038,21,0,30 14,0,73,,46039,21,0,30 14,0,100,,46040,21,0,30 14,0,75,,46041,21,0,30 14,0
6100,'5373',1818,,60783,21,0,30 14,0
6100,'5385',532,,60837,39,,,0,75,,60835,39,,,0,13,,60838,39,,,0,20,,60839,39,,,0,60,,60841,39,,,0,19,,60845,39,,,0,19,,60852,39,,,0,69,,60854,39,,,0,19,,60847,21,0,30 14,0,80,,60836,21,0,30 14,0,36,,60840,21,0,30 14,0,64,,60851,21,0,30 14,0,36,,60843,21,0,30 14,0,88,,60842,21,0,30 14,0,76,,60849,21,0,30 14,0,35,,60844,21,0,30 14,0,74,,60846,21,0,30 14,0,39,,60853,21,0,30 14,0,70,,60848,21,0,30 14,0,79,,60850,21,0,30 14,0,33,,60855,21,0,30 14,0,82,,60856,21,0,30 14,0,26,,60858,21,0,30 14,0,79,,60862,21,0,30 14,0,30,,60857,21,0,30 14,0,93,,60861,21,0,30 14,0,72,,60863,21,0,30 14,0,31,,60859,21,0,30 14,0,70,,60860,21,0,30 14,0,95,,60864,21,0,30 14,0,41,,60865,21,0,30 14,0,104,,60866,21,0,30 14,0,73,,60867,21,0,30 14,0,100,,60868,21,0,30 14,0,75,,60869,21,0,30 14,0
6100,'5387',1818,,60870,21,0,30 14,0
6100,'5388',1818,,60871,21,0,30 14,0
6500,'4663',550,,61032,30,,,0,94,,61034,30,,,0,62,,61035,30,,,0,43,,61033,30,,,0
6500,'5372',550,,46333,30,,,0,94,,46335,30,,,0,62,,46336,30,,,0,43,,46334,30,,,0
6500,'5385',550,,61036,30,,,0,94,,61038,30,,,0,62,,61039,30,,,0,43,,61037,30,,,0
