'4858',1400,54500,,'',0,6000,,'',0,1500,,'',0,1500,,'',0,1400,,'',0,5200,,'',0,800,,'',0,1000,,'',0,1200,,'',0,1200,,'',0,1200,,'',0,5000,,'',0,500,,'',0,500,,'',0,500,,'',0,1300,,'',0,1500,,'',0,5400,,'',0,1300,,'',0,1300,,'',0,1300,,'',0,1300,,'',0,5300,,'',0,1300,,'',0,1300,,'',0,1300,,'',0,1300,,'',0,5300,,'',0,1300,,'',0,1300,,'',0,1300,,'',0,5300,,'',0,1300,,'',0,2600,,'',0,1300,,'',0,5200,,'',0,1300,,'',0,1300,,'',0,1200,,'',0,5400,,'',0,1100,,'',0,1400,,'',0,1700,,'',0,800,,'',0,800,,'',0,5500,,'',0,1600,,'',0,1500,,'',0,1500,,'',0,5600,,'',0,1500,,'',0,1700,,'',0,5600,,'',0,1700,,'',0,1500,,'',0,1600,,'',0,5600,,'',0,1600,,'',0,1500,,'',0,1600,,'',0,5500,,'',0,1500,,'',0,1800,,'',0,6000,,'',0,2000,,'',0,2000,,'',0,6000,,'',0,2000,,'',0,2000,,'',0,6200,,'',0,3000,,'',0,7000,,'',0,3000,,'',0,7200,,'',0
'4858',1401,62200,4,'',0,2600,4,'',0,6300,4,'',0,1600,4,'',0,1400,4,'',0,1200,4,'',0,5400,4,'',0,1400,4,'',0,1400,4,'',0,1400,4,'',0,5400,4,'',0,1300,4,'',0,1300,4,'',0,1200,4,'',0,1300,4,'',0,5300,4,'',0,1300,4,'',0,1300,4,'',0,1400,4,'',0,5300,4,'',0,1300,4,'',0,1300,4,'',0,1400,4,'',0,1500,4,'',0,5500,4,'',0,1300,4,'',0,1400,4,'',0,1300,4,'',0,5400,4,'',0,1400,4,'',0,1300,4,'',0,1300,4,'',0,1200,4,'',0,5300,4,'',0,1300,4,'',0,1200,4,'',0,2300,4,'',0,4300,4,'',0,1200,4,'',0,500,4,'',0,1400,4,'',0,1300,4,'',0,1200,4,'',0,4500,4,'',0,1400,4,'',0,1700,4,'',0,1500,4,'',0,5800,4,'',0,1500,4,'',0,1400,4,'',0,1500,4,'',0,5300,4,'',0,1400,4,'',0,1300,4,'',0,1300,4,'',0,1000,4,'',0,5500,4,'',0,1400,4,'',0,1300,4,'',0,1500,4,'',0,5500,4,'',0,1400,4,'',0,1500,4,'',0,1700,4,'',0,5900,4,'',0,2000,4,'',0,1900,4,'',0,6000,4,'',0,2000,4,'',0,2300,4,'',0,7000,4,'',0,3100,4,'',0,6700,4,'',0,3000,4,'',0
'4860',1400,123000,,'',0
'4860',1401,144600,4,'',0
'4865',1400,123000,,'',0,27500,0,'Downtown',0,600,0,'Downtown',0
'4865',1401,144600,4,'',0
'4867',1400,54500,,'',0,6000,,'',0,1500,,'',0,1500,,'',0,1400,,'',0,5200,,'',0,800,,'',0,1000,,'',0,1200,,'',0,1200,,'',0,1200,,'',0,5000,,'',0,500,,'',0,500,,'',0,500,,'',0,1300,,'',0,1500,,'',0,5400,,'',0,1300,,'',0,1300,,'',0,1300,,'',0,1300,,'',0,5300,,'',0,1300,,'',0,1300,,'',0,1300,,'',0,1300,,'',0,5300,,'',0,1300,,'',0,1300,,'',0,1300,,'',0,5300,,'',0,1300,,'',0,1300,,'',0,1300,,'',0,1300,,'',0,5200,,'',0,1300,,'',0,1300,,'',0,1200,,'',0,5400,,'',0,1100,,'',0,1400,,'',0,1700,,'',0,800,,'',0,800,,'',0,4700,0,'Downtown',0,600,0,'Downtown',0,200,,'',0,1600,,'',0,1500,,'',0,1500,,'',0,5600,,'',0,1500,,'',0,1700,,'',0,5600,,'',0,1700,,'',0,1500,,'',0,1600,,'',0,5600,,'',0,1600,,'',0,1500,,'',0,1600,,'',0,5500,,'',0,1500,,'',0,1800,,'',0,6000,,'',0,2000,,'',0,2000,,'',0,6000,,'',0,2000,,'',0,2000,,'',0,6200,,'',0,3000,,'',0,7000,,'',0,3000,,'',0,7200,,'',0,3000,,'',0,7000,,'',0,3000,,'',0,7000,,'',0
'4867',1401,62200,4,'',0,2600,4,'',0,6300,4,'',0,1600,4,'',0,1400,4,'',0,1200,4,'',0,5400,4,'',0,1400,4,'',0,1400,4,'',0,1400,4,'',0,5400,4,'',0,1300,4,'',0,1300,4,'',0,1200,4,'',0,1300,4,'',0,5300,4,'',0,1300,4,'',0,1300,4,'',0,1400,4,'',0,5300,4,'',0,1300,4,'',0,1300,4,'',0,1400,4,'',0,1500,4,'',0,5500,4,'',0,1300,4,'',0,1400,4,'',0,1300,4,'',0,5400,4,'',0,1400,4,'',0,1300,4,'',0,1300,4,'',0,1200,4,'',0,5300,4,'',0,1300,4,'',0,1200,4,'',0,1200,4,'',0,5400,4,'',0,1200,4,'',0,500,4,'',0,1400,4,'',0,1300,4,'',0,1200,4,'',0,4500,4,'',0,1400,4,'',0,1700,4,'',0,1500,4,'',0,5800,4,'',0,1500,4,'',0,1400,4,'',0,1500,4,'',0,5300,4,'',0,1400,4,'',0,1300,4,'',0,1300,4,'',0,1000,4,'',0,5500,4,'',0,1400,4,'',0,1300,4,'',0,1500,4,'',0,5500,4,'',0,1400,4,'',0,1500,4,'',0,1700,4,'',0,5900,4,'',0,2000,4,'',0,1900,4,'',0,6000,4,'',0,2000,4,'',0,2300,4,'',0,7000,4,'',0,3100,4,'',0,6700,4,'',0,3000,4,'',0,7000,4,'',0,3000,4,'',0
'4868',1400,62500,,'',0,2100,,'',0,5900,,'',0,1700,,'',0,1600,,'',0,1400,,'',0,5500,,'',0,1500,,'',0,1500,,'',0,1500,,'',0,5400,,'',0,1500,,'',0,1500,,'',0,1500,,'',0,5500,,'',0,1500,,'',0,1500,,'',0,1500,,'',0,5500,,'',0,1500,,'',0,1600,,'',0,1500,,'',0,5500,,'',0,1500,,'',0,1500,,'',0,1500,,'',0,5500,,'',0,1500,,'',0,1500,,'',0,1500,,'',0,5500,,'',0,1600,,'',0,1500,,'',0,1500,,'',0,5500,,'',0,1500,,'',0,1500,,'',0,1500,,'',0,5500,,'',0,1400,,'',0,1500,,'',0,1500,,'',0,5500,,'',0,1500,,'',0,1500,,'',0,1500,,'',0,5500,,'',0,1400,,'',0,1500,,'',0,1500,,'',0,5500,,'',0,1800,,'',0,2100,,'',0,6000,,'',0,2100,,'',0,2000,,'',0,6000,,'',0,2000,,'',0,2000,,'',0,6100,,'',0,2800,,'',0,7000,,'',0,3000,,'',0,7100,,'',0,3000,,'',0,7000,,'',0,3000,,'',0,7000,,'',0
'4868',1401,63500,4,'',0,7000,4,'',0,2600,4,'',0,2200,4,'',0,5700,4,'',0,1500,4,'',0,1500,4,'',0,1500,4,'',0,5500,4,'',0,1500,4,'',0,1600,4,'',0,1500,4,'',0,5500,4,'',0,1400,4,'',0,1400,4,'',0,1600,4,'',0,5400,4,'',0,1500,4,'',0,1500,4,'',0,1600,4,'',0,5500,4,'',0,1400,4,'',0,1600,4,'',0,1500,4,'',0,5500,4,'',0,1500,4,'',0,1500,4,'',0,1400,4,'',0,5700,4,'',0,1500,4,'',0,1500,4,'',0,1500,4,'',0,5500,4,'',0,1500,4,'',0,1500,4,'',0,1400,4,'',0,5500,4,'',0,1500,4,'',0,1500,4,'',0,1500,4,'',0,5500,4,'',0,1500,4,'',0,1500,4,'',0,1500,4,'',0,5500,4,'',0,1500,4,'',0,1500,4,'',0,1500,4,'',0,5500,4,'',0,1300,4,'',0,1500,4,'',0,1500,4,'',0,5900,4,'',0,2000,4,'',0,2000,4,'',0,6000,4,'',0,2000,4,'',0,2000,4,'',0,5900,4,'',0,2000,4,'',0,2000,4,'',0,6800,4,'',0,2900,4,'',0,7000,4,'',0,3100,4,'',0,7000,4,'',0,2900,4,'',0
'4869',1400,61800,,'',0,3000,,'',0,6800,,'',0,2400,,'',0,6000,,'',0,1500,,'',0,1500,,'',0,1500,,'',0,1400,,'',0,5400,,'',0,1500,,'',0,1500,,'',0,1500,,'',0,5500,,'',0,1500,,'',0,1500,,'',0,1500,,'',0,5500,,'',0,1500,,'',0,1500,,'',0,1500,,'',0,5400,,'',0,1500,,'',0,1500,,'',0,1400,,'',0,5500,,'',0,1400,,'',0,1500,,'',0,1500,,'',0,5600,,'',0,1500,,'',0,1500,,'',0,1500,,'',0,5500,,'',0,1500,,'',0,1600,,'',0,1500,,'',0,5500,,'',0,1500,,'',0,1600,,'',0,1500,,'',0,5500,,'',0,1500,,'',0,1500,,'',0,1500,,'',0,5500,,'',0,1500,,'',0,1900,,'',0,6000,,'',0,2000,,'',0,2000,,'',0,6100,,'',0,3000,,'',0,7000,,'',0,3000,,'',0,7000,,'',0,3000,,'',0,7000,,'',0
'4869',1401,70500,4,'',0,2500,4,'',0,2600,4,'',0,5700,4,'',0,1500,4,'',0,1500,4,'',0,1600,4,'',0,5500,4,'',0,1600,4,'',0,1400,4,'',0,1500,4,'',0,5500,4,'',0,1600,4,'',0,1500,4,'',0,5500,4,'',0,1600,4,'',0,1500,4,'',0,1500,4,'',0,5500,4,'',0,1500,4,'',0,1500,4,'',0,1700,4,'',0,5500,4,'',0,1600,4,'',0,1500,4,'',0,1600,4,'',0,5500,4,'',0,1500,4,'',0,1600,4,'',0,1500,4,'',0,5500,4,'',0,1500,4,'',0,1500,4,'',0,1500,4,'',0,5500,4,'',0,1400,4,'',0,1500,4,'',0,1500,4,'',0,5500,4,'',0,1500,4,'',0,1400,4,'',0,1500,4,'',0,5500,4,'',0,1500,4,'',0,1500,4,'',0,1400,4,'',0,5500,4,'',0,1500,4,'',0,1600,4,'',0,1700,4,'',0,6000,4,'',0,1800,4,'',0,2000,4,'',0,6000,4,'',0,2000,4,'',0,2100,4,'',0,7000,4,'',0,2900,4,'',0,6900,4,'',0,3100,4,'',0,6800,4,'',0
'4858',2200,124200,4,'',0,7000,4,'',0,3100,4,'',0,7000,4,'',0,10500,4,'',0,3100,4,'',0,7700,4,'',0,10000,4,'',0,9400,4,'',0
'4858',2201,55100,,'',0,6700,,'',0,8800,,'',0,2400,,'',0,2600,,'',0,7500,,'',0,10600,,'',0,6900,,'',0,2900,,'',0,9800,,'',0,6900,,'',0,2900,,'',0,9900,,'',0,7100,,'',0,5800,,'',0,7300,,'',0,7100,,'',0,10000,,'',0,3700,,'',0,10100,,'',0,7100,,'',0,10400,,'',0,3100,,'',0,8900,0,'Downtown',0
'4867',2200,124200,4,'',0,7000,4,'',0,3100,4,'',0,7000,4,'',0,10500,4,'',0,3100,4,'',0,7700,4,'',0,10000,4,'',0,9400,4,'',0
'4867',2201,55100,,'',0,6700,,'',0,8800,,'',0,2400,,'',0,2600,,'',0,7500,,'',0,10600,,'',0,6900,,'',0,2900,,'',0,9800,,'',0,6900,,'',0,2900,,'',0,9900,,'',0,7100,,'',0,5800,,'',0,7300,,'',0,7100,,'',0,10000,,'',0,3700,,'',0,10100,,'',0,7100,,'',0,10400,,'',0,3100,,'',0,8900,0,'Downtown',0
'4868',2201,70900,,'',0,3800,,'',0,6800,,'',0,2900,,'',0,6900,,'',0,3000,,'',0,6700,,'',0,2900,,'',0,7100,,'',0,2800,,'',0,6800,,'',0,3000,,'',0,6700,,'',0,3000,,'',0,7000,,'',0,3200,,'',0,6900,,'',0,3200,,'',0,7100,,'',0,3400,,'',0,7100,,'',0,3200,,'',0,7000,,'',0,3300,,'',0,6800,,'',0,2800,,'',0,7300,,'',0,3100,,'',0,8800,0,'Downtown',0
'4869',2201,73700,,'',0,8000,,'',0,2900,,'',0,6700,,'',0,2900,,'',0,6900,,'',0,2900,,'',0,6900,,'',0,3000,,'',0,7000,,'',0,2800,,'',0,6900,,'',0,3000,,'',0,7000,,'',0,3100,,'',0,7000,,'',0,3500,,'',0,7100,,'',0,3000,,'',0,7000,,'',0,3300,,'',0,7000,,'',0,9100,0,'Downtown',0,10200,0,'Downtown',0,11100,0,'Downtown',0
'4858',5300,64500,4,'',0,7500,,'',0,18400,4,'',0,14300,4,'',0,17000,4,'',0,13300,4,'',0,19000,4,'',0,10400,4,'',0,16800,4,'',0,12600,4,'',0,17000,4,'',0
'4867',5300,64500,4,'',0,7500,,'',0,18400,4,'',0,14300,4,'',0,17000,4,'',0,13300,4,'',0,19000,4,'',0,10400,4,'',0,16800,4,'',0,12600,4,'',0,17000,4,'',0
'4868',5300,72400,4,'',0,20100,4,'',0,21200,4,'',0,21800,4,'',0,25000,4,'',0,20900,4,'',0,20200,4,'',0
'4869',5300,72300,4,'',0,20100,4,'',0,21100,4,'',0,21800,4,'',0,25000,4,'',0,20900,4,'',0,20500,4,'',0
'4858',1002200,120100,4,'',0,24000,4,'',0,20700,4,'',0,9500,4,'',0,19100,4,'',0
'4858',1002201,65300,,'',0,25600,,'',0,20000,,'',0,19700,,'',0,12900,,'',0,20500,,'',0,17500,,'',0,13500,,'',0
'4860',1002201,150000,0,'Downtown',0
'4865',1002201,140200,0,'Downtown',0
'4867',1002200,120100,4,'',0,24000,4,'',0,20700,4,'',0,9500,4,'',0,19100,4,'',0
'4867',1002201,65300,,'',0,25600,,'',0,20000,,'',0,19700,,'',0,9600,0,'Downtown',0,3300,,'',0,20500,,'',0,17500,,'',0,13500,,'',0
