800,'4661',626,,54628,12,,,0,87,,54629,12,,,0,29,,54630,12,,,0,59,,54631,12,,,0,22,,54632,12,,,0,89,,54633,12,,,0,35,,54634,12,,,0,82,,54627,12,,,0,83,,54635,12,,,0,35,,54650,12,,,0,84,,54636,12,,,0,85,,54637,12,,,0,43,,54638,12,,,0,87,,54639,12,0,16,0,54,,54640,12,,,0,42,,54641,12,,,0,84,,54642,12,,,0,32,,54651,12,,,0,74,,54643,12,,,0,72,,54644,12,,,0,33,,54645,12,,,0,71,,54652,12,,,0,95,,54646,12,,,0,43,,54647,12,,,0,97,,54648,12,,,0,83,,54649,12,,,0
800,'4663',626,,54576,12,,,0,87,,54577,12,,,0,29,,54578,12,,,0,59,,54579,12,,,0,22,,54580,12,,,0,89,,54581,12,,,0,35,,54582,12,,,0,82,,54575,12,,,0,83,,54583,12,,,0,35,,54598,12,,,0,84,,54584,12,,,0,85,,54585,12,,,0,43,,54586,12,,,0,87,,54587,12,0,16,0,54,,54588,12,,,0,42,,54589,12,,,0,84,,54590,12,,,0,32,,54599,12,,,0,74,,54591,12,,,0,72,,54592,12,,,0,33,,54593,12,,,0,71,,54600,12,,,0,95,,54594,12,,,0,43,,54595,12,,,0,97,,54596,12,,,0,83,,54597,12,,,0
900,'4661',725,,54731,19,,,0,82,,54732,19,,,0
900,'4663',725,,54729,19,,,0,82,,54730,19,,,0
2101,'4332',643,,56638,12,,,0,70,,56620,12,,,0,31,,56629,12,,,0,70,,56612,12,,,0,30,,56639,12,,,0,69,,56621,12,,,0,30,,56630,12,,,0,67,,56608,12,,,0,28,,56610,12,,,0,69,,56631,12,,,0,30,,56615,12,,,0,69,,56623,12,,,0,28,,56609,12,,,0,70,,56611,12,,,0,28,,56632,12,,,0,70,,56616,12,,,0,32,,56624,12,,,0,71,,56613,12,,,0,30,,56614,12,,,0,74,,56633,12,,,0,30,,56617,12,,,0,69,,56626,12,,,0,31,,56619,12,,,0,70,,56618,12,,,0,31,,56634,12,,,0,71,,56622,12,,,0,36,,56625,12,,,0,76,,56627,12,,,0,29,,56636,12,,,0,70,,56628,12,,,0,32,,56637,12,,,0,70,,56635,12,,,0,30,,56640,12,,,0,105,,56641,12,,,0
2101,'4661',553,,56692,12,,,0,68,,56700,12,,,0,22,,56691,12,,,0,15,,56676,12,,,0,56,,56687,16,,,0,14,,56671,16,,,0,16,,56679,16,,,0,57,,56686,16,,,0,16,,56675,16,,,0,17,,56705,16,,,0,16,,56672,16,,,0,59,,56702,16,,,0,30,,56713,16,,,0,70,,56685,16,,,0,27,,56707,16,,,0,70,,56710,16,,,0,30,,56712,16,,,0,70,,56709,16,,,0,30,,56684,16,,,0,70,,56714,16,,,0,30,,56708,16,,,0,70,,56711,16,,,0,30,,56673,16,,,0,21,,56706,16,,,0,58,,56678,16,,,0,18,,56677,12,,,0,20,,56688,16,,,0,59,,56681,16,,,0,17,,56698,16,,,0,20,,56680,16,,,0,57,,56703,16,,,0,16,,56674,12,,,0,19,,56704,16,,,0,60,,56682,16,,,0,18,,56683,16,,,0,31,,56689,12,,,0,70,,56696,12,,,0,32,,56695,12,,,0,70,,56699,12,,,0,30,,56693,12,,,0,70,,56697,12,,,0,32,,56694,12,,,0,69,,56690,12,,,0,30,,56701,12,,,0,106,,56715,12,,,0
2101,'4663',553,,56584,12,,,0,68,,56592,12,,,0,22,,56583,12,,,0,15,,56568,12,,,0,56,,56579,16,,,0,14,,56563,16,,,0,16,,56571,16,,,0,57,,56578,16,,,0,16,,56567,16,,,0,17,,56597,16,,,0,16,,56564,16,,,0,59,,56594,16,,,0,30,,56605,16,,,0,70,,56577,16,,,0,27,,56599,16,,,0,70,,56602,16,,,0,30,,56604,16,,,0,70,,56601,16,,,0,30,,56576,16,,,0,70,,56606,16,,,0,30,,56600,16,,,0,70,,56603,16,,,0,30,,56565,16,,,0,21,,56598,16,,,0,58,,56570,16,,,0,18,,56569,12,,,0,20,,56580,16,,,0,59,,56573,16,,,0,17,,56590,16,,,0,20,,56572,16,,,0,57,,56595,16,,,0,16,,56566,12,,,0,19,,56596,16,,,0,60,,56574,16,,,0,18,,56575,16,,,0,31,,56581,12,,,0,70,,56588,12,,,0,32,,56587,12,,,0,70,,56591,12,,,0,30,,56585,12,,,0,70,,56589,12,,,0,32,,56586,12,,,0,69,,56582,12,,,0,30,,56593,12,,,0,106,,56607,12,,,0
2101,'5078',651,,56655,12,,,0,80,,56645,12,,,0,80,,56656,12,,,0,36,,56654,12,,,0,65,,56642,12,,,0,27,,56644,12,,,0,70,,56657,12,,,0,29,,56643,12,,,0,70,,56658,12,,,0,29,,56647,12,,,0,70,,56646,12,,,0,30,,56659,12,,,0,68,,56648,12,,,0,29,,56660,12,,,0,70,,56661,12,,,0,30,,56662,12,,,0,71,,56650,12,,,0,32,,56651,12,,,0,73,,56652,12,,,0,29,,56653,12,,,0,71,,56649,12,,,0,30,,56663,12,,,0,72,,56664,12,,,0,35,,56665,12,,,0,105,,56666,12,,,0,101,,56667,12,,,0,103,,56668,12,,,0,100,,56669,12,,,0,103,,56670,12,,,0
2201,'4332',722,,56864,24,,,0,78,,56875,24,,,0,28,,56860,24,,,0,29,,56854,24,,,0,70,,56863,24,,,0,30,,56876,24,,,0,68,,56859,24,,,0,29,,56858,24,,,0,71,,56861,24,,,0,28,,56856,24,,,0,68,,56880,24,,,0,30,,56857,24,,,0,67,,56862,24,,,0,30,,56855,24,,,0,70,,56868,24,,,0,32,,56879,24,,,0,69,,56870,24,,,0,32,,56866,24,,,0,71,,56869,24,,,0,34,,56871,24,,,0,71,,56867,24,,,0,31,,56865,24,,,0,70,,56873,24,,,0,72,,56872,24,,,0,28,,56878,24,,,0,28,,56874,24,,,0,73,,56881,24,,,0,71,,56877,24,,,0,48,,56882,24,0,5 49,0
2201,'4661',604,,56925,32,,,0,28,,56915,32,,,0,90,,56909,24,,,0,26,,56914,38,,,0,70,,56926,38,,,0,32,,56916,38,,,0,101,,56910,38,,,0,69,,56913,38,,,0,30,,56927,38,,,0,98,,56930,38,,,0,69,,56908,24,,,0,29,,56917,24,,,0,100,,56918,24,,,0,71,,56931,24,,,0,101,,56919,24,,,0,32,,56928,24,,,0,70,,56920,24,,,0,99,,56911,24,,,0,37,,56921,24,,,0,99,,56922,24,,,0,71,,56912,24,,,0,103,,56929,24,,,0,71,,56924,24,,,0,49,,56923,24,0,5 49,0
2201,'4663',604,,56847,32,,,0,28,,56837,32,,,0,90,,56831,24,,,0,26,,56836,38,,,0,70,,56848,38,,,0,32,,56838,38,,,0,101,,56832,38,,,0,69,,56835,38,,,0,30,,56849,38,,,0,98,,56852,38,,,0,69,,56830,24,,,0,29,,56839,24,,,0,100,,56840,24,,,0,71,,56853,24,,,0,101,,56841,24,,,0,32,,56850,24,,,0,70,,56842,24,,,0,99,,56833,24,,,0,37,,56843,24,,,0,99,,56844,24,,,0,71,,56834,24,,,0,103,,56851,24,,,0,71,,56846,24,,,0,49,,56845,24,0,5 49,0
2201,'5078',750,,56891,24,,,0,80,,56892,24,,,0,29,,56884,24,,,0,67,,56885,24,,,0,30,,56894,24,,,0,69,,56893,24,,,0,29,,56883,24,,,0,70,,56887,24,,,0,30,,56888,24,,,0,70,,56886,24,,,0,28,,56890,24,,,0,69,,56889,24,,,0,30,,56896,24,,,0,70,,56897,24,,,0,31,,56895,24,,,0,70,,56899,24,,,0,35,,56898,24,,,0,70,,56901,24,,,0,30,,56900,24,,,0,70,,56902,24,,,0,32,,56903,24,,,0,70,,56904,24,,,0,91,,56905,24,0,5,0,102,,56906,24,0,5,0,111,,56907,24,0,5,0
1002201,'4661',704,,62925,26,,,0,216,,62924,26,,,0,200,,62920,26,,,0,197,,62922,12,,,0,132,,62919,12,,,0,203,,62926,12,,,0,173,,62923,12,,,0,134,,62921,12,,,0
1002201,'4663',704,,62916,26,,,0,216,,62915,26,,,0,200,,62911,26,,,0,197,,62913,12,,,0,98,,62909,12,0,5 49,0,34,,62910,12,,,0,203,,62917,12,,,0,173,,62914,12,,,0,134,,62912,12,,,0
1002201,'4682',1415,,62928,12,0,5 49,0
1002201,'5387',1515,,62927,12,0,5 49,0
