2701,'4332',634,,57977,16,,,0,77,,57978,16,,,0,31,,57979,16,,,0,69,,57980,16,,,0,30,,57981,16,,,0,67,,57982,16,,,0,28,,57983,16,,,0,67,,57984,16,,,0,26,,57985,16,,,0,27,,57986,16,,,0,62,,57987,16,,,0,23,,57988,16,,,0,63,,57989,16,,,0,22,,57990,16,,,0,23,,57993,16,,,0,62,,57992,16,,,0,23,,57994,16,,,0,23,,57991,16,,,0,63,,57995,16,,,0,23,,57996,16,,,0,60,,57997,16,,,0,21,,57998,16,,,0,21,,57999,16,,,0,60,,58000,16,,,0,21,,58001,16,,,0,20,,58002,16,,,0,59,,58003,16,,,0,20,,58004,16,,,0,19,,58005,16,,,0,61,,58006,16,,,0,20,,58007,16,,,0,20,,58008,16,,,0,60,,58009,16,,,0,20,,58010,16,,,0,26,,58011,16,,,0,66,,58012,16,,,0,29,,58013,16,,,0,70,,58014,16,,,0,29,,58015,16,,,0,70,,58016,16,,,0,30,,58017,16,,,0,72,,58018,16,,,0,31,,58019,16,,,0,70,,58020,16,,,0,30,,58021,16,,,0,68,,58022,16,,,0,28,,58023,16,,,0,70,,58024,16,,,0,30,,58025,16,0,16 49,0,68,,58026,16,0,16 49,0
2701,'4661',531,,58067,16,,,0,80,,58066,16,,,0,26,,58072,16,,,0,22,,58079,16,,,0,70,,58096,16,,,0,27,,58073,16,,,0,64,,58105,16,,,0,30,,58106,16,,,0,60,,58086,16,,,0,22,,58117,16,,,0,22,,58104,16,,,0,65,,58080,16,,,0,27,,58069,16,,,0,65,,58068,16,,,0,27,,58070,16,,,0,67,,58071,16,,,0,27,,58085,16,,,0,27,,58103,16,,,0,66,,58074,16,,,0,26,,58075,16,,,0,66,,58078,16,,,0,25,,58076,16,,,0,67,,58077,16,,,0,31,,58116,16,,,0,17,,58097,16,,,0,73,,58111,16,,,0,71,,58113,16,,,0,32,,58098,16,,,0,68,,58091,16,,,0,13,,58089,16,,,0,27,,58092,16,,,0,15,,58093,16,,,0,55,,58094,16,,,0,21,,58095,16,,,0,89,,58100,16,,,0,28,,58101,16,,,0,97,,58102,16,,,0,69,,58099,16,,,0,104,,58110,16,,,0,39,,58108,16,,,0,77,,58109,16,,,0
2701,'4663',531,,57911,16,,,0,80,,57910,16,,,0,26,,57916,16,,,0,22,,57923,16,,,0,70,,57941,16,,,0,27,,57917,16,,,0,64,,57951,16,,,0,30,,57952,16,,,0,60,,57930,16,,,0,22,,57969,16,,,0,22,,57950,16,,,0,65,,57924,16,,,0,27,,57913,16,,,0,65,,57912,16,,,0,27,,57914,16,,,0,67,,57915,16,,,0,27,,57929,16,,,0,27,,57949,16,,,0,66,,57918,16,,,0,26,,57919,16,,,0,64,,57958,16,,,0,2,,57922,16,,,0,25,,57920,16,,,0,67,,57921,16,,,0,48,,57942,16,,,0,73,,57959,16,,,0,71,,57961,16,,,0,32,,57943,16,,,0,68,,57935,16,,,0,13,,57933,16,,,0,13,,57962,16,,,0,14,,57936,16,,,0,15,,57937,16,,,0,55,,57938,16,,,0,21,,57939,16,,,0,23,,57940,16,,,0,66,,57945,16,,,0,28,,57946,16,,,0,69,,57947,16,,,0,28,,57948,16,,,0,69,,57944,16,,,0,29,,57954,16,,,0,75,,57957,16,,,0,39,,57955,16,,,0,77,,57956,16,,,0,82,,57966,16,,,0,40,,57967,16,,,0,78,,57965,16,0,16 49,0,79,,57968,16,0,16 49,0
2701,'4682',1827,,58125,16,,,0,128,,58122,16,,,0,163,,58123,16,,,0,126,,58124,16,,,0
2701,'5078',703,,58027,16,,,0,42,,58028,16,,,0,70,,58029,16,,,0,29,,58030,16,,,0,71,,58031,16,,,0,31,,58032,16,,,0,69,,58033,16,,,0,29,,58034,16,,,0,67,,58035,16,,,0,27,,58036,16,,,0,65,,58037,16,,,0,25,,58038,16,,,0,23,,58039,16,,,0,64,,58040,16,,,0,22,,58041,16,,,0,64,,58042,16,,,0,23,,58043,16,,,0,23,,58044,16,,,0,63,,58045,16,,,0,23,,58046,16,,,0,23,,58047,16,,,0,63,,58048,16,,,0,21,,58049,16,,,0,63,,58050,16,,,0,23,,58051,16,,,0,23,,58052,16,,,0,63,,58053,16,,,0,22,,58054,16,,,0,24,,58055,16,,,0,65,,58056,16,,,0,25,,58057,16,,,0,68,,58058,16,,,0,29,,58059,16,,,0,70,,58060,16,,,0,30,,58061,16,,,0,76,,58062,16,,,0,81,,58063,16,,,0,39,,58064,16,,,0,98,,58065,16,0,16 49,0
2701,'5387',1827,,58121,16,,,0,128,,58118,16,,,0,163,,58119,16,,,0,126,,58120,16,,,0
2801,'4332',654,,58379,21,,,0,73,,58380,21,,,0,30,,58381,21,,,0,69,,58382,21,,,0,28,,58383,21,,,0,68,,58384,21,,,0,27,,58385,21,,,0,67,,58386,21,,,0,27,,58378,21,,,0,64,,58387,21,,,0,22,,58388,21,,,0,23,,58389,21,,,0,63,,58390,21,,,0,23,,58391,21,,,0,62,,58393,21,,,0,22,,58392,21,,,0,23,,58394,21,,,0,64,,58395,21,,,0,22,,58396,21,,,0,22,,58399,21,,,0,61,,58400,21,,,0,21,,58397,21,,,0,20,,58398,21,,,0,61,,58401,21,,,0,20,,58402,21,,,0,20,,58403,21,,,0,59,,58404,21,,,0,19,,58405,21,,,0,21,,58406,21,,,0,60,,58407,21,,,0,20,,58408,21,,,0,20,,58409,21,,,0,60,,58410,21,,,0,23,,58411,21,,,0,66,,58412,21,,,0,28,,58413,21,,,0,69,,58414,21,,,0,30,,58415,21,,,0,69,,58416,21,,,0,29,,58417,21,,,0,72,,58418,21,,,0,32,,58419,21,,,0,70,,58420,21,,,0,31,,58421,21,,,0,68,,58422,21,,,0,28,,58423,21,,,0,29,,58424,21,,,0,68,,58425,21,0,16 49,0,28,,58426,21,0,16 49,0
2801,'4661',558,,58466,21,,,0,67,,58471,21,,,0,24,,58467,21,,,0,62,,58469,21,,,0,12,,58470,21,,,0,13,,58488,21,,,0,13,,58468,21,,,0,53,,58501,21,,,0,11,,58472,21,,,0,13,,58485,21,,,0,12,,58474,21,,,0,62,,58473,21,,,0,20,,58476,21,,,0,23,,58511,21,,,0,63,,58475,21,,,0,26,,58477,21,,,0,26,,58489,21,,,0,66,,58499,21,,,0,27,,58481,21,,,0,67,,58478,21,,,0,27,,58479,21,,,0,67,,58480,21,,,0,26,,58483,21,,,0,66,,58487,21,,,0,26,,58500,21,,,0,26,,58484,21,,,0,69,,58482,21,,,0,16,,58507,21,,,0,74,,58486,21,,,0,103,,58508,21,,,0,31,,58502,21,,,0,172,,58492,21,,,0,22,,58491,21,,,0,65,,58493,21,,,0,27,,58494,21,,,0,68,,58495,21,,,0,29,,58496,21,,,0,68,,58497,21,,,0,29,,58498,21,,,0,71,,58504,21,,,0,38,,58505,21,,,0,78,,58503,21,,,0,40,,58506,21,,,0
2801,'4663',558,,58320,21,,,0,67,,58325,21,,,0,24,,58321,21,,,0,62,,58323,21,,,0,12,,58324,21,,,0,13,,58343,21,,,0,13,,58322,21,,,0,53,,58356,21,,,0,11,,58326,21,,,0,13,,58339,21,,,0,12,,58328,21,,,0,62,,58327,21,,,0,20,,58330,21,,,0,23,,58369,21,,,0,63,,58329,21,,,0,26,,58331,21,,,0,26,,58344,21,,,0,66,,58354,21,,,0,27,,58335,21,,,0,67,,58332,21,,,0,27,,58333,21,,,0,67,,58334,21,,,0,26,,58337,21,,,0,66,,58342,21,,,0,26,,58355,21,,,0,26,,58338,21,,,0,69,,58336,21,,,0,16,,58362,21,,,0,74,,58340,21,,,0,32,,58341,21,,,0,71,,58363,21,,,0,31,,58357,21,,,0,172,,58347,21,,,0,22,,58346,21,,,0,65,,58348,21,,,0,27,,58349,21,,,0,68,,58350,21,,,0,29,,58351,21,,,0,68,,58352,21,,,0,29,,58353,21,,,0,71,,58359,21,,,0,38,,58360,21,,,0,78,,58358,21,,,0,40,,58361,21,,,0,81,,58366,21,,,0,75,,58368,21,0,16 49,0,39,,58367,21,0,16 49,0
2801,'4682',1647,,58513,21,,,0
2801,'5078',633,,58428,21,,,0,96,,58429,21,,,0,30,,58430,21,,,0,70,,58431,21,,,0,30,,58427,21,,,0,71,,58432,21,,,0,71,,58433,21,,,0,29,,58434,21,,,0,27,,58435,21,,,0,67,,58436,21,,,0,26,,58437,21,,,0,65,,58438,21,,,0,24,,58439,21,,,0,64,,58440,21,,,0,23,,58441,21,,,0,23,,58442,21,,,0,63,,58443,21,,,0,23,,58444,21,,,0,23,,58445,21,,,0,63,,58446,21,,,0,23,,58447,21,,,0,63,,58448,21,,,0,22,,58449,21,,,0,22,,58450,21,,,0,63,,58451,21,,,0,24,,58452,21,,,0,62,,58453,21,,,0,23,,58454,21,,,0,23,,58455,21,,,0,65,,58456,21,,,0,25,,58457,21,,,0,66,,58458,21,,,0,28,,58459,21,,,0,70,,58460,21,,,0,30,,58461,21,,,0,71,,58462,21,,,0,40,,58463,21,,,0,80,,58464,21,,,0,83,,58465,21,,,0
2801,'5387',1647,,58512,21,,,0
