4801,'4661',1719,,59635,51,,,0,26,,59636,51,,,0,71,,59637,51,,,0
4801,'4663',1719,,59629,51,,,0,26,,59630,51,,,0,71,,59631,51,,,0
5201,'4332',658,,59895,29,,,0,71,,59905,29,,,0,30,,59903,29,,,0,72,,59886,29,,,0,70,,59893,29,,,0,30,,59912,29,,,0,70,,59890,29,,,0,31,,59887,29,,,0,70,,59894,29,,,0,30,,59913,29,,,0,70,,59891,29,,,0,31,,59888,29,,,0,75,,59897,29,,,0,30,,59915,29,,,0,75,,59892,29,,,0,35,,59902,29,,,0,75,,59896,29,,,0,30,,59914,29,,,0,70,,59889,29,,,0,30,,59900,29,,,0,65,,59908,29,,,0,25,,59899,29,,,0,64,,59904,29,,,0,25,,59901,29,,,0,70,,59898,29,,,0,28,,59911,29,,,0,72,,59906,29,,,0,30,,59910,29,,,0,70,,59907,29,,,0,25,,59909,29,0,38 3 39 49,0,30,,59916,29,,,0,143,,59917,29,,,0,100,,59918,29,,,0
5201,'4661',517,,59949,29,,,0,35,,59946,29,,,0,78,,59953,29,,,0,78,,59948,29,,,0,27,,59959,29,,,0,68,,59947,29,,,0,33,,59965,29,,,0,64,,59954,29,,,0,35,,59950,29,,,0,75,,59951,29,,,0,29,,59963,29,,,0,70,,59955,29,,,0,28,,59952,29,,,0,75,,59956,29,,,0,34,,59964,29,,,0,70,,59957,29,,,0,30,,59958,29,,,0,70,,59978,29,,,0,31,,59960,29,,,0,59,,59984,29,0,38 3 39 49,0,9,,59966,29,,,0,25,,59983,14,0,30 14,0,3,,59961,29,,,0,73,,59962,29,,,0,38,,59979,29,,,0,62,,59967,29,,,0,25,,59968,29,,,0,62,,59969,29,,,0,30,,59970,29,,,0,69,,59980,29,,,0,30,,59971,29,,,0,73,,59972,29,,,0,28,,59974,29,,,0,68,,59982,29,,,0,26,,59975,29,0,38 3 39 49,0,75,,59976,29,,,0,98,,59981,29,,,0,59,,59977,29,,,0
5201,'4663',517,,59850,29,,,0,35,,59847,29,,,0,78,,59854,29,,,0,78,,59849,29,,,0,27,,59860,29,,,0,68,,59848,29,,,0,33,,59866,29,,,0,64,,59855,29,,,0,35,,59851,29,,,0,75,,59852,29,,,0,29,,59864,29,,,0,70,,59856,29,,,0,28,,59853,29,,,0,75,,59857,29,,,0,34,,59865,29,,,0,70,,59858,29,,,0,30,,59859,29,,,0,70,,59879,29,,,0,26,,59884,14,0,30 14,0,5,,59861,29,,,0,59,,59885,29,0,38 3 39 49,0,9,,59867,29,,,0,28,,59862,29,,,0,73,,59863,29,,,0,38,,59880,29,,,0,62,,59868,29,,,0,25,,59869,29,,,0,62,,59870,29,,,0,30,,59871,29,,,0,69,,59881,29,,,0,30,,59872,29,,,0,73,,59873,29,,,0,28,,59875,29,,,0,68,,59883,29,,,0,26,,59876,29,0,38 3 39 49,0,75,,59877,29,,,0,98,,59882,29,,,0,59,,59878,29,,,0
5201,'5078',729,,59924,29,,,0,30,,59940,29,,,0,70,,59932,29,,,0,71,,59920,29,,,0,30,,59927,29,,,0,71,,59934,29,,,0,31,,59929,29,,,0,70,,59921,29,,,0,30,,59926,29,,,0,70,,59935,29,,,0,30,,59931,29,,,0,75,,59919,29,,,0,30,,59925,29,,,0,75,,59938,29,,,0,35,,59930,29,,,0,75,,59945,29,,,0,30,,59923,29,,,0,70,,59937,29,,,0,30,,59928,29,,,0,70,,59933,29,,,0,29,,59922,29,,,0,70,,59936,29,,,0,79,,59939,29,,,0,100,,59941,29,,,0,100,,59942,29,,,0,100,,59943,29,,,0,100,,59944,29,,,0
5500,'4332',816,,60139,27,,,0,201,,60135,27,,,0,213,,60136,27,,,0,204,,60137,27,,,0,211,,60138,27,,,0,209,,60134,27,,,0,264,,60133,27,,,0
5500,'4661',621,,60147,27,,,0,131,,60149,27,,,0,174,,60148,27,,,0,214,,60150,27,,,0,198,,60151,27,,,0,173,,60152,27,,,0,106,,60153,27,,,0,183,,60154,27,,,0,149,,60155,27,,,0,198,,60156,27,,,0
5500,'4663',621,,60123,27,,,0,131,,60125,27,,,0,174,,60124,27,,,0,214,,60126,27,,,0,198,,60127,27,,,0,173,,60128,27,,,0,106,,60129,27,,,0,183,,60130,27,,,0,149,,60131,27,,,0,198,,60132,27,,,0
5500,'5078',815,,60140,27,,,0,201,,60143,27,,,0,214,,60142,27,,,0,205,,60141,27,,,0,210,,60145,27,,,0,208,,60146,27,,,0,264,,60144,27,,,0
6400,'4661',738,,61012,53,,,0,507,,61014,84,,,0,580,,61016,69,,,0
6400,'4663',738,,61005,53,,,0,507,,61007,84,,,0,580,,61009,69,,,0
