5300,'4332',715,,59999,25,0,25 40,0,201,,60000,25,0,25 40,0,211,,60001,25,0,25 40,0,218,,60002,34,0,25 40,0,210,,59998,34,0,25 40,0,249,,59996,34,0,25 40,0,204,,59997,34,0,25 40,0
5300,'4663',635,,59986,25,0,25 40,0,74,,59985,25,,,0,143,,59988,25,0,25 40,0,185,,59987,25,0,25 40,0,170,,59989,25,0,25 40,0,132,,59991,34,0,25 40,0,190,,59993,34,0,25 40,0,105,,59990,34,0,25 40,0,168,,59992,34,0,25 40,0,126,,59994,34,0,25 40,0,130,,59995,34,0,25 40,0
5300,'5078',715,,60006,25,0,25 40,0,202,,60003,25,0,25 40,0,209,,60004,25,0,25 40,0,217,,60007,34,0,25 40,0,210,,60005,34,0,25 40,0,250,,60009,34,0,25 40,0,205,,60008,34,0,25 40,0
5300,'5372',635,,50451,25,0,25 40,0,74,,50450,25,,,0,143,,50453,25,0,25 40,0,185,,50452,25,0,25 40,0,170,,50454,25,0,25 40,0,132,,50456,34,0,25 40,0,190,,50458,34,0,25 40,0,105,,50455,34,0,25 40,0,168,,51774,34,0,25 40,0,126,,50459,34,0,25 40,0,130,,50460,34,0,25 40,0
5300,'5385',635,,60011,25,0,25 40,0,74,,60010,25,,,0,143,,60013,25,0,25 40,0,185,,60012,25,0,25 40,0,170,,60014,25,0,25 40,0,132,,60016,34,0,25 40,0,190,,60018,34,0,25 40,0,105,,60015,34,0,25 40,0,168,,60017,34,0,25 40,0,126,,60019,34,0,25 40,0,130,,60020,34,0,25 40,0
5301,'4332',741,,60036,7,,,0,200,,60037,7,,,0,212,,60035,7,,,0,258,,60032,7,,,0,210,,60033,7,,,0,210,,60034,7,,,0,202,,60031,7,,,0
5301,'4663',746,,60023,7,,,0,157,,60021,7,,,0,200,,60022,7,,,0,130,,60026,7,,,0,173,,60025,7,,,0,153,,60027,7,,,0,98,,60024,26,,,0,172,,60028,7,,,0,127,,60029,7,,,0,170,,60030,7,,,0
5301,'5078',741,,60041,7,,,0,200,,60038,7,,,0,212,,60039,7,,,0,258,,60042,7,,,0,210,,60040,7,,,0,210,,60043,7,,,0,202,,60044,7,,,0
5301,'5372',746,,50492,7,,,0,157,,45142,7,,,0,200,,50491,7,,,0,130,,50495,7,,,0,173,,50494,7,,,0,153,,50496,7,,,0,98,,51777,26,,,0,172,,51778,7,,,0,127,,50498,7,,,0,170,,50499,7,,,0
5301,'5385',746,,60047,7,,,0,157,,60045,7,,,0,200,,60046,7,,,0,130,,60050,7,,,0,173,,60049,7,,,0,153,,60051,7,,,0,98,,60048,26,,,0,172,,60052,7,,,0,127,,60053,7,,,0,170,,60054,7,,,0
