4800,'4661',620,,59628,11,,,0,20,,59627,11,,,0,66,,59626,11,,,0
4800,'4663',620,,59625,11,,,0,20,,59624,11,,,0,66,,59623,11,,,0
5200,'4332',641,,59765,26,,,0,70,,59764,26,,,0,41,,59759,26,,,0,74,,59767,26,,,0,31,,59762,26,,,0,73,,59748,26,,,0,70,,59755,26,,,0,30,,59774,26,,,0,72,,59753,26,,,0,34,,59750,26,,,0,73,,59756,26,,,0,32,,59776,26,,,0,75,,59751,26,,,0,33,,59749,26,,,0,76,,59758,26,,,0,26,,59775,26,,,0,74,,59754,26,,,0,32,,59761,26,,,0,75,,59757,26,,,0,69,,59772,26,,,0,30,,59752,26,,,0,69,,59763,26,,,0,22,,59769,26,,,0,25,,59760,26,,,0,64,,59768,26,,,0,24,,59771,26,,,0,68,,59770,26,,,0,28,,59766,26,,,0,70,,59773,26,,,0,100,,59777,26,,,0,54,,59778,26,,,0,148,,59779,26,,,0
5200,'4661',507,,59808,26,,,0,31,,59817,26,,,0,71,,59811,26,,,0,20,,59822,26,,,0,19,,59809,26,,,0,63,,59830,26,,,0,29,,59816,26,,,0,65,,59845,26,,,0,10,,59810,26,,,0,16,,59838,26,,,0,10,,59821,26,,,0,70,,59812,26,,,0,31,,59829,26,,,0,66,,59815,26,,,0,30,,59813,26,,,0,75,,59814,26,,,0,31,,59831,26,,,0,71,,59818,26,,,0,30,,59819,26,,,0,76,,59820,26,,,0,34,,59828,26,,,0,74,,59823,26,,,0,71,,59824,26,,,0,34,,59840,26,,,0,71,,59825,26,,,0,31,,59827,26,,,0,68,,59826,26,,,0,29,,59832,26,,,0,71,,59841,26,,,0,30,,59833,26,,,0,74,,59834,26,,,0,29,,59835,26,,,0,69,,59842,26,,,0,27,,59836,26,,,0,72,,59837,26,,,0,96,,59843,26,,,0,58,,59839,26,,,0,143,,59846,26,,,0
5200,'4663',507,,59709,26,,,0,31,,59718,26,,,0,71,,59712,26,,,0,20,,59723,26,,,0,19,,59710,26,,,0,63,,59731,26,,,0,29,,59717,26,,,0,65,,59746,26,,,0,10,,59711,26,,,0,16,,59739,26,,,0,10,,59722,26,,,0,70,,59713,26,,,0,31,,59730,26,,,0,66,,59716,26,,,0,30,,59714,26,,,0,75,,59715,26,,,0,31,,59732,26,,,0,71,,59719,26,,,0,30,,59720,26,,,0,76,,59721,26,,,0,34,,59729,26,,,0,74,,59724,26,,,0,71,,59725,26,,,0,34,,59741,26,,,0,71,,59726,26,,,0,31,,59728,26,,,0,68,,59727,26,,,0,29,,59733,26,,,0,71,,59742,26,,,0,30,,59734,26,,,0,74,,59735,26,,,0,29,,59736,26,,,0,69,,59743,26,,,0,27,,59737,26,,,0,72,,59738,26,,,0,96,,59744,26,,,0,58,,59740,26,,,0,143,,59747,26,,,0
5200,'5078',711,,59801,26,,,0,32,,59783,26,,,0,80,,59786,26,,,0,31,,59800,26,,,0,72,,59794,26,,,0,32,,59782,26,,,0,71,,59785,26,,,0,72,,59796,26,,,0,31,,59790,26,,,0,72,,59781,26,,,0,33,,59784,26,,,0,70,,59799,26,,,0,31,,59792,26,,,0,78,,59780,26,,,0,29,,59788,26,,,0,74,,59798,26,,,0,34,,59791,26,,,0,73,,59807,26,,,0,29,,59787,26,,,0,70,,59797,26,,,0,28,,59793,26,,,0,70,,59795,26,,,0,29,,59789,26,,,0,69,,59803,26,,,0,79,,59802,26,,,0,59,,59804,26,,,0,98,,59806,26,,,0,147,,59805,26,,,0
5501,'4332',844,,60171,17,,,0,211,,60168,17,,,0,246,,60169,17,,,0,206,,60170,17,,,0,209,,60166,17,,,0,204,,60167,17,,,0
5501,'4661',641,,60181,17,,,0,170,,60180,17,,,0,204,,60178,17,,,0,136,,60179,17,,,0,200,,60183,17,,,0,105,,60182,17,,,0,196,,60184,17,,,0,193,,60185,17,,,0,193,,60186,17,,,0
5501,'4663',641,,60160,17,,,0,170,,60159,17,,,0,204,,60157,17,,,0,136,,60158,17,,,0,200,,60162,17,,,0,105,,60161,17,,,0,196,,60163,17,,,0,193,,60164,17,,,0,193,,60165,17,,,0
5501,'5078',843,,60172,17,,,0,212,,60174,17,,,0,245,,60175,17,,,0,205,,60173,17,,,0,210,,60177,17,,,0,204,,60176,17,,,0
6401,'4661',641,,61027,11,,,0,579,,61026,11,,,0,501,,61030,11,0,34 35 36,0
6401,'4663',641,,61020,11,,,0,579,,61019,11,,,0,501,,61023,11,0,34 35 36,0
