4800,'4737',634,,12109,30,,,0,21,,12108,30,,,0,67,,12107,30,,,0
4800,'4744',634,,12112,30,,,0,21,,12111,30,,,0,67,,12110,30,,,0
4800,'4947',634,,12115,30,,,0,21,,12114,30,,,0,67,,12113,30,,,0
5200,'4487',651,,12262,42,,,0,70,,12261,42,,,0,81,,12256,42,,,0,35,,12263,42,,,0,71,,12258,42,,,0,33,,12245,42,,,0,70,,12252,42,,,0,30,,12271,42,,,0,72,,12250,42,,,0,35,,12247,42,,,0,74,,12253,42,,,0,32,,12273,42,,,0,75,,12248,42,,,0,73,,12246,42,,,0,36,,12255,42,,,0,66,,12272,42,,,0,34,,12251,42,,,0,72,,12257,42,,,0,35,,12254,42,,,0,68,,12269,42,,,0,30,,12249,42,,,0,68,,12260,42,,,0,22,,12266,42,,,0,25,,12259,42,,,0,64,,12264,42,,,0,24,,12268,42,,,0,68,,12267,42,,,0,28,,12265,42,,,0,70,,12270,42,,,0,100,,12274,42,,,0,93,,12275,42,,,0,108,,12276,42,,,0
5200,'4737',518,,12277,42,,,0,31,,12286,42,,,0,71,,12280,42,,,0,21,,12291,42,,,0,59,,12278,42,,,0,26,,12299,42,,,0,27,,12285,42,,,0,68,,12314,42,,,0,8,,12279,42,,,0,17,,12307,42,,,0,9,,12290,42,,,0,70,,12281,42,,,0,30,,12298,42,,,0,66,,12284,42,,,0,30,,12282,42,,,0,75,,12283,42,,,0,31,,12300,42,,,0,71,,12287,42,,,0,30,,12288,42,,,0,76,,12289,42,,,0,74,,12297,42,,,0,30,,12313,6,,,0,5,,12292,42,,,0,71,,12293,42,,,0,34,,12309,42,,,0,71,,12294,42,,,0,29,,12296,42,,,0,68,,12295,42,,,0,29,,12301,42,,,0,71,,12310,42,,,0,30,,12302,42,,,0,74,,12303,42,,,0,29,,12304,42,,,0,69,,12311,42,,,0,26,,12305,42,,,0,72,,12306,42,,,0,96,,12312,42,,,0,98,,12308,42,,,0,103,,12315,42,,,0
5200,'4740',651,,12333,42,,,0,70,,12332,42,,,0,81,,12327,42,,,0,35,,12334,42,,,0,71,,12329,42,,,0,33,,12316,42,,,0,70,,12323,42,,,0,30,,12342,42,,,0,72,,12321,42,,,0,35,,12318,42,,,0,74,,12324,42,,,0,32,,12344,42,,,0,75,,12319,42,,,0,73,,12317,42,,,0,36,,12326,42,,,0,66,,12343,42,,,0,34,,12322,42,,,0,72,,12328,42,,,0,35,,12325,42,,,0,68,,12340,42,,,0,30,,12320,42,,,0,68,,12331,42,,,0,22,,12337,42,,,0,25,,12330,42,,,0,64,,12335,42,,,0,24,,12339,42,,,0,68,,12338,42,,,0,28,,12336,42,,,0,70,,12341,42,,,0,100,,12345,42,,,0,93,,12346,42,,,0,108,,12347,42,,,0
5200,'4744',518,,12348,42,,,0,31,,12357,42,,,0,71,,12351,42,,,0,21,,12362,42,,,0,59,,12349,42,,,0,26,,12370,42,,,0,27,,12356,42,,,0,68,,12385,42,,,0,8,,12350,42,,,0,17,,12378,42,,,0,9,,12361,42,,,0,70,,12352,42,,,0,30,,12369,42,,,0,66,,12355,42,,,0,30,,12353,42,,,0,75,,12354,42,,,0,31,,12371,42,,,0,71,,12358,42,,,0,30,,12359,42,,,0,76,,12360,42,,,0,74,,12368,42,,,0,35,,12363,42,,,0,71,,12364,42,,,0,22,,12384,6,,,0,12,,12380,42,,,0,71,,12365,42,,,0,29,,12367,42,,,0,68,,12366,42,,,0,29,,12372,42,,,0,71,,12381,42,,,0,30,,12373,42,,,0,74,,12374,42,,,0,29,,12375,42,,,0,69,,12382,42,,,0,26,,12376,42,,,0,72,,12377,42,,,0,96,,12383,42,,,0,98,,12379,42,,,0,103,,12386,42,,,0
5200,'4745',721,,12409,42,,,0,32,,12391,42,,,0,81,,12394,42,,,0,71,,12408,42,,,0,32,,12402,42,,,0,72,,12389,42,,,0,32,,12393,42,,,0,72,,12404,42,,,0,31,,12398,42,,,0,72,,12388,42,,,0,33,,12392,42,,,0,70,,12407,42,,,0,31,,12400,42,,,0,78,,12387,42,,,0,30,,12396,42,,,0,74,,12406,42,,,0,73,,12399,42,,,0,33,,12390,42,,,0,68,,12395,42,,,0,30,,12405,42,,,0,68,,12401,42,,,0,30,,12403,42,,,0,69,,12397,42,,,0,29,,12411,42,,,0,79,,12410,42,,,0,99,,12412,42,,,0,98,,12414,42,,,0,106,,12413,42,,,0
5200,'4947',518,,12415,42,,,0,31,,12424,42,,,0,71,,12418,42,,,0,21,,12429,42,,,0,59,,12416,42,,,0,26,,12437,42,,,0,27,,12423,42,,,0,68,,12452,42,,,0,8,,12417,42,,,0,17,,12445,42,,,0,9,,12428,42,,,0,70,,12419,42,,,0,30,,12436,42,,,0,66,,12422,42,,,0,30,,12420,42,,,0,75,,12421,42,,,0,31,,12438,42,,,0,71,,12425,42,,,0,30,,12426,42,,,0,76,,12427,42,,,0,74,,12435,42,,,0,35,,12430,42,,,0,71,,12431,42,,,0,22,,12451,6,,,0,12,,12447,42,,,0,71,,12432,42,,,0,29,,12434,42,,,0,68,,12433,42,,,0,29,,12439,42,,,0,71,,12448,42,,,0,30,,12440,42,,,0,74,,12441,42,,,0,29,,12442,42,,,0,69,,12449,42,,,0,26,,12443,42,,,0,72,,12444,42,,,0,96,,12450,42,,,0,98,,12446,42,,,0,103,,12453,42,,,0
5200,'4954',721,,12476,42,,,0,32,,12458,42,,,0,81,,12461,42,,,0,71,,12475,42,,,0,32,,12469,42,,,0,72,,12456,42,,,0,32,,12460,42,,,0,72,,12471,42,,,0,31,,12465,42,,,0,72,,12455,42,,,0,33,,12459,42,,,0,70,,12474,42,,,0,31,,12467,42,,,0,78,,12454,42,,,0,30,,12463,42,,,0,74,,12473,42,,,0,73,,12466,42,,,0,33,,12457,42,,,0,68,,12462,42,,,0,30,,12472,42,,,0,68,,12468,42,,,0,30,,12470,42,,,0,69,,12464,42,,,0,29,,12478,42,,,0,79,,12477,42,,,0,99,,12479,42,,,0,98,,12481,42,,,0,106,,12480,42,,,0
