4700,'4737',637,,12091,30,,,0,19,,12090,30,,,0,63,,12089,30,,,0
4700,'4744',637,,12094,30,,,0,19,,12093,30,,,0,63,,12092,30,,,0
4700,'4947',637,,12097,30,,,0,19,,12096,30,,,0,63,,12095,30,,,0
4701,'4737',1654,,12098,24,,,0,70,,12099,24,,,0,27,,12100,24,,,0
4701,'4744',1654,,12101,24,,,0,70,,12102,24,,,0,27,,12103,24,,,0
4701,'4947',1654,,12104,24,,,0,70,,12105,24,,,0,27,,12106,24,,,0
5701,'4487',626,,13199,5,,,0,107,,13189,5,,,0,99,,13200,5,,,0,105,,13203,5,,,0,101,,13201,5,,,0,105,,13202,5,,,0,110,,13188,5,,,0,100,,13194,5,,,0,150,,13198,5,,,0,101,,13195,5,,,0,109,,13190,5,,,0,90,,13192,5,,,0,114,,13196,5,,,0,100,,13197,5,,,0,99,,13193,5,,,0,113,,13191,5,,,0
5701,'4737',600,,13204,5,,,0,48,,13208,5,,,0,84,,13213,5,,,0,79,,13225,5,,,0,9,,13206,5,,,0,86,,13207,5,,,0,45,,13205,5,,,0,85,,13209,5,,,0,85,,13210,5,,,0,85,,13211,5,,,0,46,,13212,5,,,0,85,,13214,5,,,0,90,,13215,5,,,0,98,,13224,5,,,0,32,,13216,5,,,0,83,,13217,5,,,0,88,,13218,5,,,0,84,,13220,5,,,0,90,,13219,5,,,0,99,,13221,5,,,0,116,,13222,5,,,0,110,,13223,5,,,0
5701,'4740',626,,13237,5,,,0,107,,13227,5,,,0,99,,13238,5,,,0,105,,13241,5,,,0,101,,13239,5,,,0,105,,13240,5,,,0,110,,13226,5,,,0,100,,13232,5,,,0,150,,13236,5,,,0,101,,13233,5,,,0,109,,13228,5,,,0,90,,13230,5,,,0,114,,13234,5,,,0,100,,13235,5,,,0,99,,13231,5,,,0,113,,13229,5,,,0
5701,'4744',600,,13242,5,,,0,48,,13246,5,,,0,84,,13251,5,,,0,79,,13263,5,,,0,9,,13244,5,,,0,86,,13245,5,,,0,45,,13243,5,,,0,85,,13247,5,,,0,85,,13248,5,,,0,85,,13249,5,,,0,46,,13250,5,,,0,85,,13252,5,,,0,90,,13253,5,,,0,98,,13262,5,,,0,32,,13254,5,,,0,83,,13255,5,,,0,88,,13256,5,,,0,84,,13258,5,,,0,90,,13257,5,,,0,99,,13259,5,,,0,116,,13260,5,,,0,110,,13261,5,,,0
5701,'4745',733,,13267,5,,,0,99,,13264,5,,,0,105,,13266,5,,,0,100,,13265,5,,,0,106,,13268,5,,,0,110,,13271,5,,,0,100,,13269,5,,,0,150,,13272,5,,,0,100,,13270,5,,,0,110,,13276,5,,,0,90,,13278,5,,,0,114,,13277,5,,,0,100,,13275,5,,,0,99,,13274,5,,,0,85,,13273,5,,,0
5701,'4947',600,,13279,5,,,0,48,,13283,5,,,0,84,,13288,5,,,0,79,,13300,5,,,0,9,,13281,5,,,0,86,,13282,5,,,0,45,,13280,5,,,0,85,,13284,5,,,0,85,,13285,5,,,0,85,,13286,5,,,0,46,,13287,5,,,0,85,,13289,5,,,0,90,,13290,5,,,0,98,,13299,5,,,0,32,,13291,5,,,0,83,,13292,5,,,0,88,,13293,5,,,0,84,,13295,5,,,0,90,,13294,5,,,0,99,,13296,5,,,0,116,,13297,5,,,0,110,,13298,5,,,0
5701,'4954',733,,13304,5,,,0,99,,13301,5,,,0,105,,13303,5,,,0,100,,13302,5,,,0,106,,13305,5,,,0,110,,13308,5,,,0,100,,13306,5,,,0,150,,13309,5,,,0,100,,13307,5,,,0,110,,13313,5,,,0,90,,13315,5,,,0,114,,13314,5,,,0,100,,13312,5,,,0,99,,13311,5,,,0,85,,13310,5,,,0
