4701,'4737',1659,,30329,31,,,0,70,,30330,31,,,0,27,,30331,31,,,0
4701,'4744',1659,,30332,31,,,0,70,,30333,31,,,0,27,,30334,31,,,0
4701,'5066',1659,,30335,31,,,0,70,,30336,31,,,0,27,,30337,31,,,0
4900,'4487',819,,30361,10,,,0,211,,30362,10,,,0,201,,30357,10,,,0,210,,30358,10,,,0,210,,30359,10,,,0,194,,30360,10,,,0,267,,30356,10,,,0
4900,'4737',722,,30365,10,,,0,100,,30367,10,,,0,133,,30364,10,,,0,200,,30366,10,,,0,166,,30368,10,,,0,181,,30369,10,,,0,106,,30370,10,,,0,95,,30363,10,,,0,107,,30371,10,,,0,195,,30372,10,,,0,208,,30373,10,,,0
4900,'4744',722,,30376,10,,,0,100,,30378,10,,,0,133,,30375,10,,,0,200,,30377,10,,,0,166,,30379,10,,,0,181,,30380,10,,,0,106,,30381,10,,,0,95,,30374,10,,,0,107,,30382,10,,,0,195,,30383,10,,,0,208,,30384,10,,,0
4900,'4745',819,,30386,10,,,0,210,,30385,10,,,0,201,,30387,10,,,0,210,,30388,10,,,0,210,,30390,10,,,0,194,,30391,10,,,0,268,,30389,10,,,0
4900,'5066',722,,30394,10,,,0,100,,30396,10,,,0,133,,30393,10,,,0,200,,30395,10,,,0,166,,30397,10,,,0,181,,30398,10,,,0,106,,30399,10,,,0,95,,30392,10,,,0,107,,30400,10,,,0,195,,30401,10,,,0,208,,30402,10,,,0
4900,'5070',819,,30408,10,,,0,211,,30409,10,,,0,201,,30404,10,,,0,210,,30405,10,,,0,210,,30406,10,,,0,194,,30407,10,,,0,267,,30403,10,,,0
4900,'5072',819,,30411,10,,,0,210,,30410,10,,,0,201,,30412,10,,,0,210,,30413,10,,,0,210,,30415,10,,,0,194,,30416,10,,,0,268,,30414,10,,,0
