6100,'4663',531,,60746,37,,,0,75,,60744,37,,,0,13,,60747,37,,,0,20,,60748,37,,,0,20,,60750,37,,,0,59,,60754,37,,,0,19,,60761,37,,,0,69,,60763,37,,,0,19,,60756,19,0,30 14,0,80,,60745,19,0,30 14,0,36,,60749,19,0,30 14,0,64,,60760,19,0,30 14,0,36,,60752,19,0,30 14,0,88,,60751,19,0,30 14,0,76,,60758,19,0,30 14,0,35,,60753,19,0,30 14,0,74,,60755,19,0,30 14,0,39,,60762,19,0,30 14,0,70,,60757,19,0,30 14,0,27,,60781,19,0,30 14,0,52,,60759,19,0,30 14,0,33,,60764,19,0,30 14,0,82,,60765,19,0,30 14,0,26,,60768,19,0,30 14,0,79,,60772,19,0,30 14,0,30,,60767,19,0,30 14,0,65,,60766,19,0,30 14,0,28,,60771,19,0,30 14,0,72,,60773,19,0,30 14,0,31,,60769,19,0,30 14,0,70,,60770,19,0,30 14,0,95,,60774,19,0,30 14,0,41,,60775,19,0,30 14,0,104,,60777,19,0,30 14,0,73,,60778,19,0,30 14,0,100,,60779,19,0,30 14,0,75,,60780,19,0,30 14,0,100,,60776,19,0,30,0
6100,'5372',531,,50731,37,,,0,75,,46007,37,,,0,13,,50732,37,,,0,20,,46011,37,,,0,20,,46013,37,,,0,59,,46017,37,,,0,19,,46024,37,,,0,69,,46026,37,,,0,19,,46019,19,0,30 14,0,80,,46008,19,0,30 14,0,36,,46012,19,0,30 14,0,64,,46023,19,0,30 14,0,36,,46015,19,0,30 14,0,88,,50733,19,0,30 14,0,76,,51797,19,0,30 14,0,35,,46016,19,0,30 14,0,74,,46018,19,0,30 14,0,39,,51798,19,0,30 14,0,70,,46020,19,0,30 14,0,79,,46022,19,0,30 14,0,33,,51799,19,0,30 14,0,82,,46028,19,0,30 14,0,26,,46030,19,0,30 14,0,79,,46034,19,0,30 14,0,30,,51800,19,0,30 14,0,93,,51802,19,0,30 14,0,72,,51803,19,0,30 14,0,31,,60782,19,0,30 14,0,70,,46032,19,0,30 14,0,95,,51804,19,0,30 14,0,41,,46037,19,0,30 14,0,104,,46038,19,0,30 14,0,73,,46039,19,0,30 14,0,100,,46040,19,0,30 14,0,75,,46041,19,0,30 14,0
6100,'5373',1817,,60783,19,0,30 14,0
6100,'5377',646,,46111,19,0,30 14,0,104,,46112,19,0,30 14,0,83,,46113,19,0,30 14,0,96,,46114,19,0,30 14,0,82,,46115,19,0,30 14,0,46,,46116,19,0,30 14,0,97,,46117,19,0,30 14,0,82,,46118,19,0,30 14,0,101,,50720,19,0,30 14,0,94,,46120,19,0,30 14,0,103,,50721,19,0,30 14,0,79,,46122,19,0,30 14,0,102,,46123,19,0,30 14,0,86,,46124,19,0,30 14,0,103,,46125,19,0,30 14,0,46,,46126,19,0,30 14,0,86,,46127,19,0,30 14,0,101,,46128,19,0,30 14,0,93,,50722,19,0,30 14,0,101,,46130,19,0,30 14,0,75,,50723,19,0,30,0
6100,'5381',1817,,60784,19,0,30 14,0
6100,'5383',642,,60786,19,0,30 14,0,99,,60787,19,0,30 14,0,82,,60785,19,0,30 14,0,98,,60788,19,0,30 14,0,95,,60789,19,0,30 14,0,42,,60790,19,0,30 14,0,75,,60791,19,0,30 14,0,87,,60792,19,0,30 14,0,35,,60793,19,0,30 14,0,75,,60794,19,0,30 14,0,76,,60795,19,0,30 14,0,37,,60796,19,0,30 14,0,77,,60797,19,0,30 14,0,37,,60798,19,0,30 14,0,66,,60799,19,0,30 14,0,78,,60800,19,0,30 14,0,41,,60801,19,0,30 14,0,72,,60802,19,0,30 14,0,31,,60803,19,0,30 14,0,71,,60804,19,0,30 14,0,33,,60805,19,0,30 14,0,83,,60806,19,0,30 14,0,81,,60807,19,0,30 14,0,41,,60808,19,0,30 14,0,103,,60809,19,0,30 14,0,73,,60810,19,0,30 14,0,100,,60811,19,0,30 14,0,78,,60812,19,0,30,0,100,,60813,19,0,30,0
6100,'5384',646,,60814,19,0,30 14,0,104,,60815,19,0,30 14,0,83,,60816,19,0,30 14,0,96,,60817,19,0,30 14,0,82,,60818,19,0,30 14,0,46,,60819,19,0,30 14,0,97,,60820,19,0,30 14,0,82,,60821,19,0,30 14,0,101,,60822,19,0,30 14,0,94,,60823,19,0,30 14,0,103,,60824,19,0,30 14,0,79,,60825,19,0,30 14,0,102,,60826,19,0,30 14,0,86,,60827,19,0,30 14,0,103,,60828,19,0,30 14,0,46,,60829,19,0,30 14,0,86,,60830,19,0,30 14,0,101,,60831,19,0,30 14,0,93,,60832,19,0,30 14,0,101,,60833,19,0,30 14,0,75,,60834,19,0,30,0
6100,'5385',531,,60837,37,,,0,75,,60835,37,,,0,13,,60838,37,,,0,20,,60839,37,,,0,20,,60841,37,,,0,59,,60845,37,,,0,19,,60852,37,,,0,69,,60854,37,,,0,19,,60847,19,0,30 14,0,80,,60836,19,0,30 14,0,36,,60840,19,0,30 14,0,64,,60851,19,0,30 14,0,36,,60843,19,0,30 14,0,88,,60842,19,0,30 14,0,76,,60849,19,0,30 14,0,35,,60844,19,0,30 14,0,74,,60846,19,0,30 14,0,39,,60853,19,0,30 14,0,70,,60848,19,0,30 14,0,79,,60850,19,0,30 14,0,33,,60855,19,0,30 14,0,82,,60856,19,0,30 14,0,26,,60858,19,0,30 14,0,79,,60862,19,0,30 14,0,30,,60857,19,0,30 14,0,93,,60861,19,0,30 14,0,72,,60863,19,0,30 14,0,31,,60859,19,0,30 14,0,70,,60860,19,0,30 14,0,95,,60864,19,0,30 14,0,41,,60865,19,0,30 14,0,104,,60866,19,0,30 14,0,73,,60867,19,0,30 14,0,100,,60868,19,0,30 14,0,75,,60869,19,0,30 14,0
6100,'5387',1817,,60870,19,0,30 14,0
6100,'5388',1817,,60871,19,0,30 14,0
6500,'4663',549,,61032,28,,,0,94,,61034,28,,,0,62,,61035,28,,,0,43,,61033,28,,,0
6500,'5372',549,,46333,28,,,0,94,,46335,28,,,0,62,,46336,28,,,0,43,,46334,28,,,0
6500,'5385',549,,61036,28,,,0,94,,61038,28,,,0,62,,61039,28,,,0,43,,61037,28,,,0
