4800,'4663',624,,59625,15,,,0,20,,59624,15,,,0,66,,59623,15,,,0
4800,'5372',624,,44674,15,,,0,20,,44673,15,,,0,66,,44672,15,,,0
4800,'5385',624,,59628,15,,,0,20,,59627,15,,,0,66,,59626,15,,,0
5200,'4332',644,,59765,30,,,0,70,,59764,30,,,0,41,,59759,30,,,0,75,,59767,30,,,0,71,,59762,30,,,0,33,,59748,30,,,0,70,,59755,30,,,0,30,,59774,30,,,0,72,,59753,30,,,0,34,,59750,30,,,0,73,,59756,30,,,0,32,,59776,30,,,0,75,,59751,30,,,0,33,,59749,30,,,0,76,,59758,30,,,0,26,,59775,30,,,0,74,,59754,30,,,0,72,,59761,30,,,0,35,,59757,30,,,0,69,,59772,30,,,0,30,,59752,30,,,0,69,,59763,30,,,0,22,,59769,30,,,0,25,,59760,30,,,0,64,,59768,30,,,0,24,,59771,30,,,0,68,,59770,30,,,0,28,,59766,30,,,0,70,,59773,30,,,0,100,,59777,30,,,0,53,,59778,30,,,0,148,,59779,30,,,0
5200,'4663',511,,59709,30,,,0,31,,59718,30,,,0,71,,59712,30,,,0,20,,59723,30,,,0,19,,59710,30,,,0,63,,59731,30,,,0,29,,59717,30,,,0,65,,59746,30,,,0,10,,59711,30,,,0,16,,59739,30,,,0,10,,59722,30,,,0,70,,59713,30,,,0,31,,59730,30,,,0,66,,59716,30,,,0,30,,59714,30,,,0,75,,59715,30,,,0,31,,59732,30,,,0,71,,59719,30,,,0,30,,59720,30,,,0,76,,59721,30,,,0,34,,59729,30,,,0,74,,59724,30,,,0,71,,59725,30,,,0,34,,59741,30,,,0,71,,59726,30,,,0,31,,59728,30,,,0,68,,59727,30,,,0,29,,59733,30,,,0,71,,59742,30,,,0,30,,59734,30,,,0,74,,59735,30,,,0,29,,59736,30,,,0,69,,59743,30,,,0,27,,59737,30,,,0,72,,59738,30,,,0,96,,59744,30,,,0,98,,59740,30,,,0,103,,59747,30,,,0
5200,'5078',714,,59801,30,,,0,32,,59783,30,,,0,81,,59786,30,,,0,31,,59800,30,,,0,72,,59794,30,,,0,72,,59782,30,,,0,31,,59785,30,,,0,72,,59796,30,,,0,31,,59790,30,,,0,72,,59781,30,,,0,33,,59784,30,,,0,70,,59799,30,,,0,31,,59792,30,,,0,78,,59780,30,,,0,29,,59788,30,,,0,74,,59798,30,,,0,34,,59791,30,,,0,73,,59807,30,,,0,29,,59787,30,,,0,70,,59797,30,,,0,28,,59793,30,,,0,70,,59795,30,,,0,29,,59789,30,,,0,69,,59803,30,,,0,79,,59802,30,,,0,99,,59804,30,,,0,98,,59806,30,,,0,106,,59805,30,,,0
5200,'5372',511,,44768,30,,,0,31,,44777,30,,,0,71,,44771,30,,,0,20,,44782,30,,,0,19,,44769,30,,,0,63,,44790,30,,,0,29,,44776,30,,,0,65,,44805,30,,,0,10,,44770,30,,,0,16,,44798,30,,,0,10,,44781,30,,,0,70,,44772,30,,,0,31,,44789,30,,,0,66,,44775,30,,,0,30,,44773,30,,,0,75,,44774,30,,,0,31,,44791,30,,,0,71,,44778,30,,,0,30,,44779,30,,,0,76,,44780,30,,,0,34,,44788,30,,,0,74,,44783,30,,,0,71,,44784,30,,,0,34,,51754,30,,,0,71,,44785,30,,,0,31,,44787,30,,,0,68,,44786,30,,,0,29,,44792,30,,,0,71,,44801,30,,,0,30,,44793,30,,,0,74,,44794,30,,,0,29,,44795,30,,,0,69,,44802,30,,,0,27,,44796,30,,,0,72,,44797,30,,,0,96,,44803,30,,,0,98,,44799,30,,,0,103,,44806,30,,,0
5200,'5385',511,,59808,30,,,0,31,,59817,30,,,0,71,,59811,30,,,0,20,,59822,30,,,0,19,,59809,30,,,0,63,,59830,30,,,0,29,,59816,30,,,0,65,,59845,30,,,0,10,,59810,30,,,0,16,,59838,30,,,0,10,,59821,30,,,0,70,,59812,30,,,0,31,,59829,30,,,0,66,,59815,30,,,0,30,,59813,30,,,0,75,,59814,30,,,0,31,,59831,30,,,0,71,,59818,30,,,0,30,,59819,30,,,0,76,,59820,30,,,0,34,,59828,30,,,0,74,,59823,30,,,0,71,,59824,30,,,0,34,,59840,30,,,0,71,,59825,30,,,0,31,,59827,30,,,0,68,,59826,30,,,0,29,,59832,30,,,0,71,,59841,30,,,0,30,,59833,30,,,0,74,,59834,30,,,0,29,,59835,30,,,0,69,,59842,30,,,0,27,,59836,30,,,0,72,,59837,30,,,0,96,,59843,30,,,0,98,,59839,30,,,0,103,,59846,30,,,0
5901,'4332',706,,60582,29,,,0,100,,60583,29,,,0,101,,60584,29,,,0,101,,60580,29,,,0,105,,60581,29,,,0,105,,60579,29,,,0,105,,60578,29,,,0,105,,60577,29,,,0,106,,60576,29,,,0,102,,60575,29,,,0,103,,60574,29,,,0,104,,60573,29,,,0,105,,60572,29,,,0,160,,60571,29,,,0
5901,'4663',705,,60554,29,,,0,29,,60562,29,,,0,103,,60555,29,,,0,104,,60556,29,,,0,101,,60557,29,,,0,97,,60558,29,,,0,103,,60559,29,,,0,102,,60560,29,,,0,107,,60561,29,,,0,99,,60553,29,,,0,85,,60569,29,,,0,84,,60563,29,,,0,82,,60564,29,,,0,41,,60568,29,,,0,104,,60565,29,,,0,104,,60566,29,,,0,154,,60567,29,,,0
5901,'5078',806,,60586,29,,,0,101,,60585,29,,,0,101,,60587,29,,,0,105,,60589,29,,,0,105,,60588,29,,,0,105,,60592,29,,,0,105,,60593,29,,,0,106,,60591,29,,,0,102,,60590,29,,,0,103,,60596,29,,,0,104,,60595,29,,,0,105,,60597,29,,,0,160,,60594,29,,,0
5901,'5372',705,,45780,29,,,0,29,,45788,29,,,0,103,,45781,29,,,0,104,,45782,29,,,0,101,,45783,29,,,0,97,,45784,29,,,0,103,,45785,29,,,0,102,,45786,29,,,0,107,,45787,29,,,0,99,,60570,29,,,0,85,,45795,29,,,0,84,,45789,29,,,0,82,,45790,29,,,0,41,,45794,29,,,0,104,,45791,29,,,0,104,,45792,29,,,0,154,,45793,29,,,0
5901,'5385',705,,60599,29,,,0,29,,60607,29,,,0,103,,60600,29,,,0,104,,60601,29,,,0,101,,60602,29,,,0,97,,60603,29,,,0,103,,60604,29,,,0,102,,60605,29,,,0,107,,60606,29,,,0,99,,60598,29,,,0,85,,60614,29,,,0,84,,60608,29,,,0,82,,60609,29,,,0,41,,60613,29,,,0,104,,60610,29,,,0,104,,60611,29,,,0,154,,60612,29,,,0
