6400,'4744',1139,,28720,,,0,372,,28721,0,32 33,0
6400,'4935',1139,,8526,,,0,372,,8527,0,32 33,0
6400,'4941',1139,,8533,,,0,372,,8534,0,32 33,0
6400,'4947',1139,,28727,,,0,372,,28728,0,32 33,0
6400,'4952',1139,,28734,,,0,372,,28735,0,32 33,0
6401,'4744',748,,28740,,,0,203,,28741,,,0,379,,28739,,,0
6401,'4935',748,,8539,,,0,203,,8540,,,0,379,,8538,,,0
6401,'4941',748,,8546,,,0,203,,8547,,,0,379,,8545,,,0
6401,'4947',748,,28747,,,0,203,,28748,,,0,379,,28746,,,0
6401,'4952',748,,28754,,,0,203,,28755,,,0,379,,28753,,,0
