2500,'4663',605,,57076,25,,,0,35,,57068,25,,,0,72,,57066,25,,,0,38,,57067,25,,,0,68,,57074,25,,,0,95,,57073,25,,,0,104,,57071,25,,,0,101,,57069,25,,,0,100,,57070,25,,,0,98,,57077,25,,,0,100,,57072,25,,,0,98,,57075,17,,,0,40,,57079,25,,,0,84,,57078,25,,,0,98,,57080,25,,,0,102,,57081,25,,,0,100,,57082,25,,,0,120,,57083,25,,,0,167,,57084,25,,,0,132,,57085,25,0,5,0
2500,'5372',605,,41709,25,,,0,35,,41702,25,,,0,72,,41700,25,,,0,38,,41701,25,,,0,68,,41708,25,,,0,95,,41707,25,,,0,104,,41705,25,,,0,101,,41703,25,,,0,100,,41704,25,,,0,98,,41710,25,,,0,100,,41706,25,,,0,138,,41712,25,,,0,84,,41711,25,,,0,98,,41713,25,,,0,102,,41714,25,,,0,100,,41715,25,,,0,120,,41716,25,,,0,167,,41717,25,,,0,132,,41718,25,0,5,0
2500,'5373',1514,,41755,17,,,0
2500,'5377',739,,41758,25,,,0,169,,41756,25,,,0,129,,41757,25,,,0,170,,41759,25,,,0,132,,41760,25,,,0,169,,41761,25,,,0,133,,41762,25,,,0,168,,41763,25,,,0,130,,41764,25,,,0,120,,41765,25,,,0,168,,41766,25,,,0
2500,'5381',1514,,50127,17,,,0
2500,'5383',749,,57092,25,,,0,109,,57090,25,,,0,154,,57094,25,,,0,101,,57088,25,,,0,100,,57086,25,,,0,98,,57087,25,,,0,100,,57089,25,,,0,99,,57093,25,,,0,100,,57091,25,,,0,101,,57095,25,,,0,102,,57096,25,,,0,124,,57097,25,,,0,121,,57098,25,,,0,168,,57099,25,,,0,130,,57100,25,0,5,0
2500,'5384',739,,57103,25,,,0,169,,57101,25,,,0,129,,57102,25,,,0,170,,57104,25,,,0,132,,57105,25,,,0,169,,57106,25,,,0,133,,57107,25,,,0,168,,57108,25,,,0,130,,57109,25,,,0,120,,57110,25,,,0,168,,57111,25,,,0
2500,'5385',605,,57121,25,,,0,35,,57114,25,,,0,72,,57112,25,,,0,38,,57113,25,,,0,68,,57120,25,,,0,95,,57119,25,,,0,104,,57117,25,,,0,101,,57115,25,,,0,100,,57116,25,,,0,98,,57122,25,,,0,100,,57118,25,,,0,138,,57124,25,,,0,84,,57123,25,,,0,98,,57125,25,,,0,102,,57126,25,,,0,100,,57127,25,,,0,120,,57128,25,,,0,167,,57129,25,,,0,132,,57130,25,0,5,0
2500,'5387',1514,,57131,17,,,0
2500,'5388',1514,,57132,17,,,0
