8301,'4487',943,,30171,,,0,300,,30169,,,0,305,,30170,,,0,300,,30168,,,0
8301,'4743',943,,13983,,,0,300,,13981,,,0,305,,13982,,,0,300,,13980,,,0
8301,'4744',707,,30172,,,0,51,,30173,,,0,249,,30174,,,0,141,,30175,,,0,195,,30176,,,0,211,,30177,,,0,253,,30178,,,0,199,,30179,,,0
8301,'4745',942,,30182,,,0,300,,30183,,,0,305,,30181,,,0,300,,30180,,,0
8301,'4935',707,,9368,,,0,51,,9369,,,0,249,,9370,,,0,141,,9371,,,0,195,,9372,,,0,211,,9373,,,0,253,,9374,,,0,199,,9375,,,0
8301,'4941',707,,9376,,,0,51,,9377,,,0,249,,9378,,,0,141,,9379,,,0,195,,9380,,,0,211,,9381,,,0,253,,9382,,,0,199,,9383,,,0
8301,'4943',943,,9387,,,0,300,,9385,,,0,305,,9386,,,0,300,,9384,,,0
8301,'4945',942,,9390,,,0,300,,9391,,,0,305,,9389,,,0,300,,9388,,,0
8301,'4947',707,,30184,,,0,51,,30185,,,0,249,,30186,,,0,141,,30187,,,0,195,,30188,,,0,211,,30189,,,0,253,,30190,,,0,199,,30191,,,0
8301,'4952',707,,30192,,,0,51,,30193,,,0,249,,30194,,,0,141,,30195,,,0,195,,30196,,,0,211,,30197,,,0,253,,30198,,,0,199,,30199,,,0
8301,'4953',943,,30203,,,0,300,,30201,,,0,305,,30202,,,0,300,,30200,,,0
8301,'4954',942,,30206,,,0,300,,30207,,,0,305,,30205,,,0,300,,30204,,,0
