3800,'4623',608,,72301,5,,,0,33,,72302,5,,,0,70,,72299,5,,,0,24,,72298,5,,,0,70,,72306,5,,,0,30,,72300,5,,,0,70,,72304,5,,,0,100,,72305,5,,,0,101,,72303,5,,,0,101,,72307,5,,,0,101,,72309,5,,,0,94,,72314,5,,,0,39,,72311,5,,,0,70,,72316,5,,,0,29,,72308,5,,,0,71,,72310,5,,,0,36,,72313,5,,,0,74,,72312,5,,,0,84,,72318,5,,,0,105,,72315,5,,,0,102,,72317,5,,,0
3800,'5222',608,,72322,5,,,0,33,,72323,5,,,0,70,,72320,5,,,0,24,,72319,5,,,0,70,,72327,5,,,0,30,,72321,5,,,0,70,,72325,5,,,0,100,,72326,5,,,0,101,,72324,5,,,0,101,,72328,5,,,0,101,,72330,5,,,0,94,,72335,5,,,0,39,,72332,5,,,0,70,,72337,5,,,0,29,,72329,5,,,0,71,,72331,5,,,0,36,,72334,5,,,0,74,,72333,5,,,0,84,,72339,5,,,0,105,,72336,5,,,0,102,,72338,5,,,0
4600,'4623',557,,72784,5,,,0,57,,72796,5,,,0,28,,72786,5,,,0,69,,72785,5,,,0,36,,72797,5,,,0,100,,72793,5,,,0,95,,72787,5,,,0,377,,72789,5,,,0,110,,72788,5,,,0,73,,72790,5,,,0,36,,72794,5,,,0,96,,72791,5,,,0,69,,72792,5,,,0,49,,72795,5,,,0
4600,'5222',557,,72798,5,,,0,57,,72810,5,,,0,28,,72800,5,,,0,69,,72799,5,,,0,36,,72811,5,,,0,100,,72807,5,,,0,95,,72801,5,,,0,377,,72803,5,,,0,110,,72802,5,,,0,73,,72804,5,,,0,36,,72808,5,,,0,96,,72805,5,,,0,69,,72806,5,,,0,49,,72809,5,,,0
5800,'4532',705,,73879,13,,,0,100,,73880,13,,,0,101,,73881,13,,,0,106,,73882,13,,,0,105,,73877,13,,,0,105,,73878,13,,,0,100,,73876,13,,,0,112,,73874,13,,,0,100,,73875,13,,,0,109,,73873,13,,,0,99,,73868,13,,,0,104,,73869,13,,,0,100,,73870,13,,,0,105,,73871,13,,,0,154,,73872,13,,,0,109,,73867,13,,,0
5800,'4623',633,,73830,13,,,0,71,,73831,13,,,0,38,,73832,13,,,0,81,,73833,13,,,0,95,,73841,13,,,0,84,,73834,13,,,0,46,,73843,13,,,0,85,,73835,13,,,0,85,,73842,13,,,0,86,,73836,13,,,0,46,,73844,13,,,0,88,,73837,13,,,0,83,,73838,13,,,0,83,,73839,13,,,0,50,,73845,13,,,0,87,,73840,13,,,0,85,,73846,13,,,0,85,,73847,13,,,0,146,,73849,13,,,0,150,,73848,13,,,0,108,,73850,13,,,0
5800,'4832',803,,73904,13,,,0,102,,73908,13,,,0,106,,73905,13,,,0,106,,73909,13,,,0,105,,73907,13,,,0,100,,73910,13,,,0,111,,73906,13,,,0,100,,73911,13,,,0,109,,73912,13,,,0,100,,73914,13,,,0,103,,73913,13,,,0,100,,73915,13,,,0,104,,73916,13,,,0,199,,73917,13,,,0
5800,'5222',633,,73883,13,,,0,71,,73884,13,,,0,38,,73885,13,,,0,81,,73886,13,,,0,95,,73894,13,,,0,84,,73887,13,,,0,46,,73896,13,,,0,85,,73888,13,,,0,85,,73895,13,,,0,86,,73889,13,,,0,46,,73897,13,,,0,88,,73890,13,,,0,83,,73891,13,,,0,83,,73892,13,,,0,50,,73898,13,,,0,87,,73893,13,,,0,85,,73899,13,,,0,85,,73900,13,,,0,146,,73902,13,,,0,150,,73901,13,,,0,108,,73903,13,,,0
5800,'5390',803,,73918,13,,,0,102,,73922,13,,,0,106,,73919,13,,,0,106,,73923,13,,,0,105,,73921,13,,,0,100,,73924,13,,,0,111,,73920,13,,,0,100,,73925,13,,,0,109,,73926,13,,,0,100,,73928,13,,,0,103,,73927,13,,,0,100,,73929,13,,,0,104,,73930,13,,,0,199,,73931,13,,,0
6500,'4623',606,,74769,41,,,0,102,,74768,41,,,0,24,,74767,41,,,0,81,,74766,41,,,0
6500,'5222',606,,74773,41,,,0,102,,74772,41,,,0,24,,74771,41,,,0,81,,74770,41,,,0
24005100,'4623',637,,77774,5,,,0,66,,77771,5,,,0,27,,77773,5,,,0,70,,77772,5,,,0,809,,77776,5,,,0,31,,77775,5,,,0
24005100,'5222',637,,77780,5,,,0,66,,77777,5,,,0,27,,77779,5,,,0,70,,77778,5,,,0,809,,77782,5,,,0,31,,77781,5,,,0
