601,'4332',556,,54135,5,,,0,63,,54136,5,,,0,20,,54133,5,,,0,77,,54137,5,,,0,16,,54138,5,,,0,19,,54139,5,,,0,73,,54140,5,,,0,14,,54141,5,,,0,15,,54142,5,,,0,67,,54143,5,,,0,13,,54144,5,,,0,13,,54134,5,,,0,62,,54145,5,,,0,12,,54146,5,,,0,12,,54147,5,,,0,24,,54149,5,,,0,51,,54150,5,,,0,12,,54148,5,,,0,24,,54151,5,,,0,11,,54152,5,,,0,52,,54153,5,,,0,23,,54160,5,,,0,12,,54154,5,,,0,12,,54155,5,,,0,64,,54156,5,,,0,10,,54157,5,,,0,11,,54158,5,,,0,20,,54161,5,,,0,50,,54162,5,,,0,11,,54163,5,,,0,21,,54159,5,,,0,11,,54164,5,,,0,50,,54169,5,,,0,21,,54165,5,,,0,10,,54166,5,,,0,10,,54167,5,,,0,61,,54168,5,,,0,10,,54170,5,,,0,10,,54171,5,,,0,11,,54172,5,,,0,24,,54173,5,,,0,53,,54174,5,,,0,12,,54175,5,,,0,13,,54176,5,,,0,65,,54177,5,,,0,12,,54178,5,,,0,13,,54179,5,,,0,15,,54180,5,,,0,70,,54181,5,,,0,16,,54182,5,,,0,15,,54183,5,,,0,77,,54184,5,,,0,18,,54185,5,,,0,76,,54186,5,,,0,18,,54187,5,,,0,82,,54188,5,,,0,25,,54189,5,,,0,96,,54190,5,,,0,66,,54191,5,,,0,31,,54192,5,,,0,71,,54193,5,,,0,30,,54194,5,,,0,71,,54195,5,,,0,29,,54196,5,,,0
601,'4661',536,,54295,5,,,0,15,,54289,5,,,0,68,,54283,5,,,0,24,,54294,5,,,0,15,,54260,5,,,0,54,,54279,5,,,0,6,,54252,5,,,0,15,,54282,5,,,0,16,,54270,5,,,0,52,,54261,5,,,0,18,,54290,5,,,0,18,,54278,5,,,0,17,,54284,5,,,0,57,,54249,5,,,0,20,,54263,5,,,0,22,,54255,5,,,0,63,,54285,5,,,0,23,,54272,5,,,0,63,,54291,5,,,0,24,,54280,5,,,0,24,,54297,5,,,0,64,,54264,5,,,0,25,,54254,5,,,0,65,,54286,5,,,0,23,,54271,5,,,0,21,,54265,5,,,0,60,,54253,5,,,0,19,,54281,5,,,0,20,,54296,5,,,0,58,,54246,5,,,0,15,,54266,5,,,0,11,,54293,5,,,0,20,,54247,5,,,0,59,,54287,5,,,0,19,,54274,5,,,0,22,,54268,5,,,0,62,,54256,5,,,0,27,,54288,5,,,0,64,,54275,5,,,0,12,,54292,5,,,0,25,,54259,5,,,0,71,,54250,5,,,0,33,,54267,5,,,0,77,,54251,5,,,0,18,,54273,5,,,0,76,,54258,5,,,0,22,,54257,5,,,0,90,,54262,5,,,0,100,,54276,5,,,0,73,,54269,5,,,0,31,,54277,5,,,0
601,'4663',536,,54130,5,,,0,15,,54124,5,,,0,68,,54118,5,,,0,24,,54129,5,,,0,15,,54091,5,,,0,54,,54112,5,,,0,6,,54083,5,,,0,15,,54117,5,,,0,16,,54101,5,,,0,52,,54092,5,,,0,18,,54125,5,,,0,18,,54111,5,,,0,17,,54119,5,,,0,57,,54080,5,,,0,20,,54094,5,,,0,22,,54086,5,,,0,63,,54120,5,,,0,23,,54103,5,,,0,63,,54126,5,,,0,24,,54113,5,,,0,24,,54132,5,,,0,64,,54095,5,,,0,25,,54085,5,,,0,65,,54121,5,,,0,23,,54102,5,,,0,21,,54096,5,,,0,60,,54084,5,,,0,19,,54114,5,,,0,20,,54131,5,,,0,58,,54077,5,,,0,15,,54097,5,,,0,11,,54128,5,,,0,20,,54078,5,,,0,59,,54122,5,,,0,19,,54105,5,,,0,22,,54099,5,,,0,62,,54087,5,,,0,27,,54123,5,,,0,64,,54106,5,,,0,12,,54127,5,,,0,25,,54090,5,,,0,71,,54081,5,,,0,33,,54098,5,,,0,77,,54082,5,,,0,18,,54104,5,,,0,76,,54089,5,,,0,22,,54088,5,,,0,90,,54093,5,,,0,100,,54107,5,,,0,73,,54100,5,,,0,31,,54109,5,,,0,70,,54108,5,,,0,31,,54110,5,,,0,71,,54115,5,,,0,30,,54116,5,,,0
601,'5078',637,,54234,5,,,0,95,,54208,5,,,0,84,,54217,5,,,0,19,,54207,5,,,0,79,,54233,5,,,0,16,,54222,5,,,0,15,,54244,5,,,0,70,,54197,5,,,0,16,,54236,5,,,0,15,,54224,5,,,0,70,,54206,5,,,0,15,,54199,5,,,0,12,,54198,5,,,0,64,,54226,5,,,0,12,,54201,5,,,0,12,,54202,5,,,0,12,,54216,5,,,0,64,,54200,5,,,0,12,,54241,5,,,0,12,,54225,5,,,0,12,,54205,5,,,0,64,,54215,5,,,0,12,,54204,5,,,0,12,,54203,5,,,0,12,,54239,5,,,0,64,,54211,5,,,0,13,,54212,5,,,0,12,,54214,5,,,0,12,,54213,5,,,0,65,,54240,5,,,0,12,,54219,5,,,0,12,,54209,5,,,0,12,,54210,5,,,0,64,,54245,5,,,0,12,,54221,5,,,0,13,,54237,5,,,0,16,,54218,5,,,0,70,,54223,5,,,0,19,,54220,5,,,0,18,,54231,5,,,0,77,,54228,5,,,0,18,,54227,5,,,0,74,,54229,5,,,0,17,,54230,5,,,0,75,,54235,5,,,0,20,,54238,5,,,0,97,,54232,5,,,0,71,,54243,5,,,0,42,,54242,5,,,0
1000601,'4332',658,,62839,13,,,0,150,,62840,13,,,0,99,,62841,13,,,0,49,,62842,13,,,0,88,,62843,13,,,0,87,,62844,13,,,0,87,,62845,13,,,0,88,,62846,13,,,0,42,,62848,13,,,0,82,,62847,13,,,0,82,,62849,13,,,0,42,,62850,13,,,0,93,,62851,13,,,0,100,,62852,13,,,0,109,,62853,13,,,0,103,,62854,13,,,0,94,,62855,13,,,0,99,,62856,13,,,0,150,,62857,13,,,0
1000601,'4661',605,,62890,13,,,0,47,,62885,13,,,0,73,,62879,13,,,0,29,,62893,13,,,0,74,,62880,13,,,0,75,,62894,13,,,0,39,,62892,13,,,0,86,,62895,13,,,0,86,,62881,13,,,0,88,,62887,13,,,0,50,,62891,13,,,0,86,,62875,13,,,0,80,,62874,13,,,0,39,,62888,13,,,0,84,,62882,13,,,0,76,,62876,13,,,0,84,,62878,13,,,0,50,,62877,13,,,0,105,,62896,13,,,0,147,,62883,13,,,0,54,,62886,13,,,0,100,,62889,13,,,0,101,,62884,13,,,0
1000601,'4663',605,,62831,13,,,0,47,,62826,13,,,0,73,,62820,13,,,0,29,,62834,13,,,0,74,,62821,13,,,0,75,,62835,13,,,0,39,,62833,13,,,0,86,,62836,13,,,0,86,,62822,13,,,0,88,,62828,13,,,0,50,,62832,13,,,0,86,,62816,13,,,0,80,,62815,13,,,0,39,,62829,13,,,0,84,,62823,13,,,0,76,,62817,13,,,0,84,,62819,13,,,0,50,,62818,13,,,0,105,,62837,13,,,0,147,,62824,13,,,0,54,,62827,13,,,0,100,,62830,13,,,0,101,,62825,13,,,0
1000601,'5078',706,,62865,13,,,0,50,,62871,13,,,0,97,,62859,13,,,0,147,,62863,13,,,0,101,,62858,13,,,0,54,,62873,13,,,0,100,,62860,13,,,0,100,,62861,13,,,0,100,,62867,13,,,0,101,,62864,13,,,0,101,,62862,13,,,0,148,,62866,13,,,0,110,,62868,13,,,0,93,,62870,13,,,0,51,,62869,13,,,0,148,,62872,13,,,0
2000601,'4661',630,,63065,8,,,0,74,,63071,8,,,0,37,,63059,8,,,0,69,,63062,8,,,0,36,,63060,8,,,0,73,,63064,8,,,0,86,,63067,8,,,0,46,,63061,8,,,0,87,,63069,8,,,0,89,,63072,8,,,0,89,,63074,8,,,0,42,,63073,8,,,0,79,,63070,8,,,0,76,,63057,8,,,0,87,,63068,8,,,0,40,,63058,8,,,0,87,,63075,8,,,0,102,,63063,8,,,0,97,,63066,8,,,0
2000601,'4663',630,,63046,8,,,0,74,,63052,8,,,0,37,,63040,8,,,0,69,,63043,8,,,0,36,,63041,8,,,0,73,,63045,8,,,0,86,,63048,8,,,0,46,,63042,8,,,0,87,,63050,8,,,0,89,,63053,8,,,0,89,,63055,8,,,0,42,,63054,8,,,0,79,,63051,8,,,0,76,,63038,8,,,0,87,,63049,8,,,0,40,,63039,8,,,0,87,,63056,8,,,0,102,,63044,8,,,0,97,,63047,8,,,0
