4700,'4737',612,,12091,1,,,0,19,,12090,1,,,0,23,,12089,1,,,0
4700,'4744',612,,12094,1,,,0,19,,12093,1,,,0,23,,12092,1,,,0
4700,'4947',612,,12097,1,,,0,19,,12096,1,,,0,23,,12095,1,,,0
5801,'4487',649,,13460,6,,,0,100,,13461,6,,,0,100,,13462,6,,,0,106,,13463,6,,,0,145,,13459,6,,,0,105,,13458,6,,,0,100,,13457,6,,,0,110,,13456,6,,,0,100,,13454,6,,,0,110,,13455,6,,,0,100,,13449,6,,,0,105,,13450,6,,,0,100,,13451,6,,,0,105,,13452,6,,,0,114,,13453,6,,,0,110,,13448,6,,,0
5801,'4737',616,,13464,6,,,0,30,,13478,6,,,0,78,,13465,6,,,0,78,,13466,6,,,0,23,,13472,6,,,0,17,,13486,6,4,,0,58,,13467,6,,,0,43,,13468,6,,,0,87,,13469,6,,,0,85,,13470,6,,,0,85,,13471,6,,,0,45,,13474,6,,,0,85,,13473,6,,,0,86,,13475,6,,,0,22,,13485,6,,,0,63,,13476,6,,,0,16,,13487,6,,,0,26,,13477,6,,,0,93,,13479,6,,,0,85,,13480,6,,,0,87,,13481,6,,,0,46,,13482,6,,,0,186,,13483,6,,,0,110,,13484,6,,,0,109,,13488,6,,,0
5801,'4740',649,,13501,6,,,0,100,,13502,6,,,0,100,,13503,6,,,0,106,,13504,6,,,0,145,,13500,6,,,0,105,,13499,6,,,0,100,,13498,6,,,0,110,,13497,6,,,0,100,,13495,6,,,0,110,,13496,6,,,0,100,,13490,6,,,0,105,,13491,6,,,0,100,,13492,6,,,0,105,,13493,6,,,0,114,,13494,6,,,0,110,,13489,6,,,0
5801,'4744',616,,13505,6,,,0,30,,13519,6,,,0,78,,13506,6,,,0,78,,13507,6,,,0,23,,13513,6,,,0,17,,13527,6,4,,0,58,,13508,6,,,0,43,,13509,6,,,0,87,,13510,6,,,0,85,,13511,6,,,0,85,,13512,6,,,0,45,,13515,6,,,0,85,,13514,6,,,0,86,,13516,6,,,0,22,,13526,6,,,0,63,,13517,6,,,0,16,,13528,6,,,0,26,,13518,6,,,0,93,,13520,6,,,0,85,,13521,6,,,0,87,,13522,6,,,0,46,,13523,6,,,0,186,,13524,6,,,0,110,,13525,6,,,0,109,,13529,6,,,0
5801,'4745',749,,13530,6,,,0,100,,13536,6,,,0,105,,13534,6,,,0,146,,13537,6,,,0,105,,13532,6,,,0,100,,13535,6,,,0,110,,13531,6,,,0,100,,13538,6,,,0,110,,13533,6,,,0,100,,13541,6,,,0,104,,13540,6,,,0,100,,13542,6,,,0,105,,13543,6,,,0,200,,13539,6,,,0
5801,'4947',616,,13544,6,,,0,30,,13558,6,,,0,78,,13545,6,,,0,78,,13546,6,,,0,23,,13552,6,,,0,17,,13566,6,4,,0,58,,13547,6,,,0,43,,13548,6,,,0,87,,13549,6,,,0,85,,13550,6,,,0,85,,13551,6,,,0,45,,13554,6,,,0,85,,13553,6,,,0,86,,13555,6,,,0,22,,13565,6,,,0,63,,13556,6,,,0,16,,13567,6,,,0,26,,13557,6,,,0,93,,13559,6,,,0,85,,13560,6,,,0,87,,13561,6,,,0,46,,13562,6,,,0,186,,13563,6,,,0,110,,13564,6,,,0,109,,13568,6,,,0
5801,'4954',749,,13569,6,,,0,100,,13575,6,,,0,105,,13573,6,,,0,146,,13576,6,,,0,105,,13571,6,,,0,100,,13574,6,,,0,110,,13570,6,,,0,100,,13577,6,,,0,110,,13572,6,,,0,100,,13580,6,,,0,104,,13579,6,,,0,100,,13581,6,,,0,105,,13582,6,,,0,200,,13578,6,,,0
