2100,'4663',633,,56461,3,0,18 19,0,500,,56467,31,0,18 19,0,514,,56441,31,0,18 19,0
2100,'5372',633,,40970,3,0,18 19,0,500,,40976,31,0,18 19,0,514,,40950,31,0,18 19,0
2100,'5377',914,,41051,31,0,18 19,0,322,,49834,31,0,18 19,0,203,,41055,31,0,18 19,0,200,,41061,31,0,18 19,0,197,,41067,31,0,18 19,0
2100,'5383',854,,56482,31,0,18 19,0,387,,56473,31,0,18 19,0,199,,56474,31,0,18 19,0,202,,56488,31,0,18 19,0,199,,56483,31,0,18 19,0
2100,'5384',914,,56503,31,0,18 19,0,322,,56501,31,0,18 19,0,203,,56507,31,0,18 19,0,200,,56513,31,0,18 19,0,197,,56519,31,0,18 19,0
2100,'5385',633,,56552,3,0,18 19,0,500,,56558,31,0,18 19,0,514,,56532,31,0,18 19,0
8300,'4663',659,,61869,10,,,0,244,,61870,10,,,0,140,,61871,10,,,0,207,,61872,10,,,0,198,,61873,10,,,0,252,,61874,10,,,0,208,,61875,10,,,0
8300,'5372',659,,47336,10,,,0,244,,47337,10,,,0,140,,47338,10,,,0,207,,47339,10,,,0,198,,47340,10,,,0,252,,47341,10,,,0,208,,47342,10,,,0
8300,'5377',1045,,47356,10,,,0,300,,47357,10,,,0,305,,47355,10,,,0,300,,47354,10,,,0
8300,'5383',1045,,61878,10,,,0,300,,61879,10,,,0,305,,61877,10,,,0,300,,61876,10,,,0
8300,'5384',1045,,61882,10,,,0,300,,61883,10,,,0,305,,61881,10,,,0,300,,61880,10,,,0
8300,'5385',659,,61884,10,,,0,244,,61885,10,,,0,140,,61886,10,,,0,207,,61887,10,,,0,198,,61888,10,,,0,252,,61889,10,,,0,208,,61890,10,,,0
