801,'4663',719,,54654,50,,,0,37,,54655,50,,,0,66,,54656,50,,,0,26,,54657,50,,,0,75,,54658,50,,,0,83,,54653,50,,,0,44,,54659,50,,,0,73,,54675,50,,,0,82,,54660,50,,,0,46,,54661,50,,,0,81,,54662,50,,,0,85,,54663,50,,,0,91,,54664,50,,,0,46,,54666,50,,,0,74,,54676,50,,,0,73,,54667,50,,,0,33,,54668,50,,,0,76,,54669,50,,,0,29,,54677,50,,,0,70,,54670,50,,,0,33,,54671,50,,,0,85,,54672,50,,,0,97,,54673,50,,,0,83,,54674,50,,,0
801,'5372',719,,38812,50,,,0,37,,49031,50,,,0,66,,38814,50,,,0,26,,38815,50,,,0,75,,38816,50,,,0,83,,49030,50,,,0,44,,38817,50,,,0,73,,38833,50,,,0,82,,49032,50,,,0,46,,38819,50,,,0,81,,38820,50,,,0,85,,49033,50,,,0,91,,38822,50,,,0,46,,38824,50,,,0,74,,38834,50,,,0,73,,38825,50,,,0,33,,38826,50,,,0,76,,38827,50,,,0,29,,38835,50,,,0,70,,38828,50,,,0,33,,38829,50,,,0,85,,38830,50,,,0,97,,38831,50,,,0,83,,38832,50,,,0
801,'5385',719,,54705,50,,,0,37,,54706,50,,,0,66,,54707,50,,,0,26,,54708,50,,,0,75,,54709,50,,,0,83,,54704,50,,,0,44,,54710,50,,,0,73,,54726,50,,,0,82,,54711,50,,,0,46,,54712,50,,,0,81,,54713,50,,,0,85,,54714,50,,,0,91,,54715,50,,,0,46,,54717,50,,,0,74,,54727,50,,,0,73,,54718,50,,,0,33,,54719,50,,,0,76,,54720,50,,,0,29,,54728,50,,,0,70,,54721,50,,,0,33,,54722,50,,,0,85,,54723,50,,,0,97,,54724,50,,,0,83,,54725,50,,,0
901,'4663',1723,,54735,39,,,0,79,,54733,39,,,0
901,'5372',1723,,38904,39,,,0,79,,38902,39,,,0
901,'5385',1723,,54738,39,,,0,79,,54736,39,,,0
2100,'4663',636,,56450,24,0,50 51 52,0,70,,56435,24,0,50 51 52,0,18,,56452,24,0,50 51 52,0,16,,56437,24,0,50 51 52,0,18,,56454,24,0,50 51 52,0,54,,56433,24,0,50 51 52,0,17,,56448,24,0,50 51 52,0,14,,56436,24,0,50 51 52,0,59,,56463,24,0,50 51 52,0,18,,56434,24,0,50 51 52,0,18,,56444,24,0,50 51 52,0,65,,56455,24,0,50 51 52,0,26,,56470,24,0,50 51 52,0,30,,56468,24,0,50 51 52,0,70,,56467,24,0,18 19,0,72,,56446,24,0,50 51 52,0,31,,56471,24,0,50 51 52,0,70,,56465,24,0,50 51 52,0,31,,56466,24,0,50 51 52,0,71,,56469,24,0,50 51 52,0,30,,56445,24,0,50 51 52,0,71,,56449,24,0,50 51 52,0,21,,56440,24,0,50 51 52,0,19,,56456,24,0,50 51 52,0,60,,56438,24,0,50 51 52,0,20,,56451,24,0,50 51 52,0,17,,56441,24,0,18 19,0,58,,56453,24,0,50 51 52,0,18,,56439,24,0,50 51 52,0,17,,56443,24,0,50 51 52,0,20,,56447,24,0,17,0,55,,56442,24,0,17,0,16,,56460,24,0,17,0,32,,56457,24,0,17,0,69,,56462,24,0,17,0,29,,56464,24,0,17,0,73,,56458,24,0,17,0,29,,56459,24,0,17,0
2100,'5372',636,,40959,24,0,50 51 52,0,70,,40944,24,0,50 51 52,0,18,,40961,24,0,50 51 52,0,16,,40946,24,0,50 51 52,0,18,,40963,24,0,50 51 52,0,54,,40942,24,0,50 51 52,0,17,,40957,24,0,50 51 52,0,14,,40945,24,0,50 51 52,0,59,,40972,24,0,50 51 52,0,18,,40943,24,0,50 51 52,0,18,,40953,24,0,50 51 52,0,65,,40964,24,0,50 51 52,0,26,,40979,24,0,50 51 52,0,30,,40977,24,0,50 51 52,0,70,,40976,24,0,18 19,0,72,,40955,24,0,50 51 52,0,31,,40980,24,0,50 51 52,0,70,,40974,24,0,50 51 52,0,31,,51661,24,0,50 51 52,0,71,,40978,24,0,50 51 52,0,30,,40954,24,0,50 51 52,0,71,,40958,24,0,50 51 52,0,21,,40949,24,0,50 51 52,0,19,,40965,24,0,50 51 52,0,60,,40947,24,0,50 51 52,0,20,,40960,24,0,50 51 52,0,17,,40950,24,0,18 19,0,58,,40962,24,0,50 51 52,0,18,,40948,24,0,50 51 52,0,17,,40952,24,0,50 51 52,0,20,,40956,24,0,17,0,55,,40951,24,0,17,0,16,,40969,24,0,17,0,32,,40966,24,0,17,0,69,,40971,24,0,17,0,29,,40973,24,0,17,0,73,,40967,24,0,17,0,29,,40968,24,0,17,0
2100,'5377',750,,41064,24,0,17,0,75,,41063,24,0,17,0,85,,41051,24,0,18 19,0,37,,41062,24,0,17,0,85,,41065,24,0,17,0,70,,41047,24,0,17,0,30,,41050,24,0,17,0,70,,41053,24,0,17,0,30,,49834,24,0,18 19,0,71,,41052,24,0,17,0,30,,41048,24,0,17,0,70,,41054,24,0,17,0,31,,41055,24,0,18 19,0,70,,41057,24,0,17,0,30,,41058,24,0,17,0,70,,41056,24,0,17,0,30,,41061,24,0,18 19,0,70,,41059,24,0,17,0,30,,41060,24,0,17,0,69,,41066,24,0,17,0,29,,41067,24,0,18 19,0,68,,41069,24,0,17,0,29,,41068,24,0,17,0,30,,41071,24,0,17,0,70,,41070,24,0,17,0
2100,'5383',724,,56491,24,0,17,0,86,,56498,24,0,17,0,40,,56482,24,0,18 19,0,71,,56492,24,0,17,0,79,,56475,24,0,17,0,31,,56493,24,0,17,0,73,,56477,24,0,17,0,31,,56487,24,0,17,0,70,,56472,24,0,17,0,32,,56473,24,0,18 19,0,70,,56494,24,0,17,0,31,,56478,24,0,17,0,70,,56486,24,0,17,0,28,,56474,24,0,18 19,0,72,,56476,24,0,17,0,30,,56495,24,0,17,0,69,,56479,24,0,17,0,30,,56488,24,0,18 19,0,70,,56480,24,0,17,0,30,,56481,24,0,17,0,69,,56497,24,0,17,0,30,,56483,24,0,18 19,0,68,,56489,24,0,17,0,29,,56484,24,0,17,0,68,,56485,24,0,17,0,28,,56496,24,0,17,0,30,,56490,24,0,17,0
2100,'5384',750,,56516,24,0,17,0,75,,56515,24,0,17,0,85,,56503,24,0,18 19,0,37,,56514,24,0,17,0,85,,56517,24,0,17,0,70,,56499,24,0,17,0,30,,56502,24,0,17,0,70,,56505,24,0,17,0,30,,56501,24,0,18 19,0,71,,56504,24,0,17,0,30,,56500,24,0,17,0,70,,56506,24,0,17,0,31,,56507,24,0,18 19,0,70,,56509,24,0,17,0,30,,56510,24,0,17,0,70,,56508,24,0,17,0,30,,56513,24,0,18 19,0,70,,56511,24,0,17,0,30,,56512,24,0,17,0,69,,56518,24,0,17,0,29,,56519,24,0,18 19,0,68,,56521,24,0,17,0,29,,56520,24,0,17,0,30,,56523,24,0,17,0,70,,56522,24,0,17,0
2100,'5385',636,,56541,24,0,50 51 52,0,70,,56526,24,0,50 51 52,0,18,,56543,24,0,50 51 52,0,16,,56528,24,0,50 51 52,0,18,,56545,24,0,50 51 52,0,54,,56524,24,0,50 51 52,0,17,,56539,24,0,50 51 52,0,14,,56527,24,0,50 51 52,0,59,,56554,24,0,50 51 52,0,18,,56525,24,0,50 51 52,0,18,,56535,24,0,50 51 52,0,65,,56546,24,0,50 51 52,0,26,,56561,24,0,50 51 52,0,30,,56559,24,0,50 51 52,0,70,,56558,24,0,18 19,0,72,,56537,24,0,50 51 52,0,31,,56562,24,0,50 51 52,0,70,,56556,24,0,50 51 52,0,31,,56557,24,0,50 51 52,0,71,,56560,24,0,50 51 52,0,30,,56536,24,0,50 51 52,0,71,,56540,24,0,50 51 52,0,21,,56531,24,0,50 51 52,0,19,,56547,24,0,50 51 52,0,60,,56529,24,0,50 51 52,0,20,,56542,24,0,50 51 52,0,17,,56532,24,0,18 19,0,58,,56544,24,0,50 51 52,0,18,,56530,24,0,50 51 52,0,17,,56534,24,0,50 51 52,0,20,,56538,24,0,17,0,55,,56533,24,0,17,0,16,,56551,24,0,17,0,32,,56548,24,0,17,0,69,,56553,24,0,17,0,29,,56555,24,0,17,0,73,,56549,24,0,17,0,29,,56550,24,0,17,0
