4700,'4623',641,,72836,34,,,0,68,,72835,34,,,0,26,,72834,34,,,0
4700,'5222',641,,72839,34,,,0,68,,72838,34,,,0,26,,72837,34,,,0
4701,'4623',1655,,72842,28,,,0,68,,72840,28,,,0,29,,72841,28,,,0
4701,'5222',1655,,72845,28,,,0,68,,72843,28,,,0,29,,72844,28,,,0
5701,'4623',602,,73727,10,,,0,50,,73728,10,,,0,84,,73726,10,,,0,88,,73737,10,,,0,83,,73729,10,,,0,47,,73736,10,,,0,85,,73731,10,,,0,86,,73738,10,,,0,85,,73730,10,,,0,45,,73739,10,,,0,86,,73732,10,,,0,88,,73740,10,,,0,100,,73733,10,,,0,72,,73741,10,,,0,43,,73734,10,,,0,87,,73743,10,,,0,87,,73735,10,,,0,88,,73742,10,,,0,99,,73744,10,,,0,116,,73746,10,,,0,109,,73745,10,,,0
5701,'4833',629,,73758,10,,,0,107,,73748,10,,,0,97,,73759,10,,,0,105,,73762,10,,,0,102,,73760,10,,,0,107,,73761,10,,,0,110,,73747,10,,,0,100,,73753,10,,,0,150,,73757,10,,,0,101,,73754,10,,,0,108,,73749,10,,,0,91,,73751,10,,,0,113,,73755,10,,,0,100,,73756,10,,,0,99,,73752,10,,,0,113,,73750,10,,,0
5701,'5015',629,,73774,10,,,0,107,,73764,10,,,0,97,,73775,10,,,0,105,,73778,10,,,0,102,,73776,10,,,0,107,,73777,10,,,0,110,,73763,10,,,0,100,,73769,10,,,0,150,,73773,10,,,0,101,,73770,10,,,0,108,,73765,10,,,0,91,,73767,10,,,0,113,,73771,10,,,0,100,,73772,10,,,0,99,,73768,10,,,0,113,,73766,10,,,0
5701,'5078',736,,60300,10,,,0,99,,60297,10,,,0,105,,60299,10,,,0,100,,60298,10,,,0,107,,60301,10,,,0,110,,60304,10,,,0,100,,60302,10,,,0,150,,60305,10,,,0,100,,60303,10,,,0,109,,60309,10,,,0,90,,60311,10,,,0,113,,60310,10,,,0,100,,60308,10,,,0,100,,60307,10,,,0,85,,60306,10,,,0
5701,'5222',602,,73780,10,,,0,50,,73781,10,,,0,84,,73779,10,,,0,88,,73790,10,,,0,83,,73782,10,,,0,47,,73789,10,,,0,85,,73784,10,,,0,86,,73791,10,,,0,85,,73783,10,,,0,45,,73792,10,,,0,86,,73785,10,,,0,88,,73793,10,,,0,100,,73786,10,,,0,72,,73794,10,,,0,43,,73787,10,,,0,87,,73796,10,,,0,87,,73788,10,,,0,88,,73795,10,,,0,99,,73797,10,,,0,116,,73799,10,,,0,109,,73798,10,,,0
5701,'5365',736,,73803,10,,,0,99,,73800,10,,,0,105,,73802,10,,,0,100,,73801,10,,,0,107,,73804,10,,,0,110,,73807,10,,,0,100,,73805,10,,,0,150,,73808,10,,,0,100,,73806,10,,,0,109,,73812,10,,,0,90,,73814,10,,,0,113,,73813,10,,,0,100,,73811,10,,,0,100,,73810,10,,,0,85,,73809,10,,,0
5701,'5390',736,,73818,10,,,0,99,,73815,10,,,0,105,,73817,10,,,0,100,,73816,10,,,0,107,,73819,10,,,0,110,,73822,10,,,0,100,,73820,10,,,0,150,,73823,10,,,0,100,,73821,10,,,0,109,,73827,10,,,0,90,,73829,10,,,0,113,,73828,10,,,0,100,,73826,10,,,0,100,,73825,10,,,0,85,,73824,10,,,0
