7000,'4623',511,,74797,16,,,0,92,,74787,16,,,0,52,,74784,16,,,0,103,,74788,16,,,0,101,,74782,16,,,0,83,,74798,16,,,0,17,,74785,16,,,0,99,,74796,16,,,0,82,,74799,16,,,0,16,,74794,16,,,0,100,,74783,16,,,0,82,,74800,16,,,0,18,,74790,16,,,0,100,,74792,16,,,0,79,,74801,16,,,0,18,,74786,16,,,0,103,,74789,16,,,0,87,,74802,16,,,0,59,,74791,16,,,0,57,,74803,16,,,0,142,,74793,16,,,0,209,,74795,16,,,0
7000,'4833',509,,74825,16,,,0,95,,74824,16,,,0,100,,74826,16,,,0,44,,74805,16,,,0,54,,74806,16,,,0,98,,74807,16,,,0,47,,74808,16,,,0,53,,74804,16,,,0,58,,74809,16,,,0,84,,74810,16,,,0,16,,74811,16,,,0,83,,74827,16,,,0,16,,74812,16,,,0,85,,74813,16,,,0,15,,74814,16,,,0,101,,74815,16,,,0,84,,74816,16,,,0,15,,74817,16,,,0,83,,74828,16,,,0,18,,74818,16,,,0,84,,74819,16,,,0,17,,74820,16,,,0,84,,74829,16,,,0,59,,74823,16,,,0,45,,74830,16,,,0,55,,74821,16,,,0,212,,74822,16,,,0
7000,'5015',509,,74852,16,,,0,95,,74851,16,,,0,100,,74853,16,,,0,44,,74832,16,,,0,54,,74833,16,,,0,98,,74834,16,,,0,47,,74835,16,,,0,53,,74831,16,,,0,58,,74836,16,,,0,84,,74837,16,,,0,16,,74838,16,,,0,99,,74839,16,,,0,85,,74840,16,,,0,15,,74841,16,,,0,101,,74842,16,,,0,84,,74843,16,,,0,15,,74844,16,,,0,101,,74845,16,,,0,84,,74846,16,,,0,17,,74847,16,,,0,143,,74850,16,,,0,100,,74848,16,,,0,212,,74849,16,,,0
7000,'5078',606,,61106,16,,,0,99,,61120,16,,,0,98,,61100,16,,,0,99,,61119,16,,,0,44,,61101,16,,,0,54,,61102,16,,,0,100,,61103,16,,,0,43,,61104,16,,,0,16,,61105,16,,,0,100,,61107,16,,,0,83,,61108,16,,,0,16,,61109,16,,,0,101,,61110,16,,,0,84,,61111,16,,,0,15,,61112,16,,,0,100,,61113,16,,,0,86,,61114,16,,,0,57,,61115,16,,,0,101,,61116,16,,,0,101,,61117,16,,,0,100,,61121,16,,,0,111,,61118,16,,,0
7000,'5222',511,,74869,16,,,0,92,,74859,16,,,0,52,,74856,16,,,0,103,,74860,16,,,0,101,,74854,16,,,0,83,,74870,16,,,0,17,,74857,16,,,0,99,,74868,16,,,0,82,,74871,16,,,0,16,,74866,16,,,0,100,,74855,16,,,0,82,,74872,16,,,0,18,,74862,16,,,0,100,,74864,16,,,0,79,,74873,16,,,0,18,,74858,16,,,0,103,,74861,16,,,0,87,,74874,16,,,0,59,,74863,16,,,0,57,,74875,16,,,0,142,,74865,16,,,0,209,,74867,16,,,0
7000,'5365',606,,74882,16,,,0,99,,74896,16,,,0,98,,74876,16,,,0,99,,74895,16,,,0,44,,74877,16,,,0,54,,74878,16,,,0,100,,74879,16,,,0,43,,74880,16,,,0,16,,74881,16,,,0,84,,74898,16,,,0,16,,74883,16,,,0,83,,74884,16,,,0,16,,74885,16,,,0,101,,74886,16,,,0,84,,74887,16,,,0,15,,74888,16,,,0,100,,74889,16,,,0,86,,74890,16,,,0,57,,74891,16,,,0,101,,74892,16,,,0,101,,74893,16,,,0,100,,74897,16,,,0,111,,74894,16,,,0
7000,'5390',606,,74905,16,,,0,99,,74919,16,,,0,44,,74922,16,,,0,54,,74899,16,,,0,44,,74923,16,,,0,55,,74918,16,,,0,44,,74900,16,,,0,54,,74901,16,,,0,45,,74924,16,,,0,55,,74902,16,,,0,43,,74903,16,,,0,16,,74904,16,,,0,84,,74921,16,,,0,16,,74906,16,,,0,84,,74907,16,,,0,15,,74908,16,,,0,86,,74925,16,,,0,15,,74909,16,,,0,84,,74910,16,,,0,15,,74911,16,,,0,82,,74926,16,,,0,18,,74912,16,,,0,86,,74913,16,,,0,57,,74914,16,,,0,44,,74927,16,,,0,57,,74915,16,,,0,44,,74928,16,,,0,57,,74916,16,,,0,100,,74920,16,,,0,111,,74917,16,,,0
7100,'4623',1529,,75027,16,,,0,105,,75028,16,,,0,105,,75029,16,,,0
7100,'5222',1529,,75030,16,,,0,105,,75031,16,,,0,105,,75032,16,,,0
7200,'4623',541,,75063,16,,,0,69,,75057,16,,,0,36,,75046,16,,,0,68,,75062,16,,,0,28,,75069,16,,,0,71,,75050,16,,,0,31,,75064,16,,,0,70,,75058,16,,,0,30,,75042,16,,,0,72,,75065,16,,,0,29,,75054,16,,,0,70,,75048,16,,,0,28,,75040,16,,,0,70,,75041,16,,,0,29,,75047,16,,,0,70,,75039,16,,,0,28,,75070,16,,,0,70,,75043,16,,,0,29,,75051,16,,,0,69,,75045,16,,,0,30,,75044,16,,,0,68,,75049,16,,,0,31,,75052,16,,,0,72,,75071,16,,,0,36,,75059,16,,,0,69,,75053,16,,,0,31,,75056,16,,,0,70,,75055,16,,,0,30,,75061,16,,,0,73,,75067,16,,,0,31,,75060,16,,,0,99,,75066,16,,,0,101,,75068,16,,,0,158,,75072,16,0,10 11 12,0
7200,'4833',553,,75073,16,,,0,97,,75074,16,,,0,73,,75075,16,,,0,27,,75076,16,,,0,69,,75077,16,,,0,30,,75078,16,,,0,70,,75079,16,,,0,30,,75080,16,,,0,70,,75081,16,,,0,27,,75082,16,,,0,70,,75083,16,,,0,30,,75084,16,,,0,69,,75085,16,,,0,30,,75086,16,,,0,69,,75087,16,,,0,30,,75088,16,,,0,70,,75089,16,,,0,30,,75090,16,,,0,70,,75091,16,,,0,30,,75092,16,,,0,70,,75093,16,,,0,30,,75094,16,,,0,70,,75095,16,,,0,31,,75096,16,,,0,70,,75097,16,,,0,30,,75098,16,,,0,71,,75099,16,,,0,32,,75100,16,,,0,70,,75101,16,,,0,30,,75102,16,,,0,99,,75103,16,,,0,102,,75104,16,,,0,160,,75105,16,0,10 11 12,0
7200,'5015',553,,75106,16,,,0,97,,75107,16,,,0,73,,75108,16,,,0,27,,75109,16,,,0,69,,75110,16,,,0,30,,75111,16,,,0,70,,75112,16,,,0,30,,75113,16,,,0,70,,75114,16,,,0,27,,75115,16,,,0,70,,75116,16,,,0,30,,75117,16,,,0,69,,75118,16,,,0,30,,75119,16,,,0,69,,75120,16,,,0,30,,75121,16,,,0,70,,75122,16,,,0,30,,75123,16,,,0,70,,75124,16,,,0,30,,75125,16,,,0,70,,75126,16,,,0,30,,75127,16,,,0,70,,75128,16,,,0,31,,75129,16,,,0,70,,75130,16,,,0,30,,75131,16,,,0,71,,75132,16,,,0,32,,75133,16,,,0,70,,75134,16,,,0,30,,75135,16,,,0,99,,75136,16,,,0,102,,75137,16,,,0,160,,75138,16,0,10 11 12,0
7200,'5078',651,,61293,16,,,0,99,,61294,16,,,0,100,,61297,16,,,0,98,,61295,16,,,0,98,,61296,16,,,0,70,,61298,16,,,0,29,,61299,16,,,0,70,,61300,16,,,0,29,,61301,16,,,0,70,,61302,16,,,0,30,,61303,16,,,0,70,,61304,16,,,0,30,,61305,16,,,0,70,,61306,16,,,0,30,,61307,16,,,0,70,,61308,16,,,0,30,,61309,16,,,0,71,,61310,16,,,0,31,,61311,16,,,0,71,,61312,16,,,0,30,,61313,16,,,0,70,,61314,16,,,0,32,,61315,16,,,0,99,,61316,16,,,0,101,,61317,16,,,0,103,,61318,16,,,0,76,,61319,16,0,10 11 12,0
7200,'5222',541,,75163,16,,,0,69,,75157,16,,,0,36,,75146,16,,,0,68,,75162,16,,,0,28,,75169,16,,,0,71,,75150,16,,,0,31,,75164,16,,,0,70,,75158,16,,,0,30,,75142,16,,,0,72,,75165,16,,,0,29,,75154,16,,,0,70,,75148,16,,,0,28,,75140,16,,,0,70,,75141,16,,,0,29,,75147,16,,,0,70,,75139,16,,,0,28,,75170,16,,,0,70,,75143,16,,,0,29,,75151,16,,,0,69,,75145,16,,,0,30,,75144,16,,,0,68,,75149,16,,,0,31,,75152,16,,,0,72,,75171,16,,,0,36,,75159,16,,,0,69,,75153,16,,,0,31,,75156,16,,,0,70,,75155,16,,,0,30,,75161,16,,,0,73,,75167,16,,,0,31,,75160,16,,,0,99,,75166,16,,,0,101,,75168,16,,,0,158,,75172,16,0,10 11 12,0
7200,'5365',651,,75173,16,,,0,99,,75174,16,,,0,100,,75177,16,,,0,98,,75175,16,,,0,98,,75176,16,,,0,70,,75178,16,,,0,29,,75179,16,,,0,70,,75180,16,,,0,29,,75181,16,,,0,70,,75182,16,,,0,30,,75183,16,,,0,70,,75184,16,,,0,30,,75185,16,,,0,70,,75186,16,,,0,30,,75187,16,,,0,70,,75188,16,,,0,30,,75189,16,,,0,71,,75190,16,,,0,31,,75191,16,,,0,71,,75192,16,,,0,30,,75193,16,,,0,70,,75194,16,,,0,32,,75195,16,,,0,99,,75196,16,,,0,101,,75197,16,,,0,103,,75198,16,,,0,76,,75199,16,0,10 11 12,0
7200,'5390',651,,75200,16,,,0,99,,75201,16,,,0,100,,75204,16,,,0,98,,75202,16,,,0,98,,75203,16,,,0,70,,75205,16,,,0,29,,75206,16,,,0,70,,75207,16,,,0,29,,75208,16,,,0,70,,75209,16,,,0,30,,75210,16,,,0,70,,75211,16,,,0,30,,75212,16,,,0,70,,75213,16,,,0,30,,75214,16,,,0,70,,75215,16,,,0,30,,75216,16,,,0,71,,75217,16,,,0,31,,75218,16,,,0,71,,75219,16,,,0,30,,75220,16,,,0,70,,75221,16,,,0,32,,75222,16,,,0,99,,75223,16,,,0,101,,75224,16,,,0,103,,75225,16,,,0,76,,75226,16,0,10 11 12,0
7500,'4623',516,,75416,18,0,13 14,0,18,,75417,18,0,13 14,0,17,,75418,18,0,13 14,0,59,,75419,18,0,13 14,0,17,,75415,18,0,13 14,0,18,,75420,18,0,13 14,0,55,,75421,18,0,13 14,0,16,,75422,18,0,13 14,0,16,,75423,18,0,13 14,0,23,,75424,18,0,13 14,0,63,,75425,18,0,13 14,0,26,,75426,18,0,13 14,0,69,,75427,18,0,13 14,0,34,,75428,18,0,13 14,0,67,,75429,18,0,13 14,0,30,,75430,18,0,13 14,0,68,,75431,18,0,13 14,0,30,,75432,18,0,13 14,0,70,,75433,18,0,13 14,0,30,,75434,18,0,13 14,0,69,,75435,18,0,13 14,0,30,,75436,18,0,13 14,0,63,,75437,18,0,13 14,0,31,,75438,18,0,13 14,0,74,,75439,18,0,13 14,0,28,,75440,18,0,13 14,0,71,,75441,18,0,13 14,0,26,,75442,18,0,13 14,0,20,,75443,18,0,13 14,0,61,,75444,18,0,13 14,0,18,,75445,18,0,13 14,0,21,,75446,18,0,13 14,0,59,,75447,18,0,13 14,0,28,,75448,18,0,13 14,0,76,,75449,18,0,13 14,0,109,,75450,18,0,13 14,0,96,,75451,18,0,13 14,0,104,,75452,18,0,13 14,0,109,,75453,18,0,13 14,0
7500,'4833',630,,75455,18,0,13 14,0,93,,75456,18,0,13 14,0,98,,75457,18,0,13 14,0,33,,75477,18,0,47 48,0,62,,75454,18,0,13 14,0,31,,75478,18,0,47 48,0,55,,75482,18,0,47 48,0,12,,75458,18,0,13 14,0,33,,75479,18,0,47 48,0,55,,75483,18,0,47 48,0,12,,75459,18,0,13 14,0,30,,75460,18,0,13 14,0,58,,75484,18,0,47 48,0,13,,75461,18,0,13 14,0,29,,75462,18,0,13 14,0,59,,75485,18,0,47 48,0,12,,75463,18,0,13 14,0,24,,75464,18,0,13 14,0,76,,75465,18,0,13 14,0,30,,75466,18,0,13 14,0,70,,75467,18,0,13 14,0,31,,75468,18,0,13 14,0,70,,75469,18,0,13 14,0,28,,75480,18,0,47 48,0,71,,75486,18,0,47 48,0,1,,75470,18,0,13 14,0,33,,75481,18,0,47 48,0,69,,75471,18,0,13 14,0,101,,75472,18,0,13 14,0,102,,75473,18,0,13 14,0,98,,75474,18,0,13 14,0,106,,75475,18,0,13 14,0,102,,75476,18,0,13 14,0
7500,'5015',630,,75488,18,0,13 14,0,93,,75489,18,0,13 14,0,98,,75490,18,0,13 14,0,33,,75510,18,0,47 48,0,62,,75487,18,0,13 14,0,31,,75511,18,0,47 48,0,55,,75515,18,0,47 48,0,12,,75491,18,0,13 14,0,33,,75512,18,0,47 48,0,55,,75516,18,0,47 48,0,12,,75492,18,0,13 14,0,30,,75493,18,0,13 14,0,58,,75517,18,0,47 48,0,13,,75494,18,0,13 14,0,29,,75495,18,0,13 14,0,59,,75518,18,0,47 48,0,12,,75496,18,0,13 14,0,24,,75497,18,0,13 14,0,76,,75498,18,0,13 14,0,30,,75499,18,0,13 14,0,70,,75500,18,0,13 14,0,31,,75501,18,0,13 14,0,70,,75502,18,0,13 14,0,28,,75513,18,0,47 48,0,71,,75519,18,0,47 48,0,1,,75503,18,0,13 14,0,33,,75514,18,0,47 48,0,69,,75504,18,0,13 14,0,101,,75505,18,0,13 14,0,102,,75506,18,0,13 14,0,98,,75507,18,0,13 14,0,106,,75508,18,0,13 14,0,102,,75509,18,0,13 14,0
7500,'5078',624,,61556,18,0,13 14,0,99,,61557,18,0,13 14,0,101,,61558,18,0,13 14,0,33,,61577,18,0,47 48,0,60,,61559,18,0,13 14,0,33,,61578,18,0,47 48,0,65,,61560,18,0,13 14,0,43,,61579,18,0,47 48,0,57,,61561,18,0,13 14,0,30,,61562,18,0,13 14,0,70,,61563,18,0,13 14,0,29,,61564,18,0,13 14,0,70,,61565,18,0,13 14,0,30,,61566,18,0,13 14,0,70,,61567,18,0,13 14,0,30,,61568,18,0,13 14,0,70,,61569,18,0,13 14,0,100,,61570,18,0,13 14,0,101,,61571,18,0,13 14,0,103,,61572,18,0,13 14,0,103,,61573,18,0,13 14,0,104,,61574,18,0,13 14,0,97,,61575,18,0,13 14,0,134,,61576,18,0,13 14,0
7500,'5222',516,,75521,18,0,13 14,0,18,,75522,18,0,13 14,0,17,,75523,18,0,13 14,0,59,,75524,18,0,13 14,0,17,,75520,18,0,13 14,0,18,,75525,18,0,13 14,0,55,,75526,18,0,13 14,0,16,,75527,18,0,13 14,0,16,,75528,18,0,13 14,0,23,,75529,18,0,13 14,0,63,,75530,18,0,13 14,0,26,,75531,18,0,13 14,0,69,,75532,18,0,13 14,0,34,,75533,18,0,13 14,0,67,,75534,18,0,13 14,0,30,,75535,18,0,13 14,0,68,,75536,18,0,13 14,0,30,,75537,18,0,13 14,0,70,,75538,18,0,13 14,0,30,,75539,18,0,13 14,0,69,,75540,18,0,13 14,0,30,,75541,18,0,13 14,0,63,,75542,18,0,13 14,0,31,,75543,18,0,13 14,0,74,,75544,18,0,13 14,0,28,,75545,18,0,13 14,0,71,,75546,18,0,13 14,0,26,,75547,18,0,13 14,0,20,,75548,18,0,13 14,0,61,,75549,18,0,13 14,0,18,,75550,18,0,13 14,0,21,,75551,18,0,13 14,0,59,,75552,18,0,13 14,0,28,,75553,18,0,13 14,0,76,,75554,18,0,13 14,0,109,,75555,18,0,13 14,0,96,,75556,18,0,13 14,0,104,,75557,18,0,13 14,0,109,,75558,18,0,13 14,0
7500,'5365',624,,75559,18,0,13 14,0,99,,75560,18,0,13 14,0,101,,75561,18,0,13 14,0,33,,75580,18,0,47 48,0,60,,75562,18,0,13 14,0,23,,75581,18,0,47 48,0,60,,75583,18,0,47 48,0,15,,75563,18,0,13 14,0,43,,75582,18,0,47 48,0,57,,75564,18,0,13 14,0,18,,75584,18,0,47 48,0,12,,75565,18,0,13 14,0,70,,75566,18,0,13 14,0,29,,75567,18,0,13 14,0,70,,75568,18,0,13 14,0,15,,75585,18,0,47 48,0,15,,75569,18,0,13 14,0,70,,75570,18,0,13 14,0,15,,75586,18,0,47 48,0,15,,75571,18,0,13 14,0,70,,75572,18,0,13 14,0,100,,75573,18,0,13 14,0,101,,75574,18,0,13 14,0,19,,75587,18,0,47 48,0,84,,75575,18,0,13 14,0,103,,75576,18,0,13 14,0,104,,75577,18,0,13 14,0,97,,75578,18,0,13 14,0,134,,75579,18,0,13 14,0
7500,'5390',624,,75588,18,0,13 14,0,99,,75589,18,0,13 14,0,101,,75590,18,0,13 14,0,33,,75609,18,0,47 48,0,60,,75591,18,0,13 14,0,23,,75610,18,0,47 48,0,60,,75612,18,0,47 48,0,15,,75592,18,0,13 14,0,43,,75611,18,0,47 48,0,57,,75593,18,0,13 14,0,18,,75613,18,0,47 48,0,12,,75594,18,0,13 14,0,70,,75595,18,0,13 14,0,29,,75596,18,0,13 14,0,70,,75597,18,0,13 14,0,15,,75614,18,0,47 48,0,15,,75598,18,0,13 14,0,70,,75599,18,0,13 14,0,15,,75615,18,0,47 48,0,15,,75600,18,0,13 14,0,70,,75601,18,0,13 14,0,100,,75602,18,0,13 14,0,101,,75603,18,0,13 14,0,19,,75616,18,0,47 48,0,84,,75604,18,0,13 14,0,103,,75605,18,0,13 14,0,104,,75606,18,0,13 14,0,97,,75607,18,0,13 14,0,134,,75608,18,0,13 14,0
