401,'4332',702,,53548,10,,,0,20,,53557,10,,,0,20,,53530,10,,,0,58,,53540,10,,,0,17,,53550,10,,,0,16,,53520,10,,,0,16,,53538,10,,,0,56,,53539,10,,,0,15,,53553,10,,,0,15,,53514,10,,,0,15,,53526,10,,,0,55,,53528,10,,,0,15,,53577,10,,,0,15,,53542,10,,,0,15,,53555,10,,,0,55,,53515,10,,,0,14,,53524,10,,,0,15,,53536,10,,,0,15,,53547,10,,,0,55,,53552,10,,,0,15,,53516,10,,,0,16,,53525,10,,,0,15,,53531,10,,,0,55,,53549,10,,,0,16,,53556,10,,,0,16,,53529,10,,,0,15,,53521,10,,,0,56,,53532,10,,,0,16,,53545,10,,,0,16,,53551,10,,,0,16,,53517,10,,,0,56,,53523,10,,,0,15,,53518,10,,,0,16,,53541,10,,,0,16,,53554,10,,,0,57,,53534,10,,,0,17,,53522,10,,,0,16,,53519,10,,,0,56,,53544,10,,,0,15,,53546,10,,,0,17,,53527,10,,,0,18,,53533,10,,,0,59,,53535,10,,,0,18,,53543,10,,,0,19,,53537,10,,,0,58,,53559,10,,,0,18,,53558,10,,,0,18,,53560,10,,,0,58,,53564,10,,,0,18,,53565,10,,,0,18,,53567,10,,,0,18,,53568,10,,,0,58,,53566,10,,,0,18,,53570,10,,,0,25,,53574,10,,,0,63,,53569,10,,,0,30,,53572,10,,,0,72,,53571,10,,,0,31,,53575,10,,,0,71,,53573,10,,,0,30,,53576,10,,,0,70,,53563,10,,,0,31,,53562,10,,,0,70,,53561,10,,,0
401,'4661',554,,53656,10,,,0,57,,53665,10,,,0,20,,53674,10,,,0,15,,53641,10,,,0,54,,53658,10,,,0,13,,53648,10,,,0,15,,53659,10,,,0,15,,53642,10,,,0,13,,53645,10,,,0,56,,53657,10,,,0,15,,53688,10,,,0,14,,53661,10,,,0,14,,53689,10,,,0,57,,53673,10,,,0,15,,53655,10,,,0,15,,53690,10,,,0,15,,53660,10,,,0,55,,53676,10,,,0,15,,53629,10,,,0,14,,53684,10,,,0,15,,53654,10,,,0,55,,53668,10,,,0,16,,53666,10,,,0,15,,53634,10,,,0,15,,53687,10,,,0,55,,53681,10,,,0,15,,53663,10,,,0,14,,53626,10,,,0,13,,53677,10,,,0,55,,53685,10,,,0,16,,53662,10,,,0,15,,53692,10,,,0,15,,53664,10,,,0,54,,53669,10,,,0,15,,53652,10,,,0,12,,53650,10,,,0,15,,53679,10,,,0,55,,53649,10,,,0,16,,53646,10,,,0,15,,53651,10,,,0,16,,53686,10,,,0,55,,53691,10,,,0,14,,53693,10,,,0,15,,53667,10,,,0,16,,53672,10,,,0,53,,53647,10,,,0,15,,53678,10,,,0,16,,53675,10,,,0,15,,53653,10,,,0,55,,53680,10,,,0,16,,53683,10,,,0,16,,53682,10,,,0,16,,53671,10,,,0,55,,53670,10,,,0,16,,53633,10,,,0,15,,53627,10,,,0,16,,53632,10,,,0,58,,53635,10,,,0,17,,53638,10,,,0,17,,53639,10,,,0,57,,53631,10,,,0,20,,53630,10,,,0,20,,53636,10,,,0,85,,53628,10,,,0,24,,53637,10,,,0,69,,53640,10,,,0,31,,53643,10,,,0,71,,53644,10,,,0
401,'4663',554,,53474,10,,,0,57,,53483,10,,,0,20,,53492,10,,,0,15,,53455,10,,,0,54,,53476,10,,,0,13,,53466,10,,,0,15,,53477,10,,,0,15,,53457,10,,,0,13,,53461,10,,,0,56,,53475,10,,,0,15,,53506,10,,,0,14,,53479,10,,,0,14,,53507,10,,,0,57,,53491,10,,,0,15,,53473,10,,,0,15,,53508,10,,,0,15,,53478,10,,,0,55,,53494,10,,,0,15,,53442,10,,,0,14,,53502,10,,,0,15,,53472,10,,,0,55,,53486,10,,,0,16,,53484,10,,,0,15,,53447,10,,,0,15,,53505,10,,,0,55,,53499,10,,,0,15,,53481,10,,,0,14,,53439,10,,,0,13,,53495,10,,,0,55,,53503,10,,,0,16,,53480,10,,,0,15,,53510,10,,,0,15,,53482,10,,,0,54,,53487,10,,,0,15,,53470,10,,,0,12,,53468,10,,,0,15,,53497,10,,,0,55,,53467,10,,,0,16,,53464,10,,,0,15,,53469,10,,,0,16,,53504,10,,,0,55,,53509,10,,,0,14,,53511,10,,,0,15,,53485,10,,,0,16,,53490,10,,,0,53,,53465,10,,,0,15,,53496,10,,,0,16,,53493,10,,,0,15,,53471,10,,,0,55,,53498,10,,,0,16,,53501,10,,,0,16,,53500,10,,,0,16,,53489,10,,,0,55,,53488,10,,,0,16,,53446,10,,,0,15,,53440,10,,,0,16,,53445,10,,,0,58,,53448,10,,,0,17,,53451,10,,,0,17,,53452,10,,,0,57,,53444,10,,,0,20,,53443,10,,,0,20,,53449,10,,,0,60,,53454,10,,,0,25,,53441,10,,,0,24,,53450,10,,,0,69,,53453,10,,,0,31,,53458,10,,,0,71,,53459,10,,,0,30,,53460,10,,,0,71,,53462,10,,,0,30,,53456,10,,,0,70,,53463,10,,,0
401,'4682',2206,,53695,10,,,0
401,'5078',725,,53578,10,,,0,30,,53579,10,,,0,71,,53580,10,,,0,29,,53581,10,,,0,68,,53582,10,,,0,30,,53583,10,,,0,59,,53584,10,,,0,19,,53585,10,,,0,20,,53586,10,,,0,59,,53587,10,,,0,20,,53588,10,,,0,20,,53589,10,,,0,59,,53590,10,,,0,20,,53591,10,,,0,19,,53592,10,,,0,60,,53593,10,,,0,20,,53594,10,,,0,17,,53622,10,,,0,58,,53595,10,,,0,16,,53596,10,,,0,16,,53597,10,,,0,16,,53598,10,,,0,57,,53624,10,,,0,17,,53599,10,,,0,16,,53600,10,,,0,16,,53601,10,,,0,57,,53602,10,,,0,16,,53623,10,,,0,16,,53603,10,,,0,57,,53604,10,,,0,17,,53605,10,,,0,19,,53606,10,,,0,19,,53607,10,,,0,58,,53608,10,,,0,18,,53609,10,,,0,19,,53610,10,,,0,58,,53611,10,,,0,19,,53625,10,,,0,18,,53612,10,,,0,60,,53613,10,,,0,20,,53614,10,,,0,24,,53615,10,,,0,71,,53616,10,,,0,32,,53617,10,,,0,69,,53618,10,,,0,32,,53619,10,,,0,71,,53620,10,,,0,29,,53621,10,0,23 49,0
401,'5387',2206,,53694,10,,,0
801,'4332',726,,54679,22,0,8 9,0,85,,54680,22,0,8 9,0,45,,54681,22,0,8 9,0,87,,54682,22,0,8 9,0,85,,54683,22,0,8 9,0,92,,54684,22,0,8 9,0,88,,54685,22,0,8 9,0,51,,54686,22,0,8 9,0,92,,54678,22,0,8 9,0,90,,54687,22,0,8 9,0,92,,54688,22,0,8 9,0,90,,54689,22,0,8 9,0,90,,54690,22,0,8 9,0,46,,54691,22,0,8 9,0,84,,54692,22,0,8 9,0
801,'4661',651,,54705,22,,,0,76,,54706,22,,,0,24,,54707,22,,,0,66,,54708,22,,,0,35,,54709,22,,,0,85,,54704,22,,,0,84,,54710,22,,,0,32,,54726,22,,,0,82,,54711,22,,,0,85,,54712,22,,,0,39,,54713,22,,,0,85,,54714,22,,,0,88,,54715,22,,,0,69,,54716,22,0,8 9,0,16,,54717,22,,,0,32,,54727,22,,,0,73,,54718,22,,,0,36,,54719,22,,,0,83,,54720,22,,,0,70,,54728,22,,,0,31,,54721,22,,,0,74,,54722,22,,,0,87,,54723,22,,,0,97,,54724,22,,,0,44,,54725,22,,,0
801,'4663',651,,54654,22,,,0,76,,54655,22,,,0,24,,54656,22,,,0,66,,54657,22,,,0,35,,54658,22,,,0,85,,54653,22,,,0,84,,54659,22,,,0,32,,54675,22,,,0,82,,54660,22,,,0,85,,54661,22,,,0,39,,54662,22,,,0,85,,54663,22,,,0,88,,54664,22,,,0,69,,54665,22,0,8 9,0,16,,54666,22,,,0,32,,54676,22,,,0,73,,54667,22,,,0,36,,54668,22,,,0,83,,54669,22,,,0,70,,54677,22,,,0,31,,54670,22,,,0,74,,54671,22,,,0,87,,54672,22,,,0,97,,54673,22,,,0,44,,54674,22,,,0
801,'5078',942,,54694,22,0,8 9,0,86,,54695,22,0,8 9,0,91,,54696,22,0,8 9,0,88,,54697,22,0,8 9,0,50,,54693,22,0,8 9,0,92,,54698,22,0,8 9,0,91,,54699,22,0,8 9,0,92,,54700,22,0,8 9,0,90,,54701,22,0,8 9,0,90,,54702,22,0,8 9,0,46,,54703,22,0,8 9,0
901,'4661',1504,,54737,10,0,24 49,0,146,,54738,10,,,0,83,,54736,10,,,0
901,'4663',1504,,54734,10,0,24 49,0,146,,54735,10,,,0,83,,54733,10,,,0
