2800,'4663',543,,58128,7,,,0,66,,58131,33,,,0,24,,58127,33,,,0,22,,58126,33,,,0,51,,58129,33,,,0,12,,58149,33,,,0,12,,58130,33,,,0,12,,58157,7,,,0,11,,58134,33,,,0,53,,58145,33,,,0,11,,58135,33,,,0,22,,58132,33,,,0,61,,58133,33,,,0,25,,58175,33,,,0,22,,58136,33,,,0,66,,58137,33,,,0,26,,58150,33,,,0,66,,58155,33,,,0,27,,58142,33,,,0,27,,58138,33,,,0,64,,58139,33,,,0,27,,58141,33,,,0,66,,58140,33,,,0,27,,58148,33,,,0,66,,58156,33,,,0,24,,58144,33,,,0,24,,58143,33,,,0,62,,58168,33,,,0,35,,58147,33,,,0,72,,58146,33,,,0,32,,58169,33,,,0,72,,58164,33,,,0,29,,58170,33,,,0,70,,58151,33,,,0,16,,58171,33,,,0,57,,58158,33,,,0,22,,58154,33,,,0,25,,58152,33,,,0,67,,58153,33,,,0,29,,58163,33,,,0,68,,58160,33,,,0,29,,58162,33,,,0,69,,58161,33,,,0,30,,58159,33,,,0,79,,58166,33,,,0,38,,58167,33,,,0,80,,58165,33,,,0,81,,58172,33,,,0,39,,58174,33,,,0,80,,58173,33,,,0
2800,'5372',543,,42945,7,,,0,66,,58177,33,,,0,24,,42944,33,,,0,22,,42943,33,,,0,51,,42946,33,,,0,12,,42965,33,,,0,12,,58176,33,,,0,12,,42973,7,,,0,11,,42951,33,,,0,53,,42962,33,,,0,11,,42952,33,,,0,22,,42949,33,,,0,61,,58178,33,,,0,25,,42988,33,,,0,22,,42953,33,,,0,66,,42954,33,,,0,26,,58181,33,,,0,66,,42971,33,,,0,27,,42959,33,,,0,27,,58179,33,,,0,64,,42956,33,,,0,27,,42958,33,,,0,66,,42957,33,,,0,27,,58180,33,,,0,66,,42972,33,,,0,24,,42961,33,,,0,24,,42960,33,,,0,62,,58182,33,,,0,35,,42963,33,,,0,104,,42985,33,,,0,72,,42980,33,,,0,29,,42986,33,,,0,70,,42967,33,,,0,16,,58183,33,,,0,57,,42974,33,,,0,22,,42970,33,,,0,25,,42968,33,,,0,67,,42969,33,,,0,29,,42979,33,,,0,68,,42976,33,,,0,29,,42978,33,,,0,69,,42977,33,,,0,30,,42975,33,,,0,79,,42982,33,,,0,38,,42983,33,,,0,80,,42981,33,,,0
2800,'5373',1626,,43089,33,,,0
2800,'5377',617,,43090,7,,,0,96,,43091,7,,,0,30,,43092,7,,,0,70,,43093,7,,,0,30,,43094,33,,,0,70,,43095,33,,,0,31,,43096,33,,,0,67,,43097,33,,,0,26,,43098,33,,,0,67,,43099,33,,,0,26,,43100,33,,,0,25,,43101,33,,,0,64,,43102,33,,,0,23,,43103,33,,,0,63,,43104,33,,,0,23,,43105,33,,,0,24,,43106,33,,,0,63,,43107,33,,,0,23,,43108,33,,,0,62,,43109,33,,,0,23,,43110,33,,,0,23,,43111,33,,,0,63,,43112,33,,,0,23,,43113,33,,,0,23,,43114,33,,,0,63,,43115,33,,,0,23,,43116,33,,,0,63,,43117,33,,,0,24,,43118,33,,,0,25,,43119,33,,,0,65,,43120,33,,,0,26,,43121,33,,,0,69,,43122,33,,,0,29,,43123,33,,,0,70,,43124,33,,,0,31,,43125,33,,,0,80,,43126,33,,,0,81,,43127,33,,,0,45,,43128,33,,,0
2800,'5381',1626,,43039,33,,,0
2800,'5383',638,,58185,7,,,0,73,,58186,7,,,0,30,,58187,7,,,0,69,,58188,33,,,0,28,,58189,33,,,0,67,,58190,33,,,0,27,,58191,33,,,0,26,,58192,33,,,0,67,,58184,33,,,0,23,,58193,33,,,0,62,,58194,33,,,0,23,,58195,33,,,0,21,,58196,33,,,0,63,,58197,33,,,0,22,,58198,33,,,0,62,,58199,33,,,0,23,,58200,33,,,0,24,,58201,33,,,0,62,,58202,33,,,0,22,,58203,33,,,0,20,,58204,33,,,0,61,,58205,33,,,0,21,,58206,33,,,0,21,,58207,33,,,0,60,,58208,33,,,0,20,,58209,33,,,0,21,,58210,33,,,0,59,,58211,33,,,0,21,,58212,33,,,0,20,,58213,33,,,0,60,,58214,33,,,0,20,,58215,33,,,0,19,,58216,33,,,0,63,,58217,33,,,0,26,,58218,33,,,0,68,,58219,33,,,0,30,,58220,33,,,0,70,,58221,33,,,0,29,,58222,33,,,0,70,,58223,33,,,0,31,,58224,33,,,0,74,,58225,33,,,0,30,,58226,33,,,0,69,,58227,33,,,0,30,,58228,33,,,0,70,,58229,33,,,0,28,,58230,33,,,0,70,,58231,33,,,0,29,,58232,33,,,0
2800,'5384',617,,58233,7,,,0,96,,58234,7,,,0,30,,58235,7,,,0,70,,58236,7,,,0,30,,58237,33,,,0,70,,58238,33,,,0,31,,58239,33,,,0,67,,58240,33,,,0,26,,58241,33,,,0,67,,58242,33,,,0,26,,58243,33,,,0,25,,58244,33,,,0,64,,58245,33,,,0,23,,58246,33,,,0,63,,58247,33,,,0,23,,58248,33,,,0,24,,58249,33,,,0,63,,58250,33,,,0,23,,58251,33,,,0,62,,58252,33,,,0,23,,58253,33,,,0,23,,58254,33,,,0,63,,58255,33,,,0,23,,58256,33,,,0,23,,58257,33,,,0,63,,58258,33,,,0,23,,58259,33,,,0,63,,58260,33,,,0,24,,58261,33,,,0,25,,58262,33,,,0,65,,58263,33,,,0,26,,58264,33,,,0,69,,58265,33,,,0,29,,58266,33,,,0,70,,58267,33,,,0,31,,58268,33,,,0,80,,58269,33,,,0,81,,58270,33,,,0,45,,58271,33,,,0
2800,'5385',543,,58274,7,,,0,66,,58277,33,,,0,24,,58273,33,,,0,22,,58272,33,,,0,51,,58275,33,,,0,12,,58294,33,,,0,12,,58276,33,,,0,12,,58302,7,,,0,11,,58280,33,,,0,53,,58291,33,,,0,11,,58281,33,,,0,22,,58278,33,,,0,61,,58279,33,,,0,25,,58317,33,,,0,22,,58282,33,,,0,66,,58283,33,,,0,26,,58295,33,,,0,66,,58300,33,,,0,27,,58288,33,,,0,27,,58284,33,,,0,64,,58285,33,,,0,27,,58287,33,,,0,66,,58286,33,,,0,27,,58293,33,,,0,66,,58301,33,,,0,24,,58290,33,,,0,24,,58289,33,,,0,62,,58313,33,,,0,35,,58292,33,,,0,104,,58314,33,,,0,72,,58309,33,,,0,29,,58315,33,,,0,70,,58296,33,,,0,16,,58316,33,,,0,57,,58303,33,,,0,22,,58299,33,,,0,25,,58297,33,,,0,67,,58298,33,,,0,29,,58308,33,,,0,68,,58305,33,,,0,29,,58307,33,,,0,69,,58306,33,,,0,30,,58304,33,,,0,79,,58311,33,,,0,38,,58312,33,,,0,80,,58310,33,,,0
2800,'5387',1626,,58318,33,,,0
2800,'5388',1626,,58319,33,,,0
24002700,'4663',658,,63141,7,0,5,0,65,,63142,7,0,5,0,23,,63144,7,0,5,0,64,,63143,7,0,5,0
24002700,'5372',658,,48826,7,0,5,0,65,,48827,7,0,5,0,23,,48829,7,0,5,0,64,,48828,7,0,5,0
24002700,'5385',658,,63145,7,0,5,0,65,,63146,7,0,5,0,23,,63148,7,0,5,0,64,,63147,7,0,5,0
