800,'4487',735,,3301,25,,,0,85,,3302,25,,,0,86,,3303,25,,,0,47,,3304,25,,,0,90,,3305,25,,,0,87,,3300,25,,,0,90,,3306,25,,,0,91,,3307,25,,,0,92,,3308,25,,,0,52,,3309,25,,,0,90,,3310,25,,,0,91,,3311,25,,,0,88,,3312,25,,,0,84,,3313,25,,,0,45,,3314,25,,,0
800,'4737',648,,3316,36,,,0,90,,3317,36,,,0,73,,3318,36,,,0,20,,3319,36,,,0,21,,3320,36,,,0,86,,3321,36,,,0,75,,3322,36,,,0,41,,3315,36,,,0,84,,3323,36,,,0,78,,3338,36,,,0,84,,3324,36,,,0,44,,3325,36,,,0,84,,3326,36,,,0,102,,3328,36,,,0,83,,3329,36,,,0,46,,3330,36,,,0,69,,3339,36,,,0,72,,3331,36,,,0,32,,3332,36,,,0,69,,3333,36,,,0,29,,3340,36,,,0,94,,3334,36,,,0,83,,3335,36,,,0,96,,3336,36,,,0,42,,3337,36,,,0
800,'4740',735,,3342,25,,,0,85,,3343,25,,,0,86,,3344,25,,,0,47,,3345,25,,,0,90,,3346,25,,,0,87,,3341,25,,,0,90,,3347,25,,,0,91,,3348,25,,,0,92,,3349,25,,,0,52,,3350,25,,,0,90,,3351,25,,,0,91,,3352,25,,,0,88,,3353,25,,,0,84,,3354,25,,,0,45,,3355,25,,,0
800,'4744',648,,3357,36,,,0,90,,3358,36,,,0,73,,3359,36,,,0,20,,3360,36,,,0,21,,3361,36,,,0,86,,3362,36,,,0,75,,3363,36,,,0,41,,3356,36,,,0,84,,3364,36,,,0,78,,3379,36,,,0,84,,3365,36,,,0,44,,3366,36,,,0,84,,3367,36,,,0,102,,3369,36,,,0,83,,3370,36,,,0,46,,3371,36,,,0,69,,3380,36,,,0,72,,3372,36,,,0,32,,3373,36,,,0,69,,3374,36,,,0,29,,3381,36,,,0,94,,3375,36,,,0,83,,3376,36,,,0,96,,3377,36,,,0,42,,3378,36,,,0
800,'4745',905,,3383,25,,,0,47,,3384,25,,,0,90,,3385,25,,,0,86,,3386,25,,,0,91,,3387,25,,,0,92,,3382,25,,,0,90,,3388,25,,,0,52,,3389,25,,,0,91,,3390,25,,,0,91,,3391,25,,,0,88,,3392,25,,,0
800,'4947',648,,3394,36,,,0,90,,3395,36,,,0,73,,3396,36,,,0,20,,3397,36,,,0,21,,3398,36,,,0,86,,3399,36,,,0,75,,3400,36,,,0,41,,3393,36,,,0,84,,3401,36,,,0,78,,3416,36,,,0,84,,3402,36,,,0,44,,3403,36,,,0,84,,3404,36,,,0,102,,3406,36,,,0,83,,3407,36,,,0,46,,3408,36,,,0,69,,3417,36,,,0,72,,3409,36,,,0,32,,3410,36,,,0,69,,3411,36,,,0,29,,3418,36,,,0,94,,3412,36,,,0,83,,3413,36,,,0,96,,3414,36,,,0,42,,3415,36,,,0
800,'4954',905,,3420,25,,,0,47,,3421,25,,,0,90,,3422,25,,,0,86,,3423,25,,,0,91,,3424,25,,,0,92,,3419,25,,,0,90,,3425,25,,,0,52,,3426,25,,,0,91,,3427,25,,,0,91,,3428,25,,,0,88,,3429,25,,,0
1401,'4487',602,,5202,16,,,0,30,,5201,16,,,0,26,,5167,16,,,0,61,,5170,16,,,0,17,,5203,16,,,0,15,,5204,16,,,0,55,,5169,16,,,0,14,,5163,16,,,0,15,,5205,16,,,0,15,,5162,16,,,0,55,,5171,16,,,0,14,,5168,16,,,0,14,,5207,16,,,0,14,,5206,16,,,0,54,,5172,16,,,0,14,,5161,16,,,0,14,,5211,16,,,0,15,,5160,16,,,0,15,,5178,16,,,0,55,,5179,16,,,0,15,,5212,16,,,0,14,,5164,16,,,0,15,,5209,16,,,0,55,,5174,16,,,0,15,,5175,16,,,0,15,,5210,16,,,0,15,,5173,16,,,0,54,,5176,16,,,0,15,,5177,16,,,0,15,,5208,16,,,0,15,,5180,16,,,0,55,,5188,16,,,0,15,,5166,16,,,0,15,,5165,16,,,0,15,,5186,16,,,0,55,,5194,16,,,0,15,,5190,16,,,0,15,,5191,16,,,0,15,,5193,16,,,0,55,,5187,16,,,0,16,,5182,16,,,0,15,,5192,16,,,0,15,,5189,16,,,0,55,,5195,16,,,0,15,,5183,16,,,0,15,,5196,16,,,0,16,,5185,16,,,0,55,,5184,16,,,0,15,,5200,16,,,0,15,,5197,16,,,0,15,,5198,16,,,0,55,,5181,16,,,0,19,,5199,16,,,0,20,,5216,16,,,0,61,,5214,16,,,0,20,,5213,16,,,0,20,,5215,16,,,0,60,,5217,16,,,0,20,,5221,16,,,0,20,,5220,16,,,0,60,,5219,16,,,0,28,,5218,16,,,0,71,,5222,16,,,0,31,,5223,16,,,0,71,,5224,16,,,0
1401,'4737',548,,5225,16,,,0,65,,5231,16,,,0,20,,5243,16,,,0,15,,5226,16,,,0,53,,5251,16,,,0,12,,5232,16,,,0,13,,5269,16,,,0,12,,5241,16,,,0,14,,5227,16,,,0,54,,5252,16,,,0,14,,5233,16,,,0,14,,5286,16,,,0,13,,5287,16,,,0,54,,5242,16,,,0,13,,5234,16,,,0,13,,5253,16,,,0,13,,5228,16,,,0,13,,5267,16,,,0,53,,5236,16,,,0,13,,5229,16,,,0,13,,5230,16,,,0,13,,5282,16,,,0,14,,5283,16,,,0,54,,5239,16,,,0,14,,5237,16,,,0,13,,5250,16,,,0,13,,5238,16,,,0,53,,5268,16,,,0,14,,5235,16,,,0,13,,5240,16,,,0,13,,5285,16,,,0,13,,5284,16,,,0,52,,5246,16,,,0,13,,5302,16,,,0,12,,5249,16,,,0,11,,5312,16,,,0,11,,5247,16,,,0,52,,5248,16,,,0,10,,5303,16,,,0,4,,5266,16,,,0,6,,5304,16,0,5,0,5,,5245,16,,,0,6,,5313,16,0,5,0,7,,5314,16,,,0,11,,5244,16,,,0,45,,5305,16,,,0,5,,5307,16,0,5,0,8,,5260,16,,,0,10,,5308,16,0,5,0,8,,5272,16,,,0,7,,5271,16,0,5,0,8,,5259,16,,,0,8,,5309,16,0,5,0,50,,5296,16,,,0,5,,5258,16,0,5,0,6,,5316,16,0,5,0,5,,5261,16,,,0,5,,5315,16,0,5,0,5,,5257,16,0,5,0,6,,5262,16,,,0,8,,5254,16,0,5,0,8,,5263,16,,,0,48,,5256,16,0,5,0,8,,5264,16,,,0,9,,5255,16,0,5,0,7,,5265,16,,,0,8,,5306,16,0,5,0,8,,5274,16,,,0,7,,5288,16,0,5,0,7,,5273,16,,,0,48,,5270,16,0,5,0,5,,5279,16,,,0,15,,5280,16,,,0,15,,5301,16,,,0,14,,5281,16,,,0,55,,5275,16,,,0,15,,5277,16,,,0,15,,5278,16,,,0,15,,5276,16,,,0,57,,5289,16,,,0,20,,5295,16,,,0,20,,5294,16,,,0,60,,5290,16,,,0,20,,5293,16,,,0,20,,5292,16,,,0,63,,5291,16,,,0,32,,5298,16,,,0,72,,5300,16,,,0,29,,5299,16,,,0,70,,5297,16,,,0,30,,5310,16,,,0,70,,5311,16,,,0
1401,'4740',602,,5359,16,,,0,30,,5358,16,,,0,26,,5324,16,,,0,61,,5327,16,,,0,17,,5360,16,,,0,15,,5361,16,,,0,55,,5326,16,,,0,14,,5320,16,,,0,15,,5362,16,,,0,15,,5319,16,,,0,55,,5328,16,,,0,14,,5325,16,,,0,14,,5364,16,,,0,14,,5363,16,,,0,54,,5329,16,,,0,14,,5318,16,,,0,14,,5368,16,,,0,15,,5317,16,,,0,15,,5335,16,,,0,55,,5336,16,,,0,15,,5369,16,,,0,14,,5321,16,,,0,15,,5366,16,,,0,55,,5331,16,,,0,15,,5332,16,,,0,15,,5367,16,,,0,15,,5330,16,,,0,54,,5333,16,,,0,15,,5334,16,,,0,15,,5365,16,,,0,15,,5337,16,,,0,55,,5345,16,,,0,15,,5323,16,,,0,15,,5322,16,,,0,15,,5343,16,,,0,55,,5351,16,,,0,15,,5347,16,,,0,15,,5348,16,,,0,15,,5350,16,,,0,55,,5344,16,,,0,16,,5339,16,,,0,15,,5349,16,,,0,15,,5346,16,,,0,55,,5352,16,,,0,15,,5340,16,,,0,15,,5353,16,,,0,16,,5342,16,,,0,55,,5341,16,,,0,15,,5357,16,,,0,15,,5354,16,,,0,15,,5355,16,,,0,55,,5338,16,,,0,19,,5356,16,,,0,20,,5373,16,,,0,61,,5371,16,,,0,20,,5370,16,,,0,20,,5372,16,,,0,60,,5374,16,,,0,20,,5378,16,,,0,20,,5377,16,,,0,60,,5376,16,,,0,28,,5375,16,,,0,71,,5379,16,,,0,31,,5380,16,,,0,71,,5381,16,,,0,30,,5382,16,,,0,70,,5383,16,,,0
1401,'4744',548,,5384,16,,,0,65,,5390,16,,,0,20,,5402,16,,,0,15,,5385,16,,,0,53,,5410,16,,,0,12,,5391,16,,,0,13,,5428,16,,,0,12,,5400,16,,,0,14,,5386,16,,,0,54,,5411,16,,,0,14,,5392,16,,,0,14,,5445,16,,,0,13,,5446,16,,,0,54,,5401,16,,,0,13,,5393,16,,,0,13,,5412,16,,,0,13,,5387,16,,,0,13,,5426,16,,,0,53,,5395,16,,,0,13,,5388,16,,,0,13,,5389,16,,,0,13,,5441,16,,,0,14,,5442,16,,,0,54,,5398,16,,,0,14,,5396,16,,,0,13,,5409,16,,,0,13,,5397,16,,,0,53,,5427,16,,,0,14,,5394,16,,,0,13,,5399,16,,,0,13,,5444,16,,,0,13,,5443,16,,,0,52,,5405,16,,,0,13,,5461,16,,,0,12,,5408,16,,,0,11,,5469,16,,,0,11,,5406,16,,,0,48,,5474,16,,,0,4,,5407,16,,,0,10,,5462,16,,,0,4,,5425,16,,,0,6,,5463,16,0,5,0,5,,5404,16,,,0,6,,5470,16,0,5,0,7,,5471,16,,,0,11,,5403,16,,,0,45,,5464,16,,,0,5,,5466,16,0,5,0,8,,5419,16,,,0,10,,5467,16,0,5,0,8,,5431,16,,,0,7,,5430,16,0,5,0,8,,5418,16,,,0,8,,5468,16,0,5,0,50,,5455,16,,,0,5,,5417,16,0,5,0,6,,5473,16,0,5,0,5,,5420,16,,,0,5,,5472,16,0,5,0,5,,5416,16,0,5,0,6,,5421,16,,,0,8,,5413,16,0,5,0,8,,5422,16,,,0,48,,5415,16,0,5,0,8,,5423,16,,,0,9,,5414,16,0,5,0,7,,5424,16,,,0,8,,5465,16,0,5,0,8,,5433,16,,,0,7,,5447,16,0,5,0,7,,5432,16,,,0,48,,5429,16,0,5,0,5,,5438,16,,,0,15,,5439,16,,,0,15,,5460,16,,,0,14,,5440,16,,,0,55,,5434,16,,,0,15,,5436,16,,,0,15,,5437,16,,,0,15,,5435,16,,,0,57,,5448,16,,,0,20,,5454,16,,,0,20,,5453,16,,,0,60,,5449,16,,,0,20,,5452,16,,,0,20,,5451,16,,,0,63,,5450,16,,,0,32,,5457,16,,,0,72,,5459,16,,,0,29,,5458,16,,,0,70,,5456,16,,,0
1401,'4745',633,,5531,16,,,0,24,,5518,16,,,0,66,,5517,16,,,0,17,,5501,16,,,0,15,,5535,16,,,0,55,,5508,16,,,0,14,,5533,16,,,0,15,,5524,16,,,0,15,,5534,16,,,0,54,,5492,16,,,0,15,,5523,16,,,0,15,,5489,16,,,0,15,,5493,16,,,0,54,,5502,16,,,0,15,,5526,16,,,0,15,,5480,16,,,0,15,,5510,16,,,0,55,,5481,16,,,0,15,,5511,16,,,0,14,,5482,16,,,0,15,,5494,16,,,0,56,,5503,16,,,0,15,,5527,16,,,0,15,,5477,16,,,0,15,,5512,16,,,0,56,,5479,16,,,0,15,,5509,16,,,0,15,,5478,16,,,0,15,,5495,16,,,0,55,,5475,16,,,0,15,,5504,16,,,0,15,,5525,16,,,0,15,,5485,16,,,0,55,,5513,16,,,0,15,,5484,16,,,0,15,,5515,16,,,0,15,,5483,16,,,0,55,,5496,16,,,0,15,,5476,16,,,0,15,,5505,16,,,0,15,,5528,16,,,0,55,,5486,16,,,0,15,,5514,16,,,0,15,,5487,16,,,0,16,,5516,16,,,0,55,,5491,16,,,0,16,,5500,16,,,0,15,,5490,16,,,0,17,,5507,16,,,0,58,,5530,16,,,0,20,,5520,16,,,0,18,,5522,16,,,0,60,,5488,16,,,0,20,,5499,16,,,0,20,,5506,16,,,0,61,,5532,16,,,0,30,,5521,16,,,0,70,,5498,16,,,0,31,,5497,16,,,0,71,,5529,16,,,0,30,,5519,16,,,0
1401,'4947',548,,5536,16,,,0,65,,5542,16,,,0,20,,5554,16,,,0,15,,5537,16,,,0,53,,5561,16,,,0,12,,5543,16,,,0,13,,5579,16,,,0,12,,5552,16,,,0,14,,5538,16,,,0,54,,5562,16,,,0,14,,5544,16,,,0,14,,5596,16,,,0,13,,5597,16,,,0,54,,5553,16,,,0,13,,5545,16,,,0,13,,5563,16,,,0,13,,5539,16,,,0,13,,5577,16,,,0,53,,5547,16,,,0,13,,5540,16,,,0,13,,5541,16,,,0,13,,5592,16,,,0,14,,5593,16,,,0,54,,5550,16,,,0,14,,5548,16,,,0,13,,5560,16,,,0,13,,5549,16,,,0,53,,5578,16,,,0,14,,5546,16,,,0,13,,5551,16,,,0,13,,5595,16,,,0,13,,5594,16,,,0,52,,5557,16,,,0,13,,5612,16,,,0,12,,5559,16,,,0,11,,5620,16,,,0,59,,5625,16,,,0,4,,5558,16,,,0,10,,5613,16,,,0,4,,5576,16,,,0,6,,5614,16,0,5,0,5,,5556,16,,,0,6,,5621,16,0,5,0,7,,5622,16,,,0,11,,5555,16,,,0,45,,5615,16,,,0,5,,5617,16,0,5,0,8,,5570,16,,,0,10,,5618,16,0,5,0,8,,5582,16,,,0,7,,5581,16,0,5,0,8,,5569,16,,,0,8,,5619,16,0,5,0,50,,5606,16,,,0,5,,5568,16,0,5,0,6,,5624,16,0,5,0,5,,5571,16,,,0,5,,5623,16,0,5,0,5,,5567,16,0,5,0,6,,5572,16,,,0,8,,5564,16,0,5,0,8,,5573,16,,,0,48,,5566,16,0,5,0,8,,5574,16,,,0,9,,5565,16,0,5,0,7,,5575,16,,,0,8,,5616,16,0,5,0,8,,5584,16,,,0,7,,5598,16,0,5,0,7,,5583,16,,,0,48,,5580,16,0,5,0,5,,5589,16,,,0,15,,5590,16,,,0,15,,5611,16,,,0,14,,5591,16,,,0,55,,5585,16,,,0,15,,5587,16,,,0,15,,5588,16,,,0,15,,5586,16,,,0,57,,5599,16,,,0,20,,5605,16,,,0,20,,5604,16,,,0,60,,5600,16,,,0,20,,5603,16,,,0,20,,5602,16,,,0,63,,5601,16,,,0,32,,5608,16,,,0,72,,5610,16,,,0,29,,5609,16,,,0,70,,5607,16,,,0
1401,'4949',1358,,5626,16,,,0
1401,'4950',1358,,5627,16,,,0
1401,'4954',633,,5684,16,,,0,24,,5671,16,,,0,66,,5670,16,,,0,17,,5654,16,,,0,15,,5688,16,,,0,55,,5661,16,,,0,14,,5686,16,,,0,15,,5677,16,,,0,15,,5687,16,,,0,54,,5645,16,,,0,15,,5676,16,,,0,15,,5642,16,,,0,15,,5646,16,,,0,54,,5655,16,,,0,15,,5679,16,,,0,15,,5633,16,,,0,15,,5663,16,,,0,55,,5634,16,,,0,15,,5664,16,,,0,14,,5635,16,,,0,15,,5647,16,,,0,56,,5656,16,,,0,15,,5680,16,,,0,15,,5630,16,,,0,15,,5665,16,,,0,56,,5632,16,,,0,15,,5662,16,,,0,15,,5631,16,,,0,15,,5648,16,,,0,55,,5628,16,,,0,15,,5657,16,,,0,15,,5678,16,,,0,15,,5638,16,,,0,55,,5666,16,,,0,15,,5637,16,,,0,15,,5668,16,,,0,15,,5636,16,,,0,55,,5649,16,,,0,15,,5629,16,,,0,15,,5658,16,,,0,15,,5681,16,,,0,55,,5639,16,,,0,15,,5667,16,,,0,15,,5640,16,,,0,16,,5669,16,,,0,55,,5644,16,,,0,16,,5653,16,,,0,15,,5643,16,,,0,17,,5660,16,,,0,58,,5683,16,,,0,20,,5673,16,,,0,18,,5675,16,,,0,60,,5641,16,,,0,20,,5652,16,,,0,20,,5659,16,,,0,61,,5685,16,,,0,30,,5674,16,,,0,70,,5651,16,,,0,31,,5650,16,,,0,71,,5682,16,,,0,30,,5672,16,,,0
