400,'4332',649,,53298,11,,,0,66,,53279,11,,,0,20,,53284,11,,,0,20,,53291,11,,,0,60,,53273,11,,,0,18,,53289,11,,,0,18,,53293,11,,,0,56,,53274,11,,,0,16,,53264,11,,,0,16,,53290,11,,,0,16,,53296,11,,,0,56,,53258,11,,,0,16,,53267,11,,,0,15,,53261,11,,,0,16,,53320,11,,,0,57,,53281,11,,,0,15,,53280,11,,,0,16,,53256,11,,,0,55,,53268,11,,,0,15,,53278,11,,,0,15,,53288,11,,,0,15,,53297,11,,,0,55,,53255,11,,,0,16,,53262,11,,,0,16,,53272,11,,,0,16,,53282,11,,,0,56,,53292,11,,,0,16,,53260,11,,,0,15,,53265,11,,,0,16,,53275,11,,,0,56,,53287,11,,,0,16,,53295,11,,,0,16,,53257,11,,,0,16,,53271,11,,,0,55,,53266,11,,,0,16,,53285,11,,,0,16,,53294,11,,,0,15,,53269,11,,,0,56,,53276,11,,,0,16,,53259,11,,,0,16,,53286,11,,,0,55,,53283,11,,,0,16,,53270,11,,,0,16,,53263,11,,,0,18,,53277,11,,,0,58,,53302,11,,,0,18,,53299,11,,,0,18,,53301,11,,,0,58,,53300,11,,,0,17,,53316,11,,,0,17,,53308,11,,,0,18,,53307,11,,,0,58,,53309,11,,,0,18,,53310,11,,,0,18,,53317,11,,,0,58,,53313,11,,,0,25,,53314,11,,,0,23,,53312,11,,,0,70,,53311,11,,,0,30,,53315,11,,,0,70,,53318,11,,,0,30,,53319,11,,,0,68,,53306,11,,,0,30,,53303,11,,,0,70,,53304,11,,,0,30,,53305,11,,,0
400,'4663',602,,53235,11,,,0,22,,53212,11,,,0,18,,53217,11,,,0,63,,53242,11,,,0,15,,53198,11,,,0,15,,53214,11,,,0,16,,53204,11,,,0,55,,53206,11,,,0,11,,53245,11,,,0,4,,53186,11,,,0,15,,53205,11,,,0,16,,53213,11,,,0,56,,53247,11,,,0,14,,53218,11,,,0,14,,53248,11,,,0,15,,53244,11,,,0,55,,53215,11,,,0,15,,53249,11,,,0,15,,53216,11,,,0,15,,53224,11,,,0,55,,53182,11,,,0,15,,53243,11,,,0,15,,53221,11,,,0,17,,53226,11,,,0,57,,53219,11,,,0,15,,53183,11,,,0,15,,53233,11,,,0,15,,53223,11,,,0,55,,53222,11,,,0,15,,53191,11,,,0,13,,53231,11,,,0,15,,53239,11,,,0,56,,53220,11,,,0,15,,53251,11,,,0,15,,53232,11,,,0,15,,53241,11,,,0,55,,53208,11,,,0,15,,53209,11,,,0,15,,53236,11,,,0,15,,53210,11,,,0,56,,53229,11,,,0,18,,53211,11,,,0,16,,53240,11,,,0,14,,53250,11,,,0,53,,53252,11,,,0,15,,53238,11,,,0,15,,53207,11,,,0,10,,53237,11,,,0,53,,53246,11,,,0,15,,53230,11,,,0,14,,53234,11,,,0,15,,53225,11,,,0,53,,53227,11,,,0,15,,53228,11,,,0,16,,53184,11,,,0,15,,53193,11,,,0,55,,53192,11,,,0,15,,53194,11,,,0,16,,53189,11,,,0,17,,53180,11,,,0,57,,53187,11,,,0,16,,53195,11,,,0,17,,53179,11,,,0,19,,53188,11,,,0,60,,53190,11,,,0,20,,53185,11,,,0,63,,53178,11,,,0,24,,53181,11,,,0,29,,53201,11,,,0,68,,53196,11,,,0,30,,53197,11,,,0,70,,53202,11,,,0,30,,53199,11,,,0,70,,53203,11,,,0,30,,53200,11,,,0
400,'5078',756,,53321,11,,,0,70,,53322,11,,,0,32,,53323,11,,,0,71,,53324,11,,,0,29,,53325,11,,,0,70,,53326,11,,,0,20,,53327,11,,,0,61,,53328,11,,,0,20,,53329,11,,,0,20,,53330,11,,,0,60,,53331,11,,,0,20,,53332,11,,,0,21,,53333,11,,,0,60,,53334,11,,,0,20,,53335,11,,,0,20,,53336,11,,,0,60,,53337,11,,,0,19,,53364,11,,,0,18,,53338,11,,,0,56,,53339,11,,,0,16,,53340,11,,,0,16,,53341,11,,,0,16,,53366,11,,,0,56,,53342,11,,,0,16,,53343,11,,,0,16,,53344,11,,,0,16,,53345,11,,,0,56,,53365,11,,,0,15,,53346,11,,,0,17,,53347,11,,,0,57,,53348,11,,,0,18,,53349,11,,,0,17,,53350,11,,,0,17,,53351,11,,,0,58,,53352,11,,,0,18,,53353,11,,,0,18,,53354,11,,,0,58,,53367,11,,,0,17,,53355,11,,,0,20,,53356,11,,,0,60,,53357,11,,,0,24,,53358,11,,,0,30,,53359,11,,,0,72,,53360,11,,,0,29,,53361,11,,,0,70,,53362,11,,,0,33,,53363,11,,,0
400,'5372',602,,37102,11,,,0,22,,37079,11,,,0,18,,37084,11,,,0,63,,37109,11,,,0,15,,37069,11,,,0,15,,37081,11,,,0,16,,37071,11,,,0,55,,37073,11,,,0,11,,37112,11,,,0,4,,37058,11,,,0,15,,37072,11,,,0,16,,37080,11,,,0,56,,37114,11,,,0,14,,37085,11,,,0,14,,37115,11,,,0,15,,37111,11,,,0,55,,37082,11,,,0,15,,37116,11,,,0,15,,37083,11,,,0,15,,37091,11,,,0,55,,37055,11,,,0,15,,37110,11,,,0,15,,37088,11,,,0,17,,37093,11,,,0,57,,37086,11,,,0,15,,37056,11,,,0,15,,37100,11,,,0,15,,37090,11,,,0,55,,37089,11,,,0,15,,37063,11,,,0,13,,37098,11,,,0,15,,37106,11,,,0,56,,37087,11,,,0,15,,37118,11,,,0,15,,37099,11,,,0,15,,37108,11,,,0,55,,37075,11,,,0,15,,37076,11,,,0,15,,37103,11,,,0,15,,37077,11,,,0,56,,37096,11,,,0,18,,37078,11,,,0,16,,37107,11,,,0,14,,37117,11,,,0,53,,37119,11,,,0,15,,37105,11,,,0,15,,37074,11,,,0,10,,37104,11,,,0,53,,37113,11,,,0,15,,37097,11,,,0,14,,37101,11,,,0,15,,37092,11,,,0,53,,37094,11,,,0,15,,37095,11,,,0,16,,37057,11,,,0,15,,37065,11,,,0,55,,37064,11,,,0,15,,37066,11,,,0,16,,37061,11,,,0,17,,37053,11,,,0,57,,37059,11,,,0,16,,37067,11,,,0,17,,37052,11,,,0,19,,37060,11,,,0,60,,37062,11,,,0,83,,37051,11,,,0,24,,37054,11,,,0,29,,37070,11,,,0,68,,37068,11,,,0
400,'5373',2239,,53253,11,,,0
400,'5385',602,,53419,11,,,0,22,,53396,11,,,0,18,,53401,11,,,0,63,,53426,11,,,0,15,,53386,11,,,0,15,,53398,11,,,0,16,,53388,11,,,0,55,,53390,11,,,0,11,,53429,11,,,0,4,,53375,11,,,0,15,,53389,11,,,0,16,,53397,11,,,0,56,,53431,11,,,0,14,,53402,11,,,0,14,,53432,11,,,0,15,,53428,11,,,0,55,,53399,11,,,0,15,,53433,11,,,0,15,,53400,11,,,0,15,,53408,11,,,0,55,,53372,11,,,0,15,,53427,11,,,0,15,,53405,11,,,0,17,,53410,11,,,0,57,,53403,11,,,0,15,,53373,11,,,0,15,,53417,11,,,0,15,,53407,11,,,0,55,,53406,11,,,0,15,,53380,11,,,0,13,,53415,11,,,0,15,,53423,11,,,0,56,,53404,11,,,0,15,,53435,11,,,0,15,,53416,11,,,0,15,,53425,11,,,0,55,,53392,11,,,0,15,,53393,11,,,0,15,,53420,11,,,0,15,,53394,11,,,0,56,,53413,11,,,0,18,,53395,11,,,0,16,,53424,11,,,0,14,,53434,11,,,0,53,,53436,11,,,0,15,,53422,11,,,0,15,,53391,11,,,0,10,,53421,11,,,0,53,,53430,11,,,0,15,,53414,11,,,0,14,,53418,11,,,0,15,,53409,11,,,0,53,,53411,11,,,0,15,,53412,11,,,0,16,,53374,11,,,0,15,,53382,11,,,0,55,,53381,11,,,0,15,,53383,11,,,0,16,,53378,11,,,0,17,,53370,11,,,0,57,,53376,11,,,0,16,,53384,11,,,0,17,,53369,11,,,0,19,,53377,11,,,0,60,,53379,11,,,0,83,,53368,11,,,0,24,,53371,11,,,0,29,,53387,11,,,0,68,,53385,11,,,0
400,'5387',2239,,53437,11,,,0
400,'5388',2239,,53438,11,,,0
900,'4663',743,,54729,35,,,0,83,,54730,35,,,0
900,'5372',743,,38898,35,,,0,83,,38899,35,,,0
900,'5385',743,,54731,35,,,0,83,,54732,35,,,0
