4700,'4623',642,,72836,37,,,0,68,,72835,37,,,0,27,,72834,37,,,0
4700,'5222',642,,72839,37,,,0,68,,72838,37,,,0,27,,72837,37,,,0
4901,'4623',643,,72912,22,,,0,107,,72908,22,,,0,101,,72909,22,,,0,172,,72914,22,,,0,201,,72910,22,,,0,125,,72915,22,,,0,184,,72917,22,,,0,105,,72916,22,,,0,93,,72911,22,,,0,108,,72913,22,,,0,192,,72918,22,,,0
4901,'4833',641,,72921,22,,,0,204,,72922,22,,,0,212,,72923,22,,,0,202,,72925,22,,,0,250,,72919,22,,,0,208,,72920,22,,,0,194,,72924,22,,,0
4901,'5015',641,,72930,22,,,0,204,,72931,22,,,0,212,,72932,22,,,0,202,,72927,22,,,0,250,,72928,22,,,0,208,,72929,22,,,0,194,,72926,22,,,0
4901,'5078',845,,59693,22,,,0,211,,59692,22,,,0,202,,59694,22,,,0,248,,59695,22,,,0,210,,59696,22,,,0,194,,59697,22,,,0
4901,'5222',643,,72937,22,,,0,107,,72933,22,,,0,101,,72934,22,,,0,172,,72939,22,,,0,201,,72935,22,,,0,125,,72940,22,,,0,184,,72942,22,,,0,105,,72941,22,,,0,93,,72936,22,,,0,108,,72938,22,,,0,192,,72943,22,,,0
4901,'5365',845,,72945,22,,,0,211,,72944,22,,,0,202,,72946,22,,,0,248,,72947,22,,,0,210,,72948,22,,,0,194,,72949,22,,,0
4901,'5390',845,,72951,22,,,0,211,,72950,22,,,0,202,,72952,22,,,0,248,,72953,22,,,0,210,,72954,22,,,0,194,,72955,22,,,0
5200,'4623',457,,72979,9,,,0,70,,72988,9,,,0,31,,72968,9,,,0,58,,72956,9,,,0,21,,72980,9,,,0,21,,72961,9,,,0,67,,72989,9,,,0,34,,72969,9,,,0,65,,72957,9,,,0,29,,72981,9,,,0,73,,72962,9,,,0,26,,72990,9,,,0,70,,72963,9,,,0,35,,72970,9,,,0,71,,72958,9,,,0,30,,72982,9,,,0,69,,72964,9,,,0,78,,72971,9,,,0,34,,72959,9,,,0,71,,72983,9,,,0,30,,72965,9,,,0,72,,72972,9,,,0,30,,72973,9,,,0,70,,72960,9,,,0,29,,72984,9,,,0,70,,72966,9,,,0,36,,72974,9,,,0,70,,72975,9,,,0,36,,72985,9,,,0,69,,72967,9,,,0,29,,72977,9,,,0,69,,72976,9,,,0,32,,72986,9,,,0,95,,72978,9,,,0,101,,72987,9,,,0,103,,72991,9,,,0
5200,'4833',629,,73009,9,,,0,30,,73008,9,,,0,81,,73003,9,,,0,73,,73011,9,,,0,30,,73006,9,,,0,72,,72992,9,,,0,30,,72999,9,,,0,70,,73018,9,,,0,30,,72997,9,,,0,74,,72994,9,,,0,31,,73000,9,,,0,72,,73020,9,,,0,35,,72995,9,,,0,73,,72993,9,,,0,76,,73002,9,,,0,26,,73019,9,,,0,74,,72998,9,,,0,33,,73005,9,,,0,75,,73001,9,,,0,29,,73016,9,,,0,70,,72996,9,,,0,30,,73007,9,,,0,62,,73013,9,,,0,25,,73004,9,,,0,24,,73012,9,,,0,65,,73015,9,,,0,29,,73014,9,,,0,68,,73010,9,,,0,31,,73017,9,,,0,100,,73021,9,,,0,94,,73022,9,,,0,110,,73023,9,,,0
5200,'5015',629,,73041,9,,,0,30,,73040,9,,,0,81,,73035,9,,,0,73,,73043,9,,,0,30,,73038,9,,,0,72,,73024,9,,,0,30,,73031,9,,,0,70,,73050,9,,,0,30,,73029,9,,,0,74,,73026,9,,,0,31,,73032,9,,,0,72,,73052,9,,,0,35,,73027,9,,,0,73,,73025,9,,,0,76,,73034,9,,,0,26,,73051,9,,,0,74,,73030,9,,,0,33,,73037,9,,,0,75,,73033,9,,,0,29,,73048,9,,,0,70,,73028,9,,,0,30,,73039,9,,,0,62,,73045,9,,,0,25,,73036,9,,,0,24,,73044,9,,,0,65,,73047,9,,,0,29,,73046,9,,,0,68,,73042,9,,,0,31,,73049,9,,,0,100,,73053,9,,,0,94,,73054,9,,,0,110,,73055,9,,,0
5200,'5078',659,,59801,9,,,0,72,,59783,9,,,0,80,,59786,9,,,0,30,,59800,9,,,0,72,,59794,9,,,0,31,,59782,9,,,0,70,,59785,9,,,0,31,,59796,9,,,0,71,,59790,9,,,0,30,,59781,9,,,0,73,,59784,9,,,0,30,,59799,9,,,0,71,,59792,9,,,0,38,,59780,9,,,0,69,,59788,9,,,0,74,,59798,9,,,0,35,,59791,9,,,0,73,,59807,9,,,0,29,,59787,9,,,0,70,,59797,9,,,0,29,,59793,9,,,0,70,,59795,9,,,0,29,,59789,9,,,0,70,,59803,9,,,0,39,,59802,9,,,0,100,,59804,9,,,0,99,,59806,9,,,0,108,,59805,9,,,0
5200,'5222',457,,73079,9,,,0,70,,73088,9,,,0,31,,73068,9,,,0,58,,73056,9,,,0,21,,73080,9,,,0,21,,73061,9,,,0,67,,73089,9,,,0,34,,73069,9,,,0,65,,73057,9,,,0,29,,73081,9,,,0,73,,73062,9,,,0,26,,73090,9,,,0,70,,73063,9,,,0,35,,73070,9,,,0,71,,73058,9,,,0,30,,73082,9,,,0,69,,73064,9,,,0,78,,73071,9,,,0,34,,73059,9,,,0,71,,73083,9,,,0,30,,73065,9,,,0,72,,73072,9,,,0,30,,73073,9,,,0,70,,73060,9,,,0,29,,73084,9,,,0,70,,73066,9,,,0,36,,73074,9,,,0,70,,73075,9,,,0,36,,73085,9,,,0,69,,73067,9,,,0,29,,73077,9,,,0,69,,73076,9,,,0,32,,73086,9,,,0,95,,73078,9,,,0,101,,73087,9,,,0,103,,73091,9,,,0
5200,'5365',659,,73113,9,,,0,72,,73095,9,,,0,80,,73098,9,,,0,30,,73112,9,,,0,72,,73106,9,,,0,31,,73094,9,,,0,70,,73097,9,,,0,31,,73108,9,,,0,71,,73102,9,,,0,30,,73093,9,,,0,73,,73096,9,,,0,30,,73111,9,,,0,71,,73104,9,,,0,38,,73092,9,,,0,69,,73100,9,,,0,74,,73110,9,,,0,35,,73103,9,,,0,73,,73119,9,,,0,29,,73099,9,,,0,70,,73109,9,,,0,29,,73105,9,,,0,70,,73107,9,,,0,29,,73101,9,,,0,70,,73115,9,,,0,39,,73114,9,,,0,100,,73116,9,,,0,99,,73118,9,,,0,108,,73117,9,,,0
5200,'5390',659,,73141,9,,,0,72,,73123,9,,,0,80,,73126,9,,,0,30,,73140,9,,,0,72,,73134,9,,,0,31,,73122,9,,,0,70,,73125,9,,,0,31,,73136,9,,,0,71,,73130,9,,,0,30,,73121,9,,,0,73,,73124,9,,,0,30,,73139,9,,,0,71,,73132,9,,,0,38,,73120,9,,,0,69,,73128,9,,,0,74,,73138,9,,,0,35,,73131,9,,,0,73,,73147,9,,,0,29,,73127,9,,,0,70,,73137,9,,,0,29,,73133,9,,,0,70,,73135,9,,,0,29,,73129,9,,,0,70,,73143,9,,,0,39,,73142,9,,,0,100,,73144,9,,,0,99,,73146,9,,,0,108,,73145,9,,,0
5701,'4623',604,,73727,13,,,0,49,,73728,13,,,0,84,,73726,13,,,0,89,,73737,13,,,0,83,,73729,13,,,0,47,,73736,13,,,0,84,,73731,13,,,0,86,,73738,13,,,0,85,,73730,13,,,0,45,,73739,13,,,0,86,,73732,13,,,0,89,,73740,13,,,0,100,,73733,13,,,0,72,,73741,13,,,0,43,,73734,13,,,0,86,,73743,13,,,0,87,,73735,13,,,0,88,,73742,13,,,0,99,,73744,13,,,0,117,,73746,13,,,0,109,,73745,13,,,0
5701,'4833',630,,73758,13,,,0,108,,73748,13,,,0,97,,73759,13,,,0,105,,73762,13,,,0,101,,73760,13,,,0,107,,73761,13,,,0,110,,73747,13,,,0,100,,73753,13,,,0,150,,73757,13,,,0,101,,73754,13,,,0,108,,73749,13,,,0,91,,73751,13,,,0,114,,73755,13,,,0,99,,73756,13,,,0,99,,73752,13,,,0,113,,73750,13,,,0
5701,'5015',630,,73774,13,,,0,108,,73764,13,,,0,97,,73775,13,,,0,105,,73778,13,,,0,101,,73776,13,,,0,107,,73777,13,,,0,110,,73763,13,,,0,100,,73769,13,,,0,150,,73773,13,,,0,101,,73770,13,,,0,108,,73765,13,,,0,91,,73767,13,,,0,114,,73771,13,,,0,99,,73772,13,,,0,99,,73768,13,,,0,113,,73766,13,,,0
5701,'5078',738,,60300,13,,,0,99,,60297,13,,,0,105,,60299,13,,,0,100,,60298,13,,,0,106,,60301,13,,,0,110,,60304,13,,,0,100,,60302,13,,,0,150,,60305,13,,,0,100,,60303,13,,,0,110,,60309,13,,,0,90,,60311,13,,,0,113,,60310,13,,,0,100,,60308,13,,,0,99,,60307,13,,,0,85,,60306,13,,,0
5701,'5222',604,,73780,13,,,0,49,,73781,13,,,0,84,,73779,13,,,0,89,,73790,13,,,0,83,,73782,13,,,0,47,,73789,13,,,0,84,,73784,13,,,0,86,,73791,13,,,0,85,,73783,13,,,0,45,,73792,13,,,0,86,,73785,13,,,0,89,,73793,13,,,0,100,,73786,13,,,0,72,,73794,13,,,0,43,,73787,13,,,0,86,,73796,13,,,0,87,,73788,13,,,0,88,,73795,13,,,0,99,,73797,13,,,0,117,,73799,13,,,0,109,,73798,13,,,0
5701,'5365',738,,73803,13,,,0,99,,73800,13,,,0,105,,73802,13,,,0,100,,73801,13,,,0,106,,73804,13,,,0,110,,73807,13,,,0,100,,73805,13,,,0,150,,73808,13,,,0,100,,73806,13,,,0,110,,73812,13,,,0,90,,73814,13,,,0,113,,73813,13,,,0,100,,73811,13,,,0,99,,73810,13,,,0,85,,73809,13,,,0
5701,'5390',738,,73818,13,,,0,99,,73815,13,,,0,105,,73817,13,,,0,100,,73816,13,,,0,106,,73819,13,,,0,110,,73822,13,,,0,100,,73820,13,,,0,150,,73823,13,,,0,100,,73821,13,,,0,110,,73827,13,,,0,90,,73829,13,,,0,113,,73828,13,,,0,100,,73826,13,,,0,99,,73825,13,,,0,85,,73824,13,,,0
