8300,'4487',1111,,30133,,,0,301,,30134,,,0,303,,30132,,,0,299,,30131,,,0
8300,'4743',1111,,13978,,,0,301,,13979,,,0,303,,13977,,,0,299,,13976,,,0
8300,'4744',725,,30135,,,0,204,,30136,,,0,179,,30137,,,0,208,,30138,,,0,199,,30139,,,0,213,,30140,,,0,205,,30141,,,0
8300,'4745',1110,,30144,,,0,300,,30145,,,0,304,,30143,,,0,300,,30142,,,0
8300,'4935',725,,9346,,,0,204,,9347,,,0,179,,9348,,,0,208,,9349,,,0,199,,9350,,,0,213,,9351,,,0,205,,9352,,,0
8300,'4941',725,,9353,,,0,204,,9354,,,0,179,,9355,,,0,208,,9356,,,0,199,,9357,,,0,213,,9358,,,0,205,,9359,,,0
8300,'4943',1111,,9362,,,0,301,,9363,,,0,303,,9361,,,0,299,,9360,,,0
8300,'4945',1110,,9366,,,0,300,,9367,,,0,304,,9365,,,0,300,,9364,,,0
8300,'4947',725,,30146,,,0,204,,30147,,,0,179,,30148,,,0,208,,30149,,,0,199,,30150,,,0,213,,30151,,,0,205,,30152,,,0
8300,'4952',725,,30153,,,0,204,,30154,,,0,179,,30155,,,0,208,,30156,,,0,199,,30157,,,0,213,,30158,,,0,205,,30159,,,0
8300,'4953',1111,,30162,,,0,301,,30163,,,0,303,,30161,,,0,299,,30160,,,0
8300,'4954',1110,,30166,,,0,300,,30167,,,0,304,,30165,,,0,300,,30164,,,0
