4800,'4663',619,,59625,10,,,0,20,,59624,10,,,0,66,,59623,10,,,0
4800,'5372',619,,44674,10,,,0,20,,44673,10,,,0,66,,44672,10,,,0
4800,'5385',619,,59628,10,,,0,20,,59627,10,,,0,66,,59626,10,,,0
5200,'4663',507,,59709,25,,,0,31,,59718,25,,,0,70,,59712,25,,,0,20,,59723,25,,,0,19,,59710,25,,,0,63,,59731,25,,,0,29,,59717,25,,,0,65,,59746,25,,,0,10,,59711,25,,,0,16,,59739,25,,,0,10,,59722,25,,,0,70,,59713,25,,,0,31,,59730,25,,,0,66,,59716,25,,,0,30,,59714,25,,,0,75,,59715,25,,,0,31,,59732,25,,,0,71,,59719,25,,,0,30,,59720,25,,,0,76,,59721,25,,,0,34,,59729,25,,,0,74,,59724,25,,,0,31,,59725,25,,,0,74,,59741,25,,,0,71,,59726,25,,,0,31,,59728,25,,,0,68,,59727,25,,,0,29,,59733,25,,,0,71,,59742,25,,,0,30,,59734,25,,,0,74,,59735,25,,,0,29,,59736,25,,,0,69,,59743,25,,,0,27,,59737,25,,,0,72,,59738,25,,,0,96,,59744,25,,,0,58,,59740,25,,,0,143,,59747,25,,,0
5200,'5372',507,,44768,25,,,0,31,,44777,25,,,0,70,,44771,25,,,0,20,,44782,25,,,0,19,,44769,25,,,0,63,,44790,25,,,0,29,,44776,25,,,0,65,,44805,25,,,0,10,,44770,25,,,0,16,,44798,25,,,0,10,,44781,25,,,0,70,,44772,25,,,0,31,,44789,25,,,0,66,,44775,25,,,0,30,,44773,25,,,0,75,,44774,25,,,0,31,,44791,25,,,0,71,,44778,25,,,0,30,,44779,25,,,0,76,,44780,25,,,0,34,,44788,25,,,0,74,,44783,25,,,0,31,,44784,25,,,0,74,,51754,25,,,0,71,,44785,25,,,0,31,,44787,25,,,0,68,,44786,25,,,0,29,,44792,25,,,0,71,,44801,25,,,0,30,,44793,25,,,0,74,,44794,25,,,0,29,,44795,25,,,0,69,,44802,25,,,0,27,,44796,25,,,0,72,,44797,25,,,0,96,,44803,25,,,0,58,,44799,25,,,0,143,,44806,25,,,0
5200,'5377',710,,44899,25,,,0,32,,44881,25,,,0,80,,44884,25,,,0,31,,44898,25,,,0,72,,44892,25,,,0,32,,50385,25,,,0,71,,44883,25,,,0,72,,44894,25,,,0,31,,44888,25,,,0,72,,50384,25,,,0,33,,44882,25,,,0,70,,44897,25,,,0,31,,44890,25,,,0,78,,50383,25,,,0,29,,44886,25,,,0,74,,44896,25,,,0,34,,44889,25,,,0,73,,50387,25,,,0,29,,44885,25,,,0,70,,44895,25,,,0,28,,44891,25,,,0,70,,50386,25,,,0,29,,44887,25,,,0,69,,44901,25,,,0,39,,44900,25,,,0,99,,44902,25,,,0,98,,44904,25,,,0,147,,44903,25,,,0
5200,'5383',640,,59765,25,,,0,70,,59764,25,,,0,41,,59759,25,,,0,74,,59767,25,,,0,31,,59762,25,,,0,73,,59748,25,,,0,30,,59755,25,,,0,70,,59774,25,,,0,72,,59753,25,,,0,34,,59750,25,,,0,73,,59756,25,,,0,32,,59776,25,,,0,75,,59751,25,,,0,33,,59749,25,,,0,76,,59758,25,,,0,26,,59775,25,,,0,74,,59754,25,,,0,32,,59761,25,,,0,75,,59757,25,,,0,69,,59772,25,,,0,30,,59752,25,,,0,29,,59763,25,,,0,62,,59769,25,,,0,25,,59760,25,,,0,64,,59768,25,,,0,24,,59771,25,,,0,68,,59770,25,,,0,28,,59766,25,,,0,70,,59773,25,,,0,100,,59777,25,,,0,54,,59778,25,,,0,148,,59779,25,,,0
5200,'5384',710,,59801,25,,,0,32,,59783,25,,,0,80,,59786,25,,,0,31,,59800,25,,,0,72,,59794,25,,,0,32,,59782,25,,,0,71,,59785,25,,,0,72,,59796,25,,,0,31,,59790,25,,,0,72,,59781,25,,,0,33,,59784,25,,,0,70,,59799,25,,,0,31,,59792,25,,,0,78,,59780,25,,,0,29,,59788,25,,,0,74,,59798,25,,,0,34,,59791,25,,,0,73,,59807,25,,,0,29,,59787,25,,,0,70,,59797,25,,,0,28,,59793,25,,,0,70,,59795,25,,,0,29,,59789,25,,,0,69,,59803,25,,,0,39,,59802,25,,,0,99,,59804,25,,,0,98,,59806,25,,,0,147,,59805,25,,,0
5200,'5385',507,,59808,25,,,0,31,,59817,25,,,0,70,,59811,25,,,0,20,,59822,25,,,0,19,,59809,25,,,0,63,,59830,25,,,0,29,,59816,25,,,0,65,,59845,25,,,0,10,,59810,25,,,0,16,,59838,25,,,0,10,,59821,25,,,0,70,,59812,25,,,0,31,,59829,25,,,0,66,,59815,25,,,0,30,,59813,25,,,0,75,,59814,25,,,0,31,,59831,25,,,0,71,,59818,25,,,0,30,,59819,25,,,0,76,,59820,25,,,0,34,,59828,25,,,0,74,,59823,25,,,0,31,,59824,25,,,0,74,,59840,25,,,0,71,,59825,25,,,0,31,,59827,25,,,0,68,,59826,25,,,0,29,,59832,25,,,0,71,,59841,25,,,0,30,,59833,25,,,0,74,,59834,25,,,0,29,,59835,25,,,0,69,,59842,25,,,0,27,,59836,25,,,0,72,,59837,25,,,0,96,,59843,25,,,0,58,,59839,25,,,0,143,,59846,25,,,0
5501,'4663',640,,60160,16,,,0,170,,60159,16,,,0,204,,60157,16,,,0,136,,60158,16,,,0,200,,60162,16,,,0,105,,60161,16,,,0,196,,60163,16,,,0,193,,60164,16,,,0,193,,60165,16,,,0
5501,'5372',640,,45309,16,,,0,170,,45308,16,,,0,204,,45306,16,,,0,136,,45307,16,,,0,200,,50546,16,,,0,105,,50545,16,,,0,196,,50547,16,,,0,193,,45313,16,,,0,193,,45314,16,,,0
5501,'5377',842,,50538,16,,,0,212,,50539,16,,,0,205,,50540,16,,,0,245,,45331,16,,,0,210,,50542,16,,,0,204,,50541,16,,,0
5501,'5383',843,,60171,16,,,0,211,,60168,16,,,0,246,,60169,16,,,0,206,,60170,16,,,0,209,,60166,16,,,0,204,,60167,16,,,0
5501,'5384',842,,60172,16,,,0,212,,60174,16,,,0,205,,60175,16,,,0,245,,60173,16,,,0,210,,60177,16,,,0,204,,60176,16,,,0
5501,'5385',640,,60181,16,,,0,170,,60180,16,,,0,204,,60178,16,,,0,136,,60179,16,,,0,200,,60183,16,,,0,105,,60182,16,,,0,196,,60184,16,,,0,193,,60185,16,,,0,193,,60186,16,,,0
6401,'4663',640,,61020,10,,,0,579,,61019,10,,,0,500,,61023,10,0,34 35 36,0
6401,'5372',640,,51841,10,,,0,579,,46320,10,,,0,500,,50773,10,0,34 35 36,0
6401,'5385',640,,61027,10,,,0,579,,61026,10,,,0,500,,61030,10,0,34 35 36,0
