2101,'4532',647,,68786,19,,,0,70,,68768,19,,,0,31,,68777,19,,,0,71,,68760,19,,,0,30,,68787,19,,,0,69,,68769,19,,,0,30,,68778,19,,,0,67,,68756,19,,,0,28,,68758,19,,,0,69,,68779,19,,,0,30,,68763,19,,,0,69,,68771,19,,,0,28,,68757,19,,,0,70,,68759,19,,,0,29,,68780,19,,,0,70,,68764,19,,,0,31,,68772,19,,,0,71,,68761,19,,,0,30,,68762,19,,,0,74,,68781,19,,,0,30,,68765,19,,,0,69,,68774,19,,,0,31,,68767,19,,,0,70,,68766,19,,,0,31,,68782,19,,,0,70,,68770,19,,,0,36,,68773,19,,,0,76,,68775,19,,,0,29,,68784,19,,,0,70,,68776,19,,,0,32,,68785,19,,,0,70,,68783,19,,,0,30,,68788,19,,,0,144,,68789,19,,,0
2101,'4623',556,,68685,19,,,0,68,,68692,19,,,0,24,,68684,19,,,0,60,,68680,19,,,0,17,,68686,23,,,0,18,,68683,23,,,0,60,,68688,23,,,0,21,,68681,23,,,0,20,,68694,23,,,0,69,,68700,23,,,0,29,,68691,23,,,0,69,,68682,23,,,0,29,,68687,23,,,0,69,,68695,23,,,0,30,,68698,23,,,0,72,,68690,23,,,0,30,,68699,23,,,0,70,,68689,23,,,0,30,,68696,23,,,0,70,,68697,23,,,0,32,,68693,23,,,0,60,,68701,23,,,0,20,,68703,23,,,0,20,,68708,19,,,0,62,,68705,23,,,0,21,,68702,23,,,0,22,,68707,23,,,0,58,,68709,23,,,0,18,,68706,19,,,0,20,,68704,23,,,0,60,,68710,23,,,0,20,,68713,23,,,0,31,,68712,19,,,0,71,,68711,19,,,0,30,,68714,19,,,0,70,,68715,19,,,0,30,,68716,19,,,0,70,,68719,19,,,0,31,,68718,19,,,0,71,,68717,19,,,0,29,,68720,19,,,0,145,,68721,19,,,0
2101,'4832',655,,68845,19,,,0,80,,68835,19,,,0,80,,68846,19,,,0,36,,68844,19,,,0,65,,68832,19,,,0,28,,68834,19,,,0,70,,68847,19,,,0,29,,68833,19,,,0,70,,68848,19,,,0,29,,68837,19,,,0,70,,68836,19,,,0,30,,68849,19,,,0,68,,68838,19,,,0,29,,68850,19,,,0,70,,68851,19,,,0,30,,68852,19,,,0,71,,68840,19,,,0,32,,68841,19,,,0,73,,68842,19,,,0,29,,68843,19,,,0,71,,68839,19,,,0,30,,68853,19,,,0,72,,68854,19,,,0,35,,68855,19,,,0,104,,68856,19,,,0,101,,68857,19,,,0,102,,68858,19,,,0,100,,68859,19,,,0,143,,68860,19,,,0
2101,'4833',647,,68752,19,,,0,70,,68734,19,,,0,31,,68743,19,,,0,71,,68726,19,,,0,30,,68753,19,,,0,69,,68735,19,,,0,30,,68744,19,,,0,67,,68722,19,,,0,28,,68724,19,,,0,69,,68745,19,,,0,30,,68729,19,,,0,69,,68737,19,,,0,28,,68723,19,,,0,70,,68725,19,,,0,29,,68746,19,,,0,70,,68730,19,,,0,31,,68738,19,,,0,71,,68727,19,,,0,30,,68728,19,,,0,74,,68747,19,,,0,30,,68731,19,,,0,69,,68740,19,,,0,31,,68733,19,,,0,70,,68732,19,,,0,31,,68748,19,,,0,70,,68736,19,,,0,36,,68739,19,,,0,76,,68741,19,,,0,29,,68750,19,,,0,70,,68742,19,,,0,32,,68751,19,,,0,70,,68749,19,,,0,30,,68754,19,,,0,144,,68755,19,,,0
2101,'5222',556,,68795,19,,,0,68,,68802,19,,,0,24,,68794,19,,,0,60,,68790,19,,,0,17,,68796,23,,,0,18,,68793,23,,,0,60,,68798,23,,,0,21,,68791,23,,,0,20,,68804,23,,,0,69,,68810,23,,,0,29,,68801,23,,,0,69,,68792,23,,,0,29,,68797,23,,,0,69,,68805,23,,,0,30,,68808,23,,,0,72,,68800,23,,,0,30,,68809,23,,,0,70,,68799,23,,,0,30,,68806,23,,,0,70,,68807,23,,,0,32,,68803,23,,,0,60,,68811,23,,,0,20,,68813,23,,,0,20,,68818,19,,,0,62,,68815,23,,,0,21,,68812,23,,,0,22,,68817,23,,,0,58,,68819,23,,,0,18,,68816,19,,,0,20,,68814,23,,,0,60,,68820,23,,,0,20,,68823,23,,,0,31,,68822,19,,,0,71,,68821,19,,,0,30,,68824,19,,,0,70,,68825,19,,,0,30,,68826,19,,,0,70,,68829,19,,,0,31,,68828,19,,,0,71,,68827,19,,,0,29,,68830,19,,,0,145,,68831,19,,,0
2101,'5390',655,,68874,19,,,0,80,,68864,19,,,0,80,,68875,19,,,0,36,,68873,19,,,0,65,,68861,19,,,0,28,,68863,19,,,0,70,,68876,19,,,0,29,,68862,19,,,0,70,,68877,19,,,0,29,,68866,19,,,0,70,,68865,19,,,0,30,,68878,19,,,0,68,,68867,19,,,0,29,,68879,19,,,0,70,,68880,19,,,0,30,,68881,19,,,0,71,,68869,19,,,0,32,,68870,19,,,0,73,,68871,19,,,0,29,,68872,19,,,0,71,,68868,19,,,0,30,,68882,19,,,0,72,,68883,19,,,0,35,,68884,19,,,0,104,,68885,19,,,0,101,,68886,19,,,0,102,,68887,19,,,0,100,,68888,19,,,0,143,,68889,19,,,0
2201,'4532',726,,69115,31,,,0,79,,69126,31,,,0,29,,69111,31,,,0,69,,69105,31,,,0,30,,69114,31,,,0,70,,69127,31,,,0,28,,69110,31,,,0,69,,69109,31,,,0,31,,69112,31,,,0,28,,69107,31,,,0,68,,69131,31,,,0,30,,69108,31,,,0,68,,69113,31,,,0,30,,69106,31,,,0,70,,69119,31,,,0,31,,69130,31,,,0,69,,69121,31,,,0,32,,69117,31,,,0,71,,69120,31,,,0,74,,69122,31,,,0,31,,69118,31,,,0,71,,69116,31,,,0,30,,69124,31,,,0,72,,69123,31,,,0,27,,69129,31,,,0,68,,69125,31,,,0,32,,69132,31,,,0,71,,69128,31,,,0,48,,69133,31,0,5 49,0
2201,'4623',610,,69054,39,,,0,28,,69056,39,,,0,90,,69057,31,,,0,27,,69055,45,,,0,73,,69058,45,,,0,31,,69060,45,,,0,98,,69059,45,,,0,68,,69061,45,,,0,30,,69062,45,,,0,99,,69052,45,,,0,69,,69064,31,,,0,29,,69065,31,,,0,100,,69063,31,,,0,71,,69053,31,,,0,102,,69066,31,,,0,32,,69067,31,,,0,70,,69068,31,,,0,102,,69069,31,,,0,76,,69070,31,,,0,97,,69071,31,,,0,30,,69072,31,,,0,102,,69074,31,,,0,72,,69073,31,,,0,48,,69075,31,0,5 49,0
2201,'4832',755,,69166,31,,,0,80,,69167,31,,,0,69,,69159,31,,,0,28,,69160,31,,,0,70,,69169,31,,,0,29,,69168,31,,,0,69,,69158,31,,,0,30,,69162,31,,,0,70,,69163,31,,,0,30,,69161,31,,,0,28,,69165,31,,,0,69,,69164,31,,,0,30,,69171,31,,,0,70,,69172,31,,,0,31,,69170,31,,,0,70,,69174,31,,,0,75,,69173,31,,,0,30,,69176,31,,,0,70,,69175,31,,,0,30,,69177,31,,,0,72,,69178,31,,,0,30,,69179,31,,,0,91,,69180,31,0,5,0,101,,69181,31,0,5,0,110,,69182,31,0,5,0
2201,'4833',726,,69086,31,,,0,79,,69096,31,,,0,29,,69082,31,,,0,69,,69076,31,,,0,30,,69085,31,,,0,70,,69097,31,,,0,28,,69081,31,,,0,69,,69080,31,,,0,31,,69083,31,,,0,28,,69078,31,,,0,68,,69101,31,,,0,30,,69079,31,,,0,68,,69084,31,,,0,30,,69077,31,,,0,70,,69090,31,,,0,31,,69100,31,,,0,69,,69092,31,,,0,32,,69088,31,,,0,71,,69091,31,,,0,74,,69093,31,,,0,31,,69089,31,,,0,71,,69087,31,,,0,30,,69104,31,,,0,72,,69094,31,,,0,27,,69099,31,,,0,68,,69095,31,,,0,32,,69102,31,,,0,71,,69098,31,,,0,48,,69103,31,0,5 49,0
2201,'5222',610,,69136,39,,,0,28,,69138,39,,,0,90,,69139,31,,,0,27,,69137,45,,,0,73,,69140,45,,,0,31,,69142,45,,,0,98,,69141,45,,,0,68,,69143,45,,,0,30,,69144,45,,,0,99,,69134,45,,,0,69,,69146,31,,,0,29,,69147,31,,,0,100,,69145,31,,,0,71,,69135,31,,,0,102,,69148,31,,,0,32,,69149,31,,,0,70,,69150,31,,,0,102,,69151,31,,,0,76,,69152,31,,,0,97,,69153,31,,,0,30,,69154,31,,,0,102,,69156,31,,,0,72,,69155,31,,,0,48,,69157,31,0,5 49,0
2201,'5390',755,,69191,31,,,0,80,,69192,31,,,0,69,,69184,31,,,0,28,,69185,31,,,0,70,,69194,31,,,0,29,,69193,31,,,0,69,,69183,31,,,0,30,,69187,31,,,0,70,,69188,31,,,0,30,,69186,31,,,0,28,,69190,31,,,0,69,,69189,31,,,0,30,,69196,31,,,0,70,,69197,31,,,0,31,,69195,31,,,0,70,,69199,31,,,0,75,,69198,31,,,0,30,,69201,31,,,0,70,,69200,31,,,0,30,,69202,31,,,0,72,,69203,31,,,0,30,,69204,31,,,0,91,,69205,31,0,5,0,101,,69206,31,0,5,0,110,,69207,31,0,5,0
1002201,'4623',709,,77489,33,,,0,218,,77490,33,,,0,198,,77492,33,,,0,197,,77493,19,,,0,133,,77494,19,,,0,201,,77491,19,,,0,175,,77495,19,,,0,172,,77496,19,,,0
1002201,'5222',709,,77497,33,,,0,218,,77498,33,,,0,198,,77500,33,,,0,197,,77501,19,,,0,133,,77502,19,,,0,201,,77499,19,,,0,175,,77503,19,,,0,172,,77504,19,,,0
