3801,'4623',709,,72340,39,,,0,31,,72344,39,,,0,69,,72342,39,,,0,30,,72343,39,,,0,70,,72341,39,,,0,43,,72348,39,,,0,94,,72345,39,,,0,99,,72346,39,,,0,102,,72347,39,,,0,104,,72349,39,,,0,102,,72350,39,,,0,148,,72356,39,,,0,52,,72353,39,,,0,72,,72359,39,,,0,24,,72351,39,,,0,64,,72352,39,,,0,23,,72357,39,,,0,66,,72354,39,,,0,37,,72360,39,,,0,100,,72355,39,,,0,103,,72358,39,,,0
3801,'5222',709,,72361,39,,,0,31,,72365,39,,,0,69,,72363,39,,,0,30,,72364,39,,,0,70,,72362,39,,,0,43,,72369,39,,,0,94,,72366,39,,,0,99,,72367,39,,,0,102,,72368,39,,,0,104,,72370,39,,,0,102,,72371,39,,,0,148,,72377,39,,,0,52,,72374,39,,,0,72,,72380,39,,,0,24,,72372,39,,,0,64,,72373,39,,,0,23,,72378,39,,,0,66,,72375,39,,,0,37,,72381,39,,,0,100,,72376,39,,,0,103,,72379,39,,,0
4601,'4623',721,,72822,32,,,0,110,,72812,32,,,0,125,,72814,32,,,0,95,,72813,32,,,0,384,,72815,32,,,0,165,,72817,32,,,0,34,,72816,32,,,0,77,,72820,32,,,0,41,,72818,32,,,0,63,,72819,32,,,0,87,,72821,32,,,0
4601,'5222',721,,72833,32,,,0,110,,72823,32,,,0,125,,72825,32,,,0,95,,72824,32,,,0,384,,72826,32,,,0,165,,72828,32,,,0,34,,72827,32,,,0,77,,72831,32,,,0,41,,72829,32,,,0,63,,72830,32,,,0,87,,72832,32,,,0
5801,'4532',647,,73981,3,,,0,100,,73982,3,,,0,100,,73983,3,,,0,105,,73984,3,,,0,105,,73980,3,,,0,145,,73979,3,,,0,100,,73978,3,,,0,110,,73977,3,,,0,100,,73975,3,,,0,110,,73976,3,,,0,100,,73970,3,,,0,105,,73971,3,,,0,100,,73972,3,,,0,105,,73973,3,,,0,115,,73974,3,,,0,110,,73969,3,,,0
5801,'4623',614,,73938,3,,,0,31,,73939,3,,,0,77,,73940,3,,,0,80,,73941,3,,,0,55,,73951,3,,,0,84,,73942,3,,,0,86,,73943,3,,,0,85,,73932,3,,,0,45,,73944,3,,,0,85,,73933,3,,,0,86,,73945,3,,,0,86,,73934,3,,,0,43,,73935,3,,,0,83,,73936,3,,,0,90,,73946,3,,,0,91,,73937,3,,,0,85,,73947,3,,,0,45,,73948,3,,,0,186,,73950,3,,,0,110,,73949,3,,,0,110,,73952,3,,,0
5801,'4832',747,,74006,3,,,0,100,,74012,3,,,0,105,,74010,3,,,0,105,,74013,3,,,0,145,,74008,3,,,0,100,,74011,3,,,0,110,,74007,3,,,0,100,,74014,3,,,0,110,,74009,3,,,0,100,,74017,3,,,0,105,,74016,3,,,0,100,,74018,3,,,0,105,,74019,3,,,0,200,,74015,3,,,0
5801,'4833',647,,73965,3,,,0,100,,73966,3,,,0,100,,73967,3,,,0,105,,73968,3,,,0,105,,73964,3,,,0,145,,73963,3,,,0,100,,73962,3,,,0,110,,73961,3,,,0,100,,73959,3,,,0,110,,73960,3,,,0,100,,73954,3,,,0,105,,73955,3,,,0,100,,73956,3,,,0,105,,73957,3,,,0,115,,73958,3,,,0,110,,73953,3,,,0
5801,'5222',614,,73991,3,,,0,31,,73992,3,,,0,77,,73993,3,,,0,80,,73994,3,,,0,55,,74004,3,,,0,84,,73995,3,,,0,86,,73996,3,,,0,85,,73985,3,,,0,45,,73997,3,,,0,85,,73986,3,,,0,86,,73998,3,,,0,86,,73987,3,,,0,43,,73988,3,,,0,83,,73989,3,,,0,90,,73999,3,,,0,91,,73990,3,,,0,85,,74000,3,,,0,45,,74001,3,,,0,186,,74003,3,,,0,110,,74002,3,,,0,110,,74005,3,,,0
5801,'5390',747,,74020,3,,,0,100,,74026,3,,,0,105,,74024,3,,,0,105,,74027,3,,,0,145,,74022,3,,,0,100,,74025,3,,,0,110,,74021,3,,,0,100,,74028,3,,,0,110,,74023,3,,,0,100,,74031,3,,,0,105,,74030,3,,,0,100,,74032,3,,,0,105,,74033,3,,,0,200,,74029,3,,,0
6501,'4623',1641,,74774,23,,,0,68,,74777,23,,,0,32,,74776,23,,,0,69,,74775,23,,,0
6501,'5222',1641,,74778,23,,,0,68,,74781,23,,,0,32,,74780,23,,,0,69,,74779,23,,,0
24005101,'4623',808,,77788,25,,,0,32,,77787,25,,,0,766,,77786,25,,,0,25,,77785,25,,,0,76,,77784,25,,,0,26,,77790,25,,,0,20,,77789,25,,,0,65,,77783,25,,,0
24005101,'5222',808,,77796,25,,,0,32,,77795,25,,,0,766,,77794,25,,,0,25,,77793,25,,,0,76,,77792,25,,,0,26,,77798,25,,,0,20,,77797,25,,,0,65,,77791,25,,,0
