601,'4743',600,,11196,,,0,23,,11197,,,0,20,,11198,,,0,78,,11199,,,0,16,,11200,,,0,19,,11201,,,0,73,,11202,,,0,14,,11203,,,0,15,,11204,,,0,68,,11205,,,0,13,,11206,,,0,13,,11195,,,0,62,,11207,,,0,12,,11208,,,0,12,,11209,,,0,64,,11210,,,0,11,,11211,,,0,12,,11212,,,0,24,,11213,,,0,51,,11214,,,0,12,,11215,,,0,23,,11216,,,0,12,,11217,,,0,12,,11218,,,0,64,,11219,,,0,10,,11220,,,0,11,,11221,,,0,60,,11222,,,0,10,,11223,,,0,11,,11224,,,0,21,,11225,,,0,11,,11226,,,0,50,,11227,,,0,21,,11228,,,0,10,,11229,,,0,10,,11230,,,0,61,,11231,,,0,10,,11232,,,0,10,,11233,,,0,11,,11234,,,0,64,,11235,,,0,13,,11236,,,0,12,,11237,,,0,13,,11238,,,0,65,,11239,,,0,12,,11240,,,0,13,,11241,,,0,15,,11242,,,0,70,,11243,,,0,15,,11244,,,0,15,,11245,,,0,77,,11246,,,0,18,,11247,,,0,76,,11248,,,0,18,,11249,,,0,82,,11250,,,0,25,,11251,,,0,95,,11252,,,0,66,,11253,,,0,31,,11254,,,0
601,'4933',825,,1455,,,0
601,'4935',540,,1460,,,0,15,,1454,,,0,69,,1448,,,0,24,,1459,,,0,55,,1425,,,0,15,,1444,,,0,6,,1417,,,0,15,,1447,,,0,16,,1435,,,0,52,,1426,,,0,36,,1443,,,0,57,,1449,,,0,17,,1414,,,0,20,,1428,,,0,22,,1420,,,0,63,,1450,,,0,23,,1437,,,0,63,,1456,,,0,24,,1445,,,0,24,,1462,,,0,64,,1429,,,0,25,,1419,,,0,65,,1451,,,0,23,,1436,,,0,21,,1430,,,0,60,,1418,,,0,19,,1446,,,0,20,,1461,,,0,58,,1411,,,0,11,,1413,,,0,5,,1431,,,0,11,,1458,,,0,20,,1412,,,0,59,,1452,,,0,19,,1439,,,0,22,,1433,,,0,62,,1421,,,0,26,,1453,,,0,64,,1440,,,0,12,,1457,,,0,25,,1424,,,0,70,,1415,,,0,33,,1432,,,0,77,,1416,,,0,18,,1438,,,0,76,,1423,,,0,21,,1422,,,0,90,,1427,,,0,100,,1441,,,0,73,,1434,,,0,31,,1442,,,0
601,'4940',825,,11255,,,0
601,'4941',540,,1516,,,0,15,,1510,,,0,69,,1504,,,0,24,,1515,,,0,55,,1477,,,0,15,,1498,,,0,6,,1469,,,0,15,,1503,,,0,16,,1487,,,0,52,,1478,,,0,18,,11256,,,0,18,,1497,,,0,57,,1505,,,0,17,,1466,,,0,20,,1480,,,0,22,,1472,,,0,63,,1506,,,0,23,,1489,,,0,63,,1512,,,0,24,,1499,,,0,24,,1518,,,0,64,,1481,,,0,25,,1471,,,0,65,,1507,,,0,23,,1488,,,0,21,,1482,,,0,60,,1470,,,0,19,,1500,,,0,20,,1517,,,0,58,,1463,,,0,11,,1465,,,0,5,,1483,,,0,11,,1514,,,0,20,,1464,,,0,59,,1508,,,0,19,,1491,,,0,22,,1485,,,0,62,,1473,,,0,26,,1509,,,0,64,,1492,,,0,12,,1513,,,0,25,,1476,,,0,70,,1467,,,0,33,,1484,,,0,77,,1468,,,0,18,,1490,,,0,76,,1475,,,0,21,,1474,,,0,90,,1479,,,0,100,,1493,,,0,73,,1486,,,0,31,,1495,,,0,70,,1494,,,0,30,,1496,,,0,71,,1501,,,0,30,,1502,,,0
601,'4943',600,,1520,,,0,23,,1521,,,0,20,,1522,,,0,78,,1523,,,0,16,,1524,,,0,19,,1525,,,0,73,,1526,,,0,14,,1527,,,0,15,,1528,,,0,68,,1529,,,0,13,,11257,,,0,13,,1519,,,0,62,,1531,,,0,12,,1532,,,0,12,,1533,,,0,64,,1534,,,0,11,,1535,,,0,12,,1536,,,0,24,,1537,,,0,51,,11258,,,0,12,,1539,,,0,23,,1540,,,0,12,,1541,,,0,12,,1542,,,0,64,,11259,,,0,10,,1544,,,0,11,,11260,,,0,60,,1546,,,0,10,,1547,,,0,11,,1548,,,0,21,,11261,,,0,11,,1550,,,0,50,,1551,,,0,21,,1552,,,0,10,,1553,,,0,10,,1554,,,0,61,,1555,,,0,10,,1556,,,0,10,,1557,,,0,11,,11262,,,0,64,,1559,,,0,13,,1560,,,0,12,,1561,,,0,13,,1562,,,0,65,,1563,,,0,12,,1564,,,0,13,,1565,,,0,15,,1566,,,0,70,,1567,,,0,15,,1568,,,0,15,,1569,,,0,77,,1570,,,0,18,,1571,,,0,76,,1572,,,0,18,,1573,,,0,82,,1574,,,0,25,,1575,,,0,95,,11263,,,0,66,,1577,,,0,31,,11264,,,0,70,,1579,,,0,30,,11265,,,0,71,,1581,,,0,29,,11266,,,0
601,'4945',642,,1620,,,0,95,,1594,,,0,84,,1603,,,0,19,,1593,,,0,79,,1619,,,0,17,,1608,,,0,15,,1630,,,0,70,,1584,,,0,16,,1622,,,0,15,,1610,,,0,70,,1592,,,0,15,,11267,,,0,12,,1583,,,0,64,,1612,,,0,12,,11269,,,0,12,,1588,,,0,12,,1602,,,0,64,,11268,,,0,12,,1627,,,0,12,,1611,,,0,12,,11270,,,0,64,,1601,,,0,12,,1590,,,0,12,,1589,,,0,12,,1625,,,0,64,,1597,,,0,13,,1598,,,0,12,,11271,,,0,12,,1599,,,0,65,,11277,,,0,12,,1605,,,0,12,,1595,,,0,12,,1596,,,0,64,,1631,,,0,12,,1607,,,0,13,,1623,,,0,16,,1604,,,0,70,,11272,,,0,19,,1606,,,0,58,,11275,,,0,36,,11273,,,0,18,,1613,,,0,74,,11274,,,0,17,,1616,,,0,75,,11276,,,0,20,,1624,,,0,96,,1618,,,0,71,,11278,,,0,31,,1628,,,0
1000601,'4743',703,,14191,,,0,111,,14192,,,0,99,,14193,,,0,89,,14194,,,0,48,,14195,,,0,87,,14196,,,0,87,,14197,,,0,88,,14198,,,0,42,,14199,,,0,82,,14200,,,0,82,,14201,,,0,82,,14202,,,0,53,,14203,,,0,100,,14204,,,0,149,,14205,,,0,103,,14206,,,0,54,,14207,,,0,99,,14208,,,0,150,,14209,,,0
1000601,'4935',610,,10312,,,0,47,,10307,,,0,74,,10301,,,0,69,,10315,,,0,34,,10302,,,0,75,,10316,,,0,39,,10314,,,0,86,,10317,,,0,86,,10303,,,0,88,,10309,,,0,50,,10313,,,0,86,,10297,,,0,80,,10296,,,0,79,,10310,,,0,45,,10304,,,0,76,,10298,,,0,84,,10300,,,0,49,,10299,,,0,145,,10318,,,0,107,,10305,,,0,94,,10308,,,0,99,,10311,,,0,100,,10306,,,0
1000601,'4941',610,,10335,,,0,47,,10330,,,0,74,,10324,,,0,69,,10338,,,0,34,,10325,,,0,75,,10339,,,0,39,,10337,,,0,86,,10340,,,0,86,,10326,,,0,88,,10332,,,0,50,,10336,,,0,86,,10320,,,0,80,,10319,,,0,79,,10333,,,0,45,,10327,,,0,76,,10321,,,0,84,,10323,,,0,49,,10322,,,0,145,,10341,,,0,107,,10328,,,0,94,,10331,,,0,99,,10334,,,0,100,,10329,,,0
1000601,'4943',703,,10342,,,0,111,,10343,,,0,99,,10344,,,0,89,,10345,,,0,48,,10346,,,0,87,,10347,,,0,87,,14210,,,0,88,,10349,,,0,42,,10350,,,0,82,,10351,,,0,82,,10352,,,0,82,,10353,,,0,53,,10354,,,0,100,,10355,,,0,149,,10356,,,0,103,,10357,,,0,54,,14211,,,0,99,,10359,,,0,150,,10360,,,0
1000601,'4945',712,,10368,,,0,90,,10374,,,0,57,,10362,,,0,147,,10366,,,0,101,,10361,,,0,94,,10376,,,0,100,,14212,,,0,100,,10364,,,0,100,,10370,,,0,101,,14214,,,0,101,,14213,,,0,108,,10369,,,0,110,,14215,,,0,93,,14216,,,0,91,,10372,,,0,107,,14217,,,0
2000601,'4935',636,,10552,,,0,74,,10558,,,0,38,,10546,,,0,68,,10549,,,0,36,,10547,,,0,73,,10551,,,0,86,,10554,,,0,46,,10548,,,0,87,,10556,,,0,89,,10559,,,0,89,,10561,,,0,82,,10560,,,0,39,,10557,,,0,77,,10544,,,0,87,,10555,,,0,40,,10545,,,0,86,,10562,,,0,102,,10550,,,0,97,,10553,,,0
2000601,'4941',636,,10571,,,0,74,,10577,,,0,38,,10565,,,0,68,,10568,,,0,36,,10566,,,0,73,,10570,,,0,86,,10573,,,0,46,,10567,,,0,87,,10575,,,0,89,,10578,,,0,89,,10580,,,0,82,,10579,,,0,39,,10576,,,0,77,,10563,,,0,87,,10574,,,0,40,,10564,,,0,86,,10581,,,0,102,,10569,,,0,97,,10572,,,0
