7201,'4663',558,,61381,35,,,0,80,,61371,35,,,0,70,,61382,35,,,0,32,,61373,35,,,0,72,,61357,35,,,0,21,,61359,35,,,0,67,,61380,35,,,0,30,,61386,35,,,0,70,,61364,35,,,0,30,,61379,35,,,0,70,,61372,35,,,0,33,,61354,35,,,0,70,,61383,35,,,0,30,,61370,35,,,0,71,,61363,35,,,0,30,,61355,35,,,0,70,,61356,35,,,0,34,,61358,35,,,0,68,,61362,35,,,0,30,,61387,35,,,0,71,,61361,35,,,0,27,,61365,35,,,0,70,,61369,35,,,0,31,,61367,35,,,0,70,,61368,35,,,0,28,,61366,35,,,0,70,,61388,35,,,0,29,,61375,35,,,0,70,,61376,35,,,0,30,,61374,35,,,0,70,,61377,35,,,0,30,,61378,35,,,0,97,,61385,35,,,0,99,,61384,35,,,0,99,,61389,35,,,0
7201,'5355',833,,61391,35,,,0,605,,61390,35,,,0,367,,61392,35,,,0
7201,'5372',558,,46746,35,,,0,80,,46736,35,,,0,70,,46747,35,,,0,32,,46738,35,,,0,72,,46725,35,,,0,88,,46745,35,,,0,30,,46751,35,,,0,70,,46730,35,,,0,30,,46744,35,,,0,70,,46737,35,,,0,33,,46722,35,,,0,70,,46748,35,,,0,30,,46735,35,,,0,71,,46729,35,,,0,30,,46723,35,,,0,70,,46724,35,,,0,102,,46728,35,,,0,30,,46752,35,,,0,71,,46727,35,,,0,27,,46731,35,,,0,70,,46734,35,,,0,31,,46733,35,,,0,98,,46732,35,,,0,70,,46753,35,,,0,29,,46740,35,,,0,70,,46741,35,,,0,30,,46739,35,,,0,70,,46742,35,,,0,30,,46743,35,,,0,97,,46750,35,,,0,99,,46749,35,,,0,99,,46754,35,,,0
7201,'5374',833,,46792,35,,,0,605,,46791,35,,,0,367,,46793,35,,,0
7201,'5375',833,,46794,35,,,0,602,,46795,35,,,0,370,,46796,35,,,0
7201,'5377',727,,46830,35,,,0,100,,46831,35,,,0,100,,46832,35,,,0,105,,46833,35,,,0,100,,46834,35,,,0,70,,46835,35,,,0,30,,46829,35,,,0,69,,46836,35,,,0,30,,46837,35,,,0,70,,46839,35,,,0,30,,46840,35,,,0,71,,46841,35,,,0,30,,46838,35,,,0,70,,46842,35,,,0,29,,46843,35,,,0,70,,46844,35,,,0,34,,46845,35,,,0,68,,46846,35,,,0,32,,46847,35,,,0,70,,46848,35,,,0,30,,46849,35,,,0,69,,46850,35,,,0,30,,46851,35,,,0,70,,46852,35,,,0,30,,46853,35,,,0,95,,46854,35,,,0,99,,46855,35,,,0
7201,'5383',625,,61424,35,,,0,103,,61394,35,,,0,99,,61395,35,,,0,73,,61396,35,,,0,31,,61397,35,,,0,70,,61398,35,,,0,31,,61399,35,,,0,69,,61400,35,,,0,31,,61401,35,,,0,70,,61402,35,,,0,30,,61393,35,,,0,70,,61403,35,,,0,30,,61404,35,,,0,71,,61405,35,,,0,34,,61406,35,,,0,71,,61407,35,,,0,29,,61408,35,,,0,71,,61409,35,,,0,29,,61410,35,,,0,66,,61411,35,,,0,28,,61412,35,,,0,70,,61413,35,,,0,29,,61414,35,,,0,70,,61415,35,,,0,29,,61416,35,,,0,30,,61417,35,,,0,71,,61418,35,,,0,29,,61419,35,,,0,70,,61420,35,,,0,101,,61421,35,,,0,98,,61422,35,,,0,99,,61423,35,,,0
7201,'5384',727,,61426,35,,,0,100,,61427,35,,,0,100,,61428,35,,,0,105,,61429,35,,,0,100,,61430,35,,,0,70,,61431,35,,,0,30,,61425,35,,,0,69,,61432,35,,,0,30,,61433,35,,,0,70,,61435,35,,,0,30,,61436,35,,,0,71,,61437,35,,,0,30,,61434,35,,,0,70,,61438,35,,,0,29,,61439,35,,,0,70,,61440,35,,,0,34,,61441,35,,,0,68,,61442,35,,,0,32,,61443,35,,,0,70,,61444,35,,,0,30,,61445,35,,,0,69,,61446,35,,,0,30,,61447,35,,,0,70,,61448,35,,,0,30,,61449,35,,,0,95,,61450,35,,,0,99,,61451,35,,,0
7201,'5385',558,,61476,35,,,0,80,,61466,35,,,0,70,,61477,35,,,0,32,,61468,35,,,0,72,,61455,35,,,0,88,,61475,35,,,0,30,,61481,35,,,0,70,,61460,35,,,0,30,,61474,35,,,0,70,,61467,35,,,0,33,,61452,35,,,0,70,,61478,35,,,0,30,,61465,35,,,0,71,,61459,35,,,0,30,,61453,35,,,0,70,,61454,35,,,0,102,,61458,35,,,0,30,,61482,35,,,0,71,,61457,35,,,0,27,,61461,35,,,0,70,,61464,35,,,0,31,,61463,35,,,0,98,,61462,35,,,0,70,,61483,35,,,0,29,,61470,35,,,0,70,,61471,35,,,0,30,,61469,35,,,0,70,,61472,35,,,0,30,,61473,35,,,0,97,,61480,35,,,0,99,,61479,35,,,0,99,,61484,35,,,0
7201,'5386',833,,61485,35,,,0,602,,61486,35,,,0,370,,61487,35,,,0
7501,'4663',532,,61620,2,,,0,70,,61621,2,,,0,22,,61622,2,,,0,18,,61623,2,,,0,62,,61624,2,,,0,26,,61625,2,,,0,17,,61626,2,,,0,56,,61627,2,,,0,30,,61628,2,,,0,70,,61629,2,,,0,39,,61630,2,,,0,70,,61631,2,,,0,33,,61632,2,,,0,68,,61633,2,,,0,30,,61634,2,,,0,70,,61635,2,,,0,30,,61636,2,,,0,70,,61637,2,,,0,30,,61638,2,,,0,69,,61639,2,,,0,31,,61640,2,,,0,59,,61656,2,,,0,12,,61641,2,,,0,19,,61642,2,,,0,14,,61643,2,,,0,54,,61644,2,,,0,16,,61646,2,,,0,28,,61647,2,,,0,68,,61648,2,,,0,30,,61649,2,,,0,99,,61650,2,,,0,98,,61651,2,,,0,100,,61652,2,,,0,99,,61653,2,,,0,95,,61654,2,0,28 29 14,0,99,,61655,2,0,28 29 14,0
7501,'5372',532,,47038,2,,,0,70,,47039,2,,,0,22,,47040,2,,,0,18,,47041,2,,,0,62,,47042,2,,,0,26,,47043,2,,,0,17,,47044,2,,,0,56,,47045,2,,,0,30,,47046,2,,,0,70,,47047,2,,,0,39,,47048,2,,,0,70,,47049,2,,,0,33,,47050,2,,,0,68,,47051,2,,,0,30,,47052,2,,,0,70,,47053,2,,,0,30,,47054,2,,,0,70,,51861,2,,,0,30,,47056,2,,,0,69,,47057,2,,,0,31,,47058,2,,,0,59,,61660,2,,,0,12,,47059,2,,,0,19,,47060,2,,,0,14,,51862,2,,,0,54,,47062,2,,,0,16,,47064,2,,,0,28,,47065,2,,,0,68,,47066,2,,,0,30,,47067,2,,,0,99,,47068,2,,,0,98,,47069,2,,,0,100,,47070,2,,,0,99,,47071,2,,,0,95,,47072,2,0,28 29 14,0,99,,50779,2,0,28 29 14,0
7501,'5377',730,,47146,2,0,28 29 14,0,103,,47147,2,,,0,105,,47148,2,,,0,101,,47149,2,,,0,102,,47150,2,,,0,71,,47151,2,,,0,30,,47152,2,,,0,70,,47153,2,,,0,30,,47154,2,,,0,70,,47155,2,,,0,31,,47156,2,,,0,70,,47157,2,,,0,30,,47158,2,,,0,100,,47159,2,,,0,102,,47160,2,,,0,100,,47161,2,,,0,100,,47162,2,,,0,99,,47163,2,,,0,100,,47164,2,,,0,90,,47165,2,0,28 29 14,0,112,,47166,2,0,28 29 14,0
7501,'5383',732,,61662,2,,,0,100,,61663,2,,,0,108,,61664,2,,,0,103,,61665,2,,,0,100,,61666,2,,,0,70,,61667,2,,,0,30,,61668,2,,,0,70,,61669,2,,,0,30,,61670,2,,,0,74,,61671,2,,,0,30,,61672,2,,,0,70,,61673,2,,,0,30,,61674,2,,,0,70,,61675,2,,,0,30,,61676,2,,,0,96,,61677,2,,,0,97,,61678,2,,,0,99,,61679,2,,,0,100,,61680,2,,,0,100,,61681,2,,,0,95,,61682,2,0,28 29 14,0,99,,61683,2,0,28 29 14,0
7501,'5384',730,,61689,2,0,28 29 14,0,103,,61690,2,,,0,105,,61691,2,,,0,101,,61692,2,,,0,102,,61693,2,,,0,71,,61694,2,,,0,30,,61695,2,,,0,70,,61696,2,,,0,30,,61697,2,,,0,70,,61698,2,,,0,31,,61699,2,,,0,70,,61700,2,,,0,30,,61701,2,,,0,100,,61702,2,,,0,102,,61703,2,,,0,100,,61704,2,,,0,100,,61705,2,,,0,99,,61706,2,,,0,100,,61707,2,,,0,90,,61708,2,0,28 29 14,0,112,,61709,2,0,28 29 14,0
7501,'5385',532,,61711,2,,,0,70,,61712,2,,,0,22,,61713,2,,,0,18,,61714,2,,,0,62,,61715,2,,,0,26,,61716,2,,,0,17,,61717,2,,,0,56,,61718,2,,,0,30,,61719,2,,,0,70,,61720,2,,,0,39,,61721,2,,,0,70,,61722,2,,,0,33,,61723,2,,,0,68,,61724,2,,,0,30,,61725,2,,,0,70,,61726,2,,,0,30,,61727,2,,,0,70,,61728,2,,,0,30,,61729,2,,,0,69,,61730,2,,,0,31,,61731,2,,,0,59,,61747,2,,,0,12,,61732,2,,,0,19,,61733,2,,,0,14,,61734,2,,,0,54,,61735,2,,,0,16,,61737,2,,,0,28,,61738,2,,,0,68,,61739,2,,,0,30,,61740,2,,,0,99,,61741,2,,,0,98,,61742,2,,,0,100,,61743,2,,,0,99,,61744,2,,,0,95,,61745,2,0,28 29 14,0,99,,61746,2,0,28 29 14,0
