8100,'4663',603,,61751,7,,,0,149,,61752,7,,,0,163,,61753,7,,,0,96,,61754,7,,,0,100,,61755,7,,,0,100,,61756,7,,,0,100,,61757,7,,,0,100,,61758,7,,,0,100,,61759,7,,,0,28,,61760,6,0,45 14 49,0,73,,61761,7,,,0,100,,61762,7,,,0,47,,61763,7,,,0,155,,61764,7,,,0,100,,61765,7,,,0,107,,61766,7,0,44 49,0
8100,'5372',603,,47191,7,,,0,149,,47192,7,,,0,163,,47193,7,,,0,96,,47194,7,,,0,100,,47195,7,,,0,100,,47196,7,,,0,100,,47197,7,,,0,100,,51866,7,,,0,100,,47199,7,,,0,28,,47200,6,0,45 14 49,0,73,,47201,7,,,0,100,,47202,7,,,0,47,,47203,7,,,0,155,,47204,7,,,0,100,,47205,7,,,0,107,,47206,7,0,44 49,0
8100,'5377',813,,47238,7,,,0,101,,47237,7,,,0,99,,47239,7,,,0,100,,47240,7,,,0,100,,47241,7,,,0,100,,47242,7,,,0,100,,47243,7,,,0,100,,47244,7,,,0,100,,47245,7,,,0,100,,47246,7,,,0,101,,47247,7,,,0,101,,47248,7,,,0,102,,47249,7,,,0,104,,47250,7,0,44 49,0
8100,'5383',814,,61767,7,,,0,100,,61768,7,,,0,99,,61769,7,,,0,99,,61770,7,,,0,101,,61771,7,,,0,100,,61772,7,,,0,101,,61773,7,,,0,100,,61774,7,,,0,100,,61775,7,,,0,100,,61776,7,,,0,100,,61777,7,,,0,102,,61778,7,,,0,100,,61779,7,,,0,101,,61780,7,0,44 49,0
8100,'5384',813,,61782,7,,,0,101,,61781,7,,,0,99,,61783,7,,,0,100,,61784,7,,,0,100,,61785,7,,,0,100,,61786,7,,,0,100,,61787,7,,,0,100,,61788,7,,,0,100,,61789,7,,,0,100,,61790,7,,,0,101,,61791,7,,,0,101,,61792,7,,,0,102,,61793,7,,,0,104,,61794,7,0,44 49,0
8100,'5385',603,,61795,7,,,0,149,,61796,7,,,0,163,,61797,7,,,0,96,,61798,7,,,0,100,,61799,7,,,0,100,,61800,7,,,0,100,,61801,7,,,0,100,,61802,7,,,0,100,,61803,7,,,0,28,,61804,6,0,45 14 49,0,73,,61805,7,,,0,100,,61806,7,,,0,47,,61807,7,,,0,155,,61808,7,,,0,100,,61809,7,,,0,107,,61810,7,0,44 49,0
8101,'4663',548,,61811,20,,,0,169,,61812,35,,,0,33,,61813,20,,,0,179,,61814,35,,,0,103,,61815,35,,,0,97,,61816,35,,,0,100,,61817,35,,,0,100,,61818,35,,,0,100,,61819,35,,,0,103,,61820,35,,,0,98,,61821,35,,,0,98,,61822,35,,,0,100,,61823,35,,,0,99,,61824,35,,,0,100,,61825,35,,,0,99,,61826,35,,,0
8101,'5372',548,,47265,20,,,0,169,,47266,35,,,0,33,,47267,20,,,0,179,,47268,35,,,0,103,,47269,35,,,0,97,,47270,35,,,0,100,,47271,35,,,0,100,,47272,35,,,0,100,,47273,35,,,0,103,,51868,35,,,0,98,,47275,35,,,0,98,,47276,35,,,0,100,,47277,35,,,0,99,,47278,35,,,0,100,,47279,35,,,0,99,,47280,35,,,0
8101,'5377',926,,47310,35,,,0,101,,47311,35,,,0,102,,47312,35,,,0,100,,47313,35,,,0,100,,47314,35,,,0,101,,47315,35,,,0,100,,47316,35,,,0,100,,47317,35,,,0,102,,47318,35,,,0,100,,47319,35,,,0,100,,47320,35,,,0,100,,47321,35,,,0,100,,47322,35,,,0
8101,'5383',926,,61827,35,,,0,103,,61828,35,,,0,100,,61829,35,,,0,100,,61830,35,,,0,100,,61831,35,,,0,104,,61832,35,,,0,100,,61833,35,,,0,100,,61834,35,,,0,96,,61835,35,,,0,97,,61836,35,,,0,100,,61837,35,,,0,100,,61838,35,,,0,100,,61839,35,,,0
8101,'5384',926,,61840,35,,,0,101,,61841,35,,,0,102,,61842,35,,,0,100,,61843,35,,,0,100,,61844,35,,,0,101,,61845,35,,,0,100,,61846,35,,,0,100,,61847,35,,,0,102,,61848,35,,,0,100,,61849,35,,,0,100,,61850,35,,,0,100,,61851,35,,,0,100,,61852,35,,,0
8101,'5385',548,,61853,20,,,0,169,,61854,35,,,0,33,,61855,20,,,0,179,,61856,35,,,0,103,,61857,35,,,0,97,,61858,35,,,0,100,,61859,35,,,0,100,,61860,35,,,0,100,,61861,35,,,0,103,,61862,35,,,0,98,,61863,35,,,0,98,,61864,35,,,0,100,,61865,35,,,0,99,,61866,35,,,0,100,,61867,35,,,0,99,,61868,35,,,0
8700,'4663',704,,61940,3,,,0,200,,61939,3,,,0,200,,61941,3,,,0,200,,61942,3,0,13 14,0,200,,61943,3,,,0,203,,61944,3,,,0
8700,'5372',704,,47419,3,,,0,200,,47418,3,,,0,200,,47420,3,,,0,200,,47421,3,0,13 14,0,200,,47422,3,,,0,203,,47423,3,,,0
8700,'5385',704,,61947,3,,,0,200,,61946,3,,,0,200,,61948,3,,,0,200,,61949,3,0,13 14,0,200,,61950,3,,,0,203,,61951,3,,,0
8701,'4663',657,,61953,39,,,0,200,,61954,39,,,0,200,,61955,39,,,0,200,,61956,39,,,0,200,,61957,39,,,0,243,,61958,39,,,0
8701,'5372',657,,47432,39,,,0,200,,47433,39,,,0,200,,47434,39,,,0,200,,47435,39,,,0,200,,47436,39,,,0,243,,47437,39,,,0
8701,'5385',657,,61959,39,,,0,200,,61960,39,,,0,200,,61961,39,,,0,200,,61962,39,,,0,200,,61963,39,,,0,243,,61964,39,,,0
