401,'4332',711,,37533,20,,,0,20,,48952,20,,,0,20,,48951,20,,,0,58,,37525,20,,,0,17,,37535,20,,,0,16,,37505,20,,,0,16,,37523,20,,,0,56,,37524,20,,,0,15,,37538,20,,,0,16,,37499,20,,,0,55,,37511,20,,,0,15,,37513,20,,,0,15,,37562,20,,,0,15,,37527,20,,,0,55,,37540,20,,,0,16,,37500,20,,,0,15,,37509,20,,,0,15,,37521,20,,,0,55,,37532,20,,,0,15,,37537,20,,,0,15,,37501,20,,,0,16,,37510,20,,,0,55,,37516,20,,,0,15,,37534,20,,,0,16,,37541,20,,,0,16,,37514,20,,,0,55,,37506,20,,,0,16,,37517,20,,,0,16,,37530,20,,,0,16,,37536,20,,,0,56,,37502,20,,,0,16,,37508,20,,,0,15,,37503,20,,,0,16,,37526,20,,,0,56,,37539,20,,,0,17,,37519,20,,,0,16,,37507,20,,,0,56,,37504,20,,,0,16,,37529,20,,,0,15,,37531,20,,,0,17,,37512,20,,,0,58,,37518,20,,,0,18,,37520,20,,,0,18,,37528,20,,,0,58,,51607,20,,,0,18,,37544,20,,,0,18,,48953,20,,,0,18,,37545,20,,,0,58,,51608,20,,,0,18,,51609,20,,,0,18,,48955,20,,,0,58,,37553,20,,,0,18,,37551,20,,,0,18,,51610,20,,,0,65,,37559,20,,,0,23,,37554,20,,,0,70,,48958,20,,,0,31,,48957,20,,,0,71,,37560,20,,,0,30,,37558,20,,,0,69,,37561,20,,,0,30,,37548,20,,,0,71,,37547,20,,,0,30,,37546,20,,,0
401,'4661',601,,37387,20,,,0,18,,37396,20,,,0,20,,37405,20,,,0,15,,37372,20,,,0,55,,37389,20,,,0,14,,37379,20,,,0,15,,37390,20,,,0,15,,37373,20,,,0,54,,37376,20,,,0,16,,37388,20,,,0,15,,37419,20,,,0,14,,37392,20,,,0,54,,37420,20,,,0,16,,37404,20,,,0,15,,37386,20,,,0,15,,37421,20,,,0,55,,37391,20,,,0,15,,37407,20,,,0,15,,37360,20,,,0,14,,37415,20,,,0,55,,37385,20,,,0,15,,37399,20,,,0,17,,37397,20,,,0,15,,37365,20,,,0,55,,37418,20,,,0,15,,37412,20,,,0,15,,37394,20,,,0,15,,37357,20,,,0,53,,37408,20,,,0,15,,37416,20,,,0,16,,37393,20,,,0,15,,37423,20,,,0,55,,37395,20,,,0,14,,37400,20,,,0,15,,37383,20,,,0,13,,37381,20,,,0,55,,37410,20,,,0,16,,37380,20,,,0,16,,37377,20,,,0,15,,37382,20,,,0,56,,37417,20,,,0,14,,37422,20,,,0,14,,37424,20,,,0,15,,37398,20,,,0,55,,37403,20,,,0,12,,37378,20,,,0,15,,37409,20,,,0,16,,37406,20,,,0,55,,37384,20,,,0,15,,37411,20,,,0,15,,37414,20,,,0,16,,37413,20,,,0,56,,37402,20,,,0,15,,37401,20,,,0,15,,37364,20,,,0,15,,37358,20,,,0,56,,37363,20,,,0,18,,37366,20,,,0,17,,37369,20,,,0,16,,37370,20,,,0,57,,37362,20,,,0,20,,37361,20,,,0,20,,37367,20,,,0,84,,37359,20,,,0,64,,37368,20,,,0,29,,37371,20,,,0,70,,37374,20,,,0,31,,37375,20,,,0
401,'4663',601,,37460,20,,,0,18,,37469,20,,,0,20,,37478,20,,,0,15,,37441,20,,,0,55,,37462,20,,,0,14,,37452,20,,,0,15,,37463,20,,,0,15,,37443,20,,,0,54,,37447,20,,,0,16,,37461,20,,,0,15,,37492,20,,,0,14,,37465,20,,,0,54,,37493,20,,,0,16,,37477,20,,,0,15,,37459,20,,,0,15,,37494,20,,,0,55,,37464,20,,,0,15,,37480,20,,,0,15,,37428,20,,,0,14,,37488,20,,,0,55,,37458,20,,,0,15,,37472,20,,,0,17,,37470,20,,,0,15,,37433,20,,,0,55,,37491,20,,,0,15,,37485,20,,,0,15,,37467,20,,,0,15,,37425,20,,,0,53,,37481,20,,,0,15,,37489,20,,,0,16,,37466,20,,,0,15,,37496,20,,,0,55,,37468,20,,,0,14,,37473,20,,,0,15,,37456,20,,,0,13,,37454,20,,,0,55,,37483,20,,,0,16,,37453,20,,,0,16,,37450,20,,,0,15,,37455,20,,,0,56,,37490,20,,,0,14,,37495,20,,,0,14,,37497,20,,,0,15,,37471,20,,,0,55,,37476,20,,,0,12,,37451,20,,,0,15,,37482,20,,,0,16,,37479,20,,,0,55,,37457,20,,,0,15,,37484,20,,,0,15,,37487,20,,,0,16,,37486,20,,,0,56,,37475,20,,,0,15,,37474,20,,,0,15,,37432,20,,,0,15,,37426,20,,,0,56,,37431,20,,,0,18,,37434,20,,,0,17,,37437,20,,,0,16,,37438,20,,,0,57,,37430,20,,,0,20,,37429,20,,,0,20,,37435,20,,,0,60,,51611,20,,,0,24,,37427,20,,,0,64,,37436,20,,,0,29,,37439,20,,,0,70,,37444,20,,,0,31,,37445,20,,,0,70,,37446,20,,,0,31,,37448,20,,,0,70,,37442,20,,,0,30,,37449,20,,,0
401,'5078',733,,48959,20,,,0,70,,37565,20,,,0,32,,48960,20,,,0,69,,37567,20,,,0,28,,37568,20,,,0,70,,37569,20,,,0,20,,37570,20,,,0,19,,37571,20,,,0,60,,37572,20,,,0,19,,37573,20,,,0,20,,37574,20,,,0,60,,37575,20,,,0,20,,37576,20,,,0,20,,37577,20,,,0,19,,37578,20,,,0,60,,37579,20,,,0,20,,37580,20,,,0,18,,37608,20,,,0,58,,37581,20,,,0,16,,37582,20,,,0,16,,37583,20,,,0,56,,37584,20,,,0,17,,37610,20,,,0,16,,37585,20,,,0,16,,37586,20,,,0,56,,37587,20,,,0,17,,37588,20,,,0,16,,37609,20,,,0,16,,37589,20,,,0,57,,37590,20,,,0,17,,37591,20,,,0,18,,37592,20,,,0,59,,37593,20,,,0,17,,37594,20,,,0,18,,37595,20,,,0,58,,37596,20,,,0,18,,37597,20,,,0,19,,37611,20,,,0,18,,37598,20,,,0,60,,37599,20,,,0,20,,37600,20,,,0,64,,37601,20,,,0,31,,37602,20,,,0,72,,37603,20,,,0,29,,37604,20,,,0,71,,37605,20,,,0,31,,37606,20,,,0,68,,48961,20,0,23,0
401,'5079',733,,48962,20,,,0,70,,37613,20,,,0,32,,48963,20,,,0,69,,37615,20,,,0,28,,37616,20,,,0,70,,37617,20,,,0,20,,37618,20,,,0,19,,37619,20,,,0,60,,37620,20,,,0,19,,37621,20,,,0,20,,37622,20,,,0,60,,37623,20,,,0,20,,37624,20,,,0,20,,37625,20,,,0,19,,37626,20,,,0,60,,37627,20,,,0,20,,37628,20,,,0,18,,37656,20,,,0,58,,37629,20,,,0,16,,37630,20,,,0,16,,37631,20,,,0,56,,37632,20,,,0,17,,37658,20,,,0,16,,37633,20,,,0,16,,37634,20,,,0,56,,37635,20,,,0,17,,37636,20,,,0,16,,37657,20,,,0,16,,37637,20,,,0,57,,37638,20,,,0,17,,37639,20,,,0,18,,37640,20,,,0,59,,37641,20,,,0,17,,37642,20,,,0,18,,37643,20,,,0,58,,37644,20,,,0,18,,37645,20,,,0,19,,48964,20,,,0,18,,37646,20,,,0,60,,37647,20,,,0,20,,37648,20,,,0,64,,37649,20,,,0,31,,37650,20,,,0,72,,37651,20,,,0,29,,37652,20,,,0,71,,37653,20,,,0,31,,37654,20,,,0,68,,37655,20,0,23,0
401,'5215',2214,,37563,20,,,0
401,'5218',2214,,51612,20,,,0
401,'5220',2214,,51613,20,,,0
901,'4661',1517,,38903,20,0,24,0,185,,38904,20,,,0,41,,38902,20,,,0
901,'4663',1517,,38906,20,0,24,0,185,,38907,20,,,0,41,,38905,20,,,0
