201,'4663',605,,52843,26,0,46 37,0,21,,52835,26,0,46 37,0,26,,52853,26,0,46 37,0,69,,52847,26,0,46 37,0,31,,52836,26,0,46 37,0,71,,52852,26,0,46 37,0,32,,52841,26,0,46 37,0,71,,52837,26,0,46 37,0,33,,52850,26,0,46 37,0,78,,52842,26,0,46 37,0,79,,52838,26,0,46 37,0,39,,52840,26,0,46 37,0,80,,52839,26,0,46 37,0,80,,52849,26,0,46 37,0,40,,52845,26,0,46 37,0,92,,52846,26,0,46 37,0,55,,52848,7,0,46 37,0,19,,52844,26,0,46 37,0,37,,52855,26,0,46 37,0,75,,52856,26,0,46 37,0,76,,52854,26,0,46 37,0,37,,52857,26,0,46 37,0,87,,52858,26,0,46 37,0,25,,52860,26,0,46 37,0,81,,52859,26,0,46 37,0,83,,52861,26,0,46 37,0,81,,52862,26,0,46 37,0,38,,52863,26,0,46 37,0,81,,52864,26,0,46 37,0,81,,52866,26,0,46 37,0,40,,52865,26,0,46 37,0,72,,52867,26,0,46 37,0
201,'5372',605,,36642,26,0,46 37,0,21,,36634,26,0,46 37,0,26,,36651,26,0,46 37,0,69,,36646,26,0,46 37,0,31,,36635,26,0,46 37,0,71,,36650,26,0,46 37,0,32,,36640,26,0,46 37,0,71,,36636,26,0,46 37,0,33,,36648,26,0,46 37,0,78,,36641,26,0,46 37,0,79,,36637,26,0,46 37,0,39,,36639,26,0,46 37,0,80,,36638,26,0,46 37,0,80,,36647,26,0,46 37,0,40,,36644,26,0,46 37,0,92,,36645,26,0,46 37,0,74,,36643,26,0,46 37,0,37,,36653,26,0,46 37,0,75,,36654,26,0,46 37,0,76,,36652,26,0,46 37,0,37,,36655,26,0,46 37,0,87,,36656,26,0,46 37,0,25,,36658,26,0,46 37,0,81,,36657,26,0,46 37,0,83,,36659,26,0,46 37,0,81,,36660,26,0,46 37,0,38,,36661,26,0,46 37,0,81,,36662,26,0,46 37,0,81,,36664,26,0,46 37,0,40,,36663,26,0,46 37,0,72,,36665,26,0,46 37,0
201,'5373',1502,,36729,7,0,46 37,0
201,'5377',635,,36744,26,0,46 37,0,119,,36751,26,0,46 37,0,158,,36745,26,0,46 37,0,136,,36752,26,0,46 37,0,100,,36731,26,0,46 37,0,79,,36742,26,0,46 37,0,79,,36738,26,0,46 37,0,39,,36737,26,0,46 37,0,81,,36733,26,0,46 37,0,80,,36734,26,0,46 37,0,40,,36743,26,0,46 37,0,81,,36739,26,0,46 37,0,76,,36735,26,0,46 37,0,40,,36736,26,0,46 37,0,81,,36740,26,0,46 37,0,77,,36749,26,0,46 37,0,40,,36741,26,0,46 37,0,80,,36748,26,0,46 37,0,81,,36747,26,0,46 37,0,40,,36750,26,0,46 37,0,81,,36746,26,0,46 37,0,82,,36753,26,0,46 37,0,41,,36754,26,0,46 37,0
201,'5381',1502,,36700,7,0,46 37,0
201,'5383',648,,52889,26,0,46 37,0,158,,52890,26,0,46 37,0,125,,52884,26,0,46 37,0,80,,52877,26,0,46 37,0,97,,52887,26,0,46 37,0,38,,52878,26,0,46 37,0,80,,52870,26,0,46 37,0,78,,52873,26,0,46 37,0,39,,52872,26,0,46 37,0,80,,52882,26,0,46 37,0,80,,52874,26,0,46 37,0,41,,52871,26,0,46 37,0,81,,52875,26,0,46 37,0,75,,52883,26,0,46 37,0,41,,52886,26,0,46 37,0,81,,52885,26,0,46 37,0,37,,52888,26,0,46 37,0,75,,52879,26,0,46 37,0,80,,52880,26,0,46 37,0,45,,52881,26,0,46 37,0,81,,52894,26,0,46 37,0,81,,52891,26,0,46 37,0,83,,52892,26,0,46 37,0,41,,52893,26,0,46 37,0,76,,52895,26,0,46 37,0
201,'5384',635,,52911,26,0,46 37,0,119,,52918,26,0,46 37,0,158,,52912,26,0,46 37,0,136,,52919,26,0,46 37,0,100,,52898,26,0,46 37,0,79,,52909,26,0,46 37,0,79,,52905,26,0,46 37,0,39,,52904,26,0,46 37,0,81,,52900,26,0,46 37,0,80,,52901,26,0,46 37,0,40,,52910,26,0,46 37,0,81,,52906,26,0,46 37,0,76,,52902,26,0,46 37,0,40,,52903,26,0,46 37,0,81,,52907,26,0,46 37,0,77,,52916,26,0,46 37,0,40,,52908,26,0,46 37,0,80,,52915,26,0,46 37,0,81,,52914,26,0,46 37,0,40,,52917,26,0,46 37,0,81,,52913,26,0,46 37,0,82,,52920,26,0,46 37,0,41,,52921,26,0,46 37,0
201,'5385',605,,52930,26,0,46 37,0,21,,52922,26,0,46 37,0,26,,52939,26,0,46 37,0,69,,52934,26,0,46 37,0,31,,52923,26,0,46 37,0,71,,52938,26,0,46 37,0,32,,52928,26,0,46 37,0,71,,52924,26,0,46 37,0,33,,52936,26,0,46 37,0,78,,52929,26,0,46 37,0,79,,52925,26,0,46 37,0,39,,52927,26,0,46 37,0,80,,52926,26,0,46 37,0,80,,52935,26,0,46 37,0,40,,52932,26,0,46 37,0,92,,52933,26,0,46 37,0,74,,52931,26,0,46 37,0,37,,52941,26,0,46 37,0,75,,52942,26,0,46 37,0,76,,52940,26,0,46 37,0,37,,52943,26,0,46 37,0,87,,52944,26,0,46 37,0,25,,52946,26,0,46 37,0,81,,52945,26,0,46 37,0,83,,52947,26,0,46 37,0,81,,52948,26,0,46 37,0,38,,52949,26,0,46 37,0,81,,52950,26,0,46 37,0,81,,52952,26,0,46 37,0,40,,52951,26,0,46 37,0,72,,52953,26,0,46 37,0
201,'5387',1502,,52954,7,0,46 37,0
201,'5388',1502,,52955,7,0,46 37,0
501,'4663',637,,53778,21,,,0,71,,53783,21,,,0,28,,53775,21,,,0,71,,53777,21,,,0,32,,53781,21,,,0,72,,53776,21,,,0,30,,53779,21,,,0,77,,53782,21,,,0,39,,53780,21,,,0,79,,53790,21,,,0,79,,53785,21,,,0,40,,53786,21,,,0,80,,53784,21,,,0,94,,53787,21,,,0,76,,53789,21,,,0,34,,53788,21,,,0,77,,53791,21,,,0,35,,53795,21,,,0,75,,53793,21,,,0,81,,53794,21,,,0,111,,53792,21,,,0,82,,53796,21,,,0,42,,53797,21,,,0
501,'5372',637,,37758,21,,,0,71,,37763,21,,,0,28,,37755,21,,,0,71,,37757,21,,,0,32,,37761,21,,,0,72,,37756,21,,,0,30,,37759,21,,,0,77,,37762,21,,,0,39,,37760,21,,,0,79,,37770,21,,,0,79,,37765,21,,,0,40,,37766,21,,,0,80,,37764,21,,,0,94,,37767,21,,,0,76,,37769,21,,,0,34,,37768,21,,,0,77,,37771,21,,,0,35,,37775,21,,,0,75,,37773,21,,,0,81,,37774,21,,,0,111,,37772,21,,,0,82,,37776,21,,,0,42,,37777,21,,,0
501,'5377',715,,37835,21,,,0,118,,37834,21,,,0,118,,37833,21,,,0,79,,37827,21,,,0,98,,37830,21,,,0,79,,37826,21,,,0,40,,37822,21,,,0,78,,37821,21,,,0,81,,37837,21,,,0,40,,37829,21,,,0,80,,37825,21,,,0,80,,37824,21,,,0,42,,37823,21,,,0,75,,37836,21,,,0,80,,37831,21,,,0,36,,37828,21,,,0,82,,37832,21,,,0
501,'5383',727,,53806,21,,,0,120,,53808,21,,,0,104,,53805,21,,,0,79,,53799,21,,,0,97,,53807,21,,,0,79,,53798,21,,,0,39,,53814,21,,,0,78,,53803,21,,,0,79,,53804,21,,,0,41,,53801,21,,,0,80,,53802,21,,,0,81,,53812,21,,,0,41,,53815,21,,,0,75,,53811,21,,,0,82,,53813,21,,,0,37,,53817,21,,,0,75,,53816,21,,,0,40,,53809,21,,,0,85,,53810,21,,,0
501,'5384',715,,53832,21,,,0,118,,53831,21,,,0,118,,53830,21,,,0,79,,53824,21,,,0,98,,53827,21,,,0,79,,53823,21,,,0,40,,53819,21,,,0,78,,53818,21,,,0,81,,53834,21,,,0,40,,53826,21,,,0,80,,53822,21,,,0,80,,53821,21,,,0,42,,53820,21,,,0,75,,53833,21,,,0,80,,53828,21,,,0,36,,53825,21,,,0,82,,53829,21,,,0
501,'5385',637,,53838,21,,,0,71,,53843,21,,,0,28,,53835,21,,,0,71,,53837,21,,,0,32,,53841,21,,,0,72,,53836,21,,,0,30,,53839,21,,,0,77,,53842,21,,,0,39,,53840,21,,,0,79,,53850,21,,,0,79,,53845,21,,,0,40,,53846,21,,,0,80,,53844,21,,,0,94,,53847,21,,,0,76,,53849,21,,,0,34,,53848,21,,,0,77,,53851,21,,,0,35,,53855,21,,,0,75,,53853,21,,,0,81,,53854,21,,,0,111,,53852,21,,,0,82,,53856,21,,,0,42,,53857,21,,,0
2701,'4663',543,,57911,31,,,0,81,,57910,31,,,0,26,,57916,31,,,0,62,,57923,31,,,0,31,,57941,31,,,0,68,,57917,31,,,0,25,,57951,31,,,0,69,,57952,31,,,0,19,,57930,31,,,0,22,,57969,31,,,0,62,,57950,31,,,0,25,,57924,31,,,0,67,,57913,31,,,0,26,,57912,31,,,0,28,,57914,31,,,0,67,,57915,31,,,0,27,,57929,31,,,0,67,,57949,31,,,0,26,,57918,31,,,0,66,,57919,31,,,0,24,,57958,31,,,0,3,,57922,31,,,0,25,,57920,31,,,0,68,,57921,31,,,0,87,,57942,31,,,0,33,,57959,31,,,0,71,,57961,31,,,0,30,,57943,31,,,0,68,,57935,31,,,0,12,,57933,31,,,0,13,,57962,31,,,0,13,,57936,31,,,0,55,,57937,31,,,0,15,,57938,31,,,0,21,,57939,31,,,0,63,,57940,31,,,0,26,,57945,31,,,0,68,,57946,31,,,0,29,,57947,31,,,0,27,,57948,31,,,0,69,,57944,31,,,0,29,,57954,31,,,0,74,,57957,31,,,0,79,,57955,31,,,0,36,,57956,31,,,0,82,,57966,31,,,0,80,,57967,31,,,0
2701,'5372',543,,42696,31,,,0,81,,42695,31,,,0,26,,42701,31,,,0,62,,42708,31,,,0,31,,42725,31,,,0,68,,42702,31,,,0,25,,42734,31,,,0,69,,42735,31,,,0,19,,42715,31,,,0,22,,57976,31,,,0,62,,42733,31,,,0,25,,42709,31,,,0,67,,57970,31,,,0,26,,42697,31,,,0,28,,42699,31,,,0,67,,42700,31,,,0,27,,57974,31,,,0,67,,42732,31,,,0,26,,42703,31,,,0,66,,57971,31,,,0,27,,42707,31,,,0,25,,42705,31,,,0,68,,42706,31,,,0,31,,42745,31,,,0,56,,42726,31,,,0,33,,51681,31,,,0,71,,42742,31,,,0,30,,57975,31,,,0,68,,42720,31,,,0,12,,42718,31,,,0,26,,42721,31,,,0,55,,42722,31,,,0,15,,42723,31,,,0,21,,42724,31,,,0,89,,42729,31,,,0,68,,42730,31,,,0,56,,42731,31,,,0,69,,42728,31,,,0,103,,42739,31,,,0,79,,42737,31,,,0,36,,42738,31,,,0
2701,'5373',1841,,42864,31,,,0,167,,42861,31,,,0,123,,42862,31,,,0,125,,42863,31,,,0
2701,'5377',715,,42865,31,,,0,42,,42866,31,,,0,70,,42867,31,,,0,29,,42868,31,,,0,73,,42869,31,,,0,71,,42870,31,,,0,29,,42871,31,,,0,29,,42872,31,,,0,67,,42873,31,,,0,27,,42874,31,,,0,65,,42875,31,,,0,25,,42876,31,,,0,63,,42877,31,,,0,24,,42878,31,,,0,22,,42879,31,,,0,64,,42880,31,,,0,23,,42881,31,,,0,63,,42882,31,,,0,23,,42883,31,,,0,23,,42884,31,,,0,63,,42885,31,,,0,23,,42886,31,,,0,21,,42887,31,,,0,63,,42888,31,,,0,23,,42889,31,,,0,62,,42890,31,,,0,23,,42891,31,,,0,22,,42892,31,,,0,64,,42893,31,,,0,25,,42894,31,,,0,65,,42895,31,,,0,28,,42896,31,,,0,29,,42897,31,,,0,70,,42898,31,,,0,30,,42899,31,,,0,75,,42900,31,,,0,80,,42901,31,,,0,38,,42902,31,,,0
2701,'5381',1841,,42810,31,,,0,167,,42807,31,,,0,123,,42808,31,,,0,125,,42809,31,,,0
2701,'5383',646,,57977,31,,,0,77,,57978,31,,,0,31,,57979,31,,,0,70,,57980,31,,,0,30,,57981,31,,,0,67,,57982,31,,,0,29,,57983,31,,,0,67,,57984,31,,,0,27,,57985,31,,,0,67,,57986,31,,,0,22,,57987,31,,,0,23,,57988,31,,,0,63,,57989,31,,,0,22,,57990,31,,,0,63,,57993,31,,,0,23,,57992,31,,,0,23,,57994,31,,,0,63,,57991,31,,,0,23,,57995,31,,,0,23,,57996,31,,,0,60,,57997,31,,,0,20,,57998,31,,,0,61,,57999,31,,,0,20,,58000,31,,,0,21,,58001,31,,,0,60,,58002,31,,,0,19,,58003,31,,,0,20,,58004,31,,,0,19,,58005,31,,,0,60,,58006,31,,,0,20,,58007,31,,,0,20,,58008,31,,,0,59,,58009,31,,,0,20,,58010,31,,,0,66,,58011,31,,,0,26,,58012,31,,,0,29,,58013,31,,,0,70,,58014,31,,,0,28,,58015,31,,,0,70,,58016,31,,,0,30,,58017,31,,,0,71,,58018,31,,,0,31,,58019,31,,,0,70,,58020,31,,,0,30,,58021,31,,,0,67,,58022,31,,,0,28,,58023,31,,,0,70,,58024,31,,,0
2701,'5384',715,,58027,31,,,0,42,,58028,31,,,0,70,,58029,31,,,0,29,,58030,31,,,0,73,,58031,31,,,0,71,,58032,31,,,0,29,,58033,31,,,0,29,,58034,31,,,0,67,,58035,31,,,0,27,,58036,31,,,0,65,,58037,31,,,0,25,,58038,31,,,0,63,,58039,31,,,0,24,,58040,31,,,0,22,,58041,31,,,0,64,,58042,31,,,0,23,,58043,31,,,0,63,,58044,31,,,0,23,,58045,31,,,0,23,,58046,31,,,0,63,,58047,31,,,0,23,,58048,31,,,0,21,,58049,31,,,0,63,,58050,31,,,0,23,,58051,31,,,0,62,,58052,31,,,0,23,,58053,31,,,0,22,,58054,31,,,0,64,,58055,31,,,0,25,,58056,31,,,0,65,,58057,31,,,0,28,,58058,31,,,0,29,,58059,31,,,0,70,,58060,31,,,0,30,,58061,31,,,0,75,,58062,31,,,0,80,,58063,31,,,0,38,,58064,31,,,0
2701,'5385',543,,58067,31,,,0,81,,58066,31,,,0,26,,58072,31,,,0,62,,58079,31,,,0,31,,58096,31,,,0,68,,58073,31,,,0,25,,58105,31,,,0,69,,58106,31,,,0,19,,58086,31,,,0,22,,58117,31,,,0,62,,58104,31,,,0,25,,58080,31,,,0,67,,58069,31,,,0,26,,58068,31,,,0,28,,58070,31,,,0,67,,58071,31,,,0,27,,58085,31,,,0,67,,58103,31,,,0,26,,58074,31,,,0,66,,58075,31,,,0,27,,58078,31,,,0,25,,58076,31,,,0,68,,58077,31,,,0,31,,58116,31,,,0,56,,58097,31,,,0,33,,58111,31,,,0,71,,58113,31,,,0,30,,58098,31,,,0,68,,58091,31,,,0,12,,58089,31,,,0,26,,58092,31,,,0,55,,58093,31,,,0,15,,58094,31,,,0,21,,58095,31,,,0,89,,58100,31,,,0,68,,58101,31,,,0,56,,58102,31,,,0,69,,58099,31,,,0,103,,58110,31,,,0,79,,58108,31,,,0,36,,58109,31,,,0
2701,'5387',1841,,58121,31,,,0,167,,58118,31,,,0,123,,58119,31,,,0,125,,58120,31,,,0
2701,'5388',1841,,58125,31,,,0,167,,58122,31,,,0,123,,58123,31,,,0,125,,58124,31,,,0
2801,'4663',610,,58320,36,,,0,28,,58325,36,,,0,64,,58321,36,,,0,22,,58323,36,,,0,13,,58324,36,,,0,14,,58343,36,,,0,53,,58322,36,,,0,13,,58356,36,,,0,12,,58326,36,,,0,13,,58339,36,,,0,12,,58328,36,,,0,60,,58327,36,,,0,20,,58330,36,,,0,23,,58369,36,,,0,63,,58329,36,,,0,26,,58331,36,,,0,67,,58344,36,,,0,26,,58354,36,,,0,68,,58335,36,,,0,27,,58332,36,,,0,67,,58333,36,,,0,27,,58334,36,,,0,26,,58337,36,,,0,66,,58342,36,,,0,27,,58355,36,,,0,67,,58338,36,,,0,29,,58336,36,,,0,16,,58362,36,,,0,73,,58340,36,,,0,72,,58341,36,,,0,30,,58363,36,,,0,70,,58357,36,,,0,130,,58347,36,,,0,22,,58346,36,,,0,65,,58348,36,,,0,27,,58349,36,,,0,68,,58350,36,,,0,28,,58351,36,,,0,68,,58352,36,,,0,29,,58353,36,,,0,70,,58359,36,,,0,38,,58360,36,,,0,77,,58358,36,,,0,80,,58361,36,,,0,41,,58366,36,,,0
2801,'5372',610,,43168,36,,,0,28,,58371,36,,,0,64,,43169,36,,,0,22,,43171,36,,,0,13,,43172,36,,,0,14,,43190,36,,,0,53,,58370,36,,,0,13,,43203,36,,,0,12,,43174,36,,,0,13,,43187,36,,,0,12,,43176,36,,,0,60,,43175,36,,,0,20,,58372,36,,,0,23,,43213,36,,,0,63,,43177,36,,,0,26,,43179,36,,,0,67,,58375,36,,,0,26,,43201,36,,,0,68,,43183,36,,,0,27,,58373,36,,,0,67,,43181,36,,,0,27,,43182,36,,,0,26,,43185,36,,,0,66,,58374,36,,,0,27,,43202,36,,,0,67,,43186,36,,,0,29,,43184,36,,,0,16,,58376,36,,,0,73,,43188,36,,,0,102,,43210,36,,,0,70,,43204,36,,,0,130,,43194,36,,,0,22,,43193,36,,,0,65,,43195,36,,,0,27,,43196,36,,,0,68,,43197,36,,,0,28,,43198,36,,,0,68,,43199,36,,,0,29,,43200,36,,,0,70,,43206,36,,,0,38,,43207,36,,,0,77,,43205,36,,,0,80,,43208,36,,,0
2801,'5373',1704,,43314,36,,,0
2801,'5377',645,,43316,36,,,0,96,,43317,36,,,0,70,,43318,36,,,0,30,,43319,36,,,0,70,,43315,36,,,0,33,,43320,36,,,0,71,,43321,36,,,0,29,,43322,36,,,0,67,,43323,36,,,0,27,,43324,36,,,0,66,,43325,36,,,0,25,,43326,36,,,0,24,,43327,36,,,0,64,,43328,36,,,0,23,,43329,36,,,0,63,,43330,36,,,0,23,,43331,36,,,0,23,,43332,36,,,0,63,,43333,36,,,0,23,,43334,36,,,0,23,,43335,36,,,0,63,,43336,36,,,0,22,,43337,36,,,0,62,,43338,36,,,0,23,,43339,36,,,0,23,,43340,36,,,0,62,,43341,36,,,0,23,,43342,36,,,0,23,,43343,36,,,0,65,,43344,36,,,0,25,,43345,36,,,0,66,,43346,36,,,0,28,,43347,36,,,0,70,,43348,36,,,0,30,,43349,36,,,0,70,,43350,36,,,0,40,,43351,36,,,0,78,,43352,36,,,0,83,,43353,36,,,0
2801,'5381',1704,,43264,36,,,0
2801,'5383',706,,58379,36,,,0,33,,58380,36,,,0,71,,58381,36,,,0,29,,58382,36,,,0,68,,58383,36,,,0,28,,58384,36,,,0,68,,58385,36,,,0,27,,58386,36,,,0,28,,58378,36,,,0,64,,58387,36,,,0,22,,58388,36,,,0,63,,58389,36,,,0,23,,58390,36,,,0,23,,58391,36,,,0,63,,58393,36,,,0,22,,58392,36,,,0,63,,58394,36,,,0,24,,58395,36,,,0,22,,58396,36,,,0,62,,58399,36,,,0,20,,58400,36,,,0,21,,58397,36,,,0,60,,58398,36,,,0,21,,58401,36,,,0,20,,58402,36,,,0,60,,58403,36,,,0,19,,58404,36,,,0,19,,58405,36,,,0,61,,58406,36,,,0,19,,58407,36,,,0,20,,58408,36,,,0,59,,58409,36,,,0,20,,58410,36,,,0,23,,58411,36,,,0,66,,58412,36,,,0,28,,58413,36,,,0,69,,58414,36,,,0,30,,58415,36,,,0,68,,58416,36,,,0,29,,58417,36,,,0,72,,58418,36,,,0,31,,58419,36,,,0,70,,58420,36,,,0,31,,58421,36,,,0,68,,58422,36,,,0,27,,58423,36,,,0,69,,58424,36,,,0
2801,'5384',645,,58428,36,,,0,96,,58429,36,,,0,70,,58430,36,,,0,30,,58431,36,,,0,70,,58427,36,,,0,33,,58432,36,,,0,71,,58433,36,,,0,29,,58434,36,,,0,67,,58435,36,,,0,27,,58436,36,,,0,66,,58437,36,,,0,25,,58438,36,,,0,24,,58439,36,,,0,64,,58440,36,,,0,23,,58441,36,,,0,63,,58442,36,,,0,23,,58443,36,,,0,23,,58444,36,,,0,63,,58445,36,,,0,23,,58446,36,,,0,23,,58447,36,,,0,63,,58448,36,,,0,22,,58449,36,,,0,62,,58450,36,,,0,23,,58451,36,,,0,23,,58452,36,,,0,62,,58453,36,,,0,23,,58454,36,,,0,23,,58455,36,,,0,65,,58456,36,,,0,25,,58457,36,,,0,66,,58458,36,,,0,28,,58459,36,,,0,70,,58460,36,,,0,30,,58461,36,,,0,70,,58462,36,,,0,40,,58463,36,,,0,78,,58464,36,,,0,83,,58465,36,,,0
2801,'5385',610,,58466,36,,,0,28,,58471,36,,,0,64,,58467,36,,,0,22,,58469,36,,,0,13,,58470,36,,,0,14,,58488,36,,,0,53,,58468,36,,,0,13,,58501,36,,,0,12,,58472,36,,,0,13,,58485,36,,,0,12,,58474,36,,,0,60,,58473,36,,,0,20,,58476,36,,,0,23,,58511,36,,,0,63,,58475,36,,,0,26,,58477,36,,,0,67,,58489,36,,,0,26,,58499,36,,,0,68,,58481,36,,,0,27,,58478,36,,,0,67,,58479,36,,,0,27,,58480,36,,,0,26,,58483,36,,,0,66,,58487,36,,,0,27,,58500,36,,,0,67,,58484,36,,,0,29,,58482,36,,,0,16,,58507,36,,,0,73,,58486,36,,,0,102,,58508,36,,,0,70,,58502,36,,,0,130,,58492,36,,,0,22,,58491,36,,,0,65,,58493,36,,,0,27,,58494,36,,,0,68,,58495,36,,,0,28,,58496,36,,,0,68,,58497,36,,,0,29,,58498,36,,,0,70,,58504,36,,,0,38,,58505,36,,,0,77,,58503,36,,,0,80,,58506,36,,,0
2801,'5387',1704,,58512,36,,,0
2801,'5388',1704,,58513,36,,,0
24002701,'4663',728,,63149,26,0,5,0,26,,63150,26,0,5,0,66,,63152,26,0,5,0,25,,63151,26,0,5,0
24002701,'5372',728,,48834,26,0,5,0,26,,48835,26,0,5,0,66,,48837,26,0,5,0,25,,48836,26,0,5,0
24002701,'5385',728,,63153,26,0,5,0,26,,63154,26,0,5,0,66,,63156,26,0,5,0,25,,63155,26,0,5,0
