2700,'4663',518,,57707,16,,,0,40,,57708,16,,,0,66,,57714,16,,,0,22,,57721,16,,,0,69,,57734,16,,,0,25,,57715,42,,,0,63,,57739,16,,,0,30,,57740,16,,,0,20,,57727,42,,,0,62,,57760,42,,,0,22,,57741,42,,,0,65,,57722,42,,,0,27,,57711,42,,,0,25,,57710,42,,,0,67,,57709,42,,,0,27,,57712,42,,,0,67,,57726,42,,,0,27,,57738,42,,,0,66,,57719,42,,,0,26,,57713,42,,,0,24,,57751,16,,,0,42,,57717,42,,,0,25,,57718,42,,,0,26,,57720,42,,,0,64,,57725,42,,,0,21,,57716,42,,,0,16,,57747,42,,,0,56,,57752,42,,,0,16,,57753,42,,,0,16,,57754,42,,,0,16,,57728,42,,,0,56,,57755,42,,,0,17,,57723,42,,,0,14,,57724,42,,,0,15,,57731,42,,,0,53,,57729,42,,,0,16,,57730,42,,,0,15,,57732,42,,,0,15,,57733,42,,,0,61,,57735,42,,,0,23,,57736,42,,,0,66,,57737,42,,,0,28,,57742,42,,,0,69,,57745,42,,,0,28,,57744,42,,,0,69,,57743,42,,,0,30,,57746,42,,,0,75,,57749,42,,,0,39,,57750,42,,,0,78,,57748,42,,,0,82,,57756,42,,,0,40,,57758,42,,,0,78,,57757,42,,,0,79,,57759,42,,,0
2700,'5372',518,,42459,16,,,0,40,,42460,16,,,0,66,,42466,16,,,0,22,,42473,16,,,0,69,,42485,16,,,0,25,,42467,42,,,0,63,,42489,16,,,0,30,,42490,16,,,0,20,,42479,42,,,0,62,,57766,42,,,0,22,,42491,42,,,0,65,,42474,42,,,0,27,,57761,42,,,0,25,,42462,42,,,0,67,,42461,42,,,0,27,,42464,42,,,0,67,,57764,42,,,0,27,,42488,42,,,0,66,,42471,42,,,0,26,,57762,42,,,0,66,,42469,42,,,0,25,,42470,42,,,0,26,,42472,42,,,0,64,,57763,42,,,0,7,,42503,16,,,0,14,,42468,42,,,0,16,,42495,42,,,0,56,,51679,42,,,0,16,,42500,42,,,0,16,,42501,42,,,0,16,,42480,42,,,0,56,,57765,42,,,0,17,,50188,42,,,0,14,,42476,42,,,0,15,,42482,42,,,0,69,,42481,42,,,0,15,,42483,42,,,0,15,,42484,42,,,0,61,,42486,42,,,0,89,,42487,42,,,0,28,,42492,42,,,0,97,,42494,42,,,0,69,,42493,42,,,0,105,,42497,42,,,0,39,,42498,42,,,0,78,,42496,42,,,0
2700,'5373',1811,,42613,42,,,0,130,,42614,42,,,0,163,,42615,42,,,0,127,,42616,42,,,0
2700,'5377',650,,42618,16,,,0,82,,42617,42,,,0,70,,42619,42,,,0,29,,42620,42,,,0,70,,42621,42,,,0,30,,42622,42,,,0,69,,42623,42,,,0,28,,42624,42,,,0,27,,42625,42,,,0,67,,42626,42,,,0,25,,42627,42,,,0,65,,42628,42,,,0,23,,42629,42,,,0,24,,42630,42,,,0,62,,42631,42,,,0,24,,42632,42,,,0,63,,42633,42,,,0,23,,42634,42,,,0,23,,42635,42,,,0,62,,42636,42,,,0,23,,42637,42,,,0,63,,42638,42,,,0,23,,42639,42,,,0,23,,42640,42,,,0,63,,42641,42,,,0,23,,42642,42,,,0,23,,42643,42,,,0,64,,42644,42,,,0,24,,42645,42,,,0,65,,42646,42,,,0,25,,42647,42,,,0,68,,42648,42,,,0,29,,42649,42,,,0,70,,42650,42,,,0,30,,42651,42,,,0,76,,42652,42,,,0,42,,42653,42,,,0,79,,42654,42,,,0,99,,42655,42,,,0
2700,'5381',1811,,42559,42,,,0,130,,42560,42,,,0,163,,42561,42,,,0,127,,42562,42,,,0
2700,'5383',621,,57767,16,,,0,37,,57768,42,,,0,71,,57769,42,,,0,28,,57770,42,,,0,70,,57771,42,,,0,27,,57772,42,,,0,67,,57773,42,,,0,27,,57774,42,,,0,66,,57775,42,,,0,26,,57776,42,,,0,62,,57777,42,,,0,23,,57778,42,,,0,23,,57779,42,,,0,62,,57780,42,,,0,23,,57781,42,,,0,22,,57782,42,,,0,63,,57783,42,,,0,23,,57784,42,,,0,63,,57785,42,,,0,23,,57786,42,,,0,19,,57787,42,,,0,61,,57788,42,,,0,21,,57789,42,,,0,21,,57790,42,,,0,61,,57791,42,,,0,20,,57792,42,,,0,20,,57793,42,,,0,61,,57794,42,,,0,19,,57795,42,,,0,21,,57796,42,,,0,60,,57797,42,,,0,20,,57798,42,,,0,20,,57799,42,,,0,60,,57800,42,,,0,26,,57801,42,,,0,66,,57802,42,,,0,29,,57803,42,,,0,70,,57804,42,,,0,29,,57805,42,,,0,70,,57806,42,,,0,30,,57807,42,,,0,73,,57808,42,,,0,31,,57809,42,,,0,70,,57810,42,,,0,31,,57811,42,,,0,68,,57812,42,,,0,28,,57813,42,,,0,70,,57814,42,,,0,30,,57815,42,,,0,69,,57816,42,,,0
2700,'5384',650,,57818,16,,,0,82,,57817,42,,,0,70,,57819,42,,,0,29,,57820,42,,,0,70,,57821,42,,,0,30,,57822,42,,,0,69,,57823,42,,,0,28,,57824,42,,,0,27,,57825,42,,,0,67,,57826,42,,,0,25,,57827,42,,,0,65,,57828,42,,,0,23,,57829,42,,,0,24,,57830,42,,,0,62,,57831,42,,,0,24,,57832,42,,,0,63,,57833,42,,,0,23,,57834,42,,,0,23,,57835,42,,,0,62,,57836,42,,,0,23,,57837,42,,,0,63,,57838,42,,,0,23,,57839,42,,,0,23,,57840,42,,,0,63,,57841,42,,,0,23,,57842,42,,,0,23,,57843,42,,,0,64,,57844,42,,,0,24,,57845,42,,,0,65,,57846,42,,,0,25,,57847,42,,,0,68,,57848,42,,,0,29,,57849,42,,,0,70,,57850,42,,,0,30,,57851,42,,,0,76,,57852,42,,,0,42,,57853,42,,,0,79,,57854,42,,,0,99,,57855,42,,,0
2700,'5385',518,,57856,16,,,0,40,,57857,16,,,0,66,,57863,16,,,0,22,,57870,16,,,0,69,,57882,16,,,0,25,,57864,42,,,0,63,,57886,16,,,0,30,,57887,16,,,0,20,,57876,42,,,0,62,,57901,42,,,0,22,,57888,42,,,0,65,,57871,42,,,0,27,,57860,42,,,0,25,,57859,42,,,0,67,,57858,42,,,0,27,,57861,42,,,0,67,,57875,42,,,0,27,,57885,42,,,0,66,,57868,42,,,0,26,,57862,42,,,0,66,,57866,42,,,0,25,,57867,42,,,0,26,,57869,42,,,0,64,,57874,42,,,0,7,,57900,16,,,0,14,,57865,42,,,0,16,,57892,42,,,0,56,,57896,42,,,0,16,,57897,42,,,0,16,,57898,42,,,0,16,,57877,42,,,0,56,,57899,42,,,0,17,,57872,42,,,0,14,,57873,42,,,0,15,,57879,42,,,0,69,,57878,42,,,0,15,,57880,42,,,0,15,,57881,42,,,0,61,,57883,42,,,0,89,,57884,42,,,0,28,,57889,42,,,0,97,,57891,42,,,0,69,,57890,42,,,0,105,,57894,42,,,0,39,,57895,42,,,0,78,,57893,42,,,0
2700,'5387',1811,,57902,42,,,0,130,,57903,42,,,0,163,,57904,42,,,0,127,,57905,42,,,0
2700,'5388',1811,,57906,42,,,0,130,,57907,42,,,0,163,,57908,42,,,0,127,,57909,42,,,0
