7501,'4487',956,,29715,,,0,103,,29716,,,0,141,,29717,,,0,30,,29718,,,0,70,,29719,,,0,30,,29720,,,0,70,,29721,,,0,34,,29722,,,0,70,,29723,,,0,30,,29724,,,0,70,,29725,,,0,31,,29726,,,0,70,,29727,,,0,96,,29728,,,0,56,,29729,,,0,99,,29730,,,0,100,,29731,,,0,100,,29732,,,0,94,,29733,0,28 29 14,0
7501,'4743',956,,13879,,,0,103,,13880,,,0,141,,13881,,,0,30,,13882,,,0,70,,13883,,,0,30,,13884,,,0,70,,13885,,,0,34,,13886,,,0,70,,13887,,,0,30,,13888,,,0,70,,13889,,,0,31,,13890,,,0,70,,13891,,,0,96,,13892,,,0,56,,13893,,,0,99,,13894,,,0,100,,13895,,,0,100,,13896,,,0,94,,13897,0,28 29 14,0
7501,'4744',918,,29744,,,0,40,,29745,,,0,70,,29746,,,0,72,,29747,,,0,29,,29748,,,0,30,,29749,,,0,71,,29750,,,0,70,,29751,,,0,30,,29752,,,0,71,,29753,,,0,31,,29754,,,0,70,,29755,,,0,23,,29771,,,0,8,,29756,,,0,18,,29757,,,0,54,,29758,,,0,25,,29760,,,0,5,,29761,,,0,68,,29762,,,0,28,,29763,,,0,70,,29764,,,0,99,,29765,,,0,57,,29766,,,0,100,,29767,,,0,99,,29768,,,0,93,,29769,0,28 29 14,0
7501,'4745',954,,29775,,,0,101,,29776,,,0,103,,29777,,,0,71,,29778,,,0,30,,29779,,,0,70,,29780,,,0,30,,29781,,,0,71,,29782,,,0,71,,29783,,,0,30,,29784,,,0,70,,29785,,,0,100,,29786,,,0,102,,29787,,,0,99,,29788,,,0,100,,29789,,,0,99,,29790,,,0,100,,29791,,,0,48,,29792,0,28 29 14,0
7501,'4935',918,,9109,,,0,40,,9110,,,0,70,,9111,,,0,72,,9112,,,0,29,,9113,,,0,30,,9114,,,0,71,,9115,,,0,70,,9116,,,0,30,,9117,,,0,71,,13899,,,0,31,,9119,,,0,70,,9120,,,0,23,,9134,,,0,8,,9121,,,0,18,,9122,,,0,54,,9123,,,0,25,,13900,,,0,5,,9126,,,0,68,,9127,,,0,28,,9128,,,0,70,,9129,,,0,99,,9130,,,0,157,,13901,,,0,99,,9132,,,0
7501,'4937',1957,,9135,,,0,292,,9136,0,28 29 14,0
7501,'4941',918,,9148,,,0,40,,9149,,,0,70,,9150,,,0,72,,9151,,,0,29,,9152,,,0,30,,9153,,,0,71,,9154,,,0,70,,9155,,,0,30,,9156,,,0,71,,13903,,,0,31,,9158,,,0,70,,9159,,,0,23,,9175,,,0,8,,9160,,,0,18,,9161,,,0,54,,9162,,,0,25,,13904,,,0,5,,9165,,,0,68,,9166,,,0,28,,9167,,,0,70,,9168,,,0,99,,9169,,,0,57,,9170,,,0,100,,13905,,,0,99,,9172,,,0,93,,9173,0,28 29 14,0
7501,'4943',956,,9179,,,0,103,,9180,,,0,141,,9181,,,0,30,,9182,,,0,70,,9183,,,0,30,,13907,,,0,70,,9185,,,0,34,,9186,,,0,70,,13908,,,0,30,,9188,,,0,70,,13909,,,0,31,,13910,,,0,70,,9191,,,0,96,,13911,,,0,56,,9193,,,0,99,,9194,,,0,100,,9195,,,0,100,,13912,,,0,94,,9197,0,28 29 14,0
7501,'4945',954,,13913,,,0,101,,13914,,,0,103,,9204,,,0,71,,9205,,,0,30,,9206,,,0,70,,13915,,,0,30,,9208,,,0,71,,9209,,,0,71,,13916,,,0,30,,9211,,,0,70,,13917,,,0,100,,9213,,,0,102,,9214,,,0,99,,13918,,,0,100,,9216,,,0,99,,9217,,,0,100,,9218,,,0,48,,9219,0,28 29 14,0
7501,'4947',918,,29803,,,0,40,,29804,,,0,70,,29805,,,0,72,,29806,,,0,29,,29807,,,0,30,,29808,,,0,71,,29809,,,0,70,,29810,,,0,30,,29811,,,0,71,,29812,,,0,31,,29813,,,0,70,,29814,,,0,23,,29828,,,0,8,,29815,,,0,18,,29816,,,0,54,,29817,,,0,25,,29819,,,0,5,,29820,,,0,68,,29821,,,0,28,,29822,,,0,70,,29823,,,0,99,,29824,,,0,157,,29825,,,0,99,,29826,,,0
7501,'4949',1957,,29829,,,0,292,,29830,0,28 29 14,0
7501,'4950',1957,,29831,,,0,292,,29832,0,28 29 14,0
7501,'4952',918,,29842,,,0,40,,29843,,,0,70,,29844,,,0,72,,29845,,,0,29,,29846,,,0,30,,29847,,,0,71,,29848,,,0,70,,29849,,,0,30,,29850,,,0,71,,29851,,,0,31,,29852,,,0,70,,29853,,,0,23,,29869,,,0,8,,29854,,,0,18,,29855,,,0,54,,29856,,,0,25,,29858,,,0,5,,29859,,,0,68,,29860,,,0,28,,29861,,,0,70,,29862,,,0,99,,29863,,,0,57,,29864,,,0,100,,29865,,,0,99,,29866,,,0,93,,29867,0,28 29 14,0
7501,'4953',956,,29873,,,0,103,,29874,,,0,141,,29875,,,0,30,,29876,,,0,70,,29877,,,0,30,,29878,,,0,70,,29879,,,0,34,,29880,,,0,70,,29881,,,0,30,,29882,,,0,70,,29883,,,0,31,,29884,,,0,70,,29885,,,0,96,,29886,,,0,56,,29887,,,0,99,,29888,,,0,100,,29889,,,0,100,,29890,,,0,94,,29891,0,28 29 14,0
7501,'4954',954,,29896,,,0,101,,29897,,,0,103,,29898,,,0,71,,29899,,,0,30,,29900,,,0,70,,29901,,,0,30,,29902,,,0,71,,29903,,,0,71,,29904,,,0,30,,29905,,,0,70,,29906,,,0,100,,29907,,,0,102,,29908,,,0,99,,29909,,,0,100,,29910,,,0,99,,29911,,,0,100,,29912,,,0,48,,29913,0,28 29 14,0
