6400,'4744',611,,28717,0,32 33,0,46,,28718,,,0,252,,28719,0,32 33,0,296,,28720,,,0,333,,28721,0,32 33,0,207,,28722,,,0,99,,28723,0,32 33,0
6400,'4935',611,,8523,0,32 33,0,46,,8524,,,0,252,,8525,0,32 33,0,296,,8526,,,0,333,,8527,0,32 33,0,207,,8528,,,0,99,,8529,0,32 33,0
6400,'4941',611,,8530,0,32 33,0,46,,8531,,,0,252,,8532,0,32 33,0,296,,8533,,,0,333,,8534,0,32 33,0,207,,8535,,,0,99,,8536,0,32 33,0
6400,'4947',611,,28724,0,32 33,0,46,,28725,,,0,252,,28726,0,32 33,0,296,,28727,,,0,333,,28728,0,32 33,0,207,,28729,,,0,99,,28730,0,32 33,0
6400,'4952',611,,28731,0,32 33,0,46,,28732,,,0,252,,28733,0,32 33,0,296,,28734,,,0,333,,28735,0,32 33,0,207,,28736,,,0,99,,28737,0,32 33,0
6401,'4744',705,,28740,,,0,540,,28739,,,0,501,,28743,0,34 35 36,0
6401,'4935',705,,8539,,,0,540,,8538,,,0,501,,8542,0,34 35 36,0
6401,'4941',705,,8546,,,0,540,,8545,,,0,501,,8549,0,34 35 36,0
6401,'4947',705,,28747,,,0,540,,28746,,,0,501,,28750,0,34 35 36,0
6401,'4952',705,,28754,,,0,540,,28753,,,0,501,,28757,0,34 35 36,0
