1002200,'4737',951,,17618,41,,,0,196,,17615,41,0,21 22,0,273,,17616,41,0,21 22,0,210,,17614,41,0,21 22,0,98,,17619,41,0,21 22,0,192,,17617,41,0,21 22,0
1002200,'4744',951,,17624,41,,,0,196,,17621,41,0,21 22,0,273,,17622,41,0,21 22,0,210,,17620,41,0,21 22,0,98,,17625,41,0,21 22,0,192,,17623,41,0,21 22,0
1002200,'4947',951,,17630,41,,,0,196,,17627,41,0,21 22,0,273,,17628,41,0,21 22,0,210,,17626,41,0,21 22,0,98,,17631,41,0,21 22,0,192,,17629,41,0,21 22,0
14002100,'4487',2128,,18003,26,,,0,30,,18004,26,,,0,70,,18005,26,,,0,102,,18006,26,,,0,97,,18007,26,,,0
14002100,'4737',2127,,18008,26,,,0,30,,18009,26,,,0,70,,18010,26,,,0,99,,18011,26,,,0,98,,18012,26,,,0
14002100,'4740',2128,,18013,26,,,0,30,,18014,26,,,0,70,,18015,26,,,0,102,,18016,26,,,0,97,,18017,26,,,0
14002100,'4744',2127,,18018,26,,,0,30,,18019,26,,,0,70,,18020,26,,,0,99,,18021,26,,,0,98,,18022,26,,,0
14002100,'4745',2129,,18023,26,,,0,100,,18024,26,,,0,99,,18025,26,,,0
14002100,'4947',2127,,18026,26,,,0,30,,18027,26,,,0,70,,18028,26,,,0,99,,18029,26,,,0,98,,18030,26,,,0
14002100,'4954',2129,,18031,26,,,0,100,,18032,26,,,0,99,,18033,26,,,0
