5201,'4332',650,,59895,16,,,0,71,,59905,16,,,0,30,,59903,16,,,0,71,,59886,16,,,0,30,,59893,16,,,0,70,,59912,16,,,0,30,,59890,16,,,0,71,,59887,16,,,0,30,,59894,16,,,0,70,,59913,16,,,0,30,,59891,16,,,0,71,,59888,16,,,0,35,,59897,16,,,0,70,,59915,16,,,0,75,,59892,16,,,0,35,,59902,16,,,0,75,,59896,16,,,0,30,,59914,16,,,0,70,,59889,16,,,0,30,,59900,16,,,0,65,,59908,16,,,0,25,,59899,16,,,0,24,,59904,16,,,0,65,,59901,16,,,0,30,,59898,16,,,0,69,,59911,16,,,0,32,,59906,16,,,0,70,,59910,16,,,0,30,,59907,16,,,0,65,,59909,16,0,38 3 39 49,0,30,,59916,16,,,0,103,,59917,16,,,0,100,,59918,16,,,0
5201,'4663',509,,59850,16,,,0,35,,59847,16,,,0,78,,59854,16,,,0,78,,59849,16,,,0,25,,59860,16,,,0,28,,59848,16,,,0,73,,59866,16,,,0,21,,59874,16,4,,0,3,,59855,16,,,0,75,,59851,16,,,0,75,,59852,16,,,0,29,,59864,16,,,0,30,,59856,16,,,0,68,,59853,16,,,0,75,,59857,16,,,0,34,,59865,16,,,0,70,,59858,16,,,0,30,,59859,16,,,0,70,,59879,16,,,0,24,,59884,1,0,30 14,0,5,,59861,16,,,0,20,,59885,16,0,38 3 39 49,0,50,,59867,16,,,0,26,,59862,16,,,0,74,,59863,16,,,0,39,,59880,16,,,0,63,,59868,16,,,0,25,,59869,16,,,0,22,,59870,16,,,0,70,,59871,16,,,0,29,,59881,16,,,0,70,,59872,16,,,0,33,,59873,16,,,0,69,,59875,16,,,0,28,,59883,16,,,0,66,,59876,16,0,38 3 39 49,0,35,,59877,16,,,0,98,,59882,16,,,0,99,,59878,16,,,0
5201,'5078',721,,59924,16,,,0,30,,59940,16,,,0,70,,59932,16,,,0,31,,59920,16,,,0,70,,59927,16,,,0,30,,59934,16,,,0,71,,59929,16,,,0,30,,59921,16,,,0,70,,59926,16,,,0,30,,59935,16,,,0,70,,59931,16,,,0,35,,59919,16,,,0,70,,59925,16,,,0,75,,59938,16,,,0,35,,59930,16,,,0,75,,59945,16,,,0,30,,59923,16,,,0,70,,59937,16,,,0,30,,59928,16,,,0,70,,59933,16,,,0,30,,59922,16,,,0,70,,59936,16,,,0,39,,59939,16,,,0,100,,59941,16,,,0,100,,59942,16,,,0,100,,59943,16,,,0,100,,59944,16,,,0
5201,'5372',509,,44937,16,,,0,35,,44934,16,,,0,78,,44941,16,,,0,78,,44936,16,,,0,25,,44947,16,,,0,28,,44935,16,,,0,73,,44953,16,,,0,21,,44961,16,4,,0,3,,44942,16,,,0,75,,44938,16,,,0,75,,44939,16,,,0,29,,44951,16,,,0,30,,44943,16,,,0,68,,44940,16,,,0,75,,44944,16,,,0,34,,44952,16,,,0,70,,44945,16,,,0,30,,44946,16,,,0,70,,51771,16,,,0,29,,44948,16,,,0,20,,51772,16,0,38 3 39 49,0,50,,44954,16,,,0,22,,44971,1,0,30 14,0,4,,44949,16,,,0,74,,44950,16,,,0,39,,44967,16,,,0,63,,44955,16,,,0,25,,44956,16,,,0,22,,44957,16,,,0,70,,44958,16,,,0,29,,44968,16,,,0,70,,44959,16,,,0,33,,44960,16,,,0,69,,44962,16,,,0,28,,44970,16,,,0,66,,44963,16,0,38 3 39 49,0,35,,44964,16,,,0,98,,44969,16,,,0,99,,44965,16,,,0
5201,'5385',509,,59949,16,,,0,35,,59946,16,,,0,78,,59953,16,,,0,78,,59948,16,,,0,25,,59959,16,,,0,28,,59947,16,,,0,73,,59965,16,,,0,21,,59973,16,4,,0,3,,59954,16,,,0,75,,59950,16,,,0,75,,59951,16,,,0,29,,59963,16,,,0,30,,59955,16,,,0,68,,59952,16,,,0,75,,59956,16,,,0,34,,59964,16,,,0,70,,59957,16,,,0,30,,59958,16,,,0,70,,59978,16,,,0,29,,59960,16,,,0,20,,59984,16,0,38 3 39 49,0,50,,59966,16,,,0,22,,59983,1,0,30 14,0,4,,59961,16,,,0,74,,59962,16,,,0,39,,59979,16,,,0,63,,59967,16,,,0,25,,59968,16,,,0,22,,59969,16,,,0,70,,59970,16,,,0,29,,59980,16,,,0,70,,59971,16,,,0,33,,59972,16,,,0,69,,59974,16,,,0,28,,59982,16,,,0,66,,59975,16,0,38 3 39 49,0,35,,59976,16,,,0,98,,59981,16,,,0,99,,59977,16,,,0
5400,'4332',717,,60071,25,,,0,204,,60070,25,,,0,211,,60067,25,,,0,207,,60068,25,,,0,206,,60069,25,,,0,209,,60066,25,,,0,203,,60065,25,,,0
5400,'4663',620,,60055,25,,,0,99,,60059,25,,,0,130,,60058,25,,,0,204,,60056,25,,,0,176,,60057,25,,,0,201,,60061,25,,,0,105,,60060,25,,,0,196,,60062,25,,,0,193,,60063,25,,,0,191,,60064,25,,,0
5400,'5078',716,,60072,25,,,0,203,,60074,25,,,0,212,,60075,25,,,0,207,,60076,25,,,0,205,,60073,25,,,0,210,,60077,25,,,0,203,,60078,25,,,0
5400,'5372',620,,45183,25,,,0,99,,45187,25,,,0,130,,45186,25,,,0,204,,45184,25,,,0,176,,45185,25,,,0,201,,50513,25,,,0,105,,50512,25,,,0,196,,50514,25,,,0,193,,45191,25,,,0,191,,45192,25,,,0
5400,'5385',620,,60079,25,,,0,99,,60083,25,,,0,130,,60082,25,,,0,204,,60080,25,,,0,176,,60081,25,,,0,201,,60085,25,,,0,105,,60084,25,,,0,196,,60086,25,,,0,193,,60087,25,,,0,191,,60088,25,,,0
5900,'4332',741,,60522,1,,,0,101,,60521,1,,,0,101,,60520,1,,,0,101,,60519,1,,,0,105,,60518,1,,,0,106,,60517,1,,,0,146,,60516,1,,,0,105,,60515,1,,,0,104,,60514,1,,,0,105,,60510,1,,,0,105,,60511,1,,,0,104,,60512,1,,,0,103,,60513,1,,,0,107,,60509,1,,,0
5900,'4663',632,,60495,1,,,0,100,,60496,1,,,0,80,,60492,1,,,0,112,,60493,1,,,0,92,,60494,1,,,0,101,,60497,1,,,0,102,,60498,1,,,0,103,,60499,1,,,0,111,,60500,1,,,0,99,,60501,1,,,0,88,,60502,1,,,0,84,,60503,1,,,0,41,,60508,1,,,0,84,,60504,1,,,0,99,,60505,1,,,0,99,,60506,1,,,0,110,,60507,1,,,0
5900,'5078',741,,60523,1,,,0,100,,60524,1,,,0,101,,60525,1,,,0,101,,60527,1,,,0,106,,60526,1,,,0,105,,60531,1,,,0,105,,60529,1,,,0,147,,60530,1,,,0,105,,60528,1,,,0,105,,60533,1,,,0,103,,60534,1,,,0,105,,60532,1,,,0,103,,60535,1,,,0
5900,'5372',632,,45708,1,,,0,100,,45709,1,,,0,80,,45705,1,,,0,112,,45706,1,,,0,92,,45707,1,,,0,101,,45710,1,,,0,102,,45711,1,,,0,103,,45712,1,,,0,111,,45713,1,,,0,99,,45714,1,,,0,88,,45715,1,,,0,84,,45716,1,,,0,41,,45721,1,,,0,84,,45717,1,,,0,99,,45718,1,,,0,99,,45719,1,,,0,110,,45720,1,,,0
5900,'5385',632,,60539,1,,,0,100,,60540,1,,,0,80,,60536,1,,,0,112,,60537,1,,,0,92,,60538,1,,,0,101,,60541,1,,,0,102,,60542,1,,,0,103,,60543,1,,,0,111,,60544,1,,,0,99,,60545,1,,,0,88,,60546,1,,,0,84,,60547,1,,,0,41,,60552,1,,,0,84,,60548,1,,,0,99,,60549,1,,,0,99,,60550,1,,,0,110,,60551,1,,,0
6001,'4332',739,,60710,30,4,,0,101,,60711,30,4,,0,101,,60712,30,4,,0,101,,60709,30,4,,0,105,,60708,30,4,,0,105,,60707,30,4,,0,106,,60706,30,4,,0,145,,60705,30,4,,0,104,,60704,30,4,,0,105,,60703,30,4,,0,105,,60702,30,4,,0,105,,60701,30,4,,0,103,,60700,30,4,,0,107,,60699,30,4,,0
6001,'4663',730,,60685,30,4,,0,79,,60683,30,4,,0,34,,60684,30,4,,0,78,,60682,30,4,,0,92,,60681,30,4,,0,101,,60686,30,4,,0,102,,60687,30,4,,0,103,,60688,30,4,,0,111,,60689,30,4,,0,98,,60690,30,4,,0,89,,60691,30,4,,0,84,,60692,30,4,,0,41,,60697,30,4,,0,85,,60694,30,4,,0,99,,60693,30,4,,0,99,,60695,30,4,,0,110,,60696,30,4,,0,106,,60698,30,4,,0
6001,'5078',839,,60714,30,4,,0,101,,60715,30,4,,0,101,,60716,30,4,,0,106,,60713,30,4,,0,105,,60719,30,4,,0,105,,60720,30,4,,0,146,,60718,30,4,,0,105,,60717,30,4,,0,105,,60722,30,4,,0,104,,60723,30,4,,0,105,,60721,30,4,,0,103,,60725,30,4,,0,106,,60724,30,4,,0
6001,'5372',730,,45935,30,4,,0,79,,45933,30,4,,0,34,,45934,30,4,,0,78,,45932,30,4,,0,92,,45931,30,4,,0,101,,45936,30,4,,0,102,,45937,30,4,,0,103,,45938,30,4,,0,111,,45939,30,4,,0,98,,45940,30,4,,0,89,,45941,30,4,,0,84,,45942,30,4,,0,41,,45947,30,4,,0,85,,45944,30,4,,0,99,,45943,30,4,,0,99,,45945,30,4,,0,110,,45946,30,4,,0,106,,45948,30,4,,0
6001,'5385',730,,60730,30,4,,0,79,,60728,30,4,,0,34,,60729,30,4,,0,78,,60727,30,4,,0,92,,60726,30,4,,0,101,,60731,30,4,,0,102,,60732,30,4,,0,103,,60733,30,4,,0,111,,60734,30,4,,0,98,,60735,30,4,,0,89,,60736,30,4,,0,84,,60737,30,4,,0,41,,60742,30,4,,0,85,,60739,30,4,,0,99,,60738,30,4,,0,99,,60740,30,4,,0,110,,60741,30,4,,0,106,,60743,30,4,,0
