5400,'4332',700,,60071,1,,,0,204,,60070,1,,,0,211,,60067,1,,,0,207,,60068,1,,,0,206,,60069,1,,,0,209,,60066,1,,,0,203,,60065,1,,,0
5400,'4663',603,,60055,1,,,0,99,,60059,1,,,0,130,,60058,1,,,0,204,,60056,1,,,0,176,,60057,1,,,0,201,,60061,1,,,0,105,,60060,1,,,0,196,,60062,1,,,0,193,,60063,1,,,0,152,,60064,1,,,0
5400,'5078',700,,60072,1,,,0,202,,60074,1,,,0,212,,60075,1,,,0,207,,60076,1,,,0,205,,60073,1,,,0,210,,60077,1,,,0,203,,60078,1,,,0
5400,'5372',603,,45183,1,,,0,99,,45187,1,,,0,130,,45186,1,,,0,204,,45184,1,,,0,176,,45185,1,,,0,201,,50513,1,,,0,105,,50512,1,,,0,196,,50514,1,,,0,193,,45191,1,,,0,152,,45192,1,,,0
5400,'5385',603,,60079,1,,,0,99,,60083,1,,,0,130,,60082,1,,,0,204,,60080,1,,,0,176,,60081,1,,,0,201,,60085,1,,,0,105,,60084,1,,,0,196,,60086,1,,,0,193,,60087,1,,,0,152,,60088,1,,,0
5401,'4332',757,,60105,45,4,,0,201,,60102,45,4,,0,251,,60103,45,4,,0,205,,60104,45,4,,0,211,,60101,45,4,,0,209,,60100,45,4,,0,224,,60099,45,4,,0
5401,'4663',601,,60089,45,4,,0,130,,60092,45,4,,0,174,,60090,45,4,,0,214,,60091,45,4,,0,198,,60093,45,4,,0,133,,60094,45,4,,0,105,,60095,45,4,,0,184,,60096,45,4,,0,190,,60097,45,4,,0,199,,60098,45,4,,0
5401,'5078',756,,60108,45,4,,0,201,,60109,45,4,,0,252,,60106,45,4,,0,205,,60107,45,4,,0,210,,60110,45,4,,0,210,,60112,45,4,,0,224,,60111,45,4,,0
5401,'5372',601,,50521,45,4,,0,130,,45227,45,4,,0,174,,45225,45,4,,0,214,,45226,45,4,,0,198,,50522,45,4,,0,133,,51780,45,4,,0,105,,45230,45,4,,0,184,,45231,45,4,,0,190,,45232,45,4,,0,199,,45233,45,4,,0
5401,'5385',601,,60113,45,4,,0,130,,60116,45,4,,0,174,,60114,45,4,,0,214,,60115,45,4,,0,198,,60117,45,4,,0,133,,60118,45,4,,0,105,,60119,45,4,,0,184,,60120,45,4,,0,190,,60121,45,4,,0,199,,60122,45,4,,0
5500,'4332',759,,60139,1,,,0,241,,60135,1,,,0,212,,60136,1,,,0,205,,60137,1,,,0,211,,60138,1,,,0,209,,60134,1,,,0,264,,60133,1,,,0
5500,'4663',604,,60123,1,,,0,130,,60125,1,,,0,175,,60124,1,,,0,214,,60126,1,,,0,198,,60127,1,,,0,133,,60128,1,,,0,105,,60129,1,,,0,183,,60130,1,,,0,190,,60131,1,,,0,199,,60132,1,,,0
5500,'5078',758,,60140,1,,,0,201,,60143,1,,,0,253,,60142,1,,,0,205,,60141,1,,,0,210,,60145,1,,,0,209,,60146,1,,,0,264,,60144,1,,,0
5500,'5372',604,,50530,1,,,0,130,,45267,1,,,0,175,,45266,1,,,0,214,,45268,1,,,0,198,,50531,1,,,0,133,,51782,1,,,0,105,,45271,1,,,0,183,,45272,1,,,0,190,,45273,1,,,0,199,,45274,1,,,0
5500,'5385',604,,60147,1,,,0,130,,60149,1,,,0,175,,60148,1,,,0,214,,60150,1,,,0,198,,60151,1,,,0,133,,60152,1,,,0,105,,60153,1,,,0,183,,60154,1,,,0,190,,60155,1,,,0,199,,60156,1,,,0
5501,'4332',902,,60171,41,4,,0,211,,60168,41,4,,0,207,,60169,41,4,,0,206,,60170,41,4,,0,209,,60166,41,4,,0,203,,60167,41,4,,0
5501,'4663',700,,60160,41,4,,0,130,,60159,41,4,,0,204,,60157,41,4,,0,176,,60158,41,4,,0,200,,60162,41,4,,0,105,,60161,41,4,,0,196,,60163,41,4,,0,193,,60164,41,4,,0,152,,60165,41,4,,0
5501,'5078',900,,60172,41,4,,0,212,,60174,41,4,,0,207,,60175,41,4,,0,205,,60173,41,4,,0,210,,60177,41,4,,0,203,,60176,41,4,,0
5501,'5372',700,,45309,41,4,,0,130,,45308,41,4,,0,204,,45306,41,4,,0,176,,45307,41,4,,0,200,,50546,41,4,,0,105,,50545,41,4,,0,196,,50547,41,4,,0,193,,45313,41,4,,0,152,,45314,41,4,,0
5501,'5385',700,,60181,41,4,,0,130,,60180,41,4,,0,204,,60178,41,4,,0,176,,60179,41,4,,0,200,,60183,41,4,,0,105,,60182,41,4,,0,196,,60184,41,4,,0,193,,60185,41,4,,0,152,,60186,41,4,,0
