2400,'4487',726,,21818,,,0,123,,21816,,,0,106,,21814,,,0,153,,21815,,,0,100,,21817,,,0,100,,21823,,,0,98,,21820,,,0,100,,21819,,,0,100,,21822,,,0,97,,21821,,,0,103,,21824,,,0,112,,21825,,,0,122,,21826,,,0,165,,21827,,,0,126,,21828,,,0
2400,'4743',726,,11988,,,0,123,,11986,,,0,106,,11984,,,0,153,,11985,,,0,100,,11987,,,0,100,,11993,,,0,98,,11990,,,0,100,,11989,,,0,100,,11992,,,0,97,,11991,,,0,103,,11994,,,0,112,,11995,,,0,122,,11996,,,0,165,,11997,,,0,126,,11998,,,0
2400,'4744',646,,21830,,,0,75,,21834,,,0,81,,21835,,,0,102,,21831,,,0,108,,21829,,,0,101,,21839,,,0,101,,21836,,,0,101,,21832,,,0,101,,21833,,,0,100,,21837,,,0,90,,21838,,,0,41,,21840,,,0,90,,21841,,,0,95,,21842,,,0,98,,21843,,,0,110,,21844,,,0,161,,21845,,,0,130,,21846,,,0,170,,21847,,,0
2400,'4745',738,,21849,,,0,107,,21848,,,0,171,,21851,,,0,131,,21850,,,0,173,,21852,,,0,130,,21853,,,0,170,,21854,,,0,130,,21855,,,0,166,,21856,,,0,125,,21857,,,0,163,,21858,,,0,127,,21859,,,0
2400,'4935',646,,4442,,,0,75,,4446,,,0,81,,4447,,,0,102,,4443,,,0,108,,4441,,,0,101,,4451,,,0,101,,4448,,,0,101,,4444,,,0,101,,4445,,,0,100,,4449,,,0,90,,4450,,,0,41,,4452,,,0,90,,4453,,,0,95,,4454,,,0,98,,4455,,,0,110,,11999,,,0,161,,12000,,,0,130,,4458,,,0,170,,4459,,,0
2400,'4941',646,,4461,,,0,75,,4465,,,0,81,,4466,,,0,102,,4462,,,0,108,,4460,,,0,101,,4470,,,0,101,,4467,,,0,101,,4463,,,0,101,,4464,,,0,100,,4468,,,0,90,,4469,,,0,41,,4471,,,0,90,,4472,,,0,95,,4473,,,0,98,,4474,,,0,110,,12001,,,0,161,,12002,,,0,130,,4477,,,0,170,,4478,,,0
2400,'4943',726,,4483,,,0,123,,12003,,,0,106,,4479,,,0,153,,4480,,,0,100,,4482,,,0,100,,4488,,,0,98,,4485,,,0,100,,4484,,,0,100,,4487,,,0,97,,4486,,,0,103,,4489,,,0,112,,4490,,,0,122,,4491,,,0,165,,4492,,,0,126,,4493,,,0
2400,'4945',738,,4495,,,0,107,,4494,,,0,171,,4497,,,0,131,,4496,,,0,173,,4498,,,0,130,,4499,,,0,170,,4500,,,0,130,,4501,,,0,166,,4502,,,0,125,,4503,,,0,163,,4504,,,0,127,,4505,,,0
2400,'4947',646,,21861,,,0,75,,21865,,,0,81,,21866,,,0,102,,21862,,,0,108,,21860,,,0,101,,21870,,,0,101,,21867,,,0,101,,21863,,,0,101,,21864,,,0,100,,21868,,,0,90,,21869,,,0,41,,21871,,,0,90,,21872,,,0,95,,21873,,,0,98,,21874,,,0,110,,21875,,,0,161,,21876,,,0,130,,21877,,,0,170,,21878,,,0
2400,'4952',646,,21880,,,0,75,,21884,,,0,81,,21885,,,0,102,,21881,,,0,108,,21879,,,0,101,,21889,,,0,101,,21886,,,0,101,,21882,,,0,101,,21883,,,0,100,,21887,,,0,90,,21888,,,0,41,,21890,,,0,90,,21891,,,0,95,,21892,,,0,98,,21893,,,0,110,,21894,,,0,161,,21895,,,0,130,,21896,,,0,170,,21897,,,0
2400,'4953',726,,21902,,,0,123,,21900,,,0,106,,21898,,,0,153,,21899,,,0,100,,21901,,,0,100,,21907,,,0,98,,21904,,,0,100,,21903,,,0,100,,21906,,,0,97,,21905,,,0,103,,21908,,,0,112,,21909,,,0,122,,21910,,,0,165,,21911,,,0,126,,21912,,,0
2400,'4954',738,,21914,,,0,107,,21913,,,0,171,,21916,,,0,131,,21915,,,0,173,,21917,,,0,130,,21918,,,0,170,,21919,,,0,130,,21920,,,0,166,,21921,,,0,125,,21922,,,0,163,,21923,,,0,127,,21924,,,0
