201,'4623',611,,63441,30,0,46 37,0,21,,63433,30,0,46 37,0,27,,63450,30,0,46 37,0,69,,63445,30,0,46 37,0,72,,63434,30,0,46 37,0,31,,63449,30,0,46 37,0,72,,63439,30,0,46 37,0,30,,63435,30,0,46 37,0,73,,63447,30,0,46 37,0,39,,63440,30,0,46 37,0,80,,63436,30,0,46 37,0,79,,63438,30,0,46 37,0,40,,63437,30,0,46 37,0,80,,63446,30,0,46 37,0,80,,63443,30,0,46 37,0,17,,63448,4,0,46 37,0,35,,63444,30,0,46 37,0,74,,63442,30,0,46 37,0,77,,63452,30,0,46 37,0,36,,63453,30,0,46 37,0,74,,63451,30,0,46 37,0,37,,63454,30,0,46 37,0,86,,63455,30,0,46 37,0,65,,63457,30,0,46 37,0,40,,63456,30,0,46 37,0,83,,63458,30,0,46 37,0,81,,63459,30,0,46 37,0,38,,63460,30,0,46 37,0,80,,63461,30,0,46 37,0,81,,63463,30,0,46 37,0,40,,63462,30,0,46 37,0,72,,63464,30,0,46 37,0,31,,63465,4,0,46 37,0
201,'4833',654,,63486,30,0,46 37,0,158,,63487,30,0,46 37,0,22,,63473,4,0,46 37,0,103,,63481,30,0,46 37,0,80,,63474,30,0,46 37,0,38,,63466,4,0,46 37,0,60,,63484,30,0,46 37,0,39,,63475,30,0,46 37,0,80,,63467,30,0,46 37,0,79,,63470,30,0,46 37,0,39,,63469,30,0,46 37,0,81,,63479,30,0,46 37,0,80,,63471,30,0,46 37,0,40,,63468,30,0,46 37,0,81,,63472,30,0,46 37,0,75,,63480,30,0,46 37,0,41,,63483,30,0,46 37,0,80,,63482,30,0,46 37,0,76,,63485,30,0,46 37,0,35,,63476,30,0,46 37,0,80,,63477,30,0,46 37,0,85,,63478,30,0,46 37,0,41,,63491,30,0,46 37,0,81,,63488,30,0,46 37,0,82,,63489,30,0,46 37,0,40,,63490,30,0,46 37,0,76,,63492,30,0,46 37,0,30,,63493,4,0,46 37,0
201,'5015',654,,63514,30,0,46 37,0,158,,63515,30,0,46 37,0,22,,63501,4,0,46 37,0,103,,63509,30,0,46 37,0,80,,63502,30,0,46 37,0,38,,63494,4,0,46 37,0,60,,63512,30,0,46 37,0,39,,63503,30,0,46 37,0,80,,63495,30,0,46 37,0,79,,63498,30,0,46 37,0,39,,63497,30,0,46 37,0,81,,63507,30,0,46 37,0,80,,63499,30,0,46 37,0,40,,63496,30,0,46 37,0,81,,63500,30,0,46 37,0,75,,63508,30,0,46 37,0,41,,63511,30,0,46 37,0,80,,63510,30,0,46 37,0,76,,63513,30,0,46 37,0,35,,63504,30,0,46 37,0,80,,63505,30,0,46 37,0,85,,63506,30,0,46 37,0,41,,63519,30,0,46 37,0,81,,63516,30,0,46 37,0,82,,63517,30,0,46 37,0,40,,63518,30,0,46 37,0,76,,63520,30,0,46 37,0,30,,63521,4,0,46 37,0
201,'5078',640,,52911,30,0,46 37,0,160,,52918,30,0,46 37,0,119,,52912,30,0,46 37,0,99,,52899,4,0,46 37,0,37,,52919,30,0,46 37,0,60,,52897,4,0,46 37,0,40,,52898,30,0,46 37,0,79,,52909,30,0,46 37,0,80,,52905,30,0,46 37,0,40,,52904,30,0,46 37,0,80,,52900,30,0,46 37,0,80,,52901,30,0,46 37,0,40,,52910,30,0,46 37,0,80,,52906,30,0,46 37,0,76,,52902,30,0,46 37,0,40,,52903,30,0,46 37,0,81,,52907,30,0,46 37,0,76,,52916,30,0,46 37,0,40,,52908,30,0,46 37,0,80,,52915,30,0,46 37,0,81,,52914,30,0,46 37,0,40,,52917,30,0,46 37,0,81,,52913,30,0,46 37,0,81,,52920,30,0,46 37,0,41,,52921,30,0,46 37,0
201,'5222',611,,63530,30,0,46 37,0,21,,63522,30,0,46 37,0,27,,63539,30,0,46 37,0,69,,63534,30,0,46 37,0,72,,63523,30,0,46 37,0,31,,63538,30,0,46 37,0,72,,63528,30,0,46 37,0,30,,63524,30,0,46 37,0,73,,63536,30,0,46 37,0,39,,63529,30,0,46 37,0,80,,63525,30,0,46 37,0,79,,63527,30,0,46 37,0,40,,63526,30,0,46 37,0,80,,63535,30,0,46 37,0,80,,63532,30,0,46 37,0,17,,63537,4,0,46 37,0,35,,63533,30,0,46 37,0,74,,63531,30,0,46 37,0,77,,63541,30,0,46 37,0,36,,63542,30,0,46 37,0,74,,63540,30,0,46 37,0,37,,63543,30,0,46 37,0,86,,63544,30,0,46 37,0,65,,63546,30,0,46 37,0,40,,63545,30,0,46 37,0,83,,63547,30,0,46 37,0,81,,63548,30,0,46 37,0,38,,63549,30,0,46 37,0,80,,63550,30,0,46 37,0,81,,63552,30,0,46 37,0,40,,63551,30,0,46 37,0,72,,63553,30,0,46 37,0
201,'5365',640,,63568,30,0,46 37,0,160,,63575,30,0,46 37,0,119,,63569,30,0,46 37,0,99,,63556,4,0,46 37,0,37,,63576,30,0,46 37,0,60,,63554,4,0,46 37,0,40,,63555,30,0,46 37,0,79,,63566,30,0,46 37,0,80,,63562,30,0,46 37,0,40,,63561,30,0,46 37,0,80,,63557,30,0,46 37,0,80,,63558,30,0,46 37,0,40,,63567,30,0,46 37,0,80,,63563,30,0,46 37,0,76,,63559,30,0,46 37,0,40,,63560,30,0,46 37,0,81,,63564,30,0,46 37,0,76,,63573,30,0,46 37,0,40,,63565,30,0,46 37,0,80,,63572,30,0,46 37,0,81,,63571,30,0,46 37,0,40,,63574,30,0,46 37,0,81,,63570,30,0,46 37,0,81,,63577,30,0,46 37,0,41,,63578,30,0,46 37,0
201,'5390',640,,63593,30,0,46 37,0,160,,63600,30,0,46 37,0,119,,63594,30,0,46 37,0,99,,63581,4,0,46 37,0,37,,63601,30,0,46 37,0,60,,63579,4,0,46 37,0,40,,63580,30,0,46 37,0,79,,63591,30,0,46 37,0,80,,63587,30,0,46 37,0,40,,63586,30,0,46 37,0,80,,63582,30,0,46 37,0,80,,63583,30,0,46 37,0,40,,63592,30,0,46 37,0,80,,63588,30,0,46 37,0,76,,63584,30,0,46 37,0,40,,63585,30,0,46 37,0,81,,63589,30,0,46 37,0,76,,63598,30,0,46 37,0,40,,63590,30,0,46 37,0,80,,63597,30,0,46 37,0,81,,63596,30,0,46 37,0,40,,63599,30,0,46 37,0,81,,63595,30,0,46 37,0,81,,63602,30,0,46 37,0,41,,63603,30,0,46 37,0
501,'4623',644,,64775,25,,,0,71,,64780,25,,,0,28,,64772,25,,,0,72,,64774,25,,,0,32,,64778,25,,,0,71,,64773,25,,,0,30,,64776,25,,,0,77,,64779,25,,,0,80,,64777,25,,,0,40,,64787,25,,,0,79,,64782,25,,,0,80,,64783,25,,,0,40,,64781,25,,,0,94,,64784,25,,,0,76,,64786,25,,,0,35,,64785,25,,,0,77,,64788,25,,,0,74,,64792,25,,,0,34,,64790,25,,,0,81,,64791,25,,,0,110,,64789,25,,,0,81,,64793,25,,,0,42,,64794,25,,,0
501,'4833',733,,64803,25,,,0,120,,64805,25,,,0,60,,64797,4,,,0,44,,64802,25,,,0,79,,64796,25,,,0,99,,64804,25,,,0,79,,64795,25,,,0,40,,64811,25,,,0,78,,64800,25,,,0,80,,64801,25,,,0,41,,64798,25,,,0,80,,64799,25,,,0,80,,64809,25,,,0,41,,64812,25,,,0,75,,64808,25,,,0,81,,64810,25,,,0,36,,64814,25,,,0,75,,64813,25,,,0,80,,64806,25,,,0,45,,64807,25,,,0
501,'5015',733,,64823,25,,,0,120,,64825,25,,,0,60,,64817,4,,,0,44,,64822,25,,,0,79,,64816,25,,,0,99,,64824,25,,,0,79,,64815,25,,,0,40,,64831,25,,,0,78,,64820,25,,,0,80,,64821,25,,,0,41,,64818,25,,,0,80,,64819,25,,,0,80,,64829,25,,,0,41,,64832,25,,,0,75,,64828,25,,,0,81,,64830,25,,,0,36,,64834,25,,,0,75,,64833,25,,,0,80,,64826,25,,,0,45,,64827,25,,,0
501,'5078',720,,53832,25,,,0,119,,53831,25,,,0,119,,53830,25,,,0,79,,53824,25,,,0,98,,53827,25,,,0,79,,53823,25,,,0,40,,53819,25,,,0,80,,53818,25,,,0,80,,53834,25,,,0,40,,53826,25,,,0,80,,53822,25,,,0,80,,53821,25,,,0,41,,53820,25,,,0,75,,53833,25,,,0,80,,53828,25,,,0,36,,53825,25,,,0,81,,53829,25,,,0
501,'5222',644,,64838,25,,,0,71,,64843,25,,,0,28,,64835,25,,,0,72,,64837,25,,,0,32,,64841,25,,,0,71,,64836,25,,,0,30,,64839,25,,,0,77,,64842,25,,,0,80,,64840,25,,,0,40,,64850,25,,,0,79,,64845,25,,,0,80,,64846,25,,,0,40,,64844,25,,,0,94,,64847,25,,,0,76,,64849,25,,,0,35,,64848,25,,,0,77,,64851,25,,,0,74,,64855,25,,,0,34,,64853,25,,,0,81,,64854,25,,,0,110,,64852,25,,,0,81,,64856,25,,,0,42,,64857,25,,,0
501,'5365',720,,64872,25,,,0,119,,64871,25,,,0,119,,64870,25,,,0,79,,64864,25,,,0,98,,64867,25,,,0,79,,64863,25,,,0,40,,64859,25,,,0,80,,64858,25,,,0,80,,64874,25,,,0,40,,64866,25,,,0,80,,64862,25,,,0,80,,64861,25,,,0,41,,64860,25,,,0,75,,64873,25,,,0,80,,64868,25,,,0,36,,64865,25,,,0,81,,64869,25,,,0
501,'5390',720,,64889,25,,,0,119,,64888,25,,,0,119,,64887,25,,,0,79,,64881,25,,,0,98,,64884,25,,,0,79,,64880,25,,,0,40,,64876,25,,,0,80,,64875,25,,,0,80,,64891,25,,,0,40,,64883,25,,,0,80,,64879,25,,,0,80,,64878,25,,,0,41,,64877,25,,,0,75,,64890,25,,,0,80,,64885,25,,,0,36,,64882,25,,,0,81,,64886,25,,,0
1001,'4623',624,,66237,24,0,46 37,0,83,,66236,24,0,46 37,0,36,,66228,24,0,46 37,0,78,,66227,24,0,46 37,0,84,,66230,24,0,46 37,0,39,,66226,24,0,46 37,0,95,,66235,24,0,46 37,0,115,,66231,24,0,46 37,0,90,,66225,24,0,46 37,0,76,,66229,24,0,46 37,0,86,,66224,24,0,46 37,0,42,,66234,24,0,46 37,0,95,,66223,24,0,46 37,0,81,,66232,24,0,46 37,0,88,,66222,24,0,46 37,0,40,,66233,24,0,46 37,0,61,,66221,24,0,46 37,0,30,,66218,24,0,46 37,0,95,,66220,24,0,46 37,0,101,,66219,24,0,46 37,0
1001,'4833',722,,66247,24,0,46 37,0,101,,66250,24,0,46 37,0,101,,66238,24,0,46 37,0,97,,66242,24,0,46 37,0,108,,66244,24,0,46 37,0,110,,66243,24,0,46 37,0,97,,66240,24,0,46 37,0,100,,66239,24,0,46 37,0,100,,66241,24,0,46 37,0,103,,66245,24,0,46 37,0,103,,66246,24,0,46 37,0,99,,66248,24,0,46 37,0,99,,66249,24,0,46 37,0,98,,66251,24,0,46 37,0
1001,'5015',722,,66261,24,0,46 37,0,101,,66264,24,0,46 37,0,101,,66252,24,0,46 37,0,97,,66256,24,0,46 37,0,108,,66258,24,0,46 37,0,110,,66257,24,0,46 37,0,97,,66254,24,0,46 37,0,100,,66253,24,0,46 37,0,100,,66255,24,0,46 37,0,103,,66259,24,0,46 37,0,103,,66260,24,0,46 37,0,99,,66262,24,0,46 37,0,99,,66263,24,0,46 37,0,98,,66265,24,0,46 37,0
1001,'5078',722,,54845,24,0,46 37,0,101,,54844,24,0,46 37,0,99,,54841,24,0,46 37,0,104,,54842,24,0,46 37,0,101,,54848,24,0,46 37,0,110,,54847,24,0,46 37,0,90,,54840,24,0,46 37,0,107,,54843,24,0,46 37,0,100,,54846,24,0,46 37,0,99,,54850,24,0,46 37,0,102,,54849,24,0,46 37,0,105,,54851,24,0,46 37,0,99,,54852,24,0,46 37,0
1001,'5222',624,,66285,24,0,46 37,0,83,,66284,24,0,46 37,0,36,,66276,24,0,46 37,0,78,,66275,24,0,46 37,0,84,,66278,24,0,46 37,0,39,,66274,24,0,46 37,0,95,,66283,24,0,46 37,0,115,,66279,24,0,46 37,0,90,,66273,24,0,46 37,0,76,,66277,24,0,46 37,0,86,,66272,24,0,46 37,0,42,,66282,24,0,46 37,0,95,,66271,24,0,46 37,0,81,,66280,24,0,46 37,0,88,,66270,24,0,46 37,0,40,,66281,24,0,46 37,0,61,,66269,24,0,46 37,0,30,,66266,24,0,46 37,0,95,,66268,24,0,46 37,0,101,,66267,24,0,46 37,0
1001,'5365',722,,66291,24,0,46 37,0,101,,66290,24,0,46 37,0,99,,66287,24,0,46 37,0,104,,66288,24,0,46 37,0,101,,66294,24,0,46 37,0,110,,66293,24,0,46 37,0,90,,66286,24,0,46 37,0,107,,66289,24,0,46 37,0,100,,66292,24,0,46 37,0,99,,66296,24,0,46 37,0,102,,66295,24,0,46 37,0,105,,66297,24,0,46 37,0,99,,66298,24,0,46 37,0
1001,'5390',722,,66305,24,0,46 37,0,101,,66304,24,0,46 37,0,99,,66301,24,0,46 37,0,104,,66302,24,0,46 37,0,101,,66308,24,0,46 37,0,110,,66307,24,0,46 37,0,90,,66300,24,0,46 37,0,107,,66303,24,0,46 37,0,100,,66306,24,0,46 37,0,99,,66310,24,0,46 37,0,102,,66309,24,0,46 37,0,105,,66311,24,0,46 37,0,99,,66312,24,0,46 37,0
