2101,'4332',644,,56638,14,,,0,70,,56620,14,,,0,31,,56629,14,,,0,71,,56612,14,,,0,30,,56639,14,,,0,69,,56621,14,,,0,30,,56630,14,,,0,67,,56608,14,,,0,28,,56610,14,,,0,69,,56631,14,,,0,30,,56615,14,,,0,69,,56623,14,,,0,28,,56609,14,,,0,70,,56611,14,,,0,28,,56632,14,,,0,70,,56616,14,,,0,32,,56624,14,,,0,71,,56613,14,,,0,30,,56614,14,,,0,74,,56633,14,,,0,30,,56617,14,,,0,69,,56626,14,,,0,31,,56619,14,,,0,70,,56618,14,,,0,31,,56634,14,,,0,70,,56622,14,,,0,36,,56625,14,,,0,76,,56627,14,,,0,29,,56636,14,,,0,70,,56628,14,,,0,32,,56637,14,,,0,70,,56635,14,,,0,30,,56640,14,,,0,145,,56641,14,,,0
2101,'4663',554,,56584,14,,,0,69,,56592,14,,,0,22,,56583,14,,,0,55,,56568,14,,,0,16,,56579,18,,,0,14,,56563,18,,,0,16,,56571,18,,,0,57,,56578,18,,,0,16,,56567,18,,,0,17,,56597,18,,,0,16,,56564,18,,,0,59,,56594,18,,,0,30,,56605,18,,,0,70,,56577,18,,,0,27,,56599,18,,,0,70,,56602,18,,,0,30,,56604,18,,,0,70,,56601,18,,,0,30,,56576,18,,,0,70,,56606,18,,,0,30,,56600,18,,,0,70,,56603,18,,,0,30,,56565,18,,,0,21,,56598,18,,,0,58,,56570,18,,,0,18,,56569,14,,,0,20,,56580,18,,,0,59,,56573,18,,,0,17,,56590,18,,,0,20,,56572,18,,,0,57,,56595,18,,,0,16,,56566,14,,,0,19,,56596,18,,,0,60,,56574,18,,,0,18,,56575,18,,,0,31,,56581,14,,,0,70,,56588,14,,,0,31,,56587,14,,,0,70,,56591,14,,,0,30,,56585,14,,,0,70,,56589,14,,,0,32,,56586,14,,,0,69,,56582,14,,,0,30,,56593,14,,,0,146,,56607,14,,,0
2101,'5078',652,,56655,14,,,0,80,,56645,14,,,0,80,,56656,14,,,0,36,,56654,14,,,0,65,,56642,14,,,0,28,,56644,14,,,0,70,,56657,14,,,0,29,,56643,14,,,0,70,,56658,14,,,0,29,,56647,14,,,0,70,,56646,14,,,0,30,,56659,14,,,0,68,,56648,14,,,0,29,,56660,14,,,0,70,,56661,14,,,0,30,,56662,14,,,0,71,,56650,14,,,0,32,,56651,14,,,0,73,,56652,14,,,0,29,,56653,14,,,0,71,,56649,14,,,0,30,,56663,14,,,0,72,,56664,14,,,0,35,,56665,14,,,0,104,,56666,14,,,0,101,,56667,14,,,0,103,,56668,14,,,0,100,,56669,14,,,0,143,,56670,14,,,0
2101,'5372',554,,41118,14,,,0,69,,41126,14,,,0,22,,41117,14,,,0,55,,41102,14,,,0,16,,41113,18,,,0,14,,41097,18,,,0,16,,41105,18,,,0,57,,41112,18,,,0,16,,41101,18,,,0,17,,41131,18,,,0,16,,41098,18,,,0,59,,41128,18,,,0,30,,41139,18,,,0,70,,41111,18,,,0,27,,41133,18,,,0,70,,41136,18,,,0,30,,41138,18,,,0,70,,41135,18,,,0,30,,41110,18,,,0,70,,41140,18,,,0,30,,41134,18,,,0,70,,51663,18,,,0,30,,41099,18,,,0,21,,41132,18,,,0,58,,41104,18,,,0,18,,41103,14,,,0,20,,41114,18,,,0,59,,41107,18,,,0,17,,41124,18,,,0,20,,41106,18,,,0,57,,41129,18,,,0,16,,41100,14,,,0,19,,41130,18,,,0,60,,41108,18,,,0,18,,41109,18,,,0,31,,41115,14,,,0,70,,41122,14,,,0,31,,41121,14,,,0,70,,41125,14,,,0,30,,41119,14,,,0,70,,41123,14,,,0,32,,41120,14,,,0,69,,41116,14,,,0,30,,41127,14,,,0,146,,41141,14,,,0
2101,'5385',554,,56692,14,,,0,69,,56700,14,,,0,22,,56691,14,,,0,55,,56676,14,,,0,16,,56687,18,,,0,14,,56671,18,,,0,16,,56679,18,,,0,57,,56686,18,,,0,16,,56675,18,,,0,17,,56705,18,,,0,16,,56672,18,,,0,59,,56702,18,,,0,30,,56713,18,,,0,70,,56685,18,,,0,27,,56707,18,,,0,70,,56710,18,,,0,30,,56712,18,,,0,70,,56709,18,,,0,30,,56684,18,,,0,70,,56714,18,,,0,30,,56708,18,,,0,70,,56711,18,,,0,30,,56673,18,,,0,21,,56706,18,,,0,58,,56678,18,,,0,18,,56677,14,,,0,20,,56688,18,,,0,59,,56681,18,,,0,17,,56698,18,,,0,20,,56680,18,,,0,57,,56703,18,,,0,16,,56674,14,,,0,19,,56704,18,,,0,60,,56682,18,,,0,18,,56683,18,,,0,31,,56689,14,,,0,70,,56696,14,,,0,31,,56695,14,,,0,70,,56699,14,,,0,30,,56693,14,,,0,70,,56697,14,,,0,32,,56694,14,,,0,69,,56690,14,,,0,30,,56701,14,,,0,146,,56715,14,,,0
2201,'4332',723,,56864,26,,,0,79,,56875,26,,,0,29,,56860,26,,,0,69,,56854,26,,,0,30,,56863,26,,,0,70,,56876,26,,,0,28,,56859,26,,,0,29,,56858,26,,,0,71,,56861,26,,,0,28,,56856,26,,,0,68,,56880,26,,,0,30,,56857,26,,,0,67,,56862,26,,,0,30,,56855,26,,,0,70,,56868,26,,,0,32,,56879,26,,,0,69,,56870,26,,,0,32,,56866,26,,,0,71,,56869,26,,,0,34,,56871,26,,,0,71,,56867,26,,,0,71,,56865,26,,,0,30,,56873,26,,,0,72,,56872,26,,,0,27,,56878,26,,,0,28,,56874,26,,,0,72,,56881,26,,,0,71,,56877,26,,,0,48,,56882,26,0,5 49,0
2201,'4663',606,,56847,34,,,0,29,,56837,34,,,0,90,,56831,26,,,0,26,,56836,40,,,0,71,,56848,40,,,0,31,,56838,40,,,0,101,,56832,40,,,0,69,,56835,40,,,0,30,,56849,40,,,0,98,,56852,40,,,0,69,,56830,26,,,0,29,,56839,26,,,0,100,,56840,26,,,0,71,,56853,26,,,0,101,,56841,26,,,0,32,,56850,26,,,0,70,,56842,26,,,0,99,,56833,26,,,0,37,,56843,26,,,0,98,,56844,26,,,0,71,,56834,26,,,0,103,,56851,26,,,0,71,,56846,26,,,0,48,,56845,26,0,5 49,0
2201,'5078',752,,56891,26,,,0,80,,56892,26,,,0,69,,56884,26,,,0,28,,56885,26,,,0,30,,56894,26,,,0,69,,56893,26,,,0,29,,56883,26,,,0,70,,56887,26,,,0,30,,56888,26,,,0,70,,56886,26,,,0,28,,56890,26,,,0,69,,56889,26,,,0,30,,56896,26,,,0,70,,56897,26,,,0,31,,56895,26,,,0,70,,56899,26,,,0,75,,56898,26,,,0,30,,56901,26,,,0,70,,56900,26,,,0,30,,56902,26,,,0,72,,56903,26,,,0,30,,56904,26,,,0,91,,56905,26,0,5,0,101,,56906,26,0,5,0,110,,56907,26,0,5,0
2201,'5372',606,,50119,34,,,0,29,,50109,34,,,0,90,,50103,26,,,0,26,,50108,40,,,0,71,,50120,40,,,0,31,,50110,40,,,0,101,,50104,40,,,0,69,,50107,40,,,0,30,,50121,40,,,0,98,,50124,40,,,0,69,,50102,26,,,0,29,,50111,26,,,0,100,,50112,26,,,0,71,,50125,26,,,0,101,,50113,26,,,0,32,,50122,26,,,0,70,,50114,26,,,0,99,,50105,26,,,0,37,,50115,26,,,0,98,,50116,26,,,0,71,,50106,26,,,0,103,,50123,26,,,0,71,,50118,26,,,0,48,,50117,26,0,5 49,0
2201,'5385',606,,56925,34,,,0,29,,56915,34,,,0,90,,56909,26,,,0,26,,56914,40,,,0,71,,56926,40,,,0,31,,56916,40,,,0,101,,56910,40,,,0,69,,56913,40,,,0,30,,56927,40,,,0,98,,56930,40,,,0,69,,56908,26,,,0,29,,56917,26,,,0,100,,56918,26,,,0,71,,56931,26,,,0,101,,56919,26,,,0,32,,56928,26,,,0,70,,56920,26,,,0,99,,56911,26,,,0,37,,56921,26,,,0,98,,56922,26,,,0,71,,56912,26,,,0,103,,56929,26,,,0,71,,56924,26,,,0,48,,56923,26,0,5 49,0
2600,'4332',641,,57276,16,,,0,71,,57277,16,,,0,30,,57278,16,,,0,58,,57279,16,,,0,17,,57280,16,,,0,17,,57281,16,,,0,17,,57282,16,,,0,57,,57283,16,,,0,17,,57284,16,,,0,17,,57285,16,,,0,17,,57286,16,,,0,57,,57287,16,,,0,17,,57288,16,,,0,18,,57289,16,,,0,58,,57290,16,,,0,17,,57275,16,,,0,18,,57291,16,,,0,59,,57292,16,,,0,17,,57293,16,,,0,17,,57294,16,,,0,17,,57295,16,,,0,57,,57296,16,,,0,17,,57297,16,,,0,17,,57298,16,,,0,58,,57299,16,,,0,16,,57300,16,,,0,16,,57301,16,,,0,17,,57302,16,,,0,57,,57303,16,,,0,17,,57304,16,,,0,17,,57305,16,,,0,57,,57306,16,,,0,16,,57307,16,,,0,15,,57308,16,,,0,15,,57309,16,,,0,56,,57310,16,,,0,16,,57311,16,,,0,16,,57312,16,,,0,16,,57313,16,,,0,57,,57314,16,,,0,17,,57315,16,,,0,20,,57316,16,,,0,59,,57317,16,,,0,20,,57318,16,,,0,20,,57319,16,,,0,60,,57320,16,,,0,20,,57321,16,,,0,20,,57322,16,,,0,60,,57323,16,,,0,20,,57324,16,,,0,25,,57325,16,,,0,70,,57326,16,,,0,30,,57327,16,,,0,70,,57328,16,,,0,30,,57329,16,,,0,70,,57330,16,,,0,31,,57331,16,,,0,101,,57332,16,,,0
2600,'4663',557,,57211,16,,,0,68,,57198,16,,,0,22,,57199,16,,,0,58,,57208,16,,,0,11,,57209,16,,,0,15,,57202,16,,,0,6,,57213,16,,,0,7,,57207,16,,,0,7,,57268,16,,,0,8,,57205,16,,,0,56,,57210,16,,,0,16,,57204,16,,,0,16,,57212,16,,,0,56,,57200,16,,,0,16,,57201,16,,,0,16,,57214,16,,,0,16,,57215,16,,,0,56,,57203,16,,,0,16,,57216,16,,,0,14,,57227,16,,,0,15,,57217,16,,,0,55,,57218,16,,,0,17,,57222,16,,,0,14,,57241,16,,,0,16,,57233,16,,,0,56,,57229,16,,,0,15,,57237,16,,,0,14,,57228,16,,,0,15,,57219,16,,,0,55,,57224,16,,,0,15,,57240,16,,,0,15,,57221,16,,,0,15,,57220,16,,,0,55,,57242,16,,,0,13,,57223,16,,,0,13,,57231,16,,,0,12,,57225,16,,,0,10,,57226,16,,,0,54,,57230,16,,,0,14,,57270,16,,,0,12,,57235,16,,,0,12,,57239,16,,,0,52,,57236,16,,,0,12,,57232,16,,,0,13,,57234,16,,,0,11,,57238,16,,,0,12,,57247,16,,,0,52,,57244,16,,,0,11,,57245,16,,,0,14,,57246,16,,,0,14,,57269,16,,,0,15,,57243,16,,,0,53,,57264,16,,,0,15,,57265,16,,,0,15,,57248,16,,,0,15,,57253,16,,,0,55,,57256,16,,,0,15,,57259,16,,,0,20,,57250,16,,,0,60,,57260,16,,,0,20,,57251,16,,,0,20,,57252,16,,,0,60,,57249,16,,,0,19,,57263,16,,,0,23,,57257,16,,,0,73,,57254,16,,,0,29,,57262,16,,,0,70,,57267,16,,,0,29,,57266,16,,,0,72,,57261,16,,,0,30,,57255,16,,,0,100,,57258,16,,,0
2600,'5078',704,,57349,16,,,0,27,,57357,16,,,0,21,,57339,16,,,0,63,,57333,16,,,0,23,,57351,16,,,0,21,,57358,16,,,0,67,,57340,16,,,0,22,,57334,16,,,0,60,,57352,16,,,0,24,,57343,16,,,0,20,,57335,16,,,0,58,,57341,16,,,0,18,,57337,16,,,0,19,,57350,16,,,0,59,,57338,16,,,0,20,,57355,16,,,0,18,,57336,16,,,0,58,,57353,16,,,0,18,,57345,16,,,0,18,,57348,16,,,0,20,,57346,16,,,0,58,,57356,16,,,0,17,,57342,16,,,0,18,,57354,16,,,0,58,,57344,16,,,0,17,,57347,16,,,0,18,,57363,16,,,0,58,,57367,16,,,0,17,,57360,16,,,0,18,,57369,16,,,0,18,,57362,16,,,0,58,,57365,16,,,0,17,,57361,16,,,0,17,,57370,16,,,0,56,,57359,16,,,0,20,,57368,16,,,0,19,,57364,16,,,0,60,,57366,16,,,0,19,,57374,16,,,0,20,,57372,16,,,0,59,,57376,16,,,0,20,,57373,16,,,0,20,,57375,16,,,0,60,,57377,16,,,0,20,,57371,16,,,0,30,,57379,16,,,0,68,,57378,16,,,0,30,,57380,16,,,0,70,,57381,16,,,0
2600,'5372',557,,41867,16,,,0,68,,41854,16,,,0,22,,41855,16,,,0,58,,41864,16,,,0,11,,41865,16,,,0,15,,41858,16,,,0,6,,41869,16,,,0,7,,41863,16,,,0,7,,41922,16,,,0,8,,41861,16,,,0,56,,50147,16,,,0,16,,41860,16,,,0,16,,41868,16,,,0,56,,41856,16,,,0,16,,41857,16,,,0,16,,41870,16,,,0,16,,41871,16,,,0,56,,41859,16,,,0,16,,41872,16,,,0,14,,41883,16,,,0,15,,41873,16,,,0,55,,41874,16,,,0,17,,41878,16,,,0,14,,50149,16,,,0,16,,41889,16,,,0,56,,41885,16,,,0,15,,41893,16,,,0,14,,41884,16,,,0,15,,41875,16,,,0,55,,41880,16,,,0,15,,41896,16,,,0,15,,41877,16,,,0,15,,51667,16,,,0,55,,41898,16,,,0,13,,41879,16,,,0,13,,41887,16,,,0,12,,41881,16,,,0,10,,41882,16,,,0,54,,41886,16,,,0,14,,41924,16,,,0,12,,41891,16,,,0,12,,41895,16,,,0,52,,50148,16,,,0,12,,41888,16,,,0,13,,41890,16,,,0,11,,41894,16,,,0,12,,41903,16,,,0,52,,41900,16,,,0,11,,41901,16,,,0,14,,41902,16,,,0,14,,41923,16,,,0,15,,41899,16,,,0,53,,41918,16,,,0,15,,41919,16,,,0,15,,41904,16,,,0,15,,41909,16,,,0,55,,41912,16,,,0,15,,41914,16,,,0,20,,41906,16,,,0,60,,41915,16,,,0,20,,41907,16,,,0,20,,50150,16,,,0,60,,41905,16,,,0,42,,41913,16,,,0,73,,50151,16,,,0,29,,41917,16,,,0,70,,41921,16,,,0,29,,41920,16,,,0,72,,41916,16,,,0,30,,41911,16,,,0
2600,'5373',2122,,57273,16,,,0
2600,'5385',557,,57395,16,,,0,68,,57382,16,,,0,22,,57383,16,,,0,58,,57392,16,,,0,11,,57393,16,,,0,15,,57386,16,,,0,6,,57397,16,,,0,7,,57391,16,,,0,7,,57450,16,,,0,8,,57389,16,,,0,56,,57394,16,,,0,16,,57388,16,,,0,16,,57396,16,,,0,56,,57384,16,,,0,16,,57385,16,,,0,16,,57398,16,,,0,16,,57399,16,,,0,56,,57387,16,,,0,16,,57400,16,,,0,14,,57411,16,,,0,15,,57401,16,,,0,55,,57402,16,,,0,17,,57406,16,,,0,14,,57425,16,,,0,16,,57417,16,,,0,56,,57413,16,,,0,15,,57421,16,,,0,14,,57412,16,,,0,15,,57403,16,,,0,55,,57408,16,,,0,15,,57424,16,,,0,15,,57405,16,,,0,15,,57404,16,,,0,55,,57426,16,,,0,13,,57407,16,,,0,13,,57415,16,,,0,12,,57409,16,,,0,10,,57410,16,,,0,54,,57414,16,,,0,14,,57452,16,,,0,12,,57419,16,,,0,12,,57423,16,,,0,52,,57420,16,,,0,12,,57416,16,,,0,13,,57418,16,,,0,11,,57422,16,,,0,12,,57431,16,,,0,52,,57428,16,,,0,11,,57429,16,,,0,14,,57430,16,,,0,14,,57451,16,,,0,15,,57427,16,,,0,53,,57446,16,,,0,15,,57447,16,,,0,15,,57432,16,,,0,15,,57437,16,,,0,55,,57440,16,,,0,15,,57442,16,,,0,20,,57434,16,,,0,60,,57443,16,,,0,20,,57435,16,,,0,20,,57436,16,,,0,60,,57433,16,,,0,42,,57441,16,,,0,73,,57438,16,,,0,29,,57445,16,,,0,70,,57449,16,,,0,29,,57448,16,,,0,72,,57444,16,,,0,30,,57439,16,,,0
2600,'5387',2122,,57455,16,,,0
2600,'5388',2122,,57456,16,,,0
1002201,'4663',706,,62916,28,,,0,216,,62915,28,,,0,200,,62911,28,,,0,197,,62913,14,,,0,98,,62909,14,0,5 49,0,35,,62910,14,,,0,202,,62917,14,,,0,173,,62914,14,,,0,173,,62912,14,,,0
1002201,'5372',706,,51585,28,,,0,216,,51584,28,,,0,200,,51580,28,,,0,197,,51582,14,,,0,133,,51579,14,,,0,202,,51586,14,,,0,173,,51583,14,,,0,173,,51581,14,,,0
1002201,'5373',1518,,62918,14,0,5 49,0
1002201,'5385',706,,62925,28,,,0,216,,62924,28,,,0,200,,62920,28,,,0,197,,62922,14,,,0,133,,62919,14,,,0,202,,62926,14,,,0,173,,62923,14,,,0,173,,62921,14,,,0
1002201,'5387',1518,,62927,14,0,5 49,0
1002201,'5388',1417,,62928,14,0,5 49,0
