5300,'4623',1319,,73347,6,0,25 40,0,186,,73345,6,0,25 40,0,107,,73344,6,0,25 40,0,130,,73349,6,0,25 40,0,167,,73348,6,0,25 40,0,130,,73350,6,0,25 40,0
5300,'4833',1324,,73357,6,0,25 40,0,210,,73354,6,0,25 40,0,210,,73352,6,0,25 40,0,206,,73353,6,0,25 40,0
5300,'5015',1324,,73364,6,0,25 40,0,210,,73361,6,0,25 40,0,210,,73359,6,0,25 40,0,206,,73360,6,0,25 40,0
5300,'5078',1324,,60007,7,0,25 40,0,210,,60005,7,0,25 40,0,210,,60009,7,0,25 40,0,205,,60008,7,0,25 40,0
5300,'5222',1319,,73372,6,0,25 40,0,186,,73370,6,0,25 40,0,107,,73369,6,0,25 40,0,130,,73374,6,0,25 40,0,167,,73373,6,0,25 40,0,130,,73375,6,0,25 40,0
5300,'5365',1324,,73380,6,0,25 40,0,210,,73378,6,0,25 40,0,210,,73382,6,0,25 40,0,205,,73381,6,0,25 40,0
5300,'5390',1324,,73387,6,0,25 40,0,210,,73385,6,0,25 40,0,210,,73389,6,0,25 40,0,205,,73388,6,0,25 40,0
5301,'4623',806,,73390,29,,,0,116,,73399,29,,,0,199,,73391,29,,,0
5301,'4833',757,,73405,29,,,0,200,,73406,29,,,0,254,,73404,29,,,0
5301,'5015',757,,73412,29,,,0,200,,73413,29,,,0,254,,73411,29,,,0
5301,'5078',757,,60041,29,,,0,200,,60038,29,,,0,253,,60039,29,,,0
5301,'5222',806,,73414,29,,,0,116,,73423,29,,,0,199,,73415,29,,,0
5301,'5365',757,,73427,29,,,0,200,,73424,29,,,0,253,,73425,29,,,0
5301,'5390',757,,73434,29,,,0,200,,73431,29,,,0,253,,73432,29,,,0
