4701,'4737',1702,,12098,33,,,0,30,,12099,33,,,0,26,,12100,33,,,0
4701,'4744',1702,,12101,33,,,0,30,,12102,33,,,0,26,,12103,33,,,0
4701,'4947',1702,,12104,33,,,0,30,,12105,33,,,0,26,,12106,33,,,0
4900,'4487',821,,12130,12,,,0,211,,12131,12,,,0,201,,12126,12,,,0,210,,12127,12,,,0,210,,12128,12,,,0,194,,12129,12,,,0,267,,12125,12,,,0
4900,'4737',724,,12134,12,,,0,100,,12136,12,,,0,133,,12133,12,,,0,200,,12135,12,,,0,166,,12137,12,,,0,182,,12138,12,,,0,105,,12139,12,,,0,95,,12132,12,,,0,107,,12140,12,,,0,195,,12141,12,,,0,208,,12142,12,,,0
4900,'4740',821,,12148,12,,,0,211,,12149,12,,,0,201,,12144,12,,,0,210,,12145,12,,,0,210,,12146,12,,,0,194,,12147,12,,,0,267,,12143,12,,,0
4900,'4744',724,,12152,12,,,0,100,,12154,12,,,0,133,,12151,12,,,0,200,,12153,12,,,0,166,,12155,12,,,0,182,,12156,12,,,0,105,,12157,12,,,0,95,,12150,12,,,0,107,,12158,12,,,0,195,,12159,12,,,0,208,,12160,12,,,0
4900,'4745',821,,12162,12,,,0,210,,12161,12,,,0,201,,12163,12,,,0,210,,12164,12,,,0,210,,12166,12,,,0,194,,12167,12,,,0,268,,12165,12,,,0
4900,'4947',724,,12170,12,,,0,100,,12172,12,,,0,133,,12169,12,,,0,200,,12171,12,,,0,166,,12173,12,,,0,182,,12174,12,,,0,105,,12175,12,,,0,95,,12168,12,,,0,107,,12176,12,,,0,195,,12177,12,,,0,208,,12178,12,,,0
4900,'4954',821,,12180,12,,,0,210,,12179,12,,,0,201,,12181,12,,,0,210,,12182,12,,,0,210,,12184,12,,,0,194,,12185,12,,,0,268,,12183,12,,,0
