3200,'4332',802,,59027,5,,,0,100,,59030,5,,,0,101,,59034,5,,,0,100,,59025,5,,,0,100,,59028,5,,,0,100,,59031,5,,,0,100,,59035,5,,,0,100,,59026,5,,,0,100,,59029,5,,,0,100,,59032,5,,,0,100,,59036,5,,,0,99,,59033,5,,,0,100,,59037,5,,,0,100,,59023,5,,,0,100,,59024,5,,,0
3200,'4663',641,,59005,5,,,0,81,,59006,5,,,0,81,,59007,5,,,0,110,,59008,5,,,0,100,,59009,5,,,0,105,,59010,5,,,0,105,,59011,5,,,0,104,,59012,5,,,0,105,,59013,5,,,0,111,,59014,5,,,0,105,,59015,5,,,0,72,,59020,25,,,0,33,,59016,5,,,0,150,,59017,5,,,0,100,,59018,5,,,0,100,,59019,5,,,0,99,,59021,5,,,0
3200,'5078',802,,59038,5,,,0,100,,59039,5,,,0,100,,59040,5,,,0,101,,59042,5,,,0,100,,59043,5,,,0,100,,59041,5,,,0,100,,59047,5,,,0,100,,59046,5,,,0,100,,59044,5,,,0,100,,59045,5,,,0,100,,59049,5,,,0,100,,59048,5,,,0
3200,'5372',641,,43989,5,,,0,81,,59022,5,,,0,81,,43991,5,,,0,110,,43992,5,,,0,100,,43993,5,,,0,105,,43994,5,,,0,105,,43995,5,,,0,104,,43996,5,,,0,105,,43997,5,,,0,111,,43998,5,,,0,105,,43999,5,,,0,72,,44004,25,,,0,33,,44000,5,,,0,150,,44001,5,,,0,100,,44002,5,,,0,100,,44003,5,,,0,99,,44005,5,,,0
3200,'5385',641,,59050,5,,,0,81,,59051,5,,,0,81,,59052,5,,,0,110,,59053,5,,,0,100,,59054,5,,,0,105,,59055,5,,,0,105,,59056,5,,,0,104,,59057,5,,,0,105,,59058,5,,,0,111,,59059,5,,,0,105,,59060,5,,,0,72,,59065,25,,,0,33,,59061,5,,,0,150,,59062,5,,,0,100,,59063,5,,,0,100,,59064,5,,,0,99,,59066,5,,,0
3900,'4332',712,,59284,5,,,0,126,,59285,5,,,0,100,,59289,5,,,0,100,,59293,5,,,0,100,,59283,5,,,0,100,,59287,5,,,0,100,,59290,5,,,0,100,,59294,5,,,0,100,,59286,5,,,0,100,,59288,5,,,0,100,,59291,5,,,0,100,,59295,5,,,0,100,,59292,5,,,0
3900,'4663',647,,59254,11,,,0,76,,59255,11,,,0,21,,59258,5,,,0,11,,59261,11,,,0,53,,59257,11,,,0,15,,59256,11,,,0,31,,59259,11,,,0,76,,59260,11,,,0,26,,59264,11,,,0,70,,59262,11,,,0,29,,59263,11,,,0,70,,59265,11,,,0,31,,59266,11,,,0,71,,59268,11,,,0,30,,59267,11,,,0,71,,59269,11,,,0,31,,59270,11,,,0,73,,59272,11,,,0,71,,59271,11,,,0,38,,59273,11,,,0,71,,59275,11,,,0,31,,59274,11,,,0,69,,59276,11,,,0,29,,59277,11,,,0,73,,59278,11,,,0,38,,59282,11,,,0,77,,59279,11,,,0,83,,59280,11,,,0,107,,59281,11,,,0
3900,'5078',838,,59297,5,,,0,100,,59296,5,,,0,100,,59298,5,,,0,100,,59300,5,,,0,100,,59299,5,,,0,100,,59304,5,,,0,100,,59301,5,,,0,100,,59302,5,,,0,100,,59303,5,,,0,100,,59305,5,,,0,100,,59306,5,,,0,100,,59307,5,,,0
3900,'5372',647,,50258,11,,,0,76,,44254,11,,,0,21,,44257,5,,,0,11,,44260,11,,,0,53,,44256,11,,,0,15,,44255,11,,,0,31,,44258,11,,,0,76,,44259,11,,,0,26,,44263,11,,,0,70,,44261,11,,,0,29,,44262,11,,,0,70,,44264,11,,,0,31,,44265,11,,,0,71,,44267,11,,,0,30,,44266,11,,,0,71,,44268,11,,,0,31,,44269,11,,,0,73,,50259,11,,,0,71,,44270,11,,,0,38,,44272,11,,,0,71,,44274,11,,,0,31,,44273,11,,,0,69,,44275,11,,,0,29,,44276,11,,,0,73,,44277,11,,,0,38,,44281,11,,,0,77,,44278,11,,,0,83,,44279,11,,,0,107,,44280,11,,,0
3900,'5385',647,,59308,11,,,0,76,,59309,11,,,0,21,,59312,5,,,0,11,,59315,11,,,0,53,,59311,11,,,0,15,,59310,11,,,0,31,,59313,11,,,0,76,,59314,11,,,0,26,,59318,11,,,0,70,,59316,11,,,0,29,,59317,11,,,0,70,,59319,11,,,0,31,,59320,11,,,0,71,,59322,11,,,0,30,,59321,11,,,0,71,,59323,11,,,0,31,,59324,11,,,0,73,,59326,11,,,0,71,,59325,11,,,0,38,,59327,11,,,0,71,,59329,11,,,0,31,,59328,11,,,0,69,,59330,11,,,0,29,,59331,11,,,0,73,,59332,11,,,0,38,,59336,11,,,0,77,,59333,11,,,0,83,,59334,11,,,0,107,,59335,11,,,0
1000601,'4332',654,,62839,5,,,0,149,,62840,5,,,0,99,,62841,5,,,0,49,,62842,5,,,0,88,,62843,5,,,0,87,,62844,5,,,0,87,,62845,5,,,0,87,,62846,5,,,0,42,,62848,5,,,0,82,,62847,5,,,0,82,,62849,5,,,0,43,,62850,5,,,0,93,,62851,5,,,0,101,,62852,5,,,0,109,,62853,5,,,0,103,,62854,5,,,0,94,,62855,5,,,0,99,,62856,5,,,0,110,,62857,5,,,0
1000601,'4663',601,,62831,5,,,0,47,,62826,5,,,0,72,,62820,5,,,0,29,,62834,5,,,0,74,,62821,5,,,0,35,,62835,5,,,0,79,,62833,5,,,0,86,,62836,5,,,0,86,,62822,5,,,0,48,,62828,5,,,0,90,,62832,5,,,0,86,,62816,5,,,0,80,,62815,5,,,0,39,,62829,5,,,0,83,,62823,5,,,0,76,,62817,5,,,0,44,,62819,5,,,0,91,,62818,5,,,0,105,,62837,5,,,0,107,,62824,5,,,0,95,,62827,5,,,0,100,,62830,5,,,0,101,,62825,5,,,0
1000601,'5078',702,,62865,5,,,0,50,,62871,5,,,0,97,,62859,5,,,0,106,,62863,5,,,0,101,,62858,5,,,0,94,,62873,5,,,0,100,,62860,5,,,0,100,,62861,5,,,0,100,,62867,5,,,0,101,,62864,5,,,0,101,,62862,5,,,0,149,,62866,5,,,0,110,,62868,5,,,0,93,,62870,5,,,0,51,,62869,5,,,0,148,,62872,5,,,0
1000601,'5372',601,,48489,5,,,0,47,,48484,5,,,0,72,,48478,5,,,0,29,,48492,5,,,0,74,,48479,5,,,0,35,,48493,5,,,0,79,,48491,5,,,0,86,,48494,5,,,0,86,,48480,5,,,0,48,,48486,5,,,0,90,,48490,5,,,0,86,,48474,5,,,0,80,,62838,5,,,0,39,,48487,5,,,0,83,,48481,5,,,0,76,,48475,5,,,0,44,,48477,5,,,0,91,,48476,5,,,0,105,,48495,5,,,0,107,,48482,5,,,0,95,,48485,5,,,0,100,,48488,5,,,0,101,,48483,5,,,0
1000601,'5385',601,,62890,5,,,0,47,,62885,5,,,0,72,,62879,5,,,0,29,,62893,5,,,0,74,,62880,5,,,0,35,,62894,5,,,0,79,,62892,5,,,0,86,,62895,5,,,0,86,,62881,5,,,0,48,,62887,5,,,0,90,,62891,5,,,0,86,,62875,5,,,0,80,,62874,5,,,0,39,,62888,5,,,0,83,,62882,5,,,0,76,,62876,5,,,0,44,,62878,5,,,0,91,,62877,5,,,0,105,,62896,5,,,0,107,,62883,5,,,0,95,,62886,5,,,0,100,,62889,5,,,0,101,,62884,5,,,0
