4700,'4663',613,,59613,2,,,0,20,,59612,2,,,0,23,,59611,2,,,0
4700,'5372',613,,44662,2,,,0,20,,44661,2,,,0,23,,50317,2,,,0
4700,'5385',613,,59616,2,,,0,20,,59615,2,,,0,23,,59614,2,,,0
5801,'4332',650,,60449,7,,,0,100,,60450,7,,,0,100,,60451,7,,,0,106,,60452,7,,,0,145,,60448,7,,,0,105,,60447,7,,,0,100,,60446,7,,,0,110,,60445,7,,,0,100,,60443,7,,,0,110,,60444,7,,,0,100,,60438,7,,,0,105,,60439,7,,,0,100,,60440,7,,,0,105,,60441,7,,,0,114,,60442,7,,,0,150,,60437,7,,,0
5801,'4663',617,,60412,7,,,0,30,,60426,7,,,0,78,,60413,7,,,0,78,,60414,7,,,0,22,,60420,7,,,0,76,,60415,7,,,0,43,,60416,7,,,0,87,,60417,7,,,0,85,,60418,7,,,0,85,,60419,7,,,0,45,,60422,7,,,0,86,,60421,7,,,0,86,,60423,7,,,0,19,,60433,7,,,0,65,,60424,7,,,0,16,,60435,7,,,0,26,,60425,7,,,0,92,,60427,7,,,0,88,,60428,7,,,0,85,,60429,7,,,0,46,,60430,7,,,0,186,,60431,7,,,0,110,,60432,7,,,0,149,,60436,7,,,0
5801,'5078',750,,60453,7,,,0,100,,60459,7,,,0,105,,60457,7,,,0,146,,60460,7,,,0,105,,60455,7,,,0,100,,60458,7,,,0,110,,60454,7,,,0,100,,60461,7,,,0,110,,60456,7,,,0,100,,60464,7,,,0,104,,60463,7,,,0,100,,60465,7,,,0,105,,60466,7,,,0,200,,60462,7,,,0
5801,'5372',617,,45611,7,,,0,30,,45625,7,,,0,78,,45612,7,,,0,78,,45613,7,,,0,22,,45619,7,,,0,76,,45614,7,,,0,43,,45615,7,,,0,87,,45616,7,,,0,85,,45617,7,,,0,85,,45618,7,,,0,45,,45621,7,,,0,86,,45620,7,,,0,86,,45622,7,,,0,19,,45632,7,,,0,65,,45623,7,,,0,16,,45634,7,,,0,26,,45624,7,,,0,92,,45626,7,,,0,88,,45627,7,,,0,85,,45628,7,,,0,46,,45629,7,,,0,186,,45630,7,,,0,110,,45631,7,,,0,149,,45635,7,,,0
5801,'5385',617,,60467,7,,,0,30,,60481,7,,,0,78,,60468,7,,,0,78,,60469,7,,,0,22,,60475,7,,,0,76,,60470,7,,,0,43,,60471,7,,,0,87,,60472,7,,,0,85,,60473,7,,,0,85,,60474,7,,,0,45,,60477,7,,,0,86,,60476,7,,,0,86,,60478,7,,,0,19,,60488,7,,,0,65,,60479,7,,,0,16,,60490,7,,,0,26,,60480,7,,,0,92,,60482,7,,,0,88,,60483,7,,,0,85,,60484,7,,,0,46,,60485,7,,,0,186,,60486,7,,,0,110,,60487,7,,,0,149,,60491,7,,,0
6501,'4663',1644,,61041,27,,,0,68,,61040,27,,,0,32,,61043,27,,,0,69,,61042,27,,,0
6501,'5372',1744,,51848,27,,,0,69,,51847,27,,,0
6501,'5373',1644,,61045,27,,,0,68,,61044,27,,,0
6501,'5385',1744,,61049,27,,,0,69,,61048,27,,,0
6501,'5387',1644,,61051,27,,,0,68,,61050,27,,,0
6501,'5388',1644,,61053,27,,,0,68,,61052,27,,,0
