4700,'4737',614,,30322,3,,,0,19,,30321,3,,,0,23,,30320,3,,,0
4700,'4744',614,,30325,3,,,0,19,,30324,3,,,0,23,,30323,3,,,0
4700,'5066',614,,30328,3,,,0,19,,30327,3,,,0,23,,30326,3,,,0
5801,'4487',651,,31691,8,,,0,100,,31692,8,,,0,100,,31693,8,,,0,106,,31694,8,,,0,145,,31690,8,,,0,105,,31689,8,,,0,100,,31688,8,,,0,110,,31687,8,,,0,100,,31685,8,,,0,110,,31686,8,,,0,100,,31680,8,,,0,105,,31681,8,,,0,100,,31682,8,,,0,105,,31683,8,,,0,114,,31684,8,,,0,150,,31679,8,,,0
5801,'4737',618,,31695,8,,,0,30,,31709,8,,,0,78,,31696,8,,,0,79,,31697,8,,,0,23,,31703,8,,,0,74,,31698,8,,,0,43,,31699,8,,,0,87,,31700,8,,,0,85,,31701,8,,,0,85,,31702,8,,,0,45,,31705,8,,,0,85,,31704,8,,,0,86,,31706,8,,,0,22,,31716,8,,,0,63,,31707,8,,,0,16,,31718,8,,,0,27,,31708,8,,,0,92,,31710,8,,,0,85,,31711,8,,,0,87,,31712,8,,,0,46,,31713,8,,,0,186,,31714,8,,,0,110,,31715,8,,,0,149,,31719,8,,,0
5801,'4744',618,,31720,8,,,0,30,,31734,8,,,0,78,,31721,8,,,0,79,,31722,8,,,0,23,,31728,8,,,0,74,,31723,8,,,0,43,,31724,8,,,0,87,,31725,8,,,0,85,,31726,8,,,0,85,,31727,8,,,0,45,,31730,8,,,0,85,,31729,8,,,0,86,,31731,8,,,0,22,,31741,8,,,0,63,,31732,8,,,0,16,,31743,8,,,0,27,,31733,8,,,0,92,,31735,8,,,0,85,,31736,8,,,0,87,,31737,8,,,0,46,,31738,8,,,0,186,,31739,8,,,0,110,,31740,8,,,0,149,,31744,8,,,0
5801,'4745',751,,31745,8,,,0,100,,31751,8,,,0,105,,31749,8,,,0,146,,31752,8,,,0,105,,31747,8,,,0,100,,31750,8,,,0,110,,31746,8,,,0,100,,31753,8,,,0,110,,31748,8,,,0,100,,31756,8,,,0,104,,31755,8,,,0,100,,31757,8,,,0,105,,31758,8,,,0,200,,31754,8,,,0
5801,'5066',618,,31759,8,,,0,30,,31773,8,,,0,78,,31760,8,,,0,79,,31761,8,,,0,23,,31767,8,,,0,74,,31762,8,,,0,43,,31763,8,,,0,87,,31764,8,,,0,85,,31765,8,,,0,85,,31766,8,,,0,45,,31769,8,,,0,85,,31768,8,,,0,86,,31770,8,,,0,22,,31780,8,,,0,63,,31771,8,,,0,16,,31782,8,,,0,27,,31772,8,,,0,92,,31774,8,,,0,85,,31775,8,,,0,87,,31776,8,,,0,46,,31777,8,,,0,186,,31778,8,,,0,110,,31779,8,,,0,149,,31783,8,,,0
5801,'5070',651,,31796,8,,,0,100,,31797,8,,,0,100,,31798,8,,,0,106,,31799,8,,,0,145,,31795,8,,,0,105,,31794,8,,,0,100,,31793,8,,,0,110,,31792,8,,,0,100,,31790,8,,,0,110,,31791,8,,,0,100,,31785,8,,,0,105,,31786,8,,,0,100,,31787,8,,,0,105,,31788,8,,,0,114,,31789,8,,,0,150,,31784,8,,,0
5801,'5072',751,,31800,8,,,0,100,,31806,8,,,0,105,,31804,8,,,0,146,,31807,8,,,0,105,,31802,8,,,0,100,,31805,8,,,0,110,,31801,8,,,0,100,,31808,8,,,0,110,,31803,8,,,0,100,,31811,8,,,0,104,,31810,8,,,0,100,,31812,8,,,0,105,,31813,8,,,0,200,,31809,8,,,0
