801,'4623',722,,66017,53,,,0,37,,66018,53,,,0,67,,66019,53,,,0,25,,66020,53,,,0,75,,66021,53,,,0,82,,66016,53,,,0,44,,66022,53,,,0,74,,66037,53,,,0,82,,66023,53,,,0,46,,66024,53,,,0,81,,66025,53,,,0,85,,66026,53,,,0,92,,66027,53,,,0,46,,66028,53,,,0,74,,66038,53,,,0,73,,66029,53,,,0,33,,66030,53,,,0,75,,66031,53,,,0,28,,66039,53,,,0,70,,66032,53,,,0,33,,66033,53,,,0,85,,66034,53,,,0,97,,66035,53,,,0,83,,66036,53,,,0
801,'5222',722,,66071,53,,,0,37,,66072,53,,,0,67,,66073,53,,,0,25,,66074,53,,,0,75,,66075,53,,,0,82,,66070,53,,,0,44,,66076,53,,,0,74,,66091,53,,,0,82,,66077,53,,,0,46,,66078,53,,,0,81,,66079,53,,,0,85,,66080,53,,,0,92,,66081,53,,,0,46,,66082,53,,,0,74,,66092,53,,,0,73,,66083,53,,,0,33,,66084,53,,,0,75,,66085,53,,,0,28,,66093,53,,,0,70,,66086,53,,,0,33,,66087,53,,,0,85,,66088,53,,,0,97,,66089,53,,,0,83,,66090,53,,,0
901,'4623',1725,,66121,42,,,0,79,,66120,42,,,0
901,'5222',1725,,66123,42,,,0,79,,66122,42,,,0
2100,'4623',637,,68513,27,0,50 51 52,0,69,,68507,27,0,50 51 52,0,19,,68510,27,0,50 51 52,0,20,,68505,27,0,50 51 52,0,61,,68509,27,0,50 51 52,0,20,,68521,27,0,50 51 52,0,19,,68504,27,0,50 51 52,0,61,,68512,27,0,50 51 52,0,29,,68506,27,0,50 51 52,0,70,,68511,27,0,50 51 52,0,30,,68517,27,0,50 51 52,0,68,,68518,27,0,50 51 52,0,28,,68515,27,0,18 19,0,72,,68522,27,0,50 51 52,0,30,,68508,27,0,50 51 52,0,71,,68516,27,0,50 51 52,0,30,,68519,27,0,50 51 52,0,72,,68514,27,0,50 51 52,0,31,,68520,27,0,50 51 52,0,72,,68524,27,0,17,0,28,,68528,27,0,50 51 52,0,22,,68526,27,0,50 51 52,0,62,,68530,27,0,50 51 52,0,22,,68525,27,0,18 19,0,60,,68531,27,0,50 51 52,0,20,,68529,27,0,50 51 52,0,18,,68527,27,0,50 51 52,0,60,,68532,27,0,17,0,19,,68535,27,0,17,0,18,,68533,27,0,17,0,63,,68536,27,0,17,0,30,,68534,27,0,17,0,70,,68539,27,0,17,0,28,,68538,27,0,17,0,30,,68537,27,0,17,0
2100,'4833',726,,68559,27,0,17,0,86,,68566,27,0,17,0,40,,68550,27,0,18 19,0,71,,68560,27,0,17,0,79,,68543,27,0,17,0,31,,68561,27,0,17,0,73,,68545,27,0,17,0,31,,68555,27,0,17,0,70,,68540,27,0,17,0,32,,68541,27,0,18 19,0,70,,68562,27,0,17,0,31,,68546,27,0,17,0,70,,68554,27,0,17,0,28,,68542,27,0,18 19,0,73,,68544,27,0,17,0,30,,68563,27,0,17,0,69,,68547,27,0,17,0,30,,68556,27,0,18 19,0,70,,68548,27,0,17,0,30,,68549,27,0,17,0,69,,68565,27,0,17,0,30,,68551,27,0,18 19,0,67,,68557,27,0,17,0,29,,68552,27,0,17,0,68,,68553,27,0,17,0,28,,68564,27,0,17,0,70,,68558,27,0,17,0
2100,'5015',726,,68586,27,0,17,0,86,,68593,27,0,17,0,40,,68577,27,0,18 19,0,71,,68587,27,0,17,0,79,,68570,27,0,17,0,31,,68588,27,0,17,0,73,,68572,27,0,17,0,31,,68582,27,0,17,0,70,,68567,27,0,17,0,32,,68568,27,0,18 19,0,70,,68589,27,0,17,0,31,,68573,27,0,17,0,70,,68581,27,0,17,0,28,,68569,27,0,18 19,0,73,,68571,27,0,17,0,30,,68590,27,0,17,0,69,,68574,27,0,17,0,30,,68583,27,0,18 19,0,70,,68575,27,0,17,0,30,,68576,27,0,17,0,69,,68592,27,0,17,0,30,,68578,27,0,18 19,0,67,,68584,27,0,17,0,29,,68579,27,0,17,0,68,,68580,27,0,17,0,28,,68591,27,0,17,0,70,,68585,27,0,17,0
2100,'5078',752,,56516,27,0,17,0,75,,56515,27,0,17,0,85,,56503,27,0,18 19,0,37,,56514,27,0,17,0,85,,56517,27,0,17,0,70,,56499,27,0,17,0,30,,56502,27,0,17,0,70,,56505,27,0,17,0,30,,56501,27,0,18 19,0,71,,56504,27,0,17,0,31,,56500,27,0,17,0,70,,56506,27,0,17,0,31,,56507,27,0,18 19,0,70,,56509,27,0,17,0,30,,56510,27,0,17,0,70,,56508,27,0,17,0,30,,56513,27,0,18 19,0,70,,56511,27,0,17,0,30,,56512,27,0,17,0,69,,56518,27,0,17,0,28,,56519,27,0,18 19,0,68,,56521,27,0,17,0,29,,56520,27,0,17,0,70,,56523,27,0,17,0,30,,56522,27,0,17,0
2100,'5222',637,,68603,27,0,50 51 52,0,69,,68597,27,0,50 51 52,0,19,,68600,27,0,50 51 52,0,20,,68595,27,0,50 51 52,0,61,,68599,27,0,50 51 52,0,20,,68611,27,0,50 51 52,0,19,,68594,27,0,50 51 52,0,61,,68602,27,0,50 51 52,0,29,,68596,27,0,50 51 52,0,70,,68601,27,0,50 51 52,0,30,,68607,27,0,50 51 52,0,68,,68608,27,0,50 51 52,0,28,,68605,27,0,18 19,0,72,,68612,27,0,50 51 52,0,30,,68598,27,0,50 51 52,0,71,,68606,27,0,50 51 52,0,30,,68609,27,0,50 51 52,0,72,,68604,27,0,50 51 52,0,31,,68610,27,0,50 51 52,0,72,,68614,27,0,17,0,28,,68618,27,0,50 51 52,0,22,,68616,27,0,50 51 52,0,62,,68620,27,0,50 51 52,0,22,,68615,27,0,18 19,0,60,,68621,27,0,50 51 52,0,20,,68619,27,0,50 51 52,0,18,,68617,27,0,50 51 52,0,60,,68622,27,0,17,0,19,,68625,27,0,17,0,18,,68623,27,0,17,0,63,,68626,27,0,17,0,30,,68624,27,0,17,0,70,,68629,27,0,17,0,28,,68628,27,0,17,0,30,,68627,27,0,17,0
2100,'5365',752,,68647,27,0,17,0,75,,68646,27,0,17,0,85,,68634,27,0,18 19,0,37,,68645,27,0,17,0,85,,68648,27,0,17,0,70,,68630,27,0,17,0,30,,68633,27,0,17,0,70,,68636,27,0,17,0,30,,68632,27,0,18 19,0,71,,68635,27,0,17,0,31,,68631,27,0,17,0,70,,68637,27,0,17,0,31,,68638,27,0,18 19,0,70,,68640,27,0,17,0,30,,68641,27,0,17,0,70,,68639,27,0,17,0,30,,68644,27,0,18 19,0,70,,68642,27,0,17,0,30,,68643,27,0,17,0,69,,68649,27,0,17,0,28,,68650,27,0,18 19,0,68,,68652,27,0,17,0,29,,68651,27,0,17,0,70,,68654,27,0,17,0,30,,68653,27,0,17,0
2100,'5390',752,,68672,27,0,17,0,75,,68671,27,0,17,0,85,,68659,27,0,18 19,0,37,,68670,27,0,17,0,85,,68673,27,0,17,0,70,,68655,27,0,17,0,30,,68658,27,0,17,0,70,,68661,27,0,17,0,30,,68657,27,0,18 19,0,71,,68660,27,0,17,0,31,,68656,27,0,17,0,70,,68662,27,0,17,0,31,,68663,27,0,18 19,0,70,,68665,27,0,17,0,30,,68666,27,0,17,0,70,,68664,27,0,17,0,30,,68669,27,0,18 19,0,70,,68667,27,0,17,0,30,,68668,27,0,17,0,69,,68674,27,0,17,0,28,,68675,27,0,18 19,0,68,,68677,27,0,17,0,29,,68676,27,0,17,0,70,,68679,27,0,17,0,30,,68678,27,0,17,0
3800,'4623',637,,72301,35,,,0,77,,72302,35,,,0,33,,72299,35,,,0,63,,72298,35,,,0,32,,72306,35,,,0,68,,72300,35,,,0,27,,72304,35,,,0,101,,72305,35,,,0,102,,72303,35,,,0,103,,72307,35,,,0,100,,72309,35,,,0,97,,72314,35,,,0,81,,72311,35,,,0,32,,72316,35,,,0,70,,72308,35,,,0,31,,72310,35,,,0,71,,72313,35,,,0,32,,72312,35,,,0,82,,72318,35,,,0,101,,72315,35,,,0,102,,72317,35,,,0
3800,'5222',637,,72322,35,,,0,77,,72323,35,,,0,33,,72320,35,,,0,63,,72319,35,,,0,32,,72327,35,,,0,68,,72321,35,,,0,27,,72325,35,,,0,101,,72326,35,,,0,102,,72324,35,,,0,103,,72328,35,,,0,100,,72330,35,,,0,97,,72335,35,,,0,81,,72332,35,,,0,32,,72337,35,,,0,70,,72329,35,,,0,31,,72331,35,,,0,71,,72334,35,,,0,32,,72333,35,,,0,82,,72339,35,,,0,101,,72336,35,,,0,102,,72338,35,,,0
14002100,'4623',2134,,77717,38,,,0,70,,77718,38,,,0,30,,77719,38,,,0,99,,77720,38,,,0,98,,77721,38,,,0
14002100,'4833',2136,,77722,38,,,0,70,,77723,38,,,0,30,,77724,38,,,0,101,,77725,38,,,0,96,,77726,38,,,0
14002100,'5015',2136,,77727,38,,,0,70,,77728,38,,,0,30,,77729,38,,,0,101,,77730,38,,,0,96,,77731,38,,,0
14002100,'5078',2136,,63133,38,,,0,100,,63134,38,,,0,99,,63135,38,,,0
14002100,'5222',2134,,77732,38,,,0,70,,77733,38,,,0,30,,77734,38,,,0,99,,77735,38,,,0,98,,77736,38,,,0
14002100,'5365',2136,,77737,38,,,0,100,,77738,38,,,0,99,,77739,38,,,0
14002100,'5390',2136,,77740,38,,,0,100,,77741,38,,,0,99,,77742,38,,,0
