4700,'4661',640,,59616,36,,,0,60,,59615,36,,,0,23,,59614,36,,,0
4700,'4663',640,,59613,36,,,0,60,,59612,36,,,0,23,,59611,36,,,0
4901,'4332',640,,59689,21,,,0,204,,59690,21,,,0,212,,59691,21,,,0,202,,59686,21,,,0,250,,59687,21,,,0,208,,59688,21,,,0,194,,59685,21,,,0
4901,'4661',642,,59702,21,,,0,110,,59700,21,,,0,99,,59703,21,,,0,171,,59699,21,,,0,200,,59701,21,,,0,126,,59704,21,,,0,185,,59706,21,,,0,104,,59705,21,,,0,93,,59698,21,,,0,106,,59707,21,,,0,194,,59708,21,,,0
4901,'4663',642,,59678,21,,,0,110,,59676,21,,,0,99,,59679,21,,,0,171,,59675,21,,,0,200,,59677,21,,,0,126,,59680,21,,,0,185,,59682,21,,,0,104,,59681,21,,,0,93,,59674,21,,,0,106,,59683,21,,,0,194,,59684,21,,,0
4901,'5078',844,,59693,21,,,0,211,,59692,21,,,0,202,,59694,21,,,0,248,,59695,21,,,0,210,,59696,21,,,0,194,,59697,21,,,0
5200,'4332',628,,59765,8,,,0,30,,59764,8,,,0,81,,59759,8,,,0,73,,59767,8,,,0,30,,59762,8,,,0,72,,59748,8,,,0,30,,59755,8,,,0,70,,59774,8,,,0,30,,59753,8,,,0,74,,59750,8,,,0,31,,59756,8,,,0,72,,59776,8,,,0,35,,59751,8,,,0,73,,59749,8,,,0,76,,59758,8,,,0,26,,59775,8,,,0,74,,59754,8,,,0,33,,59761,8,,,0,75,,59757,8,,,0,29,,59772,8,,,0,70,,59752,8,,,0,30,,59763,8,,,0,62,,59769,8,,,0,25,,59760,8,,,0,24,,59768,8,,,0,65,,59771,8,,,0,29,,59770,8,,,0,68,,59766,8,,,0,31,,59773,8,,,0,100,,59777,8,,,0,94,,59778,8,,,0,110,,59779,8,,,0
5200,'4661',456,,59808,8,,,0,70,,59817,8,,,0,30,,59811,8,,,0,59,,59822,8,,,0,19,,59809,8,,,0,23,,59830,8,,,0,67,,59816,8,,,0,24,,59845,8,,,0,10,,59810,8,,,0,54,,59838,8,,,0,10,,59821,8,,,0,31,,59812,8,,,0,73,,59829,8,,,0,25,,59815,8,,,0,70,,59813,8,,,0,35,,59814,8,,,0,70,,59831,8,,,0,30,,59818,8,,,0,70,,59819,8,,,0,76,,59820,8,,,0,34,,59828,8,,,0,73,,59823,8,,,0,30,,59824,8,,,0,72,,59840,8,,,0,30,,59825,8,,,0,70,,59827,8,,,0,30,,59826,8,,,0,70,,59832,8,,,0,35,,59841,8,,,0,70,,59833,8,,,0,35,,59834,8,,,0,70,,59835,8,,,0,29,,59842,8,,,0,67,,59836,8,,,0,33,,59837,8,,,0,96,,59843,8,,,0,100,,59839,8,,,0,104,,59846,8,,,0
5200,'4663',456,,59709,8,,,0,70,,59718,8,,,0,30,,59712,8,,,0,59,,59723,8,,,0,19,,59710,8,,,0,23,,59731,8,,,0,67,,59717,8,,,0,24,,59746,8,,,0,10,,59711,8,,,0,54,,59739,8,,,0,10,,59722,8,,,0,31,,59713,8,,,0,73,,59730,8,,,0,25,,59716,8,,,0,70,,59714,8,,,0,35,,59715,8,,,0,70,,59732,8,,,0,30,,59719,8,,,0,70,,59720,8,,,0,76,,59721,8,,,0,34,,59729,8,,,0,73,,59724,8,,,0,30,,59725,8,,,0,72,,59741,8,,,0,30,,59726,8,,,0,70,,59728,8,,,0,30,,59727,8,,,0,70,,59733,8,,,0,35,,59742,8,,,0,70,,59734,8,,,0,35,,59735,8,,,0,70,,59736,8,,,0,29,,59743,8,,,0,67,,59737,8,,,0,33,,59738,8,,,0,96,,59744,8,,,0,100,,59740,8,,,0,104,,59747,8,,,0
5200,'5078',658,,59801,8,,,0,72,,59783,8,,,0,80,,59786,8,,,0,30,,59800,8,,,0,72,,59794,8,,,0,31,,59782,8,,,0,70,,59785,8,,,0,31,,59796,8,,,0,71,,59790,8,,,0,30,,59781,8,,,0,73,,59784,8,,,0,30,,59799,8,,,0,71,,59792,8,,,0,38,,59780,8,,,0,69,,59788,8,,,0,74,,59798,8,,,0,35,,59791,8,,,0,73,,59807,8,,,0,29,,59787,8,,,0,70,,59797,8,,,0,29,,59793,8,,,0,70,,59795,8,,,0,29,,59789,8,,,0,70,,59803,8,,,0,39,,59802,8,,,0,100,,59804,8,,,0,99,,59806,8,,,0,108,,59805,8,,,0
5701,'4332',630,,60292,12,,,0,107,,60282,12,,,0,97,,60293,12,,,0,105,,60296,12,,,0,102,,60294,12,,,0,107,,60295,12,,,0,110,,60281,12,,,0,100,,60287,12,,,0,150,,60291,12,,,0,101,,60288,12,,,0,108,,60283,12,,,0,91,,60285,12,,,0,113,,60289,12,,,0,100,,60290,12,,,0,99,,60286,12,,,0,113,,60284,12,,,0
5701,'4661',603,,60312,12,,,0,49,,60316,12,,,0,85,,60321,12,,,0,78,,60333,12,,,0,10,,60314,12,,,0,83,,60315,12,,,0,47,,60313,12,,,0,85,,60317,12,,,0,85,,60318,12,,,0,85,,60319,12,,,0,46,,60320,12,,,0,85,,60322,12,,,0,89,,60323,12,,,0,100,,60332,12,,,0,72,,60324,12,,,0,43,,60325,12,,,0,87,,60326,12,,,0,87,,60328,12,,,0,88,,60327,12,,,0,99,,60329,12,,,0,115,,60330,12,,,0,110,,60331,12,,,0
5701,'4663',603,,60259,12,,,0,49,,60263,12,,,0,85,,60268,12,,,0,78,,60280,12,,,0,10,,60261,12,,,0,83,,60262,12,,,0,47,,60260,12,,,0,85,,60264,12,,,0,85,,60265,12,,,0,85,,60266,12,,,0,46,,60267,12,,,0,85,,60269,12,,,0,89,,60270,12,,,0,100,,60279,12,,,0,72,,60271,12,,,0,43,,60272,12,,,0,87,,60273,12,,,0,87,,60275,12,,,0,88,,60274,12,,,0,99,,60276,12,,,0,115,,60277,12,,,0,110,,60278,12,,,0
5701,'5078',737,,60300,12,,,0,99,,60297,12,,,0,105,,60299,12,,,0,100,,60298,12,,,0,107,,60301,12,,,0,110,,60304,12,,,0,100,,60302,12,,,0,150,,60305,12,,,0,100,,60303,12,,,0,109,,60309,12,,,0,90,,60311,12,,,0,113,,60310,12,,,0,100,,60308,12,,,0,100,,60307,12,,,0,85,,60306,12,,,0
