2200,'4663',627,,56740,50,,,0,32,,56724,50,,,0,70,,56735,50,,,0,73,,56727,50,,,0,34,,56739,50,,,0,22,,56719,50,,,0,68,,56723,50,,,0,102,,56725,50,,,0,25,,56741,50,,,0,70,,56718,50,,,0,103,,56734,50,0,21 22,0,30,,56726,50,0,21 22,0,70,,56742,50,0,21 22,0,30,,56720,50,0,21 22,0,64,,56716,20,,,0,39,,56737,50,0,21 22,0,71,,56731,50,0,21 22,0,77,,56744,50,0,21 22,0,102,,56732,50,0,21 22,0,94,,56728,50,0,21 22,0,27,,56743,50,,,0,24,,56721,50,,,0,97,,56736,50,,,0,70,,56733,50,,,0,29,,56722,50,,,0,68,,56730,50,,,0
2200,'5372',627,,49994,50,,,0,32,,49978,50,,,0,70,,49989,50,,,0,73,,49981,50,,,0,34,,49993,50,,,0,22,,49973,50,,,0,68,,49977,50,,,0,102,,49979,50,,,0,25,,49995,50,,,0,70,,49972,50,,,0,103,,49988,50,0,21 22,0,30,,49980,50,0,21 22,0,70,,49996,50,0,21 22,0,30,,49974,50,0,21 22,0,103,,49991,50,0,21 22,0,71,,49985,50,0,21 22,0,77,,49998,50,0,21 22,0,102,,49986,50,0,21 22,0,94,,49982,50,0,21 22,0,27,,49997,50,,,0,24,,49975,50,,,0,97,,49990,50,,,0,70,,49987,50,,,0,29,,49976,50,,,0,68,,49984,50,,,0
2200,'5373',1522,,56745,20,,,0
2200,'5377',803,,49927,50,,,0,102,,49928,50,,,0,41,,49929,50,,,0,71,,49924,50,,,0,32,,49925,50,,,0,70,,49926,50,,,0,31,,49931,50,,,0,69,,49932,50,,,0,33,,49930,50,,,0,70,,49933,50,,,0,30,,49934,50,,,0,70,,49942,50,,,0,31,,49941,50,,,0,70,,49935,50,,,0,29,,49936,50,,,0,70,,49937,50,,,0,30,,49938,50,,,0,72,,49939,50,,,0,30,,49940,50,,,0,69,,49943,50,,,0,29,,49944,50,,,0,67,,49945,50,,,0,30,,49946,50,,,0,154,,49947,33,,,0
2200,'5381',1420,,50000,20,,,0
2200,'5383',715,,56765,50,,,0,40,,56751,50,,,0,80,,56755,50,,,0,80,,56768,50,,,0,32,,56752,50,,,0,71,,56746,50,,,0,32,,56753,50,,,0,72,,56767,50,,,0,32,,56750,50,,,0,71,,56749,50,,,0,31,,56754,50,,,0,70,,56747,50,,,0,31,,56772,50,,,0,70,,56748,50,,,0,30,,56761,50,,,0,70,,56757,50,,,0,30,,56760,50,,,0,69,,56771,50,,,0,28,,56762,50,,,0,71,,56756,50,,,0,30,,56764,50,,,0,72,,56763,50,,,0,30,,56759,50,,,0,67,,56758,50,,,0,29,,56773,50,,,0,69,,56774,50,,,0,27,,56770,50,,,0,68,,56766,50,,,0
2200,'5384',803,,56779,50,,,0,102,,56780,50,,,0,41,,56781,50,,,0,71,,56776,50,,,0,32,,56777,50,,,0,70,,56778,50,,,0,31,,56783,50,,,0,69,,56784,50,,,0,33,,56782,50,,,0,70,,56785,50,,,0,30,,56786,50,,,0,70,,56794,50,,,0,31,,56793,50,,,0,70,,56787,50,,,0,29,,56788,50,,,0,70,,56789,50,,,0,30,,56790,50,,,0,72,,56791,50,,,0,30,,56792,50,,,0,69,,56795,50,,,0,29,,56796,50,,,0,67,,56797,50,,,0,30,,56798,50,,,0,154,,56799,33,,,0
2200,'5385',627,,56823,50,,,0,32,,56807,50,,,0,70,,56818,50,,,0,73,,56810,50,,,0,34,,56822,50,,,0,22,,56802,50,,,0,68,,56806,50,,,0,102,,56808,50,,,0,25,,56824,50,,,0,70,,56801,50,,,0,103,,56817,50,0,21 22,0,30,,56809,50,0,21 22,0,70,,56825,50,0,21 22,0,30,,56803,50,0,21 22,0,103,,56820,50,0,21 22,0,71,,56814,50,0,21 22,0,77,,56827,50,0,21 22,0,102,,56815,50,0,21 22,0,94,,56811,50,0,21 22,0,27,,56826,50,,,0,24,,56804,50,,,0,97,,56819,50,,,0,70,,56816,50,,,0,29,,56805,50,,,0,68,,56813,50,,,0
2200,'5387',1522,,56828,20,,,0
2200,'5388',1420,,56829,20,,,0
