1700,'4661',815,,56430,24,,,0
1700,'4663',815,,56429,24,,,0
2600,'4332',654,,57276,32,,,0,71,,57277,32,,,0,30,,57278,32,,,0,58,,57279,32,,,0,17,,57280,32,,,0,18,,57281,32,,,0,58,,57282,32,,,0,18,,57283,32,,,0,17,,57284,32,,,0,18,,57285,32,,,0,57,,57286,32,,,0,17,,57287,32,,,0,17,,57288,32,,,0,58,,57289,32,,,0,18,,57290,32,,,0,17,,57275,32,,,0,59,,57291,32,,,0,19,,57292,32,,,0,17,,57293,32,,,0,17,,57294,32,,,0,57,,57295,32,,,0,17,,57296,32,,,0,17,,57297,32,,,0,57,,57298,32,,,0,18,,57299,32,,,0,16,,57300,32,,,0,16,,57301,32,,,0,58,,57302,32,,,0,17,,57303,32,,,0,18,,57304,32,,,0,57,,57305,32,,,0,16,,57306,32,,,0,15,,57307,32,,,0,14,,57308,32,,,0,55,,57309,32,,,0,16,,57310,32,,,0,16,,57311,32,,,0,16,,57312,32,,,0,56,,57313,32,,,0,17,,57314,32,,,0,17,,57315,32,,,0,60,,57316,32,,,0,19,,57317,32,,,0,20,,57318,32,,,0,19,,57319,32,,,0,60,,57320,32,,,0,19,,57321,32,,,0,20,,57322,32,,,0,59,,57323,32,,,0,20,,57324,32,,,0,65,,57325,32,,,0,29,,57326,32,,,0,70,,57327,32,,,0,30,,57328,32,,,0,69,,57329,32,,,0,30,,57330,32,,,0,70,,57331,32,,,0,101,,57332,32,,,0
2600,'4661',611,,57395,32,,,0,30,,57382,32,,,0,62,,57383,32,,,0,19,,57392,32,,,0,12,,57393,32,,,0,16,,57386,32,,,0,7,,57397,32,,,0,47,,57391,32,,,0,9,,57450,32,,,0,8,,57389,32,,,0,8,,57390,12,,,0,8,,57394,32,,,0,14,,57388,32,,,0,55,,57396,32,,,0,16,,57384,32,,,0,15,,57385,32,,,0,15,,57398,32,,,0,56,,57399,32,,,0,16,,57387,32,,,0,16,,57400,32,,,0,14,,57411,32,,,0,55,,57401,32,,,0,15,,57402,32,,,0,17,,57406,32,,,0,15,,57425,32,,,0,56,,57417,32,,,0,16,,57413,32,,,0,15,,57421,32,,,0,14,,57412,32,,,0,54,,57403,32,,,0,15,,57408,32,,,0,15,,57424,32,,,0,16,,57405,32,,,0,50,,57453,12,,,0,5,,57404,32,,,0,16,,57426,32,,,0,14,,57407,32,,,0,13,,57415,32,,,0,53,,57409,32,,,0,7,,57454,12,,,0,5,,57410,32,,,0,14,,57414,32,,,0,15,,57452,32,,,0,52,,57419,32,,,0,10,,57423,32,,,0,11,,57420,32,,,0,13,,57416,32,,,0,14,,57418,32,,,0,51,,57422,32,,,0,10,,57431,32,,,0,11,,57428,32,,,0,11,,57429,32,,,0,13,,57430,32,,,0,13,,57451,32,,,0,55,,57427,32,,,0,12,,57446,32,,,0,15,,57447,32,,,0,15,,57432,32,,,0,55,,57437,32,,,0,14,,57440,32,,,0,15,,57442,32,,,0,19,,57434,32,,,0,60,,57443,32,,,0,20,,57435,32,,,0,20,,57436,32,,,0,60,,57433,32,,,0,82,,57441,32,,,0,31,,57438,32,,,0,69,,57445,32,,,0,30,,57449,32,,,0,28,,57448,32,,,0,70,,57444,32,,,0,30,,57439,32,,,0
2600,'4663',611,,57211,32,,,0,30,,57198,32,,,0,62,,57199,32,,,0,19,,57208,32,,,0,12,,57209,32,,,0,16,,57202,32,,,0,7,,57213,32,,,0,47,,57207,32,,,0,9,,57268,32,,,0,8,,57205,32,,,0,8,,57206,12,,,0,8,,57210,32,,,0,14,,57204,32,,,0,55,,57212,32,,,0,16,,57200,32,,,0,15,,57201,32,,,0,15,,57214,32,,,0,56,,57215,32,,,0,16,,57203,32,,,0,16,,57216,32,,,0,14,,57227,32,,,0,55,,57217,32,,,0,15,,57218,32,,,0,17,,57222,32,,,0,15,,57241,32,,,0,56,,57233,32,,,0,16,,57229,32,,,0,15,,57237,32,,,0,14,,57228,32,,,0,54,,57219,32,,,0,15,,57224,32,,,0,15,,57240,32,,,0,16,,57221,32,,,0,50,,57271,12,,,0,5,,57220,32,,,0,16,,57242,32,,,0,14,,57223,32,,,0,13,,57231,32,,,0,53,,57225,32,,,0,7,,57272,12,,,0,5,,57226,32,,,0,14,,57230,32,,,0,15,,57270,32,,,0,52,,57235,32,,,0,10,,57239,32,,,0,11,,57236,32,,,0,13,,57232,32,,,0,14,,57234,32,,,0,51,,57238,32,,,0,10,,57247,32,,,0,11,,57244,32,,,0,11,,57245,32,,,0,13,,57246,32,,,0,13,,57269,32,,,0,55,,57243,32,,,0,12,,57264,32,,,0,15,,57265,32,,,0,15,,57248,32,,,0,55,,57253,32,,,0,14,,57256,32,,,0,15,,57259,32,,,0,19,,57250,32,,,0,60,,57260,32,,,0,20,,57251,32,,,0,20,,57252,32,,,0,60,,57249,32,,,0,19,,57263,32,,,0,63,,57257,32,,,0,31,,57254,32,,,0,69,,57262,32,,,0,30,,57267,32,,,0,28,,57266,32,,,0,70,,57261,32,,,0,30,,57255,32,,,0,100,,57258,32,,,0
2600,'4682',2137,,57456,32,,,0
2600,'5078',717,,57349,32,,,0,27,,57357,32,,,0,61,,57339,32,,,0,23,,57333,32,,,0,24,,57351,32,,,0,61,,57358,32,,,0,27,,57340,32,,,0,64,,57334,32,,,0,20,,57352,32,,,0,24,,57343,32,,,0,60,,57335,32,,,0,18,,57341,32,,,0,18,,57337,32,,,0,60,,57350,32,,,0,19,,57338,32,,,0,20,,57355,32,,,0,58,,57336,32,,,0,18,,57353,32,,,0,19,,57345,32,,,0,18,,57348,32,,,0,60,,57346,32,,,0,18,,57356,32,,,0,17,,57342,32,,,0,58,,57354,32,,,0,18,,57344,32,,,0,17,,57347,32,,,0,58,,57363,32,,,0,18,,57367,32,,,0,16,,57360,32,,,0,18,,57369,32,,,0,58,,57362,32,,,0,18,,57365,32,,,0,17,,57361,32,,,0,56,,57370,32,,,0,16,,57359,32,,,0,20,,57368,32,,,0,19,,57364,32,,,0,58,,57366,32,,,0,19,,57374,32,,,0,20,,57372,32,,,0,59,,57376,32,,,0,20,,57373,32,,,0,19,,57375,32,,,0,60,,57377,32,,,0,20,,57371,32,,,0,70,,57379,32,,,0,28,,57378,32,,,0,70,,57380,32,,,0,30,,57381,32,,,0
2600,'5387',2137,,57455,32,,,0
4000,'4332',730,,59451,27,,,0,173,,59452,27,,,0,100,,59442,27,,,0,101,,59445,27,,,0,100,,59447,27,,,0,101,,59453,27,,,0,101,,59443,27,,,0,101,,59444,27,,,0,100,,59448,27,,,0,100,,59454,27,,,0,98,,59446,27,,,0,98,,59450,27,,,0,100,,59449,27,,,0,53,,59455,27,,,0
4000,'4661',651,,59481,27,,,0,85,,59472,27,,,0,66,,59477,27,,,0,31,,59482,27,,,0,107,,59470,27,,,0,98,,59479,27,,,0,100,,59473,27,,,0,100,,59480,27,,,0,100,,59471,27,,,0,100,,59483,27,,,0,104,,59475,27,,,0,75,,59468,27,,,0,36,,59484,27,,,0,64,,59469,27,,,0,33,,59474,27,,,0,97,,59485,27,,,0,99,,59476,27,,,0,169,,59478,27,,,0,343,,59486,27,,,0
4000,'4663',651,,59436,27,,,0,85,,59427,27,,,0,66,,59432,27,,,0,31,,59437,27,,,0,107,,59425,27,,,0,98,,59434,27,,,0,100,,59428,27,,,0,100,,59435,27,,,0,100,,59426,27,,,0,100,,59438,27,,,0,104,,59430,27,,,0,75,,59423,27,,,0,36,,59439,27,,,0,64,,59424,27,,,0,33,,59429,27,,,0,97,,59440,27,,,0,99,,59431,27,,,0,169,,59433,27,,,0,343,,59441,27,,,0
4000,'5078',827,,59457,27,,,0,176,,59456,27,,,0,101,,59458,27,,,0,100,,59459,27,,,0,101,,59460,27,,,0,101,,59461,27,,,0,101,,59464,27,,,0,100,,59463,27,,,0,100,,59462,27,,,0,98,,59465,27,,,0,98,,59466,27,,,0,99,,59467,27,,,0
24005100,'4661',706,,63184,26,,,0,22,,63183,26,,,0,30,,63181,26,,,0,67,,63179,26,,,0,688,,63178,26,,,0,107,,63185,26,,,0,25,,63182,26,,,0,70,,63180,26,,,0
24005100,'4663',706,,63176,26,,,0,22,,63175,26,,,0,30,,63173,26,,,0,67,,63171,26,,,0,688,,63170,26,,,0,107,,63177,26,,,0,25,,63174,26,,,0,70,,63172,26,,,0
