5901,'4487',655,,27973,,,0,100,,27974,,,0,101,,27975,,,0,101,,27972,,,0,145,,27971,,,0,105,,27970,,,0,105,,27969,,,0,105,,27968,,,0,105,,27967,,,0,102,,27966,,,0,103,,27965,,,0,105,,27964,,,0,105,,27963,,,0,120,,27962,,,0
5901,'4743',655,,13628,,,0,100,,13629,,,0,101,,13630,,,0,101,,13627,,,0,145,,13626,,,0,105,,13625,,,0,105,,13624,,,0,105,,13623,,,0,105,,13622,,,0,102,,13621,,,0,103,,13620,,,0,105,,13619,,,0,105,,13618,,,0,120,,13617,,,0
5901,'4744',654,,27977,,,0,69,,27985,,,0,100,,27978,,,0,106,,27979,,,0,101,,27980,,,0,97,,27981,,,0,103,,27982,,,0,102,,27983,,,0,107,,27984,,,0,97,,27976,,,0,86,,27992,,,0,85,,27986,,,0,42,,27987,,,0,81,,27991,,,0,104,,27988,,,0,105,,27989,,,0,113,,27990,,,0
5901,'4745',755,,27994,,,0,101,,27993,,,0,101,,27995,,,0,145,,27997,,,0,105,,27996,,,0,105,,28000,,,0,105,,28001,,,0,105,,27999,,,0,102,,27998,,,0,103,,28004,,,0,105,,28003,,,0,105,,28005,,,0,120,,28002,,,0
5901,'4935',654,,8079,,,0,69,,8087,,,0,100,,8080,,,0,106,,8081,,,0,101,,8082,,,0,97,,8083,,,0,103,,8084,,,0,102,,8085,,,0,107,,8086,,,0,97,,8078,,,0,86,,8094,,,0,85,,8088,,,0,42,,8089,,,0,81,,8093,,,0,104,,8090,,,0,105,,8091,,,0,113,,8092,,,0
5901,'4941',654,,8096,,,0,69,,8104,,,0,100,,8097,,,0,106,,8098,,,0,101,,8099,,,0,97,,8100,,,0,103,,8101,,,0,102,,8102,,,0,107,,8103,,,0,97,,8095,,,0,86,,8111,,,0,85,,8105,,,0,42,,8106,,,0,81,,8110,,,0,104,,8107,,,0,105,,8108,,,0,113,,8109,,,0
5901,'4943',655,,8123,,,0,100,,8124,,,0,101,,8125,,,0,101,,8122,,,0,145,,8121,,,0,105,,8120,,,0,105,,8119,,,0,105,,8118,,,0,105,,8117,,,0,102,,8116,,,0,103,,8115,,,0,105,,8114,,,0,105,,8113,,,0,120,,8112,,,0
5901,'4945',755,,8127,,,0,101,,8126,,,0,101,,8128,,,0,145,,8130,,,0,105,,8129,,,0,105,,8133,,,0,105,,8134,,,0,105,,8132,,,0,102,,8131,,,0,103,,8137,,,0,105,,8136,,,0,105,,8138,,,0,120,,8135,,,0
5901,'4947',654,,28007,,,0,69,,28015,,,0,100,,28008,,,0,106,,28009,,,0,101,,28010,,,0,97,,28011,,,0,103,,28012,,,0,102,,28013,,,0,107,,28014,,,0,97,,28006,,,0,86,,28022,,,0,85,,28016,,,0,42,,28017,,,0,81,,28021,,,0,104,,28018,,,0,105,,28019,,,0,113,,28020,,,0
5901,'4952',654,,28024,,,0,69,,28032,,,0,100,,28025,,,0,106,,28026,,,0,101,,28027,,,0,97,,28028,,,0,103,,28029,,,0,102,,28030,,,0,107,,28031,,,0,97,,28023,,,0,86,,28039,,,0,85,,28033,,,0,42,,28034,,,0,81,,28038,,,0,104,,28035,,,0,105,,28036,,,0,113,,28037,,,0
5901,'4953',655,,28051,,,0,100,,28052,,,0,101,,28053,,,0,101,,28050,,,0,145,,28049,,,0,105,,28048,,,0,105,,28047,,,0,105,,28046,,,0,105,,28045,,,0,102,,28044,,,0,103,,28043,,,0,105,,28042,,,0,105,,28041,,,0,120,,28040,,,0
5901,'4954',755,,28055,,,0,101,,28054,,,0,101,,28056,,,0,145,,28058,,,0,105,,28057,,,0,105,,28061,,,0,105,,28062,,,0,105,,28060,,,0,102,,28059,,,0,103,,28065,,,0,105,,28064,,,0,105,,28066,,,0,120,,28063,,,0
