201,'4623',557,,63441,16,0,46 37,0,61,,63433,16,0,46 37,0,26,,63450,16,0,46 37,0,69,,63445,16,0,46 37,0,30,,63434,16,0,46 37,0,70,,63449,16,0,46 37,0,32,,63439,16,0,46 37,0,72,,63435,16,0,46 37,0,33,,63447,16,0,46 37,0,77,,63440,16,0,46 37,0,79,,63436,16,0,46 37,0,39,,63438,16,0,46 37,0,80,,63437,16,0,46 37,0,79,,63446,16,0,46 37,0,40,,63443,16,0,46 37,0,92,,63444,16,0,46 37,0,73,,63442,16,0,46 37,0,37,,63452,16,0,46 37,0,75,,63453,16,0,46 37,0,37,,63451,16,0,46 37,0,78,,63454,16,0,46 37,0,88,,63455,16,0,46 37,0,25,,63457,16,0,46 37,0,82,,63456,16,0,46 37,0,83,,63458,16,0,46 37,0,41,,63459,16,0,46 37,0,78,,63460,16,0,46 37,0,81,,63461,16,0,46 37,0,41,,63463,16,0,46 37,0,82,,63462,16,0,46 37,0,72,,63464,16,0,46 37,0
201,'4833',640,,63486,16,0,46 37,0,118,,63487,16,0,46 37,0,164,,63481,16,0,46 37,0,80,,63474,16,0,46 37,0,56,,63484,16,0,46 37,0,78,,63475,16,0,46 37,0,80,,63467,16,0,46 37,0,38,,63470,16,0,46 37,0,78,,63469,16,0,46 37,0,81,,63479,16,0,46 37,0,40,,63471,16,0,46 37,0,82,,63468,16,0,46 37,0,81,,63472,16,0,46 37,0,35,,63480,16,0,46 37,0,81,,63483,16,0,46 37,0,81,,63482,16,0,46 37,0,37,,63485,16,0,46 37,0,76,,63476,16,0,46 37,0,80,,63477,16,0,46 37,0,45,,63478,16,0,46 37,0,81,,63491,16,0,46 37,0,81,,63488,16,0,46 37,0,43,,63489,16,0,46 37,0,81,,63490,16,0,46 37,0,76,,63492,16,0,46 37,0
201,'5015',640,,63514,16,0,46 37,0,118,,63515,16,0,46 37,0,164,,63509,16,0,46 37,0,80,,63502,16,0,46 37,0,56,,63512,16,0,46 37,0,78,,63503,16,0,46 37,0,80,,63495,16,0,46 37,0,38,,63498,16,0,46 37,0,78,,63497,16,0,46 37,0,81,,63507,16,0,46 37,0,40,,63499,16,0,46 37,0,82,,63496,16,0,46 37,0,81,,63500,16,0,46 37,0,35,,63508,16,0,46 37,0,81,,63511,16,0,46 37,0,81,,63510,16,0,46 37,0,37,,63513,16,0,46 37,0,76,,63504,16,0,46 37,0,80,,63505,16,0,46 37,0,45,,63506,16,0,46 37,0,81,,63519,16,0,46 37,0,81,,63516,16,0,46 37,0,43,,63517,16,0,46 37,0,81,,63518,16,0,46 37,0,76,,63520,16,0,46 37,0
201,'5078',627,,52911,16,0,46 37,0,119,,52918,16,0,46 37,0,158,,52912,16,0,46 37,0,135,,52919,16,0,46 37,0,100,,52898,16,0,46 37,0,79,,52909,16,0,46 37,0,39,,52905,16,0,46 37,0,79,,52904,16,0,46 37,0,81,,52900,16,0,46 37,0,40,,52901,16,0,46 37,0,80,,52910,16,0,46 37,0,81,,52906,16,0,46 37,0,36,,52902,16,0,46 37,0,80,,52903,16,0,46 37,0,81,,52907,16,0,46 37,0,37,,52916,16,0,46 37,0,81,,52908,16,0,46 37,0,80,,52915,16,0,46 37,0,41,,52914,16,0,46 37,0,80,,52917,16,0,46 37,0,81,,52913,16,0,46 37,0,42,,52920,16,0,46 37,0,82,,52921,16,0,46 37,0
201,'5222',557,,63530,16,0,46 37,0,61,,63522,16,0,46 37,0,26,,63539,16,0,46 37,0,69,,63534,16,0,46 37,0,30,,63523,16,0,46 37,0,70,,63538,16,0,46 37,0,32,,63528,16,0,46 37,0,72,,63524,16,0,46 37,0,33,,63536,16,0,46 37,0,77,,63529,16,0,46 37,0,79,,63525,16,0,46 37,0,39,,63527,16,0,46 37,0,80,,63526,16,0,46 37,0,79,,63535,16,0,46 37,0,40,,63532,16,0,46 37,0,92,,63533,16,0,46 37,0,73,,63531,16,0,46 37,0,37,,63541,16,0,46 37,0,75,,63542,16,0,46 37,0,37,,63540,16,0,46 37,0,78,,63543,16,0,46 37,0,88,,63544,16,0,46 37,0,25,,63546,16,0,46 37,0,82,,63545,16,0,46 37,0,83,,63547,16,0,46 37,0,41,,63548,16,0,46 37,0,78,,63549,16,0,46 37,0,81,,63550,16,0,46 37,0,41,,63552,16,0,46 37,0,82,,63551,16,0,46 37,0,72,,63553,16,0,46 37,0
201,'5365',627,,63568,16,0,46 37,0,119,,63575,16,0,46 37,0,158,,63569,16,0,46 37,0,135,,63576,16,0,46 37,0,100,,63555,16,0,46 37,0,79,,63566,16,0,46 37,0,39,,63562,16,0,46 37,0,79,,63561,16,0,46 37,0,81,,63557,16,0,46 37,0,40,,63558,16,0,46 37,0,80,,63567,16,0,46 37,0,81,,63563,16,0,46 37,0,36,,63559,16,0,46 37,0,80,,63560,16,0,46 37,0,81,,63564,16,0,46 37,0,37,,63573,16,0,46 37,0,81,,63565,16,0,46 37,0,80,,63572,16,0,46 37,0,41,,63571,16,0,46 37,0,80,,63574,16,0,46 37,0,81,,63570,16,0,46 37,0,42,,63577,16,0,46 37,0,82,,63578,16,0,46 37,0
201,'5390',627,,63593,16,0,46 37,0,119,,63600,16,0,46 37,0,158,,63594,16,0,46 37,0,135,,63601,16,0,46 37,0,100,,63580,16,0,46 37,0,79,,63591,16,0,46 37,0,39,,63587,16,0,46 37,0,79,,63586,16,0,46 37,0,81,,63582,16,0,46 37,0,40,,63583,16,0,46 37,0,80,,63592,16,0,46 37,0,81,,63588,16,0,46 37,0,36,,63584,16,0,46 37,0,80,,63585,16,0,46 37,0,81,,63589,16,0,46 37,0,37,,63598,16,0,46 37,0,81,,63590,16,0,46 37,0,80,,63597,16,0,46 37,0,41,,63596,16,0,46 37,0,80,,63599,16,0,46 37,0,81,,63595,16,0,46 37,0,42,,63602,16,0,46 37,0,82,,63603,16,0,46 37,0
501,'4623',629,,64775,11,,,0,71,,64780,11,,,0,27,,64772,11,,,0,31,,64774,11,,,0,71,,64778,11,,,0,73,,64773,11,,,0,30,,64776,11,,,0,77,,64779,11,,,0,39,,64777,11,,,0,78,,64787,11,,,0,79,,64782,11,,,0,40,,64783,11,,,0,79,,64781,11,,,0,94,,64784,11,,,0,36,,64786,11,,,0,73,,64785,11,,,0,77,,64788,11,,,0,35,,64792,11,,,0,76,,64790,11,,,0,43,,64791,11,,,0,151,,64789,11,,,0,43,,64793,11,,,0,82,,64794,11,,,0
501,'4833',719,,64803,11,,,0,120,,64805,11,,,0,103,,64802,11,,,0,79,,64796,11,,,0,96,,64804,11,,,0,39,,64795,11,,,0,79,,64811,11,,,0,78,,64800,11,,,0,38,,64801,11,,,0,82,,64798,11,,,0,80,,64799,11,,,0,41,,64809,11,,,0,82,,64812,11,,,0,75,,64808,11,,,0,42,,64810,11,,,0,77,,64814,11,,,0,75,,64813,11,,,0,41,,64806,11,,,0,85,,64807,11,,,0
501,'5015',719,,64823,11,,,0,120,,64825,11,,,0,103,,64822,11,,,0,79,,64816,11,,,0,96,,64824,11,,,0,39,,64815,11,,,0,79,,64831,11,,,0,78,,64820,11,,,0,38,,64821,11,,,0,82,,64818,11,,,0,80,,64819,11,,,0,41,,64829,11,,,0,82,,64832,11,,,0,75,,64828,11,,,0,42,,64830,11,,,0,77,,64834,11,,,0,75,,64833,11,,,0,41,,64826,11,,,0,85,,64827,11,,,0
501,'5078',707,,53832,11,,,0,118,,53831,11,,,0,117,,53830,11,,,0,79,,53824,11,,,0,98,,53827,11,,,0,39,,53823,11,,,0,80,,53819,11,,,0,78,,53818,11,,,0,41,,53834,11,,,0,80,,53826,11,,,0,80,,53822,11,,,0,40,,53821,11,,,0,82,,53820,11,,,0,75,,53833,11,,,0,40,,53828,11,,,0,76,,53825,11,,,0,83,,53829,11,,,0
501,'5222',629,,64838,11,,,0,71,,64843,11,,,0,27,,64835,11,,,0,31,,64837,11,,,0,71,,64841,11,,,0,73,,64836,11,,,0,30,,64839,11,,,0,77,,64842,11,,,0,39,,64840,11,,,0,78,,64850,11,,,0,79,,64845,11,,,0,40,,64846,11,,,0,79,,64844,11,,,0,94,,64847,11,,,0,36,,64849,11,,,0,73,,64848,11,,,0,77,,64851,11,,,0,35,,64855,11,,,0,76,,64853,11,,,0,43,,64854,11,,,0,151,,64852,11,,,0,43,,64856,11,,,0,82,,64857,11,,,0
501,'5365',707,,64872,11,,,0,118,,64871,11,,,0,117,,64870,11,,,0,79,,64864,11,,,0,98,,64867,11,,,0,39,,64863,11,,,0,80,,64859,11,,,0,78,,64858,11,,,0,41,,64874,11,,,0,80,,64866,11,,,0,80,,64862,11,,,0,40,,64861,11,,,0,82,,64860,11,,,0,75,,64873,11,,,0,40,,64868,11,,,0,76,,64865,11,,,0,83,,64869,11,,,0
501,'5390',707,,64889,11,,,0,118,,64888,11,,,0,117,,64887,11,,,0,79,,64881,11,,,0,98,,64884,11,,,0,39,,64880,11,,,0,80,,64876,11,,,0,78,,64875,11,,,0,41,,64891,11,,,0,80,,64883,11,,,0,80,,64879,11,,,0,40,,64878,11,,,0,82,,64877,11,,,0,75,,64890,11,,,0,40,,64885,11,,,0,76,,64882,11,,,0,83,,64886,11,,,0
801,'4623',641,,66017,7,,,0,76,,66018,7,,,0,24,,66019,7,,,0,65,,66020,7,,,0,35,,66021,7,,,0,86,,66016,7,,,0,84,,66022,7,,,0,31,,66037,7,,,0,82,,66023,7,,,0,84,,66024,7,,,0,39,,66025,7,,,0,85,,66026,7,,,0,87,,66027,7,,,0,83,,66028,7,,,0,32,,66038,7,,,0,74,,66029,7,,,0,37,,66030,7,,,0,85,,66031,7,,,0,71,,66039,7,,,0,32,,66032,7,,,0,74,,66033,7,,,0,47,,66034,7,,,0,97,,66035,7,,,0,85,,66036,7,,,0
801,'4833',718,,66041,7,0,8 9,0,85,,66042,7,0,8 9,0,45,,66043,7,0,8 9,0,86,,66044,7,0,8 9,0,85,,66045,7,0,8 9,0,91,,66046,7,0,8 9,0,48,,66047,7,0,8 9,0,90,,66048,7,0,8 9,0,92,,66040,7,0,8 9,0,91,,66049,7,0,8 9,0,92,,66050,7,0,8 9,0,90,,66051,7,0,8 9,0,91,,66052,7,0,8 9,0,46,,66053,7,0,8 9,0,84,,66054,7,0,8 9,0
801,'5015',718,,66056,7,0,8 9,0,85,,66057,7,0,8 9,0,45,,66058,7,0,8 9,0,86,,66059,7,0,8 9,0,85,,66060,7,0,8 9,0,91,,66061,7,0,8 9,0,48,,66062,7,0,8 9,0,90,,66063,7,0,8 9,0,92,,66055,7,0,8 9,0,91,,66064,7,0,8 9,0,92,,66065,7,0,8 9,0,90,,66066,7,0,8 9,0,91,,66067,7,0,8 9,0,46,,66068,7,0,8 9,0,84,,66069,7,0,8 9,0
801,'5078',934,,54694,7,0,8 9,0,85,,54695,7,0,8 9,0,90,,54696,7,0,8 9,0,48,,54697,7,0,8 9,0,90,,54693,7,0,8 9,0,92,,54698,7,0,8 9,0,91,,54699,7,0,8 9,0,92,,54700,7,0,8 9,0,90,,54701,7,0,8 9,0,91,,54702,7,0,8 9,0,47,,54703,7,0,8 9,0
801,'5222',641,,66071,7,,,0,76,,66072,7,,,0,24,,66073,7,,,0,65,,66074,7,,,0,35,,66075,7,,,0,86,,66070,7,,,0,84,,66076,7,,,0,31,,66091,7,,,0,82,,66077,7,,,0,84,,66078,7,,,0,39,,66079,7,,,0,85,,66080,7,,,0,87,,66081,7,,,0,83,,66082,7,,,0,32,,66092,7,,,0,74,,66083,7,,,0,37,,66084,7,,,0,85,,66085,7,,,0,71,,66093,7,,,0,32,,66086,7,,,0,74,,66087,7,,,0,47,,66088,7,,,0,97,,66089,7,,,0,85,,66090,7,,,0
801,'5365',934,,66095,7,0,8 9,0,85,,66096,7,0,8 9,0,90,,66097,7,0,8 9,0,48,,66098,7,0,8 9,0,90,,66094,7,0,8 9,0,92,,66099,7,0,8 9,0,91,,66100,7,0,8 9,0,92,,66101,7,0,8 9,0,90,,66102,7,0,8 9,0,91,,66103,7,0,8 9,0,47,,66104,7,0,8 9,0
801,'5390',934,,66106,7,0,8 9,0,85,,66107,7,0,8 9,0,90,,66108,7,0,8 9,0,48,,66109,7,0,8 9,0,90,,66105,7,0,8 9,0,92,,66110,7,0,8 9,0,91,,66111,7,0,8 9,0,92,,66112,7,0,8 9,0,90,,66113,7,0,8 9,0,91,,66114,7,0,8 9,0,47,,66115,7,0,8 9,0
