301,'4487',718,,652,13,,,0,30,,653,13,,,0,71,,650,13,,,0,30,,661,13,,,0,71,,654,13,,,0,30,,649,13,,,0,71,,660,13,,,0,30,,651,13,,,0,70,,648,13,,,0,30,,658,13,,,0,70,,657,13,,,0,31,,655,13,,,0,70,,659,13,,,0,31,,662,13,,,0,71,,656,13,,,0,34,,663,13,,,0,70,,664,13,,,0,80,,667,13,,,0,24,,666,13,,,0,75,,668,13,,,0,30,,665,13,,,0,74,,669,13,,,0,25,,672,13,,,0,69,,673,13,,,0,30,,671,13,,,0,70,,670,13,,,0,30,,675,13,,,0,70,,674,13,,,0
301,'4737',603,,704,3,,,0,37,,702,13,,,0,76,,701,13,,,0,37,,703,13,,,0,82,,700,13,,,0,76,,693,13,,,0,35,,692,13,,,0,71,,691,13,,,0,30,,694,13,,,0,70,,689,13,,,0,31,,690,13,,,0,71,,696,13,,,0,35,,688,13,,,0,70,,687,13,,,0,30,,695,13,,,0,72,,686,13,,,0,33,,685,13,,,0,75,,697,13,,,0,74,,684,13,,,0,35,,683,13,,,0,73,,699,13,,,0,31,,682,13,,,0,74,,681,13,,,0,24,,698,13,,,0,70,,680,13,,,0,30,,679,13,,,0,65,,677,13,,,0,24,,678,13,,,0,70,,676,13,,,0
301,'4740',718,,709,13,,,0,30,,710,13,,,0,71,,707,13,,,0,30,,718,13,,,0,71,,711,13,,,0,30,,706,13,,,0,71,,717,13,,,0,30,,708,13,,,0,70,,705,13,,,0,30,,715,13,,,0,70,,714,13,,,0,31,,712,13,,,0,70,,716,13,,,0,31,,719,13,,,0,71,,713,13,,,0,34,,720,13,,,0,70,,721,13,,,0,80,,724,13,,,0,24,,723,13,,,0,75,,725,13,,,0,30,,722,13,,,0,74,,726,13,,,0,25,,729,13,,,0,69,,730,13,,,0,30,,728,13,,,0,70,,727,13,,,0,30,,732,13,,,0,70,,731,13,,,0
301,'4744',603,,761,3,,,0,37,,759,13,,,0,76,,758,13,,,0,37,,760,13,,,0,82,,757,13,,,0,76,,750,13,,,0,35,,749,13,,,0,71,,748,13,,,0,30,,751,13,,,0,70,,746,13,,,0,31,,747,13,,,0,71,,753,13,,,0,35,,745,13,,,0,70,,744,13,,,0,30,,752,13,,,0,72,,743,13,,,0,33,,742,13,,,0,75,,754,13,,,0,74,,741,13,,,0,35,,740,13,,,0,73,,756,13,,,0,31,,739,13,,,0,74,,738,13,,,0,24,,755,13,,,0,70,,737,13,,,0,30,,736,13,,,0,65,,734,13,,,0,24,,735,13,,,0,70,,733,13,,,0
301,'4745',734,,785,13,,,0,86,,782,13,,,0,80,,784,13,,,0,45,,781,13,,,0,76,,783,13,,,0,80,,774,13,,,0,20,,779,13,,,0,30,,778,13,,,0,70,,775,13,,,0,30,,780,13,,,0,71,,777,13,,,0,30,,763,13,,,0,70,,762,13,,,0,37,,766,13,,,0,68,,764,13,,,0,75,,773,13,,,0,30,,768,13,,,0,69,,769,13,,,0,30,,770,13,,,0,70,,767,13,,,0,29,,765,13,,,0,70,,772,13,,,0,30,,771,13,,,0,74,,776,13,,,0
301,'4947',603,,814,3,,,0,37,,812,13,,,0,76,,811,13,,,0,37,,813,13,,,0,82,,810,13,,,0,76,,803,13,,,0,35,,802,13,,,0,71,,801,13,,,0,30,,804,13,,,0,70,,799,13,,,0,31,,800,13,,,0,71,,806,13,,,0,35,,798,13,,,0,70,,797,13,,,0,30,,805,13,,,0,72,,796,13,,,0,33,,795,13,,,0,75,,807,13,,,0,74,,794,13,,,0,35,,793,13,,,0,73,,809,13,,,0,31,,792,13,,,0,74,,791,13,,,0,24,,808,13,,,0,70,,790,13,,,0,30,,789,13,,,0,65,,787,13,,,0,24,,788,13,,,0,70,,786,13,,,0
301,'4954',734,,838,13,,,0,86,,835,13,,,0,80,,837,13,,,0,45,,834,13,,,0,76,,836,13,,,0,80,,827,13,,,0,20,,832,13,,,0,30,,831,13,,,0,70,,828,13,,,0,30,,833,13,,,0,71,,830,13,,,0,30,,816,13,,,0,70,,815,13,,,0,37,,819,13,,,0,68,,817,13,,,0,75,,826,13,,,0,30,,821,13,,,0,69,,822,13,,,0,30,,823,13,,,0,70,,820,13,,,0,29,,818,13,,,0,70,,825,13,,,0,30,,824,13,,,0,74,,829,13,,,0
1100,'4487',730,,3859,31,,,0,76,,3843,31,,,0,36,,3829,31,,,0,71,,3833,31,,,0,30,,3860,31,,,0,70,,3851,31,,,0,26,,3838,31,,,0,65,,3830,31,,,0,26,,3836,31,,,0,29,,3848,31,,,0,65,,3832,31,,,0,25,,3846,31,,,0,65,,3840,31,,,0,25,,3831,31,,,0,65,,3834,31,,,0,26,,3847,31,,,0,25,,3839,31,,,0,65,,3850,31,,,0,27,,3842,31,,,0,65,,3837,31,,,0,23,,3841,31,,,0,24,,3858,31,,,0,63,,3835,31,,,0,23,,3849,31,,,0,64,,3861,31,,,0,25,,3852,31,,,0,25,,3844,31,,,0,64,,3845,31,,,0,24,,3854,31,,,0,65,,3856,31,,,0,24,,3853,31,,,0,70,,3855,31,,,0,30,,3857,31,,,0,74,,3862,31,,,0,35,,3863,31,,,0,69,,3864,31,,,0,30,,3865,31,,,0,79,,3866,31,,,0
1100,'4737',543,,3907,3,,,0,71,,3900,31,,,0,31,,3883,31,,,0,60,,3912,31,,,0,20,,3889,31,,,0,18,,3909,31,,,0,59,,3892,31,,,0,16,,3872,31,,,0,16,,3898,31,,,0,19,,3875,31,,,0,58,,3893,31,,,0,19,,3913,31,,,0,24,,3888,31,,,0,64,,3910,31,,,0,28,,3873,31,,,0,65,,3901,31,,,0,25,,3891,31,,,0,66,,3915,31,,,0,26,,3890,31,,,0,25,,3906,31,,,0,65,,3874,31,,,0,25,,3902,31,,,0,64,,3887,31,,,0,18,,3868,31,,,0,18,,3914,31,,,0,58,,3885,31,,,0,18,,3867,31,,,0,19,,3908,31,,,0,20,,3876,31,,,0,59,,3878,31,,,0,20,,3899,31,,,0,18,,3884,31,,,0,56,,3871,31,,,0,15,,3916,31,,,0,17,,3886,31,,,0,57,,3877,31,,,0,18,,3911,31,,,0,14,,3870,31,,,0,17,,3869,31,,,0,58,,3894,31,,,0,24,,3881,31,,,0,70,,3882,31,,,0,34,,3904,31,,,0,70,,3879,31,,,0,35,,3880,31,,,0,70,,3895,31,,,0,33,,3903,31,,,0,70,,3897,31,,,0,30,,3896,31,,,0,85,,3905,31,,,0
1100,'4740',730,,3947,31,,,0,76,,3931,31,,,0,36,,3917,31,,,0,71,,3921,31,,,0,30,,3948,31,,,0,70,,3939,31,,,0,26,,3926,31,,,0,65,,3918,31,,,0,26,,3924,31,,,0,29,,3936,31,,,0,65,,3920,31,,,0,25,,3934,31,,,0,65,,3928,31,,,0,25,,3919,31,,,0,65,,3922,31,,,0,26,,3935,31,,,0,25,,3927,31,,,0,65,,3938,31,,,0,27,,3930,31,,,0,65,,3925,31,,,0,23,,3929,31,,,0,24,,3946,31,,,0,63,,3923,31,,,0,23,,3937,31,,,0,64,,3949,31,,,0,25,,3940,31,,,0,25,,3932,31,,,0,64,,3933,31,,,0,24,,3942,31,,,0,65,,3944,31,,,0,24,,3941,31,,,0,70,,3943,31,,,0,30,,3945,31,,,0,74,,3950,31,,,0,35,,3951,31,,,0,69,,3952,31,,,0,30,,3953,31,,,0,79,,3954,31,,,0
1100,'4744',543,,3995,3,,,0,71,,3988,31,,,0,31,,3971,31,,,0,60,,4000,31,,,0,20,,3977,31,,,0,18,,3997,31,,,0,59,,3980,31,,,0,16,,3960,31,,,0,16,,3986,31,,,0,19,,3963,31,,,0,58,,3981,31,,,0,19,,4001,31,,,0,24,,3976,31,,,0,64,,3998,31,,,0,28,,3961,31,,,0,65,,3989,31,,,0,25,,3979,31,,,0,66,,4003,31,,,0,26,,3978,31,,,0,25,,3994,31,,,0,65,,3962,31,,,0,25,,3990,31,,,0,64,,3975,31,,,0,18,,3956,31,,,0,18,,4002,31,,,0,58,,3973,31,,,0,18,,3955,31,,,0,19,,3996,31,,,0,20,,3964,31,,,0,59,,3966,31,,,0,20,,3987,31,,,0,18,,3972,31,,,0,56,,3959,31,,,0,15,,4004,31,,,0,17,,3974,31,,,0,57,,3965,31,,,0,18,,3999,31,,,0,14,,3958,31,,,0,17,,3957,31,,,0,58,,3982,31,,,0,24,,3969,31,,,0,70,,3970,31,,,0,34,,3992,31,,,0,70,,3967,31,,,0,35,,3968,31,,,0,70,,3983,31,,,0,33,,3991,31,,,0,70,,3985,31,,,0,30,,3984,31,,,0,85,,3993,31,,,0
1100,'4745',745,,4006,31,,,0,80,,4005,31,,,0,81,,4008,31,,,0,31,,4007,31,,,0,71,,4010,31,,,0,36,,4009,31,,,0,75,,4014,31,,,0,31,,4012,31,,,0,70,,4011,31,,,0,31,,4013,31,,,0,70,,4017,31,,,0,30,,4018,31,,,0,70,,4016,31,,,0,31,,4015,31,,,0,70,,4021,31,,,0,30,,4020,31,,,0,69,,4019,31,,,0,30,,4023,31,,,0,69,,4024,31,,,0,29,,4022,31,,,0,68,,4025,31,,,0,29,,4026,31,,,0,70,,4028,31,,,0,85,,4027,31,,,0,45,,4029,31,,,0,84,,4030,31,,,0,79,,4031,31,,,0,45,,4032,31,,,0,85,,4033,31,,,0
1100,'4947',543,,4074,3,,,0,71,,4067,31,,,0,31,,4050,31,,,0,60,,4079,31,,,0,20,,4056,31,,,0,18,,4076,31,,,0,59,,4059,31,,,0,16,,4039,31,,,0,16,,4065,31,,,0,19,,4042,31,,,0,58,,4060,31,,,0,19,,4080,31,,,0,24,,4055,31,,,0,64,,4077,31,,,0,28,,4040,31,,,0,65,,4068,31,,,0,25,,4058,31,,,0,66,,4082,31,,,0,26,,4057,31,,,0,25,,4073,31,,,0,65,,4041,31,,,0,25,,4069,31,,,0,64,,4054,31,,,0,18,,4035,31,,,0,18,,4081,31,,,0,58,,4052,31,,,0,18,,4034,31,,,0,19,,4075,31,,,0,20,,4043,31,,,0,59,,4045,31,,,0,20,,4066,31,,,0,18,,4051,31,,,0,56,,4038,31,,,0,15,,4083,31,,,0,17,,4053,31,,,0,57,,4044,31,,,0,18,,4078,31,,,0,14,,4037,31,,,0,17,,4036,31,,,0,58,,4061,31,,,0,24,,4048,31,,,0,70,,4049,31,,,0,34,,4071,31,,,0,70,,4046,31,,,0,35,,4047,31,,,0,70,,4062,31,,,0,33,,4070,31,,,0,70,,4064,31,,,0,30,,4063,31,,,0,85,,4072,31,,,0
1100,'4954',745,,4085,31,,,0,80,,4084,31,,,0,81,,4087,31,,,0,31,,4086,31,,,0,71,,4089,31,,,0,36,,4088,31,,,0,75,,4093,31,,,0,31,,4091,31,,,0,70,,4090,31,,,0,31,,4092,31,,,0,70,,4096,31,,,0,30,,4097,31,,,0,70,,4095,31,,,0,31,,4094,31,,,0,70,,4100,31,,,0,30,,4099,31,,,0,69,,4098,31,,,0,30,,4102,31,,,0,69,,4103,31,,,0,29,,4101,31,,,0,68,,4104,31,,,0,29,,4105,31,,,0,70,,4107,31,,,0,85,,4106,31,,,0,45,,4108,31,,,0,84,,4109,31,,,0,79,,4110,31,,,0,45,,4111,31,,,0,85,,4112,31,,,0
1400,'4487',648,,4675,32,,,0,61,,4676,32,,,0,19,,4659,32,,,0,18,,4674,32,,,0,56,,4653,32,,,0,15,,4658,32,,,0,15,,4657,32,,,0,15,,4673,32,,,0,55,,4671,32,,,0,15,,4656,32,,,0,15,,4652,32,,,0,15,,4672,32,,,0,55,,4651,32,,,0,16,,4661,32,,,0,15,,4663,32,,,0,15,,4677,32,,,0,56,,4679,32,,,0,15,,4664,32,,,0,16,,4655,32,,,0,15,,4678,32,,,0,56,,4654,32,,,0,16,,4660,32,,,0,15,,4667,32,,,0,15,,4680,32,,,0,55,,4665,32,,,0,15,,4681,32,,,0,15,,4666,32,,,0,15,,4668,32,,,0,55,,4682,32,,,0,16,,4670,32,,,0,15,,4662,32,,,0,16,,4669,32,,,0,55,,4693,32,,,0,15,,4691,32,,,0,15,,4694,32,,,0,15,,4688,32,,,0,55,,4687,32,,,0,14,,4684,32,,,0,15,,4695,32,,,0,14,,4689,32,,,0,55,,4690,32,,,0,15,,4697,32,,,0,15,,4692,32,,,0,15,,4685,32,,,0,55,,4686,32,,,0,14,,4696,32,,,0,15,,4683,32,,,0,14,,4701,32,,,0,55,,4698,32,,,0,15,,4699,32,,,0,15,,4700,32,,,0,16,,4702,32,,,0,60,,4704,32,,,0,20,,4705,32,,,0,20,,4706,32,,,0,60,,4707,32,,,0,19,,4703,32,,,0,20,,4711,32,,,0,60,,4710,32,,,0,21,,4709,32,,,0,27,,4708,32,,,0,70,,4712,32,,,0,30,,4713,32,,,0,70,,4714,32,,,0
1400,'4737',609,,4715,32,,,0,20,,4723,32,,,0,18,,4735,32,,,0,56,,4716,32,,,0,14,,4745,32,,,0,7,,4778,3,,,0,6,,4724,32,,,0,9,,4777,32,,,0,6,,4801,3,,,0,6,,4771,32,,,0,6,,4753,3,,,0,46,,4727,32,,,0,8,,4767,3,,,0,5,,4717,32,,,0,8,,4768,3,,,0,5,,4736,32,,,0,7,,4726,3,,,0,3,,4720,32,,,0,5,,4799,32,,,0,5,,4786,32,,,0,6,,4754,32,,,0,47,,4787,3,,,0,6,,4728,32,,,0,6,,4770,3,,,0,6,,4718,32,,,0,7,,4788,3,,,0,6,,4737,32,,,0,11,,4721,32,,,0,13,,4772,32,,,0,52,,4769,32,,,0,13,,4729,32,,,0,13,,4722,32,,,0,13,,4738,32,,,0,53,,4719,32,,,0,13,,4752,32,,,0,13,,4725,32,,,0,14,,4733,32,,,0,13,,4732,32,,,0,53,,4776,32,,,0,13,,4775,32,,,0,13,,4734,32,,,0,13,,4794,32,,,0,13,,4731,32,,,0,53,,4743,32,,,0,13,,4730,32,,,0,13,,4756,32,,,0,13,,4744,32,,,0,54,,4742,32,,,0,12,,4739,32,,,0,14,,4773,32,,,0,11,,4774,32,,,0,14,,4741,32,,,0,58,,4740,32,,,0,8,,4802,32,,,0,8,,4755,32,,,0,16,,4751,32,,,0,56,,4749,32,,,0,15,,4750,32,,,0,15,,4748,32,,,0,16,,4800,32,,,0,55,,4746,32,,,0,15,,4758,32,,,0,16,,4747,32,,,0,17,,4790,32,,,0,55,,4764,32,,,0,14,,4759,32,,,0,15,,4761,32,,,0,16,,4760,32,,,0,54,,4762,32,,,0,15,,4763,32,,,0,15,,4757,32,,,0,15,,4765,32,,,0,57,,4766,32,,,0,19,,4783,32,,,0,20,,4782,32,,,0,60,,4779,32,,,0,20,,4784,32,,,0,20,,4780,32,,,0,59,,4781,32,,,0,21,,4785,32,,,0,30,,4791,32,,,0,70,,4789,32,,,0,30,,4792,32,,,0,70,,4793,32,,,0,30,,4796,32,,,0,70,,4798,32,,,0,30,,4795,32,,,0,70,,4797,32,,,0
1400,'4740',648,,4829,32,,,0,61,,4830,32,,,0,19,,4813,32,,,0,18,,4828,32,,,0,56,,4807,32,,,0,15,,4812,32,,,0,15,,4811,32,,,0,15,,4827,32,,,0,55,,4825,32,,,0,15,,4810,32,,,0,15,,4806,32,,,0,15,,4826,32,,,0,55,,4805,32,,,0,16,,4815,32,,,0,15,,4817,32,,,0,15,,4831,32,,,0,56,,4833,32,,,0,15,,4818,32,,,0,16,,4809,32,,,0,15,,4832,32,,,0,56,,4808,32,,,0,16,,4814,32,,,0,15,,4821,32,,,0,15,,4834,32,,,0,55,,4819,32,,,0,15,,4835,32,,,0,15,,4820,32,,,0,15,,4822,32,,,0,55,,4836,32,,,0,16,,4824,32,,,0,15,,4816,32,,,0,16,,4823,32,,,0,55,,4847,32,,,0,15,,4845,32,,,0,15,,4848,32,,,0,15,,4842,32,,,0,55,,4841,32,,,0,14,,4838,32,,,0,15,,4849,32,,,0,14,,4843,32,,,0,55,,4844,32,,,0,15,,4851,32,,,0,15,,4846,32,,,0,15,,4839,32,,,0,55,,4840,32,,,0,14,,4850,32,,,0,15,,4837,32,,,0,14,,4855,32,,,0,55,,4852,32,,,0,15,,4853,32,,,0,15,,4854,32,,,0,16,,4856,32,,,0,60,,4858,32,,,0,20,,4859,32,,,0,20,,4860,32,,,0,60,,4861,32,,,0,19,,4857,32,,,0,20,,4865,32,,,0,60,,4864,32,,,0,21,,4863,32,,,0,27,,4862,32,,,0,70,,4866,32,,,0,30,,4867,32,,,0,70,,4868,32,,,0,30,,4869,32,,,0,69,,4870,32,,,0,29,,4871,32,,,0,70,,4872,32,,,0
1400,'4744',609,,4873,32,,,0,20,,4881,32,,,0,18,,4893,32,,,0,56,,4874,32,,,0,14,,4903,32,,,0,7,,4936,3,,,0,6,,4882,32,,,0,9,,4935,32,,,0,6,,4955,3,,,0,6,,4929,32,,,0,6,,4911,3,,,0,46,,4885,32,,,0,8,,4925,3,,,0,5,,4875,32,,,0,8,,4926,3,,,0,5,,4894,32,,,0,7,,4884,3,,,0,3,,4878,32,,,0,5,,4953,32,,,0,5,,4944,32,,,0,6,,4912,32,,,0,47,,4945,3,,,0,6,,4886,32,,,0,6,,4928,3,,,0,6,,4876,32,,,0,7,,4946,3,,,0,6,,4895,32,,,0,11,,4879,32,,,0,13,,4930,32,,,0,52,,4927,32,,,0,13,,4887,32,,,0,13,,4880,32,,,0,13,,4896,32,,,0,53,,4877,32,,,0,13,,4910,32,,,0,13,,4883,32,,,0,14,,4891,32,,,0,13,,4890,32,,,0,53,,4934,32,,,0,13,,4933,32,,,0,13,,4892,32,,,0,13,,4952,32,,,0,13,,4889,32,,,0,53,,4901,32,,,0,13,,4888,32,,,0,13,,4914,32,,,0,13,,4902,32,,,0,54,,4900,32,,,0,12,,4897,32,,,0,14,,4931,32,,,0,11,,4932,32,,,0,14,,4899,32,,,0,58,,4898,32,,,0,8,,4956,32,,,0,8,,4913,32,,,0,16,,4909,32,,,0,56,,4907,32,,,0,15,,4908,32,,,0,15,,4906,32,,,0,16,,4954,32,,,0,55,,4904,32,,,0,15,,4916,32,,,0,16,,4905,32,,,0,17,,4948,32,,,0,55,,4922,32,,,0,14,,4917,32,,,0,15,,4919,32,,,0,16,,4918,32,,,0,54,,4920,32,,,0,15,,4921,32,,,0,15,,4915,32,,,0,15,,4923,32,,,0,57,,4924,32,,,0,19,,4941,32,,,0,20,,4940,32,,,0,60,,4937,32,,,0,20,,4942,32,,,0,20,,4938,32,,,0,59,,4939,32,,,0,21,,4943,32,,,0,30,,4949,32,,,0,70,,4947,32,,,0,30,,4950,32,,,0,70,,4951,32,,,0
1400,'4745',640,,5001,32,,,0,70,,4989,32,,,0,30,,5011,32,,,0,64,,4996,32,,,0,20,,4967,32,,,0,15,,5014,32,,,0,15,,4995,32,,,0,55,,4980,32,,,0,15,,4987,32,,,0,16,,5008,32,,,0,15,,4971,32,,,0,55,,4999,32,,,0,15,,4968,32,,,0,15,,4998,32,,,0,15,,4972,32,,,0,55,,4981,32,,,0,15,,4988,32,,,0,15,,5010,32,,,0,15,,4970,32,,,0,56,,5000,32,,,0,15,,4973,32,,,0,15,,4997,32,,,0,15,,4969,32,,,0,55,,4978,32,,,0,14,,4958,32,,,0,15,,4985,32,,,0,15,,5007,32,,,0,55,,4960,32,,,0,15,,4994,32,,,0,15,,4964,32,,,0,15,,4991,32,,,0,55,,4965,32,,,0,15,,4976,32,,,0,15,,4957,32,,,0,15,,4984,32,,,0,55,,5006,32,,,0,15,,4963,32,,,0,15,,4992,32,,,0,15,,4961,32,,,0,55,,4993,32,,,0,15,,4962,32,,,0,15,,4979,32,,,0,15,,4959,32,,,0,54,,4986,32,,,0,15,,5009,32,,,0,15,,4966,32,,,0,15,,5003,32,,,0,58,,5005,32,,,0,20,,4975,32,,,0,20,,4977,32,,,0,60,,4990,32,,,0,21,,5013,32,,,0,69,,5002,32,,,0,29,,4974,32,,,0,70,,4982,32,,,0,30,,5012,32,,,0,69,,5004,32,,,0,29,,4983,32,,,0
1400,'4947',609,,5015,32,,,0,20,,5023,32,,,0,18,,5034,32,,,0,56,,5016,32,,,0,14,,5044,32,,,0,7,,5077,3,,,0,6,,5024,32,,,0,9,,5076,32,,,0,6,,5096,3,,,0,6,,5070,32,,,0,6,,5052,3,,,0,46,,5027,32,,,0,8,,5066,3,,,0,5,,5017,32,,,0,8,,5067,3,,,0,5,,5035,32,,,0,7,,5026,3,,,0,3,,5020,32,,,0,5,,5094,32,,,0,5,,5085,32,,,0,6,,5053,32,,,0,47,,5086,3,,,0,6,,5028,32,,,0,6,,5069,3,,,0,6,,5018,32,,,0,7,,5087,3,,,0,6,,5036,32,,,0,11,,5021,32,,,0,13,,5071,32,,,0,52,,5068,32,,,0,13,,5029,32,,,0,13,,5022,32,,,0,13,,5037,32,,,0,53,,5019,32,,,0,13,,5051,32,,,0,13,,5025,32,,,0,14,,5032,32,,,0,13,,5031,32,,,0,53,,5075,32,,,0,13,,5074,32,,,0,13,,5033,32,,,0,13,,5093,32,,,0,66,,5042,32,,,0,13,,5030,32,,,0,13,,5055,32,,,0,13,,5043,32,,,0,54,,5041,32,,,0,12,,5038,32,,,0,14,,5072,32,,,0,11,,5073,32,,,0,14,,5040,32,,,0,58,,5039,32,,,0,8,,5097,32,,,0,8,,5054,32,,,0,16,,5050,32,,,0,56,,5048,32,,,0,15,,5049,32,,,0,15,,5047,32,,,0,16,,5095,32,,,0,55,,5045,32,,,0,15,,5057,32,,,0,16,,5046,32,,,0,17,,5089,32,,,0,55,,5063,32,,,0,14,,5058,32,,,0,15,,5060,32,,,0,16,,5059,32,,,0,54,,5061,32,,,0,15,,5062,32,,,0,15,,5056,32,,,0,15,,5064,32,,,0,57,,5065,32,,,0,19,,5082,32,,,0,20,,5081,32,,,0,60,,5078,32,,,0,20,,5083,32,,,0,20,,5079,32,,,0,59,,5080,32,,,0,21,,5084,32,,,0,30,,5090,32,,,0,70,,5088,32,,,0,30,,5091,32,,,0,70,,5092,32,,,0
1400,'4949',1259,,5098,32,,,0
1400,'4950',1259,,5101,32,,,0
1400,'4954',640,,5146,32,,,0,70,,5134,32,,,0,30,,5156,32,,,0,64,,5141,32,,,0,20,,5112,32,,,0,15,,5159,32,,,0,15,,5140,32,,,0,55,,5125,32,,,0,15,,5132,32,,,0,16,,5153,32,,,0,15,,5116,32,,,0,55,,5144,32,,,0,15,,5113,32,,,0,15,,5143,32,,,0,15,,5117,32,,,0,55,,5126,32,,,0,15,,5133,32,,,0,15,,5155,32,,,0,15,,5115,32,,,0,56,,5145,32,,,0,15,,5118,32,,,0,15,,5142,32,,,0,15,,5114,32,,,0,55,,5123,32,,,0,14,,5103,32,,,0,15,,5130,32,,,0,15,,5152,32,,,0,55,,5105,32,,,0,15,,5139,32,,,0,15,,5109,32,,,0,15,,5136,32,,,0,55,,5110,32,,,0,15,,5121,32,,,0,15,,5102,32,,,0,15,,5129,32,,,0,55,,5151,32,,,0,15,,5108,32,,,0,15,,5137,32,,,0,15,,5106,32,,,0,55,,5138,32,,,0,15,,5107,32,,,0,15,,5124,32,,,0,15,,5104,32,,,0,54,,5131,32,,,0,15,,5154,32,,,0,15,,5111,32,,,0,15,,5148,32,,,0,58,,5150,32,,,0,20,,5120,32,,,0,20,,5122,32,,,0,60,,5135,32,,,0,21,,5158,32,,,0,69,,5147,32,,,0,29,,5119,32,,,0,70,,5127,32,,,0,30,,5157,32,,,0,69,,5149,32,,,0,29,,5128,32,,,0
1500,'4487',633,,5745,20,,,0,25,,5732,20,,,0,61,,5730,20,,,0,19,,5731,20,,,0,16,,5707,20,,,0,55,,5743,20,,,0,15,,5725,20,,,0,16,,5704,20,,,0,14,,5729,20,,,0,55,,5728,20,,,0,16,,5706,20,,,0,15,,5744,20,,,0,15,,5726,20,,,0,55,,5705,20,,,0,15,,5727,20,,,0,15,,5724,20,,,0,16,,5699,20,,,0,55,,5703,20,,,0,15,,5742,20,,,0,16,,5723,20,,,0,16,,5702,20,,,0,56,,5722,20,,,0,15,,5721,20,,,0,15,,5701,20,,,0,15,,5700,20,,,0,55,,5741,20,,,0,15,,5720,20,,,0,15,,5698,20,,,0,56,,5718,20,,,0,15,,5719,20,,,0,15,,5696,20,,,0,15,,5697,20,,,0,55,,5740,20,,,0,15,,5717,20,,,0,15,,5695,20,,,0,15,,5716,20,,,0,55,,5715,20,,,0,15,,5693,20,,,0,15,,5694,20,,,0,15,,5739,20,,,0,14,,5714,20,,,0,55,,5689,20,,,0,15,,5710,20,,,0,15,,5712,20,,,0,15,,5691,20,,,0,55,,5692,20,,,0,15,,5738,20,,,0,14,,5711,20,,,0,14,,5690,20,,,0,55,,5709,20,,,0,15,,5713,20,,,0,15,,5708,20,,,0,58,,5735,20,,,0,20,,5736,20,,,0,20,,5737,20,,,0,60,,5734,20,,,0,20,,5733,20,,,0,20,,5747,20,,,0,60,,5746,20,,,0,20,,5748,20,,,0,23,,5749,20,,,0,70,,5750,20,,,0,30,,5751,20,,,0,70,,5752,20,,,0,30,,5753,20,,,0
1500,'4737',533,,5764,20,,,0,20,,5774,20,,,0,59,,5768,20,,,0,16,,5771,20,,,0,17,,5755,20,,,0,56,,5769,20,,,0,16,,5767,20,,,0,16,,5827,20,,,0,14,,5770,20,,,0,12,,5765,20,,,0,51,,5772,20,,,0,11,,5756,20,,,0,11,,5779,20,,,0,11,,5759,20,,,0,11,,5830,2,,,0,51,,5754,20,,,0,11,,5773,20,,,0,12,,5775,20,,,0,11,,5777,20,,,0,14,,5776,20,,,0,55,,5778,20,,,0,15,,5758,20,,,0,15,,5757,20,,,0,15,,5760,20,,,0,55,,5780,20,,,0,15,,5781,20,,,0,15,,5782,20,,,0,15,,5761,20,,,0,55,,5783,20,,,0,15,,5784,20,,,0,15,,5829,20,,,0,15,,5785,20,,,0,55,,5762,20,,,0,15,,5786,20,,,0,15,,5763,20,,,0,15,,5787,20,,,0,55,,5788,20,,,0,16,,5789,20,,,0,15,,5805,20,,,0,15,,5790,20,,,0,55,,5799,20,,,0,13,,5791,20,,,0,15,,5792,20,,,0,15,,5793,20,,,0,55,,5794,20,,,0,15,,5795,20,,,0,15,,5826,20,,,0,15,,5828,20,,,0,55,,5804,20,,,0,15,,5796,20,,,0,14,,5798,20,,,0,16,,5797,20,,,0,54,,5800,20,,,0,15,,5801,20,,,0,17,,5802,20,,,0,15,,5803,20,,,0,55,,5810,20,,,0,14,,5812,20,,,0,14,,5811,20,,,0,20,,5806,20,,,0,60,,5813,20,,,0,20,,5809,20,,,0,20,,5814,20,,,0,60,,5808,20,,,0,20,,5815,20,,,0,20,,5816,20,,,0,60,,5817,20,,,0,25,,5818,20,,,0,70,,5807,20,,,0,30,,5819,20,,,0,70,,5820,20,,,0,30,,5821,20,,,0,70,,5822,20,,,0,30,,5824,20,,,0,70,,5823,20,,,0,30,,5825,20,,,0
1500,'4740',633,,5887,20,,,0,25,,5874,20,,,0,61,,5872,20,,,0,19,,5873,20,,,0,16,,5849,20,,,0,55,,5885,20,,,0,15,,5867,20,,,0,16,,5846,20,,,0,14,,5871,20,,,0,55,,5870,20,,,0,16,,5848,20,,,0,15,,5886,20,,,0,15,,5868,20,,,0,55,,5847,20,,,0,15,,5869,20,,,0,15,,5866,20,,,0,16,,5841,20,,,0,55,,5845,20,,,0,15,,5884,20,,,0,16,,5865,20,,,0,16,,5844,20,,,0,56,,5864,20,,,0,15,,5863,20,,,0,15,,5843,20,,,0,15,,5842,20,,,0,55,,5883,20,,,0,15,,5862,20,,,0,15,,5840,20,,,0,56,,5860,20,,,0,15,,5861,20,,,0,15,,5838,20,,,0,15,,5839,20,,,0,55,,5882,20,,,0,15,,5859,20,,,0,15,,5837,20,,,0,15,,5858,20,,,0,55,,5857,20,,,0,15,,5835,20,,,0,15,,5836,20,,,0,15,,5881,20,,,0,14,,5856,20,,,0,55,,5831,20,,,0,15,,5852,20,,,0,15,,5854,20,,,0,15,,5833,20,,,0,55,,5834,20,,,0,15,,5880,20,,,0,14,,5853,20,,,0,14,,5832,20,,,0,55,,5851,20,,,0,15,,5855,20,,,0,15,,5850,20,,,0,58,,5877,20,,,0,20,,5878,20,,,0,20,,5879,20,,,0,60,,5876,20,,,0,20,,5875,20,,,0,20,,5889,20,,,0,60,,5888,20,,,0,20,,5890,20,,,0,23,,5891,20,,,0,70,,5892,20,,,0,30,,5893,20,,,0,70,,5894,20,,,0,30,,5895,20,,,0,69,,5896,20,,,0,29,,5897,20,,,0,70,,5898,20,,,0,30,,5899,20,,,0
1500,'4744',533,,5910,20,,,0,20,,5920,20,,,0,59,,5914,20,,,0,16,,5917,20,,,0,17,,5901,20,,,0,56,,5915,20,,,0,16,,5913,20,,,0,16,,5969,20,,,0,14,,5916,20,,,0,12,,5911,20,,,0,51,,5918,20,,,0,11,,5902,20,,,0,11,,5925,20,,,0,11,,5905,20,,,0,11,,5972,2,,,0,51,,5900,20,,,0,11,,5919,20,,,0,12,,5921,20,,,0,11,,5923,20,,,0,14,,5922,20,,,0,55,,5924,20,,,0,15,,5904,20,,,0,15,,5903,20,,,0,15,,5906,20,,,0,55,,5926,20,,,0,15,,5927,20,,,0,15,,5928,20,,,0,15,,5907,20,,,0,55,,5929,20,,,0,15,,5930,20,,,0,15,,5971,20,,,0,15,,5931,20,,,0,55,,5908,20,,,0,15,,5932,20,,,0,15,,5909,20,,,0,15,,5933,20,,,0,55,,5934,20,,,0,16,,5935,20,,,0,15,,5951,20,,,0,15,,5936,20,,,0,55,,5945,20,,,0,13,,5937,20,,,0,15,,5938,20,,,0,15,,5939,20,,,0,55,,5940,20,,,0,15,,5941,20,,,0,15,,5968,20,,,0,15,,5970,20,,,0,55,,5950,20,,,0,15,,5942,20,,,0,14,,5944,20,,,0,16,,5943,20,,,0,54,,5946,20,,,0,15,,5947,20,,,0,17,,5948,20,,,0,15,,5949,20,,,0,55,,5956,20,,,0,14,,5958,20,,,0,14,,5957,20,,,0,20,,5952,20,,,0,60,,5959,20,,,0,20,,5955,20,,,0,20,,5960,20,,,0,60,,5954,20,,,0,20,,5961,20,,,0,20,,5962,20,,,0,60,,5963,20,,,0,25,,5964,20,,,0,70,,5953,20,,,0,30,,5965,20,,,0,70,,5966,20,,,0,30,,5967,20,,,0
1500,'4745',655,,6013,20,,,0,70,,6012,20,,,0,28,,5988,20,,,0,61,,5991,20,,,0,17,,6029,20,,,0,16,,5978,20,,,0,55,,5990,20,,,0,15,,5977,20,,,0,15,,5973,20,,,0,16,,5992,20,,,0,55,,5982,20,,,0,15,,5994,20,,,0,15,,5974,20,,,0,15,,5979,20,,,0,55,,5975,20,,,0,15,,5976,20,,,0,15,,5997,20,,,0,15,,5986,20,,,0,55,,5995,20,,,0,15,,5983,20,,,0,15,,5985,20,,,0,15,,5980,20,,,0,55,,5981,20,,,0,15,,5998,20,,,0,15,,5987,20,,,0,16,,5999,20,,,0,55,,5984,20,,,0,14,,6000,20,,,0,15,,6001,20,,,0,15,,5996,20,,,0,55,,6011,20,,,0,15,,6007,20,,,0,15,,6005,20,,,0,15,,6003,20,,,0,55,,6008,20,,,0,15,,6010,20,,,0,15,,6004,20,,,0,15,,6006,20,,,0,55,,6009,20,,,0,14,,6002,20,,,0,15,,5989,20,,,0,15,,5993,20,,,0,55,,6017,20,,,0,15,,6016,20,,,0,15,,6015,20,,,0,14,,6019,20,,,0,55,,6024,20,,,0,20,,6021,20,,,0,20,,6014,20,,,0,60,,6020,20,,,0,19,,6023,20,,,0,27,,6022,20,,,0,69,,6018,20,,,0,30,,6025,20,,,0,70,,6026,20,,,0,29,,6028,20,,,0,70,,6027,20,,,0
1500,'4947',533,,6040,20,,,0,20,,6050,20,,,0,59,,6044,20,,,0,16,,6047,20,,,0,17,,6031,20,,,0,56,,6045,20,,,0,16,,6043,20,,,0,16,,6099,20,,,0,14,,6046,20,,,0,12,,6041,20,,,0,51,,6048,20,,,0,11,,6032,20,,,0,11,,6055,20,,,0,11,,6035,20,,,0,11,,6102,2,,,0,51,,6030,20,,,0,11,,6049,20,,,0,12,,6051,20,,,0,11,,6053,20,,,0,14,,6052,20,,,0,55,,6054,20,,,0,15,,6034,20,,,0,15,,6033,20,,,0,15,,6036,20,,,0,55,,6056,20,,,0,15,,6057,20,,,0,15,,6058,20,,,0,15,,6037,20,,,0,55,,6059,20,,,0,15,,6060,20,,,0,15,,6101,20,,,0,15,,6061,20,,,0,55,,6038,20,,,0,15,,6062,20,,,0,15,,6039,20,,,0,15,,6063,20,,,0,55,,6064,20,,,0,16,,6065,20,,,0,15,,6081,20,,,0,15,,6066,20,,,0,55,,6075,20,,,0,13,,6067,20,,,0,15,,6068,20,,,0,15,,6069,20,,,0,55,,6070,20,,,0,15,,6071,20,,,0,15,,6098,20,,,0,15,,6100,20,,,0,55,,6080,20,,,0,15,,6072,20,,,0,14,,6074,20,,,0,16,,6073,20,,,0,54,,6076,20,,,0,15,,6077,20,,,0,17,,6078,20,,,0,15,,6079,20,,,0,55,,6086,20,,,0,14,,6088,20,,,0,14,,6087,20,,,0,20,,6082,20,,,0,60,,6089,20,,,0,20,,6085,20,,,0,20,,6090,20,,,0,60,,6084,20,,,0,20,,6091,20,,,0,20,,6092,20,,,0,60,,6093,20,,,0,25,,6094,20,,,0,70,,6083,20,,,0,30,,6095,20,,,0,70,,6096,20,,,0,30,,6097,20,,,0
1500,'4954',655,,6143,20,,,0,70,,6142,20,,,0,28,,6118,20,,,0,61,,6121,20,,,0,17,,6159,20,,,0,16,,6108,20,,,0,55,,6120,20,,,0,15,,6107,20,,,0,15,,6103,20,,,0,16,,6122,20,,,0,55,,6112,20,,,0,15,,6124,20,,,0,15,,6104,20,,,0,15,,6109,20,,,0,55,,6105,20,,,0,15,,6106,20,,,0,15,,6127,20,,,0,15,,6116,20,,,0,55,,6125,20,,,0,15,,6113,20,,,0,15,,6115,20,,,0,15,,6110,20,,,0,55,,6111,20,,,0,15,,6128,20,,,0,15,,6117,20,,,0,16,,6129,20,,,0,55,,6114,20,,,0,14,,6130,20,,,0,15,,6131,20,,,0,15,,6126,20,,,0,55,,6141,20,,,0,15,,6137,20,,,0,15,,6135,20,,,0,15,,6133,20,,,0,55,,6138,20,,,0,15,,6140,20,,,0,15,,6134,20,,,0,15,,6136,20,,,0,55,,6139,20,,,0,14,,6132,20,,,0,15,,6119,20,,,0,15,,6123,20,,,0,55,,6147,20,,,0,15,,6146,20,,,0,15,,6145,20,,,0,14,,6149,20,,,0,55,,6154,20,,,0,20,,6151,20,,,0,20,,6144,20,,,0,60,,6150,20,,,0,19,,6153,20,,,0,27,,6152,20,,,0,69,,6148,20,,,0,30,,6155,20,,,0,70,,6156,20,,,0,29,,6158,20,,,0,70,,6157,20,,,0
2201,'4487',737,,7370,42,,,0,79,,7381,42,,,0,29,,7366,42,,,0,69,,7360,42,,,0,31,,7369,42,,,0,70,,7382,42,,,0,30,,7365,42,,,0,69,,7364,42,,,0,31,,7367,42,,,0,69,,7362,42,,,0,28,,7386,42,,,0,70,,7363,42,,,0,29,,7368,42,,,0,70,,7361,42,,,0,30,,7374,42,,,0,70,,7385,42,,,0,29,,7376,42,,,0,71,,7372,42,,,0,31,,7375,42,,,0,74,,7377,42,,,0,31,,7373,42,,,0,71,,7371,42,,,0,30,,7379,42,,,0,71,,7378,42,,,0,27,,7384,42,,,0,68,,7380,42,,,0,31,,7387,42,,,0,70,,7383,42,,,0
2201,'4737',620,,7406,49,,,0,30,,7396,49,,,0,90,,7390,42,,,0,67,,7395,55,,,0,32,,7407,55,,,0,71,,7397,55,,,0,100,,7391,55,,,0,30,,7394,55,,,0,70,,7408,55,,,0,98,,7411,55,,,0,30,,7389,42,,,0,69,,7398,42,,,0,100,,7399,42,,,0,32,,7412,42,,,0,102,,7400,42,,,0,71,,7409,42,,,0,30,,7401,42,,,0,97,,7392,42,,,0,76,,7402,42,,,0,98,,7403,42,,,0,31,,7393,42,,,0,101,,7410,42,,,0,71,,7405,42,,,0
2201,'4740',737,,7423,42,,,0,79,,7434,42,,,0,29,,7419,42,,,0,69,,7413,42,,,0,31,,7422,42,,,0,70,,7435,42,,,0,30,,7418,42,,,0,69,,7417,42,,,0,31,,7420,42,,,0,69,,7415,42,,,0,28,,7439,42,,,0,70,,7416,42,,,0,29,,7421,42,,,0,70,,7414,42,,,0,30,,7427,42,,,0,70,,7438,42,,,0,29,,7429,42,,,0,71,,7425,42,,,0,31,,7428,42,,,0,74,,7430,42,,,0,31,,7426,42,,,0,71,,7424,42,,,0,30,,7432,42,,,0,71,,7431,42,,,0,27,,7437,42,,,0,68,,7433,42,,,0,31,,7440,42,,,0,70,,7436,42,,,0
2201,'4744',620,,7459,49,,,0,30,,7449,49,,,0,90,,7443,42,,,0,67,,7448,55,,,0,32,,7460,55,,,0,71,,7450,55,,,0,100,,7444,55,,,0,30,,7447,55,,,0,70,,7461,55,,,0,98,,7464,55,,,0,30,,7442,42,,,0,69,,7451,42,,,0,100,,7452,42,,,0,32,,7465,42,,,0,102,,7453,42,,,0,71,,7462,42,,,0,30,,7454,42,,,0,97,,7445,42,,,0,76,,7455,42,,,0,98,,7456,42,,,0,31,,7446,42,,,0,101,,7463,42,,,0,71,,7458,42,,,0
2201,'4745',806,,7474,42,,,0,40,,7475,42,,,0,69,,7466,42,,,0,28,,7467,42,,,0,71,,7477,42,,,0,30,,7476,42,,,0,69,,7468,42,,,0,30,,7470,42,,,0,70,,7471,42,,,0,30,,7469,42,,,0,68,,7473,42,,,0,30,,7472,42,,,0,70,,7479,42,,,0,30,,7480,42,,,0,70,,7478,42,,,0,30,,7482,42,,,0,74,,7481,42,,,0,30,,7484,42,,,0,70,,7483,42,,,0,30,,7485,42,,,0,72,,7486,42,,,0,30,,7487,42,,,0
2201,'4947',620,,7508,49,,,0,30,,7498,49,,,0,90,,7492,42,,,0,67,,7497,55,,,0,32,,7509,55,,,0,71,,7499,55,,,0,100,,7493,55,,,0,30,,7496,55,,,0,70,,7510,55,,,0,98,,7513,55,,,0,30,,7491,42,,,0,69,,7500,42,,,0,100,,7501,42,,,0,32,,7514,42,,,0,102,,7502,42,,,0,71,,7511,42,,,0,30,,7503,42,,,0,97,,7494,42,,,0,76,,7504,42,,,0,98,,7505,42,,,0,31,,7495,42,,,0,101,,7512,42,,,0,71,,7507,42,,,0
2201,'4954',806,,7523,42,,,0,40,,7524,42,,,0,69,,7515,42,,,0,28,,7516,42,,,0,71,,7526,42,,,0,30,,7525,42,,,0,69,,7517,42,,,0,30,,7519,42,,,0,70,,7520,42,,,0,30,,7518,42,,,0,68,,7522,42,,,0,30,,7521,42,,,0,70,,7528,42,,,0,30,,7529,42,,,0,70,,7527,42,,,0,30,,7531,42,,,0,74,,7530,42,,,0,30,,7533,42,,,0,70,,7532,42,,,0,30,,7534,42,,,0,72,,7535,42,,,0,30,,7536,42,,,0
1002201,'4737',721,,17639,43,,,0,218,,17638,43,,,0,200,,17634,43,,,0,198,,17636,30,,,0,174,,17633,30,,,0,200,,17640,30,,,0,132,,17637,30,,,0,172,,17635,30,,,0
1002201,'4744',721,,17648,43,,,0,218,,17647,43,,,0,200,,17643,43,,,0,198,,17645,30,,,0,174,,17642,30,,,0,200,,17649,30,,,0,132,,17646,30,,,0,172,,17644,30,,,0
1002201,'4947',721,,17656,43,,,0,218,,17655,43,,,0,200,,17651,43,,,0,198,,17653,30,,,0,174,,17650,30,,,0,200,,17657,30,,,0,132,,17654,30,,,0,172,,17652,30,,,0
