201,'4332',642,,52889,18,0,46 37,0,158,,52890,18,0,46 37,0,124,,52884,18,0,46 37,0,79,,52877,18,0,46 37,0,97,,52887,18,0,46 37,0,38,,52878,18,0,46 37,0,80,,52870,18,0,46 37,0,38,,52873,18,0,46 37,0,78,,52872,18,0,46 37,0,81,,52882,18,0,46 37,0,40,,52874,18,0,46 37,0,81,,52871,18,0,46 37,0,81,,52875,18,0,46 37,0,36,,52883,18,0,46 37,0,81,,52886,18,0,46 37,0,81,,52885,18,0,46 37,0,37,,52888,18,0,46 37,0,76,,52879,18,0,46 37,0,80,,52880,18,0,46 37,0,45,,52881,18,0,46 37,0,81,,52894,18,0,46 37,0,81,,52891,18,0,46 37,0,43,,52892,18,0,46 37,0,81,,52893,18,0,46 37,0,76,,52895,18,0,46 37,0
201,'4661',559,,52930,18,0,46 37,0,61,,52922,18,0,46 37,0,26,,52939,18,0,46 37,0,69,,52934,18,0,46 37,0,30,,52923,18,0,46 37,0,70,,52938,18,0,46 37,0,32,,52928,18,0,46 37,0,71,,52924,18,0,46 37,0,33,,52936,18,0,46 37,0,78,,52929,18,0,46 37,0,79,,52925,18,0,46 37,0,39,,52927,18,0,46 37,0,80,,52926,18,0,46 37,0,79,,52935,18,0,46 37,0,40,,52932,18,0,46 37,0,92,,52933,18,0,46 37,0,73,,52931,18,0,46 37,0,37,,52941,18,0,46 37,0,75,,52942,18,0,46 37,0,77,,52940,18,0,46 37,0,37,,52943,18,0,46 37,0,89,,52944,18,0,46 37,0,25,,52946,18,0,46 37,0,82,,52945,18,0,46 37,0,83,,52947,18,0,46 37,0,41,,52948,18,0,46 37,0,78,,52949,18,0,46 37,0,81,,52950,18,0,46 37,0,41,,52952,18,0,46 37,0,81,,52951,18,0,46 37,0,72,,52953,18,0,46 37,0
201,'4663',559,,52843,18,0,46 37,0,61,,52835,18,0,46 37,0,26,,52853,18,0,46 37,0,69,,52847,18,0,46 37,0,30,,52836,18,0,46 37,0,70,,52852,18,0,46 37,0,32,,52841,18,0,46 37,0,71,,52837,18,0,46 37,0,33,,52850,18,0,46 37,0,78,,52842,18,0,46 37,0,79,,52838,18,0,46 37,0,39,,52840,18,0,46 37,0,80,,52839,18,0,46 37,0,79,,52849,18,0,46 37,0,40,,52845,18,0,46 37,0,92,,52846,18,0,46 37,0,73,,52844,18,0,46 37,0,37,,52855,18,0,46 37,0,75,,52856,18,0,46 37,0,77,,52854,18,0,46 37,0,37,,52857,18,0,46 37,0,89,,52858,18,0,46 37,0,25,,52860,18,0,46 37,0,82,,52859,18,0,46 37,0,83,,52861,18,0,46 37,0,41,,52862,18,0,46 37,0,78,,52863,18,0,46 37,0,81,,52864,18,0,46 37,0,41,,52866,18,0,46 37,0,81,,52865,18,0,46 37,0,72,,52867,18,0,46 37,0
201,'5078',629,,52911,18,0,46 37,0,119,,52918,18,0,46 37,0,158,,52912,18,0,46 37,0,135,,52919,18,0,46 37,0,100,,52898,18,0,46 37,0,79,,52909,18,0,46 37,0,39,,52905,18,0,46 37,0,79,,52904,18,0,46 37,0,81,,52900,18,0,46 37,0,40,,52901,18,0,46 37,0,80,,52910,18,0,46 37,0,81,,52906,18,0,46 37,0,36,,52902,18,0,46 37,0,80,,52903,18,0,46 37,0,81,,52907,18,0,46 37,0,37,,52916,18,0,46 37,0,81,,52908,18,0,46 37,0,80,,52915,18,0,46 37,0,41,,52914,18,0,46 37,0,80,,52917,18,0,46 37,0,81,,52913,18,0,46 37,0,42,,52920,18,0,46 37,0,81,,52921,18,0,46 37,0
501,'4332',721,,53806,13,,,0,120,,53808,13,,,0,103,,53805,13,,,0,79,,53799,13,,,0,96,,53807,13,,,0,39,,53798,13,,,0,79,,53814,13,,,0,78,,53803,13,,,0,38,,53804,13,,,0,82,,53801,13,,,0,80,,53802,13,,,0,41,,53812,13,,,0,82,,53815,13,,,0,75,,53811,13,,,0,42,,53813,13,,,0,77,,53817,13,,,0,75,,53816,13,,,0,41,,53809,13,,,0,85,,53810,13,,,0
501,'4661',631,,53838,13,,,0,71,,53843,13,,,0,27,,53835,13,,,0,71,,53837,13,,,0,31,,53841,13,,,0,73,,53836,13,,,0,30,,53839,13,,,0,77,,53842,13,,,0,39,,53840,13,,,0,78,,53850,13,,,0,79,,53845,13,,,0,40,,53846,13,,,0,79,,53844,13,,,0,94,,53847,13,,,0,36,,53849,13,,,0,73,,53848,13,,,0,77,,53851,13,,,0,35,,53855,13,,,0,76,,53853,13,,,0,83,,53854,13,,,0,111,,53852,13,,,0,43,,53856,13,,,0,82,,53857,13,,,0
501,'4663',631,,53778,13,,,0,71,,53783,13,,,0,27,,53775,13,,,0,71,,53777,13,,,0,31,,53781,13,,,0,73,,53776,13,,,0,30,,53779,13,,,0,77,,53782,13,,,0,39,,53780,13,,,0,78,,53790,13,,,0,79,,53785,13,,,0,40,,53786,13,,,0,79,,53784,13,,,0,94,,53787,13,,,0,36,,53789,13,,,0,73,,53788,13,,,0,77,,53791,13,,,0,35,,53795,13,,,0,76,,53793,13,,,0,83,,53794,13,,,0,111,,53792,13,,,0,43,,53796,13,,,0,82,,53797,13,,,0
501,'5078',709,,53832,13,,,0,118,,53831,13,,,0,117,,53830,13,,,0,79,,53824,13,,,0,98,,53827,13,,,0,79,,53823,13,,,0,40,,53819,13,,,0,78,,53818,13,,,0,41,,53834,13,,,0,80,,53826,13,,,0,80,,53822,13,,,0,40,,53821,13,,,0,82,,53820,13,,,0,75,,53833,13,,,0,40,,53828,13,,,0,76,,53825,13,,,0,83,,53829,13,,,0
801,'4332',720,,54679,9,0,8 9,0,85,,54680,9,0,8 9,0,45,,54681,9,0,8 9,0,86,,54682,9,0,8 9,0,85,,54683,9,0,8 9,0,90,,54684,9,0,8 9,0,48,,54685,9,0,8 9,0,91,,54686,9,0,8 9,0,92,,54678,9,0,8 9,0,90,,54687,9,0,8 9,0,92,,54688,9,0,8 9,0,90,,54689,9,0,8 9,0,91,,54690,9,0,8 9,0,47,,54691,9,0,8 9,0,84,,54692,9,0,8 9,0
801,'4661',643,,54705,9,,,0,76,,54706,9,,,0,24,,54707,9,,,0,64,,54708,9,,,0,35,,54709,9,,,0,87,,54704,9,,,0,83,,54710,9,,,0,32,,54726,9,,,0,82,,54711,9,,,0,84,,54712,9,,,0,39,,54713,9,,,0,85,,54714,9,,,0,87,,54715,9,,,0,26,,54716,9,0,8 9,0,57,,54717,9,,,0,32,,54727,9,,,0,74,,54718,9,,,0,37,,54719,9,,,0,84,,54720,9,,,0,72,,54728,9,,,0,32,,54721,9,,,0,74,,54722,9,,,0,47,,54723,9,,,0,97,,54724,9,,,0,85,,54725,9,,,0
801,'4663',643,,54654,9,,,0,76,,54655,9,,,0,24,,54656,9,,,0,64,,54657,9,,,0,35,,54658,9,,,0,87,,54653,9,,,0,83,,54659,9,,,0,32,,54675,9,,,0,82,,54660,9,,,0,84,,54661,9,,,0,39,,54662,9,,,0,85,,54663,9,,,0,87,,54664,9,,,0,26,,54665,9,0,8 9,0,57,,54666,9,,,0,32,,54676,9,,,0,74,,54667,9,,,0,37,,54668,9,,,0,84,,54669,9,,,0,72,,54677,9,,,0,32,,54670,9,,,0,74,,54671,9,,,0,47,,54672,9,,,0,97,,54673,9,,,0,85,,54674,9,,,0
801,'5078',936,,54694,9,0,8 9,0,85,,54695,9,0,8 9,0,90,,54696,9,0,8 9,0,48,,54697,9,0,8 9,0,90,,54693,9,0,8 9,0,92,,54698,9,0,8 9,0,91,,54699,9,0,8 9,0,92,,54700,9,0,8 9,0,90,,54701,9,0,8 9,0,91,,54702,9,0,8 9,0,47,,54703,9,0,8 9,0
