4801,'4661',1722,,59635,54,,,0,26,,59636,54,,,0,71,,59637,54,,,0
4801,'4663',1722,,59629,54,,,0,26,,59630,54,,,0,71,,59631,54,,,0
5201,'4332',700,,59895,32,,,0,31,,59905,32,,,0,70,,59903,32,,,0,32,,59886,32,,,0,70,,59893,32,,,0,30,,59912,32,,,0,70,,59890,32,,,0,31,,59887,32,,,0,70,,59894,32,,,0,30,,59913,32,,,0,71,,59891,32,,,0,31,,59888,32,,,0,75,,59897,32,,,0,30,,59915,32,,,0,75,,59892,32,,,0,35,,59902,32,,,0,75,,59896,32,,,0,30,,59914,32,,,0,70,,59889,32,,,0,30,,59900,32,,,0,64,,59908,32,,,0,25,,59899,32,,,0,64,,59904,32,,,0,25,,59901,32,,,0,70,,59898,32,,,0,28,,59911,32,,,0,72,,59906,32,,,0,30,,59910,32,,,0,70,,59907,32,,,0,25,,59909,32,0,38 3 39 49,0,30,,59916,32,,,0,143,,59917,32,,,0,99,,59918,32,,,0
5201,'4661',518,,59949,32,,,0,36,,59946,32,,,0,78,,59953,32,,,0,78,,59948,32,,,0,27,,59959,32,,,0,69,,59947,32,,,0,33,,59965,32,,,0,64,,59954,32,,,0,34,,59950,32,,,0,75,,59951,32,,,0,29,,59963,32,,,0,70,,59955,32,,,0,28,,59952,32,,,0,75,,59956,32,,,0,34,,59964,32,,,0,71,,59957,32,,,0,30,,59958,32,,,0,70,,59978,32,,,0,31,,59960,32,,,0,60,,59984,32,0,38 3 39 49,0,8,,59966,32,,,0,25,,59983,17,0,30 14,0,3,,59961,32,,,0,73,,59962,32,,,0,37,,59979,32,,,0,62,,59967,32,,,0,25,,59968,32,,,0,62,,59969,32,,,0,30,,59970,32,,,0,69,,59980,32,,,0,30,,59971,32,,,0,73,,59972,32,,,0,28,,59974,32,,,0,68,,59982,32,,,0,26,,59975,32,0,38 3 39 49,0,75,,59976,32,,,0,97,,59981,32,,,0,99,,59977,32,,,0
5201,'4663',518,,59850,32,,,0,36,,59847,32,,,0,78,,59854,32,,,0,78,,59849,32,,,0,27,,59860,32,,,0,69,,59848,32,,,0,33,,59866,32,,,0,64,,59855,32,,,0,34,,59851,32,,,0,75,,59852,32,,,0,29,,59864,32,,,0,70,,59856,32,,,0,28,,59853,32,,,0,75,,59857,32,,,0,34,,59865,32,,,0,71,,59858,32,,,0,30,,59859,32,,,0,70,,59879,32,,,0,26,,59884,17,0,30 14,0,5,,59861,32,,,0,60,,59885,32,0,38 3 39 49,0,8,,59867,32,,,0,28,,59862,32,,,0,73,,59863,32,,,0,37,,59880,32,,,0,62,,59868,32,,,0,25,,59869,32,,,0,62,,59870,32,,,0,30,,59871,32,,,0,69,,59881,32,,,0,30,,59872,32,,,0,73,,59873,32,,,0,28,,59875,32,,,0,68,,59883,32,,,0,26,,59876,32,0,38 3 39 49,0,75,,59877,32,,,0,97,,59882,32,,,0,99,,59878,32,,,0
5201,'5078',731,,59924,32,,,0,70,,59940,32,,,0,30,,59932,32,,,0,71,,59920,32,,,0,30,,59927,32,,,0,71,,59934,32,,,0,31,,59929,32,,,0,70,,59921,32,,,0,30,,59926,32,,,0,70,,59935,32,,,0,30,,59931,32,,,0,75,,59919,32,,,0,30,,59925,32,,,0,75,,59938,32,,,0,35,,59930,32,,,0,75,,59945,32,,,0,30,,59923,32,,,0,70,,59937,32,,,0,30,,59928,32,,,0,70,,59933,32,,,0,29,,59922,32,,,0,70,,59936,32,,,0,79,,59939,32,,,0,100,,59941,32,,,0,100,,59942,32,,,0,100,,59943,32,,,0,99,,59944,32,,,0
5500,'4332',818,,60139,30,,,0,201,,60135,30,,,0,213,,60136,30,,,0,204,,60137,30,,,0,211,,60138,30,,,0,209,,60134,30,,,0,264,,60133,30,,,0
5500,'4661',623,,60147,30,,,0,132,,60149,30,,,0,173,,60148,30,,,0,214,,60150,30,,,0,198,,60151,30,,,0,174,,60152,30,,,0,106,,60153,30,,,0,182,,60154,30,,,0,148,,60155,30,,,0,198,,60156,30,,,0
5500,'4663',623,,60123,30,,,0,132,,60125,30,,,0,173,,60124,30,,,0,214,,60126,30,,,0,198,,60127,30,,,0,174,,60128,30,,,0,106,,60129,30,,,0,182,,60130,30,,,0,148,,60131,30,,,0,198,,60132,30,,,0
5500,'5078',816,,60140,30,,,0,202,,60143,30,,,0,214,,60142,30,,,0,205,,60141,30,,,0,210,,60145,30,,,0,208,,60146,30,,,0,263,,60144,30,,,0
5901,'4332',656,,60582,15,,,0,100,,60583,15,,,0,101,,60584,15,,,0,101,,60580,15,,,0,145,,60581,15,,,0,105,,60579,15,,,0,105,,60578,15,,,0,105,,60577,15,,,0,105,,60576,15,,,0,102,,60575,15,,,0,103,,60574,15,,,0,105,,60573,15,,,0,105,,60572,15,,,0,120,,60571,15,,,0
5901,'4661',655,,60599,15,,,0,69,,60607,15,,,0,101,,60600,15,,,0,105,,60601,15,,,0,101,,60602,15,,,0,97,,60603,15,,,0,103,,60604,15,,,0,102,,60605,15,,,0,107,,60606,15,,,0,99,,60598,15,,,0,85,,60614,15,,,0,84,,60608,15,,,0,42,,60609,15,,,0,81,,60613,15,,,0,104,,60610,15,,,0,105,,60611,15,,,0,114,,60612,15,,,0
5901,'4663',655,,60554,15,,,0,69,,60562,15,,,0,101,,60555,15,,,0,105,,60556,15,,,0,101,,60557,15,,,0,97,,60558,15,,,0,103,,60559,15,,,0,102,,60560,15,,,0,107,,60561,15,,,0,99,,60553,15,,,0,85,,60569,15,,,0,84,,60563,15,,,0,42,,60564,15,,,0,81,,60568,15,,,0,104,,60565,15,,,0,105,,60566,15,,,0,114,,60567,15,,,0
5901,'5078',756,,60586,15,,,0,101,,60585,15,,,0,101,,60587,15,,,0,145,,60589,15,,,0,105,,60588,15,,,0,105,,60592,15,,,0,105,,60593,15,,,0,105,,60591,15,,,0,102,,60590,15,,,0,103,,60596,15,,,0,105,,60595,15,,,0,105,,60597,15,,,0,120,,60594,15,,,0
6100,'4332',654,,60786,31,0,30 14,0,99,,60787,31,0,30 14,0,82,,60785,31,0,30 14,0,98,,60788,31,0,30 14,0,95,,60789,31,0,30 14,0,82,,60790,31,0,30 14,0,35,,60791,31,0,30 14,0,88,,60792,31,0,30 14,0,75,,60793,31,0,30 14,0,35,,60794,31,0,30 14,0,76,,60795,31,0,30 14,0,36,,60796,31,0,30 14,0,77,,60797,31,0,30 14,0,77,,60798,31,0,30 14,0,26,,60799,31,0,30 14,0,78,,60800,31,0,30 14,0,41,,60801,31,0,30 14,0,72,,60802,31,0,30 14,0,31,,60803,31,0,30 14,0,71,,60804,31,0,30 14,0,73,,60805,31,0,30 14,0,43,,60806,31,0,30 14,0,81,,60807,31,0,30 14,0,81,,60808,31,0,30 14,0,103,,60809,31,0,30 14,0,32,,60810,31,0,30 14,0,100,,60811,31,0,30 14,0,77,,60812,31,0,30,0,99,,60813,31,0,30,0
6100,'4661',541,,60837,49,,,0,77,,60835,49,,,0,14,,60838,49,,,0,20,,60839,49,,,0,60,,60841,49,,,0,19,,60845,49,,,0,19,,60852,49,,,0,69,,60854,49,,,0,18,,60847,31,0,30 14,0,80,,60836,31,0,30 14,0,36,,60840,31,0,30 14,0,64,,60851,31,0,30 14,0,36,,60843,31,0,30 14,0,88,,60842,31,0,30 14,0,76,,60849,31,0,30 14,0,35,,60844,31,0,30 14,0,74,,60846,31,0,30 14,0,79,,60853,31,0,30 14,0,30,,60848,31,0,30 14,0,80,,60850,31,0,30 14,0,33,,60855,31,0,30 14,0,82,,60856,31,0,30 14,0,26,,60858,31,0,30 14,0,79,,60862,31,0,30 14,0,69,,60857,31,0,30 14,0,53,,60861,31,0,30 14,0,72,,60863,31,0,30 14,0,30,,60859,31,0,30 14,0,70,,60860,31,0,30 14,0,95,,60864,31,0,30 14,0,81,,60865,31,0,30 14,0,104,,60866,31,0,30 14,0,32,,60867,31,0,30 14,0,100,,60868,31,0,30 14,0,74,,60869,31,0,30 14,0
6100,'4663',541,,60746,49,,,0,77,,60744,49,,,0,14,,60747,49,,,0,20,,60748,49,,,0,60,,60750,49,,,0,19,,60754,49,,,0,19,,60761,49,,,0,69,,60763,49,,,0,18,,60756,31,0,30 14,0,80,,60745,31,0,30 14,0,36,,60749,31,0,30 14,0,64,,60760,31,0,30 14,0,36,,60752,31,0,30 14,0,88,,60751,31,0,30 14,0,76,,60758,31,0,30 14,0,35,,60753,31,0,30 14,0,74,,60755,31,0,30 14,0,79,,60762,31,0,30 14,0,30,,60757,31,0,30 14,0,68,,60781,31,0,30 14,0,12,,60759,31,0,30 14,0,33,,60764,31,0,30 14,0,82,,60765,31,0,30 14,0,26,,60768,31,0,30 14,0,79,,60772,31,0,30 14,0,69,,60767,31,0,30 14,0,25,,60766,31,0,30 14,0,28,,60771,31,0,30 14,0,72,,60773,31,0,30 14,0,30,,60769,31,0,30 14,0,70,,60770,31,0,30 14,0,95,,60774,31,0,30 14,0,81,,60775,31,0,30 14,0,104,,60777,31,0,30 14,0,32,,60778,31,0,30 14,0,100,,60779,31,0,30 14,0,74,,60780,31,0,30 14,0,100,,60776,31,0,30,0
6100,'4682',1829,,60871,31,0,30 14,0
6100,'5078',657,,60814,31,0,30 14,0,144,,60815,31,0,30 14,0,43,,60816,31,0,30 14,0,96,,60817,31,0,30 14,0,83,,60818,31,0,30 14,0,86,,60819,31,0,30 14,0,97,,60820,31,0,30 14,0,43,,60821,31,0,30 14,0,101,,60822,31,0,30 14,0,93,,60823,31,0,30 14,0,103,,60824,31,0,30 14,0,78,,60825,31,0,30 14,0,102,,60826,31,0,30 14,0,86,,60827,31,0,30 14,0,103,,60828,31,0,30 14,0,86,,60829,31,0,30 14,0,46,,60830,31,0,30 14,0,101,,60831,31,0,30 14,0,92,,60832,31,0,30 14,0,101,,60833,31,0,30 14,0,74,,60834,31,0,30,0
6100,'5387',1829,,60870,31,0,30 14,0
6400,'4661',740,,61012,56,,,0,507,,61014,87,,,0,580,,61016,72,,,0
6400,'4663',740,,61005,56,,,0,507,,61007,87,,,0,580,,61009,72,,,0
