7201,'4332',622,,61424,31,,,0,103,,61394,31,,,0,99,,61395,31,,,0,33,,61396,31,,,0,71,,61397,31,,,0,30,,61398,31,,,0,71,,61399,31,,,0,29,,61400,31,,,0,71,,61401,31,,,0,30,,61402,31,,,0,70,,61393,31,,,0,30,,61403,31,,,0,70,,61404,31,,,0,71,,61405,31,,,0,34,,61406,31,,,0,71,,61407,31,,,0,29,,61408,31,,,0,71,,61409,31,,,0,29,,61410,31,,,0,66,,61411,31,,,0,28,,61412,31,,,0,30,,61413,31,,,0,69,,61414,31,,,0,30,,61415,31,,,0,69,,61416,31,,,0,30,,61417,31,,,0,71,,61418,31,,,0,29,,61419,31,,,0,70,,61420,31,,,0,101,,61421,31,,,0,98,,61422,31,,,0,99,,61423,31,,,0
7201,'4663',555,,61381,31,,,0,80,,61371,31,,,0,70,,61382,31,,,0,32,,61373,31,,,0,72,,61357,31,,,0,21,,61359,31,,,0,27,,61380,31,,,0,70,,61386,31,,,0,30,,61364,31,,,0,70,,61379,31,,,0,30,,61372,31,,,0,73,,61354,31,,,0,70,,61383,31,,,0,30,,61370,31,,,0,71,,61363,31,,,0,30,,61355,31,,,0,70,,61356,31,,,0,34,,61358,31,,,0,68,,61362,31,,,0,30,,61387,31,,,0,15,,61360,27,0,13 14,0,56,,61361,31,,,0,27,,61365,31,,,0,70,,61369,31,,,0,31,,61367,31,,,0,70,,61368,31,,,0,28,,61366,31,,,0,70,,61388,31,,,0,29,,61375,31,,,0,30,,61376,31,,,0,70,,61374,31,,,0,30,,61377,31,,,0,70,,61378,31,,,0,97,,61385,31,,,0,99,,61384,31,,,0,99,,61389,31,,,0
7201,'5078',724,,61426,31,,,0,100,,61427,31,,,0,100,,61428,31,,,0,105,,61429,31,,,0,100,,61430,31,,,0,30,,61431,31,,,0,70,,61425,31,,,0,29,,61432,31,,,0,70,,61433,31,,,0,30,,61435,31,,,0,70,,61436,31,,,0,31,,61437,31,,,0,70,,61434,31,,,0,30,,61438,31,,,0,69,,61439,31,,,0,30,,61440,31,,,0,74,,61441,31,,,0,68,,61442,31,,,0,32,,61443,31,,,0,70,,61444,31,,,0,30,,61445,31,,,0,69,,61446,31,,,0,30,,61447,31,,,0,70,,61448,31,,,0,30,,61449,31,,,0,95,,61450,31,,,0,99,,61451,31,,,0
7201,'5355',830,,61391,31,,,0,605,,61390,31,,,0,367,,61392,31,,,0
7201,'5372',555,,46746,31,,,0,80,,46736,31,,,0,70,,46747,31,,,0,32,,46738,31,,,0,72,,46725,31,,,0,48,,46745,31,,,0,70,,46751,31,,,0,30,,46730,31,,,0,70,,46744,31,,,0,30,,46737,31,,,0,73,,46722,31,,,0,70,,46748,31,,,0,30,,46735,31,,,0,71,,46729,31,,,0,30,,46723,31,,,0,70,,46724,31,,,0,102,,46728,31,,,0,30,,46752,31,,,0,15,,46726,27,0,13 14,0,56,,46727,31,,,0,27,,46731,31,,,0,70,,46734,31,,,0,31,,46733,31,,,0,98,,46732,31,,,0,70,,46753,31,,,0,29,,46740,31,,,0,30,,46741,31,,,0,70,,46739,31,,,0,30,,46742,31,,,0,70,,46743,31,,,0,97,,46750,31,,,0,99,,46749,31,,,0,99,,46754,31,,,0
7201,'5374',830,,46792,31,,,0,605,,46791,31,,,0,367,,46793,31,,,0
7201,'5375',830,,46794,31,,,0,602,,46795,31,,,0,370,,46796,31,,,0
7201,'5385',555,,61476,31,,,0,80,,61466,31,,,0,70,,61477,31,,,0,32,,61468,31,,,0,72,,61455,31,,,0,48,,61475,31,,,0,70,,61481,31,,,0,30,,61460,31,,,0,70,,61474,31,,,0,30,,61467,31,,,0,73,,61452,31,,,0,70,,61478,31,,,0,30,,61465,31,,,0,71,,61459,31,,,0,30,,61453,31,,,0,70,,61454,31,,,0,102,,61458,31,,,0,30,,61482,31,,,0,15,,61456,27,0,13 14,0,56,,61457,31,,,0,27,,61461,31,,,0,70,,61464,31,,,0,31,,61463,31,,,0,98,,61462,31,,,0,70,,61483,31,,,0,29,,61470,31,,,0,30,,61471,31,,,0,70,,61469,31,,,0,30,,61472,31,,,0,70,,61473,31,,,0,97,,61480,31,,,0,99,,61479,31,,,0,99,,61484,31,,,0
7201,'5386',830,,61485,31,,,0,602,,61486,31,,,0,370,,61487,31,,,0
8701,'4663',651,,61953,31,,,0,200,,61954,31,,,0,200,,61955,31,,,0,200,,61956,31,,,0,199,,61957,31,,,0,203,,61958,31,,,0
8701,'5372',651,,47432,31,,,0,200,,47433,31,,,0,200,,47434,31,,,0,200,,47435,31,,,0,199,,47436,31,,,0,203,,47437,31,,,0
8701,'5385',651,,61959,31,,,0,200,,61960,31,,,0,200,,61961,31,,,0,200,,61962,31,,,0,199,,61963,31,,,0,203,,61964,31,,,0
