3801,'4623',707,,72340,36,,,0,31,,72344,36,,,0,68,,72342,36,,,0,30,,72343,36,,,0,70,,72341,36,,,0,43,,72348,36,,,0,94,,72345,36,,,0,99,,72346,36,,,0,102,,72347,36,,,0,104,,72349,36,,,0,102,,72350,36,,,0,107,,72356,36,,,0,92,,72353,36,,,0,72,,72359,36,,,0,24,,72351,36,,,0,64,,72352,36,,,0,24,,72357,36,,,0,67,,72354,36,,,0,37,,72360,36,,,0,100,,72355,36,,,0,102,,72358,36,,,0
3801,'5222',707,,72361,36,,,0,31,,72365,36,,,0,68,,72363,36,,,0,30,,72364,36,,,0,70,,72362,36,,,0,43,,72369,36,,,0,94,,72366,36,,,0,99,,72367,36,,,0,102,,72368,36,,,0,104,,72370,36,,,0,102,,72371,36,,,0,107,,72377,36,,,0,92,,72374,36,,,0,72,,72380,36,,,0,24,,72372,36,,,0,64,,72373,36,,,0,24,,72378,36,,,0,67,,72375,36,,,0,37,,72381,36,,,0,100,,72376,36,,,0,102,,72379,36,,,0
4601,'4623',719,,72822,29,,,0,109,,72812,29,,,0,125,,72814,29,,,0,95,,72813,29,,,0,383,,72815,29,,,0,125,,72817,29,,,0,74,,72816,29,,,0,77,,72820,29,,,0,42,,72818,29,,,0,63,,72819,29,,,0,47,,72821,29,,,0
4601,'5222',719,,72833,29,,,0,109,,72823,29,,,0,125,,72825,29,,,0,95,,72824,29,,,0,383,,72826,29,,,0,125,,72828,29,,,0,74,,72827,29,,,0,77,,72831,29,,,0,42,,72829,29,,,0,63,,72830,29,,,0,47,,72832,29,,,0
5200,'4623',501,,72979,15,,,0,31,,72988,15,,,0,71,,72968,15,,,0,18,,72956,15,,,0,22,,72980,15,,,0,61,,72961,15,,,0,27,,72989,15,,,0,74,,72969,15,,,0,27,,72957,15,,,0,68,,72981,15,,,0,33,,72962,15,,,0,26,,72990,15,,,0,70,,72963,15,,,0,75,,72970,15,,,0,32,,72958,15,,,0,71,,72982,15,,,0,29,,72964,15,,,0,78,,72971,15,,,0,34,,72959,15,,,0,71,,72983,15,,,0,30,,72965,15,,,0,73,,72972,15,,,0,31,,72973,15,,,0,71,,72960,15,,,0,28,,72984,15,,,0,69,,72966,15,,,0,35,,72974,15,,,0,69,,72975,15,,,0,76,,72985,15,,,0,28,,72967,15,,,0,29,,72977,15,,,0,69,,72976,15,,,0,31,,72986,15,,,0,95,,72978,15,,,0,100,,72987,15,,,0,103,,72991,15,,,0
5200,'4833',634,,73009,15,,,0,70,,73008,15,,,0,41,,73003,15,,,0,73,,73011,15,,,0,30,,73006,15,,,0,73,,72992,15,,,0,30,,72999,15,,,0,70,,73018,15,,,0,31,,72997,15,,,0,74,,72994,15,,,0,32,,73000,15,,,0,72,,73020,15,,,0,75,,72995,15,,,0,33,,72993,15,,,0,76,,73002,15,,,0,26,,73019,15,,,0,74,,72998,15,,,0,32,,73005,15,,,0,75,,73001,15,,,0,29,,73016,15,,,0,70,,72996,15,,,0,30,,73007,15,,,0,62,,73013,15,,,0,25,,73004,15,,,0,64,,73012,15,,,0,24,,73015,15,,,0,29,,73014,15,,,0,68,,73010,15,,,0,30,,73017,15,,,0,100,,73021,15,,,0,94,,73022,15,,,0,110,,73023,15,,,0
5200,'5015',634,,73041,15,,,0,70,,73040,15,,,0,41,,73035,15,,,0,73,,73043,15,,,0,30,,73038,15,,,0,73,,73024,15,,,0,30,,73031,15,,,0,70,,73050,15,,,0,31,,73029,15,,,0,74,,73026,15,,,0,32,,73032,15,,,0,72,,73052,15,,,0,75,,73027,15,,,0,33,,73025,15,,,0,76,,73034,15,,,0,26,,73051,15,,,0,74,,73030,15,,,0,32,,73037,15,,,0,75,,73033,15,,,0,29,,73048,15,,,0,70,,73028,15,,,0,30,,73039,15,,,0,62,,73045,15,,,0,25,,73036,15,,,0,64,,73044,15,,,0,24,,73047,15,,,0,29,,73046,15,,,0,68,,73042,15,,,0,30,,73049,15,,,0,100,,73053,15,,,0,94,,73054,15,,,0,110,,73055,15,,,0
5200,'5078',704,,59801,15,,,0,32,,59783,15,,,0,80,,59786,15,,,0,30,,59800,15,,,0,72,,59794,15,,,0,31,,59782,15,,,0,71,,59785,15,,,0,31,,59796,15,,,0,71,,59790,15,,,0,31,,59781,15,,,0,73,,59784,15,,,0,30,,59799,15,,,0,71,,59792,15,,,0,78,,59780,15,,,0,29,,59788,15,,,0,74,,59798,15,,,0,35,,59791,15,,,0,73,,59807,15,,,0,29,,59787,15,,,0,70,,59797,15,,,0,28,,59793,15,,,0,70,,59795,15,,,0,29,,59789,15,,,0,69,,59803,15,,,0,39,,59802,15,,,0,100,,59804,15,,,0,99,,59806,15,,,0,108,,59805,15,,,0
5200,'5222',501,,73079,15,,,0,31,,73088,15,,,0,71,,73068,15,,,0,18,,73056,15,,,0,22,,73080,15,,,0,61,,73061,15,,,0,27,,73089,15,,,0,74,,73069,15,,,0,27,,73057,15,,,0,68,,73081,15,,,0,33,,73062,15,,,0,26,,73090,15,,,0,70,,73063,15,,,0,75,,73070,15,,,0,32,,73058,15,,,0,71,,73082,15,,,0,29,,73064,15,,,0,78,,73071,15,,,0,34,,73059,15,,,0,71,,73083,15,,,0,30,,73065,15,,,0,73,,73072,15,,,0,31,,73073,15,,,0,71,,73060,15,,,0,28,,73084,15,,,0,69,,73066,15,,,0,35,,73074,15,,,0,69,,73075,15,,,0,76,,73085,15,,,0,28,,73067,15,,,0,29,,73077,15,,,0,69,,73076,15,,,0,31,,73086,15,,,0,95,,73078,15,,,0,100,,73087,15,,,0,103,,73091,15,,,0
5200,'5365',704,,73113,15,,,0,32,,73095,15,,,0,80,,73098,15,,,0,30,,73112,15,,,0,72,,73106,15,,,0,31,,73094,15,,,0,71,,73097,15,,,0,31,,73108,15,,,0,71,,73102,15,,,0,31,,73093,15,,,0,73,,73096,15,,,0,30,,73111,15,,,0,71,,73104,15,,,0,78,,73092,15,,,0,29,,73100,15,,,0,74,,73110,15,,,0,35,,73103,15,,,0,73,,73119,15,,,0,29,,73099,15,,,0,70,,73109,15,,,0,28,,73105,15,,,0,70,,73107,15,,,0,29,,73101,15,,,0,69,,73115,15,,,0,39,,73114,15,,,0,100,,73116,15,,,0,99,,73118,15,,,0,108,,73117,15,,,0
5200,'5390',704,,73141,15,,,0,32,,73123,15,,,0,80,,73126,15,,,0,30,,73140,15,,,0,72,,73134,15,,,0,31,,73122,15,,,0,71,,73125,15,,,0,31,,73136,15,,,0,71,,73130,15,,,0,31,,73121,15,,,0,73,,73124,15,,,0,30,,73139,15,,,0,71,,73132,15,,,0,78,,73120,15,,,0,29,,73128,15,,,0,74,,73138,15,,,0,35,,73131,15,,,0,73,,73147,15,,,0,29,,73127,15,,,0,70,,73137,15,,,0,28,,73133,15,,,0,70,,73135,15,,,0,29,,73129,15,,,0,69,,73143,15,,,0,39,,73142,15,,,0,100,,73144,15,,,0,99,,73146,15,,,0,108,,73145,15,,,0
5701,'4623',613,,73727,24,,,0,91,,73728,24,,,0,44,,73726,24,,,0,90,,73737,24,,,0,81,,73729,24,,,0,87,,73736,24,,,0,45,,73731,24,,,0,86,,73738,24,,,0,85,,73730,24,,,0,85,,73739,24,,,0,46,,73732,24,,,0,89,,73740,24,,,0,101,,73733,24,,,0,73,,73741,24,,,0,42,,73734,24,,,0,85,,73743,24,,,0,86,,73735,24,,,0,88,,73742,24,,,0,99,,73744,24,,,0,115,,73746,24,,,0,108,,73745,24,,,0
5701,'4833',638,,73758,24,,,0,108,,73748,24,,,0,98,,73759,24,,,0,105,,73762,24,,,0,103,,73760,24,,,0,107,,73761,24,,,0,150,,73747,24,,,0,100,,73753,24,,,0,110,,73757,24,,,0,101,,73754,24,,,0,108,,73749,24,,,0,90,,73751,24,,,0,112,,73755,24,,,0,99,,73756,24,,,0,99,,73752,24,,,0,113,,73750,24,,,0
5701,'5015',638,,73774,24,,,0,108,,73764,24,,,0,98,,73775,24,,,0,105,,73778,24,,,0,103,,73776,24,,,0,107,,73777,24,,,0,150,,73763,24,,,0,100,,73769,24,,,0,110,,73773,24,,,0,101,,73770,24,,,0,108,,73765,24,,,0,90,,73767,24,,,0,112,,73771,24,,,0,99,,73772,24,,,0,99,,73768,24,,,0,113,,73766,24,,,0
5701,'5078',746,,60300,24,,,0,100,,60297,24,,,0,105,,60299,24,,,0,100,,60298,24,,,0,107,,60301,24,,,0,150,,60304,24,,,0,100,,60302,24,,,0,110,,60305,24,,,0,100,,60303,24,,,0,109,,60309,24,,,0,90,,60311,24,,,0,112,,60310,24,,,0,100,,60308,24,,,0,99,,60307,24,,,0,85,,60306,24,,,0
5701,'5222',613,,73780,24,,,0,91,,73781,24,,,0,44,,73779,24,,,0,90,,73790,24,,,0,81,,73782,24,,,0,87,,73789,24,,,0,45,,73784,24,,,0,86,,73791,24,,,0,85,,73783,24,,,0,85,,73792,24,,,0,46,,73785,24,,,0,89,,73793,24,,,0,101,,73786,24,,,0,73,,73794,24,,,0,42,,73787,24,,,0,85,,73796,24,,,0,86,,73788,24,,,0,88,,73795,24,,,0,99,,73797,24,,,0,115,,73799,24,,,0,108,,73798,24,,,0
5701,'5365',746,,73803,24,,,0,100,,73800,24,,,0,105,,73802,24,,,0,100,,73801,24,,,0,107,,73804,24,,,0,150,,73807,24,,,0,100,,73805,24,,,0,110,,73808,24,,,0,100,,73806,24,,,0,109,,73812,24,,,0,90,,73814,24,,,0,112,,73813,24,,,0,100,,73811,24,,,0,99,,73810,24,,,0,85,,73809,24,,,0
5701,'5390',746,,73818,24,,,0,100,,73815,24,,,0,105,,73817,24,,,0,100,,73816,24,,,0,107,,73819,24,,,0,150,,73822,24,,,0,100,,73820,24,,,0,110,,73823,24,,,0,100,,73821,24,,,0,109,,73827,24,,,0,90,,73829,24,,,0,112,,73828,24,,,0,100,,73826,24,,,0,99,,73825,24,,,0,85,,73824,24,,,0
