5500,'4487',813,,12962,20,,,0,201,,12958,20,,,0,212,,12959,20,,,0,205,,12960,20,,,0,211,,12961,20,,,0,209,,12957,20,,,0,264,,12956,20,,,0
5500,'4737',618,,12963,20,,,0,130,,12965,20,,,0,175,,12964,20,,,0,214,,12966,20,,,0,198,,12967,20,,,0,173,,12968,20,,,0,105,,12969,20,,,0,143,,12970,20,,,0,190,,12971,20,,,0,198,,12972,20,,,0
5500,'4740',813,,12979,20,,,0,201,,12975,20,,,0,212,,12976,20,,,0,205,,12977,20,,,0,211,,12978,20,,,0,209,,12974,20,,,0,264,,12973,20,,,0
5500,'4744',618,,12980,20,,,0,130,,12982,20,,,0,175,,12981,20,,,0,214,,12983,20,,,0,198,,12984,20,,,0,173,,12985,20,,,0,105,,12986,20,,,0,143,,12987,20,,,0,190,,12988,20,,,0,198,,12989,20,,,0
5500,'4745',812,,12990,20,,,0,201,,12993,20,,,0,213,,12992,20,,,0,205,,12991,20,,,0,210,,12995,20,,,0,209,,12996,20,,,0,264,,12994,20,,,0
5500,'4947',618,,12997,20,,,0,130,,12999,20,,,0,175,,12998,20,,,0,214,,13000,20,,,0,198,,13001,20,,,0,173,,13002,20,,,0,105,,13003,20,,,0,143,,13004,20,,,0,190,,13005,20,,,0,198,,13006,20,,,0
5500,'4954',812,,13007,20,,,0,201,,13010,20,,,0,213,,13009,20,,,0,205,,13008,20,,,0,210,,13012,20,,,0,209,,13013,20,,,0,264,,13011,20,,,0
6400,'4737',734,,14444,46,,,0,507,,14446,77,,,0,580,,14448,62,,,0
6400,'4744',734,,14451,46,,,0,507,,14453,77,,,0,580,,14455,62,,,0
6400,'4947',734,,14458,46,,,0,507,,14460,77,,,0,580,,14462,62,,,0
