301,'4532',726,,63848,26,,,0,30,,63834,26,,,0,71,,63827,26,,,0,30,,63840,26,,,0,71,,63835,26,,,0,31,,63851,26,,,0,71,,63839,26,,,0,71,,63828,26,,,0,29,,63850,26,,,0,70,,63842,26,,,0,32,,63830,26,,,0,70,,63852,26,,,0,30,,63841,26,,,0,71,,63829,26,,,0,30,,63836,26,,,0,74,,63833,26,,,0,33,,63831,26,,,0,78,,63832,26,,,0,28,,63837,26,,,0,76,,63843,26,,,0,24,,63838,26,,,0,74,,63845,26,,,0,28,,63844,26,,,0,71,,63846,26,,,0,24,,63847,26,,,0,70,,63853,26,,,0,30,,63849,26,,,0,69,,63854,26,,,0
301,'4623',610,,63798,16,,,0,37,,63796,26,,,0,76,,63795,26,,,0,79,,63797,26,,,0,42,,63794,26,,,0,75,,63787,26,,,0,36,,63786,26,,,0,71,,63785,26,,,0,30,,63788,26,,,0,70,,63783,26,,,0,31,,63784,26,,,0,71,,63790,26,,,0,75,,63782,26,,,0,30,,63781,26,,,0,70,,63789,26,,,0,32,,63780,26,,,0,74,,63779,26,,,0,34,,63791,26,,,0,74,,63778,26,,,0,35,,63777,26,,,0,73,,63793,26,,,0,31,,63776,26,,,0,74,,63775,26,,,0,24,,63792,26,,,0,69,,63774,26,,,0,30,,63773,26,,,0,65,,63771,26,,,0,24,,63772,26,,,0,70,,63770,26,,,0
301,'4832',741,,63897,26,,,0,86,,63885,26,,,0,80,,63898,26,,,0,46,,63891,26,,,0,76,,63896,26,,,0,80,,63884,26,,,0,20,,63892,26,,,0,71,,63887,26,,,0,29,,63886,26,,,0,30,,63893,26,,,0,72,,63890,26,,,0,70,,63889,26,,,0,30,,63888,26,,,0,77,,63894,26,,,0,28,,63895,26,,,0,81,,63901,26,,,0,23,,63899,26,,,0,73,,63900,26,,,0,26,,63905,26,,,0,70,,63903,26,,,0,29,,63902,26,,,0,70,,63904,26,,,0,30,,63906,26,,,0,74,,63907,26,,,0
301,'4833',726,,63820,26,,,0,30,,63806,26,,,0,71,,63799,26,,,0,30,,63812,26,,,0,71,,63807,26,,,0,31,,63823,26,,,0,71,,63811,26,,,0,71,,63800,26,,,0,29,,63822,26,,,0,70,,63814,26,,,0,32,,63802,26,,,0,70,,63824,26,,,0,30,,63813,26,,,0,71,,63801,26,,,0,30,,63808,26,,,0,74,,63805,26,,,0,33,,63803,26,,,0,78,,63804,26,,,0,28,,63809,26,,,0,76,,63815,26,,,0,24,,63810,26,,,0,74,,63817,26,,,0,28,,63816,26,,,0,71,,63818,26,,,0,24,,63819,26,,,0,70,,63825,26,,,0,30,,63821,26,,,0,69,,63826,26,,,0
301,'5222',610,,63883,16,,,0,37,,63881,26,,,0,76,,63880,26,,,0,79,,63882,26,,,0,42,,63879,26,,,0,75,,63872,26,,,0,36,,63871,26,,,0,71,,63870,26,,,0,30,,63873,26,,,0,70,,63868,26,,,0,31,,63869,26,,,0,71,,63875,26,,,0,75,,63867,26,,,0,30,,63866,26,,,0,70,,63874,26,,,0,32,,63865,26,,,0,74,,63864,26,,,0,34,,63876,26,,,0,74,,63863,26,,,0,35,,63862,26,,,0,73,,63878,26,,,0,31,,63861,26,,,0,74,,63860,26,,,0,24,,63877,26,,,0,69,,63859,26,,,0,30,,63858,26,,,0,65,,63856,26,,,0,24,,63857,26,,,0,70,,63855,26,,,0
301,'5390',741,,63921,26,,,0,86,,63909,26,,,0,80,,63922,26,,,0,46,,63915,26,,,0,76,,63920,26,,,0,80,,63908,26,,,0,20,,63916,26,,,0,71,,63911,26,,,0,29,,63910,26,,,0,30,,63917,26,,,0,72,,63914,26,,,0,70,,63913,26,,,0,30,,63912,26,,,0,77,,63918,26,,,0,28,,63919,26,,,0,81,,63925,26,,,0,23,,63923,26,,,0,73,,63924,26,,,0,26,,63929,26,,,0,70,,63927,26,,,0,29,,63926,26,,,0,70,,63928,26,,,0,30,,63930,26,,,0,74,,63931,26,,,0
14000701,'4532',2144,,77693,14,,,0,72,,77694,14,,,0,30,,77696,14,,,0,69,,77695,14,,,0,36,,77697,14,,,0,67,,77698,14,,,0
14000701,'4623',2144,,77681,14,,,0,71,,77682,14,,,0,31,,77684,14,,,0,67,,77683,14,,,0,37,,77685,14,,,0,67,,77686,14,,,0
14000701,'4832',2043,,77705,14,,,0,70,,77707,14,,,0,40,,77706,14,,,0,62,,77708,14,,,0,100,,77709,14,,,0,103,,77710,14,,,0
14000701,'4833',2144,,77687,14,,,0,72,,77688,14,,,0,30,,77690,14,,,0,69,,77689,14,,,0,36,,77691,14,,,0,67,,77692,14,,,0
14000701,'5222',2144,,77699,14,,,0,71,,77700,14,,,0,31,,77702,14,,,0,67,,77701,14,,,0,37,,77703,14,,,0,67,,77704,14,,,0
14000701,'5390',2043,,77711,14,,,0,70,,77713,14,,,0,40,,77712,14,,,0,62,,77714,14,,,0,100,,77715,14,,,0,103,,77716,14,,,0
