2801,'4332',647,,58379,12,,,0,73,,58380,12,,,0,30,,58381,12,,,0,69,,58382,12,,,0,28,,58383,12,,,0,67,,58384,12,,,0,27,,58385,12,,,0,67,,58386,12,,,0,27,,58378,12,,,0,23,,58387,12,,,0,62,,58388,12,,,0,23,,58389,12,,,0,62,,58390,12,,,0,23,,58391,12,,,0,22,,58393,12,,,0,62,,58392,12,,,0,23,,58394,12,,,0,24,,58395,12,,,0,62,,58396,12,,,0,22,,58399,12,,,0,60,,58400,12,,,0,21,,58397,12,,,0,21,,58398,12,,,0,61,,58401,12,,,0,20,,58402,12,,,0,20,,58403,12,,,0,61,,58404,12,,,0,19,,58405,12,,,0,21,,58406,12,,,0,60,,58407,12,,,0,20,,58408,12,,,0,19,,58409,12,,,0,59,,58410,12,,,0,23,,58411,12,,,0,26,,58412,12,,,0,68,,58413,12,,,0,30,,58414,12,,,0,70,,58415,12,,,0,29,,58416,12,,,0,70,,58417,12,,,0,31,,58418,12,,,0,73,,58419,12,,,0,30,,58420,12,,,0,69,,58421,12,,,0,30,,58422,12,,,0,70,,58423,12,,,0,27,,58424,12,,,0,70,,58425,12,0,16 49,0,28,,58426,12,0,16 49,0
2801,'4663',552,,58320,12,,,0,66,,58325,12,,,0,24,,58321,12,,,0,62,,58323,12,,,0,11,,58324,12,,,0,12,,58343,12,,,0,13,,58322,12,,,0,13,,58356,12,,,0,51,,58326,12,,,0,13,,58339,12,,,0,12,,58328,12,,,0,22,,58327,12,,,0,60,,58330,12,,,0,23,,58369,12,,,0,23,,58329,12,,,0,66,,58331,12,,,0,26,,58344,12,,,0,66,,58354,12,,,0,27,,58335,12,,,0,67,,58332,12,,,0,25,,58333,12,,,0,67,,58334,12,,,0,26,,58337,12,,,0,27,,58342,12,,,0,67,,58355,12,,,0,24,,58338,12,,,0,64,,58336,12,,,0,22,,58362,12,,,0,75,,58340,12,,,0,32,,58341,12,,,0,71,,58363,12,,,0,31,,58357,12,,,0,69,,58364,12,0,31 49,0,30,,58345,12,0,31 49,0,16,,58365,12,0,31 49,0,57,,58347,12,,,0,22,,58346,12,,,0,25,,58348,12,,,0,67,,58349,12,,,0,29,,58350,12,,,0,68,,58351,12,,,0,29,,58352,12,,,0,69,,58353,12,,,0,30,,58359,12,,,0,79,,58360,12,,,0,78,,58358,12,,,0,40,,58361,12,,,0,79,,58366,12,,,0,79,,58368,12,0,16 49,0,39,,58367,12,0,16 49,0
2801,'5078',626,,58428,12,,,0,96,,58429,12,,,0,30,,58430,12,,,0,70,,58431,12,,,0,30,,58427,12,,,0,70,,58432,12,,,0,31,,58433,12,,,0,68,,58434,12,,,0,27,,58435,12,,,0,67,,58436,12,,,0,26,,58437,12,,,0,65,,58438,12,,,0,24,,58439,12,,,0,23,,58440,12,,,0,63,,58441,12,,,0,23,,58442,12,,,0,64,,58443,12,,,0,23,,58444,12,,,0,23,,58445,12,,,0,62,,58446,12,,,0,23,,58447,12,,,0,22,,58448,12,,,0,63,,58449,12,,,0,23,,58450,12,,,0,63,,58451,12,,,0,23,,58452,12,,,0,23,,58453,12,,,0,63,,58454,12,,,0,24,,58455,12,,,0,65,,58456,12,,,0,25,,58457,12,,,0,26,,58458,12,,,0,69,,58459,12,,,0,29,,58460,12,,,0,70,,58461,12,,,0,31,,58462,12,,,0,80,,58463,12,,,0,80,,58464,12,,,0,45,,58465,12,,,0
2801,'5372',552,,43168,12,,,0,66,,58371,12,,,0,24,,43169,12,,,0,62,,43171,12,,,0,11,,43172,12,,,0,12,,43190,12,,,0,13,,58370,12,,,0,13,,43203,12,,,0,51,,43174,12,,,0,13,,43187,12,,,0,12,,43176,12,,,0,22,,43175,12,,,0,60,,58372,12,,,0,23,,43213,12,,,0,23,,43177,12,,,0,66,,43179,12,,,0,26,,58375,12,,,0,66,,43201,12,,,0,27,,43183,12,,,0,67,,58373,12,,,0,25,,43181,12,,,0,67,,43182,12,,,0,26,,43185,12,,,0,27,,58374,12,,,0,67,,43202,12,,,0,24,,43186,12,,,0,64,,43184,12,,,0,22,,58376,12,,,0,75,,43188,12,,,0,103,,43210,12,,,0,31,,43204,12,,,0,69,,43211,12,0,31 49,0,30,,43192,12,0,31 49,0,16,,58377,12,0,31 49,0,57,,43194,12,,,0,22,,43193,12,,,0,25,,43195,12,,,0,67,,43196,12,,,0,29,,43197,12,,,0,68,,43198,12,,,0,29,,43199,12,,,0,69,,43200,12,,,0,30,,43206,12,,,0,79,,43207,12,,,0,78,,43205,12,,,0,40,,43208,12,,,0
2801,'5373',1638,,43314,12,,,0
2801,'5385',552,,58466,12,,,0,66,,58471,12,,,0,24,,58467,12,,,0,62,,58469,12,,,0,11,,58470,12,,,0,12,,58488,12,,,0,13,,58468,12,,,0,13,,58501,12,,,0,51,,58472,12,,,0,13,,58485,12,,,0,12,,58474,12,,,0,22,,58473,12,,,0,60,,58476,12,,,0,23,,58511,12,,,0,23,,58475,12,,,0,66,,58477,12,,,0,26,,58489,12,,,0,66,,58499,12,,,0,27,,58481,12,,,0,67,,58478,12,,,0,25,,58479,12,,,0,67,,58480,12,,,0,26,,58483,12,,,0,27,,58487,12,,,0,67,,58500,12,,,0,24,,58484,12,,,0,64,,58482,12,,,0,22,,58507,12,,,0,75,,58486,12,,,0,103,,58508,12,,,0,31,,58502,12,,,0,69,,58509,12,0,31 49,0,30,,58490,12,0,31 49,0,16,,58510,12,0,31 49,0,57,,58492,12,,,0,22,,58491,12,,,0,25,,58493,12,,,0,67,,58494,12,,,0,29,,58495,12,,,0,68,,58496,12,,,0,29,,58497,12,,,0,69,,58498,12,,,0,30,,58504,12,,,0,79,,58505,12,,,0,78,,58503,12,,,0,40,,58506,12,,,0
2801,'5387',1638,,58512,12,,,0
2801,'5388',1638,,58513,12,,,0
3900,'4332',719,,59284,17,,,0,127,,59285,17,,,0,101,,59289,17,,,0,101,,59293,17,,,0,100,,59283,17,,,0,100,,59287,17,,,0,100,,59290,17,,,0,100,,59294,17,,,0,100,,59286,17,,,0,100,,59288,17,,,0,100,,59291,17,,,0,99,,59295,17,,,0,99,,59292,17,,,0
3900,'4663',656,,59254,23,,,0,76,,59255,23,,,0,22,,59258,17,,,0,51,,59261,23,,,0,13,,59257,23,,,0,15,,59256,23,,,0,71,,59259,23,,,0,36,,59260,23,,,0,66,,59264,23,,,0,30,,59262,23,,,0,69,,59263,23,,,0,30,,59265,23,,,0,71,,59266,23,,,0,31,,59268,23,,,0,70,,59267,23,,,0,31,,59269,23,,,0,71,,59270,23,,,0,33,,59272,23,,,0,72,,59271,23,,,0,37,,59273,23,,,0,71,,59275,23,,,0,31,,59274,23,,,0,69,,59276,23,,,0,28,,59277,23,,,0,73,,59278,23,,,0,78,,59282,23,,,0,37,,59279,23,,,0,83,,59280,23,,,0,107,,59281,23,,,0
3900,'5078',845,,59297,17,,,0,102,,59296,17,,,0,100,,59298,17,,,0,100,,59300,17,,,0,100,,59299,17,,,0,100,,59304,17,,,0,100,,59301,17,,,0,100,,59302,17,,,0,100,,59303,17,,,0,100,,59305,17,,,0,100,,59306,17,,,0,100,,59307,17,,,0
3900,'5372',656,,50258,23,,,0,76,,44254,23,,,0,22,,44257,17,,,0,51,,44260,23,,,0,13,,44256,23,,,0,15,,44255,23,,,0,71,,44258,23,,,0,36,,44259,23,,,0,66,,44263,23,,,0,30,,44261,23,,,0,69,,44262,23,,,0,30,,44264,23,,,0,71,,44265,23,,,0,31,,44267,23,,,0,70,,44266,23,,,0,31,,44268,23,,,0,71,,44269,23,,,0,33,,50259,23,,,0,72,,44270,23,,,0,37,,44272,23,,,0,71,,44274,23,,,0,31,,44273,23,,,0,69,,44275,23,,,0,28,,44276,23,,,0,73,,44277,23,,,0,78,,44281,23,,,0,37,,44278,23,,,0,83,,44279,23,,,0,107,,44280,23,,,0
3900,'5385',656,,59308,23,,,0,76,,59309,23,,,0,22,,59312,17,,,0,51,,59315,23,,,0,13,,59311,23,,,0,15,,59310,23,,,0,71,,59313,23,,,0,36,,59314,23,,,0,66,,59318,23,,,0,30,,59316,23,,,0,69,,59317,23,,,0,30,,59319,23,,,0,71,,59320,23,,,0,31,,59322,23,,,0,70,,59321,23,,,0,31,,59323,23,,,0,71,,59324,23,,,0,33,,59326,23,,,0,72,,59325,23,,,0,37,,59327,23,,,0,71,,59329,23,,,0,31,,59328,23,,,0,69,,59330,23,,,0,28,,59331,23,,,0,73,,59332,23,,,0,78,,59336,23,,,0,37,,59333,23,,,0,83,,59334,23,,,0,107,,59335,23,,,0
