100,'4737',720,,5,25,,,0,83,,4,25,,,0,724,,3,27,,,0,87,,2,25,,,0,99,,1,25,,,0
100,'4744',720,,10,25,,,0,83,,9,25,,,0,724,,8,27,,,0,87,,7,25,,,0,99,,6,25,,,0
100,'4947',720,,15,25,,,0,83,,14,25,,,0,724,,13,27,,,0,87,,12,25,,,0,99,,11,25,,,0
200,'4487',622,,50,47,,,0,111,,53,47,,,0,124,,51,47,,,0,81,,39,47,,,0,87,,52,47,,,0,80,,37,47,,,0,40,,31,47,,,0,81,,38,47,,,0,80,,32,47,,,0,41,,45,47,,,0,81,,33,47,,,0,81,,36,47,,,0,40,,35,47,,,0,79,,34,47,,,0,80,,49,47,,,0,39,,48,47,,,0,74,,47,47,,,0,80,,41,47,,,0,34,,42,47,,,0,94,,44,47,,,0,80,,43,47,,,0,45,,59,47,,,0,80,,56,47,,,0,80,,55,47,,,0,37,,57,47,,,0,78,,54,47,,,0
200,'4737',617,,77,47,,,0,38,,69,47,,,0,60,,64,47,,,0,33,,78,47,,,0,72,,72,47,,,0,31,,63,47,,,0,71,,76,47,,,0,30,,73,47,,,0,86,,62,47,,,0,78,,65,47,,,0,42,,66,47,,,0,81,,75,47,,,0,80,,68,47,,,0,81,,67,47,,,0,41,,74,47,,,0,79,,70,47,,,0,34,,71,47,,,0,76,,79,47,,,0,77,,80,47,,,0,46,,82,47,,,0,72,,81,47,,,0,79,,86,47,,,0,49,,84,47,,,0,78,,85,47,,,0,82,,90,47,,,0,40,,89,47,,,0,78,,91,47,,,0,78,,92,47,,,0,39,,93,47,,,0,78,,94,47,,,0
200,'4740',622,,116,47,,,0,111,,119,47,,,0,124,,117,47,,,0,81,,105,47,,,0,87,,118,47,,,0,80,,103,47,,,0,40,,97,47,,,0,81,,104,47,,,0,80,,98,47,,,0,41,,111,47,,,0,81,,99,47,,,0,81,,102,47,,,0,40,,101,47,,,0,79,,100,47,,,0,80,,115,47,,,0,39,,114,47,,,0,74,,113,47,,,0,80,,107,47,,,0,34,,108,47,,,0,94,,110,47,,,0,80,,109,47,,,0,45,,125,47,,,0,80,,122,47,,,0,80,,121,47,,,0,37,,123,47,,,0,78,,120,47,,,0
200,'4744',617,,143,47,,,0,38,,135,47,,,0,60,,130,47,,,0,33,,144,47,,,0,72,,138,47,,,0,31,,129,47,,,0,71,,142,47,,,0,30,,139,47,,,0,86,,128,47,,,0,78,,131,47,,,0,42,,132,47,,,0,81,,141,47,,,0,80,,134,47,,,0,81,,133,47,,,0,41,,140,47,,,0,79,,136,47,,,0,34,,137,47,,,0,76,,145,47,,,0,77,,146,47,,,0,46,,148,47,,,0,72,,147,47,,,0,79,,152,47,,,0,49,,150,47,,,0,78,,151,47,,,0,82,,156,47,,,0,40,,155,47,,,0,78,,157,47,,,0,78,,158,47,,,0,39,,159,47,,,0,78,,160,47,,,0
200,'4745',718,,184,47,,,0,122,,183,47,,,0,163,,182,47,,,0,101,,163,47,,,0,41,,181,47,,,0,81,,169,47,,,0,80,,167,47,,,0,40,,162,47,,,0,82,,164,47,,,0,80,,175,47,,,0,40,,170,47,,,0,80,,165,47,,,0,79,,168,47,,,0,39,,166,47,,,0,73,,176,47,,,0,39,,172,47,,,0,94,,177,47,,,0,80,,173,47,,,0,80,,179,47,,,0,38,,180,47,,,0,80,,178,47,,,0,79,,185,47,,,0,39,,186,47,,,0
200,'4947',617,,203,47,,,0,38,,195,47,,,0,60,,190,47,,,0,33,,204,47,,,0,72,,198,47,,,0,31,,189,47,,,0,71,,202,47,,,0,30,,199,47,,,0,86,,188,47,,,0,78,,191,47,,,0,42,,192,47,,,0,81,,201,47,,,0,80,,194,47,,,0,81,,193,47,,,0,41,,200,47,,,0,79,,196,47,,,0,34,,197,47,,,0,76,,205,47,,,0,77,,206,47,,,0,46,,208,47,,,0,72,,207,47,,,0,79,,212,47,,,0,49,,210,47,,,0,78,,211,47,,,0,82,,216,47,,,0,40,,215,47,,,0,78,,217,47,,,0,78,,218,47,,,0,39,,219,47,,,0,78,,220,47,,,0
200,'4954',718,,244,47,,,0,122,,243,47,,,0,163,,242,47,,,0,101,,223,47,,,0,41,,241,47,,,0,81,,229,47,,,0,80,,227,47,,,0,40,,222,47,,,0,82,,224,47,,,0,80,,235,47,,,0,40,,230,47,,,0,80,,225,47,,,0,79,,228,47,,,0,39,,226,47,,,0,73,,236,47,,,0,39,,232,47,,,0,94,,237,47,,,0,80,,233,47,,,0,80,,239,47,,,0,38,,240,47,,,0,80,,238,47,,,0,79,,245,47,,,0,39,,246,47,,,0
