2601,'4332',625,,57529,10,,,0,30,,57530,10,,,0,65,,57531,10,,,0,17,,57532,10,,,0,17,,57533,10,,,0,57,,57534,10,,,0,17,,57535,10,,,0,17,,57536,10,,,0,57,,57537,10,,,0,17,,57538,10,,,0,17,,57539,10,,,0,17,,57540,10,,,0,57,,57541,10,,,0,17,,57542,10,,,0,17,,57543,10,,,0,57,,57544,10,,,0,17,,57545,10,,,0,18,,57528,10,,,0,17,,57546,10,,,0,57,,57547,10,,,0,17,,57548,10,,,0,17,,57549,10,,,0,56,,57550,10,,,0,17,,57551,10,,,0,17,,57552,10,,,0,17,,57553,10,,,0,56,,57554,10,,,0,17,,57555,10,,,0,17,,57556,10,,,0,16,,57557,10,,,0,56,,57558,10,,,0,16,,57559,10,,,0,16,,57560,10,,,0,57,,57561,10,,,0,17,,57562,10,,,0,17,,57563,10,,,0,17,,57564,10,,,0,57,,57565,10,,,0,18,,57566,10,,,0,20,,57567,10,,,0,60,,57568,10,,,0,20,,57569,10,,,0,21,,57570,10,,,0,60,,57571,10,,,0,20,,57572,10,,,0,18,,57573,10,,,0,60,,57574,10,,,0,20,,57575,10,,,0,20,,57576,10,,,0,60,,57577,10,,,0,20,,57578,10,,,0,20,,57579,10,,,0,60,,57580,10,,,0,22,,57581,10,,,0,71,,57582,10,,,0,30,,57583,10,,,0,70,,57584,10,,,0,30,,57585,10,,,0,71,,57586,10,,,0
2601,'4661',558,,57655,10,,,0,62,,57656,10,,,0,17,,57657,10,,,0,14,,57654,10,,,0,55,,57663,10,,,0,16,,57674,10,,,0,15,,57669,10,,,0,12,,57685,10,,,0,57,,57665,10,,,0,15,,57670,10,,,0,11,,57667,10,,,0,15,,57673,10,,,0,55,,57664,10,,,0,14,,57672,10,,,0,15,,57680,10,,,0,15,,57666,10,,,0,55,,57668,10,,,0,15,,57675,10,,,0,15,,57684,10,,,0,15,,57660,10,,,0,55,,57658,10,,,0,15,,57661,10,,,0,14,,57671,10,,,0,14,,57676,10,,,0,15,,57681,10,,,0,55,,57677,10,,,0,15,,57678,10,,,0,15,,57682,10,,,0,56,,57683,10,,,0,15,,57679,10,,,0,14,,57662,10,,,0,12,,57703,10,,,0,13,,57659,10,,,0,53,,57699,10,,,0,14,,57697,10,,,0,14,,57690,10,,,0,10,,57689,10,,,0,55,,57691,10,,,0,15,,57688,10,,,0,15,,57686,10,,,0,15,,57698,10,,,0,14,,57693,10,,,0,55,,57704,10,,,0,15,,57702,10,,,0,16,,57696,10,,,0,14,,57694,10,,,0,55,,57701,10,,,0,15,,57695,10,,,0,14,,57687,10,,,0,15,,57649,10,,,0,55,,57648,10,,,0,16,,57650,10,,,0,15,,57653,10,,,0,15,,57651,10,,,0,55,,57692,10,,,0,15,,57700,10,,,0,20,,57647,10,,,0,60,,57652,10,,,0,39,,57643,10,,,0,60,,57639,10,,,0,20,,57646,10,,,0,30,,57638,10,,,0,71,,57641,10,,,0,72,,57642,10,,,0,30,,57644,10,,,0,69,,57645,10,,,0,31,,57640,10,,,0
2601,'4663',558,,57476,10,,,0,62,,57477,10,,,0,17,,57478,10,,,0,14,,57475,10,,,0,55,,57484,10,,,0,16,,57495,10,,,0,15,,57490,10,,,0,12,,57506,10,,,0,57,,57486,10,,,0,15,,57491,10,,,0,11,,57488,10,,,0,15,,57494,10,,,0,55,,57485,10,,,0,14,,57493,10,,,0,15,,57501,10,,,0,15,,57487,10,,,0,55,,57489,10,,,0,15,,57496,10,,,0,15,,57505,10,,,0,15,,57481,10,,,0,55,,57479,10,,,0,15,,57482,10,,,0,14,,57492,10,,,0,14,,57497,10,,,0,15,,57502,10,,,0,55,,57498,10,,,0,15,,57499,10,,,0,15,,57503,10,,,0,56,,57504,10,,,0,15,,57500,10,,,0,14,,57483,10,,,0,12,,57524,10,,,0,13,,57480,10,,,0,53,,57520,10,,,0,14,,57518,10,,,0,14,,57511,10,,,0,10,,57510,10,,,0,55,,57512,10,,,0,15,,57509,10,,,0,15,,57507,10,,,0,15,,57519,10,,,0,14,,57514,10,,,0,55,,57525,10,,,0,15,,57523,10,,,0,16,,57517,10,,,0,14,,57515,10,,,0,55,,57522,10,,,0,15,,57516,10,,,0,14,,57508,10,,,0,15,,57470,10,,,0,55,,57469,10,,,0,16,,57471,10,,,0,15,,57474,10,,,0,15,,57472,10,,,0,55,,57513,10,,,0,15,,57521,10,,,0,20,,57468,10,,,0,60,,57473,10,,,0,20,,57466,10,,,0,19,,57462,10,,,0,60,,57458,10,,,0,20,,57467,10,,,0,30,,57457,10,,,0,71,,57460,10,,,0,72,,57461,10,,,0,30,,57464,10,,,0,69,,57465,10,,,0,31,,57459,10,,,0,70,,57463,10,,,0
2601,'4682',2029,,57706,10,,,0
2601,'5078',645,,57610,10,,,0,62,,57597,10,,,0,22,,57587,10,,,0,22,,57606,10,,,0,60,,57611,10,,,0,26,,57596,10,,,0,20,,57589,10,,,0,60,,57607,10,,,0,22,,57600,10,,,0,18,,57590,10,,,0,58,,57594,10,,,0,18,,57588,10,,,0,18,,57608,10,,,0,58,,57592,10,,,0,19,,57613,10,,,0,18,,57591,10,,,0,58,,57595,10,,,0,18,,57593,10,,,0,18,,57604,10,,,0,18,,57601,10,,,0,58,,57614,10,,,0,18,,57598,10,,,0,18,,57609,10,,,0,58,,57602,10,,,0,18,,57605,10,,,0,18,,57603,10,,,0,58,,57612,10,,,0,18,,57599,10,,,0,18,,57623,10,,,0,18,,57618,10,,,0,58,,57622,10,,,0,17,,57616,10,,,0,17,,57625,10,,,0,57,,57615,10,,,0,20,,57621,10,,,0,20,,57619,10,,,0,60,,57620,10,,,0,20,,57624,10,,,0,20,,57617,10,,,0,60,,57627,10,,,0,20,,57633,10,,,0,20,,57629,10,,,0,60,,57632,10,,,0,20,,57628,10,,,0,20,,57626,10,,,0,60,,57630,10,,,0,22,,57631,10,,,0,30,,57634,10,,,0,70,,57635,10,,,0,71,,57636,10,,,0,30,,57637,10,,,0
2601,'5387',2029,,57705,10,,,0
4001,'4332',632,,59515,10,,,0,125,,59518,10,,,0,100,,59506,10,,,0,100,,59508,10,,,0,101,,59514,10,,,0,100,,59516,10,,,0,100,,59507,10,,,0,100,,59509,10,,,0,100,,59512,10,,,0,100,,59517,10,,,0,100,,59510,10,,,0,100,,59511,10,,,0,99,,59513,10,,,0,100,,59519,10,,,0,170,,59520,10,,,0
4001,'4661',557,,59548,10,,,0,95,,59542,10,,,0,67,,59550,10,,,0,94,,59536,10,,,0,97,,59546,10,,,0,100,,59537,10,,,0,100,,59545,10,,,0,101,,59538,10,,,0,101,,59547,10,,,0,100,,59539,10,,,0,106,,59549,10,,,0,36,,59534,10,,,0,76,,59541,10,,,0,74,,59535,10,,,0,34,,59552,10,,,0,85,,59540,10,,,0,97,,59551,10,,,0,97,,59543,10,,,0,125,,59544,10,,,0
4001,'4663',557,,59501,10,,,0,95,,59495,10,,,0,67,,59503,10,,,0,94,,59489,10,,,0,97,,59499,10,,,0,100,,59490,10,,,0,100,,59498,10,,,0,101,,59491,10,,,0,101,,59500,10,,,0,100,,59492,10,,,0,106,,59502,10,,,0,36,,59487,10,,,0,76,,59494,10,,,0,74,,59488,10,,,0,34,,59505,10,,,0,85,,59493,10,,,0,97,,59504,10,,,0,97,,59496,10,,,0,125,,59497,10,,,0
4001,'5078',726,,59522,10,,,0,131,,59521,10,,,0,100,,59523,10,,,0,100,,59524,10,,,0,101,,59526,10,,,0,100,,59525,10,,,0,100,,59530,10,,,0,100,,59528,10,,,0,100,,59529,10,,,0,99,,59527,10,,,0,100,,59532,10,,,0,100,,59531,10,,,0,100,,59533,10,,,0
1002601,'4661',1507,,62932,10,,,0,13,,62931,8,,,0
1002601,'4663',1403,,62929,8,,,0,104,,62930,10,,,0
