4801,'4663',1711,,59629,42,,,0,27,,59630,42,,,0,71,,59631,42,,,0
4801,'5372',1711,,59632,42,,,0,27,,59633,42,,,0,71,,59634,42,,,0
4801,'5385',1711,,59635,42,,,0,27,,59636,42,,,0,71,,59637,42,,,0
5201,'4332',653,,59895,20,,,0,71,,59905,20,,,0,30,,59903,20,,,0,71,,59886,20,,,0,30,,59893,20,,,0,70,,59912,20,,,0,30,,59890,20,,,0,71,,59887,20,,,0,30,,59894,20,,,0,70,,59913,20,,,0,30,,59891,20,,,0,71,,59888,20,,,0,75,,59897,20,,,0,30,,59915,20,,,0,75,,59892,20,,,0,35,,59902,20,,,0,75,,59896,20,,,0,30,,59914,20,,,0,70,,59889,20,,,0,30,,59900,20,,,0,65,,59908,20,,,0,25,,59899,20,,,0,64,,59904,20,,,0,25,,59901,20,,,0,30,,59898,20,,,0,69,,59911,20,,,0,32,,59906,20,,,0,70,,59910,20,,,0,30,,59907,20,,,0,65,,59909,20,0,38 3 39 49,0,30,,59916,20,,,0,103,,59917,20,,,0,100,,59918,20,,,0
5201,'4663',512,,59850,20,,,0,35,,59847,20,,,0,78,,59854,20,,,0,78,,59849,20,,,0,25,,59860,20,,,0,28,,59848,20,,,0,73,,59866,20,,,0,24,,59855,20,,,0,75,,59851,20,,,0,75,,59852,20,,,0,29,,59864,20,,,0,70,,59856,20,,,0,28,,59853,20,,,0,75,,59857,20,,,0,34,,59865,20,,,0,70,,59858,20,,,0,30,,59859,20,,,0,70,,59879,20,,,0,25,,59884,5,0,30 14,0,5,,59861,20,,,0,19,,59885,20,0,38 3 39 49,0,50,,59867,20,,,0,27,,59862,20,,,0,74,,59863,20,,,0,38,,59880,20,,,0,63,,59868,20,,,0,25,,59869,20,,,0,22,,59870,20,,,0,70,,59871,20,,,0,29,,59881,20,,,0,70,,59872,20,,,0,33,,59873,20,,,0,69,,59875,20,,,0,28,,59883,20,,,0,66,,59876,20,0,38 3 39 49,0,35,,59877,20,,,0,98,,59882,20,,,0,99,,59878,20,,,0
5201,'5078',724,,59924,20,,,0,30,,59940,20,,,0,70,,59932,20,,,0,31,,59920,20,,,0,70,,59927,20,,,0,30,,59934,20,,,0,71,,59929,20,,,0,30,,59921,20,,,0,70,,59926,20,,,0,30,,59935,20,,,0,70,,59931,20,,,0,75,,59919,20,,,0,30,,59925,20,,,0,75,,59938,20,,,0,35,,59930,20,,,0,75,,59945,20,,,0,30,,59923,20,,,0,70,,59937,20,,,0,30,,59928,20,,,0,70,,59933,20,,,0,30,,59922,20,,,0,70,,59936,20,,,0,39,,59939,20,,,0,100,,59941,20,,,0,100,,59942,20,,,0,100,,59943,20,,,0,100,,59944,20,,,0
5201,'5372',512,,44937,20,,,0,35,,44934,20,,,0,78,,44941,20,,,0,78,,44936,20,,,0,25,,44947,20,,,0,28,,44935,20,,,0,73,,44953,20,,,0,24,,44942,20,,,0,75,,44938,20,,,0,75,,44939,20,,,0,29,,44951,20,,,0,70,,44943,20,,,0,28,,44940,20,,,0,75,,44944,20,,,0,34,,44952,20,,,0,70,,44945,20,,,0,30,,44946,20,,,0,70,,51771,20,,,0,30,,44948,20,,,0,19,,51772,20,0,38 3 39 49,0,50,,44954,20,,,0,23,,44971,5,0,30 14,0,4,,44949,20,,,0,74,,44950,20,,,0,38,,44967,20,,,0,63,,44955,20,,,0,25,,44956,20,,,0,22,,44957,20,,,0,70,,44958,20,,,0,29,,44968,20,,,0,70,,44959,20,,,0,33,,44960,20,,,0,69,,44962,20,,,0,28,,44970,20,,,0,66,,44963,20,0,38 3 39 49,0,35,,44964,20,,,0,98,,44969,20,,,0,99,,44965,20,,,0
5201,'5385',512,,59949,20,,,0,35,,59946,20,,,0,78,,59953,20,,,0,78,,59948,20,,,0,25,,59959,20,,,0,28,,59947,20,,,0,73,,59965,20,,,0,24,,59954,20,,,0,75,,59950,20,,,0,75,,59951,20,,,0,29,,59963,20,,,0,70,,59955,20,,,0,28,,59952,20,,,0,75,,59956,20,,,0,34,,59964,20,,,0,70,,59957,20,,,0,30,,59958,20,,,0,70,,59978,20,,,0,30,,59960,20,,,0,19,,59984,20,0,38 3 39 49,0,50,,59966,20,,,0,23,,59983,5,0,30 14,0,4,,59961,20,,,0,74,,59962,20,,,0,38,,59979,20,,,0,63,,59967,20,,,0,25,,59968,20,,,0,22,,59969,20,,,0,70,,59970,20,,,0,29,,59980,20,,,0,70,,59971,20,,,0,33,,59972,20,,,0,69,,59974,20,,,0,28,,59982,20,,,0,66,,59975,20,0,38 3 39 49,0,35,,59976,20,,,0,98,,59981,20,,,0,99,,59977,20,,,0
5900,'4332',744,,60522,5,,,0,101,,60521,5,,,0,101,,60520,5,,,0,101,,60519,5,,,0,105,,60518,5,,,0,106,,60517,5,,,0,146,,60516,5,,,0,105,,60515,5,,,0,104,,60514,5,,,0,105,,60510,5,,,0,105,,60511,5,,,0,104,,60512,5,,,0,103,,60513,5,,,0,107,,60509,5,,,0
5900,'4663',635,,60495,5,,,0,100,,60496,5,,,0,81,,60492,5,,,0,111,,60493,5,,,0,92,,60494,5,,,0,101,,60497,5,,,0,102,,60498,5,,,0,103,,60499,5,,,0,111,,60500,5,,,0,100,,60501,5,,,0,87,,60502,5,,,0,84,,60503,5,,,0,41,,60508,5,,,0,84,,60504,5,,,0,99,,60505,5,,,0,99,,60506,5,,,0,110,,60507,5,,,0
5900,'5078',744,,60523,5,,,0,100,,60524,5,,,0,101,,60525,5,,,0,101,,60527,5,,,0,106,,60526,5,,,0,105,,60531,5,,,0,145,,60529,5,,,0,107,,60530,5,,,0,105,,60528,5,,,0,105,,60533,5,,,0,103,,60534,5,,,0,105,,60532,5,,,0,103,,60535,5,,,0
5900,'5372',635,,45708,5,,,0,100,,45709,5,,,0,81,,45705,5,,,0,111,,45706,5,,,0,92,,45707,5,,,0,101,,45710,5,,,0,102,,45711,5,,,0,103,,45712,5,,,0,111,,45713,5,,,0,100,,45714,5,,,0,87,,45715,5,,,0,84,,45716,5,,,0,41,,45721,5,,,0,84,,45717,5,,,0,99,,45718,5,,,0,99,,45719,5,,,0,110,,45720,5,,,0
5900,'5385',635,,60539,5,,,0,100,,60540,5,,,0,81,,60536,5,,,0,111,,60537,5,,,0,92,,60538,5,,,0,101,,60541,5,,,0,102,,60542,5,,,0,103,,60543,5,,,0,111,,60544,5,,,0,100,,60545,5,,,0,87,,60546,5,,,0,84,,60547,5,,,0,41,,60552,5,,,0,84,,60548,5,,,0,99,,60549,5,,,0,99,,60550,5,,,0,110,,60551,5,,,0
