4800,'4623',639,,72848,35,,,0,67,,72847,35,,,0,29,,72846,35,,,0
4800,'5222',639,,72851,35,,,0,67,,72850,35,,,0,29,,72849,35,,,0
5200,'4532',654,,73041,47,,,0,70,,73040,47,,,0,81,,73035,47,,,0,35,,73043,47,,,0,72,,73038,47,,,0,33,,73024,47,,,0,70,,73031,47,,,0,30,,73050,47,,,0,72,,73029,47,,,0,35,,73026,47,,,0,73,,73032,47,,,0,32,,73052,47,,,0,75,,73027,47,,,0,73,,73025,47,,,0,36,,73034,47,,,0,66,,73051,47,,,0,34,,73030,47,,,0,72,,73037,47,,,0,35,,73033,47,,,0,68,,73048,47,,,0,30,,73028,47,,,0,69,,73039,47,,,0,22,,73045,47,,,0,64,,73036,47,,,0,24,,73044,47,,,0,24,,73047,47,,,0,68,,73046,47,,,0,28,,73042,47,,,0,70,,73049,47,,,0,100,,73053,47,,,0,93,,73054,47,,,0,108,,73055,47,,,0
5200,'4623',520,,72979,47,,,0,31,,72988,47,,,0,75,,72968,47,,,0,18,,72956,47,,,0,64,,72980,47,,,0,21,,72961,47,,,0,30,,72989,47,,,0,74,,72969,47,,,0,67,,72957,47,,,0,28,,72981,47,,,0,30,,72962,47,,,0,67,,72990,47,,,0,30,,72963,47,,,0,75,,72970,47,,,0,73,,72958,47,,,0,31,,72982,47,,,0,70,,72964,47,,,0,38,,72971,47,,,0,74,,72959,47,,,0,33,,72983,47,,,0,70,,72965,47,,,0,34,,72972,47,,,0,73,,72973,47,,,0,30,,72960,47,,,0,66,,72984,47,,,0,28,,72966,47,,,0,73,,72974,47,,,0,29,,72975,47,,,0,75,,72985,47,,,0,28,,72967,47,,,0,68,,72977,47,,,0,29,,72976,47,,,0,71,,72986,47,,,0,94,,72978,47,,,0,99,,72987,47,,,0,100,,72991,47,,,0
5200,'4832',724,,73113,47,,,0,32,,73095,47,,,0,81,,73098,47,,,0,72,,73112,47,,,0,32,,73106,47,,,0,72,,73094,47,,,0,31,,73097,47,,,0,72,,73108,47,,,0,31,,73102,47,,,0,72,,73093,47,,,0,33,,73096,47,,,0,70,,73111,47,,,0,31,,73104,47,,,0,78,,73092,47,,,0,70,,73100,47,,,0,34,,73110,47,,,0,74,,73103,47,,,0,33,,73119,47,,,0,68,,73099,47,,,0,30,,73109,47,,,0,68,,73105,47,,,0,30,,73107,47,,,0,68,,73101,47,,,0,29,,73115,47,,,0,79,,73114,47,,,0,99,,73116,47,,,0,98,,73118,47,,,0,106,,73117,47,,,0
5200,'4833',654,,73009,47,,,0,70,,73008,47,,,0,81,,73003,47,,,0,35,,73011,47,,,0,72,,73006,47,,,0,33,,72992,47,,,0,70,,72999,47,,,0,30,,73018,47,,,0,72,,72997,47,,,0,35,,72994,47,,,0,73,,73000,47,,,0,32,,73020,47,,,0,75,,72995,47,,,0,73,,72993,47,,,0,36,,73002,47,,,0,66,,73019,47,,,0,34,,72998,47,,,0,72,,73005,47,,,0,35,,73001,47,,,0,68,,73016,47,,,0,30,,72996,47,,,0,69,,73007,47,,,0,22,,73013,47,,,0,64,,73004,47,,,0,24,,73012,47,,,0,24,,73015,47,,,0,68,,73014,47,,,0,28,,73010,47,,,0,70,,73017,47,,,0,100,,73021,47,,,0,93,,73022,47,,,0,108,,73023,47,,,0
5200,'5222',520,,73079,47,,,0,31,,73088,47,,,0,75,,73068,47,,,0,18,,73056,47,,,0,64,,73080,47,,,0,21,,73061,47,,,0,30,,73089,47,,,0,74,,73069,47,,,0,67,,73057,47,,,0,28,,73081,47,,,0,30,,73062,47,,,0,67,,73090,47,,,0,30,,73063,47,,,0,75,,73070,47,,,0,73,,73058,47,,,0,31,,73082,47,,,0,70,,73064,47,,,0,38,,73071,47,,,0,74,,73059,47,,,0,33,,73083,47,,,0,70,,73065,47,,,0,34,,73072,47,,,0,73,,73073,47,,,0,30,,73060,47,,,0,66,,73084,47,,,0,28,,73066,47,,,0,73,,73074,47,,,0,29,,73075,47,,,0,75,,73085,47,,,0,28,,73067,47,,,0,68,,73077,47,,,0,29,,73076,47,,,0,71,,73086,47,,,0,94,,73078,47,,,0,99,,73087,47,,,0,100,,73091,47,,,0
5200,'5390',724,,73141,47,,,0,32,,73123,47,,,0,81,,73126,47,,,0,72,,73140,47,,,0,32,,73134,47,,,0,72,,73122,47,,,0,31,,73125,47,,,0,72,,73136,47,,,0,31,,73130,47,,,0,72,,73121,47,,,0,33,,73124,47,,,0,70,,73139,47,,,0,31,,73132,47,,,0,78,,73120,47,,,0,70,,73128,47,,,0,34,,73138,47,,,0,74,,73131,47,,,0,33,,73147,47,,,0,68,,73127,47,,,0,30,,73137,47,,,0,68,,73133,47,,,0,30,,73135,47,,,0,68,,73129,47,,,0,29,,73143,47,,,0,79,,73142,47,,,0,99,,73144,47,,,0,98,,73146,47,,,0,106,,73145,47,,,0
6100,'4623',546,,74420,55,,,0,80,,74400,55,,,0,15,,74421,55,,,0,62,,74402,55,,,0,24,,74398,55,,,0,20,,74389,55,,,0,57,,74397,55,,,0,28,,74392,55,,,0
6100,'5222',546,,74514,55,,,0,80,,74494,55,,,0,15,,74515,55,,,0,62,,74496,55,,,0,24,,74492,55,,,0,20,,74483,55,,,0,57,,74491,55,,,0,28,,74486,55,,,0
