5501,'4487',848,,13019,26,,,0,211,,13016,26,,,0,246,,13017,26,,,0,206,,13018,26,,,0,209,,13014,26,,,0,204,,13015,26,,,0
5501,'4737',645,,13023,26,,,0,170,,13022,26,,,0,204,,13020,26,,,0,136,,13021,26,,,0,200,,13025,26,,,0,145,,13024,26,,,0,156,,13026,26,,,0,193,,13027,26,,,0,193,,13028,26,,,0
5501,'4740',848,,13034,26,,,0,211,,13031,26,,,0,246,,13032,26,,,0,206,,13033,26,,,0,209,,13029,26,,,0,204,,13030,26,,,0
5501,'4744',645,,13038,26,,,0,170,,13037,26,,,0,204,,13035,26,,,0,136,,13036,26,,,0,200,,13040,26,,,0,145,,13039,26,,,0,156,,13041,26,,,0,193,,13042,26,,,0,193,,13043,26,,,0
5501,'4745',847,,13044,26,,,0,212,,13046,26,,,0,245,,13047,26,,,0,205,,13045,26,,,0,210,,13049,26,,,0,204,,13048,26,,,0
5501,'4947',645,,13053,26,,,0,170,,13052,26,,,0,204,,13050,26,,,0,136,,13051,26,,,0,200,,13055,26,,,0,145,,13054,26,,,0,156,,13056,26,,,0,193,,13057,26,,,0,193,,13058,26,,,0
5501,'4954',847,,13059,26,,,0,212,,13061,26,,,0,245,,13062,26,,,0,205,,13060,26,,,0,210,,13064,26,,,0,204,,13063,26,,,0
6401,'4737',645,,14466,20,,,0,579,,14465,20,,,0,501,,14469,20,0,34 35 36,0
6401,'4744',645,,14473,20,,,0,579,,14472,20,,,0,501,,14476,20,0,34 35 36,0
6401,'4947',645,,14480,20,,,0,579,,14479,20,,,0,501,,14483,20,0,34 35 36,0
