3001,'4332',648,,58669,25,,,0,87,,58670,25,,,0,80,,58671,25,,,0,33,,58668,25,,,0,71,,58672,25,,,0,32,,58673,25,,,0,72,,58674,25,,,0,29,,58675,25,,,0,70,,58676,25,,,0,29,,58677,25,,,0,70,,58678,25,,,0,29,,58679,25,,,0,68,,58680,25,,,0,30,,58681,25,,,0,70,,58682,25,,,0,30,,58683,25,,,0,70,,58684,25,,,0,30,,58685,25,,,0,71,,58686,25,,,0,30,,58687,25,,,0,70,,58688,25,,,0,31,,58689,25,,,0,75,,58690,25,,,0,80,,58691,25,,,0,41,,58692,25,,,0,81,,58693,25,,,0,95,,58694,25,,,0,100,,58695,25,,,0,111,,58696,25,,,0,91,,58697,25,,,0
3001,'4663',620,,58636,25,,,0,31,,58637,25,,,0,74,,58638,25,,,0,28,,58639,25,,,0,70,,58640,25,,,0,33,,58641,25,,,0,67,,58642,25,,,0,30,,58643,25,,,0,69,,58644,25,,,0,31,,58645,25,,,0,70,,58646,25,,,0,30,,58647,25,,,0,72,,58648,25,,,0,30,,58649,25,,,0,70,,58650,25,,,0,32,,58651,25,,,0,70,,58652,25,,,0,31,,58653,25,,,0,73,,58654,25,,,0,72,,58655,25,,,0,32,,58656,25,,,0,72,,58657,25,,,0,34,,58658,25,,,0,68,,58659,25,,,0,28,,58660,25,,,0,76,,58661,25,,,0,39,,58662,25,,,0,78,,58663,25,,,0,94,,58664,25,,,0,99,,58665,25,,,0,108,,58666,25,,,0,90,,58667,25,,,0
3001,'5078',749,,58698,25,,,0,102,,58699,25,,,0,81,,58700,25,,,0,80,,58701,25,,,0,38,,58702,25,,,0,70,,58703,25,,,0,30,,58704,25,,,0,70,,58705,25,,,0,29,,58706,25,,,0,70,,58707,25,,,0,30,,58708,25,,,0,70,,58709,25,,,0,30,,58710,25,,,0,70,,58711,25,,,0,31,,58712,25,,,0,69,,58713,25,,,0,31,,58714,25,,,0,70,,58715,25,,,0,32,,58716,25,,,0,75,,58717,25,,,0,80,,58718,25,,,0,40,,58719,25,,,0,81,,58720,25,,,0,95,,58721,25,,,0,100,,58722,25,,,0,106,,58723,25,,,0,105,,58724,25,,,0
3001,'5372',620,,43541,25,,,0,31,,43542,25,,,0,74,,43543,25,,,0,28,,43544,25,,,0,70,,43545,25,,,0,33,,43546,25,,,0,67,,43547,25,,,0,30,,43548,25,,,0,69,,43549,25,,,0,31,,43550,25,,,0,70,,43551,25,,,0,30,,51691,25,,,0,72,,43553,25,,,0,30,,43554,25,,,0,70,,51692,25,,,0,32,,43556,25,,,0,70,,43557,25,,,0,31,,51693,25,,,0,73,,43559,25,,,0,72,,43560,25,,,0,32,,43561,25,,,0,72,,43562,25,,,0,34,,43563,25,,,0,68,,43564,25,,,0,28,,43565,25,,,0,76,,43566,25,,,0,39,,43567,25,,,0,78,,43568,25,,,0,94,,43569,25,,,0,99,,43570,25,,,0,108,,43571,25,,,0,90,,50198,25,,,0
3001,'5385',620,,58725,25,,,0,31,,58726,25,,,0,74,,58727,25,,,0,28,,58728,25,,,0,70,,58729,25,,,0,33,,58730,25,,,0,67,,58731,25,,,0,30,,58732,25,,,0,69,,58733,25,,,0,31,,58734,25,,,0,70,,58735,25,,,0,30,,58736,25,,,0,72,,58737,25,,,0,30,,58738,25,,,0,70,,58739,25,,,0,32,,58740,25,,,0,70,,58741,25,,,0,31,,58742,25,,,0,73,,58743,25,,,0,72,,58744,25,,,0,32,,58745,25,,,0,72,,58746,25,,,0,34,,58747,25,,,0,68,,58748,25,,,0,28,,58749,25,,,0,76,,58750,25,,,0,39,,58751,25,,,0,78,,58752,25,,,0,94,,58753,25,,,0,99,,58754,25,,,0,108,,58755,25,,,0,90,,58756,25,,,0
3101,'4332',709,,58915,21,,,0,46,,58916,21,,,0,77,,58917,21,,,0,71,,58918,21,,,0,32,,58919,21,,,0,72,,58920,21,,,0,30,,58921,21,,,0,70,,58922,21,,,0,29,,58923,21,,,0,70,,58924,21,,,0,29,,58925,21,,,0,68,,58926,21,,,0,30,,58927,21,,,0,70,,58928,21,,,0,30,,58929,21,,,0,70,,58930,21,,,0,30,,58931,21,,,0,71,,58932,21,,,0,30,,58933,21,,,0,70,,58934,21,,,0,31,,58935,21,,,0,70,,58936,21,,,0,40,,58937,21,,,0,81,,58938,21,,,0,80,,58939,21,,,0,46,,58940,21,,,0,100,,58941,21,,,0,101,,58942,21,,,0,150,,58943,21,,,0,56,,58944,21,0,27 49,0
3101,'4663',600,,58882,21,,,0,36,,58883,21,,,0,74,,58884,21,,,0,28,,58885,21,,,0,70,,58881,21,,,0,30,,58886,21,,,0,70,,58887,21,,,0,30,,58888,21,,,0,69,,58889,21,,,0,30,,58890,21,,,0,69,,58891,21,,,0,32,,58892,21,,,0,71,,58893,21,,,0,31,,58894,21,,,0,70,,58895,21,,,0,31,,58896,21,,,0,71,,58897,21,,,0,29,,58898,21,,,0,73,,58899,21,,,0,32,,58900,21,,,0,71,,58901,21,,,0,35,,58902,21,,,0,72,,58903,21,,,0,30,,58904,21,,,0,69,,58905,21,,,0,29,,58906,21,,,0,82,,58907,21,,,0,74,,58908,21,,,0,46,,58909,21,,,0,100,,58910,21,,,0,99,,58911,21,,,0,101,,58912,21,,,0,105,,58913,21,0,27 49,0
3101,'5078',719,,58946,21,,,0,102,,58947,21,,,0,91,,58948,21,,,0,40,,58949,21,,,0,78,,58945,21,,,0,75,,58950,21,,,0,30,,58951,21,,,0,70,,58952,21,,,0,29,,58953,21,,,0,70,,58954,21,,,0,30,,58955,21,,,0,70,,58956,21,,,0,30,,58957,21,,,0,70,,58958,21,,,0,30,,58959,21,,,0,70,,58960,21,,,0,30,,58961,21,,,0,71,,58962,21,,,0,31,,58963,21,,,0,71,,58964,21,,,0,40,,58965,21,,,0,80,,58966,21,,,0,81,,58967,21,,,0,47,,58968,21,,,0,98,,58969,21,,,0,100,,58970,21,,,0,106,,58971,21,,,0
3101,'5372',600,,58914,21,,,0,36,,43841,21,,,0,74,,43842,21,,,0,28,,43843,21,,,0,70,,43839,21,,,0,30,,43844,21,,,0,70,,43845,21,,,0,30,,43846,21,,,0,69,,43847,21,,,0,30,,43848,21,,,0,69,,43849,21,,,0,32,,43850,21,,,0,71,,43851,21,,,0,31,,43852,21,,,0,70,,51704,21,,,0,31,,43854,21,,,0,71,,43855,21,,,0,29,,51705,21,,,0,73,,43857,21,,,0,32,,51706,21,,,0,71,,43859,21,,,0,35,,43860,21,,,0,72,,51707,21,,,0,30,,43862,21,,,0,69,,43863,21,,,0,29,,43864,21,,,0,82,,43865,21,,,0,74,,43866,21,,,0,46,,43867,21,,,0,100,,43868,21,,,0,99,,43869,21,,,0,101,,43870,21,,,0,105,,43871,21,0,27 49,0
3101,'5385',600,,58973,21,,,0,36,,58974,21,,,0,74,,58975,21,,,0,28,,58976,21,,,0,70,,58972,21,,,0,30,,58977,21,,,0,70,,58978,21,,,0,30,,58979,21,,,0,69,,58980,21,,,0,30,,58981,21,,,0,69,,58982,21,,,0,32,,58983,21,,,0,71,,58984,21,,,0,31,,58985,21,,,0,70,,58986,21,,,0,31,,58987,21,,,0,71,,58988,21,,,0,29,,58989,21,,,0,73,,58990,21,,,0,32,,58991,21,,,0,71,,58992,21,,,0,35,,58993,21,,,0,72,,58994,21,,,0,30,,58995,21,,,0,69,,58996,21,,,0,29,,58997,21,,,0,82,,58998,21,,,0,74,,58999,21,,,0,46,,59000,21,,,0,100,,59001,21,,,0,99,,59002,21,,,0,101,,59003,21,,,0,105,,59004,21,0,27 49,0
3201,'4663',723,,59068,30,,,0,83,,59069,30,,,0
3201,'5372',723,,44063,30,,,0,83,,59085,30,,,0
3201,'5385',723,,59114,30,,,0,83,,59115,30,,,0
4700,'4663',703,,59613,46,,,0,23,,59612,46,,,0,26,,59611,46,,,0
4700,'5372',703,,44662,46,,,0,23,,44661,46,,,0,26,,50317,46,,,0
4700,'5385',703,,59616,46,,,0,23,,59615,46,,,0,26,,59614,46,,,0
4800,'4663',701,,59625,50,,,0,26,,59624,50,,,0,30,,59623,50,,,0
4800,'5372',701,,44674,50,,,0,26,,44673,50,,,0,30,,44672,50,,,0
4800,'5385',701,,59628,50,,,0,26,,59627,50,,,0,30,,59626,50,,,0
5300,'4663',736,,59985,44,,,0
5300,'5372',736,,50450,44,,,0
5300,'5385',736,,60010,44,,,0
6100,'4663',604,,60746,70,,,0,43,,60744,70,,,0,56,,60747,70,,,0,22,,60748,70,,,0,26,,60750,70,,,0,59,,60754,70,,,0,18,,60761,70,,,0,28,,60763,70,,,0
6100,'5372',604,,50731,70,,,0,43,,46007,70,,,0,56,,50732,70,,,0,22,,46011,70,,,0,26,,46013,70,,,0,59,,46017,70,,,0,18,,46024,70,,,0,28,,46026,70,,,0
6100,'5385',604,,60837,70,,,0,43,,60835,70,,,0,56,,60838,70,,,0,22,,60839,70,,,0,26,,60841,70,,,0,59,,60845,70,,,0,18,,60852,70,,,0,28,,60854,70,,,0
6500,'4663',628,,61032,55,,,0,104,,61034,55,,,0,68,,61035,55,,,0,41,,61033,55,,,0
6500,'5372',628,,46333,55,,,0,104,,46335,55,,,0,68,,46336,55,,,0,41,,46334,55,,,0
6500,'5385',628,,61036,55,,,0,104,,61038,55,,,0,68,,61039,55,,,0,41,,61037,55,,,0
7001,'4332',937,,61163,13,,,0,103,,61164,13,,,0,102,,61165,13,,,0,101,,61166,13,,,0,101,,61167,13,,,0,102,,61168,13,,,0,100,,61169,13,,,0,98,,61170,13,,,0,97,,61171,13,,,0,96,,61172,13,,,0,100,,61173,13,,,0,100,,61176,13,,,0,98,,61174,13,,,0,199,,61175,13,,,0
7001,'4663',736,,61150,13,,,0,107,,61144,13,,,0,97,,61153,13,,,0,98,,61145,13,,,0,104,,61146,13,,,0,100,,61159,13,,,0,101,,61157,13,,,0,101,,61147,13,,,0,106,,61152,13,,,0,98,,61155,13,,,0,68,,61148,13,,,0,33,,61149,13,,,0,94,,61151,13,,,0,97,,61154,13,,,0,100,,61161,13,,,0,100,,61156,13,,,0,98,,61160,13,,,0,99,,61158,13,,,0
7001,'5078',937,,61177,13,,,0,100,,61191,13,,,0,101,,61178,13,,,0,100,,61179,13,,,0,104,,61180,13,,,0,100,,61181,13,,,0,102,,61182,13,,,0,97,,61183,13,,,0,102,,61184,13,,,0,96,,61185,13,,,0,101,,61186,13,,,0,100,,61187,13,,,0,99,,61188,13,,,0,101,,61192,13,,,0,97,,61189,13,,,0,97,,61190,13,,,0
7001,'5355',1142,,61162,13,,,0
7001,'5372',736,,46474,13,,,0,107,,46469,13,,,0,97,,46477,13,,,0,98,,46470,13,,,0,204,,46483,13,,,0,101,,46481,13,,,0,101,,46471,13,,,0,106,,46476,13,,,0,98,,46479,13,,,0,68,,46472,13,,,0,33,,46473,13,,,0,94,,46475,13,,,0,97,,46478,13,,,0,100,,46485,13,,,0,100,,46480,13,,,0,98,,46484,13,,,0,99,,46482,13,,,0
7001,'5374',1142,,46504,13,,,0
7001,'5375',1142,,46505,13,,,0
7001,'5385',736,,61198,13,,,0,107,,61193,13,,,0,97,,61201,13,,,0,98,,61194,13,,,0,204,,61207,13,,,0,101,,61205,13,,,0,101,,61195,13,,,0,106,,61200,13,,,0,98,,61203,13,,,0,68,,61196,13,,,0,33,,61197,13,,,0,94,,61199,13,,,0,97,,61202,13,,,0,100,,61209,13,,,0,100,,61204,13,,,0,98,,61208,13,,,0,99,,61206,13,,,0
7001,'5386',1142,,61210,13,,,0
7101,'4663',640,,61219,33,,,0,71,,61218,33,,,0,91,,61217,33,,,0
7101,'5372',640,,46560,33,,,0,71,,46559,33,,,0,91,,46558,33,,,0
7101,'5385',640,,61222,33,,,0,71,,61221,33,,,0,91,,61220,33,,,0
7201,'4332',649,,61424,54,,,0,104,,61394,54,,,0,100,,61395,54,,,0,73,,61396,54,,,0,33,,61397,54,,,0,70,,61398,54,,,0,72,,61399,54,,,0,31,,61400,54,,,0,71,,61401,54,,,0,30,,61402,54,,,0,70,,61393,54,,,0,30,,61403,54,,,0,69,,61404,54,,,0,31,,61405,54,,,0,74,,61406,54,,,0,31,,61407,54,,,0,68,,61408,54,,,0,32,,61409,54,,,0,68,,61410,54,,,0,27,,61411,54,,,0,67,,61412,54,,,0,30,,61413,54,,,0,28,,61414,54,,,0,70,,61415,54,,,0,28,,61416,54,,,0,70,,61417,54,,,0,31,,61418,54,,,0,68,,61419,54,,,0,30,,61420,54,,,0,100,,61421,54,,,0,97,,61422,54,,,0,96,,61423,54,,,0
7201,'4663',622,,61381,54,,,0,82,,61371,54,,,0,32,,61382,54,,,0,75,,61373,54,,,0,32,,61357,54,,,0,60,,61359,54,,,0,27,,61380,54,,,0,29,,61386,54,,,0,70,,61364,54,,,0,71,,61379,54,,,0,30,,61372,54,,,0,73,,61354,54,,,0,30,,61383,54,,,0,70,,61370,54,,,0,31,,61363,54,,,0,70,,61355,54,,,0,31,,61356,54,,,0,75,,61358,54,,,0,31,,61362,54,,,0,71,,61387,54,,,0,31,,61361,54,,,0,66,,61365,54,,,0,28,,61369,54,,,0,68,,61367,54,,,0,29,,61368,54,,,0,67,,61366,54,,,0,30,,61388,54,,,0,28,,61375,54,,,0,70,,61376,54,,,0,30,,61374,54,,,0,70,,61377,54,,,0,30,,61378,54,,,0,96,,61385,54,,,0,96,,61384,54,,,0,98,,61389,54,,,0
7201,'5078',751,,61426,54,,,0,102,,61427,54,,,0,102,,61428,54,,,0,146,,61429,54,,,0,100,,61430,54,,,0,30,,61431,54,,,0,70,,61425,54,,,0,30,,61432,54,,,0,70,,61433,54,,,0,30,,61435,54,,,0,70,,61436,54,,,0,31,,61437,54,,,0,69,,61434,54,,,0,30,,61438,54,,,0,69,,61439,54,,,0,30,,61440,54,,,0,74,,61441,54,,,0,28,,61442,54,,,0,70,,61443,54,,,0,29,,61444,54,,,0,70,,61445,54,,,0,29,,61446,54,,,0,70,,61447,54,,,0,30,,61448,54,,,0,29,,61449,54,,,0,95,,61450,54,,,0,96,,61451,54,,,0
7201,'5355',903,,61391,54,,,0,607,,61390,54,,,0,324,,61392,54,,,0
7201,'5372',622,,46746,54,,,0,82,,46736,54,,,0,32,,46747,54,,,0,75,,46738,54,,,0,32,,46725,54,,,0,87,,46745,54,,,0,29,,46751,54,,,0,70,,46730,54,,,0,71,,46744,54,,,0,30,,46737,54,,,0,73,,46722,54,,,0,30,,46748,54,,,0,70,,46735,54,,,0,31,,46729,54,,,0,70,,46723,54,,,0,31,,46724,54,,,0,106,,46728,54,,,0,71,,46752,54,,,0,31,,46727,54,,,0,66,,46731,54,,,0,28,,46734,54,,,0,68,,46733,54,,,0,96,,46732,54,,,0,30,,46753,54,,,0,28,,46740,54,,,0,70,,46741,54,,,0,30,,46739,54,,,0,70,,46742,54,,,0,30,,46743,54,,,0,96,,46750,54,,,0,96,,46749,54,,,0,98,,46754,54,,,0
7201,'5374',903,,46792,54,,,0,607,,46791,54,,,0,324,,46793,54,,,0
7201,'5375',903,,46794,54,,,0,604,,46795,54,,,0,327,,46796,54,,,0
7201,'5385',622,,61476,54,,,0,82,,61466,54,,,0,32,,61477,54,,,0,75,,61468,54,,,0,32,,61455,54,,,0,87,,61475,54,,,0,29,,61481,54,,,0,70,,61460,54,,,0,71,,61474,54,,,0,30,,61467,54,,,0,73,,61452,54,,,0,30,,61478,54,,,0,70,,61465,54,,,0,31,,61459,54,,,0,70,,61453,54,,,0,31,,61454,54,,,0,106,,61458,54,,,0,71,,61482,54,,,0,31,,61457,54,,,0,66,,61461,54,,,0,28,,61464,54,,,0,68,,61463,54,,,0,96,,61462,54,,,0,30,,61483,54,,,0,28,,61470,54,,,0,70,,61471,54,,,0,30,,61469,54,,,0,70,,61472,54,,,0,30,,61473,54,,,0,96,,61480,54,,,0,96,,61479,54,,,0,98,,61484,54,,,0
7201,'5386',903,,61485,54,,,0,604,,61486,54,,,0,327,,61487,54,,,0
7501,'4332',819,,61662,49,,,0,102,,61663,49,,,0,114,,61664,51,,,0,72,,61687,30,,,0,32,,61665,51,,,0,68,,61684,30,,,0,33,,61666,51,,,0,70,,61667,51,,,0,31,,61668,51,,,0,70,,61669,51,,,0,30,,61670,51,,,0,73,,61671,51,,,0,30,,61672,51,,,0,70,,61673,51,,,0,30,,61674,51,,,0,70,,61675,51,,,0,30,,61676,51,,,0,67,,61685,30,,,0,29,,61677,51,,,0,65,,61686,30,,,0,29,,61678,51,,,0,98,,61679,51,,,0,100,,61680,51,,,0,100,,61681,51,,,0
7501,'4663',616,,61620,49,,,0,30,,61621,49,,,0,63,,61622,49,,,0,22,,61623,49,,,0,24,,61624,49,,,0,66,,61625,49,,,0,19,,61626,49,,,0,16,,61627,49,,,0,68,,61628,49,,,0,32,,61629,51,,,0,79,,61630,51,,,0,71,,61631,51,,,0,34,,61632,51,,,0,68,,61633,51,,,0,30,,61634,51,,,0,71,,61635,51,,,0,30,,61636,51,,,0,70,,61637,51,,,0,33,,61638,51,,,0,72,,61639,51,,,0,27,,61658,25,,,0,6,,61640,51,,,0,60,,61656,51,,,0,4,,61657,25,,,0,6,,61641,51,,,0,19,,61642,51,,,0,14,,61643,51,,,0,9,,61644,49,,,0,49,,61645,30,,,0,3,,61659,25,,,0,7,,61646,51,,,0,27,,61647,51,,,0,66,,61648,51,,,0,29,,61649,51,,,0,98,,61650,51,,,0,96,,61651,51,,,0,100,,61652,51,,,0,98,,61653,51,,,0
7501,'5078',921,,61690,49,,,0,111,,61691,51,,,0,101,,61692,51,,,0,104,,61693,51,,,0,71,,61694,51,,,0,30,,61695,51,,,0,70,,61696,51,,,0,30,,61697,51,,,0,71,,61698,51,,,0,31,,61699,51,,,0,70,,61700,51,,,0,30,,61701,51,,,0,67,,61710,30,,,0,33,,61702,51,,,0,101,,61703,51,,,0,98,,61704,51,,,0,98,,61705,51,,,0,99,,61706,51,,,0,100,,61707,51,,,0
7501,'5372',616,,47038,49,,,0,30,,47039,49,,,0,63,,47040,49,,,0,22,,47041,49,,,0,24,,47042,49,,,0,66,,47043,49,,,0,19,,47044,49,,,0,16,,47045,49,,,0,68,,47046,49,,,0,32,,47047,51,,,0,79,,47048,51,,,0,71,,47049,51,,,0,34,,47050,51,,,0,68,,47051,51,,,0,30,,47052,51,,,0,71,,47053,51,,,0,30,,47054,51,,,0,70,,51861,51,,,0,33,,47056,51,,,0,72,,47057,51,,,0,27,,51864,25,,,0,6,,47058,51,,,0,60,,61660,51,,,0,4,,47075,25,,,0,6,,47059,51,,,0,19,,47060,51,,,0,14,,51862,51,,,0,9,,47062,49,,,0,49,,47063,30,,,0,3,,47077,25,,,0,7,,47064,51,,,0,27,,47065,51,,,0,66,,47066,51,,,0,29,,47067,51,,,0,98,,47068,51,,,0,96,,47069,51,,,0,100,,47070,51,,,0,98,,47071,51,,,0
7501,'5385',616,,61711,49,,,0,30,,61712,49,,,0,63,,61713,49,,,0,22,,61714,49,,,0,24,,61715,49,,,0,66,,61716,49,,,0,19,,61717,49,,,0,16,,61718,49,,,0,68,,61719,49,,,0,32,,61720,51,,,0,79,,61721,51,,,0,71,,61722,51,,,0,34,,61723,51,,,0,68,,61724,51,,,0,30,,61725,51,,,0,71,,61726,51,,,0,30,,61727,51,,,0,70,,61728,51,,,0,33,,61729,51,,,0,72,,61730,51,,,0,27,,61749,25,,,0,6,,61731,51,,,0,60,,61747,51,,,0,4,,61748,25,,,0,6,,61732,51,,,0,19,,61733,51,,,0,14,,61734,51,,,0,9,,61735,49,,,0,49,,61736,30,,,0,3,,61750,25,,,0,7,,61737,51,,,0,27,,61738,51,,,0,66,,61739,51,,,0,29,,61740,51,,,0,98,,61741,51,,,0,96,,61742,51,,,0,100,,61743,51,,,0,98,,61744,51,,,0
24007001,'4332',1136,,63211,12,,,0,201,,63212,12,,,0,204,,63213,12,,,0,194,,63214,12,,,0,196,,63215,12,,,0,199,,63216,12,,,0,391,,63217,11,0,27,0
24007001,'4663',1136,,63205,12,,,0,201,,63206,12,,,0,207,,63207,12,,,0,199,,63208,12,,,0,190,,63209,12,,,0,200,,63210,12,,,0,389,,63204,11,0,27,0
24007001,'5078',1131,,63218,12,,,0,206,,63219,12,,,0,203,,63220,12,,,0,198,,63221,12,,,0,196,,63222,12,,,0,198,,63223,12,,,0,309,,63224,11,0,27,0
24007001,'5372',1136,,48889,12,,,0,201,,48890,12,,,0,207,,48891,12,,,0,199,,48892,12,,,0,190,,48893,12,,,0,200,,48894,12,,,0,389,,48888,11,0,27,0
24007001,'5385',1136,,63226,12,,,0,201,,63227,12,,,0,207,,63228,12,,,0,199,,63229,12,,,0,190,,63230,12,,,0,200,,63231,12,,,0,389,,63225,11,0,27,0
