2401,'4623',502,,69300,14,,,0,50,,69303,14,,,0,89,,69319,14,,,0,84,,69305,14,,,0,32,,69304,14,,,0,96,,69301,14,,,0,147,,69302,14,,,0,59,,69306,14,,,0,98,,69307,14,,,0,100,,69308,14,,,0,152,,69309,14,,,0,100,,69310,14,,,0,92,,69313,14,,,0,48,,69311,14,,,0,79,,69312,14,,,0,91,,69315,14,,,0,85,,69316,14,,,0,103,,69314,14,,,0,114,,69317,14,,,0,132,,69318,14,,,0,162,,69320,14,,,0
2401,'4833',651,,69327,14,,,0,106,,69326,14,,,0,144,,69328,14,,,0,100,,69324,14,,,0,100,,69321,14,,,0,58,,69322,14,,,0,95,,69323,14,,,0,100,,69330,14,,,0,98,,69325,14,,,0,103,,69329,14,,,0,104,,69331,14,,,0,168,,69332,14,,,0,125,,69333,14,,,0,170,,69334,14,,,0,131,,69335,14,,,0,162,,69336,14,,,0
2401,'5015',651,,69343,14,,,0,106,,69342,14,,,0,144,,69344,14,,,0,100,,69340,14,,,0,100,,69337,14,,,0,58,,69338,14,,,0,95,,69339,14,,,0,100,,69346,14,,,0,98,,69341,14,,,0,103,,69345,14,,,0,104,,69347,14,,,0,168,,69348,14,,,0,125,,69349,14,,,0,170,,69350,14,,,0,131,,69351,14,,,0,162,,69352,14,,,0
2401,'5078',757,,57034,14,,,0,170,,57035,14,,,0,130,,57036,14,,,0,167,,57037,14,,,0,131,,57038,14,,,0,172,,57039,14,,,0,130,,57040,14,,,0,170,,57041,14,,,0,130,,57042,14,,,0,165,,57043,14,,,0,130,,57044,14,,,0
2401,'5222',502,,69353,14,,,0,50,,69356,14,,,0,89,,69372,14,,,0,84,,69358,14,,,0,32,,69357,14,,,0,96,,69354,14,,,0,147,,69355,14,,,0,59,,69359,14,,,0,98,,69360,14,,,0,100,,69361,14,,,0,152,,69362,14,,,0,100,,69363,14,,,0,92,,69366,14,,,0,48,,69364,14,,,0,79,,69365,14,,,0,91,,69368,14,,,0,85,,69369,14,,,0,103,,69367,14,,,0,114,,69370,14,,,0,132,,69371,14,,,0,162,,69373,14,,,0
2401,'5365',757,,69374,14,,,0,170,,69375,14,,,0,130,,69376,14,,,0,167,,69377,14,,,0,131,,69378,14,,,0,172,,69379,14,,,0,130,,69380,14,,,0,170,,69381,14,,,0,130,,69382,14,,,0,165,,69383,14,,,0,130,,69384,14,,,0
2401,'5390',757,,69385,14,,,0,170,,69386,14,,,0,130,,69387,14,,,0,167,,69388,14,,,0,131,,69389,14,,,0,172,,69390,14,,,0,130,,69391,14,,,0,170,,69392,14,,,0,130,,69393,14,,,0,165,,69394,14,,,0,130,,69395,14,,,0
2501,'4623',621,,69488,20,,,0,80,,69489,20,,,0,36,,69506,20,0,53 54,0,79,,69493,20,,,0,113,,69491,20,,,0,100,,69490,20,,,0,100,,69492,20,,,0,98,,69495,20,,,0,100,,69496,20,,,0,108,,69494,20,,,0,94,,69497,20,,,0,99,,69502,20,,,0,80,,69498,20,,,0,45,,69499,20,,,0,86,,69500,20,,,0,95,,69501,20,,,0,102,,69503,20,,,0,172,,69504,20,,,0,130,,69505,20,,,0
2501,'4833',727,,69510,20,,,0,99,,69507,20,,,0,105,,69509,20,,,0,101,,69508,20,,,0,97,,69516,20,,,0,95,,69513,20,,,0,100,,69512,20,,,0,98,,69511,20,,,0,100,,69514,20,,,0,102,,69515,20,,,0,118,,69517,20,,,0,170,,69518,20,,,0,126,,69519,20,,,0,170,,69520,20,,,0,130,,69521,20,,,0
2501,'5015',727,,69525,20,,,0,99,,69522,20,,,0,105,,69524,20,,,0,101,,69523,20,,,0,97,,69531,20,,,0,95,,69528,20,,,0,100,,69527,20,,,0,98,,69526,20,,,0,100,,69529,20,,,0,102,,69530,20,,,0,118,,69532,20,,,0,170,,69533,20,,,0,126,,69534,20,,,0,170,,69535,20,,,0,130,,69536,20,,,0
2501,'5078',842,,57168,20,,,0,170,,57167,20,,,0,127,,57169,20,,,0,170,,57170,20,,,0,131,,57171,20,,,0,172,,57172,20,,,0,130,,57173,20,,,0,170,,57174,20,,,0,130,,57175,20,,,0,166,,57176,20,,,0,129,,57177,20,,,0
2501,'5222',621,,69537,20,,,0,80,,69538,20,,,0,36,,69555,20,0,53 54,0,79,,69542,20,,,0,113,,69540,20,,,0,100,,69539,20,,,0,100,,69541,20,,,0,98,,69544,20,,,0,100,,69545,20,,,0,108,,69543,20,,,0,94,,69546,20,,,0,99,,69551,20,,,0,80,,69547,20,,,0,45,,69548,20,,,0,86,,69549,20,,,0,95,,69550,20,,,0,102,,69552,20,,,0,172,,69553,20,,,0,130,,69554,20,,,0
2501,'5365',842,,69557,20,,,0,170,,69556,20,,,0,127,,69558,20,,,0,170,,69559,20,,,0,131,,69560,20,,,0,172,,69561,20,,,0,130,,69562,20,,,0,170,,69563,20,,,0,130,,69564,20,,,0,166,,69565,20,,,0,129,,69566,20,,,0
2501,'5390',842,,69568,20,,,0,170,,69567,20,,,0,127,,69569,20,,,0,170,,69570,20,,,0,131,,69571,20,,,0,172,,69572,20,,,0,130,,69573,20,,,0,170,,69574,20,,,0,130,,69575,20,,,0,166,,69576,20,,,0,129,,69577,20,,,0
