300,'4332',644,,53008,4,,,0,67,,52992,4,,,0,31,,52986,4,,,0,66,,53000,4,,,0,33,,52993,4,,,0,66,,53010,4,,,0,33,,52999,4,,,0,67,,52985,4,,,0,25,,53007,4,,,0,72,,52998,4,,,0,28,,52989,4,,,0,71,,53011,4,,,0,29,,53001,4,,,0,72,,52988,4,,,0,28,,52995,4,,,0,75,,52987,4,,,0,28,,52994,4,,,0,81,,52990,4,,,0,33,,52996,4,,,0,77,,52991,4,,,0,26,,52997,4,,,0,75,,53003,4,,,0,31,,53004,4,,,0,70,,53002,4,,,0,27,,53005,4,,,0,69,,53006,4,,,0,33,,53012,4,,,0,68,,53009,4,,,0,88,,53013,4,0,5,0
300,'4663',606,,52984,4,,,0,30,,52983,4,,,0,76,,52982,4,,,0,38,,52981,4,,,0,79,,52980,4,,,0,74,,52979,4,,,0,29,,52972,4,,,0,70,,52973,4,,,0,28,,52971,4,,,0,29,,52970,4,,,0,70,,52976,4,,,0,74,,52968,4,,,0,31,,52969,4,,,0,69,,52975,4,,,0,30,,52967,4,,,0,74,,52966,4,,,0,33,,52974,4,,,0,76,,52965,4,,,0,34,,52964,4,,,0,73,,52977,4,,,0,78,,52963,4,,,0,31,,52962,4,,,0,72,,52978,4,,,0,29,,52961,4,,,0,72,,52960,4,,,0,23,,52958,4,,,0,28,,52957,4,,,0,68,,52956,4,,,0,89,,52959,4,0,5,0
300,'5078',658,,53028,4,,,0,82,,53016,4,,,0,81,,53029,4,,,0,82,,53023,4,,,0,37,,53027,4,,,0,78,,53014,4,,,0,20,,53024,4,,,0,69,,53019,4,,,0,31,,53015,4,,,0,67,,53020,4,,,0,32,,53018,4,,,0,67,,53017,4,,,0,33,,53021,4,,,0,75,,53022,4,,,0,29,,53025,4,,,0,79,,53026,4,,,0,28,,53033,4,,,0,71,,53030,4,,,0,30,,53031,4,,,0,68,,53032,4,,,0,34,,53035,4,,,0,68,,53034,4,,,0,32,,53036,4,,,0,73,,53037,4,,,0,87,,53038,4,0,5,0
300,'5372',606,,36808,4,,,0,30,,36807,4,,,0,76,,36806,4,,,0,38,,36805,4,,,0,79,,36804,4,,,0,74,,36803,4,,,0,29,,36796,4,,,0,70,,36797,4,,,0,28,,36795,4,,,0,29,,36794,4,,,0,70,,36800,4,,,0,74,,36792,4,,,0,31,,36793,4,,,0,69,,36799,4,,,0,30,,36791,4,,,0,74,,36790,4,,,0,33,,36798,4,,,0,76,,36789,4,,,0,34,,36788,4,,,0,73,,36801,4,,,0,78,,36787,4,,,0,31,,36786,4,,,0,72,,36802,4,,,0,29,,36785,4,,,0,72,,36784,4,,,0,23,,36782,4,,,0,28,,36781,4,,,0,68,,36780,4,,,0,89,,36783,4,0,5,0
300,'5385',606,,53067,4,,,0,30,,53066,4,,,0,76,,53065,4,,,0,38,,53064,4,,,0,79,,53063,4,,,0,74,,53062,4,,,0,29,,53055,4,,,0,70,,53056,4,,,0,28,,53054,4,,,0,29,,53053,4,,,0,70,,53059,4,,,0,74,,53051,4,,,0,31,,53052,4,,,0,69,,53058,4,,,0,30,,53050,4,,,0,74,,53049,4,,,0,33,,53057,4,,,0,76,,53048,4,,,0,34,,53047,4,,,0,73,,53060,4,,,0,78,,53046,4,,,0,31,,53045,4,,,0,72,,53061,4,,,0,29,,53044,4,,,0,72,,53043,4,,,0,23,,53041,4,,,0,28,,53040,4,,,0,68,,53039,4,,,0,89,,53042,4,0,5,0
700,'4332',651,,54362,16,0,5,0,85,,54369,16,0,5,0,80,,54352,16,0,5,0,29,,54363,16,0,5,0,79,,54344,16,0,5,0,29,,54364,16,0,5,0,71,,54347,16,0,5,0,31,,54355,16,0,5,0,70,,54341,16,0,5,0,31,,54342,16,0,5,0,70,,54365,16,0,5,0,30,,54348,16,0,5,0,70,,54356,16,0,5,0,28,,54343,16,0,5,0,72,,54345,16,0,5,0,30,,54366,16,0,5,0,70,,54349,16,0,5,0,30,,54357,16,0,5,0,70,,54346,16,0,5,0,30,,54351,16,0,5,0,71,,54367,16,0,5,0,30,,54350,16,0,5,0,68,,54359,16,0,5,0,29,,54354,16,0,5,0,68,,54353,16,0,5,0,31,,54368,16,0,5,0,70,,54358,16,0,5,0,28,,54360,16,0,5,0,70,,54361,16,0,5,0
700,'4663',604,,54314,16,0,5,0,27,,54312,16,0,5,0,17,,54325,16,0,5,0,54,,54308,16,0,5,0,15,,54319,16,0,5,0,13,,54298,16,0,5,0,17,,54329,16,0,5,0,56,,54305,16,0,5,0,20,,54315,16,0,5,0,18,,54299,16,0,5,0,18,,54303,16,0,5,0,65,,54317,16,0,5,0,26,,54337,16,0,5,0,70,,54334,16,0,5,0,30,,54335,16,0,5,0,70,,54311,16,0,5,0,31,,54338,16,0,5,0,70,,54333,16,0,5,0,30,,54332,16,0,5,0,71,,54336,16,0,5,0,30,,54310,16,0,5,0,69,,54321,16,0,5,0,20,,54300,16,0,5,0,59,,54313,16,0,5,0,14,,54339,16,0,5,0,6,,54306,16,0,5,0,20,,54331,16,0,5,0,17,,54301,16,0,5,0,58,,54320,16,0,5,0,18,,54309,16,0,5,0,19,,54302,16,0,5,0,59,,54316,16,0,5,0,18,,54307,16,0,5,0,16,,54322,16,0,5,0,57,,54304,16,0,5,0,16,,54328,16,0,5,0,31,,54324,16,0,5,0,70,,54326,16,0,5,0,33,,54318,16,0,5,0,69,,54327,16,0,5,0,30,,54330,16,0,5,0,71,,54323,16,0,5,0
700,'5078',717,,54386,16,0,5,0,35,,54388,16,0,5,0,84,,54374,16,0,5,0,77,,54387,16,0,5,0,41,,54389,16,0,5,0,70,,54370,16,0,5,0,30,,54375,16,0,5,0,70,,54377,16,0,5,0,29,,54372,16,0,5,0,71,,54376,16,0,5,0,30,,54373,16,0,5,0,70,,54371,16,0,5,0,30,,54378,16,0,5,0,70,,54379,16,0,5,0,30,,54380,16,0,5,0,70,,54381,16,0,5,0,30,,54383,16,0,5,0,70,,54382,16,0,5,0,30,,54385,16,0,5,0,70,,54384,16,0,5,0,30,,54390,16,0,5,0,69,,54393,16,0,5,0,30,,54392,16,0,5,0,70,,54391,16,0,5,0,30,,54395,16,0,5,0,71,,54394,16,0,5,0
700,'5372',604,,38410,16,0,5,0,27,,38408,16,0,5,0,17,,38421,16,0,5,0,54,,38404,16,0,5,0,15,,38415,16,0,5,0,13,,38394,16,0,5,0,17,,38425,16,0,5,0,56,,38401,16,0,5,0,20,,38411,16,0,5,0,18,,38395,16,0,5,0,18,,38399,16,0,5,0,65,,38413,16,0,5,0,26,,38433,16,0,5,0,70,,38430,16,0,5,0,30,,38431,16,0,5,0,70,,38407,16,0,5,0,31,,38434,16,0,5,0,70,,38429,16,0,5,0,30,,51619,16,0,5,0,71,,38432,16,0,5,0,30,,38406,16,0,5,0,69,,38417,16,0,5,0,20,,38396,16,0,5,0,59,,38409,16,0,5,0,14,,54340,16,0,5,0,6,,38402,16,0,5,0,20,,38427,16,0,5,0,17,,38397,16,0,5,0,58,,38416,16,0,5,0,18,,38405,16,0,5,0,19,,38398,16,0,5,0,59,,38412,16,0,5,0,18,,38403,16,0,5,0,16,,38418,16,0,5,0,57,,38400,16,0,5,0,16,,38424,16,0,5,0,31,,38420,16,0,5,0,70,,38422,16,0,5,0,33,,38414,16,0,5,0,69,,38423,16,0,5,0,30,,38426,16,0,5,0,71,,38419,16,0,5,0
700,'5385',604,,54412,16,0,5,0,27,,54410,16,0,5,0,17,,54423,16,0,5,0,54,,54406,16,0,5,0,15,,54417,16,0,5,0,13,,54396,16,0,5,0,17,,54427,16,0,5,0,56,,54403,16,0,5,0,20,,54413,16,0,5,0,18,,54397,16,0,5,0,18,,54401,16,0,5,0,65,,54415,16,0,5,0,26,,54435,16,0,5,0,70,,54432,16,0,5,0,30,,54433,16,0,5,0,70,,54409,16,0,5,0,31,,54436,16,0,5,0,70,,54431,16,0,5,0,30,,54430,16,0,5,0,71,,54434,16,0,5,0,30,,54408,16,0,5,0,69,,54419,16,0,5,0,20,,54398,16,0,5,0,59,,54411,16,0,5,0,14,,54437,16,0,5,0,6,,54404,16,0,5,0,20,,54429,16,0,5,0,17,,54399,16,0,5,0,58,,54418,16,0,5,0,18,,54407,16,0,5,0,19,,54400,16,0,5,0,59,,54414,16,0,5,0,18,,54405,16,0,5,0,16,,54420,16,0,5,0,57,,54402,16,0,5,0,16,,54426,16,0,5,0,31,,54422,16,0,5,0,70,,54424,16,0,5,0,33,,54416,16,0,5,0,69,,54425,16,0,5,0,30,,54428,16,0,5,0,71,,54421,16,0,5,0
14000700,'4332',2149,,63082,16,0,5,0,74,,63083,16,0,5,0,30,,63084,16,0,5,0,69,,63085,16,0,5,0,30,,63086,16,0,5,0,72,,63087,16,0,5,0
14000700,'4663',2150,,63076,16,0,5,0,70,,63079,16,0,5,0,32,,63077,16,0,5,0,69,,63078,16,0,5,0,31,,63080,16,0,5,0,70,,63081,16,0,5,0
14000700,'5078',2052,,63088,16,0,5,0,71,,63089,16,0,5,0,30,,63090,16,0,5,0,100,,63091,16,0,5,0,99,,63092,16,0,5,0
14000700,'5372',2150,,48747,16,0,5,0,70,,48750,16,0,5,0,32,,48748,16,0,5,0,69,,48749,16,0,5,0,31,,48751,16,0,5,0,70,,48752,16,0,5,0
14000700,'5385',2150,,63093,16,0,5,0,70,,63096,16,0,5,0,32,,63094,16,0,5,0,69,,63095,16,0,5,0,31,,63097,16,0,5,0,70,,63098,16,0,5,0
