800,'4623',621,,65917,4,,,0,86,,65918,4,,,0,29,,65919,4,,,0,78,,65920,4,,,0,92,,65921,4,,,0,35,,65922,4,,,0,83,,65916,4,,,0,83,,65923,4,,,0,34,,65937,4,,,0,83,,65924,4,,,0,86,,65925,4,,,0,41,,65926,4,,,0,100,,65927,4,,,0,81,,65928,4,,,0,84,,65929,4,,,0,34,,65938,4,,,0,75,,65930,4,,,0,34,,65931,4,,,0,73,,65932,4,,,0,71,,65939,4,,,0,55,,65933,4,,,0,83,,65934,4,,,0,97,,65935,4,,,0,83,,65936,4,,,0
800,'5222',621,,65971,4,,,0,86,,65972,4,,,0,29,,65973,4,,,0,78,,65974,4,,,0,92,,65975,4,,,0,35,,65976,4,,,0,83,,65970,4,,,0,83,,65977,4,,,0,34,,65991,4,,,0,83,,65978,4,,,0,86,,65979,4,,,0,41,,65980,4,,,0,100,,65981,4,,,0,81,,65982,4,,,0,84,,65983,4,,,0,34,,65992,4,,,0,75,,65984,4,,,0,34,,65985,4,,,0,73,,65986,4,,,0,71,,65993,4,,,0,55,,65987,4,,,0,83,,65988,4,,,0,97,,65989,4,,,0,83,,65990,4,,,0
900,'4623',722,,66116,11,,,0,81,,66117,11,,,0
900,'5222',722,,66118,11,,,0,81,,66119,11,,,0
2101,'4532',638,,68786,4,,,0,70,,68768,4,,,0,31,,68777,4,,,0,70,,68760,4,,,0,30,,68787,4,,,0,69,,68769,4,,,0,29,,68778,4,,,0,67,,68756,4,,,0,28,,68758,4,,,0,68,,68779,4,,,0,30,,68763,4,,,0,29,,68771,4,,,0,68,,68757,4,,,0,30,,68759,4,,,0,68,,68780,4,,,0,30,,68764,4,,,0,72,,68772,4,,,0,31,,68761,4,,,0,70,,68762,4,,,0,74,,68781,4,,,0,30,,68765,4,,,0,70,,68774,4,,,0,31,,68767,4,,,0,71,,68766,4,,,0,31,,68782,4,,,0,71,,68770,4,,,0,36,,68773,4,,,0,76,,68775,4,,,0,29,,68784,4,,,0,70,,68776,4,,,0,32,,68785,4,,,0,70,,68783,4,,,0,30,,68788,4,,,0,105,,68789,4,,,0
2101,'4623',547,,68685,4,,,0,67,,68692,4,,,0,24,,68684,4,,,0,20,,68680,4,,,0,56,,68686,8,,,0,17,,68683,8,,,0,18,,68688,8,,,0,61,,68681,8,,,0,20,,68694,8,,,0,71,,68700,8,,,0,29,,68691,8,,,0,70,,68682,8,,,0,29,,68687,8,,,0,29,,68695,8,,,0,70,,68698,8,,,0,30,,68690,8,,,0,69,,68699,8,,,0,30,,68689,8,,,0,71,,68696,8,,,0,30,,68697,8,,,0,72,,68693,8,,,0,20,,68701,8,,,0,58,,68703,8,,,0,20,,68708,4,,,0,21,,68705,8,,,0,58,,68702,8,,,0,22,,68707,8,,,0,21,,68709,8,,,0,61,,68706,4,,,0,21,,68704,8,,,0,20,,68710,8,,,0,61,,68713,8,,,0,31,,68712,4,,,0,72,,68711,4,,,0,30,,68714,4,,,0,70,,68715,4,,,0,31,,68716,4,,,0,70,,68719,4,,,0,31,,68718,4,,,0,70,,68717,4,,,0,30,,68720,4,,,0,106,,68721,4,,,0
2101,'4832',646,,68845,4,,,0,80,,68835,4,,,0,80,,68846,4,,,0,36,,68844,4,,,0,64,,68832,4,,,0,27,,68834,4,,,0,70,,68847,4,,,0,29,,68833,4,,,0,70,,68848,4,,,0,29,,68837,4,,,0,70,,68836,4,,,0,30,,68849,4,,,0,28,,68838,4,,,0,69,,68850,4,,,0,30,,68851,4,,,0,70,,68852,4,,,0,31,,68840,4,,,0,72,,68841,4,,,0,73,,68842,4,,,0,30,,68843,4,,,0,71,,68839,4,,,0,30,,68853,4,,,0,72,,68854,4,,,0,35,,68855,4,,,0,105,,68856,4,,,0,101,,68857,4,,,0,103,,68858,4,,,0,100,,68859,4,,,0,103,,68860,4,,,0
2101,'4833',638,,68752,4,,,0,70,,68734,4,,,0,31,,68743,4,,,0,70,,68726,4,,,0,30,,68753,4,,,0,69,,68735,4,,,0,29,,68744,4,,,0,67,,68722,4,,,0,28,,68724,4,,,0,68,,68745,4,,,0,30,,68729,4,,,0,29,,68737,4,,,0,68,,68723,4,,,0,30,,68725,4,,,0,68,,68746,4,,,0,30,,68730,4,,,0,72,,68738,4,,,0,31,,68727,4,,,0,70,,68728,4,,,0,74,,68747,4,,,0,30,,68731,4,,,0,70,,68740,4,,,0,31,,68733,4,,,0,71,,68732,4,,,0,31,,68748,4,,,0,71,,68736,4,,,0,36,,68739,4,,,0,76,,68741,4,,,0,29,,68750,4,,,0,70,,68742,4,,,0,32,,68751,4,,,0,70,,68749,4,,,0,30,,68754,4,,,0,105,,68755,4,,,0
2101,'5222',547,,68795,4,,,0,67,,68802,4,,,0,24,,68794,4,,,0,20,,68790,4,,,0,56,,68796,8,,,0,17,,68793,8,,,0,18,,68798,8,,,0,61,,68791,8,,,0,20,,68804,8,,,0,71,,68810,8,,,0,29,,68801,8,,,0,70,,68792,8,,,0,29,,68797,8,,,0,29,,68805,8,,,0,70,,68808,8,,,0,30,,68800,8,,,0,69,,68809,8,,,0,30,,68799,8,,,0,71,,68806,8,,,0,30,,68807,8,,,0,72,,68803,8,,,0,20,,68811,8,,,0,58,,68813,8,,,0,20,,68818,4,,,0,21,,68815,8,,,0,58,,68812,8,,,0,22,,68817,8,,,0,21,,68819,8,,,0,61,,68816,4,,,0,21,,68814,8,,,0,20,,68820,8,,,0,61,,68823,8,,,0,31,,68822,4,,,0,72,,68821,4,,,0,30,,68824,4,,,0,70,,68825,4,,,0,31,,68826,4,,,0,70,,68829,4,,,0,31,,68828,4,,,0,70,,68827,4,,,0,30,,68830,4,,,0,106,,68831,4,,,0
2101,'5390',646,,68874,4,,,0,80,,68864,4,,,0,80,,68875,4,,,0,36,,68873,4,,,0,64,,68861,4,,,0,27,,68863,4,,,0,70,,68876,4,,,0,29,,68862,4,,,0,70,,68877,4,,,0,29,,68866,4,,,0,70,,68865,4,,,0,30,,68878,4,,,0,28,,68867,4,,,0,69,,68879,4,,,0,30,,68880,4,,,0,70,,68881,4,,,0,31,,68869,4,,,0,72,,68870,4,,,0,73,,68871,4,,,0,30,,68872,4,,,0,71,,68868,4,,,0,30,,68882,4,,,0,72,,68883,4,,,0,35,,68884,4,,,0,105,,68885,4,,,0,101,,68886,4,,,0,103,,68887,4,,,0,100,,68888,4,,,0,103,,68889,4,,,0
3801,'4623',640,,72340,11,,,0,70,,72344,11,,,0,26,,72342,11,,,0,70,,72343,11,,,0,30,,72341,11,,,0,85,,72348,11,,,0,94,,72345,11,,,0,97,,72346,11,,,0,100,,72347,11,,,0,103,,72349,11,,,0,100,,72350,11,,,0,101,,72356,11,,,0,88,,72353,11,,,0,32,,72359,11,,,0,69,,72351,11,,,0,29,,72352,11,,,0,70,,72357,11,,,0,28,,72354,11,,,0,77,,72360,11,,,0,100,,72355,11,,,0,105,,72358,11,,,0
3801,'5222',640,,72361,11,,,0,70,,72365,11,,,0,26,,72363,11,,,0,70,,72364,11,,,0,30,,72362,11,,,0,85,,72369,11,,,0,94,,72366,11,,,0,97,,72367,11,,,0,100,,72368,11,,,0,103,,72370,11,,,0,100,,72371,11,,,0,101,,72377,11,,,0,88,,72374,11,,,0,32,,72380,11,,,0,69,,72372,11,,,0,29,,72373,11,,,0,70,,72378,11,,,0,28,,72375,11,,,0,77,,72381,11,,,0,100,,72376,11,,,0,105,,72379,11,,,0
