1001,'4487',706,,17991,,,0,100,,17988,,,0,100,,17987,,,0,98,,17989,,,0,103,,17992,,,0,110,,17993,,,0,95,,17990,,,0,100,,17994,,,0,100,,17995,,,0,105,,17997,,,0,100,,17996,,,0,104,,17998,,,0,100,,18000,,,0,100,,17999,,,0
1001,'4743',706,,11405,,,0,100,,11402,,,0,100,,11401,,,0,98,,11403,,,0,103,,11406,,,0,110,,11407,,,0,95,,11404,,,0,100,,11408,,,0,100,,11409,,,0,105,,11411,,,0,100,,11410,,,0,104,,11412,,,0,100,,11414,,,0,100,,11413,,,0
1001,'4744',608,,18020,,,0,41,,18019,,,0,74,,18011,,,0,34,,18010,,,0,84,,18013,,,0,82,,18009,,,0,95,,18018,,,0,115,,18014,,,0,90,,18008,,,0,35,,18012,,,0,85,,18007,,,0,80,,18017,,,0,92,,18006,,,0,41,,18015,,,0,88,,18005,,,0,83,,18016,,,0,23,,18004,,,0,72,,18001,,,0,97,,18003,,,0,103,,18002,,,0
1001,'4745',706,,18028,,,0,100,,18029,,,0,98,,18031,,,0,102,,18030,,,0,100,,18034,,,0,110,,18033,,,0,94,,18027,,,0,101,,18024,,,0,100,,18021,,,0,100,,18026,,,0,106,,18025,,,0,104,,18022,,,0,100,,18023,,,0,100,,18032,0,25 26,0
1001,'4935',608,,2205,,,0,41,,2204,,,0,74,,2196,,,0,34,,2195,,,0,84,,2198,,,0,82,,2194,,,0,95,,2203,,,0,115,,2199,,,0,90,,2193,,,0,35,,2197,,,0,85,,2192,,,0,80,,2202,,,0,92,,2191,,,0,41,,2200,,,0,88,,2190,,,0,83,,2201,,,0,23,,2189,,,0,72,,2186,,,0,97,,2188,,,0,103,,2187,,,0
1001,'4941',608,,2225,,,0,41,,2224,,,0,74,,2216,,,0,34,,2215,,,0,84,,2218,,,0,82,,2214,,,0,95,,2223,,,0,115,,2219,,,0,90,,2213,,,0,35,,2217,,,0,85,,2212,,,0,80,,2222,,,0,92,,2211,,,0,41,,2220,,,0,88,,2210,,,0,83,,2221,,,0,23,,2209,,,0,72,,2206,,,0,97,,2208,,,0,103,,2207,,,0
1001,'4943',706,,2230,,,0,100,,2227,,,0,100,,2226,,,0,98,,2228,,,0,103,,2231,,,0,110,,2232,,,0,95,,2229,,,0,100,,2233,,,0,100,,2234,,,0,105,,2236,,,0,100,,2235,,,0,104,,2237,,,0,100,,2239,,,0,100,,2238,,,0
1001,'4945',706,,2247,,,0,100,,2248,,,0,98,,2250,,,0,102,,2249,,,0,100,,2253,,,0,110,,2252,,,0,94,,2246,,,0,101,,2243,,,0,100,,2240,,,0,100,,2245,,,0,106,,2244,,,0,104,,2241,,,0,100,,2242,,,0,100,,2251,0,25 26,0
1001,'4947',608,,18054,,,0,41,,18053,,,0,74,,18045,,,0,34,,18044,,,0,84,,18047,,,0,82,,18043,,,0,95,,18052,,,0,115,,18048,,,0,90,,18042,,,0,35,,18046,,,0,85,,18041,,,0,80,,18051,,,0,92,,18040,,,0,41,,18049,,,0,88,,18039,,,0,83,,18050,,,0,23,,18038,,,0,72,,18035,,,0,97,,18037,,,0,103,,18036,,,0
1001,'4952',608,,18074,,,0,41,,18073,,,0,74,,18065,,,0,34,,18064,,,0,84,,18067,,,0,82,,18063,,,0,95,,18072,,,0,115,,18068,,,0,90,,18062,,,0,35,,18066,,,0,85,,18061,,,0,80,,18071,,,0,92,,18060,,,0,41,,18069,,,0,88,,18059,,,0,83,,18070,,,0,23,,18058,,,0,72,,18055,,,0,97,,18057,,,0,103,,18056,,,0
1001,'4953',706,,18079,,,0,100,,18076,,,0,100,,18075,,,0,98,,18077,,,0,103,,18080,,,0,110,,18081,,,0,95,,18078,,,0,100,,18082,,,0,100,,18083,,,0,105,,18085,,,0,100,,18084,,,0,104,,18086,,,0,100,,18088,,,0,100,,18087,,,0
1001,'4954',706,,18096,,,0,100,,18097,,,0,98,,18099,,,0,102,,18098,,,0,100,,18102,,,0,110,,18101,,,0,94,,18095,,,0,101,,18092,,,0,100,,18089,,,0,100,,18094,,,0,106,,18093,,,0,104,,18090,,,0,100,,18091,,,0,100,,18100,0,25 26,0
