6101,'4623',533,,74592,23,,,0,68,,74574,23,,,0,29,,74571,23,,,0,26,,74572,23,,,0,77,,74591,23,,,0,79,,74577,23,,,0,38,,74570,23,,,0,64,,74594,23,,,0,34,,74573,23,,,0,89,,74575,23,,,0,76,,74590,23,,,0,37,,74579,23,,,0,77,,74576,23,,,0,77,,74593,23,,,0,27,,74580,23,,,0,76,,74578,23,,,0,32,,74561,23,,,0,71,,74560,23,,,0,33,,74562,23,,,0,67,,74595,46,,,0,18,,74567,23,,,0,17,,74581,46,,,0,75,,74564,46,,,0,21,,74566,46,,,0,11,,74563,46,,,0,62,,74569,46,,,0,35,,74568,46,,,0,54,,74584,23,,,0,30,,74565,23,,,0,86,,74582,23,,,0,89,,74583,23,,,0,98,,74586,23,,,0,44,,74585,23,,,0,97,,74587,23,,,0,85,,74588,23,,,0,99,,74589,23,,,0
6101,'4833',605,,74596,22,,,0,96,,74597,23,,,0,38,,74598,23,,,0,101,,74599,23,,,0,83,,74600,23,,,0,89,,74601,23,,,0,31,,74602,23,,,0,87,,74603,23,,,0,72,,74604,23,,,0,32,,74605,23,,,0,84,,74606,23,,,0,38,,74607,23,,,0,76,,74608,23,,,0,76,,74609,23,,,0,26,,74610,23,,,0,76,,74611,23,,,0,38,,74612,23,,,0,73,,74613,23,,,0,34,,74614,23,,,0,76,,74615,23,,,0,76,,74616,23,,,0,36,,74617,23,,,0,81,,74618,23,,,0,83,,74619,23,,,0,98,,74620,23,,,0,46,,74621,23,,,0,99,,74622,23,,,0,83,,74623,23,,,0
6101,'5015',605,,74624,22,,,0,96,,74625,23,,,0,38,,74626,23,,,0,101,,74627,23,,,0,83,,74628,23,,,0,89,,74629,23,,,0,31,,74630,23,,,0,87,,74631,23,,,0,72,,74632,23,,,0,32,,74633,23,,,0,84,,74634,23,,,0,38,,74635,23,,,0,76,,74636,23,,,0,76,,74637,23,,,0,26,,74638,23,,,0,76,,74639,23,,,0,38,,74640,23,,,0,73,,74641,23,,,0,34,,74642,23,,,0,76,,74643,23,,,0,76,,74644,23,,,0,36,,74645,23,,,0,81,,74646,23,,,0,83,,74647,23,,,0,98,,74648,23,,,0,46,,74649,23,,,0,99,,74650,23,,,0,83,,74651,23,,,0,100,,74652,23,,,0
6101,'5078',610,,60940,22,,,0,102,,60941,22,,,0,34,,60942,23,,,0,89,,60939,23,,,0,94,,60943,23,,,0,86,,60944,23,,,0,87,,60945,23,,,0,47,,60946,23,,,0,103,,60947,23,,,0,86,,60948,23,,,0,101,,60949,23,,,0,85,,60950,23,,,0,101,,60951,23,,,0,80,,60952,23,,,0,100,,60953,23,,,0,50,,60954,23,,,0,97,,60955,23,,,0,100,,60956,23,,,0,81,,60957,23,,,0,100,,60958,23,,,0,96,,60959,23,,,0
6101,'5222',533,,74684,23,,,0,68,,74667,23,,,0,29,,74664,23,,,0,26,,74665,23,,,0,77,,74683,23,,,0,79,,74670,23,,,0,38,,74663,23,,,0,64,,74686,23,,,0,34,,74666,23,,,0,89,,74668,23,,,0,76,,74682,23,,,0,37,,74672,23,,,0,77,,74669,23,,,0,77,,74685,23,,,0,27,,74673,23,,,0,76,,74671,23,,,0,32,,74654,23,,,0,71,,74653,23,,,0,33,,74655,23,,,0,67,,74687,46,,,0,18,,74660,23,,,0,17,,74674,46,,,0,75,,74657,46,,,0,21,,74659,46,,,0,11,,74656,46,,,0,62,,74662,46,,,0,35,,74661,46,,,0,54,,74677,23,,,0,30,,74658,23,,,0,86,,74675,23,,,0,89,,74676,23,,,0,98,,74679,23,,,0,44,,74678,23,,,0,97,,74680,23,,,0,85,,74681,23,,,0
6101,'5365',610,,74690,22,,,0,102,,74688,22,,,0,34,,74691,23,,,0,89,,74689,23,,,0,94,,74692,23,,,0,86,,74693,23,,,0,87,,74694,23,,,0,47,,74695,23,,,0,103,,74696,23,,,0,86,,74697,23,,,0,101,,74698,23,,,0,85,,74699,23,,,0,101,,74700,23,,,0,80,,74701,23,,,0,100,,74702,23,,,0,50,,74703,23,,,0,97,,74704,23,,,0,100,,74705,23,,,0,81,,74706,23,,,0,100,,74707,23,,,0,96,,74708,23,,,0
6101,'5390',610,,74711,22,,,0,102,,74709,22,,,0,34,,74712,23,,,0,89,,74710,23,,,0,94,,74713,23,,,0,86,,74714,23,,,0,87,,74715,23,,,0,47,,74716,23,,,0,103,,74717,23,,,0,86,,74718,23,,,0,101,,74719,23,,,0,85,,74720,23,,,0,101,,74721,23,,,0,80,,74722,23,,,0,100,,74723,23,,,0,50,,74724,23,,,0,97,,74725,23,,,0,100,,74726,23,,,0,81,,74727,23,,,0,100,,74728,23,,,0,96,,74729,23,,,0
6401,'4623',730,,74757,61,,,0,204,,74755,16,,,0,376,,74758,61,,,0,293,,74756,16,,,0
6401,'5222',730,,74764,61,,,0,204,,74762,16,,,0,376,,74765,61,,,0,293,,74763,16,,,0
6501,'4623',1701,,74774,41,,,0,28,,74777,41,,,0,71,,74776,41,,,0,29,,74775,41,,,0
6501,'5222',1701,,74778,41,,,0,28,,74781,41,,,0,71,,74780,41,,,0,29,,74779,41,,,0
