800,'4532',715,,65961,1,,,0,85,,65962,1,,,0,45,,65963,1,,,0,85,,65956,1,,,0,90,,65957,1,,,0,85,,65955,1,,,0,50,,65958,1,,,0,90,,65959,1,,,0,90,,65960,1,,,0,92,,65964,1,,,0,90,,65965,1,,,0,93,,65966,1,,,0,48,,65967,1,,,0,87,,65968,1,,,0,85,,65969,1,,,0
800,'4832',845,,65995,1,,,0,85,,65996,1,,,0,90,,65997,1,,,0,85,,65998,1,,,0,50,,65999,1,,,0,90,,65994,1,,,0,90,,66000,1,,,0,92,,66001,1,,,0,90,,66002,1,,,0,93,,66003,1,,,0,48,,66004,1,,,0
800,'4833',715,,65946,1,,,0,85,,65947,1,,,0,45,,65948,1,,,0,85,,65941,1,,,0,90,,65942,1,,,0,85,,65940,1,,,0,50,,65943,1,,,0,90,,65944,1,,,0,90,,65945,1,,,0,92,,65949,1,,,0,90,,65950,1,,,0,93,,65951,1,,,0,48,,65952,1,,,0,87,,65953,1,,,0,85,,65954,1,,,0
800,'5390',845,,66006,1,,,0,85,,66007,1,,,0,90,,66008,1,,,0,85,,66009,1,,,0,50,,66010,1,,,0,90,,66005,1,,,0,90,,66011,1,,,0,92,,66012,1,,,0,90,,66013,1,,,0,93,,66014,1,,,0,48,,66015,1,,,0
801,'4532',745,,66056,41,4,,0,85,,66057,41,4,,0,86,,66058,41,4,,0,88,,66059,41,4,,0,45,,66060,41,4,,0,93,,66061,41,4,,0,89,,66062,41,4,,0,91,,66063,41,4,,0,93,,66055,41,4,,0,90,,66064,41,4,,0,52,,66065,41,4,,0,90,,66066,41,4,,0,88,,66067,41,4,,0,85,,66068,41,4,,0,82,,66069,41,4,,0
801,'4832',1003,,66095,41,4,,0,46,,66096,41,4,,0,91,,66097,41,4,,0,89,,66098,41,4,,0,91,,66094,41,4,,0,93,,66099,41,4,,0,90,,66100,41,4,,0,52,,66101,41,4,,0,89,,66102,41,4,,0,89,,66103,41,4,,0,85,,66104,41,4,,0
801,'4833',745,,66041,41,4,,0,85,,66042,41,4,,0,86,,66043,41,4,,0,88,,66044,41,4,,0,45,,66045,41,4,,0,93,,66046,41,4,,0,89,,66047,41,4,,0,91,,66048,41,4,,0,93,,66040,41,4,,0,90,,66049,41,4,,0,52,,66050,41,4,,0,90,,66051,41,4,,0,88,,66052,41,4,,0,85,,66053,41,4,,0,82,,66054,41,4,,0
801,'5390',1003,,66106,41,4,,0,46,,66107,41,4,,0,91,,66108,41,4,,0,89,,66109,41,4,,0,91,,66105,41,4,,0,93,,66110,41,4,,0,90,,66111,41,4,,0,52,,66112,41,4,,0,89,,66113,41,4,,0,89,,66114,41,4,,0,85,,66115,41,4,,0
1100,'4532',705,,66432,1,,,0,35,,66416,1,,,0,75,,66402,1,,,0,30,,66406,1,,,0,70,,66433,1,,,0,30,,66424,1,,,0,65,,66411,1,,,0,25,,66403,1,,,0,65,,66409,1,,,0,27,,66421,1,,,0,25,,66405,1,,,0,65,,66419,1,,,0,24,,66413,1,,,0,64,,66404,1,,,0,25,,66407,1,,,0,25,,66420,1,,,0,65,,66412,1,,,0,25,,66423,1,,,0,67,,66415,1,,,0,25,,66410,1,,,0,65,,66414,1,,,0,25,,66431,1,,,0,24,,66408,1,,,0,64,,66422,1,,,0,25,,66434,1,,,0,65,,66425,1,,,0,25,,66417,1,,,0,25,,66418,1,,,0,65,,66427,1,,,0,25,,66429,1,,,0,65,,66426,1,,,0,30,,66428,1,,,0,70,,66430,1,,,0,35,,66435,1,,,0,75,,66436,1,,,0,30,,66437,1,,,0,70,,66438,1,,,0,80,,66439,1,,,0
1100,'4623',548,,66347,1,,,0,70,,66330,1,,,0,21,,66359,1,,,0,16,,66336,1,,,0,58,,66356,1,,,0,16,,66339,1,,,0,15,,66319,1,,,0,15,,66345,1,,,0,59,,66322,1,,,0,18,,66340,1,,,0,21,,66360,1,,,0,66,,66335,1,,,0,25,,66357,1,,,0,65,,66320,1,,,0,25,,66348,1,,,0,65,,66338,1,,,0,24,,66362,1,,,0,25,,66337,1,,,0,65,,66353,1,,,0,25,,66321,1,,,0,67,,66349,1,,,0,24,,66334,1,,,0,18,,66315,1,,,0,56,,66361,1,,,0,17,,66332,1,,,0,17,,66314,1,,,0,17,,66355,1,,,0,62,,66323,1,,,0,18,,66325,1,,,0,20,,66346,1,,,0,59,,66331,1,,,0,18,,66318,1,,,0,17,,66363,1,,,0,58,,66333,1,,,0,18,,66324,1,,,0,18,,66358,1,,,0,55,,66317,1,,,0,18,,66316,1,,,0,19,,66341,1,,,0,66,,66328,1,,,0,31,,66329,1,,,0,75,,66351,1,,,0,30,,66326,1,,,0,75,,66327,1,,,0,31,,66342,1,,,0,74,,66350,1,,,0,30,,66344,1,,,0,71,,66343,1,,,0,84,,66352,1,,,0
1100,'4832',720,,66491,1,,,0,80,,66490,1,,,0,40,,66493,1,,,0,70,,66492,1,,,0,30,,66495,1,,,0,75,,66494,1,,,0,35,,66499,1,,,0,70,,66497,1,,,0,30,,66496,1,,,0,70,,66498,1,,,0,30,,66502,1,,,0,70,,66503,1,,,0,30,,66501,1,,,0,70,,66500,1,,,0,30,,66506,1,,,0,70,,66505,1,,,0,30,,66504,1,,,0,70,,66508,1,,,0,30,,66509,1,,,0,70,,66507,1,,,0,30,,66510,1,,,0,70,,66511,1,,,0,30,,66513,1,,,0,85,,66512,1,,,0,85,,66514,1,,,0,85,,66515,1,,,0,40,,66516,1,,,0,85,,66517,1,,,0,85,,66518,1,,,0
1100,'4833',705,,66394,1,,,0,35,,66378,1,,,0,75,,66364,1,,,0,30,,66368,1,,,0,70,,66395,1,,,0,30,,66386,1,,,0,65,,66373,1,,,0,25,,66365,1,,,0,65,,66371,1,,,0,27,,66383,1,,,0,25,,66367,1,,,0,65,,66381,1,,,0,24,,66375,1,,,0,64,,66366,1,,,0,25,,66369,1,,,0,25,,66382,1,,,0,65,,66374,1,,,0,25,,66385,1,,,0,67,,66377,1,,,0,25,,66372,1,,,0,65,,66376,1,,,0,25,,66393,1,,,0,24,,66370,1,,,0,64,,66384,1,,,0,25,,66396,1,,,0,65,,66387,1,,,0,25,,66379,1,,,0,25,,66380,1,,,0,65,,66389,1,,,0,25,,66391,1,,,0,65,,66388,1,,,0,30,,66390,1,,,0,70,,66392,1,,,0,35,,66397,1,,,0,75,,66398,1,,,0,30,,66399,1,,,0,70,,66400,1,,,0,80,,66401,1,,,0
1100,'5222',548,,66473,1,,,0,70,,66456,1,,,0,21,,66485,1,,,0,16,,66462,1,,,0,58,,66482,1,,,0,16,,66465,1,,,0,15,,66445,1,,,0,15,,66471,1,,,0,59,,66448,1,,,0,18,,66466,1,,,0,21,,66486,1,,,0,66,,66461,1,,,0,25,,66483,1,,,0,65,,66446,1,,,0,25,,66474,1,,,0,65,,66464,1,,,0,24,,66488,1,,,0,25,,66463,1,,,0,65,,66479,1,,,0,25,,66447,1,,,0,67,,66475,1,,,0,24,,66460,1,,,0,18,,66441,1,,,0,56,,66487,1,,,0,17,,66458,1,,,0,17,,66440,1,,,0,17,,66481,1,,,0,62,,66449,1,,,0,18,,66451,1,,,0,20,,66472,1,,,0,59,,66457,1,,,0,18,,66444,1,,,0,17,,66489,1,,,0,58,,66459,1,,,0,18,,66450,1,,,0,18,,66484,1,,,0,55,,66443,1,,,0,18,,66442,1,,,0,19,,66467,1,,,0,66,,66454,1,,,0,31,,66455,1,,,0,75,,66477,1,,,0,30,,66452,1,,,0,75,,66453,1,,,0,31,,66468,1,,,0,74,,66476,1,,,0,30,,66470,1,,,0,71,,66469,1,,,0,84,,66478,1,,,0
1100,'5390',720,,66520,1,,,0,80,,66519,1,,,0,40,,66522,1,,,0,70,,66521,1,,,0,30,,66524,1,,,0,75,,66523,1,,,0,35,,66528,1,,,0,70,,66526,1,,,0,30,,66525,1,,,0,70,,66527,1,,,0,30,,66531,1,,,0,70,,66532,1,,,0,30,,66530,1,,,0,70,,66529,1,,,0,30,,66535,1,,,0,70,,66534,1,,,0,30,,66533,1,,,0,70,,66537,1,,,0,30,,66538,1,,,0,70,,66536,1,,,0,30,,66539,1,,,0,70,,66540,1,,,0,30,,66542,1,,,0,85,,66541,1,,,0,85,,66543,1,,,0,85,,66544,1,,,0,40,,66545,1,,,0,85,,66546,1,,,0,85,,66547,1,,,0
1101,'4532',722,,66648,68,4,,0,37,,66636,68,4,,0,75,,66641,68,4,,0,70,,66666,68,4,,0,39,,66649,68,4,,0,70,,66635,68,4,,0,30,,66644,68,4,,0,72,,66660,68,4,,0,25,,66638,68,4,,0,60,,66662,68,4,,0,26,,66650,68,4,,0,25,,66637,68,4,,0,67,,66642,68,4,,0,25,,66659,68,4,,0,65,,66639,68,4,,0,26,,66657,68,4,,0,66,,66647,68,4,,0,25,,66640,68,4,,0,25,,66646,68,4,,0,65,,66668,68,4,,0,25,,66643,68,4,,0,63,,66661,68,4,,0,25,,66651,68,4,,0,24,,66645,68,4,,0,65,,66667,68,4,,0,24,,66658,68,4,,0,64,,66664,68,4,,0,25,,66665,68,4,,0,22,,66652,68,4,,0,65,,66663,68,4,,0,25,,66656,68,4,,0,65,,66655,68,4,,0,25,,66653,68,4,,0,75,,66654,68,4,,0,30,,66671,68,4,,0,69,,66669,68,4,,0,31,,66670,68,4,,0,68,,66672,68,4,,0,44,,66673,68,4,,0
1101,'4623',626,,66594,68,4,,0,32,,66586,68,4,,0,61,,66569,68,4,,0,24,,66576,68,4,,0,61,,66554,68,4,,0,21,,66571,68,4,,0,20,,66590,68,4,,0,60,,66567,68,4,,0,19,,66587,68,4,,0,18,,66562,68,4,,0,59,,66555,68,4,,0,21,,66580,68,4,,0,25,,66570,68,4,,0,66,,66592,68,4,,0,25,,66566,68,4,,0,66,,66589,68,4,,0,25,,66556,68,4,,0,25,,66579,68,4,,0,66,,66563,68,4,,0,27,,66595,68,4,,0,65,,66568,68,4,,0,29,,66588,68,4,,0,66,,66550,68,4,,0,19,,66548,68,4,,0,18,,66578,68,4,,0,60,,66572,68,4,,0,16,,66549,68,4,,0,19,,66593,68,4,,0,17,,66564,68,4,,0,59,,66551,68,4,,0,16,,66585,68,4,,0,17,,66553,68,4,,0,60,,66552,68,4,,0,18,,66577,68,4,,0,20,,66565,68,4,,0,63,,66591,68,4,,0,13,,66557,68,4,,0,17,,66560,68,4,,0,20,,66583,68,4,,0,69,,66558,68,4,,0,74,,66561,68,4,,0,30,,66559,68,4,,0,74,,66584,68,4,,0,29,,66573,68,4,,0,75,,66574,68,4,,0,26,,66575,68,4,,0,68,,66582,68,4,,0,45,,66581,68,4,,0
1101,'4832',742,,66722,68,4,,0,85,,66727,68,4,,0,87,,66724,68,4,,0,86,,66723,68,4,,0,36,,66725,68,4,,0,72,,66726,68,4,,0,31,,66728,68,4,,0,70,,66729,68,4,,0,29,,66730,68,4,,0,70,,66731,68,4,,0,31,,66733,68,4,,0,68,,66735,68,4,,0,30,,66734,68,4,,0,70,,66732,68,4,,0,31,,66736,68,4,,0,70,,66737,68,4,,0,28,,66738,68,4,,0,69,,66739,68,4,,0,30,,66741,68,4,,0,69,,66740,68,4,,0,30,,66743,68,4,,0,69,,66742,68,4,,0,30,,66745,68,4,,0,75,,66744,68,4,,0,43,,66746,68,4,,0,80,,66747,68,4,,0,84,,66748,68,4,,0,43,,66749,68,4,,0,77,,66750,68,4,,0,78,,66751,68,4,,0
1101,'4833',722,,66609,68,4,,0,37,,66597,68,4,,0,75,,66602,68,4,,0,70,,66627,68,4,,0,39,,66610,68,4,,0,70,,66596,68,4,,0,30,,66605,68,4,,0,72,,66621,68,4,,0,25,,66599,68,4,,0,60,,66623,68,4,,0,26,,66611,68,4,,0,25,,66598,68,4,,0,67,,66603,68,4,,0,25,,66620,68,4,,0,65,,66600,68,4,,0,26,,66618,68,4,,0,66,,66608,68,4,,0,25,,66601,68,4,,0,25,,66607,68,4,,0,65,,66629,68,4,,0,25,,66604,68,4,,0,63,,66622,68,4,,0,25,,66612,68,4,,0,24,,66606,68,4,,0,65,,66628,68,4,,0,24,,66619,68,4,,0,64,,66625,68,4,,0,25,,66626,68,4,,0,22,,66613,68,4,,0,65,,66624,68,4,,0,25,,66617,68,4,,0,65,,66616,68,4,,0,25,,66614,68,4,,0,75,,66615,68,4,,0,30,,66632,68,4,,0,69,,66630,68,4,,0,31,,66631,68,4,,0,68,,66633,68,4,,0,44,,66634,68,4,,0
1101,'5222',626,,66720,68,4,,0,32,,66712,68,4,,0,61,,66695,68,4,,0,24,,66702,68,4,,0,61,,66680,68,4,,0,21,,66697,68,4,,0,20,,66716,68,4,,0,60,,66693,68,4,,0,19,,66713,68,4,,0,18,,66688,68,4,,0,59,,66681,68,4,,0,21,,66706,68,4,,0,25,,66696,68,4,,0,66,,66718,68,4,,0,25,,66692,68,4,,0,66,,66715,68,4,,0,25,,66682,68,4,,0,25,,66705,68,4,,0,66,,66689,68,4,,0,27,,66721,68,4,,0,65,,66694,68,4,,0,29,,66714,68,4,,0,66,,66676,68,4,,0,19,,66674,68,4,,0,18,,66704,68,4,,0,60,,66698,68,4,,0,16,,66675,68,4,,0,19,,66719,68,4,,0,17,,66690,68,4,,0,59,,66677,68,4,,0,16,,66711,68,4,,0,17,,66679,68,4,,0,60,,66678,68,4,,0,18,,66703,68,4,,0,20,,66691,68,4,,0,63,,66717,68,4,,0,13,,66683,68,4,,0,17,,66686,68,4,,0,20,,66709,68,4,,0,69,,66684,68,4,,0,74,,66687,68,4,,0,30,,66685,68,4,,0,74,,66710,68,4,,0,29,,66699,68,4,,0,75,,66700,68,4,,0,26,,66701,68,4,,0,68,,66708,68,4,,0,45,,66707,68,4,,0
1101,'5390',742,,66752,68,4,,0,85,,66757,68,4,,0,87,,66754,68,4,,0,86,,66753,68,4,,0,36,,66755,68,4,,0,72,,66756,68,4,,0,31,,66758,68,4,,0,70,,66759,68,4,,0,29,,66760,68,4,,0,70,,66761,68,4,,0,31,,66763,68,4,,0,68,,66765,68,4,,0,30,,66764,68,4,,0,70,,66762,68,4,,0,31,,66766,68,4,,0,70,,66767,68,4,,0,28,,66768,68,4,,0,69,,66769,68,4,,0,30,,66771,68,4,,0,69,,66770,68,4,,0,30,,66773,68,4,,0,69,,66772,68,4,,0,30,,66775,68,4,,0,75,,66774,68,4,,0,43,,66776,68,4,,0,80,,66777,68,4,,0,84,,66778,68,4,,0,43,,66779,68,4,,0,77,,66780,68,4,,0,78,,66781,68,4,,0
