601,'4332',556,,38234,6,,,0,63,,38235,6,,,0,20,,38232,6,,,0,77,,38236,6,,,0,16,,38237,6,,,0,19,,38238,6,,,0,73,,38239,6,,,0,14,,38240,6,,,0,15,,38241,6,,,0,67,,38242,6,,,0,13,,38243,6,,,0,13,,38233,6,,,0,62,,38244,6,,,0,12,,38245,6,,,0,12,,38246,6,,,0,24,,38248,6,,,0,51,,38249,6,,,0,12,,38247,6,,,0,24,,38250,6,,,0,11,,38251,6,,,0,52,,38252,6,,,0,23,,38259,6,,,0,12,,38253,6,,,0,12,,38254,6,,,0,64,,38255,6,,,0,10,,38256,6,,,0,11,,38257,6,,,0,20,,38260,6,,,0,50,,38261,6,,,0,11,,38262,6,,,0,21,,38258,6,,,0,11,,38263,6,,,0,50,,38268,6,,,0,21,,38264,6,,,0,10,,38265,6,,,0,10,,38266,6,,,0,61,,38267,6,,,0,10,,38269,6,,,0,10,,38270,6,,,0,11,,38271,6,,,0,24,,38272,6,,,0,53,,38273,6,,,0,12,,38274,6,,,0,13,,38275,6,,,0,65,,38276,6,,,0,12,,38277,6,,,0,13,,38278,6,,,0,15,,38279,6,,,0,70,,38280,6,,,0,16,,38281,6,,,0,15,,38282,6,,,0,77,,38283,6,,,0,18,,38284,6,,,0,76,,38285,6,,,0,18,,38286,6,,,0,82,,38287,6,,,0,25,,38288,6,,,0,96,,38289,6,,,0,66,,38290,6,,,0,31,,38291,6,,,0,71,,38292,6,,,0,30,,38293,6,,,0,71,,38294,6,,,0,29,,38295,6,,,0
601,'4661',536,,38173,6,,,0,15,,38167,6,,,0,68,,38161,6,,,0,24,,38172,6,,,0,15,,38138,6,,,0,54,,38157,6,,,0,6,,38130,6,,,0,15,,38160,6,,,0,16,,38148,6,,,0,52,,38139,6,,,0,18,,38168,6,,,0,18,,38156,6,,,0,17,,38162,6,,,0,57,,38127,6,,,0,20,,38141,6,,,0,22,,38133,6,,,0,63,,38163,6,,,0,23,,38150,6,,,0,63,,38169,6,,,0,24,,38158,6,,,0,88,,38142,6,,,0,25,,38132,6,,,0,65,,38164,6,,,0,23,,38149,6,,,0,21,,38143,6,,,0,60,,38131,6,,,0,19,,38159,6,,,0,20,,38174,6,,,0,58,,38124,6,,,0,15,,38144,6,,,0,11,,38171,6,,,0,20,,38125,6,,,0,59,,38165,6,,,0,19,,38152,6,,,0,22,,38146,6,,,0,62,,38134,6,,,0,27,,38166,6,,,0,64,,38153,6,,,0,12,,38170,6,,,0,25,,38137,6,,,0,71,,38128,6,,,0,33,,38145,6,,,0,77,,38129,6,,,0,18,,38151,6,,,0,76,,38136,6,,,0,22,,38135,6,,,0,90,,38140,6,,,0,100,,38154,6,,,0,73,,38147,6,,,0,31,,38155,6,,,0
601,'4663',536,,38229,6,,,0,15,,38223,6,,,0,68,,38217,6,,,0,24,,38228,6,,,0,15,,38190,6,,,0,54,,38211,6,,,0,6,,38182,6,,,0,15,,38216,6,,,0,16,,38200,6,,,0,52,,38191,6,,,0,18,,38224,6,,,0,18,,38210,6,,,0,17,,38218,6,,,0,57,,38179,6,,,0,20,,38193,6,,,0,22,,38185,6,,,0,63,,38219,6,,,0,23,,38202,6,,,0,63,,38225,6,,,0,24,,38212,6,,,0,24,,51616,6,,,0,64,,38194,6,,,0,25,,38184,6,,,0,65,,38220,6,,,0,23,,38201,6,,,0,21,,38195,6,,,0,60,,38183,6,,,0,19,,38213,6,,,0,20,,38230,6,,,0,58,,38176,6,,,0,15,,38196,6,,,0,11,,38227,6,,,0,20,,38177,6,,,0,59,,38221,6,,,0,19,,38204,6,,,0,22,,38198,6,,,0,62,,38186,6,,,0,27,,38222,6,,,0,64,,38205,6,,,0,12,,38226,6,,,0,25,,38189,6,,,0,71,,38180,6,,,0,33,,38197,6,,,0,77,,38181,6,,,0,18,,38203,6,,,0,76,,38188,6,,,0,22,,38187,6,,,0,90,,38192,6,,,0,100,,38206,6,,,0,73,,38199,6,,,0,31,,38208,6,,,0,70,,38207,6,,,0,31,,38209,6,,,0,71,,38214,6,,,0,30,,38215,6,,,0
601,'5078',637,,38333,6,,,0,95,,38307,6,,,0,84,,38316,6,,,0,19,,38306,6,,,0,79,,38332,6,,,0,16,,38321,6,,,0,15,,38343,6,,,0,70,,38296,6,,,0,16,,38335,6,,,0,15,,38323,6,,,0,70,,38305,6,,,0,15,,38298,6,,,0,12,,38297,6,,,0,64,,38325,6,,,0,12,,38300,6,,,0,12,,38301,6,,,0,12,,38315,6,,,0,64,,38299,6,,,0,12,,38340,6,,,0,12,,38324,6,,,0,12,,38304,6,,,0,64,,38314,6,,,0,12,,38303,6,,,0,12,,38302,6,,,0,12,,38338,6,,,0,64,,38310,6,,,0,13,,38311,6,,,0,12,,38313,6,,,0,12,,38312,6,,,0,65,,38339,6,,,0,12,,38318,6,,,0,12,,38308,6,,,0,12,,38309,6,,,0,64,,38344,6,,,0,12,,38320,6,,,0,13,,38336,6,,,0,16,,38317,6,,,0,70,,38322,6,,,0,19,,38319,6,,,0,18,,38330,6,,,0,77,,38327,6,,,0,18,,38326,6,,,0,74,,38328,6,,,0,17,,38329,6,,,0,75,,38334,6,,,0,20,,38337,6,,,0,97,,38331,6,,,0,71,,38342,6,,,0,42,,38341,6,,,0
601,'5079',637,,38382,6,,,0,95,,38356,6,,,0,84,,38365,6,,,0,19,,38355,6,,,0,79,,38381,6,,,0,16,,38370,6,,,0,15,,38392,6,,,0,70,,38345,6,,,0,16,,38384,6,,,0,15,,38372,6,,,0,70,,38354,6,,,0,15,,38347,6,,,0,12,,38346,6,,,0,64,,38374,6,,,0,12,,38349,6,,,0,12,,38350,6,,,0,12,,38364,6,,,0,64,,38348,6,,,0,12,,38389,6,,,0,12,,38373,6,,,0,12,,38353,6,,,0,64,,38363,6,,,0,12,,38352,6,,,0,12,,38351,6,,,0,12,,38387,6,,,0,64,,38359,6,,,0,13,,38360,6,,,0,12,,38362,6,,,0,12,,38361,6,,,0,65,,38388,6,,,0,12,,38367,6,,,0,12,,38357,6,,,0,12,,38358,6,,,0,64,,38393,6,,,0,12,,38369,6,,,0,13,,38385,6,,,0,16,,38366,6,,,0,70,,38371,6,,,0,19,,38368,6,,,0,18,,38379,6,,,0,77,,38376,6,,,0,18,,38375,6,,,0,74,,38377,6,,,0,17,,38378,6,,,0,75,,38383,6,,,0,20,,38386,6,,,0,97,,38380,6,,,0,71,,38391,6,,,0,42,,38390,6,,,0
601,'5214',1150,,38175,6,,,0
601,'5217',1150,,51617,6,,,0
1000601,'4332',659,,48519,14,,,0,149,,48520,14,,,0,99,,48521,14,,,0,49,,48522,14,,,0,88,,48523,14,,,0,87,,48524,14,,,0,87,,48525,14,,,0,88,,48526,14,,,0,42,,48528,14,,,0,82,,48527,14,,,0,82,,48529,14,,,0,42,,48530,14,,,0,93,,48531,14,,,0,101,,48532,14,,,0,109,,48533,14,,,0,143,,48534,14,,,0,54,,48535,14,,,0,99,,48536,14,,,0,150,,48537,14,,,0
1000601,'4661',605,,48489,14,,,0,47,,48484,14,,,0,73,,48478,14,,,0,29,,48492,14,,,0,74,,48479,14,,,0,75,,48493,14,,,0,39,,48491,14,,,0,86,,48494,14,,,0,86,,48480,14,,,0,88,,48486,14,,,0,50,,48490,14,,,0,86,,48474,14,,,0,119,,48487,14,,,0,85,,48481,14,,,0,76,,48475,14,,,0,84,,48477,14,,,0,49,,48476,14,,,0,105,,48495,14,,,0,147,,48482,14,,,0,55,,48485,14,,,0,100,,48488,14,,,0,100,,48483,14,,,0
1000601,'4663',605,,48512,14,,,0,47,,48507,14,,,0,73,,48501,14,,,0,29,,48515,14,,,0,74,,48502,14,,,0,75,,48516,14,,,0,39,,48514,14,,,0,86,,48517,14,,,0,86,,48503,14,,,0,88,,48509,14,,,0,50,,48513,14,,,0,86,,48497,14,,,0,80,,52680,14,,,0,39,,48510,14,,,0,85,,48504,14,,,0,76,,48498,14,,,0,84,,48500,14,,,0,49,,48499,14,,,0,105,,48518,14,,,0,147,,48505,14,,,0,55,,48508,14,,,0,100,,48511,14,,,0,100,,48506,14,,,0
1000601,'5078',707,,48545,14,,,0,50,,48551,14,,,0,97,,48539,14,,,0,146,,48543,14,,,0,101,,48538,14,,,0,54,,48553,14,,,0,100,,48540,14,,,0,100,,48541,14,,,0,100,,48547,14,,,0,101,,48544,14,,,0,101,,48542,14,,,0,149,,48546,14,,,0,110,,48548,14,,,0,93,,48550,14,,,0,91,,48549,14,,,0,108,,48552,14,,,0
1000601,'5079',707,,48561,14,,,0,50,,48567,14,,,0,97,,48555,14,,,0,146,,48559,14,,,0,101,,48554,14,,,0,54,,48569,14,,,0,100,,48556,14,,,0,100,,48557,14,,,0,100,,48563,14,,,0,101,,48560,14,,,0,101,,48558,14,,,0,149,,48562,14,,,0,110,,48564,14,,,0,93,,48566,14,,,0,91,,48565,14,,,0,108,,48568,14,,,0
1000601,'5214',1418,,51558,14,,,0
1000601,'5217',1418,,52681,14,,,0
2000601,'4661',631,,48717,9,,,0,74,,48723,9,,,0,37,,48711,9,,,0,68,,48714,9,,,0,36,,48712,9,,,0,73,,48716,9,,,0,87,,48719,9,,,0,46,,48713,9,,,0,86,,48721,9,,,0,89,,48724,9,,,0,131,,48725,9,,,0,79,,48722,9,,,0,77,,51590,9,,,0,87,,48720,9,,,0,40,,48710,9,,,0,86,,48727,9,,,0,102,,48715,9,,,0,98,,48718,9,,,0
2000601,'4663',631,,48736,9,,,0,74,,48742,9,,,0,37,,48730,9,,,0,68,,48733,9,,,0,36,,48731,9,,,0,73,,48735,9,,,0,87,,48738,9,,,0,46,,48732,9,,,0,86,,48740,9,,,0,89,,48743,9,,,0,89,,52685,9,,,0,42,,48744,9,,,0,79,,48741,9,,,0,77,,51589,9,,,0,87,,48739,9,,,0,40,,48729,9,,,0,86,,48746,9,,,0,102,,48734,9,,,0,98,,48737,9,,,0
2000601,'5214',1316,,48726,9,,,0
2000601,'5217',1316,,52686,9,,,0
