4800,'4623',624,,72848,16,,,0,27,,72847,16,,,0,70,,72846,16,,,0
4800,'5222',624,,72851,16,,,0,27,,72850,16,,,0,70,,72849,16,,,0
5200,'4532',644,,73041,31,,,0,70,,73040,31,,,0,41,,73035,31,,,0,75,,73043,31,,,0,71,,73038,31,,,0,33,,73024,31,,,0,70,,73031,31,,,0,30,,73050,31,,,0,72,,73029,31,,,0,34,,73026,31,,,0,73,,73032,31,,,0,32,,73052,31,,,0,75,,73027,31,,,0,33,,73025,31,,,0,76,,73034,31,,,0,26,,73051,31,,,0,74,,73030,31,,,0,72,,73037,31,,,0,35,,73033,31,,,0,69,,73048,31,,,0,30,,73028,31,,,0,69,,73039,31,,,0,22,,73045,31,,,0,25,,73036,31,,,0,64,,73044,31,,,0,24,,73047,31,,,0,68,,73046,31,,,0,28,,73042,31,,,0,70,,73049,31,,,0,100,,73053,31,,,0,53,,73054,31,,,0,148,,73055,31,,,0
5200,'4623',510,,72979,31,,,0,31,,72988,31,,,0,74,,72968,31,,,0,18,,72956,31,,,0,23,,72980,31,,,0,61,,72961,31,,,0,29,,72989,31,,,0,74,,72969,31,,,0,27,,72957,31,,,0,68,,72981,31,,,0,31,,72962,31,,,0,67,,72990,31,,,0,30,,72963,31,,,0,75,,72970,31,,,0,33,,72958,31,,,0,71,,72982,31,,,0,29,,72964,31,,,0,78,,72971,31,,,0,74,,72959,31,,,0,32,,72983,31,,,0,70,,72965,31,,,0,34,,72972,31,,,0,73,,72973,31,,,0,31,,72960,31,,,0,67,,72984,31,,,0,28,,72966,31,,,0,73,,72974,31,,,0,29,,72975,31,,,0,75,,72985,31,,,0,28,,72967,31,,,0,69,,72977,31,,,0,29,,72976,31,,,0,71,,72986,31,,,0,94,,72978,31,,,0,100,,72987,31,,,0,100,,72991,31,,,0
5200,'4832',714,,73113,31,,,0,32,,73095,31,,,0,81,,73098,31,,,0,31,,73112,31,,,0,72,,73106,31,,,0,72,,73094,31,,,0,31,,73097,31,,,0,72,,73108,31,,,0,31,,73102,31,,,0,72,,73093,31,,,0,33,,73096,31,,,0,70,,73111,31,,,0,31,,73104,31,,,0,78,,73092,31,,,0,29,,73100,31,,,0,74,,73110,31,,,0,34,,73103,31,,,0,73,,73119,31,,,0,29,,73099,31,,,0,70,,73109,31,,,0,28,,73105,31,,,0,70,,73107,31,,,0,29,,73101,31,,,0,69,,73115,31,,,0,79,,73114,31,,,0,99,,73116,31,,,0,98,,73118,31,,,0,106,,73117,31,,,0
5200,'5222',510,,73079,31,,,0,31,,73088,31,,,0,74,,73068,31,,,0,18,,73056,31,,,0,23,,73080,31,,,0,61,,73061,31,,,0,29,,73089,31,,,0,74,,73069,31,,,0,27,,73057,31,,,0,68,,73081,31,,,0,31,,73062,31,,,0,67,,73090,31,,,0,30,,73063,31,,,0,75,,73070,31,,,0,33,,73058,31,,,0,71,,73082,31,,,0,29,,73064,31,,,0,78,,73071,31,,,0,74,,73059,31,,,0,32,,73083,31,,,0,70,,73065,31,,,0,34,,73072,31,,,0,73,,73073,31,,,0,31,,73060,31,,,0,67,,73084,31,,,0,28,,73066,31,,,0,73,,73074,31,,,0,29,,73075,31,,,0,75,,73085,31,,,0,28,,73067,31,,,0,69,,73077,31,,,0,29,,73076,31,,,0,71,,73086,31,,,0,94,,73078,31,,,0,100,,73087,31,,,0,100,,73091,31,,,0
5200,'5390',714,,73141,31,,,0,32,,73123,31,,,0,81,,73126,31,,,0,31,,73140,31,,,0,72,,73134,31,,,0,72,,73122,31,,,0,31,,73125,31,,,0,72,,73136,31,,,0,31,,73130,31,,,0,72,,73121,31,,,0,33,,73124,31,,,0,70,,73139,31,,,0,31,,73132,31,,,0,78,,73120,31,,,0,29,,73128,31,,,0,74,,73138,31,,,0,34,,73131,31,,,0,73,,73147,31,,,0,29,,73127,31,,,0,70,,73137,31,,,0,28,,73133,31,,,0,70,,73135,31,,,0,29,,73129,31,,,0,69,,73143,31,,,0,79,,73142,31,,,0,99,,73144,31,,,0,98,,73146,31,,,0,106,,73145,31,,,0
5901,'4532',706,,74164,30,,,0,100,,74165,30,,,0,101,,74166,30,,,0,101,,74162,30,,,0,105,,74163,30,,,0,105,,74161,30,,,0,105,,74160,30,,,0,105,,74159,30,,,0,106,,74158,30,,,0,102,,74157,30,,,0,103,,74156,30,,,0,104,,74155,30,,,0,105,,74154,30,,,0,160,,74153,30,,,0
5901,'4623',705,,74129,30,,,0,31,,74122,30,,,0,104,,74123,30,,,0,103,,74124,30,,,0,101,,74125,30,,,0,96,,74130,30,,,0,103,,74131,30,,,0,104,,74132,30,,,0,105,,74133,30,,,0,104,,74126,30,,,0,80,,74127,30,,,0,83,,74134,30,,,0,83,,74135,30,,,0,41,,74128,30,,,0,103,,74136,30,,,0,104,,74138,30,,,0,154,,74137,30,,,0
5901,'4832',806,,74185,30,,,0,101,,74184,30,,,0,101,,74186,30,,,0,105,,74188,30,,,0,105,,74187,30,,,0,105,,74191,30,,,0,105,,74192,30,,,0,106,,74190,30,,,0,102,,74189,30,,,0,103,,74195,30,,,0,104,,74194,30,,,0,105,,74196,30,,,0,160,,74193,30,,,0
5901,'5222',705,,74174,30,,,0,31,,74167,30,,,0,104,,74168,30,,,0,103,,74169,30,,,0,101,,74170,30,,,0,96,,74175,30,,,0,103,,74176,30,,,0,104,,74177,30,,,0,105,,74178,30,,,0,104,,74171,30,,,0,80,,74172,30,,,0,83,,74179,30,,,0,83,,74180,30,,,0,41,,74173,30,,,0,103,,74181,30,,,0,104,,74183,30,,,0,154,,74182,30,,,0
5901,'5390',806,,74198,30,,,0,101,,74197,30,,,0,101,,74199,30,,,0,105,,74201,30,,,0,105,,74200,30,,,0,105,,74204,30,,,0,105,,74205,30,,,0,106,,74203,30,,,0,102,,74202,30,,,0,103,,74208,30,,,0,104,,74207,30,,,0,105,,74209,30,,,0,160,,74206,30,,,0
