6100,'4623',507,,74420,1,,,0,38,,74400,1,,,0,55,,74421,1,,,0,20,,74402,1,,,0,24,,74398,1,,,0,60,,74389,1,,,0,17,,74397,1,,,0,28,,74392,1,,,0
6100,'5222',507,,74514,1,,,0,38,,74494,1,,,0,55,,74515,1,,,0,20,,74496,1,,,0,24,,74492,1,,,0,60,,74483,1,,,0,17,,74491,1,,,0,28,,74486,1,,,0
6101,'4532',614,,74624,40,,,0,97,,74625,41,,,0,38,,74626,41,,,0,101,,74627,41,,,0,84,,74628,41,,,0,90,,74629,41,,,0,31,,74630,41,,,0,89,,74631,41,,,0,72,,74632,41,,,0,32,,74633,41,,,0,84,,74634,41,,,0,77,,74635,41,,,0,36,,74636,41,,,0,75,,74637,41,,,0,26,,74638,41,,,0,76,,74639,41,,,0,78,,74640,41,,,0,33,,74641,41,,,0,74,,74642,41,,,0,36,,74643,41,,,0,76,,74644,41,,,0,36,,74645,41,,,0,81,,74646,41,,,0,83,,74647,41,,,0,97,,74648,41,,,0,86,,74649,41,,,0,99,,74650,41,,,0,42,,74651,41,,,0,100,,74652,41,,,0
6101,'4623',543,,74592,41,4,,0,68,,74574,41,4,,0,30,,74571,41,4,,0,66,,74572,41,4,,0,37,,74591,41,,,0,80,,74577,41,,,0,77,,74570,41,,,0,25,,74594,41,,,0,74,,74573,41,,,0,50,,74575,41,,,0,76,,74590,41,,,0,78,,74579,41,,,0,37,,74576,41,,,0,77,,74593,41,,,0,27,,74580,41,,,0,76,,74578,41,,,0,34,,74561,41,,,0,72,,74560,41,,,0,32,,74562,41,,,0,67,,74595,64,,,0,18,,74567,41,,,0,57,,74581,64,,,0,34,,74564,64,,,0,19,,74566,64,,,0,51,,74563,64,,,0,22,,74569,64,,,0,75,,74568,64,,,0,13,,74584,41,,,0,30,,74565,41,,,0,86,,74582,41,,,0,89,,74583,41,,,0,97,,74586,41,,,0,84,,74585,41,,,0,56,,74587,41,,,0,84,,74588,41,,,0,99,,74589,41,,,0
6101,'4832',619,,74690,40,,,0,103,,74688,40,,,0,34,,74691,41,,,0,89,,74689,41,,,0,94,,74692,41,,,0,87,,74693,41,,,0,88,,74694,41,,,0,87,,74695,41,,,0,103,,74696,41,,,0,46,,74697,41,,,0,101,,74698,41,,,0,85,,74699,41,,,0,101,,74700,41,,,0,80,,74701,41,,,0,100,,74702,41,,,0,89,,74703,41,,,0,97,,74704,41,,,0,100,,74705,41,,,0,41,,74706,41,,,0,99,,74707,41,,,0,96,,74708,41,,,0
6101,'5222',543,,74684,41,4,,0,68,,74667,41,4,,0,30,,74664,41,4,,0,66,,74665,41,4,,0,37,,74683,41,,,0,80,,74670,41,,,0,77,,74663,41,,,0,25,,74686,41,,,0,74,,74666,41,,,0,50,,74668,41,,,0,76,,74682,41,,,0,78,,74672,41,,,0,37,,74669,41,,,0,77,,74685,41,,,0,27,,74673,41,,,0,76,,74671,41,,,0,34,,74654,41,,,0,72,,74653,41,,,0,32,,74655,41,,,0,67,,74687,64,,,0,18,,74660,41,,,0,57,,74674,64,,,0,34,,74657,64,,,0,19,,74659,64,,,0,51,,74656,64,,,0,22,,74662,64,,,0,75,,74661,64,,,0,13,,74677,41,,,0,30,,74658,41,,,0,86,,74675,41,,,0,89,,74676,41,,,0,97,,74679,41,,,0,84,,74678,41,,,0,56,,74680,41,,,0,84,,74681,41,,,0
6101,'5390',619,,74711,40,,,0,103,,74709,40,,,0,34,,74712,41,,,0,89,,74710,41,,,0,94,,74713,41,,,0,87,,74714,41,,,0,88,,74715,41,,,0,87,,74716,41,,,0,103,,74717,41,,,0,46,,74718,41,,,0,101,,74719,41,,,0,85,,74720,41,,,0,101,,74721,41,,,0,80,,74722,41,,,0,100,,74723,41,,,0,89,,74724,41,,,0,97,,74725,41,,,0,100,,74726,41,,,0,41,,74727,41,,,0,99,,74728,41,,,0,96,,74729,41,,,0
6401,'4623',756,,74757,93,4,,0,203,,74755,48,4,,0,380,,74758,93,4,,0,279,,74756,34,4,,0
6401,'5222',756,,74764,93,4,,0,203,,74762,48,4,,0,380,,74765,93,4,,0,279,,74763,34,4,,0
6500,'4623',526,,74769,1,,,0,101,,74768,1,,,0,23,,74767,1,,,0,80,,74766,1,,,0
6500,'5222',526,,74773,1,,,0,101,,74772,1,,,0,23,,74771,1,,,0,80,,74770,1,,,0
6501,'4623',1717,,74774,59,,,0,26,,74777,59,,,0,70,,74776,59,,,0,29,,74775,59,,,0
6501,'5222',1717,,74778,59,,,0,26,,74781,59,,,0,70,,74780,59,,,0,29,,74779,59,,,0
