5500,'4487',813,,12962,21,,,0,201,,12958,21,,,0,213,,12959,21,,,0,204,,12960,21,,,0,211,,12961,21,,,0,209,,12957,21,,,0,264,,12956,21,,,0
5500,'4737',618,,12963,21,,,0,131,,12965,21,,,0,174,,12964,21,,,0,214,,12966,21,,,0,198,,12967,21,,,0,173,,12968,21,,,0,106,,12969,21,,,0,143,,12970,21,,,0,189,,12971,21,,,0,198,,12972,21,,,0
5500,'4740',813,,12979,21,,,0,201,,12975,21,,,0,213,,12976,21,,,0,204,,12977,21,,,0,211,,12978,21,,,0,209,,12974,21,,,0,264,,12973,21,,,0
5500,'4744',618,,12980,21,,,0,131,,12982,21,,,0,174,,12981,21,,,0,214,,12983,21,,,0,198,,12984,21,,,0,173,,12985,21,,,0,106,,12986,21,,,0,143,,12987,21,,,0,189,,12988,21,,,0,198,,12989,21,,,0
5500,'4745',812,,12990,21,,,0,201,,12993,21,,,0,214,,12992,21,,,0,205,,12991,21,,,0,210,,12995,21,,,0,208,,12996,21,,,0,264,,12994,21,,,0
5500,'4947',618,,12997,21,,,0,131,,12999,21,,,0,174,,12998,21,,,0,214,,13000,21,,,0,198,,13001,21,,,0,173,,13002,21,,,0,106,,13003,21,,,0,143,,13004,21,,,0,189,,13005,21,,,0,198,,13006,21,,,0
5500,'4954',812,,13007,21,,,0,201,,13010,21,,,0,214,,13009,21,,,0,205,,13008,21,,,0,210,,13012,21,,,0,208,,13013,21,,,0,264,,13011,21,,,0
6400,'4737',734,,14444,47,,,0,507,,14446,78,,,0,580,,14448,63,,,0
6400,'4744',734,,14451,47,,,0,507,,14453,78,,,0,580,,14455,63,,,0
6400,'4947',734,,14458,47,,,0,507,,14460,78,,,0,580,,14462,63,,,0
