300,'4623',608,,63632,8,,,0,31,,63631,8,,,0,76,,63630,8,,,0,37,,63629,8,,,0,80,,63628,8,,,0,73,,63627,8,,,0,29,,63620,8,,,0,70,,63621,8,,,0,29,,63619,8,,,0,69,,63618,8,,,0,30,,63624,8,,,0,74,,63616,8,,,0,31,,63617,8,,,0,69,,63623,8,,,0,30,,63615,8,,,0,74,,63614,8,,,0,34,,63622,8,,,0,75,,63613,8,,,0,34,,63612,8,,,0,73,,63625,8,,,0,78,,63611,8,,,0,31,,63610,8,,,0,72,,63626,8,,,0,28,,63609,8,,,0,72,,63608,8,,,0,23,,63606,8,,,0,28,,63605,8,,,0,69,,63604,8,,,0,88,,63607,8,0,5,0
300,'4833',646,,63656,8,,,0,68,,63639,8,,,0,30,,63633,8,,,0,67,,63648,8,,,0,32,,63641,8,,,0,66,,63658,8,,,0,33,,63647,8,,,0,67,,63634,8,,,0,26,,63655,8,,,0,72,,63646,8,,,0,28,,63637,8,,,0,71,,63659,8,,,0,29,,63649,8,,,0,72,,63636,8,,,0,28,,63643,8,,,0,75,,63635,8,,,0,28,,63642,8,,,0,81,,63640,8,,,0,33,,63644,8,,,0,76,,63638,8,,,0,27,,63645,8,,,0,74,,63651,8,,,0,71,,63652,8,,,0,30,,63650,8,,,0,27,,63653,8,,,0,69,,63654,8,,,0,33,,63660,8,,,0,69,,63657,8,,,0,87,,63661,8,0,5,0
300,'5015',646,,63685,8,,,0,68,,63668,8,,,0,30,,63662,8,,,0,67,,63677,8,,,0,32,,63670,8,,,0,66,,63687,8,,,0,33,,63676,8,,,0,67,,63663,8,,,0,26,,63684,8,,,0,72,,63675,8,,,0,28,,63666,8,,,0,71,,63688,8,,,0,29,,63678,8,,,0,72,,63665,8,,,0,28,,63672,8,,,0,75,,63664,8,,,0,28,,63671,8,,,0,81,,63669,8,,,0,33,,63673,8,,,0,76,,63667,8,,,0,27,,63674,8,,,0,74,,63680,8,,,0,71,,63681,8,,,0,30,,63679,8,,,0,27,,63682,8,,,0,69,,63683,8,,,0,33,,63689,8,,,0,69,,63686,8,,,0,87,,63690,8,0,5,0
300,'5078',700,,53028,8,,,0,43,,53016,8,,,0,80,,53029,8,,,0,82,,53023,8,,,0,37,,53027,8,,,0,78,,53014,8,,,0,21,,53024,8,,,0,68,,53019,8,,,0,32,,53015,8,,,0,66,,53020,8,,,0,33,,53018,8,,,0,66,,53017,8,,,0,34,,53021,8,,,0,74,,53022,8,,,0,30,,53025,8,,,0,78,,53026,8,,,0,29,,53033,8,,,0,70,,53030,8,,,0,31,,53031,8,,,0,67,,53032,8,,,0,34,,53035,8,,,0,69,,53034,8,,,0,31,,53036,8,,,0,74,,53037,8,,,0,86,,53038,8,0,5,0
300,'5222',608,,63719,8,,,0,31,,63718,8,,,0,76,,63717,8,,,0,37,,63716,8,,,0,80,,63715,8,,,0,73,,63714,8,,,0,29,,63707,8,,,0,70,,63708,8,,,0,29,,63706,8,,,0,69,,63705,8,,,0,30,,63711,8,,,0,74,,63703,8,,,0,31,,63704,8,,,0,69,,63710,8,,,0,30,,63702,8,,,0,74,,63701,8,,,0,34,,63709,8,,,0,75,,63700,8,,,0,34,,63699,8,,,0,73,,63712,8,,,0,78,,63698,8,,,0,31,,63697,8,,,0,72,,63713,8,,,0,28,,63696,8,,,0,72,,63695,8,,,0,23,,63693,8,,,0,28,,63692,8,,,0,69,,63691,8,,,0,88,,63694,8,0,5,0
300,'5365',700,,63734,8,,,0,43,,63722,8,,,0,80,,63735,8,,,0,82,,63729,8,,,0,37,,63733,8,,,0,78,,63720,8,,,0,21,,63730,8,,,0,68,,63725,8,,,0,32,,63721,8,,,0,66,,63726,8,,,0,33,,63724,8,,,0,66,,63723,8,,,0,34,,63727,8,,,0,74,,63728,8,,,0,30,,63731,8,,,0,78,,63732,8,,,0,29,,63739,8,,,0,70,,63736,8,,,0,31,,63737,8,,,0,67,,63738,8,,,0,34,,63741,8,,,0,69,,63740,8,,,0,31,,63742,8,,,0,74,,63743,8,,,0,86,,63744,8,0,5,0
300,'5390',700,,63759,8,,,0,43,,63747,8,,,0,80,,63760,8,,,0,82,,63754,8,,,0,37,,63758,8,,,0,78,,63745,8,,,0,21,,63755,8,,,0,68,,63750,8,,,0,32,,63746,8,,,0,66,,63751,8,,,0,33,,63749,8,,,0,66,,63748,8,,,0,34,,63752,8,,,0,74,,63753,8,,,0,30,,63756,8,,,0,78,,63757,8,,,0,29,,63764,8,,,0,70,,63761,8,,,0,31,,63762,8,,,0,67,,63763,8,,,0,34,,63766,8,,,0,69,,63765,8,,,0,31,,63767,8,,,0,74,,63768,8,,,0,86,,63769,8,0,5,0
700,'4623',607,,65557,20,,,0,24,,65550,20,,,0,18,,65553,20,,,0,60,,65549,20,,,0,19,,65552,20,,,0,20,,65564,20,,,0,60,,65548,20,,,0,20,,65559,20,,,0,29,,65551,20,,,0,70,,65554,20,,,0,30,,65562,20,,,0,68,,65566,20,,,0,27,,65558,20,,,0,71,,65567,20,,,0,29,,65555,20,,,0,71,,65561,20,,,0,30,,65563,20,,,0,71,,65560,20,,,0,30,,65565,20,,,0,69,,65556,20,,,0,27,,65570,20,,,0,60,,65572,20,,,0,23,,65573,20,,,0,22,,65569,20,,,0,60,,65576,20,,,0,20,,65574,20,,,0,21,,65571,20,,,0,63,,65568,20,,,0,20,,65575,20,,,0,19,,65577,20,,,0,65,,65579,20,,,0,31,,65580,20,,,0,70,,65578,20,,,0,31,,65581,20,,,0,70,,65582,20,,,0,30,,65583,20,,,0,69,,65584,20,,,0
700,'4833',654,,65606,20,,,0,85,,65613,20,,,0,80,,65596,20,,,0,29,,65607,20,,,0,79,,65588,20,,,0,29,,65608,20,,,0,71,,65591,20,,,0,31,,65599,20,,,0,70,,65585,20,,,0,31,,65586,20,,,0,70,,65609,20,,,0,30,,65592,20,,,0,70,,65600,20,,,0,28,,65587,20,,,0,72,,65589,20,,,0,30,,65610,20,,,0,70,,65593,20,,,0,30,,65601,20,,,0,70,,65590,20,,,0,30,,65595,20,,,0,71,,65611,20,,,0,70,,65594,20,,,0,28,,65603,20,,,0,29,,65598,20,,,0,68,,65597,20,,,0,31,,65612,20,,,0,70,,65602,20,,,0,28,,65604,20,,,0,70,,65605,20,,,0
700,'5015',654,,65635,20,,,0,85,,65642,20,,,0,80,,65625,20,,,0,29,,65636,20,,,0,79,,65617,20,,,0,29,,65637,20,,,0,71,,65620,20,,,0,31,,65628,20,,,0,70,,65614,20,,,0,31,,65615,20,,,0,70,,65638,20,,,0,30,,65621,20,,,0,70,,65629,20,,,0,28,,65616,20,,,0,72,,65618,20,,,0,30,,65639,20,,,0,70,,65622,20,,,0,30,,65630,20,,,0,70,,65619,20,,,0,30,,65624,20,,,0,71,,65640,20,,,0,70,,65623,20,,,0,28,,65632,20,,,0,29,,65627,20,,,0,68,,65626,20,,,0,31,,65641,20,,,0,70,,65631,20,,,0,28,,65633,20,,,0,70,,65634,20,,,0
700,'5078',720,,54386,20,,,0,35,,54388,20,,,0,84,,54374,20,,,0,77,,54387,20,,,0,41,,54389,20,,,0,70,,54370,20,,,0,30,,54375,20,,,0,70,,54377,20,,,0,29,,54372,20,,,0,71,,54376,20,,,0,30,,54373,20,,,0,70,,54371,20,,,0,30,,54378,20,,,0,70,,54379,20,,,0,30,,54380,20,,,0,70,,54381,20,,,0,30,,54383,20,,,0,70,,54382,20,,,0,30,,54385,20,,,0,70,,54384,20,,,0,30,,54390,20,,,0,69,,54393,20,,,0,30,,54392,20,,,0,70,,54391,20,,,0,30,,54395,20,,,0,71,,54394,20,,,0
700,'5222',607,,65652,20,,,0,24,,65645,20,,,0,18,,65648,20,,,0,60,,65644,20,,,0,19,,65647,20,,,0,20,,65659,20,,,0,60,,65643,20,,,0,20,,65654,20,,,0,29,,65646,20,,,0,70,,65649,20,,,0,30,,65657,20,,,0,68,,65661,20,,,0,27,,65653,20,,,0,71,,65662,20,,,0,29,,65650,20,,,0,71,,65656,20,,,0,30,,65658,20,,,0,71,,65655,20,,,0,30,,65660,20,,,0,69,,65651,20,,,0,27,,65665,20,,,0,60,,65667,20,,,0,23,,65668,20,,,0,22,,65664,20,,,0,60,,65671,20,,,0,20,,65669,20,,,0,21,,65666,20,,,0,63,,65663,20,,,0,20,,65670,20,,,0,19,,65672,20,,,0,65,,65674,20,,,0,31,,65675,20,,,0,70,,65673,20,,,0,31,,65676,20,,,0,70,,65677,20,,,0,30,,65678,20,,,0,69,,65679,20,,,0
700,'5365',720,,65696,20,,,0,35,,65698,20,,,0,84,,65684,20,,,0,77,,65697,20,,,0,41,,65699,20,,,0,70,,65680,20,,,0,30,,65685,20,,,0,70,,65687,20,,,0,29,,65682,20,,,0,71,,65686,20,,,0,30,,65683,20,,,0,70,,65681,20,,,0,30,,65688,20,,,0,70,,65689,20,,,0,30,,65690,20,,,0,70,,65691,20,,,0,30,,65693,20,,,0,70,,65692,20,,,0,30,,65695,20,,,0,70,,65694,20,,,0,30,,65700,20,,,0,69,,65703,20,,,0,30,,65702,20,,,0,70,,65701,20,,,0,30,,65705,20,,,0,71,,65704,20,,,0
700,'5390',720,,65722,20,,,0,35,,65724,20,,,0,84,,65710,20,,,0,77,,65723,20,,,0,41,,65725,20,,,0,70,,65706,20,,,0,30,,65711,20,,,0,70,,65713,20,,,0,29,,65708,20,,,0,71,,65712,20,,,0,30,,65709,20,,,0,70,,65707,20,,,0,30,,65714,20,,,0,70,,65715,20,,,0,30,,65716,20,,,0,70,,65717,20,,,0,30,,65719,20,,,0,70,,65718,20,,,0,30,,65721,20,,,0,70,,65720,20,,,0,30,,65726,20,,,0,69,,65729,20,,,0,30,,65728,20,,,0,70,,65727,20,,,0,30,,65731,20,,,0,71,,65730,20,,,0
14000700,'4623',2153,,77648,20,0,5,0,69,,77647,20,0,5,0,32,,77649,20,0,5,0,70,,77650,20,0,5,0,31,,77651,20,0,5,0,69,,77652,20,0,5,0
14000700,'4833',2152,,77653,20,0,5,0,74,,77654,20,0,5,0,30,,77655,20,0,5,0,69,,77656,20,0,5,0,30,,77657,20,0,5,0,71,,77658,20,0,5,0
14000700,'5015',2152,,77659,20,0,5,0,74,,77660,20,0,5,0,30,,77661,20,0,5,0,69,,77662,20,0,5,0,30,,77663,20,0,5,0,71,,77664,20,0,5,0
14000700,'5078',2055,,63088,20,0,5,0,71,,63089,20,0,5,0,30,,63090,20,0,5,0,100,,63091,20,0,5,0,98,,63092,20,0,5,0
14000700,'5222',2153,,77666,20,0,5,0,69,,77665,20,0,5,0,32,,77667,20,0,5,0,70,,77668,20,0,5,0,31,,77669,20,0,5,0,69,,77670,20,0,5,0
14000700,'5365',2055,,77671,20,0,5,0,71,,77672,20,0,5,0,30,,77673,20,0,5,0,100,,77674,20,0,5,0,98,,77675,20,0,5,0
14000700,'5390',2055,,77676,20,0,5,0,71,,77677,20,0,5,0,30,,77678,20,0,5,0,100,,77679,20,0,5,0,98,,77680,20,0,5,0
