100,'4737',720,,5,24,,,0,83,,4,24,,,0,723,,3,26,,,0,88,,2,24,,,0,99,,1,24,,,0
100,'4744',720,,10,24,,,0,83,,9,24,,,0,723,,8,26,,,0,88,,7,24,,,0,99,,6,24,,,0
100,'4947',720,,15,24,,,0,83,,14,24,,,0,723,,13,26,,,0,88,,12,24,,,0,99,,11,24,,,0
200,'4487',621,,50,46,,,0,111,,53,46,,,0,124,,51,46,,,0,81,,39,46,,,0,88,,52,46,,,0,80,,37,46,,,0,40,,31,46,,,0,81,,38,46,,,0,80,,32,46,,,0,41,,45,46,,,0,81,,33,46,,,0,81,,36,46,,,0,40,,35,46,,,0,79,,34,46,,,0,79,,49,46,,,0,39,,48,46,,,0,74,,47,46,,,0,80,,41,46,,,0,34,,42,46,,,0,94,,44,46,,,0,80,,43,46,,,0,45,,59,46,,,0,80,,56,46,,,0,80,,55,46,,,0,37,,57,46,,,0,78,,54,46,,,0
200,'4737',616,,77,46,,,0,38,,69,46,,,0,60,,64,46,,,0,33,,78,46,,,0,72,,72,46,,,0,32,,63,46,,,0,71,,76,46,,,0,29,,73,46,,,0,86,,62,46,,,0,78,,65,46,,,0,42,,66,46,,,0,81,,75,46,,,0,80,,68,46,,,0,41,,67,46,,,0,81,,74,46,,,0,79,,70,46,,,0,34,,71,46,,,0,76,,79,46,,,0,77,,80,46,,,0,47,,82,46,,,0,72,,81,46,,,0,78,,86,46,,,0,49,,84,46,,,0,78,,85,46,,,0,82,,90,46,,,0,40,,89,46,,,0,78,,91,46,,,0,78,,92,46,,,0,39,,93,46,,,0,78,,94,46,,,0
200,'4740',621,,116,46,,,0,111,,119,46,,,0,124,,117,46,,,0,81,,105,46,,,0,88,,118,46,,,0,80,,103,46,,,0,40,,97,46,,,0,81,,104,46,,,0,80,,98,46,,,0,41,,111,46,,,0,81,,99,46,,,0,81,,102,46,,,0,40,,101,46,,,0,79,,100,46,,,0,79,,115,46,,,0,39,,114,46,,,0,74,,113,46,,,0,80,,107,46,,,0,34,,108,46,,,0,94,,110,46,,,0,80,,109,46,,,0,45,,125,46,,,0,80,,122,46,,,0,80,,121,46,,,0,37,,123,46,,,0,78,,120,46,,,0
200,'4744',616,,143,46,,,0,38,,135,46,,,0,60,,130,46,,,0,33,,144,46,,,0,72,,138,46,,,0,32,,129,46,,,0,71,,142,46,,,0,29,,139,46,,,0,86,,128,46,,,0,78,,131,46,,,0,42,,132,46,,,0,81,,141,46,,,0,80,,134,46,,,0,41,,133,46,,,0,81,,140,46,,,0,79,,136,46,,,0,34,,137,46,,,0,76,,145,46,,,0,77,,146,46,,,0,47,,148,46,,,0,72,,147,46,,,0,78,,152,46,,,0,49,,150,46,,,0,78,,151,46,,,0,82,,156,46,,,0,40,,155,46,,,0,78,,157,46,,,0,78,,158,46,,,0,39,,159,46,,,0,78,,160,46,,,0
200,'4745',717,,184,46,,,0,122,,183,46,,,0,163,,182,46,,,0,101,,163,46,,,0,41,,181,46,,,0,81,,169,46,,,0,80,,167,46,,,0,40,,162,46,,,0,82,,164,46,,,0,80,,175,46,,,0,40,,170,46,,,0,80,,165,46,,,0,79,,168,46,,,0,39,,166,46,,,0,73,,176,46,,,0,39,,172,46,,,0,94,,177,46,,,0,80,,173,46,,,0,80,,179,46,,,0,38,,180,46,,,0,80,,178,46,,,0,79,,185,46,,,0,39,,186,46,,,0
200,'4947',616,,203,46,,,0,38,,195,46,,,0,60,,190,46,,,0,33,,204,46,,,0,72,,198,46,,,0,32,,189,46,,,0,71,,202,46,,,0,29,,199,46,,,0,86,,188,46,,,0,78,,191,46,,,0,42,,192,46,,,0,81,,201,46,,,0,80,,194,46,,,0,41,,193,46,,,0,81,,200,46,,,0,79,,196,46,,,0,34,,197,46,,,0,76,,205,46,,,0,77,,206,46,,,0,47,,208,46,,,0,72,,207,46,,,0,78,,212,46,,,0,49,,210,46,,,0,78,,211,46,,,0,82,,216,46,,,0,40,,215,46,,,0,78,,217,46,,,0,78,,218,46,,,0,39,,219,46,,,0,78,,220,46,,,0
200,'4954',717,,244,46,,,0,122,,243,46,,,0,163,,242,46,,,0,101,,223,46,,,0,41,,241,46,,,0,81,,229,46,,,0,80,,227,46,,,0,40,,222,46,,,0,82,,224,46,,,0,80,,235,46,,,0,40,,230,46,,,0,80,,225,46,,,0,79,,228,46,,,0,39,,226,46,,,0,73,,236,46,,,0,39,,232,46,,,0,94,,237,46,,,0,80,,233,46,,,0,80,,239,46,,,0,38,,240,46,,,0,80,,238,46,,,0,79,,245,46,,,0,39,,246,46,,,0
