7500,'4532',947,,75487,43,0,42 43,0,98,,75491,43,0,42 43,0,101,,75492,43,0,42 43,0,70,,75493,43,0,13 14,0,30,,75494,43,0,42 43,0,69,,75495,43,0,13 14,0,31,,75496,43,0,42 43,0,64,,75497,43,0,13 14,0,36,,75498,43,0,42 43,0,70,,75499,43,0,13 14,0,30,,75500,43,0,42 43,0,71,,75501,43,0,13 14,0,30,,75502,43,0,42 43,0,100,,75503,43,0,42 43,0,102,,75504,43,0,42 43,0,101,,75505,43,0,42 43,0,102,,75506,43,0,42 43,0,98,,75507,43,0,13 14,0
7500,'4623',915,,75426,43,0,13 14,0,28,,75427,43,0,42 43,0,74,,75428,43,0,13 14,0,27,,75429,43,0,42 43,0,70,,75430,43,0,13 14,0,29,,75431,43,0,42 43,0,70,,75432,43,0,13 14,0,30,,75433,43,0,42 43,0,70,,75434,43,0,13 14,0,29,,75435,43,0,42 43,0,70,,75436,43,0,13 14,0,24,,75437,43,0,42 43,0,71,,75438,43,0,13 14,0,35,,75439,43,0,42 43,0,70,,75440,43,0,13 14,0,31,,75441,43,0,42 43,0,105,,75444,43,0,13 14 49,0,76,,75446,43,0,13 14,0,87,,75448,43,0,13 14,0,36,,75449,43,0,42 43,0,108,,75450,43,0,42 43,0,95,,75451,43,0,13 14,0
7500,'4832',948,,75562,43,0,42 43,0,98,,75563,43,0,42 43,0,100,,75564,43,0,42 43,0,70,,75565,43,0,13 14,0,30,,75566,43,0,42 43,0,70,,75567,43,0,13 14,0,30,,75568,43,0,42 43,0,70,,75569,43,0,13 14,0,30,,75570,43,0,42 43,0,70,,75571,43,0,13 14,0,30,,75572,43,0,42 43,0,100,,75573,43,0,42 43,0,101,,75574,43,0,42 43,0,102,,75575,43,0,42 43,0,103,,75576,43,0,42 43,0,104,,75577,43,0,42 43,0,96,,75578,43,0,13 14,0
7500,'4833',947,,75454,43,0,42 43,0,98,,75458,43,0,42 43,0,101,,75459,43,0,42 43,0,70,,75460,43,0,13 14,0,30,,75461,43,0,42 43,0,69,,75462,43,0,13 14,0,31,,75463,43,0,42 43,0,64,,75464,43,0,13 14,0,36,,75465,43,0,42 43,0,70,,75466,43,0,13 14,0,30,,75467,43,0,42 43,0,71,,75468,43,0,13 14,0,30,,75469,43,0,42 43,0,100,,75470,43,0,42 43,0,102,,75471,43,0,42 43,0,101,,75472,43,0,42 43,0,102,,75473,43,0,42 43,0,98,,75474,43,0,13 14,0
7500,'5222',915,,75531,43,0,13 14,0,28,,75532,43,0,42 43,0,74,,75533,43,0,13 14,0,27,,75534,43,0,42 43,0,70,,75535,43,0,13 14,0,29,,75536,43,0,42 43,0,70,,75537,43,0,13 14,0,30,,75538,43,0,42 43,0,70,,75539,43,0,13 14,0,29,,75540,43,0,42 43,0,70,,75541,43,0,13 14,0,24,,75542,43,0,42 43,0,71,,75543,43,0,13 14,0,35,,75544,43,0,42 43,0,70,,75545,43,0,13 14,0,31,,75546,43,0,42 43,0,105,,75549,43,0,13 14 49,0,76,,75551,43,0,13 14,0,87,,75553,43,0,13 14,0,36,,75554,43,0,42 43,0,108,,75555,43,0,42 43,0,95,,75556,43,0,13 14,0
7500,'5390',948,,75591,43,0,42 43,0,98,,75592,43,0,42 43,0,100,,75593,43,0,42 43,0,70,,75594,43,0,13 14,0,30,,75595,43,0,42 43,0,70,,75596,43,0,13 14,0,30,,75597,43,0,42 43,0,70,,75598,43,0,13 14,0,30,,75599,43,0,42 43,0,70,,75600,43,0,13 14,0,30,,75601,43,0,42 43,0,100,,75602,43,0,42 43,0,101,,75603,43,0,42 43,0,102,,75604,43,0,42 43,0,103,,75605,43,0,42 43,0,104,,75606,43,0,42 43,0,96,,75607,43,0,13 14,0
7501,'4532',958,,75701,23,,,0,73,,75724,2,,,0,70,,75702,23,,,0,31,,75721,2,,,0,70,,75703,23,,,0,30,,75704,23,,,0,15,,75725,2,,,0,55,,75705,23,,,0,15,,75726,2,,,0,15,,75706,23,,,0,15,,75727,2,,,0,55,,75707,23,,,0,19,,75728,2,,,0,15,,75708,23,,,0,15,,75729,2,,,0,55,,75709,23,,,0,15,,75730,2,,,0,15,,75710,23,,,0,12,,75731,2,,,0,58,,75711,23,,,0,16,,75732,2,,,0,15,,75712,23,,,0,15,,75733,2,,,0,55,,75713,23,,,0,30,,75722,2,,,0,66,,75714,23,,,0,30,,75723,2,,,0,26,,75715,23,,,0,99,,75716,23,,,0,100,,75717,23,,,0,100,,75718,23,,,0,95,,75719,23,0,28 29 14,0
7501,'4623',921,,75626,23,,,0,79,,75627,23,,,0,30,,75628,23,,,0,73,,75629,23,,,0,28,,75630,23,,,0,70,,75631,23,,,0,31,,75632,23,,,0,70,,75633,23,,,0,30,,75634,23,,,0,16,,75657,2,,,0,55,,75635,23,,,0,15,,75658,2,,,0,15,,75636,23,,,0,16,,75659,2,,,0,55,,75637,23,,,0,19,,75653,23,,,0,11,,75638,23,,,0,19,,75639,23,,,0,54,,75640,23,,,0,10,,75641,23,,,0,10,,75642,2,,,0,10,,75643,23,,,0,15,,75660,2,,,0,53,,75644,23,,,0,15,,75661,2,,,0,13,,75645,23,,,0,70,,75646,23,,,0,99,,75647,23,,,0,57,,75648,23,,,0,100,,75649,23,,,0,99,,75650,23,,,0,94,,75651,23,0,28 29 14,0
7501,'4832',956,,75782,23,,,0,101,,75783,23,,,0,143,,75784,23,,,0,31,,75785,23,,,0,15,,75802,2,,,0,55,,75786,23,,,0,30,,75787,23,,,0,15,,75803,2,,,0,55,,75788,23,,,0,16,,75804,2,,,0,15,,75789,23,,,0,16,,75805,2,,,0,55,,75790,23,,,0,15,,75806,2,,,0,15,,75791,23,,,0,15,,75807,2,,,0,55,,75792,23,,,0,15,,75808,2,,,0,15,,75801,2,,,0,15,,75809,2,,,0,55,,75793,23,,,0,32,,75810,2,,,0,70,,75794,23,,,0,30,,75811,2,,,0,69,,75795,23,,,0,100,,75796,23,,,0,99,,75797,23,,,0,100,,75798,23,,,0,48,,75799,23,0,28 29 14,0
7501,'4833',958,,75665,23,,,0,73,,75688,2,,,0,70,,75666,23,,,0,31,,75685,2,,,0,70,,75667,23,,,0,30,,75668,23,,,0,15,,75689,2,,,0,55,,75669,23,,,0,15,,75690,2,,,0,15,,75670,23,,,0,15,,75691,2,,,0,55,,75671,23,,,0,19,,75692,2,,,0,15,,75672,23,,,0,15,,75693,2,,,0,55,,75673,23,,,0,15,,75694,2,,,0,15,,75674,23,,,0,12,,75695,2,,,0,58,,75675,23,,,0,16,,75696,2,,,0,15,,75676,23,,,0,15,,75697,2,,,0,55,,75677,23,,,0,30,,75686,2,,,0,66,,75678,23,,,0,30,,75687,2,,,0,26,,75679,23,,,0,99,,75680,23,,,0,100,,75681,23,,,0,100,,75682,23,,,0,95,,75683,23,0,28 29 14,0
7501,'5222',921,,75743,23,,,0,79,,75744,23,,,0,30,,75745,23,,,0,73,,75746,23,,,0,28,,75747,23,,,0,70,,75748,23,,,0,31,,75749,23,,,0,70,,75750,23,,,0,30,,75751,23,,,0,16,,75774,2,,,0,55,,75752,23,,,0,15,,75775,2,,,0,15,,75753,23,,,0,16,,75776,2,,,0,55,,75754,23,,,0,19,,75770,23,,,0,11,,75755,23,,,0,19,,75756,23,,,0,54,,75757,23,,,0,10,,75758,23,,,0,10,,75759,2,,,0,10,,75760,23,,,0,15,,75777,2,,,0,53,,75761,23,,,0,15,,75778,2,,,0,13,,75762,23,,,0,70,,75763,23,,,0,99,,75764,23,,,0,57,,75765,23,,,0,100,,75766,23,,,0,99,,75767,23,,,0,94,,75768,23,0,28 29 14,0
7501,'5390',956,,75815,23,,,0,101,,75816,23,,,0,143,,75817,23,,,0,31,,75818,23,,,0,15,,75835,2,,,0,55,,75819,23,,,0,30,,75820,23,,,0,15,,75836,2,,,0,55,,75821,23,,,0,16,,75837,2,,,0,15,,75822,23,,,0,16,,75838,2,,,0,55,,75823,23,,,0,15,,75839,2,,,0,15,,75824,23,,,0,15,,75840,2,,,0,55,,75825,23,,,0,15,,75841,2,,,0,15,,75834,2,,,0,15,,75842,2,,,0,55,,75826,23,,,0,32,,75843,2,,,0,70,,75827,23,,,0,30,,75844,2,,,0,69,,75828,23,,,0,100,,75829,23,,,0,99,,75830,23,,,0,100,,75831,23,,,0,48,,75832,23,0,28 29 14,0
