200,'4532',612,,63337,25,,,0,113,,63340,25,,,0,120,,63338,25,,,0,80,,63326,25,,,0,87,,63339,25,,,0,40,,63324,25,,,0,80,,63318,25,,,0,81,,63325,25,,,0,40,,63319,25,,,0,81,,63332,25,,,0,81,,63320,25,,,0,41,,63323,25,,,0,80,,63322,25,,,0,79,,63321,25,,,0,40,,63335,25,,,0,79,,63336,25,,,0,74,,63334,25,,,0,40,,63328,25,,,0,75,,63329,25,,,0,94,,63331,25,,,0,40,,63330,25,,,0,85,,63346,25,,,0,80,,63343,25,,,0,80,,63342,25,,,0,37,,63344,25,,,0,79,,63341,25,,,0
200,'4623',602,,63268,25,,,0,40,,63260,25,,,0,61,,63255,25,,,0,32,,63269,25,,,0,72,,63263,25,,,0,31,,63254,25,,,0,71,,63267,25,,,0,29,,63264,25,,,0,86,,63253,25,,,0,78,,63256,25,,,0,41,,63257,25,,,0,81,,63266,25,,,0,80,,63259,25,,,0,41,,63258,25,,,0,79,,63265,25,,,0,78,,63261,25,,,0,36,,63262,25,,,0,77,,63270,25,,,0,36,,63271,25,,,0,88,,63273,25,,,0,73,,63272,25,,,0,39,,63277,25,,,0,89,,63275,25,,,0,78,,63276,25,,,0,82,,63281,25,,,0,40,,63280,25,,,0,78,,63282,25,,,0,39,,63283,25,,,0,79,,63284,25,,,0,79,,63285,25,,,0
200,'4832',708,,63405,25,,,0,120,,63404,25,,,0,122,,63403,25,,,0,101,,63384,25,,,0,81,,63402,25,,,0,81,,63390,25,,,0,40,,63388,25,,,0,80,,63383,25,,,0,82,,63385,25,,,0,40,,63396,25,,,0,80,,63391,25,,,0,80,,63386,25,,,0,39,,63389,25,,,0,79,,63387,25,,,0,74,,63397,25,,,0,39,,63393,25,,,0,94,,63398,25,,,0,80,,63394,25,,,0,80,,63400,25,,,0,39,,63401,25,,,0,80,,63399,25,,,0,39,,63406,25,,,0,80,,63407,25,,,0
200,'4833',612,,63307,25,,,0,113,,63310,25,,,0,120,,63308,25,,,0,80,,63296,25,,,0,87,,63309,25,,,0,40,,63294,25,,,0,80,,63288,25,,,0,81,,63295,25,,,0,40,,63289,25,,,0,81,,63302,25,,,0,81,,63290,25,,,0,41,,63293,25,,,0,80,,63292,25,,,0,79,,63291,25,,,0,40,,63305,25,,,0,79,,63306,25,,,0,74,,63304,25,,,0,40,,63298,25,,,0,75,,63299,25,,,0,94,,63301,25,,,0,40,,63300,25,,,0,85,,63316,25,,,0,80,,63313,25,,,0,80,,63312,25,,,0,37,,63314,25,,,0,79,,63311,25,,,0
200,'5222',602,,63364,25,,,0,40,,63356,25,,,0,61,,63351,25,,,0,32,,63365,25,,,0,72,,63359,25,,,0,31,,63350,25,,,0,71,,63363,25,,,0,29,,63360,25,,,0,86,,63349,25,,,0,78,,63352,25,,,0,41,,63353,25,,,0,81,,63362,25,,,0,80,,63355,25,,,0,41,,63354,25,,,0,79,,63361,25,,,0,78,,63357,25,,,0,36,,63358,25,,,0,77,,63366,25,,,0,36,,63367,25,,,0,88,,63369,25,,,0,73,,63368,25,,,0,39,,63373,25,,,0,89,,63371,25,,,0,78,,63372,25,,,0,82,,63377,25,,,0,40,,63376,25,,,0,78,,63378,25,,,0,39,,63379,25,,,0,79,,63380,25,,,0,79,,63381,25,,,0
200,'5390',708,,63430,25,,,0,120,,63429,25,,,0,122,,63428,25,,,0,101,,63409,25,,,0,81,,63427,25,,,0,81,,63415,25,,,0,40,,63413,25,,,0,80,,63408,25,,,0,82,,63410,25,,,0,40,,63421,25,,,0,80,,63416,25,,,0,80,,63411,25,,,0,39,,63414,25,,,0,79,,63412,25,,,0,74,,63422,25,,,0,39,,63418,25,,,0,94,,63423,25,,,0,80,,63419,25,,,0,80,,63425,25,,,0,39,,63426,25,,,0,80,,63424,25,,,0,39,,63431,25,,,0,80,,63432,25,,,0
500,'4532',648,,64710,25,,,0,156,,64706,25,,,0,101,,64709,25,,,0,42,,64700,25,,,0,85,,64707,25,,,0,80,,64701,25,,,0,41,,64716,25,,,0,80,,64708,25,,,0,81,,64699,25,,,0,41,,64705,25,,,0,80,,64702,25,,,0,81,,64712,25,,,0,40,,64703,25,,,0,79,,64704,25,,,0,79,,64713,25,,,0,35,,64714,25,,,0,79,,64715,25,,,0,80,,64711,25,,,0,49,,64717,25,,,0
500,'4623',622,,64666,25,,,0,96,,64659,25,,,0,34,,64661,25,,,0,71,,64658,25,,,0,31,,64660,25,,,0,68,,64663,25,,,0,87,,64662,25,,,0,33,,64671,25,,,0,80,,64668,25,,,0,81,,64664,25,,,0,41,,64665,25,,,0,82,,64667,25,,,0,78,,64672,25,,,0,40,,64669,25,,,0,76,,64670,25,,,0,36,,64674,25,,,0,77,,64673,25,,,0,74,,64675,25,,,0,49,,64676,25,,,0,76,,64677,25,,,0,83,,64679,25,,,0,85,,64678,25,,,0
500,'4832',748,,64753,25,,,0,161,,64752,25,,,0,122,,64751,25,,,0,81,,64746,25,,,0,40,,64740,25,,,0,81,,64741,25,,,0,80,,64754,25,,,0,41,,64747,25,,,0,81,,64744,25,,,0,80,,64742,25,,,0,40,,64743,25,,,0,80,,64755,25,,,0,78,,64748,25,,,0,35,,64745,25,,,0,78,,64749,25,,,0,80,,64750,25,,,0
500,'4833',648,,64691,25,,,0,156,,64687,25,,,0,101,,64690,25,,,0,42,,64681,25,,,0,85,,64688,25,,,0,80,,64682,25,,,0,41,,64697,25,,,0,80,,64689,25,,,0,81,,64680,25,,,0,41,,64686,25,,,0,80,,64683,25,,,0,81,,64693,25,,,0,40,,64684,25,,,0,79,,64685,25,,,0,79,,64694,25,,,0,35,,64695,25,,,0,79,,64696,25,,,0,80,,64692,25,,,0,49,,64698,25,,,0
500,'5222',622,,64726,25,,,0,96,,64719,25,,,0,34,,64721,25,,,0,71,,64718,25,,,0,31,,64720,25,,,0,68,,64723,25,,,0,87,,64722,25,,,0,33,,64731,25,,,0,80,,64728,25,,,0,81,,64724,25,,,0,41,,64725,25,,,0,82,,64727,25,,,0,78,,64732,25,,,0,40,,64729,25,,,0,76,,64730,25,,,0,36,,64734,25,,,0,77,,64733,25,,,0,74,,64735,25,,,0,49,,64736,25,,,0,76,,64737,25,,,0,83,,64739,25,,,0,85,,64738,25,,,0
500,'5390',748,,64769,25,,,0,161,,64768,25,,,0,122,,64767,25,,,0,81,,64762,25,,,0,40,,64756,25,,,0,81,,64757,25,,,0,80,,64770,25,,,0,41,,64763,25,,,0,81,,64760,25,,,0,80,,64758,25,,,0,40,,64759,25,,,0,80,,64771,25,,,0,78,,64764,25,,,0,35,,64761,25,,,0,78,,64765,25,,,0,80,,64766,25,,,0
2700,'4532',635,,70381,9,,,0,72,,70382,9,,,0,27,,70383,9,,,0,70,,70384,9,,,0,27,,70385,9,,,0,26,,70386,9,,,0,66,,70387,9,,,0,26,,70388,9,,,0,66,,70389,9,,,0,22,,70390,9,,,0,22,,70391,9,,,0,63,,70392,9,,,0,22,,70393,9,,,0,62,,70394,9,,,0,21,,70395,9,,,0,23,,70396,9,,,0,63,,70397,9,,,0,22,,70398,9,,,0,23,,70399,9,,,0,59,,70400,9,,,0,21,,70401,9,,,0,20,,70402,9,,,0,62,,70403,9,,,0,21,,70404,9,,,0,60,,70405,9,,,0,20,,70406,9,,,0,21,,70407,9,,,0,60,,70408,9,,,0,21,,70409,9,,,0,20,,70410,9,,,0,60,,70411,9,,,0,20,,70412,9,,,0,21,,70413,9,,,0,66,,70414,9,,,0,27,,70415,9,,,0,69,,70416,9,,,0,30,,70417,9,,,0,69,,70418,9,,,0,30,,70419,9,,,0,70,,70420,9,,,0,34,,70421,9,,,0,71,,70422,9,,,0,30,,70423,9,,,0,72,,70424,9,,,0,30,,70425,9,,,0,68,,70426,9,,,0,30,,70427,9,,,0,70,,70428,9,,,0,29,,70429,9,,,0
2700,'4623',715,,70290,9,,,0,110,,70302,9,,,0,22,,70334,9,,,0,65,,70316,9,,,0,25,,70297,9,,,0,66,,70286,9,,,0,25,,70285,9,,,0,26,,70284,9,,,0,67,,70287,9,,,0,26,,70301,9,,,0,66,,70313,9,,,0,26,,70294,9,,,0,66,,70288,9,,,0,26,,70292,9,,,0,24,,70293,9,,,0,64,,70295,9,,,0,22,,70300,9,,,0,62,,70291,9,,,0,15,,70322,9,,,0,16,,70326,9,,,0,16,,70327,9,,,0,57,,70328,9,,,0,15,,70303,9,,,0,16,,70329,9,,,0,17,,70298,9,,,0,57,,70299,9,,,0,15,,70306,9,,,0,15,,70304,9,,,0,16,,70305,9,,,0,56,,70307,9,,,0,15,,70308,9,,,0,21,,70310,9,,,0,64,,70311,9,,,0,27,,70312,9,,,0,68,,70317,9,,,0,29,,70320,9,,,0,68,,70319,9,,,0,29,,70318,9,,,0,70,,70321,9,,,0,36,,70324,9,,,0,79,,70325,9,,,0,80,,70323,9,,,0,40,,70330,9,,,0,80,,70332,9,,,0,80,,70331,9,,,0,39,,70333,9,,,0
2700,'4832',708,,70479,9,,,0,30,,70481,9,,,0,70,,70482,9,,,0,30,,70483,9,,,0,70,,70484,9,,,0,27,,70485,9,,,0,68,,70486,9,,,0,27,,70487,9,,,0,27,,70488,9,,,0,64,,70489,9,,,0,25,,70490,9,,,0,63,,70491,9,,,0,22,,70492,9,,,0,22,,70493,9,,,0,64,,70494,9,,,0,23,,70495,9,,,0,63,,70496,9,,,0,23,,70497,9,,,0,22,,70498,9,,,0,63,,70499,9,,,0,23,,70500,9,,,0,22,,70501,9,,,0,63,,70502,9,,,0,24,,70503,9,,,0,63,,70504,9,,,0,23,,70505,9,,,0,24,,70506,9,,,0,65,,70507,9,,,0,25,,70508,9,,,0,66,,70509,9,,,0,28,,70510,9,,,0,69,,70511,9,,,0,30,,70512,9,,,0,70,,70513,9,,,0,36,,70514,9,,,0,83,,70515,9,,,0,79,,70516,9,,,0,101,,70517,9,,,0
2700,'4833',635,,70336,9,,,0,72,,70337,9,,,0,27,,70338,9,,,0,70,,70339,9,,,0,27,,70340,9,,,0,26,,70341,9,,,0,66,,70342,9,,,0,26,,70343,9,,,0,66,,70344,9,,,0,22,,70345,9,,,0,22,,70346,9,,,0,63,,70347,9,,,0,22,,70348,9,,,0,62,,70349,9,,,0,21,,70350,9,,,0,23,,70351,9,,,0,63,,70352,9,,,0,22,,70353,9,,,0,23,,70354,9,,,0,59,,70355,9,,,0,21,,70356,9,,,0,20,,70357,9,,,0,62,,70358,9,,,0,21,,70359,9,,,0,60,,70360,9,,,0,20,,70361,9,,,0,21,,70362,9,,,0,60,,70363,9,,,0,21,,70364,9,,,0,20,,70365,9,,,0,60,,70366,9,,,0,20,,70367,9,,,0,21,,70368,9,,,0,66,,70369,9,,,0,27,,70370,9,,,0,69,,70371,9,,,0,30,,70372,9,,,0,69,,70373,9,,,0,30,,70374,9,,,0,70,,70375,9,,,0,34,,70376,9,,,0,71,,70377,9,,,0,30,,70378,9,,,0,72,,70379,9,,,0
2700,'5222',715,,70438,9,,,0,110,,70450,9,,,0,22,,70478,9,,,0,65,,70464,9,,,0,25,,70445,9,,,0,66,,70434,9,,,0,25,,70433,9,,,0,26,,70432,9,,,0,67,,70435,9,,,0,26,,70449,9,,,0,66,,70461,9,,,0,26,,70442,9,,,0,66,,70436,9,,,0,26,,70440,9,,,0,24,,70441,9,,,0,64,,70443,9,,,0,22,,70448,9,,,0,62,,70439,9,,,0,15,,70470,9,,,0,16,,70474,9,,,0,16,,70475,9,,,0,57,,70476,9,,,0,15,,70451,9,,,0,16,,70477,9,,,0,17,,70446,9,,,0,57,,70447,9,,,0,15,,70454,9,,,0,15,,70452,9,,,0,16,,70453,9,,,0,56,,70455,9,,,0,15,,70456,9,,,0,21,,70458,9,,,0,64,,70459,9,,,0,27,,70460,9,,,0,68,,70465,9,,,0,29,,70468,9,,,0,68,,70467,9,,,0,29,,70466,9,,,0,70,,70469,9,,,0,36,,70472,9,,,0,79,,70473,9,,,0,80,,70471,9,,,0
2700,'5390',708,,70518,9,,,0,30,,70520,9,,,0,70,,70521,9,,,0,30,,70522,9,,,0,70,,70523,9,,,0,27,,70524,9,,,0,68,,70525,9,,,0,27,,70526,9,,,0,27,,70527,9,,,0,64,,70528,9,,,0,25,,70529,9,,,0,63,,70530,9,,,0,22,,70531,9,,,0,22,,70532,9,,,0,64,,70533,9,,,0,23,,70534,9,,,0,63,,70535,9,,,0,23,,70536,9,,,0,22,,70537,9,,,0,63,,70538,9,,,0,23,,70539,9,,,0,22,,70540,9,,,0,63,,70541,9,,,0,24,,70542,9,,,0,63,,70543,9,,,0,23,,70544,9,,,0,24,,70545,9,,,0,65,,70546,9,,,0,25,,70547,9,,,0,66,,70548,9,,,0,28,,70549,9,,,0,69,,70550,9,,,0,30,,70551,9,,,0,70,,70552,9,,,0,36,,70553,9,,,0,83,,70554,9,,,0,79,,70555,9,,,0,101,,70556,9,,,0
2800,'4532',750,,70943,9,,,0,69,,70944,9,,,0,25,,70945,9,,,0,66,,70946,9,,,0,26,,70947,9,,,0,67,,70939,9,,,0,23,,70948,9,,,0,22,,70949,9,,,0,62,,70950,9,,,0,23,,70951,9,,,0,22,,70952,9,,,0,62,,70953,9,,,0,21,,70954,9,,,0,63,,70955,9,,,0,23,,70956,9,,,0,22,,70957,9,,,0,62,,70958,9,,,0,20,,70959,9,,,0,20,,70960,9,,,0,61,,70961,9,,,0,22,,70962,9,,,0,20,,70963,9,,,0,60,,70964,9,,,0,21,,70965,9,,,0,20,,70966,9,,,0,61,,70967,9,,,0,20,,70968,9,,,0,20,,70969,9,,,0,60,,70970,9,,,0,20,,70971,9,,,0,23,,70972,9,,,0,67,,70973,9,,,0,28,,70974,9,,,0,70,,70975,9,,,0,30,,70976,9,,,0,69,,70977,9,,,0,30,,70978,9,,,0,71,,70979,9,,,0,35,,70980,9,,,0,70,,70981,9,,,0,31,,70982,9,,,0,70,,70983,9,,,0,30,,70984,9,,,0,68,,70985,9,,,0,30,,70986,9,,,0,69,,70987,9,,,0
2800,'4623',551,,70849,9,,,0,64,,70845,9,,,0,21,,70844,9,,,0,11,,70847,9,,,0,12,,70867,9,,,0,48,,70848,9,,,0,22,,70852,9,,,0,14,,70863,9,,,0,12,,70853,9,,,0,56,,70850,9,,,0,24,,70851,9,,,0,65,,70893,9,,,0,24,,70854,9,,,0,26,,70855,9,,,0,66,,70868,9,,,0,25,,70873,9,,,0,67,,70860,9,,,0,26,,70856,9,,,0,66,,70857,9,,,0,26,,70859,9,,,0,26,,70858,9,,,0,67,,70866,9,,,0,24,,70874,9,,,0,64,,70862,9,,,0,23,,70861,9,,,0,22,,70886,9,,,0,74,,70865,9,,,0,31,,70864,9,,,0,73,,70887,9,,,0,73,,70882,9,,,0,33,,70888,9,,,0,70,,70869,9,,,0,16,,70889,9,,,0,17,,70876,9,,,0,63,,70872,9,,,0,26,,70870,9,,,0,27,,70871,9,,,0,69,,70881,9,,,0,28,,70878,9,,,0,69,,70880,9,,,0,29,,70879,9,,,0,71,,70877,9,,,0,79,,70884,9,,,0,40,,70885,9,,,0,80,,70883,9,,,0,80,,70890,9,,,0,40,,70892,9,,,0,80,,70891,9,,,0
2800,'4832',823,,71039,9,,,0,30,,71040,9,,,0,69,,71041,9,,,0,27,,71042,9,,,0,67,,71043,9,,,0,27,,71044,9,,,0,66,,71045,9,,,0,25,,71046,9,,,0,24,,71047,9,,,0,62,,71048,9,,,0,22,,71049,9,,,0,63,,71050,9,,,0,24,,71051,9,,,0,23,,71052,9,,,0,63,,71053,9,,,0,22,,71054,9,,,0,63,,71055,9,,,0,23,,71056,9,,,0,22,,71057,9,,,0,63,,71058,9,,,0,23,,71059,9,,,0,24,,71060,9,,,0,63,,71061,9,,,0,23,,71062,9,,,0,64,,71063,9,,,0,26,,71064,9,,,0,25,,71065,9,,,0,67,,71066,9,,,0,29,,71067,9,,,0,69,,71068,9,,,0,30,,71069,9,,,0,71,,71070,9,,,0,80,,71071,9,,,0,42,,71072,9,,,0,86,,71073,9,,,0
2800,'4833',750,,70898,9,,,0,69,,70899,9,,,0,25,,70900,9,,,0,66,,70901,9,,,0,26,,70902,9,,,0,67,,70894,9,,,0,23,,70903,9,,,0,22,,70904,9,,,0,62,,70905,9,,,0,23,,70906,9,,,0,22,,70907,9,,,0,62,,70908,9,,,0,21,,70909,9,,,0,63,,70910,9,,,0,23,,70911,9,,,0,22,,70912,9,,,0,62,,70913,9,,,0,20,,70914,9,,,0,20,,70915,9,,,0,61,,70916,9,,,0,22,,70917,9,,,0,20,,70918,9,,,0,60,,70919,9,,,0,21,,70920,9,,,0,20,,70921,9,,,0,61,,70922,9,,,0,20,,70923,9,,,0,20,,70924,9,,,0,60,,70925,9,,,0,20,,70926,9,,,0,23,,70927,9,,,0,67,,70928,9,,,0,28,,70929,9,,,0,70,,70930,9,,,0,30,,70931,9,,,0,69,,70932,9,,,0,30,,70933,9,,,0,71,,70934,9,,,0,35,,70935,9,,,0,70,,70936,9,,,0,31,,70937,9,,,0,70,,70938,9,,,0
2800,'5222',551,,70993,9,,,0,64,,70989,9,,,0,21,,70988,9,,,0,11,,70991,9,,,0,12,,71011,9,,,0,48,,70992,9,,,0,22,,70996,9,,,0,14,,71007,9,,,0,12,,70997,9,,,0,56,,70994,9,,,0,24,,70995,9,,,0,65,,71034,9,,,0,24,,70998,9,,,0,26,,70999,9,,,0,66,,71012,9,,,0,25,,71017,9,,,0,67,,71004,9,,,0,26,,71000,9,,,0,66,,71001,9,,,0,26,,71003,9,,,0,26,,71002,9,,,0,67,,71010,9,,,0,24,,71018,9,,,0,64,,71006,9,,,0,23,,71005,9,,,0,22,,71030,9,,,0,74,,71009,9,,,0,31,,71008,9,,,0,73,,71031,9,,,0,73,,71026,9,,,0,33,,71032,9,,,0,70,,71013,9,,,0,16,,71033,9,,,0,17,,71020,9,,,0,63,,71016,9,,,0,26,,71014,9,,,0,27,,71015,9,,,0,69,,71025,9,,,0,28,,71022,9,,,0,69,,71024,9,,,0,29,,71023,9,,,0,71,,71021,9,,,0,79,,71028,9,,,0,40,,71029,9,,,0,80,,71027,9,,,0
2800,'5390',823,,71078,9,,,0,30,,71079,9,,,0,69,,71080,9,,,0,27,,71081,9,,,0,67,,71082,9,,,0,27,,71083,9,,,0,66,,71084,9,,,0,25,,71085,9,,,0,24,,71086,9,,,0,62,,71087,9,,,0,22,,71088,9,,,0,63,,71089,9,,,0,24,,71090,9,,,0,23,,71091,9,,,0,63,,71092,9,,,0,22,,71093,9,,,0,63,,71094,9,,,0,23,,71095,9,,,0,22,,71096,9,,,0,63,,71097,9,,,0,23,,71098,9,,,0,24,,71099,9,,,0,63,,71100,9,,,0,23,,71101,9,,,0,64,,71102,9,,,0,26,,71103,9,,,0,25,,71104,9,,,0,67,,71105,9,,,0,29,,71106,9,,,0,69,,71107,9,,,0,30,,71108,9,,,0,71,,71109,9,,,0,80,,71110,9,,,0,42,,71111,9,,,0,86,,71112,9,,,0
