4700,'4661',657,,59616,41,,,0,63,,59615,41,,,0,25,,59614,41,,,0
4700,'4663',657,,59613,41,,,0,63,,59612,41,,,0,25,,59611,41,,,0
4800,'4661',655,,59628,45,,,0,66,,59627,45,,,0,29,,59626,45,,,0
4800,'4663',655,,59625,45,,,0,66,,59624,45,,,0,29,,59623,45,,,0
5300,'4661',730,,60010,39,,,0
5300,'4663',730,,59985,39,,,0
6100,'4661',600,,60837,65,,,0,41,,60835,65,,,0,16,,60838,65,,,0,62,,60839,65,,,0,25,,60841,65,,,0,59,,60845,65,,,0,18,,60852,65,,,0,28,,60854,65,,,0
6100,'4663',600,,60746,65,,,0,41,,60744,65,,,0,16,,60747,65,,,0,62,,60748,65,,,0,25,,60750,65,,,0,59,,60754,65,,,0,18,,60761,65,,,0,28,,60763,65,,,0
6500,'4661',623,,61036,50,,,0,103,,61038,50,,,0,27,,61039,50,,,0,81,,61037,50,,,0
6500,'4663',623,,61032,50,,,0,103,,61034,50,,,0,27,,61035,50,,,0,81,,61033,50,,,0
9500,'4332',615,,62145,15,0,15,0,32,,62146,15,0,15,0,62,,62147,15,0,15,0,15,,62148,15,0,15,0,15,,62149,15,0,15,0,15,,62150,15,0,15,0,55,,62151,15,0,15,0,15,,62152,15,0,15,0,15,,62153,15,0,15,0,14,,62154,15,0,15,0,54,,62155,15,0,15,0,15,,62156,15,0,15,0,15,,62157,15,0,15,0,15,,62158,15,0,15,0,54,,62159,15,0,15,0,15,,62160,15,0,15,0,14,,62161,15,0,15,0,15,,62162,15,0,15,0,54,,62163,15,0,15,0,15,,62164,15,0,15,0,14,,62165,15,0,15,0,13,,62166,15,0,15,0,12,,62167,15,0,15,0,51,,62168,15,0,15,0,12,,62169,15,0,15,0,12,,62170,15,0,15,0,12,,62171,15,0,15,0,12,,62172,15,0,15,0,51,,62173,15,0,15,0,12,,62174,15,0,15,0,12,,62175,15,0,15,0,13,,62176,15,0,15,0,12,,62177,15,0,15,0,51,,62178,15,0,15,0,12,,62179,15,0,15,0,11,,62180,15,0,15,0,11,,62181,15,0,15,0,12,,62182,15,0,15,0,53,,62183,15,0,15,0,12,,62184,15,0,15,0,12,,62185,15,0,15,0,13,,62186,15,0,15,0,12,,62187,15,0,15,0,52,,62188,15,0,15,0,13,,62189,15,0,15,0,12,,62190,15,0,15,0,12,,62191,15,0,15,0,13,,62192,15,0,15,0,52,,62193,15,0,15,0,13,,62194,15,0,15,0,12,,62195,15,0,15,0,13,,62196,15,0,15,0,52,,62197,15,0,15,0,13,,62198,15,0,15,0,16,,62199,15,0,15,0,15,,62200,15,0,15,0,56,,62201,15,0,15,0,15,,62202,15,0,15,0,15,,62203,15,0,15,0,15,,62204,15,0,15,0,55,,62205,15,0,15,0,15,,62206,15,0,15,0,16,,62207,15,0,15,0,15,,62208,15,0,15,0,55,,62209,15,0,15,0,15,,62210,15,0,15,0,20,,62211,15,0,15,0,20,,62212,15,0,15,0,60,,62213,15,0,15,0,20,,62214,15,0,15,0,71,,62215,15,0,15,0,31,,62216,15,0,15,0,71,,62217,15,0,15,0,30,,62218,15,0,15,0,69,,62219,15,0,15,0,30,,62220,15,0,15,0,70,,62221,15,0,15,0
9500,'4661',500,,62379,15,0,15,0,25,,62369,15,0,15,0,17,,62367,15,0,15,0,15,,62366,15,0,15,0,55,,62368,15,0,15,0,10,,62357,15,0,15,0,11,,62360,15,0,15,0,11,,62380,15,0,15,0,8,,62351,15,0,15,0,48,,62352,15,0,15,0,7,,62358,15,0,15,0,8,,62340,15,0,15,0,7,,62353,15,0,15,0,8,,62347,15,0,15,0,9,,62344,15,0,15,0,7,,62349,15,0,15,0,8,,62338,15,0,15,0,47,,62370,15,0,15,0,9,,62337,15,0,15,0,8,,62335,15,0,15,0,9,,62334,15,0,15,0,10,,62378,15,0,15,0,10,,62336,15,0,15,0,10,,62329,15,0,15,0,49,,62359,15,0,15,0,10,,62327,15,0,15,0,11,,62371,15,0,15,0,10,,62333,15,0,15,0,10,,62342,15,0,15,0,10,,62331,15,0,15,0,50,,62326,15,0,15,0,10,,62317,15,0,15,0,11,,62319,15,0,15,0,12,,62377,15,0,15,0,12,,62316,15,0,15,0,52,,62354,15,0,15,0,12,,62312,15,0,15,0,12,,62372,15,0,15,0,13,,62339,15,0,15,0,12,,62332,15,0,15,0,52,,62310,15,0,15,0,12,,62320,15,0,15,0,12,,62311,15,0,15,0,13,,62375,15,0,15,0,12,,62309,15,0,15,0,52,,62355,15,0,15,0,12,,62307,15,0,15,0,12,,62373,15,0,15,0,12,,62341,15,0,15,0,11,,62328,15,0,15,0,50,,62306,15,0,15,0,10,,62304,15,0,15,0,10,,62318,15,0,15,0,10,,62305,15,0,15,0,11,,62313,15,0,15,0,10,,62376,15,0,15,0,51,,62308,15,0,15,0,11,,62356,15,0,15,0,11,,62300,15,0,15,0,10,,62299,15,0,15,0,10,,62374,15,0,15,0,10,,62343,15,0,15,0,50,,62330,15,0,15,0,10,,62297,15,0,15,0,11,,62295,15,0,15,0,11,,62323,15,0,15,0,10,,62384,15,0,15,0,51,,62315,15,0,15,0,9,,62381,15,0,15,0,12,,62294,15,0,15,0,13,,62365,15,0,15,0,12,,62301,15,0,15,0,13,,62293,15,0,15,0,53,,62346,15,0,15,0,12,,62296,15,0,15,0,14,,62292,15,0,15,0,12,,62324,15,0,15,0,52,,62314,15,0,15,0,12,,62383,15,0,15,0,15,,62364,15,0,15,0,15,,62303,15,0,15,0,56,,62348,15,0,15,0,15,,62298,15,0,15,0,15,,62291,15,0,15,0,15,,62325,15,0,15,0,55,,62382,15,0,15,0,15,,62362,15,0,15,0,20,,62302,15,0,15,0,20,,62350,15,0,15,0,61,,62290,15,0,15,0,20,,62321,15,0,15,0,70,,62363,15,0,15,0,32,,62345,15,0,15,0,71,,62322,15,0,15,0,30,,62361,15,0,15,0
9500,'4663',500,,62139,15,0,15,0,25,,62129,15,0,15,0,17,,62127,15,0,15,0,15,,62126,15,0,15,0,55,,62128,15,0,15,0,10,,62117,15,0,15,0,11,,62120,15,0,15,0,11,,62140,15,0,15,0,8,,62111,15,0,15,0,48,,62112,15,0,15,0,7,,62118,15,0,15,0,8,,62100,15,0,15,0,7,,62113,15,0,15,0,8,,62107,15,0,15,0,9,,62104,15,0,15,0,7,,62109,15,0,15,0,8,,62098,15,0,15,0,47,,62130,15,0,15,0,9,,62097,15,0,15,0,8,,62095,15,0,15,0,9,,62094,15,0,15,0,10,,62138,15,0,15,0,10,,62096,15,0,15,0,10,,62089,15,0,15,0,49,,62119,15,0,15,0,10,,62087,15,0,15,0,11,,62131,15,0,15,0,10,,62093,15,0,15,0,10,,62102,15,0,15,0,10,,62091,15,0,15,0,50,,62086,15,0,15,0,10,,62077,15,0,15,0,11,,62079,15,0,15,0,12,,62137,15,0,15,0,12,,62076,15,0,15,0,52,,62114,15,0,15,0,12,,62072,15,0,15,0,12,,62132,15,0,15,0,13,,62099,15,0,15,0,12,,62092,15,0,15,0,52,,62070,15,0,15,0,12,,62080,15,0,15,0,12,,62071,15,0,15,0,13,,62135,15,0,15,0,12,,62069,15,0,15,0,52,,62115,15,0,15,0,12,,62067,15,0,15,0,12,,62133,15,0,15,0,12,,62101,15,0,15,0,11,,62088,15,0,15,0,50,,62066,15,0,15,0,10,,62064,15,0,15,0,10,,62078,15,0,15,0,10,,62065,15,0,15,0,11,,62073,15,0,15,0,10,,62136,15,0,15,0,51,,62068,15,0,15,0,11,,62116,15,0,15,0,11,,62060,15,0,15,0,10,,62059,15,0,15,0,10,,62134,15,0,15,0,10,,62103,15,0,15,0,50,,62090,15,0,15,0,10,,62057,15,0,15,0,11,,62055,15,0,15,0,11,,62083,15,0,15,0,10,,62144,15,0,15,0,51,,62075,15,0,15,0,9,,62141,15,0,15,0,12,,62054,15,0,15,0,13,,62125,15,0,15,0,12,,62061,15,0,15,0,13,,62053,15,0,15,0,53,,62106,15,0,15,0,12,,62056,15,0,15,0,14,,62051,15,0,15,0,12,,62084,15,0,15,0,52,,62074,15,0,15,0,12,,62143,15,0,15,0,15,,62124,15,0,15,0,15,,62063,15,0,15,0,56,,62108,15,0,15,0,15,,62058,15,0,15,0,15,,62049,15,0,15,0,15,,62085,15,0,15,0,55,,62142,15,0,15,0,15,,62122,15,0,15,0,20,,62062,15,0,15,0,20,,62110,15,0,15,0,61,,62047,15,0,15,0,20,,62081,15,0,15,0,70,,62123,15,0,15,0,32,,62105,15,0,15,0,71,,62082,15,0,15,0,30,,62121,15,0,15,0,70,,62052,15,0,15,0,30,,62048,15,0,15,0,70,,62050,15,0,15,0
9500,'5078',617,,62223,15,0,15,0,30,,62224,15,0,15,0,60,,62225,15,0,15,0,20,,62226,15,0,15,0,20,,62227,15,0,15,0,55,,62228,15,0,15,0,14,,62222,15,0,15,0,15,,62229,15,0,15,0,14,,62230,15,0,15,0,14,,62231,15,0,15,0,55,,62232,15,0,15,0,15,,62233,15,0,15,0,14,,62234,15,0,15,0,15,,62235,15,0,15,0,55,,62237,15,0,15,0,15,,62238,15,0,15,0,15,,62236,15,0,15,0,15,,62239,15,0,15,0,54,,62240,15,0,15,0,15,,62241,15,0,15,0,15,,62242,15,0,15,0,15,,62289,15,0,15,0,55,,62243,15,0,15,0,15,,62288,15,0,15,0,14,,62244,15,0,15,0,14,,62287,15,0,15,0,55,,62245,15,0,15,0,15,,62246,15,0,15,0,15,,62247,15,0,15,0,15,,62248,15,0,15,0,55,,62249,15,0,15,0,15,,62250,15,0,15,0,15,,62251,15,0,15,0,15,,62252,15,0,15,0,53,,62253,15,0,15,0,12,,62254,15,0,15,0,12,,62255,15,0,15,0,13,,62256,15,0,15,0,11,,62257,15,0,15,0,52,,62258,15,0,15,0,13,,62259,15,0,15,0,12,,62260,15,0,15,0,13,,62261,15,0,15,0,12,,62262,15,0,15,0,54,,62263,15,0,15,0,15,,62264,15,0,15,0,18,,62265,15,0,15,0,55,,62266,15,0,15,0,15,,62267,15,0,15,0,16,,62268,15,0,15,0,15,,62269,15,0,15,0,55,,62270,15,0,15,0,15,,62271,15,0,15,0,15,,62272,15,0,15,0,16,,62273,15,0,15,0,55,,62274,15,0,15,0,15,,62275,15,0,15,0,15,,62276,15,0,15,0,15,,62277,15,0,15,0,55,,62278,15,0,15,0,15,,62279,15,0,15,0,21,,62280,15,0,15,0,20,,62281,15,0,15,0,60,,62282,15,0,15,0,20,,62283,15,0,15,0,72,,62284,15,0,15,0,30,,62285,15,0,15,0,70,,62286,15,0,15,0
