7100,'4661',1602,,61214,27,,,0,104,,61215,27,,,0,103,,61216,27,,,0
7100,'4663',1602,,61211,27,,,0,104,,61212,27,,,0,103,,61213,27,,,0
8300,'4332',1121,,61878,48,,,0,301,,61879,48,,,0,303,,61877,48,,,0,299,,61876,48,,,0
8300,'4661',735,,61884,48,,,0,204,,61885,48,,,0,179,,61886,48,,,0,208,,61887,48,,,0,200,,61888,48,,,0,212,,61889,48,,,0,205,,61890,48,,,0
8300,'4663',735,,61869,48,,,0,204,,61870,48,,,0,179,,61871,48,,,0,208,,61872,48,,,0,200,,61873,48,,,0,212,,61874,48,,,0,205,,61875,48,,,0
8300,'5078',1120,,61882,48,,,0,300,,61883,48,,,0,303,,61881,48,,,0,300,,61880,48,,,0
8500,'4332',910,,61925,48,,,0,300,,61926,48,,,0,306,,61923,48,,,0,299,,61924,48,,,0
8500,'4661',705,,61931,48,,,0,98,,61932,48,,,0,200,,61933,48,,,0,200,,61934,48,,,0,200,,61935,48,,,0,200,,61936,48,,,0,199,,61937,48,,,0,199,,61938,48,,,0
8500,'4663',705,,61915,48,,,0,98,,61916,48,,,0,200,,61917,48,,,0,200,,61918,48,,,0,200,,61919,48,,,0,200,,61920,48,,,0,199,,61921,48,,,0,199,,61922,48,,,0
8500,'5078',910,,61929,48,,,0,300,,61930,48,,,0,306,,61927,48,,,0,299,,61928,48,,,0
8700,'4661',747,,61947,39,,,0,201,,61946,39,,,0,201,,61948,39,,,0,205,,61952,32,,,0,195,,61950,39,,,0,201,,61951,39,,,0
8700,'4663',747,,61940,39,,,0,201,,61939,39,,,0,201,,61941,39,,,0,205,,61945,32,,,0,195,,61943,39,,,0,201,,61944,39,,,0
8800,'4332',823,,61979,13,,,0,98,,61980,13,,,0,100,,61981,13,,,0,100,,61982,13,,,0,100,,61983,13,,,0,99,,61984,13,,,0,100,,61975,13,,,0,100,,61976,13,,,0,100,,61977,13,,,0,100,,61978,13,,,0,98,,61972,13,,,0,100,,61973,13,,,0,102,,61974,13,,,0,100,,61971,13,,,0
8800,'4661',848,,61999,13,,,0,200,,62000,13,,,0,201,,62001,13,,,0,200,,62002,13,,,0,200,,62003,13,,,0,206,,62004,13,,,0
8800,'4663',848,,61965,13,,,0,200,,61966,13,,,0,201,,61967,13,,,0,200,,61968,13,,,0,200,,61969,13,,,0,206,,61970,13,,,0
8800,'5078',823,,61990,13,,,0,94,,61991,13,,,0,100,,61992,13,,,0,101,,61993,13,,,0,101,,61994,13,,,0,100,,61995,13,,,0,99,,61986,13,,,0,99,,61987,13,,,0,100,,61988,13,,,0,101,,61989,13,,,0,102,,61997,13,,,0,99,,61998,13,,,0,100,,61985,13,,,0,98,,61996,13,,,0
1008800,'4661',633,,62950,9,,,0,186,,62951,9,,,0,96,,62952,9,,,0,100,,62953,9,,,0,100,,62954,9,,,0,100,,62955,9,,,0,100,,62956,9,,,0,100,,62957,9,,,0,100,,62958,9,,,0,100,,62959,9,,,0,99,,62960,9,,,0,107,,62961,9,,,0,98,,62962,9,,,0,29,,62963,9,,,0,70,,62964,9,,,0,31,,62965,9,,,0,70,,62966,9,,,0
1008800,'4663',633,,62933,9,,,0,186,,62934,9,,,0,96,,62935,9,,,0,100,,62936,9,,,0,100,,62937,9,,,0,100,,62938,9,,,0,100,,62939,9,,,0,100,,62940,9,,,0,100,,62941,9,,,0,100,,62942,9,,,0,99,,62943,9,,,0,107,,62944,9,,,0,98,,62945,9,,,0,29,,62946,9,,,0,70,,62947,9,,,0,31,,62948,9,,,0,70,,62949,9,,,0
