7500,'4487',707,,29505,0,13 14,0,94,,29506,0,42 43,0,100,,29507,0,42 43,0,99,,29504,0,42 43,0,58,,29508,0,42 43,0,101,,29509,0,42 43,0,70,,29510,0,13 14,0,30,,29511,0,42 43,0,70,,29512,0,13 14,0,71,,29513,0,42 43,0,24,,29514,0,13 14,0,76,,29515,0,42 43,0,30,,29516,0,13 14,0,70,,29517,0,42 43,0,31,,29518,0,13 14,0,70,,29519,0,42 43,0,100,,29520,0,42 43,0,102,,29521,0,42 43,0,100,,29522,0,42 43,0,99,,29523,0,42 43,0,100,,29524,0,13 14,0,102,,29525,0,13 14,0,100,,29526,0,13 14,0
7500,'4743',707,,13836,0,13 14,0,94,,13837,0,42 43,0,100,,13838,0,42 43,0,99,,13835,0,42 43,0,58,,13839,0,42 43,0,101,,13840,0,42 43,0,70,,13841,0,13 14,0,30,,13842,0,42 43,0,70,,13843,0,13 14,0,71,,13844,0,42 43,0,24,,13845,0,13 14,0,76,,13846,0,42 43,0,30,,13847,0,13 14,0,70,,13848,0,42 43,0,31,,13849,0,13 14,0,70,,13850,0,42 43,0,100,,13851,0,42 43,0,102,,13852,0,42 43,0,100,,13853,0,42 43,0,99,,13854,0,42 43,0,100,,13855,0,13 14,0,102,,13856,0,13 14,0,100,,13857,0,13 14,0
7500,'4744',549,,29528,0,42 43,0,58,,29529,0,13 14,0,19,,29530,0,13 14,0,20,,29531,0,13 14,0,58,,29527,0,13 14,0,18,,29532,0,13 14,0,15,,29533,0,42 43,0,67,,29534,0,13 14,0,13,,29535,0,13 14,0,21,,29536,0,13 14,0,21,,29537,0,42 43,0,67,,29538,0,13 14,0,30,,29539,0,42 43,0,76,,29540,0,13 14,0,25,,29541,0,42 43,0,70,,29542,0,13 14,0,30,,29543,0,42 43,0,70,,29544,0,13 14,0,30,,29545,0,42 43,0,70,,29546,0,13 14,0,30,,29547,0,42 43,0,70,,29548,0,13 14,0,29,,29549,0,42 43,0,70,,29550,0,42 43,0,31,,29551,0,42 43,0,70,,29552,0,13 14,0,31,,29553,0,42 43,0,67,,29554,0,13 14,0,19,,29555,0,42 43,0,65,,29556,0,13 14,0,11,,29557,0,13 14,0,18,,29558,0,13 14,0,62,,29559,0,42 43,0,24,,29560,0,13 14,0,77,,29561,0,42 43,0,105,,29562,0,42 43,0,96,,29563,0,13 14,0,101,,29564,0,13 14,0,107,,29565,0,13 14,0
7500,'4745',700,,29566,0,13 14,0,100,,29567,0,42 43,0,101,,29568,0,42 43,0,99,,29569,0,42 43,0,59,,29570,0,42 43,0,100,,29571,0,42 43,0,70,,29572,0,13 14,0,30,,29573,0,42 43,0,71,,29574,0,13 14,0,70,,29575,0,42 43,0,30,,29576,0,13 14,0,70,,29577,0,42 43,0,30,,29578,0,13 14,0,70,,29579,0,42 43,0,100,,29580,0,42 43,0,101,,29581,0,42 43,0,101,,29582,0,42 43,0,102,,29583,0,42 43,0,102,,29584,0,42 43,0,96,,29585,0,13 14,0,131,,29586,0,13 14,0
7500,'4935',549,,8976,0,42 43,0,58,,8977,0,13 14,0,19,,8978,0,13 14,0,20,,8979,0,13 14,0,58,,8975,0,13 14,0,18,,8980,0,13 14,0,15,,8981,0,42 43,0,67,,8982,0,13 14,0,13,,8983,0,13 14,0,21,,8984,0,13 14,0,21,,8985,0,42 43,0,67,,8986,0,13 14,0,30,,8987,0,42 43,0,76,,8988,0,13 14,0,25,,8989,0,42 43,0,70,,8990,0,13 14,0,30,,13858,0,42 43,0,70,,8992,0,13 14,0,30,,8993,0,42 43,0,70,,8994,0,13 14,0,30,,8995,0,42 43,0,70,,8996,0,13 14,0,29,,8997,0,42 43,0,70,,8998,0,42 43,0,31,,8999,0,42 43,0,70,,9000,0,13 14,0,31,,9001,0,42 43,0,151,,9002,0,13 14,0,11,,9003,0,13 14,0,18,,9004,0,13 14,0,62,,13859,0,42 43,0,24,,9006,0,13 14,0,77,,9007,0,42 43,0,105,,9008,0,42 43,0,197,,13860,0,13 14,0,107,,9010,0,13 14,0
7500,'4937',1725,,9011,0,13 14,0,19,,9012,0,42 43,0,458,,9013,0,13 14,0
7500,'4941',549,,9018,0,42 43,0,58,,9019,0,13 14,0,19,,9020,0,13 14,0,20,,9021,0,13 14,0,58,,9017,0,13 14,0,18,,9022,0,13 14,0,15,,9023,0,42 43,0,67,,9024,0,13 14,0,13,,9025,0,13 14,0,21,,9026,0,13 14,0,21,,9027,0,42 43,0,67,,9028,0,13 14,0,30,,9029,0,42 43,0,76,,9030,0,13 14,0,25,,9031,0,42 43,0,70,,9032,0,13 14,0,30,,13861,0,42 43,0,70,,9034,0,13 14,0,30,,9035,0,42 43,0,70,,9036,0,13 14,0,30,,9037,0,42 43,0,70,,9038,0,13 14,0,29,,9039,0,42 43,0,70,,9040,0,42 43,0,31,,9041,0,42 43,0,70,,9042,0,13 14,0,31,,9043,0,42 43,0,67,,9044,0,13 14,0,19,,9045,0,42 43,0,65,,9046,0,13 14,0,11,,9047,0,13 14,0,18,,9048,0,13 14,0,62,,13862,0,42 43,0,24,,9050,0,13 14,0,77,,9051,0,42 43,0,105,,9052,0,42 43,0,96,,9053,0,13 14,0,101,,13863,0,13 14,0,107,,9055,0,13 14,0
7500,'4943',707,,9057,0,13 14,0,94,,9058,0,42 43,0,100,,9059,0,42 43,0,99,,9056,0,42 43,0,58,,9060,0,42 43,0,101,,9061,0,42 43,0,70,,9062,0,13 14,0,30,,13864,0,42 43,0,70,,9064,0,13 14,0,71,,13865,0,42 43,0,24,,9066,0,13 14,0,76,,9067,0,42 43,0,30,,9068,0,13 14,0,70,,13866,0,42 43,0,31,,9070,0,13 14,0,70,,9071,0,42 43,0,100,,9072,0,42 43,0,102,,9073,0,42 43,0,100,,13867,0,42 43,0,99,,9075,0,42 43,0,100,,9076,0,13 14,0,102,,9077,0,13 14,0,100,,13868,0,13 14,0
7500,'4945',700,,9079,0,13 14,0,100,,13869,0,42 43,0,101,,13870,0,42 43,0,99,,9082,0,42 43,0,59,,9083,0,42 43,0,100,,9084,0,42 43,0,70,,13871,0,13 14,0,30,,13872,0,42 43,0,71,,9087,0,13 14,0,70,,13873,0,42 43,0,30,,9089,0,13 14,0,70,,9090,0,42 43,0,30,,9091,0,13 14,0,70,,9092,0,42 43,0,100,,13874,0,42 43,0,101,,9094,0,42 43,0,101,,9095,0,42 43,0,102,,9096,0,42 43,0,102,,9097,0,42 43,0,96,,9098,0,13 14,0,131,,13875,0,13 14,0
7500,'4947',549,,29588,0,42 43,0,58,,29589,0,13 14,0,19,,29590,0,13 14,0,20,,29591,0,13 14,0,58,,29587,0,13 14,0,18,,29592,0,13 14,0,15,,29593,0,42 43,0,67,,29594,0,13 14,0,13,,29595,0,13 14,0,21,,29596,0,13 14,0,21,,29597,0,42 43,0,67,,29598,0,13 14,0,30,,29599,0,42 43,0,76,,29600,0,13 14,0,25,,29601,0,42 43,0,70,,29602,0,13 14,0,30,,29603,0,42 43,0,70,,29604,0,13 14,0,30,,29605,0,42 43,0,70,,29606,0,13 14,0,30,,29607,0,42 43,0,70,,29608,0,13 14,0,29,,29609,0,42 43,0,70,,29610,0,42 43,0,31,,29611,0,42 43,0,70,,29612,0,13 14,0,31,,29613,0,42 43,0,151,,29614,0,13 14,0,11,,29615,0,13 14,0,18,,29616,0,13 14,0,62,,29617,0,42 43,0,24,,29618,0,13 14,0,77,,29619,0,42 43,0,105,,29620,0,42 43,0,197,,29621,0,13 14,0,107,,29622,0,13 14,0
7500,'4949',1725,,29623,0,13 14,0,19,,29624,0,42 43,0,458,,29625,0,13 14,0
7500,'4950',1725,,29626,0,13 14,0,19,,29627,0,42 43,0,458,,29628,0,13 14,0
7500,'4952',549,,29630,0,42 43,0,58,,29631,0,13 14,0,19,,29632,0,13 14,0,20,,29633,0,13 14,0,58,,29629,0,13 14,0,18,,29634,0,13 14,0,15,,29635,0,42 43,0,67,,29636,0,13 14,0,13,,29637,0,13 14,0,21,,29638,0,13 14,0,21,,29639,0,42 43,0,67,,29640,0,13 14,0,30,,29641,0,42 43,0,76,,29642,0,13 14,0,25,,29643,0,42 43,0,70,,29644,0,13 14,0,30,,29645,0,42 43,0,70,,29646,0,13 14,0,30,,29647,0,42 43,0,70,,29648,0,13 14,0,30,,29649,0,42 43,0,70,,29650,0,13 14,0,29,,29651,0,42 43,0,70,,29652,0,42 43,0,31,,29653,0,42 43,0,70,,29654,0,13 14,0,31,,29655,0,42 43,0,67,,29656,0,13 14,0,19,,29657,0,42 43,0,65,,29658,0,13 14,0,11,,29659,0,13 14,0,18,,29660,0,13 14,0,62,,29661,0,42 43,0,24,,29662,0,13 14,0,77,,29663,0,42 43,0,105,,29664,0,42 43,0,96,,29665,0,13 14,0,101,,29666,0,13 14,0,107,,29667,0,13 14,0
7500,'4953',707,,29669,0,13 14,0,94,,29670,0,42 43,0,100,,29671,0,42 43,0,99,,29668,0,42 43,0,58,,29672,0,42 43,0,101,,29673,0,42 43,0,70,,29674,0,13 14,0,30,,29675,0,42 43,0,70,,29676,0,13 14,0,71,,29677,0,42 43,0,24,,29678,0,13 14,0,76,,29679,0,42 43,0,30,,29680,0,13 14,0,70,,29681,0,42 43,0,31,,29682,0,13 14,0,70,,29683,0,42 43,0,100,,29684,0,42 43,0,102,,29685,0,42 43,0,100,,29686,0,42 43,0,99,,29687,0,42 43,0,100,,29688,0,13 14,0,102,,29689,0,13 14,0,100,,29690,0,13 14,0
7500,'4954',700,,29691,0,13 14,0,100,,29692,0,42 43,0,101,,29693,0,42 43,0,99,,29694,0,42 43,0,59,,29695,0,42 43,0,100,,29696,0,42 43,0,70,,29697,0,13 14,0,30,,29698,0,42 43,0,71,,29699,0,13 14,0,70,,29700,0,42 43,0,30,,29701,0,13 14,0,70,,29702,0,42 43,0,30,,29703,0,13 14,0,70,,29704,0,42 43,0,100,,29705,0,42 43,0,101,,29706,0,42 43,0,101,,29707,0,42 43,0,102,,29708,0,42 43,0,102,,29709,0,42 43,0,96,,29710,0,13 14,0,131,,29711,0,13 14,0
