6100,'4332',641,,60786,18,0,30 14,0,99,,60787,18,0,30 14,0,82,,60785,18,0,30 14,0,98,,60788,18,0,30 14,0,95,,60789,18,0,30 14,0,42,,60790,18,0,30 14,0,75,,60791,18,0,30 14,0,87,,60792,18,0,30 14,0,35,,60793,18,0,30 14,0,75,,60794,18,0,30 14,0,76,,60795,18,0,30 14,0,37,,60796,18,0,30 14,0,77,,60797,18,0,30 14,0,37,,60798,18,0,30 14,0,66,,60799,18,0,30 14,0,78,,60800,18,0,30 14,0,41,,60801,18,0,30 14,0,72,,60802,18,0,30 14,0,31,,60803,18,0,30 14,0,71,,60804,18,0,30 14,0,33,,60805,18,0,30 14,0,83,,60806,18,0,30 14,0,81,,60807,18,0,30 14,0,41,,60808,18,0,30 14,0,103,,60809,18,0,30 14,0,73,,60810,18,0,30 14,0,100,,60811,18,0,30 14,0,78,,60812,18,0,30,0,100,,60813,18,0,30,0
6100,'4661',530,,60837,36,,,0,75,,60835,36,,,0,13,,60838,36,,,0,20,,60839,36,,,0,20,,60841,36,,,0,59,,60845,36,,,0,19,,60852,36,,,0,69,,60854,36,,,0,19,,60847,18,0,30 14,0,80,,60836,18,0,30 14,0,36,,60840,18,0,30 14,0,64,,60851,18,0,30 14,0,36,,60843,18,0,30 14,0,88,,60842,18,0,30 14,0,76,,60849,18,0,30 14,0,35,,60844,18,0,30 14,0,74,,60846,18,0,30 14,0,39,,60853,18,0,30 14,0,70,,60848,18,0,30 14,0,79,,60850,18,0,30 14,0,33,,60855,18,0,30 14,0,82,,60856,18,0,30 14,0,26,,60858,18,0,30 14,0,79,,60862,18,0,30 14,0,30,,60857,18,0,30 14,0,93,,60861,18,0,30 14,0,72,,60863,18,0,30 14,0,31,,60859,18,0,30 14,0,70,,60860,18,0,30 14,0,95,,60864,18,0,30 14,0,41,,60865,18,0,30 14,0,104,,60866,18,0,30 14,0,73,,60867,18,0,30 14,0,100,,60868,18,0,30 14,0,75,,60869,18,0,30 14,0
6100,'4663',530,,60746,36,,,0,75,,60744,36,,,0,13,,60747,36,,,0,20,,60748,36,,,0,20,,60750,36,,,0,59,,60754,36,,,0,19,,60761,36,,,0,69,,60763,36,,,0,19,,60756,18,0,30 14,0,80,,60745,18,0,30 14,0,36,,60749,18,0,30 14,0,64,,60760,18,0,30 14,0,36,,60752,18,0,30 14,0,88,,60751,18,0,30 14,0,76,,60758,18,0,30 14,0,35,,60753,18,0,30 14,0,74,,60755,18,0,30 14,0,39,,60762,18,0,30 14,0,70,,60757,18,0,30 14,0,27,,60781,18,0,30 14,0,52,,60759,18,0,30 14,0,33,,60764,18,0,30 14,0,82,,60765,18,0,30 14,0,26,,60768,18,0,30 14,0,79,,60772,18,0,30 14,0,30,,60767,18,0,30 14,0,65,,60766,18,0,30 14,0,28,,60771,18,0,30 14,0,72,,60773,18,0,30 14,0,31,,60769,18,0,30 14,0,70,,60770,18,0,30 14,0,95,,60774,18,0,30 14,0,41,,60775,18,0,30 14,0,104,,60777,18,0,30 14,0,73,,60778,18,0,30 14,0,100,,60779,18,0,30 14,0,75,,60780,18,0,30 14,0,100,,60776,18,0,30,0
6100,'4682',1816,,60871,18,0,30 14,0
6100,'5078',645,,60814,18,0,30 14,0,104,,60815,18,0,30 14,0,83,,60816,18,0,30 14,0,96,,60817,18,0,30 14,0,82,,60818,18,0,30 14,0,46,,60819,18,0,30 14,0,97,,60820,18,0,30 14,0,82,,60821,18,0,30 14,0,101,,60822,18,0,30 14,0,94,,60823,18,0,30 14,0,103,,60824,18,0,30 14,0,79,,60825,18,0,30 14,0,102,,60826,18,0,30 14,0,86,,60827,18,0,30 14,0,103,,60828,18,0,30 14,0,46,,60829,18,0,30 14,0,86,,60830,18,0,30 14,0,101,,60831,18,0,30 14,0,93,,60832,18,0,30 14,0,101,,60833,18,0,30 14,0,75,,60834,18,0,30,0
6100,'5387',1816,,60870,18,0,30 14,0
6400,'4661',602,,61011,1,0,32 33,0,46,,61012,1,,,0,252,,61013,17,0,32 33,0,256,,61014,32,,,0,372,,61015,32,0,32 33,0,207,,61016,17,,,0,100,,61017,1,0,32 33,0
6400,'4663',602,,61004,1,0,32 33,0,46,,61005,1,,,0,252,,61006,17,0,32 33,0,256,,61007,32,,,0,372,,61008,32,0,32 33,0,207,,61009,17,,,0,100,,61010,1,0,32 33,0
6500,'4661',548,,61036,27,,,0,94,,61038,27,,,0,62,,61039,27,,,0,43,,61037,27,,,0
6500,'4663',548,,61032,27,,,0,94,,61034,27,,,0,62,,61035,27,,,0,43,,61033,27,,,0
