3201,'4744',708,,25428,,,0,43,,25429,,,0
3201,'4935',708,,6549,,,0,43,,6550,,,0
3201,'4941',708,,6567,,,0,43,,6568,,,0
3201,'4947',708,,25458,,,0,43,,25459,,,0
3201,'4952',708,,25476,,,0,43,,25477,,,0
3500,'4744',655,,25520,,,0,155,,25521,,,0,19,,25522,,,0,5,,25526,,,0,4,,25523,,,0,112,,25524,,,0,105,,25525,,,0,145,,25527,,,0,105,,25528,,,0,105,,25529,,,0,100,,25530,,,0,115,,25531,,,0,105,,25532,,,0
3500,'4935',655,,6611,,,0,155,,6612,,,0,19,,6613,,,0,5,,6617,,,0,4,,6614,,,0,112,,6615,,,0,105,,6616,,,0,145,,6618,,,0,105,,6619,,,0,105,,6620,,,0,100,,6621,,,0,115,,6622,,,0,105,,6623,,,0
3500,'4941',655,,6626,,,0,155,,6627,,,0,19,,6628,,,0,5,,6632,,,0,4,,6629,,,0,112,,6630,,,0,105,,6631,,,0,145,,6633,,,0,105,,6634,,,0,105,,6635,,,0,100,,6636,,,0,115,,6637,,,0,105,,6638,,,0
3500,'4947',655,,25535,,,0,155,,25536,,,0,19,,25537,,,0,5,,25541,,,0,4,,25538,,,0,112,,25539,,,0,105,,25540,,,0,145,,25542,,,0,105,,25543,,,0,105,,25544,,,0,100,,25545,,,0,115,,25546,,,0,105,,25547,,,0
3500,'4952',655,,25550,,,0,155,,25551,,,0,19,,25552,,,0,5,,25556,,,0,4,,25553,,,0,112,,25554,,,0,105,,25555,,,0,145,,25557,,,0,105,,25558,,,0,105,,25559,,,0,100,,25560,,,0,115,,25561,,,0,105,,25562,,,0
