2400,'4332',702,,56955,15,,,0,122,,56953,15,,,0,105,,56951,15,,,0,111,,56952,15,,,0,100,,56954,15,,,0,98,,56960,15,,,0,98,,56957,15,,,0,99,,56956,15,,,0,101,,56959,15,,,0,97,,56958,15,,,0,104,,56961,15,,,0,113,,56962,15,,,0,164,,56963,15,,,0,125,,56964,15,,,0,169,,56965,15,,,0
2400,'4661',621,,56979,15,,,0,32,,56983,15,,,0,75,,56984,15,,,0,102,,56980,15,,,0,113,,56978,15,,,0,100,,56988,15,,,0,101,,56985,15,,,0,99,,56981,15,,,0,100,,56982,15,,,0,99,,56986,15,,,0,86,,56987,15,,,0,81,,56989,15,,,0,94,,56990,15,,,0,98,,56991,15,,,0,103,,56992,15,,,0,110,,56993,15,,,0,123,,56994,15,,,0,171,,56995,15,,,0,131,,56996,15,,,0
2400,'4663',621,,56933,15,,,0,32,,56937,15,,,0,75,,56938,15,,,0,102,,56934,15,,,0,113,,56932,15,,,0,100,,56942,15,,,0,101,,56939,15,,,0,99,,56935,15,,,0,100,,56936,15,,,0,99,,56940,15,,,0,86,,56941,15,,,0,81,,56943,15,,,0,94,,56944,15,,,0,98,,56945,15,,,0,103,,56946,15,,,0,110,,56947,15,,,0,123,,56948,15,,,0,171,,56949,15,,,0,131,,56950,15,,,0
2400,'5078',822,,56966,15,,,0,128,,56969,15,,,0,169,,56968,15,,,0,132,,56970,15,,,0,169,,56971,15,,,0,132,,56972,15,,,0,170,,56973,15,,,0,129,,56974,15,,,0,166,,56975,15,,,0,124,,56976,15,,,0,168,,56977,15,,,0
2500,'4332',741,,57092,13,,,0,109,,57090,13,,,0,154,,57094,13,,,0,101,,57088,13,,,0,100,,57086,13,,,0,98,,57087,13,,,0,100,,57089,13,,,0,99,,57093,13,,,0,100,,57091,13,,,0,101,,57095,13,,,0,102,,57096,13,,,0,124,,57097,13,,,0,121,,57098,13,,,0,169,,57099,13,,,0,130,,57100,13,0,5,0
2500,'4661',557,,57121,13,,,0,75,,57114,13,,,0,70,,57112,13,,,0,38,,57113,13,,,0,70,,57120,13,,,0,95,,57119,13,,,0,104,,57117,13,,,0,101,,57115,13,,,0,100,,57116,13,,,0,98,,57122,13,,,0,100,,57118,13,,,0,138,,57124,13,,,0,84,,57123,13,,,0,98,,57125,13,,,0,102,,57126,13,,,0,100,,57127,13,,,0,121,,57128,13,,,0,167,,57129,13,,,0,133,,57130,13,0,5,0
2500,'4663',557,,57076,13,,,0,75,,57068,13,,,0,70,,57066,13,,,0,38,,57067,13,,,0,70,,57074,13,,,0,95,,57073,13,,,0,104,,57071,13,,,0,101,,57069,13,,,0,100,,57070,13,,,0,98,,57077,13,,,0,100,,57072,13,,,0,96,,57075,5,,,0,42,,57079,13,,,0,84,,57078,13,,,0,98,,57080,13,,,0,102,,57081,13,,,0,100,,57082,13,,,0,121,,57083,13,,,0,167,,57084,13,,,0,133,,57085,13,0,5,0
2500,'5078',733,,57103,13,,,0,167,,57101,13,,,0,129,,57102,13,,,0,130,,57104,13,,,0,172,,57105,13,,,0,169,,57106,13,,,0,133,,57107,13,,,0,169,,57108,13,,,0,130,,57109,13,,,0,121,,57110,13,,,0,168,,57111,13,,,0
2500,'5387',1504,,57131,5,,,0
4001,'4332',648,,59515,28,,,0,168,,59518,28,,,0,101,,59506,28,,,0,100,,59508,28,,,0,101,,59514,28,,,0,101,,59516,28,,,0,100,,59507,28,,,0,101,,59509,28,,,0,100,,59512,28,,,0,100,,59517,28,,,0,100,,59510,28,,,0,97,,59511,28,,,0,99,,59513,28,,,0,98,,59519,28,,,0,130,,59520,28,,,0
4001,'4661',614,,59548,28,,,0,96,,59542,28,,,0,29,,59550,28,,,0,95,,59536,28,,,0,96,,59546,28,,,0,100,,59537,28,,,0,100,,59545,28,,,0,102,,59538,28,,,0,101,,59547,28,,,0,102,,59539,28,,,0,110,,59549,28,,,0,75,,59534,28,,,0,34,,59541,28,,,0,72,,59535,28,,,0,33,,59552,28,,,0,83,,59540,28,,,0,97,,59551,28,,,0,96,,59543,28,,,0,124,,59544,28,,,0
4001,'4663',614,,59501,28,,,0,96,,59495,28,,,0,29,,59503,28,,,0,95,,59489,28,,,0,96,,59499,28,,,0,100,,59490,28,,,0,100,,59498,28,,,0,102,,59491,28,,,0,101,,59500,28,,,0,102,,59492,28,,,0,110,,59502,28,,,0,75,,59487,28,,,0,34,,59494,28,,,0,72,,59488,28,,,0,33,,59505,28,,,0,83,,59493,28,,,0,97,,59504,28,,,0,96,,59496,28,,,0,124,,59497,28,,,0
4001,'5078',744,,59522,28,,,0,172,,59521,28,,,0,101,,59523,28,,,0,100,,59524,28,,,0,102,,59526,28,,,0,100,,59525,28,,,0,101,,59530,28,,,0,100,,59528,28,,,0,100,,59529,28,,,0,99,,59527,28,,,0,97,,59532,28,,,0,99,,59531,28,,,0,99,,59533,28,,,0
4600,'4661',616,,59585,28,,,0,19,,59573,28,,,0,70,,59586,28,,,0,29,,59574,28,,,0,78,,59575,28,,,0,96,,59576,28,,,0,95,,59580,28,,,0,339,,59577,28,,,0,111,,59578,28,,,0,73,,59579,28,,,0,77,,59584,28,,,0,55,,59581,28,,,0,69,,59582,28,,,0,87,,59583,28,,,0
4600,'4663',616,,59571,28,,,0,19,,59559,28,,,0,70,,59572,28,,,0,29,,59560,28,,,0,78,,59561,28,,,0,96,,59562,28,,,0,95,,59566,28,,,0,339,,59563,28,,,0,111,,59564,28,,,0,73,,59565,28,,,0,77,,59570,28,,,0,55,,59567,28,,,0,69,,59568,28,,,0,87,,59569,28,,,0
