601,'4663',538,,54130,9,,,0,15,,54124,9,,,0,68,,54118,9,,,0,24,,54129,9,,,0,55,,54091,9,,,0,14,,54112,9,,,0,6,,54083,9,,,0,15,,54117,9,,,0,16,,54101,9,,,0,52,,54092,9,,,0,18,,54125,9,,,0,18,,54111,9,,,0,17,,54119,9,,,0,57,,54080,9,,,0,20,,54094,9,,,0,22,,54086,9,,,0,63,,54120,9,,,0,23,,54103,9,,,0,63,,54126,9,,,0,24,,54113,9,,,0,24,,54132,9,,,0,64,,54095,9,,,0,25,,54085,9,,,0,65,,54121,9,,,0,23,,54102,9,,,0,21,,54096,9,,,0,60,,54084,9,,,0,19,,54114,9,,,0,20,,54131,9,,,0,58,,54077,9,,,0,16,,54097,9,,,0,11,,54128,9,,,0,20,,54078,9,,,0,59,,54122,9,,,0,19,,54105,9,,,0,22,,54099,9,,,0,62,,54087,9,,,0,26,,54123,9,,,0,64,,54106,9,,,0,12,,54127,9,,,0,25,,54090,9,,,0,71,,54081,9,,,0,33,,54098,9,,,0,77,,54082,9,,,0,18,,54104,9,,,0,76,,54089,9,,,0,22,,54088,9,,,0,90,,54093,9,,,0,100,,54107,9,,,0,73,,54100,9,,,0,31,,54109,9,,,0,70,,54108,9,,,0,30,,54110,9,,,0,71,,54115,9,,,0,30,,54116,9,,,0
601,'5372',538,,38173,9,,,0,15,,38167,9,,,0,68,,38161,9,,,0,24,,38172,9,,,0,55,,38138,9,,,0,14,,38157,9,,,0,6,,38130,9,,,0,15,,38160,9,,,0,16,,38148,9,,,0,52,,38139,9,,,0,18,,38168,9,,,0,18,,38156,9,,,0,17,,38162,9,,,0,57,,38127,9,,,0,20,,38141,9,,,0,22,,38133,9,,,0,63,,38163,9,,,0,23,,38150,9,,,0,63,,38169,9,,,0,24,,38158,9,,,0,24,,51617,9,,,0,64,,38142,9,,,0,25,,38132,9,,,0,65,,38164,9,,,0,23,,38149,9,,,0,21,,38143,9,,,0,60,,38131,9,,,0,19,,38159,9,,,0,20,,38174,9,,,0,58,,38124,9,,,0,16,,38144,9,,,0,11,,38171,9,,,0,20,,38125,9,,,0,59,,38165,9,,,0,19,,38152,9,,,0,22,,38146,9,,,0,62,,38134,9,,,0,26,,38166,9,,,0,64,,38153,9,,,0,12,,38170,9,,,0,25,,38137,9,,,0,71,,38128,9,,,0,33,,38145,9,,,0,77,,38129,9,,,0,18,,38151,9,,,0,76,,38136,9,,,0,22,,38135,9,,,0,90,,38140,9,,,0,100,,38154,9,,,0,73,,38147,9,,,0,31,,38155,9,,,0
601,'5377',639,,38333,9,,,0,95,,38307,9,,,0,84,,38316,9,,,0,19,,38306,9,,,0,79,,38332,9,,,0,16,,38321,9,,,0,15,,38343,9,,,0,70,,38296,9,,,0,16,,38335,9,,,0,15,,38323,9,,,0,70,,38305,9,,,0,15,,38298,9,,,0,12,,38297,9,,,0,64,,38325,9,,,0,12,,38300,9,,,0,12,,38301,9,,,0,12,,38315,9,,,0,64,,38299,9,,,0,12,,38340,9,,,0,12,,38324,9,,,0,12,,38304,9,,,0,64,,38314,9,,,0,12,,38303,9,,,0,12,,38302,9,,,0,12,,38338,9,,,0,64,,38310,9,,,0,13,,38311,9,,,0,12,,38313,9,,,0,12,,38312,9,,,0,65,,38339,9,,,0,12,,38318,9,,,0,12,,38308,9,,,0,12,,38309,9,,,0,64,,38344,9,,,0,12,,38320,9,,,0,13,,38336,9,,,0,16,,38317,9,,,0,70,,38322,9,,,0,19,,38319,9,,,0,18,,38330,9,,,0,77,,38327,9,,,0,18,,38326,9,,,0,74,,38328,9,,,0,17,,38329,9,,,0,75,,38334,9,,,0,20,,38337,9,,,0,97,,38331,9,,,0,71,,38342,9,,,0,42,,38341,9,,,0
601,'5383',558,,54135,9,,,0,63,,54136,9,,,0,20,,54133,9,,,0,77,,54137,9,,,0,16,,54138,9,,,0,19,,54139,9,,,0,73,,54140,9,,,0,14,,54141,9,,,0,15,,54142,9,,,0,67,,54143,9,,,0,13,,54144,9,,,0,13,,54134,9,,,0,62,,54145,9,,,0,12,,54146,9,,,0,12,,54147,9,,,0,24,,54149,9,,,0,51,,54150,9,,,0,12,,54148,9,,,0,24,,54151,9,,,0,11,,54152,9,,,0,52,,54153,9,,,0,23,,54160,9,,,0,12,,54154,9,,,0,12,,54155,9,,,0,64,,54156,9,,,0,10,,54157,9,,,0,11,,54158,9,,,0,60,,54161,9,,,0,10,,54162,9,,,0,11,,54163,9,,,0,21,,54159,9,,,0,11,,54164,9,,,0,50,,54169,9,,,0,21,,54165,9,,,0,10,,54166,9,,,0,10,,54167,9,,,0,61,,54168,9,,,0,10,,54170,9,,,0,10,,54171,9,,,0,11,,54172,9,,,0,64,,54173,9,,,0,13,,54174,9,,,0,12,,54175,9,,,0,13,,54176,9,,,0,65,,54177,9,,,0,12,,54178,9,,,0,13,,54179,9,,,0,15,,54180,9,,,0,70,,54181,9,,,0,16,,54182,9,,,0,15,,54183,9,,,0,77,,54184,9,,,0,18,,54185,9,,,0,76,,54186,9,,,0,18,,54187,9,,,0,82,,54188,9,,,0,25,,54189,9,,,0,96,,54190,9,,,0,66,,54191,9,,,0,31,,54192,9,,,0,70,,54193,9,,,0,30,,54194,9,,,0,71,,54195,9,,,0,29,,54196,9,,,0
601,'5384',639,,54234,9,,,0,95,,54208,9,,,0,84,,54217,9,,,0,19,,54207,9,,,0,79,,54233,9,,,0,16,,54222,9,,,0,15,,54244,9,,,0,70,,54197,9,,,0,16,,54236,9,,,0,15,,54224,9,,,0,70,,54206,9,,,0,15,,54199,9,,,0,12,,54198,9,,,0,64,,54226,9,,,0,12,,54201,9,,,0,12,,54202,9,,,0,12,,54216,9,,,0,64,,54200,9,,,0,12,,54241,9,,,0,12,,54225,9,,,0,12,,54205,9,,,0,64,,54215,9,,,0,12,,54204,9,,,0,12,,54203,9,,,0,12,,54239,9,,,0,64,,54211,9,,,0,13,,54212,9,,,0,12,,54214,9,,,0,12,,54213,9,,,0,65,,54240,9,,,0,12,,54219,9,,,0,12,,54209,9,,,0,12,,54210,9,,,0,64,,54245,9,,,0,12,,54221,9,,,0,13,,54237,9,,,0,16,,54218,9,,,0,70,,54223,9,,,0,19,,54220,9,,,0,18,,54231,9,,,0,77,,54228,9,,,0,18,,54227,9,,,0,74,,54229,9,,,0,17,,54230,9,,,0,75,,54235,9,,,0,20,,54238,9,,,0,97,,54232,9,,,0,71,,54243,9,,,0,42,,54242,9,,,0
601,'5385',538,,54295,9,,,0,15,,54289,9,,,0,68,,54283,9,,,0,24,,54294,9,,,0,55,,54260,9,,,0,14,,54279,9,,,0,6,,54252,9,,,0,15,,54282,9,,,0,16,,54270,9,,,0,52,,54261,9,,,0,18,,54290,9,,,0,18,,54278,9,,,0,17,,54284,9,,,0,57,,54249,9,,,0,20,,54263,9,,,0,22,,54255,9,,,0,63,,54285,9,,,0,23,,54272,9,,,0,63,,54291,9,,,0,24,,54280,9,,,0,24,,54297,9,,,0,64,,54264,9,,,0,25,,54254,9,,,0,65,,54286,9,,,0,23,,54271,9,,,0,21,,54265,9,,,0,60,,54253,9,,,0,19,,54281,9,,,0,20,,54296,9,,,0,58,,54246,9,,,0,16,,54266,9,,,0,11,,54293,9,,,0,20,,54247,9,,,0,59,,54287,9,,,0,19,,54274,9,,,0,22,,54268,9,,,0,62,,54256,9,,,0,26,,54288,9,,,0,64,,54275,9,,,0,12,,54292,9,,,0,25,,54259,9,,,0,71,,54250,9,,,0,33,,54267,9,,,0,77,,54251,9,,,0,18,,54273,9,,,0,76,,54258,9,,,0,22,,54257,9,,,0,90,,54262,9,,,0,100,,54276,9,,,0,73,,54269,9,,,0,31,,54277,9,,,0
1700,'4663',807,,56429,19,,,0
1700,'5372',807,,40938,19,,,0
1700,'5385',807,,56430,19,,,0
1701,'4663',1518,,56431,21,,,0
1701,'5372',1518,,40940,21,,,0
1701,'5385',1518,,56432,21,,,0
1000601,'4663',607,,62831,17,,,0,47,,62826,17,,,0,73,,62820,17,,,0,29,,62834,17,,,0,74,,62821,17,,,0,75,,62835,17,,,0,39,,62833,17,,,0,86,,62836,17,,,0,86,,62822,17,,,0,88,,62828,17,,,0,50,,62832,17,,,0,86,,62816,17,,,0,80,,62815,17,,,0,39,,62829,17,,,0,85,,62823,17,,,0,76,,62817,17,,,0,84,,62819,17,,,0,49,,62818,17,,,0,105,,62837,17,,,0,147,,62824,17,,,0,54,,62827,17,,,0,100,,62830,17,,,0,141,,62825,17,,,0
1000601,'5372',607,,48489,17,,,0,47,,48484,17,,,0,73,,48478,17,,,0,29,,48492,17,,,0,74,,48479,17,,,0,75,,48493,17,,,0,39,,48491,17,,,0,86,,48494,17,,,0,86,,48480,17,,,0,88,,48486,17,,,0,50,,48490,17,,,0,86,,48474,17,,,0,80,,62838,17,,,0,39,,48487,17,,,0,85,,48481,17,,,0,76,,48475,17,,,0,84,,48477,17,,,0,49,,48476,17,,,0,105,,48495,17,,,0,147,,48482,17,,,0,54,,48485,17,,,0,100,,48488,17,,,0,141,,48483,17,,,0
1000601,'5377',708,,48545,17,,,0,50,,48551,17,,,0,97,,48539,17,,,0,147,,48543,17,,,0,101,,48538,17,,,0,54,,48553,17,,,0,100,,48540,17,,,0,100,,48541,17,,,0,100,,48547,17,,,0,101,,48544,17,,,0,101,,48542,17,,,0,148,,48546,17,,,0,110,,48548,17,,,0,93,,48550,17,,,0,91,,48549,17,,,0,108,,48552,17,,,0
1000601,'5383',700,,62839,17,,,0,110,,62840,17,,,0,99,,62841,17,,,0,49,,62842,17,,,0,88,,62843,17,,,0,87,,62844,17,,,0,87,,62845,17,,,0,88,,62846,17,,,0,42,,62848,17,,,0,82,,62847,17,,,0,82,,62849,17,,,0,42,,62850,17,,,0,93,,62851,17,,,0,100,,62852,17,,,0,109,,62853,17,,,0,143,,62854,17,,,0,54,,62855,17,,,0,99,,62856,17,,,0,150,,62857,17,,,0
1000601,'5384',708,,62865,17,,,0,50,,62871,17,,,0,97,,62859,17,,,0,147,,62863,17,,,0,101,,62858,17,,,0,54,,62873,17,,,0,100,,62860,17,,,0,100,,62861,17,,,0,100,,62867,17,,,0,101,,62864,17,,,0,101,,62862,17,,,0,148,,62866,17,,,0,110,,62868,17,,,0,93,,62870,17,,,0,91,,62869,17,,,0,108,,62872,17,,,0
1000601,'5385',607,,62890,17,,,0,47,,62885,17,,,0,73,,62879,17,,,0,29,,62893,17,,,0,74,,62880,17,,,0,75,,62894,17,,,0,39,,62892,17,,,0,86,,62895,17,,,0,86,,62881,17,,,0,88,,62887,17,,,0,50,,62891,17,,,0,86,,62875,17,,,0,80,,62874,17,,,0,39,,62888,17,,,0,85,,62882,17,,,0,76,,62876,17,,,0,84,,62878,17,,,0,49,,62877,17,,,0,105,,62896,17,,,0,147,,62883,17,,,0,54,,62886,17,,,0,100,,62889,17,,,0,141,,62884,17,,,0
2000601,'4663',633,,63046,12,,,0,74,,63052,12,,,0,37,,63040,12,,,0,68,,63043,12,,,0,36,,63041,12,,,0,73,,63045,12,,,0,87,,63048,12,,,0,46,,63042,12,,,0,86,,63050,12,,,0,89,,63053,12,,,0,89,,63055,12,,,0,82,,63054,12,,,0,39,,63051,12,,,0,77,,63038,12,,,0,87,,63049,12,,,0,40,,63039,12,,,0,86,,63056,12,,,0,102,,63044,12,,,0,98,,63047,12,,,0
2000601,'5372',633,,48717,12,,,0,74,,48723,12,,,0,37,,48711,12,,,0,68,,48714,12,,,0,36,,48712,12,,,0,73,,48716,12,,,0,87,,48719,12,,,0,46,,48713,12,,,0,86,,48721,12,,,0,89,,48724,12,,,0,89,,52686,12,,,0,82,,48725,12,,,0,39,,48722,12,,,0,77,,51590,12,,,0,87,,48720,12,,,0,40,,48710,12,,,0,86,,48727,12,,,0,102,,48715,12,,,0,98,,48718,12,,,0
2000601,'5385',633,,63065,12,,,0,74,,63071,12,,,0,37,,63059,12,,,0,68,,63062,12,,,0,36,,63060,12,,,0,73,,63064,12,,,0,87,,63067,12,,,0,46,,63061,12,,,0,86,,63069,12,,,0,89,,63072,12,,,0,89,,63074,12,,,0,82,,63073,12,,,0,39,,63070,12,,,0,77,,63057,12,,,0,87,,63068,12,,,0,40,,63058,12,,,0,86,,63075,12,,,0,102,,63063,12,,,0,98,,63066,12,,,0
