4801,'4737',1700,,30347,28,,,0,29,,30348,28,,,0,30,,30349,28,,,0
4801,'4744',1700,,30350,28,,,0,29,,30351,28,,,0,30,,30352,28,,,0
4801,'5066',1700,,30353,28,,,0,29,,30354,28,,,0,30,,30355,28,,,0
5201,'4487',646,,30722,10,,,0,71,,30732,10,,,0,30,,30730,10,,,0,71,,30713,10,,,0,30,,30720,10,,,0,70,,30739,10,,,0,30,,30716,10,,,0,70,,30714,10,,,0,30,,30721,10,,,0,70,,30740,10,,,0,30,,30718,10,,,0,71,,30715,10,,,0,35,,30724,10,,,0,70,,30742,10,,,0,35,,30719,10,,,0,75,,30729,10,,,0,75,,30723,10,,,0,30,,30741,10,,,0,70,,30717,10,,,0,30,,30727,10,,,0,65,,30735,10,,,0,25,,30726,10,,,0,24,,30731,10,,,0,65,,30728,10,,,0,30,,30725,10,,,0,70,,30738,10,,,0,32,,30733,10,,,0,70,,30737,10,,,0,30,,30734,10,,,0,65,,30736,10,0,30 14,0,30,,30743,10,,,0,103,,30744,10,,,0,100,,30745,10,,,0
5201,'4737',505,,30749,10,,,0,35,,30746,10,,,0,78,,30753,10,,,0,37,,30748,10,,,0,65,,30759,10,,,0,28,,30747,11,,,0,72,,30765,11,,,0,20,,30773,11,0,28 37 14,0,4,,30754,10,,,0,76,,30750,11,,,0,35,,30751,10,,,0,69,,30763,10,,,0,30,,30755,10,,,0,68,,30752,10,,,0,35,,30756,10,,,0,74,,30764,10,,,0,70,,30757,10,,,0,30,,30758,10,,,0,70,,30778,10,,,0,29,,30760,11,,,0,20,,30784,10,0,38 3 39,0,9,,30766,11,,,0,66,,30761,11,,,0,75,,30762,11,,,0,38,,30779,11,,,0,64,,30767,11,,,0,25,,30768,11,,,0,22,,30769,10,,,0,70,,30770,10,,,0,29,,30780,10,,,0,70,,30771,10,,,0,33,,30772,10,,,0,69,,30774,10,,,0,28,,30782,10,,,0,67,,30775,10,0,30 14,0,35,,30776,10,,,0,98,,30781,10,,,0,99,,30777,10,,,0
5201,'4744',505,,30788,10,,,0,35,,30785,10,,,0,78,,30792,10,,,0,37,,30787,10,,,0,65,,30798,10,,,0,28,,30786,11,,,0,72,,30804,11,,,0,20,,30812,11,0,28 37 14,0,4,,30793,10,,,0,76,,30789,11,,,0,35,,30790,10,,,0,69,,30802,10,,,0,30,,30794,10,,,0,68,,30791,10,,,0,35,,30795,10,,,0,74,,30803,10,,,0,70,,30796,10,,,0,30,,30797,10,,,0,70,,30817,10,,,0,29,,30799,11,,,0,20,,30823,10,0,38 3 39,0,9,,30805,11,,,0,66,,30800,11,,,0,75,,30801,11,,,0,38,,30818,11,,,0,64,,30806,11,,,0,25,,30807,11,,,0,22,,30808,10,,,0,70,,30809,10,,,0,29,,30819,10,,,0,70,,30810,10,,,0,33,,30811,10,,,0,69,,30813,10,,,0,28,,30821,10,,,0,67,,30814,10,0,30 14,0,35,,30815,10,,,0,98,,30820,10,,,0,99,,30816,10,,,0
5201,'4745',717,,30831,10,,,0,30,,30847,10,,,0,70,,30839,10,,,0,31,,30826,10,,,0,70,,30834,10,,,0,30,,30841,10,,,0,70,,30836,10,,,0,30,,30827,10,,,0,70,,30833,10,,,0,30,,30842,10,,,0,70,,30838,10,,,0,35,,30825,10,,,0,70,,30832,10,,,0,35,,30845,10,,,0,75,,30837,10,,,0,75,,30828,10,,,0,30,,30830,10,,,0,70,,30844,10,,,0,30,,30835,10,,,0,70,,30840,10,,,0,30,,30829,10,,,0,70,,30843,10,,,0,40,,30846,10,,,0,100,,30848,10,,,0,100,,30849,10,,,0,100,,30850,10,,,0,100,,30851,10,,,0
5201,'5066',505,,30855,10,,,0,35,,30852,10,,,0,78,,30859,10,,,0,37,,30854,10,,,0,65,,30865,10,,,0,28,,30853,11,,,0,72,,30871,11,,,0,20,,30879,11,0,28 37 14,0,4,,30860,10,,,0,76,,30856,11,,,0,35,,30857,10,,,0,69,,30869,10,,,0,30,,30861,10,,,0,68,,30858,10,,,0,35,,30862,10,,,0,74,,30870,10,,,0,70,,30863,10,,,0,30,,30864,10,,,0,70,,30884,10,,,0,29,,30866,11,,,0,20,,30890,10,0,38 3 39,0,9,,30872,11,,,0,66,,30867,11,,,0,75,,30868,11,,,0,38,,30885,11,,,0,64,,30873,11,,,0,25,,30874,11,,,0,22,,30875,10,,,0,70,,30876,10,,,0,29,,30886,10,,,0,70,,30877,10,,,0,33,,30878,10,,,0,69,,30880,10,,,0,28,,30888,10,,,0,67,,30881,10,0,30 14,0,35,,30882,10,,,0,98,,30887,10,,,0,99,,30883,10,,,0
5201,'5070',646,,30901,10,,,0,71,,30911,10,,,0,30,,30909,10,,,0,71,,30892,10,,,0,30,,30899,10,,,0,70,,30918,10,,,0,30,,30895,10,,,0,70,,30893,10,,,0,30,,30900,10,,,0,70,,30919,10,,,0,30,,30897,10,,,0,71,,30894,10,,,0,35,,30903,10,,,0,70,,30921,10,,,0,35,,30898,10,,,0,75,,30908,10,,,0,75,,30902,10,,,0,30,,30920,10,,,0,70,,30896,10,,,0,30,,30906,10,,,0,65,,30914,10,,,0,25,,30905,10,,,0,24,,30910,10,,,0,65,,30907,10,,,0,30,,30904,10,,,0,70,,30917,10,,,0,32,,30912,10,,,0,70,,30916,10,,,0,30,,30913,10,,,0,65,,30915,10,0,30 14,0,30,,30922,10,,,0,103,,30923,10,,,0,100,,30924,10,,,0
5201,'5072',717,,30931,10,,,0,30,,30947,10,,,0,70,,30939,10,,,0,31,,30926,10,,,0,70,,30934,10,,,0,30,,30941,10,,,0,70,,30936,10,,,0,30,,30927,10,,,0,70,,30933,10,,,0,30,,30942,10,,,0,70,,30938,10,,,0,35,,30925,10,,,0,70,,30932,10,,,0,35,,30945,10,,,0,75,,30937,10,,,0,75,,30928,10,,,0,30,,30930,10,,,0,70,,30944,10,,,0,30,,30935,10,,,0,70,,30940,10,,,0,30,,30929,10,,,0,70,,30943,10,,,0,40,,30946,10,,,0,100,,30948,10,,,0,100,,30949,10,,,0,100,,30950,10,,,0,100,,30951,10,,,0
