4700,'4737',615,,12091,5,,,0,19,,12090,5,,,0,23,,12089,5,,,0
4700,'4744',615,,12094,5,,,0,19,,12093,5,,,0,23,,12092,5,,,0
4700,'4947',615,,12097,5,,,0,19,,12096,5,,,0,23,,12095,5,,,0
5801,'4487',653,,13460,10,,,0,100,,13461,10,,,0,100,,13462,10,,,0,106,,13463,10,,,0,145,,13459,10,,,0,105,,13458,10,,,0,100,,13457,10,,,0,110,,13456,10,,,0,100,,13454,10,,,0,110,,13455,10,,,0,100,,13449,10,,,0,105,,13450,10,,,0,100,,13451,10,,,0,105,,13452,10,,,0,114,,13453,10,,,0,150,,13448,10,,,0
5801,'4737',620,,13464,10,,,0,30,,13478,10,,,0,78,,13465,10,,,0,79,,13466,10,,,0,23,,13472,10,,,0,74,,13467,10,,,0,43,,13468,10,,,0,87,,13469,10,,,0,85,,13470,10,,,0,85,,13471,10,,,0,45,,13474,10,,,0,85,,13473,10,,,0,86,,13475,10,,,0,22,,13485,10,,,0,63,,13476,10,,,0,16,,13487,10,,,0,27,,13477,10,,,0,92,,13479,10,,,0,85,,13480,10,,,0,87,,13481,10,,,0,46,,13482,10,,,0,186,,13483,10,,,0,110,,13484,10,,,0,149,,13488,10,,,0
5801,'4740',653,,13501,10,,,0,100,,13502,10,,,0,100,,13503,10,,,0,106,,13504,10,,,0,145,,13500,10,,,0,105,,13499,10,,,0,100,,13498,10,,,0,110,,13497,10,,,0,100,,13495,10,,,0,110,,13496,10,,,0,100,,13490,10,,,0,105,,13491,10,,,0,100,,13492,10,,,0,105,,13493,10,,,0,114,,13494,10,,,0,150,,13489,10,,,0
5801,'4744',620,,13505,10,,,0,30,,13519,10,,,0,78,,13506,10,,,0,79,,13507,10,,,0,23,,13513,10,,,0,74,,13508,10,,,0,43,,13509,10,,,0,87,,13510,10,,,0,85,,13511,10,,,0,85,,13512,10,,,0,45,,13515,10,,,0,85,,13514,10,,,0,86,,13516,10,,,0,22,,13526,10,,,0,63,,13517,10,,,0,16,,13528,10,,,0,27,,13518,10,,,0,92,,13520,10,,,0,85,,13521,10,,,0,87,,13522,10,,,0,46,,13523,10,,,0,186,,13524,10,,,0,110,,13525,10,,,0,149,,13529,10,,,0
5801,'4745',752,,13530,10,,,0,101,,13536,10,,,0,105,,13534,10,,,0,146,,13537,10,,,0,105,,13532,10,,,0,100,,13535,10,,,0,110,,13531,10,,,0,100,,13538,10,,,0,110,,13533,10,,,0,100,,13541,10,,,0,104,,13540,10,,,0,100,,13542,10,,,0,105,,13543,10,,,0,199,,13539,10,,,0
5801,'4947',620,,13544,10,,,0,30,,13558,10,,,0,78,,13545,10,,,0,79,,13546,10,,,0,23,,13552,10,,,0,74,,13547,10,,,0,43,,13548,10,,,0,87,,13549,10,,,0,85,,13550,10,,,0,85,,13551,10,,,0,45,,13554,10,,,0,85,,13553,10,,,0,86,,13555,10,,,0,22,,13565,10,,,0,63,,13556,10,,,0,16,,13567,10,,,0,27,,13557,10,,,0,92,,13559,10,,,0,85,,13560,10,,,0,87,,13561,10,,,0,46,,13562,10,,,0,186,,13563,10,,,0,110,,13564,10,,,0,149,,13568,10,,,0
5801,'4954',752,,13569,10,,,0,101,,13575,10,,,0,105,,13573,10,,,0,146,,13576,10,,,0,105,,13571,10,,,0,100,,13574,10,,,0,110,,13570,10,,,0,100,,13577,10,,,0,110,,13572,10,,,0,100,,13580,10,,,0,104,,13579,10,,,0,100,,13581,10,,,0,105,,13582,10,,,0,199,,13578,10,,,0
