3000,'4487',653,,24458,,,0,100,,24459,,,0,78,,24460,,,0,78,,24461,,,0,34,,24462,,,0,72,,24463,,,0,33,,24464,,,0,71,,24465,,,0,30,,24466,,,0,71,,24467,,,0,30,,24468,,,0,69,,24469,,,0,32,,24470,,,0,70,,24471,,,0,30,,24472,,,0,70,,24473,,,0,31,,24474,,,0,69,,24475,,,0,30,,24476,,,0,69,,24477,,,0,30,,24478,,,0,69,,24479,,,0,30,,24480,,,0,79,,24481,,,0,79,,24482,,,0,38,,24483,,,0,85,,24484,,,0,100,,24485,,,0,100,,24486,,,0,106,,24487,,,0
3000,'4743',653,,13136,,,0,100,,13137,,,0,78,,13138,,,0,78,,13139,,,0,34,,13140,,,0,72,,13141,,,0,33,,13142,,,0,71,,13143,,,0,30,,13144,,,0,71,,13145,,,0,30,,13146,,,0,69,,13147,,,0,32,,13148,,,0,70,,13149,,,0,30,,13150,,,0,70,,13151,,,0,31,,13152,,,0,69,,13153,,,0,30,,13154,,,0,69,,13155,,,0,30,,13156,,,0,69,,13157,,,0,30,,13158,,,0,79,,13159,,,0,79,,13160,,,0,38,,13161,,,0,85,,13162,,,0,100,,13163,,,0,100,,13164,,,0,106,,13165,,,0
3000,'4744',603,,24488,,,0,54,,24489,,,0,72,,24490,,,0,74,,24491,,,0,31,,24492,,,0,71,,24493,,,0,29,,24494,,,0,70,,24495,,,0,31,,24496,,,0,70,,24497,,,0,31,,24498,,,0,71,,24499,,,0,30,,24500,,,0,70,,24501,,,0,31,,24502,,,0,70,,24503,,,0,28,,24504,,,0,72,,24505,,,0,32,,24506,,,0,74,,24507,,,0,37,,24508,,,0,70,,24509,,,0,30,,24510,,,0,70,,24511,,,0,25,,24512,,,0,67,,24513,,,0,28,,24514,,,0,72,,24515,,,0,33,,24516,,,0,85,,24517,,,0,100,,24518,,,0,98,,24519,,,0,108,,24520,,,0
3000,'4745',804,,24521,,,0,101,,24522,,,0,45,,24523,,,0,80,,24524,,,0,81,,24525,,,0,36,,24526,,,0,70,,24527,,,0,30,,24528,,,0,70,,24529,,,0,31,,24530,,,0,70,,24531,,,0,31,,24532,,,0,70,,24533,,,0,29,,24534,,,0,71,,24535,,,0,31,,24536,,,0,69,,24537,,,0,28,,24538,,,0,69,,24539,,,0,30,,24540,,,0,80,,24541,,,0,80,,24542,,,0,39,,24543,,,0,87,,24544,,,0,97,,24545,,,0,98,,24546,,,0
3000,'4935',603,,5996,,,0,54,,5997,,,0,72,,5998,,,0,74,,5999,,,0,31,,6000,,,0,71,,6001,,,0,29,,13166,,,0,70,,6003,,,0,31,,6004,,,0,70,,6005,,,0,31,,6006,,,0,71,,6007,,,0,30,,6008,,,0,70,,6009,,,0,31,,6010,,,0,70,,6011,,,0,28,,6012,,,0,72,,6013,,,0,32,,13167,,,0,74,,6015,,,0,37,,6016,,,0,70,,6017,,,0,30,,6018,,,0,70,,6019,,,0,25,,6020,,,0,67,,6021,,,0,28,,6022,,,0,72,,6023,,,0,33,,6024,,,0,85,,6025,,,0,100,,6026,,,0,98,,6027,,,0,108,,6028,,,0
3000,'4941',603,,6029,,,0,54,,6030,,,0,72,,6031,,,0,74,,6032,,,0,31,,6033,,,0,71,,6034,,,0,29,,13168,,,0,70,,6036,,,0,31,,6037,,,0,70,,6038,,,0,31,,6039,,,0,71,,6040,,,0,30,,6041,,,0,70,,6042,,,0,31,,6043,,,0,70,,6044,,,0,28,,6045,,,0,72,,6046,,,0,32,,13169,,,0,74,,6048,,,0,37,,6049,,,0,70,,6050,,,0,30,,6051,,,0,70,,6052,,,0,25,,6053,,,0,67,,6054,,,0,28,,6055,,,0,72,,6056,,,0,33,,6057,,,0,85,,6058,,,0,100,,6059,,,0,98,,6060,,,0,108,,6061,,,0
3000,'4943',653,,6062,,,0,100,,6063,,,0,78,,6064,,,0,78,,13170,,,0,34,,6066,,,0,72,,6067,,,0,33,,6068,,,0,71,,6069,,,0,30,,13171,,,0,71,,6071,,,0,30,,6072,,,0,69,,6073,,,0,32,,6074,,,0,70,,6075,,,0,30,,6076,,,0,70,,6077,,,0,31,,6078,,,0,69,,6079,,,0,30,,6080,,,0,69,,6081,,,0,30,,6082,,,0,69,,6083,,,0,30,,6084,,,0,79,,6085,,,0,79,,6086,,,0,38,,6087,,,0,85,,6088,,,0,100,,6089,,,0,100,,6090,,,0,106,,6091,,,0
3000,'4945',804,,6092,,,0,101,,6093,,,0,45,,6094,,,0,80,,13172,,,0,81,,6096,,,0,36,,13173,,,0,70,,6098,,,0,30,,6099,,,0,70,,6100,,,0,31,,6101,,,0,70,,6102,,,0,31,,6103,,,0,70,,13174,,,0,29,,6105,,,0,71,,6106,,,0,31,,6107,,,0,69,,6108,,,0,28,,6109,,,0,69,,13175,,,0,30,,13176,,,0,80,,6112,,,0,80,,6113,,,0,39,,6114,,,0,87,,13177,,,0,97,,13178,,,0,98,,6117,,,0
3000,'4947',603,,24547,,,0,54,,24548,,,0,72,,24549,,,0,74,,24550,,,0,31,,24551,,,0,71,,24552,,,0,29,,24553,,,0,70,,24554,,,0,31,,24555,,,0,70,,24556,,,0,31,,24557,,,0,71,,24558,,,0,30,,24559,,,0,70,,24560,,,0,31,,24561,,,0,70,,24562,,,0,28,,24563,,,0,72,,24564,,,0,32,,24565,,,0,74,,24566,,,0,37,,24567,,,0,70,,24568,,,0,30,,24569,,,0,70,,24570,,,0,25,,24571,,,0,67,,24572,,,0,28,,24573,,,0,72,,24574,,,0,33,,24575,,,0,85,,24576,,,0,100,,24577,,,0,98,,24578,,,0,108,,24579,,,0
3000,'4952',603,,24580,,,0,54,,24581,,,0,72,,24582,,,0,74,,24583,,,0,31,,24584,,,0,71,,24585,,,0,29,,24586,,,0,70,,24587,,,0,31,,24588,,,0,70,,24589,,,0,31,,24590,,,0,71,,24591,,,0,30,,24592,,,0,70,,24593,,,0,31,,24594,,,0,70,,24595,,,0,28,,24596,,,0,72,,24597,,,0,32,,24598,,,0,74,,24599,,,0,37,,24600,,,0,70,,24601,,,0,30,,24602,,,0,70,,24603,,,0,25,,24604,,,0,67,,24605,,,0,28,,24606,,,0,72,,24607,,,0,33,,24608,,,0,85,,24609,,,0,100,,24610,,,0,98,,24611,,,0,108,,24612,,,0
3000,'4953',653,,24613,,,0,100,,24614,,,0,78,,24615,,,0,78,,24616,,,0,34,,24617,,,0,72,,24618,,,0,33,,24619,,,0,71,,24620,,,0,30,,24621,,,0,71,,24622,,,0,30,,24623,,,0,69,,24624,,,0,32,,24625,,,0,70,,24626,,,0,30,,24627,,,0,70,,24628,,,0,31,,24629,,,0,69,,24630,,,0,30,,24631,,,0,69,,24632,,,0,30,,24633,,,0,69,,24634,,,0,30,,24635,,,0,79,,24636,,,0,79,,24637,,,0,38,,24638,,,0,85,,24639,,,0,100,,24640,,,0,100,,24641,,,0,106,,24642,,,0
3000,'4954',804,,24643,,,0,101,,24644,,,0,45,,24645,,,0,80,,24646,,,0,81,,24647,,,0,36,,24648,,,0,70,,24649,,,0,30,,24650,,,0,70,,24651,,,0,31,,24652,,,0,70,,24653,,,0,31,,24654,,,0,70,,24655,,,0,29,,24656,,,0,71,,24657,,,0,31,,24658,,,0,69,,24659,,,0,28,,24660,,,0,69,,24661,,,0,30,,24662,,,0,80,,24663,,,0,80,,24664,,,0,39,,24665,,,0,87,,24666,,,0,97,,24667,,,0,98,,24668,,,0
