601,'4332',605,,54135,20,,,0,23,,54136,20,,,0,20,,54133,20,,,0,78,,54137,20,,,0,16,,54138,20,,,0,60,,54139,20,,,0,33,,54140,20,,,0,14,,54141,20,,,0,55,,54142,20,,,0,28,,54143,20,,,0,13,,54144,20,,,0,13,,54134,20,,,0,63,,54145,20,,,0,12,,54146,20,,,0,12,,54147,20,,,0,64,,54149,20,,,0,11,,54150,20,,,0,12,,54148,20,,,0,24,,54151,20,,,0,51,,54152,20,,,0,12,,54153,20,,,0,23,,54160,20,,,0,12,,54154,20,,,0,52,,54155,20,,,0,24,,54156,20,,,0,10,,54157,20,,,0,11,,54158,20,,,0,60,,54161,20,,,0,10,,54162,20,,,0,11,,54163,20,,,0,21,,54159,20,,,0,51,,54164,20,,,0,10,,54169,20,,,0,21,,54165,20,,,0,10,,54166,20,,,0,10,,54167,20,,,0,61,,54168,20,,,0,10,,54170,20,,,0,10,,54171,20,,,0,11,,54172,20,,,0,64,,54173,20,,,0,13,,54174,20,,,0,12,,54175,20,,,0,13,,54176,20,,,0,64,,54177,20,,,0,12,,54178,20,,,0,13,,54179,20,,,0,15,,54180,20,,,0,70,,54181,20,,,0,15,,54182,20,,,0,15,,54183,20,,,0,76,,54184,20,,,0,18,,54185,20,,,0,76,,54186,20,,,0,18,,54187,20,,,0,82,,54188,20,,,0,25,,54189,20,,,0,95,,54190,20,,,0,66,,54191,20,,,0,31,,54192,20,,,0,70,,54193,20,,,0,30,,54194,20,,,0,70,,54195,20,,,0,29,,54196,20,,,0
601,'4661',545,,54295,20,,,0,55,,54289,20,,,0,29,,54283,20,,,0,24,,54294,20,,,0,56,,54260,20,,,0,15,,54279,20,,,0,7,,54252,20,,,0,15,,54282,20,,,0,56,,54270,20,,,0,12,,54261,20,,,0,19,,54290,20,,,0,17,,54278,20,,,0,57,,54284,20,,,0,17,,54249,20,,,0,20,,54263,20,,,0,62,,54255,20,,,0,23,,54285,20,,,0,23,,54272,20,,,0,63,,54291,20,,,0,24,,54280,20,,,0,64,,54297,20,,,0,24,,54264,20,,,0,25,,54254,20,,,0,65,,54286,20,,,0,23,,54271,20,,,0,61,,54265,20,,,0,20,,54253,20,,,0,20,,54281,20,,,0,60,,54296,20,,,0,19,,54246,20,,,0,11,,54248,10,,,0,5,,54266,20,,,0,10,,54293,20,,,0,60,,54247,20,,,0,19,,54287,20,,,0,20,,54274,20,,,0,62,,54268,20,,,0,21,,54256,20,,,0,25,,54288,20,,,0,63,,54275,20,,,0,12,,54292,20,,,0,25,,54259,20,,,0,70,,54250,20,,,0,33,,54267,20,,,0,76,,54251,20,,,0,18,,54273,20,,,0,76,,54258,20,,,0,21,,54257,20,,,0,90,,54262,20,,,0,100,,54276,20,,,0,72,,54269,20,,,0,31,,54277,20,,,0
601,'4663',545,,54130,20,,,0,55,,54124,20,,,0,29,,54118,20,,,0,24,,54129,20,,,0,56,,54091,20,,,0,15,,54112,20,,,0,7,,54083,20,,,0,15,,54117,20,,,0,56,,54101,20,,,0,12,,54092,20,,,0,19,,54125,20,,,0,17,,54111,20,,,0,57,,54119,20,,,0,17,,54080,20,,,0,20,,54094,20,,,0,62,,54086,20,,,0,23,,54120,20,,,0,23,,54103,20,,,0,63,,54126,20,,,0,24,,54113,20,,,0,64,,54132,20,,,0,24,,54095,20,,,0,25,,54085,20,,,0,65,,54121,20,,,0,23,,54102,20,,,0,61,,54096,20,,,0,20,,54084,20,,,0,20,,54114,20,,,0,60,,54131,20,,,0,19,,54077,20,,,0,11,,54079,10,,,0,5,,54097,20,,,0,10,,54128,20,,,0,60,,54078,20,,,0,19,,54122,20,,,0,20,,54105,20,,,0,62,,54099,20,,,0,21,,54087,20,,,0,25,,54123,20,,,0,63,,54106,20,,,0,12,,54127,20,,,0,25,,54090,20,,,0,70,,54081,20,,,0,33,,54098,20,,,0,76,,54082,20,,,0,18,,54104,20,,,0,76,,54089,20,,,0,21,,54088,20,,,0,90,,54093,20,,,0,100,,54107,20,,,0,72,,54100,20,,,0,31,,54109,20,,,0,70,,54108,20,,,0,30,,54110,20,,,0,71,,54115,20,,,0,30,,54116,20,,,0
601,'5078',647,,54234,20,,,0,95,,54208,20,,,0,85,,54217,20,,,0,19,,54207,20,,,0,80,,54233,20,,,0,17,,54222,20,,,0,15,,54244,20,,,0,70,,54197,20,,,0,16,,54236,20,,,0,15,,54224,20,,,0,70,,54206,20,,,0,15,,54199,20,,,0,12,,54198,20,,,0,64,,54226,20,,,0,12,,54201,20,,,0,12,,54202,20,,,0,12,,54216,20,,,0,64,,54200,20,,,0,12,,54241,20,,,0,12,,54225,20,,,0,12,,54205,20,,,0,64,,54215,20,,,0,12,,54204,20,,,0,12,,54203,20,,,0,12,,54239,20,,,0,64,,54211,20,,,0,13,,54212,20,,,0,12,,54214,20,,,0,12,,54213,20,,,0,64,,54240,20,,,0,12,,54219,20,,,0,12,,54209,20,,,0,12,,54210,20,,,0,64,,54245,20,,,0,12,,54221,20,,,0,13,,54237,20,,,0,56,,54218,20,,,0,30,,54223,20,,,0,19,,54220,20,,,0,57,,54231,20,,,0,36,,54228,20,,,0,58,,54227,20,,,0,34,,54229,20,,,0,17,,54230,20,,,0,75,,54235,20,,,0,20,,54238,20,,,0,96,,54232,20,,,0,71,,54243,20,,,0,42,,54242,20,,,0
1000601,'4332',708,,62839,28,,,0,111,,62840,28,,,0,100,,62841,28,,,0,90,,62842,28,,,0,48,,62843,28,,,0,87,,62844,28,,,0,87,,62845,28,,,0,88,,62846,28,,,0,82,,62848,28,,,0,42,,62847,28,,,0,82,,62849,28,,,0,82,,62850,28,,,0,93,,62851,28,,,0,100,,62852,28,,,0,108,,62853,28,,,0,103,,62854,28,,,0,94,,62855,28,,,0,98,,62856,28,,,0,110,,62857,28,,,0
1000601,'4661',615,,62890,28,,,0,87,,62885,28,,,0,36,,62879,28,,,0,69,,62893,28,,,0,35,,62880,28,,,0,74,,62894,28,,,0,39,,62892,28,,,0,86,,62895,28,,,0,86,,62881,28,,,0,88,,62887,28,,,0,90,,62891,28,,,0,46,,62875,28,,,0,80,,62874,28,,,0,80,,62888,28,,,0,45,,62882,28,,,0,77,,62876,28,,,0,84,,62878,28,,,0,87,,62877,28,,,0,104,,62896,28,,,0,106,,62883,28,,,0,94,,62886,28,,,0,99,,62889,28,,,0,100,,62884,28,,,0
1000601,'4663',615,,62831,28,,,0,87,,62826,28,,,0,36,,62820,28,,,0,69,,62834,28,,,0,35,,62821,28,,,0,74,,62835,28,,,0,39,,62833,28,,,0,86,,62836,28,,,0,86,,62822,28,,,0,88,,62828,28,,,0,90,,62832,28,,,0,46,,62816,28,,,0,80,,62815,28,,,0,80,,62829,28,,,0,45,,62823,28,,,0,77,,62817,28,,,0,84,,62819,28,,,0,87,,62818,28,,,0,104,,62837,28,,,0,106,,62824,28,,,0,94,,62827,28,,,0,99,,62830,28,,,0,100,,62825,28,,,0
1000601,'5078',717,,62865,28,,,0,90,,62871,28,,,0,99,,62859,28,,,0,107,,62863,28,,,0,101,,62858,28,,,0,94,,62873,28,,,0,100,,62860,28,,,0,100,,62861,28,,,0,100,,62867,28,,,0,101,,62864,28,,,0,100,,62862,28,,,0,108,,62866,28,,,0,109,,62868,28,,,0,93,,62870,28,,,0,91,,62869,28,,,0,107,,62872,28,,,0
2000601,'4661',641,,63065,23,,,0,75,,63071,23,,,0,38,,63059,23,,,0,69,,63062,23,,,0,36,,63060,23,,,0,73,,63064,23,,,0,86,,63067,23,,,0,86,,63061,23,,,0,47,,63069,23,,,0,89,,63072,23,,,0,89,,63074,23,,,0,82,,63073,23,,,0,40,,63070,23,,,0,78,,63057,23,,,0,86,,63068,23,,,0,41,,63058,23,,,0,84,,63075,23,,,0,101,,63063,23,,,0,97,,63066,23,,,0
2000601,'4663',641,,63046,23,,,0,75,,63052,23,,,0,38,,63040,23,,,0,69,,63043,23,,,0,36,,63041,23,,,0,73,,63045,23,,,0,86,,63048,23,,,0,86,,63042,23,,,0,47,,63050,23,,,0,89,,63053,23,,,0,89,,63055,23,,,0,82,,63054,23,,,0,40,,63051,23,,,0,78,,63038,23,,,0,86,,63049,23,,,0,41,,63039,23,,,0,84,,63056,23,,,0,101,,63044,23,,,0,97,,63047,23,,,0
