2700,'4663',726,,57715,24,,,0,112,,57727,24,,,0,62,,57760,24,,,0,23,,57741,24,,,0,25,,57722,24,,,0,67,,57711,24,,,0,25,,57710,24,,,0,66,,57709,24,,,0,27,,57712,24,,,0,26,,57726,24,,,0,67,,57738,24,,,0,26,,57719,24,,,0,66,,57713,24,,,0,26,,57717,24,,,0,64,,57718,24,,,0,25,,57720,24,,,0,22,,57725,24,,,0,62,,57716,24,,,0,16,,57747,24,,,0,16,,57752,24,,,0,56,,57753,24,,,0,16,,57754,24,,,0,16,,57728,24,,,0,16,,57755,24,,,0,57,,57723,24,,,0,16,,57724,24,,,0,15,,57731,24,,,0,14,,57729,24,,,0,56,,57730,24,,,0,16,,57732,24,,,0,15,,57733,24,,,0,61,,57735,24,,,0,23,,57736,24,,,0,26,,57737,24,,,0,68,,57742,24,,,0,29,,57745,24,,,0,68,,57744,24,,,0,29,,57743,24,,,0,70,,57746,24,,,0,36,,57749,24,,,0,79,,57750,24,,,0,79,,57748,24,,,0,40,,57756,24,,,0,80,,57758,24,,,0,80,,57757,24,,,0,39,,57759,24,,,0
2700,'5372',726,,42467,24,,,0,112,,42479,24,,,0,62,,57766,24,,,0,23,,42491,24,,,0,25,,42474,24,,,0,67,,57761,24,,,0,25,,42462,24,,,0,66,,42461,24,,,0,27,,42464,24,,,0,26,,57764,24,,,0,67,,42488,24,,,0,26,,42471,24,,,0,66,,57762,24,,,0,26,,42469,24,,,0,64,,42470,24,,,0,25,,42472,24,,,0,22,,57763,24,,,0,62,,42468,24,,,0,16,,42495,24,,,0,16,,51679,24,,,0,56,,42500,24,,,0,16,,42501,24,,,0,16,,42480,24,,,0,16,,57765,24,,,0,57,,50188,24,,,0,16,,42476,24,,,0,15,,42482,24,,,0,70,,42481,24,,,0,16,,42483,24,,,0,15,,42484,24,,,0,61,,42486,24,,,0,49,,42487,24,,,0,68,,42492,24,,,0,97,,42494,24,,,0,29,,42493,24,,,0,106,,42497,24,,,0,79,,42498,24,,,0,79,,42496,24,,,0
2700,'5373',1755,,42613,24,,,0,171,,42614,24,,,0,123,,42615,24,,,0,167,,42616,24,,,0
2700,'5377',719,,42617,24,,,0,30,,42619,24,,,0,69,,42620,24,,,0,30,,42621,24,,,0,70,,42622,24,,,0,28,,42623,24,,,0,68,,42624,24,,,0,27,,42625,24,,,0,67,,42626,24,,,0,24,,42627,24,,,0,25,,42628,24,,,0,63,,42629,24,,,0,24,,42630,24,,,0,62,,42631,24,,,0,24,,42632,24,,,0,23,,42633,24,,,0,63,,42634,24,,,0,23,,42635,24,,,0,62,,42636,24,,,0,23,,42637,24,,,0,23,,42638,24,,,0,63,,42639,24,,,0,23,,42640,24,,,0,23,,42641,24,,,0,63,,42642,24,,,0,23,,42643,24,,,0,64,,42644,24,,,0,24,,42645,24,,,0,25,,42646,24,,,0,65,,42647,24,,,0,28,,42648,24,,,0,69,,42649,24,,,0,30,,42650,24,,,0,70,,42651,24,,,0,36,,42652,24,,,0,83,,42653,24,,,0,79,,42654,24,,,0,100,,42655,24,,,0
2700,'5381',1755,,42559,24,,,0,171,,42560,24,,,0,123,,42561,24,,,0,167,,42562,24,,,0
2700,'5383',646,,57768,24,,,0,71,,57769,24,,,0,27,,57770,24,,,0,70,,57771,24,,,0,27,,57772,24,,,0,67,,57773,24,,,0,26,,57774,24,,,0,66,,57775,24,,,0,26,,57776,24,,,0,22,,57777,24,,,0,62,,57778,24,,,0,23,,57779,24,,,0,22,,57780,24,,,0,63,,57781,24,,,0,22,,57782,24,,,0,63,,57783,24,,,0,23,,57784,24,,,0,23,,57785,24,,,0,63,,57786,24,,,0,19,,57787,24,,,0,21,,57788,24,,,0,60,,57789,24,,,0,22,,57790,24,,,0,21,,57791,24,,,0,60,,57792,24,,,0,20,,57793,24,,,0,21,,57794,24,,,0,59,,57795,24,,,0,21,,57796,24,,,0,20,,57797,24,,,0,60,,57798,24,,,0,20,,57799,24,,,0,20,,57800,24,,,0,66,,57801,24,,,0,26,,57802,24,,,0,69,,57803,24,,,0,30,,57804,24,,,0,69,,57805,24,,,0,30,,57806,24,,,0,70,,57807,24,,,0,34,,57808,24,,,0,71,,57809,24,,,0,30,,57810,24,,,0,71,,57811,24,,,0,30,,57812,24,,,0,68,,57813,24,,,0,30,,57814,24,,,0,70,,57815,24,,,0,29,,57816,24,,,0
2700,'5384',719,,57817,24,,,0,30,,57819,24,,,0,69,,57820,24,,,0,30,,57821,24,,,0,70,,57822,24,,,0,28,,57823,24,,,0,68,,57824,24,,,0,27,,57825,24,,,0,67,,57826,24,,,0,24,,57827,24,,,0,25,,57828,24,,,0,63,,57829,24,,,0,24,,57830,24,,,0,62,,57831,24,,,0,24,,57832,24,,,0,23,,57833,24,,,0,63,,57834,24,,,0,23,,57835,24,,,0,62,,57836,24,,,0,23,,57837,24,,,0,23,,57838,24,,,0,63,,57839,24,,,0,23,,57840,24,,,0,23,,57841,24,,,0,63,,57842,24,,,0,23,,57843,24,,,0,64,,57844,24,,,0,24,,57845,24,,,0,25,,57846,24,,,0,65,,57847,24,,,0,28,,57848,24,,,0,69,,57849,24,,,0,30,,57850,24,,,0,70,,57851,24,,,0,36,,57852,24,,,0,83,,57853,24,,,0,79,,57854,24,,,0,100,,57855,24,,,0
2700,'5385',726,,57864,24,,,0,112,,57876,24,,,0,62,,57901,24,,,0,23,,57888,24,,,0,25,,57871,24,,,0,67,,57860,24,,,0,25,,57859,24,,,0,66,,57858,24,,,0,27,,57861,24,,,0,26,,57875,24,,,0,67,,57885,24,,,0,26,,57868,24,,,0,66,,57862,24,,,0,26,,57866,24,,,0,64,,57867,24,,,0,25,,57869,24,,,0,22,,57874,24,,,0,62,,57865,24,,,0,16,,57892,24,,,0,16,,57896,24,,,0,56,,57897,24,,,0,16,,57898,24,,,0,16,,57877,24,,,0,16,,57899,24,,,0,57,,57872,24,,,0,16,,57873,24,,,0,15,,57879,24,,,0,70,,57878,24,,,0,16,,57880,24,,,0,15,,57881,24,,,0,61,,57883,24,,,0,49,,57884,24,,,0,68,,57889,24,,,0,97,,57891,24,,,0,29,,57890,24,,,0,106,,57894,24,,,0,79,,57895,24,,,0,79,,57893,24,,,0
2700,'5387',1755,,57902,24,,,0,171,,57903,24,,,0,123,,57904,24,,,0,167,,57905,24,,,0
2700,'5388',1755,,57906,24,,,0,171,,57907,24,,,0,123,,57908,24,,,0,167,,57909,24,,,0
2800,'4663',601,,58131,24,,,0,24,,58127,24,,,0,22,,58126,24,,,0,11,,58129,24,,,0,52,,58149,24,,,0,8,,58130,24,,,0,22,,58134,24,,,0,14,,58145,24,,,0,53,,58135,24,,,0,17,,58132,24,,,0,24,,58133,24,,,0,63,,58175,24,,,0,24,,58136,24,,,0,67,,58137,24,,,0,26,,58150,24,,,0,25,,58155,24,,,0,67,,58142,24,,,0,26,,58138,24,,,0,66,,58139,24,,,0,27,,58141,24,,,0,66,,58140,24,,,0,27,,58148,24,,,0,24,,58156,24,,,0,64,,58144,24,,,0,24,,58143,24,,,0,62,,58168,24,,,0,35,,58147,24,,,0,72,,58146,24,,,0,32,,58169,24,,,0,72,,58164,24,,,0,31,,58170,24,,,0,71,,58151,24,,,0,16,,58171,24,,,0,17,,58158,24,,,0,62,,58154,24,,,0,25,,58152,24,,,0,67,,58153,24,,,0,29,,58163,24,,,0,68,,58160,24,,,0,29,,58162,24,,,0,69,,58161,24,,,0,31,,58159,24,,,0,79,,58166,24,,,0,39,,58167,24,,,0,80,,58165,24,,,0,80,,58172,24,,,0,40,,58174,24,,,0,80,,58173,24,,,0
2800,'5372',601,,58177,24,,,0,24,,42944,24,,,0,22,,42943,24,,,0,11,,42946,24,,,0,52,,42965,24,,,0,8,,58176,24,,,0,22,,42951,24,,,0,14,,42962,24,,,0,53,,42952,24,,,0,17,,42949,24,,,0,24,,58178,24,,,0,63,,42988,24,,,0,24,,42953,24,,,0,67,,42954,24,,,0,26,,58181,24,,,0,25,,42971,24,,,0,67,,42959,24,,,0,26,,58179,24,,,0,66,,42956,24,,,0,27,,42958,24,,,0,66,,42957,24,,,0,27,,58180,24,,,0,24,,42972,24,,,0,64,,42961,24,,,0,24,,42960,24,,,0,62,,58182,24,,,0,35,,42963,24,,,0,104,,42985,24,,,0,72,,42980,24,,,0,31,,42986,24,,,0,71,,42967,24,,,0,16,,58183,24,,,0,17,,42974,24,,,0,62,,42970,24,,,0,25,,42968,24,,,0,67,,42969,24,,,0,29,,42979,24,,,0,68,,42976,24,,,0,29,,42978,24,,,0,69,,42977,24,,,0,31,,42975,24,,,0,79,,42982,24,,,0,39,,42983,24,,,0,80,,42981,24,,,0
2800,'5373',1613,,43089,24,,,0
2800,'5377',833,,43094,24,,,0,70,,43095,24,,,0,30,,43096,24,,,0,67,,43097,24,,,0,27,,43098,24,,,0,27,,43099,24,,,0,66,,43100,24,,,0,25,,43101,24,,,0,64,,43102,24,,,0,23,,43103,24,,,0,23,,43104,24,,,0,63,,43105,24,,,0,24,,43106,24,,,0,63,,43107,24,,,0,23,,43108,24,,,0,22,,43109,24,,,0,63,,43110,24,,,0,23,,43111,24,,,0,23,,43112,24,,,0,63,,43113,24,,,0,23,,43114,24,,,0,63,,43115,24,,,0,23,,43116,24,,,0,23,,43117,24,,,0,64,,43118,24,,,0,25,,43119,24,,,0,65,,43120,24,,,0,26,,43121,24,,,0,69,,43122,24,,,0,29,,43123,24,,,0,70,,43124,24,,,0,31,,43125,24,,,0,80,,43126,24,,,0,42,,43127,24,,,0,86,,43128,24,,,0
2800,'5381',1613,,43039,24,,,0
2800,'5383',800,,58188,24,,,0,29,,58189,24,,,0,25,,58190,24,,,0,67,,58191,24,,,0,26,,58192,24,,,0,67,,58184,24,,,0,23,,58193,24,,,0,22,,58194,24,,,0,62,,58195,24,,,0,23,,58196,24,,,0,63,,58197,24,,,0,22,,58198,24,,,0,22,,58199,24,,,0,63,,58200,24,,,0,24,,58201,24,,,0,62,,58202,24,,,0,22,,58203,24,,,0,20,,58204,24,,,0,60,,58205,24,,,0,21,,58206,24,,,0,22,,58207,24,,,0,60,,58208,24,,,0,20,,58209,24,,,0,21,,58210,24,,,0,59,,58211,24,,,0,21,,58212,24,,,0,20,,58213,24,,,0,60,,58214,24,,,0,20,,58215,24,,,0,19,,58216,24,,,0,63,,58217,24,,,0,26,,58218,24,,,0,68,,58219,24,,,0,30,,58220,24,,,0,70,,58221,24,,,0,29,,58222,24,,,0,70,,58223,24,,,0,31,,58224,24,,,0,75,,58225,24,,,0,30,,58226,24,,,0,70,,58227,24,,,0,30,,58228,24,,,0,70,,58229,24,,,0,28,,58230,24,,,0,70,,58231,24,,,0,29,,58232,24,,,0
2800,'5384',833,,58237,24,,,0,70,,58238,24,,,0,30,,58239,24,,,0,67,,58240,24,,,0,27,,58241,24,,,0,27,,58242,24,,,0,66,,58243,24,,,0,25,,58244,24,,,0,64,,58245,24,,,0,23,,58246,24,,,0,23,,58247,24,,,0,63,,58248,24,,,0,24,,58249,24,,,0,63,,58250,24,,,0,23,,58251,24,,,0,22,,58252,24,,,0,63,,58253,24,,,0,23,,58254,24,,,0,23,,58255,24,,,0,63,,58256,24,,,0,23,,58257,24,,,0,63,,58258,24,,,0,23,,58259,24,,,0,23,,58260,24,,,0,64,,58261,24,,,0,25,,58262,24,,,0,65,,58263,24,,,0,26,,58264,24,,,0,69,,58265,24,,,0,29,,58266,24,,,0,70,,58267,24,,,0,31,,58268,24,,,0,80,,58269,24,,,0,42,,58270,24,,,0,86,,58271,24,,,0
2800,'5385',601,,58277,24,,,0,24,,58273,24,,,0,22,,58272,24,,,0,11,,58275,24,,,0,52,,58294,24,,,0,8,,58276,24,,,0,22,,58280,24,,,0,14,,58291,24,,,0,53,,58281,24,,,0,17,,58278,24,,,0,24,,58279,24,,,0,63,,58317,24,,,0,24,,58282,24,,,0,67,,58283,24,,,0,26,,58295,24,,,0,25,,58300,24,,,0,67,,58288,24,,,0,26,,58284,24,,,0,66,,58285,24,,,0,27,,58287,24,,,0,66,,58286,24,,,0,27,,58293,24,,,0,24,,58301,24,,,0,64,,58290,24,,,0,24,,58289,24,,,0,62,,58313,24,,,0,35,,58292,24,,,0,104,,58314,24,,,0,72,,58309,24,,,0,31,,58315,24,,,0,71,,58296,24,,,0,16,,58316,24,,,0,17,,58303,24,,,0,62,,58299,24,,,0,25,,58297,24,,,0,67,,58298,24,,,0,29,,58308,24,,,0,68,,58305,24,,,0,29,,58307,24,,,0,69,,58306,24,,,0,31,,58304,24,,,0,79,,58311,24,,,0,39,,58312,24,,,0,80,,58310,24,,,0
2800,'5387',1613,,58318,24,,,0
2800,'5388',1613,,58319,24,,,0
