5401,'4663',557,,60089,43,,,0,170,,60092,43,,,0,174,,60090,43,,,0,214,,60091,43,,,0,198,,60093,43,,,0,133,,60094,43,,,0,104,,60095,43,,,0,185,,60096,43,,,0,190,,60097,43,,,0,199,,60098,43,,,0
5401,'5372',557,,50521,43,,,0,170,,45227,43,,,0,174,,45225,43,,,0,214,,45226,43,,,0,198,,50522,43,,,0,133,,51780,43,,,0,104,,45230,43,,,0,185,,45231,43,,,0,190,,45232,43,,,0,199,,45233,43,,,0
5401,'5377',752,,45253,43,,,0,201,,45254,43,,,0,252,,45251,43,,,0,205,,45252,43,,,0,210,,45255,43,,,0,210,,50520,43,,,0,224,,50519,43,,,0
5401,'5383',753,,60105,43,,,0,201,,60102,43,,,0,251,,60103,43,,,0,205,,60104,43,,,0,211,,60101,43,,,0,209,,60100,43,,,0,224,,60099,43,,,0
5401,'5384',752,,60108,43,,,0,201,,60109,43,,,0,252,,60106,43,,,0,205,,60107,43,,,0,210,,60110,43,,,0,210,,60112,43,,,0,224,,60111,43,,,0
5401,'5385',557,,60113,43,,,0,170,,60116,43,,,0,174,,60114,43,,,0,214,,60115,43,,,0,198,,60117,43,,,0,133,,60118,43,,,0,104,,60119,43,,,0,185,,60120,43,,,0,190,,60121,43,,,0,199,,60122,43,,,0
5501,'4663',656,,60160,39,,,0,170,,60159,39,,,0,204,,60157,39,,,0,176,,60158,39,,,0,200,,60162,39,,,0,105,,60161,39,,,0,196,,60163,39,,,0,193,,60164,39,,,0,152,,60165,39,,,0
5501,'5372',656,,45309,39,,,0,170,,45308,39,,,0,204,,45306,39,,,0,176,,45307,39,,,0,200,,50546,39,,,0,105,,50545,39,,,0,196,,50547,39,,,0,193,,45313,39,,,0,152,,45314,39,,,0
5501,'5377',856,,50538,39,,,0,252,,50539,39,,,0,207,,50540,39,,,0,205,,45331,39,,,0,210,,50542,39,,,0,203,,50541,39,,,0
5501,'5383',858,,60171,39,,,0,251,,60168,39,,,0,207,,60169,39,,,0,206,,60170,39,,,0,209,,60166,39,,,0,203,,60167,39,,,0
5501,'5384',856,,60172,39,,,0,252,,60174,39,,,0,207,,60175,39,,,0,205,,60173,39,,,0,210,,60177,39,,,0,203,,60176,39,,,0
5501,'5385',656,,60181,39,,,0,170,,60180,39,,,0,204,,60178,39,,,0,176,,60179,39,,,0,200,,60183,39,,,0,105,,60182,39,,,0,196,,60184,39,,,0,193,,60185,39,,,0,152,,60186,39,,,0
