2100,'4623',627,,68513,10,0,50 51 52,0,28,,68507,10,0,50 51 52,0,58,,68510,10,0,50 51 52,0,20,,68505,10,0,50 51 52,0,20,,68509,10,0,50 51 52,0,60,,68521,10,0,50 51 52,0,20,,68504,10,0,50 51 52,0,21,,68512,10,0,50 51 52,0,69,,68506,10,0,50 51 52,0,30,,68511,10,0,50 51 52,0,70,,68517,10,0,50 51 52,0,28,,68518,10,0,50 51 52,0,68,,68515,10,0,18 19,0,31,,68522,10,0,50 51 52,0,70,,68508,10,0,50 51 52,0,31,,68516,10,0,50 51 52,0,70,,68519,10,0,50 51 52,0,32,,68514,10,0,50 51 52,0,70,,68520,10,0,50 51 52,0,30,,68524,10,0,17,0,68,,68528,10,0,50 51 52,0,20,,68526,10,0,50 51 52,0,63,,68530,10,0,50 51 52,0,22,,68525,10,0,18 19,0,20,,68531,10,0,50 51 52,0,60,,68529,10,0,50 51 52,0,20,,68527,10,0,50 51 52,0,21,,68532,10,0,17,0,59,,68535,10,0,17,0,18,,68533,10,0,17,0,24,,68536,10,0,17,0,70,,68534,10,0,17,0,30,,68539,10,0,17,0,69,,68538,10,0,17,0,30,,68537,10,0,17,0
2100,'4833',717,,68559,10,0,17,0,85,,68566,10,0,17,0,40,,68550,10,0,18 19,0,71,,68560,10,0,17,0,39,,68543,10,0,17,0,70,,68561,10,0,17,0,32,,68545,10,0,17,0,71,,68555,10,0,17,0,30,,68540,10,0,17,0,71,,68541,10,0,18 19,0,30,,68562,10,0,17,0,71,,68546,10,0,17,0,30,,68554,10,0,17,0,68,,68542,10,0,18 19,0,32,,68544,10,0,17,0,70,,68563,10,0,17,0,29,,68547,10,0,17,0,70,,68556,10,0,18 19,0,30,,68548,10,0,17,0,70,,68549,10,0,17,0,30,,68565,10,0,17,0,70,,68551,10,0,18 19,0,28,,68557,10,0,17,0,69,,68552,10,0,17,0,28,,68553,10,0,17,0,68,,68564,10,0,17,0,30,,68558,10,0,17,0
2100,'5015',717,,68586,10,0,17,0,85,,68593,10,0,17,0,40,,68577,10,0,18 19,0,71,,68587,10,0,17,0,39,,68570,10,0,17,0,70,,68588,10,0,17,0,32,,68572,10,0,17,0,71,,68582,10,0,17,0,30,,68567,10,0,17,0,71,,68568,10,0,18 19,0,30,,68589,10,0,17,0,71,,68573,10,0,17,0,30,,68581,10,0,17,0,68,,68569,10,0,18 19,0,32,,68571,10,0,17,0,70,,68590,10,0,17,0,29,,68574,10,0,17,0,70,,68583,10,0,18 19,0,30,,68575,10,0,17,0,70,,68576,10,0,17,0,30,,68592,10,0,17,0,70,,68578,10,0,18 19,0,28,,68584,10,0,17,0,69,,68579,10,0,17,0,28,,68580,10,0,17,0,68,,68591,10,0,17,0,30,,68585,10,0,17,0
2100,'5078',742,,56516,10,0,17,0,75,,56515,10,0,17,0,85,,56503,10,0,18 19,0,37,,56514,10,0,17,0,83,,56517,10,0,17,0,30,,56499,10,0,17,0,70,,56502,10,0,17,0,30,,56505,10,0,17,0,70,,56501,10,0,18 19,0,31,,56504,10,0,17,0,70,,56500,10,0,17,0,30,,56506,10,0,17,0,70,,56507,10,0,18 19,0,30,,56509,10,0,17,0,70,,56510,10,0,17,0,30,,56508,10,0,17,0,70,,56513,10,0,18 19,0,30,,56511,10,0,17,0,70,,56512,10,0,17,0,29,,56518,10,0,17,0,70,,56519,10,0,18 19,0,28,,56521,10,0,17,0,69,,56520,10,0,17,0,30,,56523,10,0,17,0,70,,56522,10,0,17,0
2100,'5222',627,,68603,10,0,50 51 52,0,28,,68597,10,0,50 51 52,0,58,,68600,10,0,50 51 52,0,20,,68595,10,0,50 51 52,0,20,,68599,10,0,50 51 52,0,60,,68611,10,0,50 51 52,0,20,,68594,10,0,50 51 52,0,21,,68602,10,0,50 51 52,0,69,,68596,10,0,50 51 52,0,30,,68601,10,0,50 51 52,0,70,,68607,10,0,50 51 52,0,28,,68608,10,0,50 51 52,0,68,,68605,10,0,18 19,0,31,,68612,10,0,50 51 52,0,70,,68598,10,0,50 51 52,0,31,,68606,10,0,50 51 52,0,70,,68609,10,0,50 51 52,0,32,,68604,10,0,50 51 52,0,70,,68610,10,0,50 51 52,0,30,,68614,10,0,17,0,68,,68618,10,0,50 51 52,0,20,,68616,10,0,50 51 52,0,63,,68620,10,0,50 51 52,0,22,,68615,10,0,18 19,0,20,,68621,10,0,50 51 52,0,60,,68619,10,0,50 51 52,0,20,,68617,10,0,50 51 52,0,21,,68622,10,0,17,0,59,,68625,10,0,17,0,18,,68623,10,0,17,0,24,,68626,10,0,17,0,70,,68624,10,0,17,0,30,,68629,10,0,17,0,69,,68628,10,0,17,0,30,,68627,10,0,17,0
2100,'5365',742,,68647,10,0,17,0,75,,68646,10,0,17,0,85,,68634,10,0,18 19,0,37,,68645,10,0,17,0,83,,68648,10,0,17,0,30,,68630,10,0,17,0,70,,68633,10,0,17,0,30,,68636,10,0,17,0,70,,68632,10,0,18 19,0,31,,68635,10,0,17,0,70,,68631,10,0,17,0,30,,68637,10,0,17,0,70,,68638,10,0,18 19,0,30,,68640,10,0,17,0,70,,68641,10,0,17,0,30,,68639,10,0,17,0,70,,68644,10,0,18 19,0,30,,68642,10,0,17,0,70,,68643,10,0,17,0,29,,68649,10,0,17,0,70,,68650,10,0,18 19,0,28,,68652,10,0,17,0,69,,68651,10,0,17,0,30,,68654,10,0,17,0,70,,68653,10,0,17,0
2100,'5390',742,,68672,10,0,17,0,75,,68671,10,0,17,0,85,,68659,10,0,18 19,0,37,,68670,10,0,17,0,83,,68673,10,0,17,0,30,,68655,10,0,17,0,70,,68658,10,0,17,0,30,,68661,10,0,17,0,70,,68657,10,0,18 19,0,31,,68660,10,0,17,0,70,,68656,10,0,17,0,30,,68662,10,0,17,0,70,,68663,10,0,18 19,0,30,,68665,10,0,17,0,70,,68666,10,0,17,0,30,,68664,10,0,17,0,70,,68669,10,0,18 19,0,30,,68667,10,0,17,0,70,,68668,10,0,17,0,29,,68674,10,0,17,0,70,,68675,10,0,18 19,0,28,,68677,10,0,17,0,69,,68676,10,0,17,0,30,,68679,10,0,17,0,70,,68678,10,0,17,0
2200,'4623',613,,68890,25,,,0,30,,68896,25,,,0,68,,68897,25,,,0,30,,68908,25,,,0,74,,68893,25,,,0,22,,68909,25,,,0,69,,68910,25,,,0,105,,68911,25,,,0,25,,68894,25,,,0,70,,68913,25,,,0,102,,68912,25,0,21 22,0,30,,68914,25,0,21 22,0,70,,68895,25,0,21 22,0,32,,68915,25,0,21 22,0,99,,68916,25,0,21 22,0,69,,68899,25,0,21 22,0,36,,68891,25,0,21 22,0,103,,68898,25,0,21 22,0,98,,68901,25,0,21 22,0,68,,68892,25,,,0,26,,68902,25,,,0,97,,68900,25,,,0,69,,68906,25,,,0,30,,68904,25,,,0,70,,68905,25,,,0
2200,'4833',702,,68936,25,,,0,40,,68922,25,,,0,80,,68926,25,,,0,80,,68939,25,,,0,32,,68923,25,,,0,70,,68917,25,,,0,31,,68924,25,,,0,71,,68938,25,,,0,31,,68921,25,,,0,70,,68920,25,,,0,31,,68925,25,,,0,70,,68918,25,,,0,31,,68943,25,,,0,70,,68919,25,,,0,30,,68932,25,,,0,70,,68928,25,,,0,30,,68931,25,,,0,69,,68942,25,,,0,29,,68933,25,,,0,71,,68927,25,,,0,30,,68935,25,,,0,73,,68934,25,,,0,30,,68930,25,,,0,68,,68929,25,,,0,29,,68944,25,,,0,69,,68945,25,,,0,27,,68941,25,,,0,68,,68937,25,,,0
2200,'5015',702,,68966,25,,,0,40,,68952,25,,,0,80,,68956,25,,,0,80,,68969,25,,,0,32,,68953,25,,,0,70,,68947,25,,,0,31,,68954,25,,,0,71,,68968,25,,,0,31,,68951,25,,,0,70,,68950,25,,,0,31,,68955,25,,,0,70,,68948,25,,,0,31,,68973,25,,,0,70,,68949,25,,,0,30,,68962,25,,,0,70,,68958,25,,,0,30,,68961,25,,,0,69,,68972,25,,,0,29,,68963,25,,,0,71,,68957,25,,,0,30,,68965,25,,,0,73,,68964,25,,,0,30,,68960,25,,,0,68,,68959,25,,,0,29,,68974,25,,,0,69,,68975,25,,,0,27,,68971,25,,,0,68,,68967,25,,,0
2200,'5078',751,,56779,25,,,0,101,,56780,25,,,0,80,,56781,25,,,0,70,,56776,25,,,0,32,,56777,25,,,0,70,,56778,25,,,0,30,,56783,25,,,0,69,,56784,25,,,0,32,,56782,25,,,0,70,,56785,25,,,0,30,,56786,25,,,0,70,,56794,25,,,0,30,,56793,25,,,0,70,,56787,25,,,0,30,,56788,25,,,0,70,,56789,25,,,0,30,,56790,25,,,0,72,,56791,25,,,0,30,,56792,25,,,0,70,,56795,25,,,0,29,,56796,25,,,0,68,,56797,25,,,0,30,,56798,25,,,0,115,,56799,8,,,0
2200,'5222',613,,68977,25,,,0,30,,68983,25,,,0,68,,68984,25,,,0,30,,68995,25,,,0,74,,68980,25,,,0,22,,68996,25,,,0,69,,68997,25,,,0,105,,68998,25,,,0,25,,68981,25,,,0,70,,69000,25,,,0,102,,68999,25,0,21 22,0,30,,69001,25,0,21 22,0,70,,68982,25,0,21 22,0,32,,69002,25,0,21 22,0,99,,69003,25,0,21 22,0,69,,68986,25,0,21 22,0,36,,68978,25,0,21 22,0,103,,68985,25,0,21 22,0,98,,68988,25,0,21 22,0,68,,68979,25,,,0,26,,68989,25,,,0,97,,68987,25,,,0,69,,68993,25,,,0,30,,68991,25,,,0,70,,68992,25,,,0
2200,'5365',751,,69007,25,,,0,101,,69008,25,,,0,80,,69009,25,,,0,70,,69004,25,,,0,32,,69005,25,,,0,70,,69006,25,,,0,30,,69011,25,,,0,69,,69012,25,,,0,32,,69010,25,,,0,70,,69013,25,,,0,30,,69014,25,,,0,70,,69022,25,,,0,30,,69021,25,,,0,70,,69015,25,,,0,30,,69016,25,,,0,70,,69017,25,,,0,30,,69018,25,,,0,72,,69019,25,,,0,30,,69020,25,,,0,70,,69023,25,,,0,29,,69024,25,,,0,68,,69025,25,,,0,30,,69026,25,,,0,115,,69027,8,,,0
2200,'5390',751,,69031,25,,,0,101,,69032,25,,,0,80,,69033,25,,,0,70,,69028,25,,,0,32,,69029,25,,,0,70,,69030,25,,,0,30,,69035,25,,,0,69,,69036,25,,,0,32,,69034,25,,,0,70,,69037,25,,,0,30,,69038,25,,,0,70,,69046,25,,,0,30,,69045,25,,,0,70,,69039,25,,,0,30,,69040,25,,,0,70,,69041,25,,,0,30,,69042,25,,,0,72,,69043,25,,,0,30,,69044,25,,,0,70,,69047,25,,,0,29,,69048,25,,,0,68,,69049,25,,,0,30,,69050,25,,,0,115,,69051,8,,,0
1002200,'4623',941,,77481,25,,,0,197,,77480,25,0,21 22,0,271,,77482,25,0,21 22,0,207,,77477,25,0,21 22,0,102,,77478,25,0,21 22,0,194,,77479,25,0,21 22,0
1002200,'5222',941,,77487,25,,,0,197,,77486,25,0,21 22,0,271,,77488,25,0,21 22,0,207,,77483,25,0,21 22,0,102,,77484,25,0,21 22,0,194,,77485,25,0,21 22,0
14002100,'4623',2117,,77717,10,,,0,30,,77718,10,,,0,70,,77719,10,,,0,100,,77720,10,,,0,99,,77721,10,,,0
14002100,'4833',2117,,77722,10,,,0,30,,77723,10,,,0,70,,77724,10,,,0,102,,77725,10,,,0,99,,77726,10,,,0
14002100,'5015',2117,,77727,10,,,0,30,,77728,10,,,0,70,,77729,10,,,0,102,,77730,10,,,0,99,,77731,10,,,0
14002100,'5078',2119,,63133,10,,,0,100,,63134,10,,,0,100,,63135,10,,,0
14002100,'5222',2117,,77732,10,,,0,30,,77733,10,,,0,70,,77734,10,,,0,100,,77735,10,,,0,99,,77736,10,,,0
14002100,'5365',2119,,77737,10,,,0,100,,77738,10,,,0,100,,77739,10,,,0
14002100,'5390',2119,,77740,10,,,0,100,,77741,10,,,0,100,,77742,10,,,0
