7100,'4663',1558,,61211,26,,,0,143,,61212,26,,,0,104,,61213,26,,,0
7100,'5372',1558,,46552,26,,,0,143,,46553,26,,,0,104,,46554,26,,,0
7100,'5385',1558,,61214,26,,,0,143,,61215,26,,,0,104,,61216,26,,,0
8700,'4663',739,,61940,34,,,0,201,,61939,34,,,0,200,,61941,34,,,0,205,,61945,27,,,0,195,,61943,34,,,0,202,,61944,34,,,0
8700,'5372',739,,47419,34,,,0,201,,47418,34,,,0,200,,47420,34,,,0,205,,47424,27,,,0,195,,47422,34,,,0,202,,47423,34,,,0
8700,'5385',739,,61947,34,,,0,201,,61946,34,,,0,200,,61948,34,,,0,205,,61952,27,,,0,195,,61950,34,,,0,202,,61951,34,,,0
8800,'4663',840,,61965,8,,,0,200,,61966,8,,,0,200,,61967,8,,,0,200,,61968,8,,,0,200,,61969,8,,,0,207,,61970,8,,,0
8800,'5372',840,,47444,8,,,0,200,,47445,8,,,0,200,,47446,8,,,0,200,,47447,8,,,0,200,,47448,8,,,0,207,,47449,8,,,0
8800,'5377',815,,47475,8,,,0,94,,47476,8,,,0,100,,47477,8,,,0,101,,47478,8,,,0,101,,47479,8,,,0,100,,47480,8,,,0,99,,47471,8,,,0,99,,47472,8,,,0,100,,47473,8,,,0,101,,47474,8,,,0,102,,47482,8,,,0,99,,47483,8,,,0,100,,47470,8,,,0,98,,47481,8,,,0
8800,'5383',815,,61979,8,,,0,98,,61980,8,,,0,100,,61981,8,,,0,100,,61982,8,,,0,100,,61983,8,,,0,99,,61984,8,,,0,100,,61975,8,,,0,100,,61976,8,,,0,100,,61977,8,,,0,100,,61978,8,,,0,98,,61972,8,,,0,100,,61973,8,,,0,102,,61974,8,,,0,100,,61971,8,,,0
8800,'5384',815,,61990,8,,,0,94,,61991,8,,,0,100,,61992,8,,,0,101,,61993,8,,,0,101,,61994,8,,,0,100,,61995,8,,,0,99,,61986,8,,,0,99,,61987,8,,,0,100,,61988,8,,,0,101,,61989,8,,,0,102,,61997,8,,,0,99,,61998,8,,,0,100,,61985,8,,,0,98,,61996,8,,,0
8800,'5385',840,,61999,8,,,0,200,,62000,8,,,0,200,,62001,8,,,0,200,,62002,8,,,0,200,,62003,8,,,0,207,,62004,8,,,0
1008800,'4663',629,,62933,8,,,0,185,,62934,8,,,0,96,,62935,8,,,0,100,,62936,8,,,0,100,,62937,8,,,0,100,,62938,8,,,0,100,,62939,8,,,0,100,,62940,8,,,0,100,,62941,8,,,0,100,,62942,8,,,0,100,,62943,8,,,0,107,,62944,8,,,0,98,,62945,8,,,0,30,,62946,8,,,0,70,,62947,8,,,0,31,,62948,8,,,0,70,,62949,8,,,0
1008800,'5372',629,,48605,8,,,0,185,,48606,8,,,0,96,,48607,8,,,0,100,,48608,8,,,0,100,,48609,8,,,0,100,,48610,8,,,0,100,,48611,8,,,0,100,,48612,8,,,0,100,,48613,8,,,0,100,,48614,8,,,0,100,,48615,8,,,0,107,,48616,8,,,0,98,,48617,8,,,0,30,,48618,8,,,0,70,,48619,8,,,0,31,,48620,8,,,0,70,,48621,8,,,0
1008800,'5385',629,,62950,8,,,0,185,,62951,8,,,0,96,,62952,8,,,0,100,,62953,8,,,0,100,,62954,8,,,0,100,,62955,8,,,0,100,,62956,8,,,0,100,,62957,8,,,0,100,,62958,8,,,0,100,,62959,8,,,0,100,,62960,8,,,0,107,,62961,8,,,0,98,,62962,8,,,0,30,,62963,8,,,0,70,,62964,8,,,0,31,,62965,8,,,0,70,,62966,8,,,0
