600,'4332',552,,53914,8,,,0,70,,53915,8,,,0,83,,53916,8,,,0,20,,53917,8,,,0,76,,53918,8,,,0,20,,53919,8,,,0,18,,53920,8,,,0,70,,53921,8,,,0,15,,53913,8,,,0,15,,53922,8,,,0,66,,53923,8,,,0,13,,53924,8,,,0,13,,53925,8,,,0,12,,53926,8,,,0,64,,53927,8,,,0,12,,53928,8,,,0,12,,53929,8,,,0,24,,53930,8,,,0,52,,53931,8,,,0,12,,53932,8,,,0,24,,53933,8,,,0,12,,53934,8,,,0,53,,53935,8,,,0,24,,53936,8,,,0,12,,53937,8,,,0,12,,53938,8,,,0,60,,53939,8,,,0,10,,53940,8,,,0,10,,53941,8,,,0,21,,53942,8,,,0,51,,53951,8,,,0,10,,53943,8,,,0,20,,53944,8,,,0,11,,53952,8,,,0,10,,53945,8,,,0,60,,53946,8,,,0,11,,53953,8,,,0,10,,53947,8,,,0,60,,53948,8,,,0,11,,53949,8,,,0,12,,53954,8,,,0,12,,53950,8,,,0,24,,53955,8,,,0,52,,53956,8,,,0,12,,53957,8,,,0,12,,53958,8,,,0,65,,53960,8,,,0,15,,53961,8,,,0,15,,53962,8,,,0,70,,53963,8,,,0,15,,53964,8,,,0,17,,53959,8,,,0,76,,53965,8,,,0,18,,53966,8,,,0,74,,53967,8,,,0,21,,53968,8,,,0,20,,53969,8,,,0,90,,53970,8,,,0,94,,53971,8,,,0,30,,53972,8,,,0,70,,53973,8,,,0,30,,53974,8,,,0,69,,53975,8,,,0,29,,53976,8,,,0
600,'4661',547,,54062,8,,,0,70,,54068,8,,,0,30,,54061,8,,,0,65,,54072,8,,,0,24,,54066,8,,,0,64,,54035,8,,,0,19,,54032,8,,,0,20,,54044,8,,,0,19,,54069,8,,,0,60,,54058,8,,,0,25,,54074,8,,,0,64,,54046,8,,,0,22,,54038,8,,,0,24,,54064,8,,,0,63,,54053,8,,,0,24,,54070,8,,,0,64,,54060,8,,,0,25,,54073,8,,,0,24,,54045,8,,,0,65,,54036,8,,,0,26,,54063,8,,,0,63,,54054,8,,,0,21,,54047,8,,,0,20,,54037,8,,,0,60,,54059,8,,,0,16,,54029,8,,,0,14,,54057,8,,,0,17,,54027,8,,,0,54,,54028,8,,,0,16,,54042,8,,,0,15,,54076,8,,,0,14,,54065,8,,,0,54,,54030,8,,,0,16,,54031,8,,,0,14,,54050,8,,,0,15,,54041,8,,,0,57,,54075,8,,,0,17,,54034,8,,,0,24,,54071,8,,,0,64,,54039,8,,,0,29,,54033,8,,,0,73,,54048,8,,,0,18,,54040,8,,,0,75,,54055,8,,,0,18,,54049,8,,,0,78,,54043,8,,,0,19,,54056,8,,,0,100,,54051,8,,,0,99,,54052,8,,,0
600,'4663',547,,53898,8,,,0,70,,53904,8,,,0,30,,53897,8,,,0,65,,53908,8,,,0,24,,53902,8,,,0,64,,53866,8,,,0,19,,53863,8,,,0,20,,53875,8,,,0,19,,53905,8,,,0,60,,53892,8,,,0,25,,53910,8,,,0,64,,53877,8,,,0,22,,53869,8,,,0,24,,53900,8,,,0,63,,53884,8,,,0,24,,53906,8,,,0,64,,53894,8,,,0,25,,53909,8,,,0,24,,53876,8,,,0,65,,53867,8,,,0,26,,53899,8,,,0,63,,53885,8,,,0,21,,53878,8,,,0,20,,53868,8,,,0,60,,53893,8,,,0,16,,53860,8,,,0,14,,53888,8,,,0,17,,53858,8,,,0,54,,53859,8,,,0,16,,53873,8,,,0,15,,53912,8,,,0,14,,53901,8,,,0,54,,53861,8,,,0,16,,53862,8,,,0,14,,53881,8,,,0,15,,53872,8,,,0,57,,53911,8,,,0,17,,53865,8,,,0,24,,53907,8,,,0,64,,53870,8,,,0,29,,53864,8,,,0,73,,53879,8,,,0,18,,53871,8,,,0,75,,53886,8,,,0,18,,53880,8,,,0,78,,53874,8,,,0,19,,53887,8,,,0,100,,53882,8,,,0,99,,53883,8,,,0,30,,53889,8,,,0,70,,53891,8,,,0,30,,53890,8,,,0,70,,53895,8,,,0,30,,53896,8,,,0
600,'5078',636,,54003,8,,,0,70,,54016,8,,,0,95,,53986,8,,,0,25,,54014,8,,,0,80,,53988,8,,,0,21,,53978,8,,,0,77,,53998,8,,,0,15,,54025,8,,,0,16,,53987,8,,,0,72,,54018,8,,,0,15,,54002,8,,,0,15,,53977,8,,,0,70,,53979,8,,,0,12,,53981,8,,,0,12,,54021,8,,,0,12,,54005,8,,,0,64,,53980,8,,,0,12,,53991,8,,,0,12,,53982,8,,,0,12,,53985,8,,,0,64,,54004,8,,,0,12,,53983,8,,,0,12,,53984,8,,,0,12,,53992,8,,,0,64,,53995,8,,,0,12,,54022,8,,,0,12,,54006,8,,,0,12,,53996,8,,,0,64,,53994,8,,,0,12,,53993,8,,,0,12,,53990,8,,,0,12,,54020,8,,,0,64,,53989,8,,,0,12,,54000,8,,,0,12,,53999,8,,,0,12,,54026,8,,,0,65,,54011,8,,,0,15,,53997,8,,,0,15,,54001,8,,,0,73,,54007,8,,,0,17,,54013,8,,,0,18,,54008,8,,,0,74,,54009,8,,,0,17,,54012,8,,,0,74,,54017,8,,,0,17,,54019,8,,,0,18,,54010,8,,,0,88,,54015,8,,,0,96,,54024,8,,,0,81,,54023,8,,,0
1000600,'4332',645,,62754,8,,,0,98,,62755,8,,,0,111,,62756,8,,,0,98,,62757,8,,,0,103,,62758,8,,,0,88,,62759,8,,,0,89,,62760,8,,,0,88,,62761,8,,,0,86,,62762,8,,,0,40,,62763,8,,,0,82,,62764,8,,,0,81,,62765,8,,,0,41,,62767,8,,,0,97,,62766,8,,,0,100,,62768,8,,,0,98,,62769,8,,,0,105,,62770,8,,,0,92,,62771,8,,,0,164,,62772,8,,,0,95,,62773,8,,,0
1000600,'4661',602,,62813,8,,,0,57,,62798,8,,,0,89,,62804,8,,,0,81,,62799,8,,,0,78,,62793,8,,,0,48,,62800,8,,,0,86,,62805,8,,,0,87,,62796,8,,,0,89,,62807,8,,,0,89,,62811,8,,,0,50,,62814,8,,,0,82,,62810,8,,,0,80,,62808,8,,,0,28,,62790,8,,,0,71,,62812,8,,,0,30,,62806,8,,,0,69,,62801,8,,,0,29,,62791,8,,,0,72,,62809,8,,,0,86,,62797,8,,,0,56,,62802,8,,,0,93,,62792,8,,,0,94,,62794,8,,,0,109,,62795,8,,,0,99,,62803,8,,,0
1000600,'4663',602,,62752,8,,,0,57,,62737,8,,,0,89,,62743,8,,,0,81,,62738,8,,,0,78,,62732,8,,,0,48,,62739,8,,,0,86,,62744,8,,,0,87,,62735,8,,,0,89,,62746,8,,,0,89,,62750,8,,,0,50,,62753,8,,,0,82,,62749,8,,,0,80,,62747,8,,,0,28,,62729,8,,,0,71,,62751,8,,,0,30,,62745,8,,,0,69,,62740,8,,,0,29,,62730,8,,,0,72,,62748,8,,,0,86,,62736,8,,,0,56,,62741,8,,,0,93,,62731,8,,,0,94,,62733,8,,,0,109,,62734,8,,,0,99,,62742,8,,,0
1000600,'5078',736,,62782,8,,,0,110,,62783,8,,,0,101,,62788,8,,,0,104,,62774,8,,,0,101,,62777,8,,,0,103,,62775,8,,,0,100,,62789,8,,,0,100,,62776,8,,,0,100,,62778,8,,,0,100,,62779,8,,,0,100,,62781,8,,,0,98,,62780,8,,,0,151,,62784,8,,,0,50,,62785,8,,,0,152,,62787,8,,,0,94,,62786,8,,,0
2000600,'4661',632,,63028,8,,,0,90,,63024,8,,,0,87,,63031,8,,,0,39,,63023,8,,,0,83,,63032,8,,,0,87,,63033,8,,,0,87,,63036,8,,,0,47,,63022,8,,,0,89,,63026,8,,,0,90,,63029,8,,,0,87,,63018,8,,,0,40,,63019,8,,,0,73,,63035,8,,,0,72,,63025,8,,,0,30,,63021,8,,,0,68,,63020,8,,,0,30,,63034,8,,,0,71,,63030,8,,,0,37,,63027,8,,,0,90,,63037,8,,,0
2000600,'4663',632,,63007,8,,,0,90,,63003,8,,,0,87,,63010,8,,,0,39,,63002,8,,,0,83,,63011,8,,,0,87,,63012,8,,,0,87,,63015,8,,,0,47,,63001,8,,,0,89,,63005,8,,,0,90,,63008,8,,,0,87,,62997,8,,,0,40,,62998,8,,,0,73,,63014,8,,,0,72,,63004,8,,,0,30,,63000,8,,,0,68,,62999,8,,,0,30,,63013,8,,,0,71,,63009,8,,,0,37,,63006,8,,,0,90,,63016,8,,,0
