2200,'4663',1234,,56734,59,0,21 22,0,70,,56726,59,0,21 22,0,31,,56742,59,0,21 22,0,70,,56720,59,0,21 22,0,104,,56737,59,0,21 22,0,32,,56731,59,0,21 22,0,77,,56744,59,0,21 22,0,100,,56732,59,0,21 22,0,94,,56728,59,0,21 22,0
2200,'5372',1234,,49988,59,0,21 22,0,70,,49980,59,0,21 22,0,31,,49996,59,0,21 22,0,70,,49974,59,0,21 22,0,104,,49991,59,0,21 22,0,32,,49985,59,0,21 22,0,77,,49998,59,0,21 22,0,100,,49986,59,0,21 22,0,94,,49982,59,0,21 22,0
2200,'5385',1234,,56817,59,0,21 22,0,70,,56809,59,0,21 22,0,31,,56825,59,0,21 22,0,70,,56803,59,0,21 22,0,104,,56820,59,0,21 22,0,32,,56814,59,0,21 22,0,77,,56827,59,0,21 22,0,100,,56815,59,0,21 22,0,94,,56811,59,0,21 22,0
2201,'4663',723,,56836,4,,,0,25,,56848,4,,,0,76,,56838,4,,,0,106,,56832,4,,,0,29,,56835,4,,,0,69,,56849,4,,,0,98,,56852,4,,,0
2201,'5372',723,,50108,4,,,0,25,,50120,4,,,0,76,,50110,4,,,0,106,,50104,4,,,0,29,,50107,4,,,0,69,,50121,4,,,0,98,,50124,4,,,0
2201,'5385',723,,56914,4,,,0,25,,56926,4,,,0,76,,56916,4,,,0,106,,56910,4,,,0,29,,56913,4,,,0,69,,56927,4,,,0,98,,56930,4,,,0
1002200,'4663',1154,,62898,49,0,21 22,0,279,,62899,49,0,21 22,0,207,,62897,49,0,21 22,0,95,,62902,49,0,21 22,0,192,,62900,49,0,21 22,0
1002200,'5372',1154,,51566,49,0,21 22,0,279,,51567,49,0,21 22,0,207,,51565,49,0,21 22,0,95,,51570,49,0,21 22,0,192,,51568,49,0,21 22,0
1002200,'5385',1154,,62904,49,0,21 22,0,279,,62905,49,0,21 22,0,207,,62903,49,0,21 22,0,95,,62908,49,0,21 22,0,192,,62906,49,0,21 22,0
1002201,'4663',647,,62916,4,,,0,255,,62915,4,,,0,200,,62911,4,,,0
1002201,'5372',647,,51585,4,,,0,255,,51584,4,,,0,200,,51580,4,,,0
1002201,'5385',647,,62925,4,,,0,255,,62924,4,,,0,200,,62920,4,,,0
