800,'4623',625,,65917,10,,,0,86,,65918,10,,,0,29,,65919,10,,,0,80,,65920,10,,,0,90,,65921,10,,,0,35,,65922,10,,,0,83,,65916,10,,,0,83,,65923,10,,,0,34,,65937,10,,,0,84,,65924,10,,,0,85,,65925,10,,,0,43,,65926,10,,,0,100,,65927,10,,,0,82,,65928,10,,,0,84,,65929,10,,,0,33,,65938,10,,,0,74,,65930,10,,,0,73,,65931,10,,,0,33,,65932,10,,,0,71,,65939,10,,,0,95,,65933,10,,,0,43,,65934,10,,,0,97,,65935,10,,,0,83,,65936,10,,,0
800,'5222',625,,65971,10,,,0,86,,65972,10,,,0,29,,65973,10,,,0,80,,65974,10,,,0,90,,65975,10,,,0,35,,65976,10,,,0,83,,65970,10,,,0,83,,65977,10,,,0,34,,65991,10,,,0,84,,65978,10,,,0,85,,65979,10,,,0,43,,65980,10,,,0,100,,65981,10,,,0,82,,65982,10,,,0,84,,65983,10,,,0,33,,65992,10,,,0,74,,65984,10,,,0,73,,65985,10,,,0,33,,65986,10,,,0,71,,65993,10,,,0,95,,65987,10,,,0,43,,65988,10,,,0,97,,65989,10,,,0,83,,65990,10,,,0
900,'4623',726,,66116,17,,,0,82,,66117,17,,,0
900,'5222',726,,66118,17,,,0,82,,66119,17,,,0
2101,'4623',551,,68685,10,,,0,67,,68692,10,,,0,24,,68684,10,,,0,60,,68680,10,,,0,16,,68686,14,,,0,18,,68683,14,,,0,19,,68688,14,,,0,61,,68681,14,,,0,20,,68694,14,,,0,70,,68700,14,,,0,29,,68691,14,,,0,69,,68682,14,,,0,29,,68687,14,,,0,69,,68695,14,,,0,30,,68698,14,,,0,71,,68690,14,,,0,30,,68699,14,,,0,70,,68689,14,,,0,31,,68696,14,,,0,70,,68697,14,,,0,32,,68693,14,,,0,20,,68701,14,,,0,58,,68703,14,,,0,20,,68708,10,,,0,22,,68705,14,,,0,59,,68702,14,,,0,22,,68707,14,,,0,20,,68709,14,,,0,60,,68706,10,,,0,20,,68704,14,,,0,20,,68710,14,,,0,60,,68713,14,,,0,31,,68712,10,,,0,72,,68711,10,,,0,30,,68714,10,,,0,70,,68715,10,,,0,31,,68716,10,,,0,70,,68719,10,,,0,31,,68718,10,,,0,70,,68717,10,,,0,30,,68720,10,,,0,106,,68721,10,,,0
2101,'4833',642,,68752,10,,,0,70,,68734,10,,,0,31,,68743,10,,,0,70,,68726,10,,,0,30,,68753,10,,,0,69,,68735,10,,,0,29,,68744,10,,,0,67,,68722,10,,,0,28,,68724,10,,,0,69,,68745,10,,,0,30,,68729,10,,,0,69,,68737,10,,,0,28,,68723,10,,,0,70,,68725,10,,,0,28,,68746,10,,,0,70,,68730,10,,,0,32,,68738,10,,,0,71,,68727,10,,,0,30,,68728,10,,,0,74,,68747,10,,,0,30,,68731,10,,,0,69,,68740,10,,,0,31,,68733,10,,,0,71,,68732,10,,,0,31,,68748,10,,,0,71,,68736,10,,,0,36,,68739,10,,,0,76,,68741,10,,,0,29,,68750,10,,,0,70,,68742,10,,,0,32,,68751,10,,,0,70,,68749,10,,,0,30,,68754,10,,,0,105,,68755,10,,,0
2101,'5015',642,,68786,10,,,0,70,,68768,10,,,0,31,,68777,10,,,0,70,,68760,10,,,0,30,,68787,10,,,0,69,,68769,10,,,0,29,,68778,10,,,0,67,,68756,10,,,0,28,,68758,10,,,0,69,,68779,10,,,0,30,,68763,10,,,0,69,,68771,10,,,0,28,,68757,10,,,0,70,,68759,10,,,0,28,,68780,10,,,0,70,,68764,10,,,0,32,,68772,10,,,0,71,,68761,10,,,0,30,,68762,10,,,0,74,,68781,10,,,0,30,,68765,10,,,0,69,,68774,10,,,0,31,,68767,10,,,0,71,,68766,10,,,0,31,,68782,10,,,0,71,,68770,10,,,0,36,,68773,10,,,0,76,,68775,10,,,0,29,,68784,10,,,0,70,,68776,10,,,0,32,,68785,10,,,0,70,,68783,10,,,0,30,,68788,10,,,0,105,,68789,10,,,0
2101,'5078',650,,56655,10,,,0,80,,56645,10,,,0,80,,56656,10,,,0,36,,56654,10,,,0,64,,56642,10,,,0,27,,56644,10,,,0,70,,56657,10,,,0,29,,56643,10,,,0,70,,56658,10,,,0,29,,56647,10,,,0,70,,56646,10,,,0,30,,56659,10,,,0,68,,56648,10,,,0,29,,56660,10,,,0,70,,56661,10,,,0,30,,56662,10,,,0,71,,56650,10,,,0,32,,56651,10,,,0,73,,56652,10,,,0,30,,56653,10,,,0,71,,56649,10,,,0,30,,56663,10,,,0,72,,56664,10,,,0,35,,56665,10,,,0,105,,56666,10,,,0,101,,56667,10,,,0,103,,56668,10,,,0,100,,56669,10,,,0,103,,56670,10,,,0
2101,'5222',551,,68795,10,,,0,67,,68802,10,,,0,24,,68794,10,,,0,60,,68790,10,,,0,16,,68796,14,,,0,18,,68793,14,,,0,19,,68798,14,,,0,61,,68791,14,,,0,20,,68804,14,,,0,70,,68810,14,,,0,29,,68801,14,,,0,69,,68792,14,,,0,29,,68797,14,,,0,69,,68805,14,,,0,30,,68808,14,,,0,71,,68800,14,,,0,30,,68809,14,,,0,70,,68799,14,,,0,31,,68806,14,,,0,70,,68807,14,,,0,32,,68803,14,,,0,20,,68811,14,,,0,58,,68813,14,,,0,20,,68818,10,,,0,22,,68815,14,,,0,59,,68812,14,,,0,22,,68817,14,,,0,20,,68819,14,,,0,60,,68816,10,,,0,20,,68814,14,,,0,20,,68820,14,,,0,60,,68823,14,,,0,31,,68822,10,,,0,72,,68821,10,,,0,30,,68824,10,,,0,70,,68825,10,,,0,31,,68826,10,,,0,70,,68829,10,,,0,31,,68828,10,,,0,70,,68827,10,,,0,30,,68830,10,,,0,106,,68831,10,,,0
2101,'5365',650,,68845,10,,,0,80,,68835,10,,,0,80,,68846,10,,,0,36,,68844,10,,,0,64,,68832,10,,,0,27,,68834,10,,,0,70,,68847,10,,,0,29,,68833,10,,,0,70,,68848,10,,,0,29,,68837,10,,,0,70,,68836,10,,,0,30,,68849,10,,,0,68,,68838,10,,,0,29,,68850,10,,,0,70,,68851,10,,,0,30,,68852,10,,,0,71,,68840,10,,,0,32,,68841,10,,,0,73,,68842,10,,,0,30,,68843,10,,,0,71,,68839,10,,,0,30,,68853,10,,,0,72,,68854,10,,,0,35,,68855,10,,,0,105,,68856,10,,,0,101,,68857,10,,,0,103,,68858,10,,,0,100,,68859,10,,,0,103,,68860,10,,,0
2101,'5390',650,,68874,10,,,0,80,,68864,10,,,0,80,,68875,10,,,0,36,,68873,10,,,0,64,,68861,10,,,0,27,,68863,10,,,0,70,,68876,10,,,0,29,,68862,10,,,0,70,,68877,10,,,0,29,,68866,10,,,0,70,,68865,10,,,0,30,,68878,10,,,0,68,,68867,10,,,0,29,,68879,10,,,0,70,,68880,10,,,0,30,,68881,10,,,0,71,,68869,10,,,0,32,,68870,10,,,0,73,,68871,10,,,0,30,,68872,10,,,0,71,,68868,10,,,0,30,,68882,10,,,0,72,,68883,10,,,0,35,,68884,10,,,0,105,,68885,10,,,0,101,,68886,10,,,0,103,,68887,10,,,0,100,,68888,10,,,0,103,,68889,10,,,0
