2400,'4663',641,,56933,41,,,0,74,,56937,41,,,0,41,,56938,41,,,0,102,,56934,41,,,0,149,,56932,41,,,0,100,,56942,41,,,0,101,,56939,41,,,0,100,,56935,41,,,0,101,,56936,41,,,0,100,,56940,41,,,0,50,,56941,41,,,0,80,,56943,41,,,0,91,,56944,41,,,0,96,,56945,41,,,0,99,,56946,41,,,0,110,,56947,41,,,0,122,,56948,41,,,0,170,,56949,41,,,0,130,,56950,41,,,0
2400,'5372',641,,41544,41,,,0,74,,41548,41,,,0,41,,41549,41,,,0,102,,41545,41,,,0,149,,41543,41,,,0,100,,41553,41,,,0,101,,41550,41,,,0,100,,41546,41,,,0,101,,41547,41,,,0,100,,41551,41,,,0,50,,41552,41,,,0,80,,41554,41,,,0,91,,41555,41,,,0,96,,41556,41,,,0,99,,41557,41,,,0,110,,41558,41,,,0,122,,41559,41,,,0,170,,41560,41,,,0,130,,41561,41,,,0
2400,'5377',734,,41597,7,,,0,107,,41596,41,,,0,170,,41599,41,,,0,131,,41598,41,,,0,173,,41600,41,,,0,130,,41601,41,,,0,170,,41602,41,,,0,130,,41603,41,,,0,166,,41604,41,,,0,125,,41605,41,,,0,164,,41606,41,,,0,127,,41607,41,,,0
2400,'5383',722,,56955,41,,,0,123,,56953,41,,,0,105,,56951,41,,,0,153,,56952,41,,,0,100,,56954,41,,,0,100,,56960,41,,,0,98,,56957,41,,,0,100,,56956,41,,,0,100,,56959,41,,,0,57,,56958,41,,,0,143,,56961,41,,,0,112,,56962,41,,,0,122,,56963,41,,,0,165,,56964,41,,,0,127,,56965,41,,,0
2400,'5384',734,,56967,7,,,0,107,,56966,41,,,0,170,,56969,41,,,0,131,,56968,41,,,0,173,,56970,41,,,0,130,,56971,41,,,0,170,,56972,41,,,0,130,,56973,41,,,0,166,,56974,41,,,0,125,,56975,41,,,0,164,,56976,41,,,0,127,,56977,41,,,0
2400,'5385',641,,56979,41,,,0,74,,56983,41,,,0,41,,56984,41,,,0,102,,56980,41,,,0,149,,56978,41,,,0,100,,56988,41,,,0,101,,56985,41,,,0,100,,56981,41,,,0,101,,56982,41,,,0,100,,56986,41,,,0,50,,56987,41,,,0,80,,56989,41,,,0,91,,56990,41,,,0,96,,56991,41,,,0,99,,56992,41,,,0,110,,56993,41,,,0,122,,56994,41,,,0,170,,56995,41,,,0,130,,56996,41,,,0
2500,'4663',621,,57076,48,,,0,37,,57068,48,,,0,74,,57066,48,,,0,79,,57067,48,,,0,28,,57074,48,,,0,94,,57073,48,,,0,104,,57071,48,,,0,100,,57069,48,,,0,101,,57070,48,,,0,100,,57077,48,,,0,100,,57072,48,,,0,101,,57075,40,,,0,80,,57079,48,,,0,84,,57078,48,,,0,53,,57080,48,,,0,100,,57081,48,,,0,99,,57082,48,,,0,160,,57083,48,,,0,127,,57084,48,,,0
2500,'5372',621,,41709,48,,,0,37,,41702,48,,,0,74,,41700,48,,,0,79,,41701,48,,,0,28,,41708,48,,,0,94,,41707,48,,,0,104,,41705,48,,,0,100,,41703,48,,,0,101,,41704,48,,,0,100,,41710,48,,,0,100,,41706,48,,,0,181,,41712,48,,,0,84,,41711,48,,,0,53,,41713,48,,,0,100,,41714,48,,,0,99,,41715,48,,,0,160,,41716,48,,,0,127,,41717,48,,,0
2500,'5373',1539,,41755,40,,,0
2500,'5377',756,,41758,48,,,0,170,,41756,48,,,0,130,,41757,48,,,0,171,,41759,48,,,0,173,,41760,48,,,0,130,,41761,48,,,0,170,,41762,48,,,0,127,,41763,48,,,0,129,,41764,48,,,0,160,,41765,48,,,0,127,,41766,48,,,0
2500,'5381',1539,,50127,40,,,0
2500,'5383',805,,57092,48,,,0,110,,57090,48,,,0,115,,57094,48,,,0,103,,57088,48,,,0,100,,57086,48,,,0,98,,57087,48,,,0,100,,57089,48,,,0,100,,57093,48,,,0,100,,57091,48,,,0,100,,57095,48,,,0,102,,57096,48,,,0,122,,57097,48,,,0,161,,57098,48,,,0,127,,57099,48,,,0
2500,'5384',756,,57103,48,,,0,170,,57101,48,,,0,130,,57102,48,,,0,171,,57104,48,,,0,173,,57105,48,,,0,130,,57106,48,,,0,170,,57107,48,,,0,127,,57108,48,,,0,129,,57109,48,,,0,160,,57110,48,,,0,127,,57111,48,,,0
2500,'5385',621,,57121,48,,,0,37,,57114,48,,,0,74,,57112,48,,,0,79,,57113,48,,,0,28,,57120,48,,,0,94,,57119,48,,,0,104,,57117,48,,,0,100,,57115,48,,,0,101,,57116,48,,,0,100,,57122,48,,,0,100,,57118,48,,,0,181,,57124,48,,,0,84,,57123,48,,,0,53,,57125,48,,,0,100,,57126,48,,,0,99,,57127,48,,,0,160,,57128,48,,,0,127,,57129,48,,,0
2500,'5387',1539,,57131,40,,,0
2500,'5388',1539,,57132,40,,,0
