3000,'4332',630,,58547,1,,,0,100,,58548,1,,,0,78,,58549,1,,,0,38,,58550,1,,,0,71,,58551,1,,,0,32,,58552,1,,,0,72,,58553,1,,,0,30,,58554,1,,,0,70,,58555,1,,,0,30,,58556,1,,,0,70,,58557,1,,,0,29,,58558,1,,,0,70,,58559,1,,,0,30,,58560,1,,,0,70,,58561,1,,,0,30,,58562,1,,,0,70,,58563,1,,,0,30,,58564,1,,,0,70,,58565,1,,,0,30,,58566,1,,,0,70,,58567,1,,,0,30,,58568,1,,,0,70,,58569,1,,,0,80,,58570,1,,,0,40,,58571,1,,,0,80,,58572,1,,,0,85,,58573,1,,,0,100,,58574,1,,,0,100,,58575,1,,,0,110,,58576,1,,,0
3000,'4663',542,,58514,1,,,0,90,,58515,1,,,0,72,,58516,1,,,0,31,,58517,1,,,0,71,,58518,1,,,0,32,,58519,1,,,0,70,,58520,1,,,0,30,,58521,1,,,0,70,,58522,1,,,0,30,,58523,1,,,0,70,,58524,1,,,0,30,,58525,1,,,0,70,,58526,1,,,0,30,,58527,1,,,0,70,,58528,1,,,0,30,,58529,1,,,0,67,,58530,1,,,0,32,,58531,1,,,0,71,,58532,1,,,0,32,,58533,1,,,0,75,,58534,1,,,0,31,,58535,1,,,0,74,,58536,1,,,0,31,,58537,1,,,0,67,,58538,1,,,0,28,,58539,1,,,0,68,,58540,1,,,0,33,,58541,1,,,0,73,,58542,1,,,0,86,,58543,1,,,0,100,,58544,1,,,0,100,,58545,1,,,0,110,,58546,1,,,0
3000,'5078',741,,58577,1,,,0,100,,58578,1,,,0,84,,58579,1,,,0,80,,58580,1,,,0,40,,58581,1,,,0,75,,58582,1,,,0,30,,58583,1,,,0,70,,58584,1,,,0,30,,58585,1,,,0,70,,58586,1,,,0,30,,58587,1,,,0,70,,58588,1,,,0,30,,58589,1,,,0,70,,58590,1,,,0,30,,58591,1,,,0,70,,58592,1,,,0,30,,58593,1,,,0,70,,58594,1,,,0,30,,58595,1,,,0,70,,58596,1,,,0,80,,58597,1,,,0,40,,58598,1,,,0,80,,58599,1,,,0,87,,58600,1,,,0,98,,58601,1,,,0,100,,58602,1,,,0
3000,'5372',542,,43393,1,,,0,90,,43394,1,,,0,72,,43395,1,,,0,31,,43396,1,,,0,71,,43397,1,,,0,32,,43398,1,,,0,70,,43399,1,,,0,30,,43400,1,,,0,70,,43401,1,,,0,30,,43402,1,,,0,70,,43403,1,,,0,30,,43404,1,,,0,70,,43405,1,,,0,30,,43406,1,,,0,70,,43407,1,,,0,30,,51685,1,,,0,67,,43409,1,,,0,32,,51686,1,,,0,71,,43411,1,,,0,32,,43412,1,,,0,75,,51687,1,,,0,31,,43414,1,,,0,74,,43415,1,,,0,31,,43416,1,,,0,67,,43417,1,,,0,28,,43418,1,,,0,68,,43419,1,,,0,33,,43420,1,,,0,73,,43421,1,,,0,86,,43422,1,,,0,100,,43423,1,,,0,100,,43424,1,,,0,110,,43425,1,,,0
3000,'5385',542,,58603,1,,,0,90,,58604,1,,,0,72,,58605,1,,,0,31,,58606,1,,,0,71,,58607,1,,,0,32,,58608,1,,,0,70,,58609,1,,,0,30,,58610,1,,,0,70,,58611,1,,,0,30,,58612,1,,,0,70,,58613,1,,,0,30,,58614,1,,,0,70,,58615,1,,,0,30,,58616,1,,,0,70,,58617,1,,,0,30,,58618,1,,,0,67,,58619,1,,,0,32,,58620,1,,,0,71,,58621,1,,,0,32,,58622,1,,,0,75,,58623,1,,,0,31,,58624,1,,,0,74,,58625,1,,,0,31,,58626,1,,,0,67,,58627,1,,,0,28,,58628,1,,,0,68,,58629,1,,,0,33,,58630,1,,,0,73,,58631,1,,,0,86,,58632,1,,,0,100,,58633,1,,,0,100,,58634,1,,,0,110,,58635,1,,,0
3001,'4332',657,,58669,32,4,,0,88,,58670,32,4,,0,81,,58671,32,4,,0,33,,58668,32,4,,0,71,,58672,32,4,,0,72,,58673,32,4,,0,32,,58674,32,4,,0,69,,58675,32,4,,0,30,,58676,32,4,,0,70,,58677,32,4,,0,30,,58678,32,4,,0,69,,58679,32,4,,0,29,,58680,32,4,,0,70,,58681,32,4,,0,30,,58682,32,4,,0,70,,58683,32,4,,0,30,,58684,32,4,,0,70,,58685,32,4,,0,31,,58686,32,4,,0,70,,58687,32,4,,0,30,,58688,32,4,,0,70,,58689,32,4,,0,35,,58690,32,4,,0,80,,58691,32,4,,0,40,,58692,32,4,,0,80,,58693,32,4,,0,95,,58694,32,4,,0,100,,58695,32,4,,0,110,,58696,32,4,,0,91,,58697,32,4,,0
3001,'4663',630,,58636,32,4,,0,71,,58637,32,4,,0,35,,58638,32,4,,0,69,,58639,32,4,,0,30,,58640,32,4,,0,73,,58641,32,4,,0,27,,58642,32,4,,0,70,,58643,32,4,,0,29,,58644,32,4,,0,71,,58645,32,4,,0,31,,58646,32,4,,0,70,,58647,32,4,,0,32,,58648,32,4,,0,70,,58649,32,4,,0,30,,58650,32,4,,0,71,,58651,32,4,,0,30,,58652,32,4,,0,71,,58653,32,4,,0,36,,58654,32,4,,0,72,,58655,32,4,,0,33,,58656,32,4,,0,72,,58657,32,4,,0,30,,58658,32,4,,0,68,,58659,32,4,,0,27,,58660,32,4,,0,75,,58661,32,4,,0,79,,58662,32,4,,0,37,,58663,32,4,,0,94,,58664,32,4,,0,99,,58665,32,4,,0,108,,58666,32,4,,0,89,,58667,32,4,,0
3001,'5078',758,,58698,32,4,,0,142,,58699,32,4,,0,42,,58700,32,4,,0,80,,58701,32,4,,0,79,,58702,32,4,,0,30,,58703,32,4,,0,70,,58704,32,4,,0,30,,58705,32,4,,0,70,,58706,32,4,,0,30,,58707,32,4,,0,70,,58708,32,4,,0,30,,58709,32,4,,0,70,,58710,32,4,,0,30,,58711,32,4,,0,70,,58712,32,4,,0,30,,58713,32,4,,0,70,,58714,32,4,,0,30,,58715,32,4,,0,71,,58716,32,4,,0,35,,58717,32,4,,0,80,,58718,32,4,,0,40,,58719,32,4,,0,80,,58720,32,4,,0,95,,58721,32,4,,0,100,,58722,32,4,,0,106,,58723,32,4,,0,104,,58724,32,4,,0
3001,'5372',630,,43541,32,4,,0,71,,43542,32,4,,0,35,,43543,32,4,,0,69,,43544,32,4,,0,30,,43545,32,4,,0,73,,43546,32,4,,0,27,,43547,32,4,,0,70,,43548,32,4,,0,29,,43549,32,4,,0,71,,43550,32,4,,0,31,,43551,32,4,,0,70,,51691,32,4,,0,32,,43553,32,4,,0,70,,43554,32,4,,0,30,,51692,32,4,,0,71,,43556,32,4,,0,30,,43557,32,4,,0,71,,51693,32,4,,0,36,,43559,32,4,,0,72,,43560,32,4,,0,33,,43561,32,4,,0,72,,43562,32,4,,0,30,,43563,32,4,,0,68,,43564,32,4,,0,27,,43565,32,4,,0,75,,43566,32,4,,0,79,,43567,32,4,,0,37,,43568,32,4,,0,94,,43569,32,4,,0,99,,43570,32,4,,0,108,,43571,32,4,,0,89,,50198,32,4,,0
3001,'5385',630,,58725,32,4,,0,71,,58726,32,4,,0,35,,58727,32,4,,0,69,,58728,32,4,,0,30,,58729,32,4,,0,73,,58730,32,4,,0,27,,58731,32,4,,0,70,,58732,32,4,,0,29,,58733,32,4,,0,71,,58734,32,4,,0,31,,58735,32,4,,0,70,,58736,32,4,,0,32,,58737,32,4,,0,70,,58738,32,4,,0,30,,58739,32,4,,0,71,,58740,32,4,,0,30,,58741,32,4,,0,71,,58742,32,4,,0,36,,58743,32,4,,0,72,,58744,32,4,,0,33,,58745,32,4,,0,72,,58746,32,4,,0,30,,58747,32,4,,0,68,,58748,32,4,,0,27,,58749,32,4,,0,75,,58750,32,4,,0,79,,58751,32,4,,0,37,,58752,32,4,,0,94,,58753,32,4,,0,99,,58754,32,4,,0,108,,58755,32,4,,0,89,,58756,32,4,,0
3100,'4332',700,,58791,1,,,0,48,,58792,1,,,0,81,,58793,1,,,0,73,,58794,1,,,0,31,,58795,1,,,0,72,,58796,1,,,0,32,,58797,1,,,0,69,,58798,1,,,0,30,,58799,1,,,0,70,,58800,1,,,0,30,,58801,1,,,0,69,,58802,1,,,0,30,,58803,1,,,0,70,,58804,1,,,0,30,,58805,1,,,0,70,,58806,1,,,0,30,,58807,1,,,0,70,,58808,1,,,0,30,,58809,1,,,0,70,,58810,1,,,0,30,,58811,1,,,0,70,,58812,1,,,0,35,,58813,1,,,0,80,,58814,1,,,0,80,,58815,1,,,0,40,,58816,1,,,0,95,,58817,1,,,0,100,,58818,1,,,0,118,,58819,1,,,0,92,,58820,1,,,0
3100,'4663',612,,58757,1,,,0,36,,58758,1,,,0,72,,58759,1,,,0,30,,58760,1,,,0,72,,58761,1,,,0,31,,58762,1,,,0,70,,58763,1,,,0,30,,58764,1,,,0,70,,58765,1,,,0,30,,58766,1,,,0,70,,58767,1,,,0,30,,58768,1,,,0,70,,58769,1,,,0,30,,58770,1,,,0,70,,58771,1,,,0,28,,58772,1,,,0,70,,58773,1,,,0,31,,58774,1,,,0,72,,58775,1,,,0,34,,58776,1,,,0,73,,58777,1,,,0,72,,58778,1,,,0,33,,58779,1,,,0,69,,58780,1,,,0,27,,58781,1,,,0,68,,58782,1,,,0,28,,58783,1,,,0,77,,58784,1,,,0,38,,58785,1,,,0,94,,58786,1,,,0,99,,58787,1,,,0,115,,58788,1,,,0,95,,58789,1,,,0
3100,'5078',700,,58821,1,,,0,111,,58822,1,,,0,94,,58823,1,,,0,40,,58824,1,,,0,80,,58825,1,,,0,80,,58826,1,,,0,30,,58827,1,,,0,70,,58828,1,,,0,30,,58829,1,,,0,70,,58830,1,,,0,30,,58831,1,,,0,70,,58832,1,,,0,30,,58833,1,,,0,70,,58834,1,,,0,30,,58835,1,,,0,70,,58836,1,,,0,30,,58837,1,,,0,70,,58838,1,,,0,30,,58839,1,,,0,70,,58840,1,,,0,35,,58841,1,,,0,80,,58842,1,,,0,80,,58843,1,,,0,40,,58844,1,,,0,95,,58845,1,,,0,100,,58846,1,,,0,114,,58847,1,,,0
3100,'5372',612,,58790,1,,,0,36,,43690,1,,,0,72,,43691,1,,,0,30,,43692,1,,,0,72,,43693,1,,,0,31,,43694,1,,,0,70,,43695,1,,,0,30,,43696,1,,,0,70,,43697,1,,,0,30,,51697,1,,,0,70,,43699,1,,,0,30,,43700,1,,,0,70,,51698,1,,,0,30,,43702,1,,,0,70,,43703,1,,,0,28,,51699,1,,,0,70,,43705,1,,,0,31,,43706,1,,,0,72,,43707,1,,,0,34,,43708,1,,,0,73,,43709,1,,,0,72,,43710,1,,,0,33,,43711,1,,,0,69,,43712,1,,,0,27,,43713,1,,,0,68,,43714,1,,,0,28,,43715,1,,,0,77,,43716,1,,,0,38,,43717,1,,,0,94,,43718,1,,,0,99,,43719,1,,,0,115,,43720,1,,,0,95,,50206,1,,,0
3100,'5385',612,,58848,1,,,0,36,,58849,1,,,0,72,,58850,1,,,0,30,,58851,1,,,0,72,,58852,1,,,0,31,,58853,1,,,0,70,,58854,1,,,0,30,,58855,1,,,0,70,,58856,1,,,0,30,,58857,1,,,0,70,,58858,1,,,0,30,,58859,1,,,0,70,,58860,1,,,0,30,,58861,1,,,0,70,,58862,1,,,0,28,,58863,1,,,0,70,,58864,1,,,0,31,,58865,1,,,0,72,,58866,1,,,0,34,,58867,1,,,0,73,,58868,1,,,0,72,,58869,1,,,0,33,,58870,1,,,0,69,,58871,1,,,0,27,,58872,1,,,0,68,,58873,1,,,0,28,,58874,1,,,0,77,,58875,1,,,0,38,,58876,1,,,0,94,,58877,1,,,0,99,,58878,1,,,0,115,,58879,1,,,0,95,,58880,1,,,0
3101,'4332',718,,58915,28,4,,0,87,,58916,28,4,,0,38,,58917,28,4,,0,71,,58918,28,4,,0,32,,58919,28,4,,0,72,,58920,28,4,,0,30,,58921,28,4,,0,70,,58922,28,4,,0,30,,58923,28,4,,0,70,,58924,28,4,,0,29,,58925,28,4,,0,69,,58926,28,4,,0,30,,58927,28,4,,0,70,,58928,28,4,,0,30,,58929,28,4,,0,70,,58930,28,4,,0,30,,58931,28,4,,0,71,,58932,28,4,,0,30,,58933,28,4,,0,70,,58934,28,4,,0,30,,58935,28,4,,0,70,,58936,28,4,,0,40,,58937,28,4,,0,80,,58938,28,4,,0,80,,58939,28,4,,0,85,,58940,28,4,,0,100,,58941,28,4,,0,100,,58942,28,4,,0,110,,58943,28,4,,0
3101,'4663',610,,58882,28,4,,0,36,,58883,28,4,,0,75,,58884,28,4,,0,29,,58885,28,4,,0,70,,58881,28,4,,0,30,,58886,28,4,,0,70,,58887,28,4,,0,30,,58888,28,4,,0,69,,58889,28,4,,0,30,,58890,28,4,,0,69,,58891,28,4,,0,33,,58892,28,4,,0,71,,58893,28,4,,0,31,,58894,28,4,,0,70,,58895,28,4,,0,30,,58896,28,4,,0,71,,58897,28,4,,0,29,,58898,28,4,,0,74,,58899,28,4,,0,74,,58900,28,4,,0,31,,58901,28,4,,0,76,,58902,28,4,,0,30,,58903,28,4,,0,68,,58904,28,4,,0,29,,58905,28,4,,0,68,,58906,28,4,,0,41,,58907,28,4,,0,73,,58908,28,4,,0,86,,58909,28,4,,0,100,,58910,28,4,,0,99,,58911,28,4,,0,100,,58912,28,4,,0
3101,'5078',728,,58946,28,4,,0,102,,58947,28,4,,0,92,,58948,28,4,,0,80,,58949,28,4,,0,39,,58945,28,4,,0,75,,58950,28,4,,0,30,,58951,28,4,,0,70,,58952,28,4,,0,30,,58953,28,4,,0,70,,58954,28,4,,0,30,,58955,28,4,,0,70,,58956,28,4,,0,30,,58957,28,4,,0,70,,58958,28,4,,0,30,,58959,28,4,,0,70,,58960,28,4,,0,30,,58961,28,4,,0,70,,58962,28,4,,0,31,,58963,28,4,,0,70,,58964,28,4,,0,40,,58965,28,4,,0,80,,58966,28,4,,0,80,,58967,28,4,,0,87,,58968,28,4,,0,98,,58969,28,4,,0,100,,58970,28,4,,0,105,,58971,28,4,,0
3101,'5372',610,,58914,28,4,,0,36,,43841,28,4,,0,75,,43842,28,4,,0,29,,43843,28,4,,0,70,,43839,28,4,,0,30,,43844,28,4,,0,70,,43845,28,4,,0,30,,43846,28,4,,0,69,,43847,28,4,,0,30,,43848,28,4,,0,69,,43849,28,4,,0,33,,43850,28,4,,0,71,,43851,28,4,,0,31,,43852,28,4,,0,70,,51704,28,4,,0,30,,43854,28,4,,0,71,,43855,28,4,,0,29,,51705,28,4,,0,74,,43857,28,4,,0,74,,51706,28,4,,0,31,,43859,28,4,,0,76,,43860,28,4,,0,30,,51707,28,4,,0,68,,43862,28,4,,0,29,,43863,28,4,,0,68,,43864,28,4,,0,41,,43865,28,4,,0,73,,43866,28,4,,0,86,,43867,28,4,,0,100,,43868,28,4,,0,99,,43869,28,4,,0,100,,43870,28,4,,0
3101,'5385',610,,58973,28,4,,0,36,,58974,28,4,,0,75,,58975,28,4,,0,29,,58976,28,4,,0,70,,58972,28,4,,0,30,,58977,28,4,,0,70,,58978,28,4,,0,30,,58979,28,4,,0,69,,58980,28,4,,0,30,,58981,28,4,,0,69,,58982,28,4,,0,33,,58983,28,4,,0,71,,58984,28,4,,0,31,,58985,28,4,,0,70,,58986,28,4,,0,30,,58987,28,4,,0,71,,58988,28,4,,0,29,,58989,28,4,,0,74,,58990,28,4,,0,74,,58991,28,4,,0,31,,58992,28,4,,0,76,,58993,28,4,,0,30,,58994,28,4,,0,68,,58995,28,4,,0,29,,58996,28,4,,0,68,,58997,28,4,,0,41,,58998,28,4,,0,73,,58999,28,4,,0,86,,59000,28,4,,0,100,,59001,28,4,,0,99,,59002,28,4,,0,100,,59003,28,4,,0
7500,'4332',610,,61529,1,0,13 14,0,93,,61530,1,0,13 14,0,97,,61531,1,0,13 14,0,32,,61551,1,0,47 48,0,21,,61528,1,0,13 14,0,71,,61552,1,0,47 48,0,26,,61532,1,0,13 14,0,72,,61553,1,0,47 48,0,26,,61533,1,0,13 14,0,70,,61534,1,0,13 14,0,30,,61535,1,0,13 14,0,69,,61536,1,0,13 14,0,31,,61537,1,0,13 14,0,63,,61538,1,0,13 14,0,36,,61539,1,0,13 14,0,70,,61540,1,0,13 14,0,30,,61541,1,0,13 14,0,70,,61542,1,0,13 14,0,30,,61543,1,0,13 14,0,70,,61554,1,0,47 48,0,32,,61544,1,0,13 14,0,73,,61555,1,0,47 48,0,30,,61545,1,0,13 14,0,102,,61546,1,0,13 14,0,105,,61547,1,0,13 14,0,98,,61548,1,0,13 14,0,147,,61549,1,0,13 14,0,103,,61550,1,0,13 14,0
7500,'4663',458,,61489,1,0,13 14,0,58,,61490,1,0,13 14,0,15,,61491,1,0,13 14,0,18,,61492,1,0,13 14,0,57,,61488,1,0,13 14,0,16,,61493,1,0,13 14,0,15,,61494,1,0,13 14,0,15,,61495,1,0,13 14,0,56,,61496,1,0,13 14,0,23,,61497,1,0,13 14,0,22,,61498,1,0,13 14,0,66,,61499,1,0,13 14,0,29,,61500,1,0,13 14,0,74,,61501,1,0,13 14,0,28,,61502,1,0,13 14,0,70,,61503,1,0,13 14,0,27,,61504,1,0,13 14,0,69,,61505,1,0,13 14,0,30,,61506,1,0,13 14,0,70,,61507,1,0,13 14,0,28,,61508,1,0,13 14,0,70,,61509,1,0,13 14,0,23,,61510,1,0,13 14,0,71,,61511,1,0,13 14,0,34,,61512,1,0,13 14,0,67,,61513,1,0,13 14,0,30,,61514,1,0,13 14,0,65,,61515,1,0,13 14,0,21,,61516,1,0,13 14,0,20,,61517,1,0,13 14,0,60,,61518,1,0,13 14,0,22,,61519,1,0,13 14,0,20,,61520,1,0,13 14,0,68,,61521,1,0,13 14,0,37,,61522,1,0,13 14,0,151,,61523,1,0,13 14,0,56,,61524,1,0,13 14,0,147,,61525,1,0,13 14,0,110,,61526,1,0,13 14,0
7500,'5078',605,,61556,1,0,13 14,0,97,,61557,1,0,13 14,0,101,,61558,1,0,13 14,0,32,,61577,1,0,47 48,0,20,,61559,1,0,13 14,0,72,,61578,1,0,47 48,0,25,,61560,1,0,13 14,0,83,,61579,1,0,47 48,0,16,,61561,1,0,13 14,0,69,,61562,1,0,13 14,0,30,,61563,1,0,13 14,0,69,,61564,1,0,13 14,0,29,,61565,1,0,13 14,0,70,,61566,1,0,13 14,0,30,,61567,1,0,13 14,0,69,,61568,1,0,13 14,0,30,,61569,1,0,13 14,0,100,,61570,1,0,13 14,0,101,,61571,1,0,13 14,0,107,,61572,1,0,13 14,0,104,,61573,1,0,13 14,0,144,,61574,1,0,13 14,0,97,,61575,1,0,13 14,0,135,,61576,1,0,13 14,0
7500,'5372',458,,46884,1,0,13 14,0,58,,46885,1,0,13 14,0,15,,46886,1,0,13 14,0,18,,46887,1,0,13 14,0,57,,46883,1,0,13 14,0,16,,46888,1,0,13 14,0,15,,46889,1,0,13 14,0,15,,46890,1,0,13 14,0,56,,46891,1,0,13 14,0,23,,46892,1,0,13 14,0,22,,46893,1,0,13 14,0,66,,46894,1,0,13 14,0,29,,46895,1,0,13 14,0,74,,46896,1,0,13 14,0,28,,46897,1,0,13 14,0,70,,46898,1,0,13 14,0,27,,46899,1,0,13 14,0,69,,46900,1,0,13 14,0,30,,46901,1,0,13 14,0,70,,46902,1,0,13 14,0,28,,51855,1,0,13 14,0,70,,61527,1,0,13 14,0,23,,46905,1,0,13 14,0,71,,46906,1,0,13 14,0,34,,46907,1,0,13 14,0,67,,46908,1,0,13 14,0,30,,46909,1,0,13 14,0,65,,46910,1,0,13 14,0,21,,46911,1,0,13 14,0,20,,46912,1,0,13 14,0,60,,46913,1,0,13 14,0,22,,46914,1,0,13 14,0,20,,46915,1,0,13 14,0,68,,46916,1,0,13 14,0,37,,46917,1,0,13 14,0,151,,46918,1,0,13 14,0,56,,46919,1,0,13 14,0,147,,50777,1,0,13 14,0
7500,'5373',2316,,46989,1,0,13 14,0
7500,'5385',458,,61581,1,0,13 14,0,58,,61582,1,0,13 14,0,15,,61583,1,0,13 14,0,18,,61584,1,0,13 14,0,57,,61580,1,0,13 14,0,16,,61585,1,0,13 14,0,15,,61586,1,0,13 14,0,15,,61587,1,0,13 14,0,56,,61588,1,0,13 14,0,23,,61589,1,0,13 14,0,22,,61590,1,0,13 14,0,66,,61591,1,0,13 14,0,29,,61592,1,0,13 14,0,74,,61593,1,0,13 14,0,28,,61594,1,0,13 14,0,70,,61595,1,0,13 14,0,27,,61596,1,0,13 14,0,69,,61597,1,0,13 14,0,30,,61598,1,0,13 14,0,70,,61599,1,0,13 14,0,28,,61600,1,0,13 14,0,70,,61601,1,0,13 14,0,23,,61602,1,0,13 14,0,71,,61603,1,0,13 14,0,34,,61604,1,0,13 14,0,67,,61605,1,0,13 14,0,30,,61606,1,0,13 14,0,65,,61607,1,0,13 14,0,21,,61608,1,0,13 14,0,20,,61609,1,0,13 14,0,60,,61610,1,0,13 14,0,22,,61611,1,0,13 14,0,20,,61612,1,0,13 14,0,68,,61613,1,0,13 14,0,37,,61614,1,0,13 14,0,151,,61615,1,0,13 14,0,56,,61616,1,0,13 14,0,147,,61617,1,0,13 14,0
7500,'5387',2316,,61618,1,0,13 14,0
7500,'5388',2316,,61619,1,0,13 14,0
7501,'4332',829,,61662,56,4,,0,102,,61663,56,4,,0,115,,61664,58,4,,0,74,,61687,37,4,,0,32,,61665,58,4,,0,69,,61684,37,4,,0,33,,61666,58,4,,0,70,,61667,58,4,,0,32,,61668,58,4,,0,70,,61669,58,4,,0,30,,61670,58,4,,0,73,,61671,58,4,,0,30,,61672,58,4,,0,69,,61673,58,4,,0,29,,61674,58,4,,0,69,,61675,58,4,,0,30,,61676,58,4,,0,67,,61685,37,4,,0,29,,61677,58,4,,0,64,,61686,37,4,,0,29,,61678,58,4,,0,98,,61679,58,4,,0,100,,61680,58,4,,0,100,,61681,58,4,,0
7501,'4663',626,,61620,56,4,,0,30,,61621,56,4,,0,63,,61622,56,4,,0,22,,61623,56,4,,0,65,,61624,56,4,,0,27,,61625,56,4,,0,19,,61626,56,4,,0,55,,61627,56,4,,0,28,,61628,56,4,,0,72,,61629,58,4,,0,39,,61630,58,4,,0,71,,61631,58,4,,0,35,,61632,58,4,,0,68,,61633,58,4,,0,30,,61634,58,4,,0,71,,61635,58,4,,0,30,,61636,58,4,,0,70,,61637,58,4,,0,33,,61638,58,4,,0,73,,61639,58,4,,0,29,,61658,32,4,,0,46,,61640,58,4,,0,20,,61656,58,4,,0,4,,61657,32,4,,0,6,,61641,58,4,,0,19,,61642,58,4,,0,54,,61643,58,4,,0,9,,61644,56,4,,0,9,,61645,37,4,,0,2,,61659,32,4,,0,7,,61646,58,4,,0,26,,61647,58,4,,0,66,,61648,58,4,,0,28,,61649,58,4,,0,96,,61650,58,4,,0,96,,61651,58,4,,0,100,,61652,58,4,,0,98,,61653,58,4,,0
7501,'5078',930,,61690,56,4,,0,112,,61691,58,4,,0,102,,61692,58,4,,0,104,,61693,58,4,,0,71,,61694,58,4,,0,31,,61695,58,4,,0,70,,61696,58,4,,0,30,,61697,58,4,,0,71,,61698,58,4,,0,31,,61699,58,4,,0,69,,61700,58,4,,0,30,,61701,58,4,,0,67,,61710,37,4,,0,33,,61702,58,4,,0,100,,61703,58,4,,0,98,,61704,58,4,,0,97,,61705,58,4,,0,99,,61706,58,4,,0,100,,61707,58,4,,0
7501,'5372',626,,47038,56,4,,0,30,,47039,56,4,,0,63,,47040,56,4,,0,22,,47041,56,4,,0,65,,47042,56,4,,0,27,,47043,56,4,,0,19,,47044,56,4,,0,55,,47045,56,4,,0,28,,47046,56,4,,0,72,,47047,58,4,,0,39,,47048,58,4,,0,71,,47049,58,4,,0,35,,47050,58,4,,0,68,,47051,58,4,,0,30,,47052,58,4,,0,71,,47053,58,4,,0,30,,47054,58,4,,0,70,,51861,58,4,,0,33,,47056,58,4,,0,73,,47057,58,4,,0,29,,51864,32,4,,0,46,,47058,58,4,,0,20,,61660,58,4,,0,4,,47075,32,4,,0,6,,47059,58,4,,0,19,,47060,58,4,,0,54,,51862,58,4,,0,9,,47062,56,4,,0,9,,47063,37,4,,0,2,,47077,32,4,,0,7,,47064,58,4,,0,26,,47065,58,4,,0,66,,47066,58,4,,0,28,,47067,58,4,,0,96,,47068,58,4,,0,96,,47069,58,4,,0,100,,47070,58,4,,0,98,,47071,58,4,,0
7501,'5385',626,,61711,56,4,,0,30,,61712,56,4,,0,63,,61713,56,4,,0,22,,61714,56,4,,0,65,,61715,56,4,,0,27,,61716,56,4,,0,19,,61717,56,4,,0,55,,61718,56,4,,0,28,,61719,56,4,,0,72,,61720,58,4,,0,39,,61721,58,4,,0,71,,61722,58,4,,0,35,,61723,58,4,,0,68,,61724,58,4,,0,30,,61725,58,4,,0,71,,61726,58,4,,0,30,,61727,58,4,,0,70,,61728,58,4,,0,33,,61729,58,4,,0,73,,61730,58,4,,0,29,,61749,32,4,,0,46,,61731,58,4,,0,20,,61747,58,4,,0,4,,61748,32,4,,0,6,,61732,58,4,,0,19,,61733,58,4,,0,54,,61734,58,4,,0,9,,61735,56,4,,0,9,,61736,37,4,,0,2,,61750,32,4,,0,7,,61737,58,4,,0,26,,61738,58,4,,0,66,,61739,58,4,,0,28,,61740,58,4,,0,96,,61741,58,4,,0,96,,61742,58,4,,0,100,,61743,58,4,,0,98,,61744,58,4,,0
