2100,'4623',625,,68513,8,0,50 51 52,0,28,,68507,8,0,50 51 52,0,58,,68510,8,0,50 51 52,0,20,,68505,8,0,50 51 52,0,20,,68509,8,0,50 51 52,0,60,,68521,8,0,50 51 52,0,20,,68504,8,0,50 51 52,0,21,,68512,8,0,50 51 52,0,69,,68506,8,0,50 51 52,0,30,,68511,8,0,50 51 52,0,70,,68517,8,0,50 51 52,0,28,,68518,8,0,50 51 52,0,68,,68515,8,0,18 19,0,31,,68522,8,0,50 51 52,0,69,,68508,8,0,50 51 52,0,31,,68516,8,0,50 51 52,0,70,,68519,8,0,50 51 52,0,32,,68514,8,0,50 51 52,0,70,,68520,8,0,50 51 52,0,30,,68524,8,0,17,0,67,,68528,8,0,50 51 52,0,20,,68526,8,0,50 51 52,0,63,,68530,8,0,50 51 52,0,22,,68525,8,0,18 19,0,20,,68531,8,0,50 51 52,0,60,,68529,8,0,50 51 52,0,21,,68527,8,0,50 51 52,0,21,,68532,8,0,17,0,60,,68535,8,0,17,0,18,,68533,8,0,17,0,24,,68536,8,0,17,0,70,,68534,8,0,17,0,30,,68539,8,0,17,0,69,,68538,8,0,17,0,30,,68537,8,0,17,0
2100,'4833',715,,68559,8,0,17,0,85,,68566,8,0,17,0,40,,68550,8,0,18 19,0,71,,68560,8,0,17,0,39,,68543,8,0,17,0,70,,68561,8,0,17,0,32,,68545,8,0,17,0,71,,68555,8,0,17,0,30,,68540,8,0,17,0,71,,68541,8,0,18 19,0,30,,68562,8,0,17,0,71,,68546,8,0,17,0,30,,68554,8,0,17,0,68,,68542,8,0,18 19,0,32,,68544,8,0,17,0,70,,68563,8,0,17,0,29,,68547,8,0,17,0,70,,68556,8,0,18 19,0,30,,68548,8,0,17,0,70,,68549,8,0,17,0,30,,68565,8,0,17,0,70,,68551,8,0,18 19,0,28,,68557,8,0,17,0,69,,68552,8,0,17,0,28,,68553,8,0,17,0,68,,68564,8,0,17,0,30,,68558,8,0,17,0
2100,'5015',715,,68586,8,0,17,0,85,,68593,8,0,17,0,40,,68577,8,0,18 19,0,71,,68587,8,0,17,0,39,,68570,8,0,17,0,70,,68588,8,0,17,0,32,,68572,8,0,17,0,71,,68582,8,0,17,0,30,,68567,8,0,17,0,71,,68568,8,0,18 19,0,30,,68589,8,0,17,0,71,,68573,8,0,17,0,30,,68581,8,0,17,0,68,,68569,8,0,18 19,0,32,,68571,8,0,17,0,70,,68590,8,0,17,0,29,,68574,8,0,17,0,70,,68583,8,0,18 19,0,30,,68575,8,0,17,0,70,,68576,8,0,17,0,30,,68592,8,0,17,0,70,,68578,8,0,18 19,0,28,,68584,8,0,17,0,69,,68579,8,0,17,0,28,,68580,8,0,17,0,68,,68591,8,0,17,0,30,,68585,8,0,17,0
2100,'5078',740,,56516,8,0,17,0,75,,56515,8,0,17,0,85,,56503,8,0,18 19,0,37,,56514,8,0,17,0,83,,56517,8,0,17,0,30,,56499,8,0,17,0,70,,56502,8,0,17,0,30,,56505,8,0,17,0,70,,56501,8,0,18 19,0,31,,56504,8,0,17,0,70,,56500,8,0,17,0,30,,56506,8,0,17,0,70,,56507,8,0,18 19,0,30,,56509,8,0,17,0,70,,56510,8,0,17,0,30,,56508,8,0,17,0,70,,56513,8,0,18 19,0,30,,56511,8,0,17,0,70,,56512,8,0,17,0,29,,56518,8,0,17,0,70,,56519,8,0,18 19,0,28,,56521,8,0,17,0,69,,56520,8,0,17,0,30,,56523,8,0,17,0,70,,56522,8,0,17,0
2100,'5222',625,,68603,8,0,50 51 52,0,28,,68597,8,0,50 51 52,0,58,,68600,8,0,50 51 52,0,20,,68595,8,0,50 51 52,0,20,,68599,8,0,50 51 52,0,60,,68611,8,0,50 51 52,0,20,,68594,8,0,50 51 52,0,21,,68602,8,0,50 51 52,0,69,,68596,8,0,50 51 52,0,30,,68601,8,0,50 51 52,0,70,,68607,8,0,50 51 52,0,28,,68608,8,0,50 51 52,0,68,,68605,8,0,18 19,0,31,,68612,8,0,50 51 52,0,69,,68598,8,0,50 51 52,0,31,,68606,8,0,50 51 52,0,70,,68609,8,0,50 51 52,0,32,,68604,8,0,50 51 52,0,70,,68610,8,0,50 51 52,0,30,,68614,8,0,17,0,67,,68618,8,0,50 51 52,0,20,,68616,8,0,50 51 52,0,63,,68620,8,0,50 51 52,0,22,,68615,8,0,18 19,0,20,,68621,8,0,50 51 52,0,60,,68619,8,0,50 51 52,0,21,,68617,8,0,50 51 52,0,21,,68622,8,0,17,0,60,,68625,8,0,17,0,18,,68623,8,0,17,0,24,,68626,8,0,17,0,70,,68624,8,0,17,0,30,,68629,8,0,17,0,69,,68628,8,0,17,0,30,,68627,8,0,17,0
2100,'5365',740,,68647,8,0,17,0,75,,68646,8,0,17,0,85,,68634,8,0,18 19,0,37,,68645,8,0,17,0,83,,68648,8,0,17,0,30,,68630,8,0,17,0,70,,68633,8,0,17,0,30,,68636,8,0,17,0,70,,68632,8,0,18 19,0,31,,68635,8,0,17,0,70,,68631,8,0,17,0,30,,68637,8,0,17,0,70,,68638,8,0,18 19,0,30,,68640,8,0,17,0,70,,68641,8,0,17,0,30,,68639,8,0,17,0,70,,68644,8,0,18 19,0,30,,68642,8,0,17,0,70,,68643,8,0,17,0,29,,68649,8,0,17,0,70,,68650,8,0,18 19,0,28,,68652,8,0,17,0,69,,68651,8,0,17,0,30,,68654,8,0,17,0,70,,68653,8,0,17,0
2100,'5390',740,,68672,8,0,17,0,75,,68671,8,0,17,0,85,,68659,8,0,18 19,0,37,,68670,8,0,17,0,83,,68673,8,0,17,0,30,,68655,8,0,17,0,70,,68658,8,0,17,0,30,,68661,8,0,17,0,70,,68657,8,0,18 19,0,31,,68660,8,0,17,0,70,,68656,8,0,17,0,30,,68662,8,0,17,0,70,,68663,8,0,18 19,0,30,,68665,8,0,17,0,70,,68666,8,0,17,0,30,,68664,8,0,17,0,70,,68669,8,0,18 19,0,30,,68667,8,0,17,0,70,,68668,8,0,17,0,29,,68674,8,0,17,0,70,,68675,8,0,18 19,0,28,,68677,8,0,17,0,69,,68676,8,0,17,0,30,,68679,8,0,17,0,70,,68678,8,0,17,0
2200,'4623',611,,68890,23,,,0,30,,68896,23,,,0,68,,68897,23,,,0,30,,68908,23,,,0,74,,68893,23,,,0,22,,68909,23,,,0,69,,68910,23,,,0,105,,68911,23,,,0,25,,68894,23,,,0,70,,68913,23,,,0,102,,68912,23,0,21 22,0,30,,68914,23,0,21 22,0,70,,68895,23,0,21 22,0,31,,68915,23,0,21 22,0,99,,68916,23,0,21 22,0,69,,68899,23,0,21 22,0,35,,68891,23,0,21 22,0,103,,68898,23,0,21 22,0,99,,68901,23,0,21 22,0,69,,68892,23,,,0,26,,68902,23,,,0,97,,68900,23,,,0,69,,68906,23,,,0,30,,68904,23,,,0,70,,68905,23,,,0
2200,'4833',700,,68936,23,,,0,40,,68922,23,,,0,80,,68926,23,,,0,80,,68939,23,,,0,32,,68923,23,,,0,70,,68917,23,,,0,31,,68924,23,,,0,71,,68938,23,,,0,31,,68921,23,,,0,70,,68920,23,,,0,31,,68925,23,,,0,70,,68918,23,,,0,31,,68943,23,,,0,70,,68919,23,,,0,30,,68932,23,,,0,70,,68928,23,,,0,30,,68931,23,,,0,69,,68942,23,,,0,29,,68933,23,,,0,71,,68927,23,,,0,30,,68935,23,,,0,73,,68934,23,,,0,30,,68930,23,,,0,68,,68929,23,,,0,29,,68944,23,,,0,69,,68945,23,,,0,27,,68941,23,,,0,68,,68937,23,,,0
2200,'5015',700,,68966,23,,,0,40,,68952,23,,,0,80,,68956,23,,,0,80,,68969,23,,,0,32,,68953,23,,,0,70,,68947,23,,,0,31,,68954,23,,,0,71,,68968,23,,,0,31,,68951,23,,,0,70,,68950,23,,,0,31,,68955,23,,,0,70,,68948,23,,,0,31,,68973,23,,,0,70,,68949,23,,,0,30,,68962,23,,,0,70,,68958,23,,,0,30,,68961,23,,,0,69,,68972,23,,,0,29,,68963,23,,,0,71,,68957,23,,,0,30,,68965,23,,,0,73,,68964,23,,,0,30,,68960,23,,,0,68,,68959,23,,,0,29,,68974,23,,,0,69,,68975,23,,,0,27,,68971,23,,,0,68,,68967,23,,,0
2200,'5078',749,,56779,23,,,0,101,,56780,23,,,0,80,,56781,23,,,0,70,,56776,23,,,0,32,,56777,23,,,0,70,,56778,23,,,0,30,,56783,23,,,0,69,,56784,23,,,0,32,,56782,23,,,0,70,,56785,23,,,0,30,,56786,23,,,0,70,,56794,23,,,0,30,,56793,23,,,0,70,,56787,23,,,0,30,,56788,23,,,0,70,,56789,23,,,0,30,,56790,23,,,0,72,,56791,23,,,0,30,,56792,23,,,0,70,,56795,23,,,0,29,,56796,23,,,0,68,,56797,23,,,0,30,,56798,23,,,0,115,,56799,6,,,0
2200,'5222',611,,68977,23,,,0,30,,68983,23,,,0,68,,68984,23,,,0,30,,68995,23,,,0,74,,68980,23,,,0,22,,68996,23,,,0,69,,68997,23,,,0,105,,68998,23,,,0,25,,68981,23,,,0,70,,69000,23,,,0,102,,68999,23,0,21 22,0,30,,69001,23,0,21 22,0,70,,68982,23,0,21 22,0,31,,69002,23,0,21 22,0,99,,69003,23,0,21 22,0,69,,68986,23,0,21 22,0,35,,68978,23,0,21 22,0,103,,68985,23,0,21 22,0,99,,68988,23,0,21 22,0,69,,68979,23,,,0,26,,68989,23,,,0,97,,68987,23,,,0,69,,68993,23,,,0,30,,68991,23,,,0,70,,68992,23,,,0
2200,'5365',749,,69007,23,,,0,101,,69008,23,,,0,80,,69009,23,,,0,70,,69004,23,,,0,32,,69005,23,,,0,70,,69006,23,,,0,30,,69011,23,,,0,69,,69012,23,,,0,32,,69010,23,,,0,70,,69013,23,,,0,30,,69014,23,,,0,70,,69022,23,,,0,30,,69021,23,,,0,70,,69015,23,,,0,30,,69016,23,,,0,70,,69017,23,,,0,30,,69018,23,,,0,72,,69019,23,,,0,30,,69020,23,,,0,70,,69023,23,,,0,29,,69024,23,,,0,68,,69025,23,,,0,30,,69026,23,,,0,115,,69027,6,,,0
2200,'5390',749,,69031,23,,,0,101,,69032,23,,,0,80,,69033,23,,,0,70,,69028,23,,,0,32,,69029,23,,,0,70,,69030,23,,,0,30,,69035,23,,,0,69,,69036,23,,,0,32,,69034,23,,,0,70,,69037,23,,,0,30,,69038,23,,,0,70,,69046,23,,,0,30,,69045,23,,,0,70,,69039,23,,,0,30,,69040,23,,,0,70,,69041,23,,,0,30,,69042,23,,,0,72,,69043,23,,,0,30,,69044,23,,,0,70,,69047,23,,,0,29,,69048,23,,,0,68,,69049,23,,,0,30,,69050,23,,,0,115,,69051,6,,,0
1002200,'4623',939,,77481,23,,,0,197,,77480,23,0,21 22,0,270,,77482,23,0,21 22,0,206,,77477,23,0,21 22,0,102,,77478,23,0,21 22,0,196,,77479,23,0,21 22,0
1002200,'5222',939,,77487,23,,,0,197,,77486,23,0,21 22,0,270,,77488,23,0,21 22,0,206,,77483,23,0,21 22,0,102,,77484,23,0,21 22,0,196,,77485,23,0,21 22,0
14002100,'4623',2115,,77717,8,,,0,30,,77718,8,,,0,70,,77719,8,,,0,100,,77720,8,,,0,99,,77721,8,,,0
14002100,'4833',2115,,77722,8,,,0,30,,77723,8,,,0,70,,77724,8,,,0,102,,77725,8,,,0,99,,77726,8,,,0
14002100,'5015',2115,,77727,8,,,0,30,,77728,8,,,0,70,,77729,8,,,0,102,,77730,8,,,0,99,,77731,8,,,0
14002100,'5078',2117,,63133,8,,,0,100,,63134,8,,,0,100,,63135,8,,,0
14002100,'5222',2115,,77732,8,,,0,30,,77733,8,,,0,70,,77734,8,,,0,100,,77735,8,,,0,99,,77736,8,,,0
14002100,'5365',2117,,77737,8,,,0,100,,77738,8,,,0,100,,77739,8,,,0
14002100,'5390',2117,,77740,8,,,0,100,,77741,8,,,0,100,,77742,8,,,0
