7100,'4661',1614,,61214,41,,,0,104,,61215,41,,,0,103,,61216,41,,,0
7100,'4663',1614,,61211,41,,,0,104,,61212,41,,,0,103,,61213,41,,,0
7200,'4332',635,,61260,60,,,0,100,,61261,60,,,0,71,,61262,60,,,0,30,,61263,60,,,0,69,,61264,60,,,0,30,,61265,60,,,0,70,,61266,60,,,0,30,,61267,60,,,0,70,,61268,60,,,0,30,,61269,60,,,0,70,,61270,60,,,0,30,,61271,60,,,0,70,,61272,60,,,0,30,,61273,60,,,0,70,,61274,60,,,0,30,,61275,60,,,0,70,,61276,60,,,0,30,,61277,60,,,0,70,,61278,60,,,0,30,,61279,60,,,0,70,,61280,60,,,0,30,,61281,60,,,0,70,,61282,60,,,0,30,,61283,60,,,0,70,,61284,60,,,0,30,,61285,60,,,0,70,,61286,60,,,0,30,,61287,60,,,0,70,,61288,60,,,0,30,,61289,60,,,0,100,,61290,60,,,0,100,,61291,60,,,0,118,,61292,60,4,,0
7200,'4661',626,,61341,60,,,0,29,,61335,60,,,0,150,,61340,60,,,0,30,,61347,60,,,0,70,,61328,60,,,0,30,,61342,60,,,0,70,,61336,60,,,0,30,,61323,60,,,0,71,,61343,60,,,0,29,,61332,60,,,0,72,,61327,60,,,0,28,,61321,60,,,0,70,,61322,60,,,0,100,,61320,60,,,0,30,,61348,60,,,0,70,,61324,60,,,0,30,,61329,60,,,0,70,,61326,60,,,0,30,,61325,60,,,0,100,,61330,60,,,0,70,,61349,60,,,0,32,,61337,60,,,0,68,,61331,60,,,0,31,,61334,60,,,0,69,,61333,60,,,0,30,,61339,60,,,0,70,,61345,60,,,0,30,,61338,60,,,0,101,,61344,60,,,0,99,,61346,60,,,0,118,,61350,60,4,,0
7200,'4663',626,,61247,60,,,0,29,,61241,60,,,0,80,,61230,60,,,0,70,,61246,60,,,0,30,,61253,60,,,0,70,,61234,60,,,0,30,,61248,60,,,0,70,,61242,60,,,0,30,,61226,60,,,0,71,,61249,60,,,0,29,,61238,60,,,0,72,,61232,60,,,0,28,,61224,60,,,0,70,,61225,60,,,0,30,,61231,60,,,0,70,,61223,60,,,0,30,,61254,60,,,0,70,,61227,60,,,0,30,,61235,60,,,0,70,,61229,60,,,0,30,,61228,60,,,0,69,,61233,60,,,0,31,,61236,60,,,0,70,,61255,60,,,0,32,,61243,60,,,0,68,,61237,60,,,0,31,,61240,60,,,0,69,,61239,60,,,0,30,,61245,60,,,0,70,,61251,60,,,0,30,,61244,60,,,0,101,,61250,60,,,0,99,,61252,60,,,0,118,,61256,60,4,,0
7200,'4675',735,,61257,60,,,0,600,,61258,60,,,0,369,,61259,60,,,0
7200,'4771',735,,61351,60,,,0,600,,61352,60,,,0,369,,61353,60,,,0
7200,'5078',735,,61293,60,,,0,100,,61294,60,,,0,100,,61297,60,,,0,100,,61295,60,,,0,100,,61296,60,,,0,70,,61298,60,,,0,30,,61299,60,,,0,70,,61300,60,,,0,30,,61301,60,,,0,70,,61302,60,,,0,30,,61303,60,,,0,70,,61304,60,,,0,30,,61305,60,,,0,70,,61306,60,,,0,30,,61307,60,,,0,70,,61308,60,,,0,30,,61309,60,,,0,70,,61310,60,,,0,30,,61311,60,,,0,70,,61312,60,,,0,30,,61313,60,,,0,70,,61314,60,,,0,30,,61315,60,,,0,100,,61316,60,,,0,100,,61317,60,,,0,101,,61318,60,,,0,76,,61319,60,4,,0
8100,'4332',836,,61767,36,,,0,100,,61768,36,,,0,100,,61769,36,,,0,99,,61770,36,,,0,100,,61771,36,,,0,100,,61772,36,,,0,101,,61773,36,,,0,100,,61774,36,,,0,100,,61775,36,,,0,100,,61776,36,,,0,100,,61777,36,,,0,100,,61778,36,,,0,100,,61779,36,,,0
8100,'4661',625,,61795,36,,,0,191,,61796,36,,,0,122,,61797,36,,,0,97,,61798,36,,,0,100,,61799,36,,,0,100,,61800,36,,,0,100,,61801,36,,,0,100,,61802,36,,,0,100,,61803,36,,,0,100,,61805,36,,,0,100,,61806,36,,,0,87,,61807,36,,,0,114,,61808,36,,,0,99,,61809,36,,,0
8100,'4663',625,,61751,36,,,0,191,,61752,36,,,0,122,,61753,36,,,0,97,,61754,36,,,0,100,,61755,36,,,0,100,,61756,36,,,0,100,,61757,36,,,0,100,,61758,36,,,0,100,,61759,36,,,0,100,,61761,36,,,0,100,,61762,36,,,0,87,,61763,36,,,0,114,,61764,36,,,0,99,,61765,36,,,0
8100,'5078',835,,61782,36,,,0,101,,61781,36,,,0,99,,61783,36,,,0,100,,61784,36,,,0,100,,61785,36,,,0,100,,61786,36,,,0,100,,61787,36,,,0,100,,61788,36,,,0,100,,61789,36,,,0,100,,61790,36,,,0,100,,61791,36,,,0,101,,61792,36,,,0,102,,61793,36,,,0
