1401,'4743',634,,11641,,,0,70,,11640,,,0,26,,11606,,,0,21,,11609,,,0,57,,11642,,,0,15,,11643,,,0,15,,11608,,,0,15,,11602,,,0,55,,11644,,,0,15,,11601,,,0,16,,11610,,,0,15,,11607,,,0,55,,11646,,,0,14,,11645,,,0,14,,11611,,,0,16,,11600,,,0,54,,11650,,,0,15,,11599,,,0,15,,11617,,,0,16,,11618,,,0,55,,11651,,,0,14,,11603,,,0,16,,11648,,,0,15,,11613,,,0,55,,11614,,,0,15,,11649,,,0,15,,11612,,,0,14,,11615,,,0,57,,11616,,,0,15,,11647,,,0,15,,11619,,,0,15,,11627,,,0,55,,11605,,,0,15,,11604,,,0,15,,11625,,,0,14,,11633,,,0,55,,11629,,,0,15,,11630,,,0,15,,11632,,,0,15,,11626,,,0,55,,11621,,,0,15,,11631,,,0,15,,11628,,,0,15,,11634,,,0,55,,11622,,,0,15,,11635,,,0,15,,11624,,,0,15,,11623,,,0,55,,11639,,,0,13,,11636,,,0,15,,11637,,,0,15,,11620,,,0,59,,11638,,,0,20,,11655,,,0,20,,11653,,,0,60,,11652,,,0,20,,11654,,,0,20,,11656,,,0,59,,11660,,,0,20,,11659,,,0,20,,11658,,,0,68,,11657,,,0,29,,11661,,,0,70,,11662,,,0,31,,11663,,,0
1401,'4935',620,,3045,,,0,26,,11665,,,0,63,,3063,,,0,16,,3046,,,0,14,,3070,,,0,12,,3052,,,0,54,,3088,,,0,14,,3061,,,0,14,,3047,,,0,14,,3071,,,0,54,,11666,,,0,13,,3105,,,0,13,,3106,,,0,12,,3062,,,0,13,,3054,,,0,53,,3072,,,0,13,,3048,,,0,13,,3086,,,0,14,,3056,,,0,13,,3049,,,0,53,,11664,,,0,13,,3101,,,0,14,,3102,,,0,15,,3059,,,0,55,,3057,,,0,13,,3069,,,0,14,,3058,,,0,13,,3087,,,0,54,,3055,,,0,14,,3060,,,0,13,,11673,,,0,13,,3103,,,0,12,,3066,,,0,53,,3121,,,0,13,,3068,,,0,12,,11679,,,0,23,,3134,,,0,3,,3067,,,0,52,,3122,,,0,5,,3085,,,0,13,,3065,,,0,13,,3131,,,0,12,,11667,,,0,5,,3124,,,0,54,,3079,,,0,17,,3091,,,0,15,,3078,,,0,58,,3115,,,0,15,,3080,,,0,15,,3081,,,0,15,,3082,,,0,53,,3083,,,0,14,,3084,,,0,13,,3093,,,0,13,,3092,,,0,10,,3098,,,0,55,,3099,,,0,14,,3120,,,0,13,,3100,,,0,15,,3094,,,0,55,,3096,,,0,15,,3097,,,0,15,,3095,,,0,17,,3108,,,0,59,,3114,,,0,20,,3113,,,0,19,,3109,,,0,60,,3112,,,0,20,,3111,,,0,23,,3110,,,0,70,,3117,,,0,31,,3119,,,0,67,,3118,,,0,30,,3116,,,0
1401,'4937',1444,,3135,,,0
1401,'4938',1444,,3136,,,0
1401,'4941',620,,3137,,,0,26,,11683,,,0,63,,3155,,,0,16,,3138,,,0,14,,3163,,,0,12,,3144,,,0,54,,3181,,,0,14,,3153,,,0,14,,3139,,,0,14,,3164,,,0,54,,11684,,,0,13,,3198,,,0,13,,3199,,,0,12,,3154,,,0,13,,3146,,,0,53,,3165,,,0,13,,3140,,,0,13,,3179,,,0,14,,3148,,,0,13,,3141,,,0,53,,11682,,,0,13,,3194,,,0,14,,3195,,,0,15,,3151,,,0,55,,3149,,,0,13,,3162,,,0,14,,3150,,,0,13,,3180,,,0,54,,3147,,,0,14,,3152,,,0,13,,11691,,,0,13,,3196,,,0,12,,3158,,,0,53,,3214,,,0,13,,3161,,,0,12,,11697,,,0,12,,3159,,,0,14,,3160,,,0,52,,3215,,,0,5,,3178,,,0,13,,3157,,,0,13,,3226,,,0,12,,11685,,,0,5,,3217,,,0,54,,3172,,,0,17,,3184,,,0,15,,3171,,,0,58,,3208,,,0,15,,3173,,,0,15,,3174,,,0,15,,3175,,,0,53,,3176,,,0,14,,3177,,,0,13,,3186,,,0,13,,3185,,,0,10,,3191,,,0,55,,3192,,,0,14,,3213,,,0,13,,3193,,,0,15,,3187,,,0,55,,3189,,,0,15,,3190,,,0,15,,3188,,,0,17,,3201,,,0,59,,3207,,,0,20,,3206,,,0,19,,3202,,,0,60,,3205,,,0,20,,3204,,,0,23,,3203,,,0,70,,3210,,,0,31,,3212,,,0,67,,3211,,,0,30,,3209,,,0,70,,3222,,,0,30,,3223,,,0
1401,'4943',634,,3271,,,0,70,,3270,,,0,26,,3236,,,0,21,,3239,,,0,57,,3272,,,0,15,,3273,,,0,15,,3238,,,0,15,,3232,,,0,55,,3274,,,0,15,,3231,,,0,16,,3240,,,0,15,,3237,,,0,55,,3276,,,0,14,,3275,,,0,14,,3241,,,0,16,,3230,,,0,54,,3280,,,0,15,,3229,,,0,15,,3247,,,0,16,,3248,,,0,55,,3281,,,0,14,,3233,,,0,16,,3278,,,0,15,,3243,,,0,55,,3244,,,0,15,,3279,,,0,15,,3242,,,0,14,,3245,,,0,57,,3246,,,0,15,,3277,,,0,15,,3249,,,0,15,,3257,,,0,55,,3235,,,0,15,,3234,,,0,15,,3255,,,0,14,,3263,,,0,55,,3259,,,0,15,,3260,,,0,15,,3262,,,0,15,,3256,,,0,55,,3251,,,0,15,,3261,,,0,15,,3258,,,0,15,,3264,,,0,55,,3252,,,0,15,,3265,,,0,15,,3254,,,0,15,,3253,,,0,55,,3269,,,0,13,,3266,,,0,15,,3267,,,0,15,,3250,,,0,59,,3268,,,0,20,,3285,,,0,20,,3283,,,0,60,,3282,,,0,20,,3284,,,0,20,,3286,,,0,59,,3290,,,0,20,,3289,,,0,20,,3288,,,0,68,,3287,,,0,29,,3291,,,0,70,,3292,,,0,31,,3293,,,0,70,,3294,,,0,30,,3295,,,0
1401,'4945',704,,3352,,,0,25,,3339,,,0,26,,3338,,,0,57,,3322,,,0,15,,3356,,,0,15,,3329,,,0,15,,3354,,,0,55,,3345,,,0,16,,3355,,,0,14,,3313,,,0,15,,3344,,,0,55,,3310,,,0,16,,3314,,,0,15,,3323,,,0,15,,3347,,,0,56,,3301,,,0,15,,3331,,,0,15,,3302,,,0,15,,3332,,,0,55,,3303,,,0,15,,3315,,,0,17,,3324,,,0,55,,3348,,,0,16,,3298,,,0,15,,3333,,,0,16,,3300,,,0,55,,3330,,,0,15,,3299,,,0,16,,3316,,,0,15,,3296,,,0,55,,3325,,,0,15,,3346,,,0,15,,3306,,,0,15,,3334,,,0,55,,3305,,,0,14,,3336,,,0,15,,3304,,,0,15,,3317,,,0,55,,3297,,,0,15,,3326,,,0,14,,3349,,,0,15,,3307,,,0,55,,3335,,,0,15,,3308,,,0,15,,3337,,,0,14,,3312,,,0,55,,3321,,,0,15,,3311,,,0,16,,3328,,,0,17,,3351,,,0,60,,3341,,,0,18,,3343,,,0,20,,3309,,,0,60,,3320,,,0,20,,3327,,,0,21,,3353,,,0,70,,3342,,,0,29,,3319,,,0,70,,3318,,,0,31,,3350,,,0,68,,3340,,,0
2200,'4743',718,,11945,,,0,41,,11930,,,0,80,,11934,,,0,81,,11947,,,0,32,,11931,,,0,71,,11925,,,0,33,,11932,,,0,72,,11946,,,0,72,,11929,,,0,31,,11928,,,0,71,,11933,,,0,30,,11926,,,0,71,,11951,,,0,30,,11927,,,0,69,,11940,,,0,30,,11935,,,0,70,,11939,,,0,29,,11950,,,0,28,,11941,,,0,71,,11936,,,0,70,,11943,,,0,32,,11942,,,0,70,,11938,,,0,27,,11937,,,0,29,,11952,,,0,69,,11953,,,0,27,,11949,,,0,68,,11944,,,0
2200,'4935',631,,4249,,,0,73,,4233,,,0,30,,4244,,,0,74,,4236,,,0,35,,4248,,,0,61,,4228,,,0,28,,4232,,,0,101,,4234,,,0,25,,4250,,,0,69,,4227,,,0,103,,4243,0,21 22,0,11,,4243,,,0,59,,4235,0,21 22,0,11,,4235,,,0,19,,4251,0,21 22,0,12,,4251,,,0,58,,4229,0,21 22,0,12,,4229,,,0,92,,4246,0,21 22,0,13,,4246,,,0,19,,4240,0,21 22,0,12,,4240,,,0,65,,4253,0,21 22,0,12,,4253,,,0,89,,4241,0,21 22,0,11,,4241,,,0,83,,4237,0,21 22,0,11,,4237,,,0,15,,4252,,,0,24,,4230,,,0,98,,4245,,,0,70,,4242,,,0,29,,4231,,,0,68,,4239,,,0
2200,'4937',1528,,4254,,,0
2200,'4938',1426,,4255,,,0
2200,'4941',631,,4280,,,0,73,,4264,,,0,30,,4275,,,0,74,,4267,,,0,35,,4279,,,0,61,,4259,,,0,28,,4263,,,0,101,,4265,,,0,25,,4281,,,0,69,,4258,,,0,103,,4274,0,21 22,0,11,,4274,,,0,59,,4266,0,21 22,0,11,,4266,,,0,19,,4282,0,21 22,0,12,,4282,,,0,58,,4260,0,21 22,0,12,,4260,,,0,14,,4256,,,0,78,,4277,0,21 22,0,13,,4277,,,0,19,,4271,0,21 22,0,12,,4271,,,0,65,,4284,0,21 22,0,12,,4284,,,0,89,,4272,0,21 22,0,11,,4272,,,0,83,,4268,0,21 22,0,11,,4268,,,0,15,,4283,,,0,24,,4261,,,0,98,,4276,,,0,70,,4273,,,0,29,,4262,,,0,68,,4270,,,0
2200,'4943',718,,4305,,,0,41,,4290,,,0,80,,4294,,,0,81,,4307,,,0,32,,4291,,,0,71,,4285,,,0,33,,4292,,,0,72,,4306,,,0,72,,4289,,,0,31,,4288,,,0,71,,4293,,,0,30,,4286,,,0,71,,4311,,,0,30,,4287,,,0,69,,4300,,,0,30,,4295,,,0,70,,4299,,,0,29,,4310,,,0,28,,4301,,,0,71,,4296,,,0,70,,4303,,,0,32,,4302,,,0,70,,4298,,,0,27,,4297,,,0,29,,4312,,,0,69,,4313,,,0,27,,4309,,,0,68,,4304,,,0
2200,'4945',807,,4318,,,0,103,,4319,,,0,41,,4320,,,0,71,,4315,,,0,32,,4316,,,0,70,,4317,,,0,31,,4322,,,0,69,,4323,,,0,33,,4321,,,0,70,,4324,,,0,30,,4325,,,0,70,,4333,,,0,31,,4332,,,0,70,,4326,,,0,29,,4327,,,0,70,,4328,,,0,30,,4329,,,0,72,,4330,,,0,30,,4331,,,0,69,,4334,,,0,29,,4335,,,0,67,,4336,,,0,30,,4337,,,0,153,,4338,,,0
2201,'4935',550,,4356,,,0,67,,4346,,,0,112,,4345,,,0,26,,4357,,,0,75,,4347,,,0,106,,4341,,,0,69,,4344,,,0,29,,4358,,,0,98,,4361,,,0
2201,'4941',550,,4380,,,0,67,,4370,,,0,112,,4369,,,0,26,,4381,,,0,75,,4371,,,0,106,,4365,,,0,69,,4368,,,0,29,,4382,,,0,98,,4385,,,0
5300,'4743',723,,13502,0,25 40,0,201,,13503,0,25 40,0,212,,13504,0,25 40,0,218,,13505,0,25 40,0,250,,13501,0,25 40,0,209,,13499,0,25 40,0,202,,13500,0,25 40,0
5300,'4935',644,,7511,0,25 40,0,75,,7510,,,0,184,,7513,0,25 40,0,143,,7512,0,25 40,0,170,,7514,0,25 40,0,133,,7516,0,25 40,0,190,,7518,0,25 40,0,104,,7515,0,25 40,0,168,,7517,0,25 40,0,126,,7519,0,25 40,0,170,,7520,0,25 40,0
5300,'4941',644,,7522,0,25 40,0,75,,7521,,,0,184,,7524,0,25 40,0,143,,7523,0,25 40,0,170,,7525,0,25 40,0,133,,7527,0,25 40,0,190,,7529,0,25 40,0,104,,7526,0,25 40,0,168,,7528,0,25 40,0,126,,7530,0,25 40,0,170,,7531,0,25 40,0
5300,'4943',723,,7535,0,25 40,0,201,,7536,0,25 40,0,212,,7537,0,25 40,0,218,,7538,0,25 40,0,250,,7534,0,25 40,0,209,,7532,0,25 40,0,202,,7533,0,25 40,0
5300,'4945',722,,7542,0,25 40,0,201,,7539,0,25 40,0,211,,7540,0,25 40,0,218,,7543,0,25 40,0,250,,7541,0,25 40,0,209,,7545,0,25 40,0,205,,7544,0,25 40,0
5301,'4935',1648,,7549,,,0
5301,'4941',1648,,7559,,,0
1002200,'4935',955,,10381,,,0,196,,10378,0,21 22,0,49,,10378,,,0,228,,10379,0,21 22,0,12,,10379,,,0,195,,10377,0,21 22,0,12,,10377,,,0,85,,10382,0,21 22,0,10,,10382,,,0,182,,10380,0,21 22,0,9,,10380,,,0
1002200,'4941',955,,10387,,,0,196,,10384,0,21 22,0,49,,10384,,,0,228,,10385,0,21 22,0,12,,10385,,,0,195,,10383,0,21 22,0,12,,10383,,,0,85,,10388,0,21 22,0,10,,10388,,,0,182,,10386,0,21 22,0,9,,10386,,,0
1002201,'4935',652,,10395,,,0,256,,10394,,,0,200,,10390,,,0
1002201,'4941',652,,10406,,,0,256,,10405,,,0,200,,10401,,,0
