600,'4332',550,,53914,5,,,0,70,,53915,5,,,0,83,,53916,5,,,0,20,,53917,5,,,0,36,,53918,5,,,0,60,,53919,5,,,0,18,,53920,5,,,0,70,,53921,5,,,0,15,,53913,5,,,0,15,,53922,5,,,0,66,,53923,5,,,0,13,,53924,5,,,0,12,,53925,5,,,0,12,,53926,5,,,0,64,,53927,5,,,0,12,,53928,5,,,0,12,,53929,5,,,0,24,,53930,5,,,0,52,,53931,5,,,0,12,,53932,5,,,0,24,,53933,5,,,0,12,,53934,5,,,0,53,,53935,5,,,0,24,,53936,5,,,0,12,,53937,5,,,0,12,,53938,5,,,0,60,,53939,5,,,0,10,,53940,5,,,0,10,,53941,5,,,0,21,,53942,5,,,0,51,,53951,5,,,0,10,,53943,5,,,0,20,,53944,5,,,0,11,,53952,5,,,0,10,,53945,5,,,0,60,,53946,5,,,0,11,,53953,5,,,0,10,,53947,5,,,0,20,,53948,5,,,0,51,,53949,5,,,0,12,,53954,5,,,0,12,,53950,5,,,0,24,,53955,5,,,0,52,,53956,5,,,0,12,,53957,5,,,0,12,,53958,5,,,0,25,,53960,5,,,0,55,,53961,5,,,0,15,,53962,5,,,0,30,,53963,5,,,0,55,,53964,5,,,0,17,,53959,5,,,0,76,,53965,5,,,0,18,,53966,5,,,0,35,,53967,5,,,0,61,,53968,5,,,0,20,,53969,5,,,0,90,,53970,5,,,0,94,,53971,5,,,0,30,,53972,5,,,0,70,,53973,5,,,0,30,,53974,5,,,0,70,,53975,5,,,0,29,,53976,5,,,0
600,'4661',545,,54062,5,,,0,70,,54068,5,,,0,30,,54061,5,,,0,65,,54072,5,,,0,24,,54066,5,,,0,24,,54035,5,,,0,58,,54032,5,,,0,20,,54044,5,,,0,19,,54069,5,,,0,61,,54058,5,,,0,24,,54074,5,,,0,64,,54046,5,,,0,22,,54038,5,,,0,24,,54064,5,,,0,63,,54053,5,,,0,24,,54070,5,,,0,64,,54060,5,,,0,25,,54073,5,,,0,24,,54045,5,,,0,65,,54036,5,,,0,26,,54063,5,,,0,63,,54054,5,,,0,21,,54047,5,,,0,20,,54037,5,,,0,60,,54059,5,,,0,16,,54029,5,,,0,14,,54057,5,,,0,17,,54027,5,,,0,54,,54028,5,,,0,16,,54042,5,,,0,15,,54076,5,,,0,14,,54065,5,,,0,54,,54030,5,,,0,16,,54031,5,,,0,14,,54050,5,,,0,15,,54041,5,,,0,57,,54075,5,,,0,17,,54034,5,,,0,24,,54071,5,,,0,64,,54039,5,,,0,29,,54033,5,,,0,73,,54048,5,,,0,18,,54040,5,,,0,76,,54055,5,,,0,18,,54049,5,,,0,78,,54043,5,,,0,19,,54056,5,,,0,100,,54051,5,,,0,100,,54052,5,,,0
600,'4663',545,,53898,5,,,0,70,,53904,5,,,0,30,,53897,5,,,0,65,,53908,5,,,0,24,,53902,5,,,0,24,,53866,5,,,0,58,,53863,5,,,0,20,,53875,5,,,0,19,,53905,5,,,0,61,,53892,5,,,0,24,,53910,5,,,0,64,,53877,5,,,0,22,,53869,5,,,0,24,,53900,5,,,0,63,,53884,5,,,0,24,,53906,5,,,0,64,,53894,5,,,0,25,,53909,5,,,0,24,,53876,5,,,0,65,,53867,5,,,0,26,,53899,5,,,0,63,,53885,5,,,0,21,,53878,5,,,0,20,,53868,5,,,0,60,,53893,5,,,0,16,,53860,5,,,0,14,,53888,5,,,0,17,,53858,5,,,0,54,,53859,5,,,0,16,,53873,5,,,0,15,,53912,5,,,0,14,,53901,5,,,0,54,,53861,5,,,0,16,,53862,5,,,0,14,,53881,5,,,0,15,,53872,5,,,0,57,,53911,5,,,0,17,,53865,5,,,0,24,,53907,5,,,0,64,,53870,5,,,0,29,,53864,5,,,0,73,,53879,5,,,0,18,,53871,5,,,0,76,,53886,5,,,0,18,,53880,5,,,0,78,,53874,5,,,0,19,,53887,5,,,0,100,,53882,5,,,0,100,,53883,5,,,0,30,,53889,5,,,0,70,,53891,5,,,0,30,,53890,5,,,0,70,,53895,5,,,0,30,,53896,5,,,0
600,'5078',634,,54003,5,,,0,70,,54016,5,,,0,55,,53986,5,,,0,65,,54014,5,,,0,80,,53988,5,,,0,20,,53978,5,,,0,77,,53998,5,,,0,15,,54025,5,,,0,16,,53987,5,,,0,72,,54018,5,,,0,15,,54002,5,,,0,15,,53977,5,,,0,70,,53979,5,,,0,12,,53981,5,,,0,12,,54021,5,,,0,12,,54005,5,,,0,64,,53980,5,,,0,12,,53991,5,,,0,12,,53982,5,,,0,12,,53985,5,,,0,64,,54004,5,,,0,12,,53983,5,,,0,12,,53984,5,,,0,12,,53992,5,,,0,64,,53995,5,,,0,12,,54022,5,,,0,12,,54006,5,,,0,12,,53996,5,,,0,64,,53994,5,,,0,12,,53993,5,,,0,12,,53990,5,,,0,12,,54020,5,,,0,64,,53989,5,,,0,12,,54000,5,,,0,12,,53999,5,,,0,12,,54026,5,,,0,65,,54011,5,,,0,15,,53997,5,,,0,15,,54001,5,,,0,73,,54007,5,,,0,17,,54013,5,,,0,18,,54008,5,,,0,75,,54009,5,,,0,17,,54012,5,,,0,74,,54017,5,,,0,17,,54019,5,,,0,18,,54010,5,,,0,88,,54015,5,,,0,96,,54024,5,,,0,81,,54023,5,,,0
1000600,'4332',643,,62754,5,,,0,98,,62755,5,,,0,111,,62756,5,,,0,98,,62757,5,,,0,102,,62758,5,,,0,88,,62759,5,,,0,89,,62760,5,,,0,88,,62761,5,,,0,86,,62762,5,,,0,40,,62763,5,,,0,82,,62764,5,,,0,81,,62765,5,,,0,41,,62767,5,,,0,97,,62766,5,,,0,100,,62768,5,,,0,98,,62769,5,,,0,105,,62770,5,,,0,93,,62771,5,,,0,164,,62772,5,,,0,55,,62773,5,,,0
1000600,'4661',600,,62813,5,,,0,57,,62798,5,,,0,89,,62804,5,,,0,80,,62799,5,,,0,79,,62793,5,,,0,47,,62800,5,,,0,86,,62805,5,,,0,87,,62796,5,,,0,89,,62807,5,,,0,89,,62811,5,,,0,50,,62814,5,,,0,82,,62810,5,,,0,80,,62808,5,,,0,28,,62790,5,,,0,71,,62812,5,,,0,30,,62806,5,,,0,69,,62801,5,,,0,29,,62791,5,,,0,72,,62809,5,,,0,86,,62797,5,,,0,56,,62802,5,,,0,94,,62792,5,,,0,94,,62794,5,,,0,109,,62795,5,,,0,100,,62803,5,,,0
1000600,'4663',600,,62752,5,,,0,57,,62737,5,,,0,89,,62743,5,,,0,80,,62738,5,,,0,79,,62732,5,,,0,47,,62739,5,,,0,86,,62744,5,,,0,87,,62735,5,,,0,89,,62746,5,,,0,89,,62750,5,,,0,50,,62753,5,,,0,82,,62749,5,,,0,80,,62747,5,,,0,28,,62729,5,,,0,71,,62751,5,,,0,30,,62745,5,,,0,69,,62740,5,,,0,29,,62730,5,,,0,72,,62748,5,,,0,86,,62736,5,,,0,56,,62741,5,,,0,94,,62731,5,,,0,94,,62733,5,,,0,109,,62734,5,,,0,100,,62742,5,,,0
1000600,'5078',734,,62782,5,,,0,110,,62783,5,,,0,100,,62788,5,,,0,104,,62774,5,,,0,101,,62777,5,,,0,103,,62775,5,,,0,100,,62789,5,,,0,100,,62776,5,,,0,100,,62778,5,,,0,100,,62779,5,,,0,100,,62781,5,,,0,98,,62780,5,,,0,151,,62784,5,,,0,51,,62785,5,,,0,152,,62787,5,,,0,54,,62786,5,,,0
2000600,'4661',630,,63028,5,,,0,90,,63024,5,,,0,86,,63031,5,,,0,39,,63023,5,,,0,83,,63032,5,,,0,87,,63033,5,,,0,87,,63036,5,,,0,47,,63022,5,,,0,89,,63026,5,,,0,90,,63029,5,,,0,87,,63018,5,,,0,40,,63019,5,,,0,73,,63035,5,,,0,72,,63025,5,,,0,30,,63021,5,,,0,28,,63020,5,,,0,70,,63034,5,,,0,31,,63030,5,,,0,77,,63027,5,,,0,90,,63037,5,,,0
2000600,'4663',630,,63007,5,,,0,90,,63003,5,,,0,86,,63010,5,,,0,39,,63002,5,,,0,83,,63011,5,,,0,87,,63012,5,,,0,87,,63015,5,,,0,47,,63001,5,,,0,89,,63005,5,,,0,90,,63008,5,,,0,87,,62997,5,,,0,40,,62998,5,,,0,73,,63014,5,,,0,72,,63004,5,,,0,30,,63000,5,,,0,28,,62999,5,,,0,70,,63013,5,,,0,31,,63009,5,,,0,77,,63006,5,,,0,90,,63016,5,,,0
