300,'4532',652,,63685,19,,,0,70,,63668,21,,,0,28,,63662,19,,,0,70,,63677,21,,,0,30,,63670,19,,,0,69,,63687,21,,,0,30,,63676,19,,,0,70,,63663,21,,,0,23,,63684,19,,,0,75,,63675,21,,,0,25,,63666,19,,,0,74,,63688,21,,,0,26,,63678,19,,,0,75,,63665,21,,,0,25,,63672,19,,,0,78,,63664,21,,,0,25,,63671,19,,,0,84,,63669,21,,,0,30,,63673,19,,,0,79,,63667,21,,,0,64,,63674,19,,,0,37,,63680,21,,,0,68,,63681,19,,,0,32,,63679,21,,,0,65,,63682,19,,,0,31,,63683,21,,,0,70,,63689,19,,,0,31,,63686,21,,,0,85,,63690,19,0,5,0
300,'4623',614,,63632,19,,,0,33,,63631,21,,,0,75,,63630,19,,,0,80,,63629,21,,,0,37,,63628,19,,,0,76,,63627,21,,,0,26,,63620,19,,,0,73,,63621,21,,,0,26,,63619,19,,,0,72,,63618,21,,,0,27,,63624,19,,,0,78,,63616,21,,,0,27,,63617,19,,,0,73,,63623,21,,,0,27,,63615,19,,,0,77,,63614,21,,,0,31,,63622,19,,,0,78,,63613,21,,,0,74,,63612,21,,,0,33,,63625,21,,,0,75,,63611,19,,,0,34,,63610,21,,,0,68,,63626,19,,,0,30,,63609,21,,,0,70,,63608,19,,,0,25,,63606,21,,,0,66,,63605,19,,,0,30,,63604,21,,,0,86,,63607,19,0,5,0
300,'4832',706,,63734,19,,,0,45,,63722,21,,,0,79,,63735,19,,,0,84,,63729,21,,,0,35,,63733,19,,,0,80,,63720,21,,,0,19,,63730,19,,,0,71,,63725,21,,,0,29,,63721,19,,,0,69,,63726,21,,,0,30,,63724,19,,,0,69,,63723,21,,,0,31,,63727,19,,,0,77,,63728,21,,,0,27,,63731,19,,,0,81,,63732,21,,,0,26,,63739,19,,,0,73,,63736,21,,,0,28,,63737,19,,,0,70,,63738,21,,,0,71,,63741,19,,,0,30,,63740,21,,,0,70,,63742,19,,,0,35,,63743,21,,,0,84,,63744,19,0,5,0
300,'5222',614,,63719,19,,,0,33,,63718,21,,,0,75,,63717,19,,,0,80,,63716,21,,,0,37,,63715,19,,,0,76,,63714,21,,,0,26,,63707,19,,,0,73,,63708,21,,,0,26,,63706,19,,,0,72,,63705,21,,,0,27,,63711,19,,,0,78,,63703,21,,,0,27,,63704,19,,,0,73,,63710,21,,,0,27,,63702,19,,,0,77,,63701,21,,,0,31,,63709,19,,,0,78,,63700,21,,,0,74,,63699,21,,,0,33,,63712,21,,,0,75,,63698,19,,,0,34,,63697,21,,,0,68,,63713,19,,,0,30,,63696,21,,,0,70,,63695,19,,,0,25,,63693,21,,,0,66,,63692,19,,,0,30,,63691,21,,,0,86,,63694,19,0,5,0
300,'5390',706,,63759,19,,,0,45,,63747,21,,,0,79,,63760,19,,,0,84,,63754,21,,,0,35,,63758,19,,,0,80,,63745,21,,,0,19,,63755,19,,,0,71,,63750,21,,,0,29,,63746,19,,,0,69,,63751,21,,,0,30,,63749,19,,,0,69,,63748,21,,,0,31,,63752,19,,,0,77,,63753,21,,,0,27,,63756,19,,,0,81,,63757,21,,,0,26,,63764,19,,,0,73,,63761,21,,,0,28,,63762,19,,,0,70,,63763,21,,,0,71,,63766,19,,,0,30,,63765,21,,,0,70,,63767,19,,,0,35,,63768,21,,,0,84,,63769,19,0,5,0
14000700,'4532',2157,,77659,28,0,5,0,74,,77660,28,0,5,0,69,,77661,28,0,5,0,29,,77662,28,0,5,0,30,,77663,28,0,5,0,71,,77664,28,0,5,0
14000700,'4623',2158,,77648,28,0,5,0,68,,77647,28,0,5,0,32,,77649,28,0,5,0,70,,77650,28,0,5,0,31,,77651,28,0,5,0,69,,77652,28,0,5,0
14000700,'4832',2059,,77671,28,0,5,0,71,,77672,28,0,5,0,70,,77673,28,0,5,0,100,,77674,28,0,5,0,58,,77675,28,0,5,0
14000700,'5222',2158,,77666,28,0,5,0,68,,77665,28,0,5,0,32,,77667,28,0,5,0,70,,77668,28,0,5,0,31,,77669,28,0,5,0,69,,77670,28,0,5,0
14000700,'5390',2059,,77676,28,0,5,0,71,,77677,28,0,5,0,70,,77678,28,0,5,0,100,,77679,28,0,5,0,58,,77680,28,0,5,0
