7001,'4332',904,,61163,3,,,0,102,,61164,3,,,0,100,,61165,3,,,0,100,,61166,3,,,0,101,,61167,3,,,0,103,,61168,3,,,0,100,,61169,3,,,0,99,,61170,3,,,0,97,,61171,3,,,0,99,,61172,3,,,0,100,,61173,3,,,0,100,,61176,3,,,0,100,,61174,3,,,0,200,,61175,3,,,0
7001,'4663',705,,61150,3,,,0,103,,61144,3,,,0,95,,61153,3,,,0,100,,61145,3,,,0,103,,61146,3,,,0,100,,61159,3,,,0,100,,61157,3,,,0,100,,61147,3,,,0,100,,61152,3,,,0,99,,61155,3,,,0,31,,61148,3,,,0,73,,61149,3,,,0,99,,61151,3,,,0,100,,61154,3,,,0,100,,61161,3,,,0,100,,61156,3,,,0,100,,61160,3,,,0,99,,61158,3,,,0
7001,'5078',904,,61177,3,,,0,100,,61191,3,,,0,100,,61178,3,,,0,100,,61179,3,,,0,102,,61180,3,,,0,100,,61181,3,,,0,100,,61182,3,,,0,100,,61183,3,,,0,103,,61184,3,,,0,99,,61185,3,,,0,100,,61186,3,,,0,100,,61187,3,,,0,100,,61188,3,,,0,100,,61192,3,,,0,100,,61189,3,,,0,99,,61190,3,,,0
7001,'5355',1106,,61162,3,,,0
7001,'5372',705,,46474,3,,,0,103,,46469,3,,,0,95,,46477,3,,,0,100,,46470,3,,,0,203,,46483,3,,,0,100,,46481,3,,,0,100,,46471,3,,,0,100,,46476,3,,,0,99,,46479,3,,,0,31,,46472,3,,,0,73,,46473,3,,,0,99,,46475,3,,,0,100,,46478,3,,,0,100,,46485,3,,,0,100,,46480,3,,,0,100,,46484,3,,,0,99,,46482,3,,,0
7001,'5374',1106,,46504,3,,,0
7001,'5375',1106,,46505,3,,,0
7001,'5385',705,,61198,3,,,0,103,,61193,3,,,0,95,,61201,3,,,0,100,,61194,3,,,0,203,,61207,3,,,0,100,,61205,3,,,0,100,,61195,3,,,0,100,,61200,3,,,0,99,,61203,3,,,0,31,,61196,3,,,0,73,,61197,3,,,0,99,,61199,3,,,0,100,,61202,3,,,0,100,,61209,3,,,0,100,,61204,3,,,0,100,,61208,3,,,0,99,,61206,3,,,0
7001,'5386',1106,,61210,3,,,0
7101,'4663',606,,61219,17,,,0,30,,61218,17,,,0,86,,61217,17,,,0
7101,'5372',606,,46560,17,,,0,30,,46559,17,,,0,86,,46558,17,,,0
7101,'5385',606,,61222,17,,,0,30,,61221,17,,,0,86,,61220,17,,,0
7201,'4332',610,,61424,17,,,0,101,,61394,17,,,0,100,,61395,17,,,0,33,,61396,17,,,0,70,,61397,17,,,0,30,,61398,17,,,0,71,,61399,17,,,0,29,,61400,17,,,0,71,,61401,17,,,0,30,,61402,17,,,0,70,,61393,17,,,0,30,,61403,17,,,0,69,,61404,17,,,0,31,,61405,17,,,0,74,,61406,17,,,0,31,,61407,17,,,0,69,,61408,17,,,0,31,,61409,17,,,0,69,,61410,17,,,0,26,,61411,17,,,0,69,,61412,17,,,0,30,,61413,17,,,0,69,,61414,17,,,0,30,,61415,17,,,0,70,,61416,17,,,0,30,,61417,17,,,0,70,,61418,17,,,0,30,,61419,17,,,0,70,,61420,17,,,0,100,,61421,17,,,0,99,,61422,17,,,0,100,,61423,17,,,0
7201,'4663',542,,61381,17,,,0,80,,61371,17,,,0,30,,61382,17,,,0,70,,61373,17,,,0,32,,61357,17,,,0,61,,61359,17,,,0,27,,61380,17,,,0,70,,61386,17,,,0,30,,61364,17,,,0,70,,61379,17,,,0,30,,61372,17,,,0,73,,61354,17,,,0,30,,61383,17,,,0,70,,61370,17,,,0,30,,61363,17,,,0,70,,61355,17,,,0,30,,61356,17,,,0,74,,61358,17,,,0,27,,61362,17,,,0,70,,61387,17,,,0,15,,61360,13,0,13 14,0,16,,61361,17,,,0,68,,61365,17,,,0,31,,61369,17,,,0,71,,61367,17,,,0,30,,61368,17,,,0,69,,61366,17,,,0,30,,61388,17,,,0,69,,61375,17,,,0,30,,61376,17,,,0,70,,61374,17,,,0,30,,61377,17,,,0,70,,61378,17,,,0,98,,61385,17,,,0,99,,61384,17,,,0,100,,61389,17,,,0
7201,'5078',711,,61426,17,,,0,100,,61427,17,,,0,100,,61428,17,,,0,103,,61429,17,,,0,100,,61430,17,,,0,30,,61431,17,,,0,70,,61425,17,,,0,30,,61432,17,,,0,70,,61433,17,,,0,30,,61435,17,,,0,70,,61436,17,,,0,30,,61437,17,,,0,70,,61434,17,,,0,30,,61438,17,,,0,70,,61439,17,,,0,30,,61440,17,,,0,74,,61441,17,,,0,28,,61442,17,,,0,72,,61443,17,,,0,30,,61444,17,,,0,70,,61445,17,,,0,30,,61446,17,,,0,70,,61447,17,,,0,30,,61448,17,,,0,70,,61449,17,,,0,95,,61450,17,,,0,100,,61451,17,,,0
7201,'5355',815,,61391,17,,,0,604,,61390,17,,,0,328,,61392,17,,,0
7201,'5372',542,,46746,17,,,0,80,,46736,17,,,0,30,,46747,17,,,0,70,,46738,17,,,0,32,,46725,17,,,0,88,,46745,17,,,0,70,,46751,17,,,0,30,,46730,17,,,0,70,,46744,17,,,0,30,,46737,17,,,0,73,,46722,17,,,0,30,,46748,17,,,0,70,,46735,17,,,0,30,,46729,17,,,0,70,,46723,17,,,0,30,,46724,17,,,0,101,,46728,17,,,0,70,,46752,17,,,0,15,,46726,13,0,13 14,0,16,,46727,17,,,0,68,,46731,17,,,0,31,,46734,17,,,0,71,,46733,17,,,0,99,,46732,17,,,0,30,,46753,17,,,0,69,,46740,17,,,0,30,,46741,17,,,0,70,,46739,17,,,0,30,,46742,17,,,0,70,,46743,17,,,0,98,,46750,17,,,0,99,,46749,17,,,0,100,,46754,17,,,0
7201,'5374',815,,46792,17,,,0,604,,46791,17,,,0,328,,46793,17,,,0
7201,'5375',815,,46794,17,,,0,601,,46795,17,,,0,331,,46796,17,,,0
7201,'5385',542,,61476,17,,,0,80,,61466,17,,,0,30,,61477,17,,,0,70,,61468,17,,,0,32,,61455,17,,,0,88,,61475,17,,,0,70,,61481,17,,,0,30,,61460,17,,,0,70,,61474,17,,,0,30,,61467,17,,,0,73,,61452,17,,,0,30,,61478,17,,,0,70,,61465,17,,,0,30,,61459,17,,,0,70,,61453,17,,,0,30,,61454,17,,,0,101,,61458,17,,,0,70,,61482,17,,,0,15,,61456,13,0,13 14,0,16,,61457,17,,,0,68,,61461,17,,,0,31,,61464,17,,,0,71,,61463,17,,,0,99,,61462,17,,,0,30,,61483,17,,,0,69,,61470,17,,,0,30,,61471,17,,,0,70,,61469,17,,,0,30,,61472,17,,,0,70,,61473,17,,,0,98,,61480,17,,,0,99,,61479,17,,,0,100,,61484,17,,,0
7201,'5386',815,,61485,17,,,0,601,,61486,17,,,0,331,,61487,17,,,0
8101,'4332',913,,61827,17,,,0,103,,61828,17,,,0,100,,61829,17,,,0,100,,61830,17,,,0,100,,61831,17,,,0,104,,61832,17,,,0,100,,61833,17,,,0,100,,61834,17,,,0,96,,61835,17,,,0,97,,61836,17,,,0,100,,61837,17,,,0,100,,61838,17,,,0,100,,61839,17,,,0
8101,'4663',535,,61811,2,,,0,168,,61812,17,,,0,33,,61813,2,,,0,179,,61814,17,,,0,103,,61815,17,,,0,97,,61816,17,,,0,100,,61817,17,,,0,100,,61818,17,,,0,100,,61819,17,,,0,102,,61820,17,,,0,99,,61821,17,,,0,98,,61822,17,,,0,100,,61823,17,,,0,99,,61824,17,,,0,101,,61825,17,,,0,99,,61826,17,,,0
8101,'5078',913,,61840,17,,,0,101,,61841,17,,,0,102,,61842,17,,,0,100,,61843,17,,,0,100,,61844,17,,,0,101,,61845,17,,,0,100,,61846,17,,,0,100,,61847,17,,,0,102,,61848,17,,,0,100,,61849,17,,,0,100,,61850,17,,,0,100,,61851,17,,,0,100,,61852,17,,,0
8101,'5372',535,,47265,2,,,0,168,,47266,17,,,0,33,,47267,2,,,0,179,,47268,17,,,0,103,,47269,17,,,0,97,,47270,17,,,0,100,,47271,17,,,0,100,,47272,17,,,0,100,,47273,17,,,0,102,,51868,17,,,0,99,,47275,17,,,0,98,,47276,17,,,0,100,,47277,17,,,0,99,,47278,17,,,0,101,,47279,17,,,0,99,,47280,17,,,0
8101,'5385',535,,61853,2,,,0,168,,61854,17,,,0,33,,61855,2,,,0,179,,61856,17,,,0,103,,61857,17,,,0,97,,61858,17,,,0,100,,61859,17,,,0,100,,61860,17,,,0,100,,61861,17,,,0,102,,61862,17,,,0,99,,61863,17,,,0,98,,61864,17,,,0,100,,61865,17,,,0,99,,61866,17,,,0,101,,61867,17,,,0,99,,61868,17,,,0
8301,'4332',931,,61902,2,,,0,300,,61900,2,,,0,305,,61901,2,,,0,300,,61899,2,,,0
8301,'4663',655,,61891,2,,,0,90,,61892,2,,,0,210,,61893,2,,,0,181,,61894,2,,,0,195,,61895,2,,,0,210,,61896,2,,,0,214,,61897,2,,,0,200,,61898,2,,,0
8301,'5078',930,,61905,2,,,0,300,,61906,2,,,0,305,,61904,2,,,0,300,,61903,2,,,0
8301,'5372',655,,47362,2,,,0,90,,47363,2,,,0,210,,47364,2,,,0,181,,47365,2,,,0,195,,47366,2,,,0,210,,47367,2,,,0,214,,47368,2,,,0,200,,47369,2,,,0
8301,'5385',655,,61907,2,,,0,90,,61908,2,,,0,210,,61909,2,,,0,181,,61910,2,,,0,195,,61911,2,,,0,210,,61912,2,,,0,214,,61913,2,,,0,200,,61914,2,,,0
8500,'4332',836,,61925,2,,,0,300,,61926,2,,,0,305,,61923,2,,,0,300,,61924,2,,,0
8500,'4663',631,,61915,2,,,0,97,,61916,2,,,0,200,,61917,2,,,0,200,,61918,2,,,0,200,,61919,2,,,0,200,,61920,2,,,0,200,,61921,2,,,0,200,,61922,2,,,0
8500,'5078',836,,61929,2,,,0,300,,61930,2,,,0,305,,61927,2,,,0,300,,61928,2,,,0
8500,'5372',631,,47390,2,,,0,97,,47391,2,,,0,200,,47392,2,,,0,200,,47393,2,,,0,200,,47394,2,,,0,200,,47395,2,,,0,200,,47396,2,,,0,200,,47397,2,,,0
8500,'5385',631,,61931,2,,,0,97,,61932,2,,,0,200,,61933,2,,,0,200,,61934,2,,,0,200,,61935,2,,,0,200,,61936,2,,,0,200,,61937,2,,,0,200,,61938,2,,,0
8701,'4663',620,,61953,2,,,0,197,,61954,2,,,0,201,,61955,2,,,0,199,,61956,2,,,0,199,,61957,2,,,0,203,,61958,2,,,0
8701,'5372',620,,47432,2,,,0,197,,47433,2,,,0,201,,47434,2,,,0,199,,47435,2,,,0,199,,47436,2,,,0,203,,47437,2,,,0
8701,'5385',620,,61959,2,,,0,197,,61960,2,,,0,201,,61961,2,,,0,199,,61962,2,,,0,199,,61963,2,,,0,203,,61964,2,,,0
8801,'4332',745,,62022,2,,,0,99,,62023,2,,,0,99,,62024,2,,,0,100,,62025,2,,,0,98,,62016,2,,,0,100,,62017,2,,,0,100,,62018,2,,,0,100,,62019,2,,,0,102,,62020,2,,,0,100,,62021,2,,,0,98,,62013,2,,,0,100,,62014,2,,,0,102,,62015,2,,,0,100,,62012,2,,,0
8801,'4663',710,,62005,2,,,0,200,,62006,2,,,0,200,,62007,2,,,0,199,,62008,2,,,0,200,,62009,2,,,0,206,,62010,2,,,0,103,,62011,2,,,0
8801,'5078',746,,62034,2,,,0,94,,62035,2,,,0,100,,62036,2,,,0,100,,62037,2,,,0,100,,62038,2,,,0,100,,62039,2,,,0,99,,62029,2,,,0,100,,62030,2,,,0,101,,62031,2,,,0,101,,62032,2,,,0,102,,62033,2,,,0,99,,62027,2,,,0,100,,62028,2,,,0,98,,62026,2,,,0
8801,'5372',710,,47498,2,,,0,200,,47499,2,,,0,200,,47500,2,,,0,199,,47501,2,,,0,200,,47502,2,,,0,206,,47503,2,,,0,103,,47504,2,,,0
8801,'5385',710,,62040,2,,,0,200,,62041,2,,,0,200,,62042,2,,,0,199,,62043,2,,,0,200,,62044,2,,,0,206,,62045,2,,,0,103,,62046,2,,,0
1008801,'4663',642,,62968,2,,,0,106,,62969,2,,,0,96,,62970,2,,,0,100,,62971,2,,,0,99,,62967,2,,,0,99,,62972,2,,,0,100,,62973,2,,,0,100,,62974,2,,,0,100,,62975,2,,,0,100,,62976,2,,,0,100,,62977,2,,,0,109,,62978,2,,,0,99,,62979,2,,,0,71,,62980,2,,,0,101,,62981,2,,,0
1008801,'5372',642,,48640,2,,,0,106,,48641,2,,,0,96,,48642,2,,,0,100,,48643,2,,,0,99,,48639,2,,,0,99,,48644,2,,,0,100,,48645,2,,,0,100,,48646,2,,,0,100,,48647,2,,,0,100,,48648,2,,,0,100,,48649,2,,,0,109,,48650,2,,,0,99,,48651,2,,,0,71,,48652,2,,,0,101,,48653,2,,,0
1008801,'5385',642,,62983,2,,,0,106,,62984,2,,,0,96,,62985,2,,,0,100,,62986,2,,,0,99,,62982,2,,,0,99,,62987,2,,,0,100,,62988,2,,,0,100,,62989,2,,,0,100,,62990,2,,,0,100,,62991,2,,,0,100,,62992,2,,,0,109,,62993,2,,,0,99,,62994,2,,,0,71,,62995,2,,,0,101,,62996,2,,,0
