3500,'4661',710,,59147,16,4,,0,117,,59148,16,4,,0,24,,59149,16,4,,0,5,,59153,16,4,,0,44,,59150,16,4,,0,107,,59151,16,4,,0,105,,59152,16,4,,0,105,,59154,16,4,,0,104,,59155,16,4,,0,105,,59156,16,4,,0,105,,59160,8,4,,0,3,,59161,8,4,,0,2,,59157,16,4,,0,105,,59158,16,4,,0,105,,59159,16,4,,0
3500,'4663',710,,59131,16,4,,0,117,,59132,16,4,,0,24,,59133,16,4,,0,5,,59137,16,4,,0,44,,59134,16,4,,0,107,,59135,16,4,,0,105,,59136,16,4,,0,105,,59138,16,4,,0,104,,59139,16,4,,0,105,,59140,16,4,,0,105,,59144,8,4,,0,3,,59145,8,4,,0,2,,59141,16,4,,0,105,,59142,16,4,,0,105,,59143,16,4,,0
3901,'4332',755,,59369,25,4,,0,100,,59372,25,4,,0,100,,59377,25,4,,0,100,,59367,25,4,,0,100,,59370,25,4,,0,100,,59373,25,4,,0,100,,59378,25,4,,0,100,,59368,25,4,,0,100,,59371,25,4,,0,100,,59374,25,4,,0,100,,59379,25,4,,0,100,,59375,25,4,,0,100,,59376,25,4,,0
3901,'4661',1537,,59412,25,4,,0,667,,59421,25,4,,0
3901,'4663',1537,,59356,25,4,,0,667,,59365,25,4,,0
3901,'5078',755,,59382,25,4,,0,100,,59381,25,4,,0,100,,59380,25,4,,0,100,,59383,25,4,,0,100,,59384,25,4,,0,100,,59385,25,4,,0,100,,59388,25,4,,0,100,,59389,25,4,,0,100,,59387,25,4,,0,100,,59386,25,4,,0,100,,59390,25,4,,0,100,,59391,25,4,,0,100,,59392,25,4,,0
7501,'4332',652,,61661,36,4,,0
7501,'5078',701,,61688,18,4,,0,101,,61689,42,4,,0
1000600,'4332',707,,62754,40,4,,0,100,,62755,40,4,,0,112,,62756,40,4,,0,100,,62757,40,4,,0,103,,62758,40,4,,0,89,,62759,40,4,,0,90,,62760,40,4,,0,48,,62761,40,4,,0,86,,62762,40,4,,0,81,,62763,40,4,,0,42,,62764,40,4,,0,81,,62765,40,4,,0,79,,62767,40,4,,0,97,,62766,40,4,,0,100,,62768,40,4,,0,96,,62769,40,4,,0,104,,62770,40,4,,0,92,,62771,40,4,,0,124,,62772,40,4,,0,95,,62773,40,4,,0
1000600,'4661',624,,62813,40,4,,0,100,,62798,40,4,,0,93,,62804,40,4,,0,42,,62799,40,4,,0,74,,62793,40,4,,0,88,,62800,40,4,,0,87,,62805,40,4,,0,50,,62796,40,4,,0,90,,62807,40,4,,0,88,,62811,40,4,,0,91,,62814,40,4,,0,85,,62810,40,4,,0,40,,62808,40,4,,0,67,,62790,40,4,,0,31,,62812,40,4,,0,70,,62806,40,4,,0,25,,62801,40,4,,0,69,,62791,40,4,,0,31,,62809,40,4,,0,85,,62797,40,4,,0,94,,62802,40,4,,0,93,,62792,40,4,,0,94,,62794,40,4,,0,108,,62795,40,4,,0,97,,62803,40,4,,0
1000600,'4663',624,,62752,40,4,,0,100,,62737,40,4,,0,93,,62743,40,4,,0,42,,62738,40,4,,0,74,,62732,40,4,,0,88,,62739,40,4,,0,87,,62744,40,4,,0,50,,62735,40,4,,0,90,,62746,40,4,,0,88,,62750,40,4,,0,91,,62753,40,4,,0,85,,62749,40,4,,0,40,,62747,40,4,,0,67,,62729,40,4,,0,31,,62751,40,4,,0,70,,62745,40,4,,0,25,,62740,40,4,,0,69,,62730,40,4,,0,31,,62748,40,4,,0,85,,62736,40,4,,0,94,,62741,40,4,,0,93,,62731,40,4,,0,94,,62733,40,4,,0,108,,62734,40,4,,0,97,,62742,40,4,,0
1000600,'5078',759,,62782,40,4,,0,150,,62783,40,4,,0,103,,62788,40,4,,0,106,,62774,40,4,,0,101,,62777,40,4,,0,103,,62775,40,4,,0,101,,62789,40,4,,0,100,,62776,40,4,,0,101,,62778,40,4,,0,99,,62779,40,4,,0,100,,62781,40,4,,0,97,,62780,40,4,,0,108,,62784,40,4,,0,90,,62785,40,4,,0,112,,62787,40,4,,0,93,,62786,40,4,,0
2000600,'4661',655,,63028,37,4,,0,93,,63024,37,4,,0,89,,63031,37,4,,0,77,,63023,37,4,,0,43,,63032,37,4,,0,88,,63033,37,4,,0,86,,63036,37,4,,0,88,,63022,37,4,,0,89,,63026,37,4,,0,93,,63029,37,4,,0,46,,63018,37,4,,0,80,,63019,37,4,,0,74,,63035,37,4,,0,32,,63025,37,4,,0,71,,63021,37,4,,0,24,,63020,37,4,,0,30,,63034,37,4,,0,71,,63030,37,4,,0,76,,63027,37,4,,0,48,,63037,37,4,,0
2000600,'4663',655,,63007,37,4,,0,93,,63003,37,4,,0,89,,63010,37,4,,0,77,,63002,37,4,,0,43,,63011,37,4,,0,88,,63012,37,4,,0,86,,63015,37,4,,0,88,,63001,37,4,,0,89,,63005,37,4,,0,93,,63008,37,4,,0,46,,62997,37,4,,0,80,,62998,37,4,,0,74,,63014,37,4,,0,32,,63004,37,4,,0,71,,63000,37,4,,0,24,,62999,37,4,,0,30,,63013,37,4,,0,71,,63009,37,4,,0,76,,63006,37,4,,0,48,,63016,37,4,,0
