7500,'4332',700,,61529,49,0,13 14,0,54,,61530,49,0,42 43,0,99,,61531,49,0,42 43,0,99,,61528,51,0,42 43,0,98,,61532,51,0,42 43,0,101,,61533,51,0,42 43,0,70,,61534,51,0,13 14,0,30,,61535,51,0,42 43,0,70,,61536,51,0,13 14,0,31,,61537,51,0,42 43,0,64,,61538,51,0,13 14,0,36,,61539,51,0,42 43,0,70,,61540,51,0,13 14,0,30,,61541,51,0,42 43,0,71,,61542,51,0,13 14,0,30,,61543,51,0,42 43,0,100,,61544,51,0,42 43,0,102,,61545,51,0,42 43,0,101,,61546,51,0,42 43,0,101,,61547,51,0,42 43,0,98,,61548,51,0,13 14,0,101,,61549,49,0,13 14,0,101,,61550,49,0,13 14,0
7500,'4661',543,,61581,49,0,42 43,0,58,,61582,49,0,13 14,0,19,,61583,49,0,13 14,0,20,,61584,49,0,13 14,0,17,,61580,49,0,13 14,0,58,,61585,49,0,13 14,0,15,,61586,49,0,42 43,0,18,,61587,49,0,13 14 49,0,9,,61587,60,0,13 14,0,52,,61588,49,0,13 14,0,21,,61589,49,0,13 14,0,21,,61590,49,0,42 43,0,69,,61591,51,0,13 14,0,28,,61592,51,0,42 43,0,74,,61593,51,0,13 14,0,27,,61594,51,0,42 43,0,70,,61595,51,0,13 14,0,30,,61596,51,0,42 43,0,70,,61597,51,0,13 14,0,30,,61598,51,0,42 43,0,70,,61599,51,0,13 14,0,29,,61600,51,0,42 43,0,70,,61601,51,0,13 14,0,26,,61602,51,0,42 43,0,70,,61603,51,0,42 43,0,34,,61604,51,0,42 43,0,70,,61605,51,0,13 14,0,31,,61606,51,0,42 43,0,59,,61607,49,0,13 14 49,0,9,,61607,60,0,13 14,0,11,,61608,49,0,42 43,0,9,,61608,60,0,42 43,0,17,,61609,51,0,13 14 49,0,49,,61609,62,0,13 14,0,2,,61610,49,0,13 14 49,0,9,,61610,60,0,13 14,0,16,,61611,51,0,13 14,0,14,,61612,49,0,42 43,0,9,,61612,60,0,42 43,0,64,,61613,51,0,13 14,0,36,,61614,51,0,42 43,0,147,,61615,51,0,42 43,0,55,,61616,51,0,13 14,0,99,,61617,49,0,13 14,0
7500,'4663',543,,61489,49,0,42 43,0,58,,61490,49,0,13 14,0,19,,61491,49,0,13 14,0,20,,61492,49,0,13 14,0,17,,61488,49,0,13 14,0,58,,61493,49,0,13 14,0,15,,61494,49,0,42 43,0,18,,61495,49,0,13 14 49,0,9,,61495,60,0,13 14,0,52,,61496,49,0,13 14,0,21,,61497,49,0,13 14,0,21,,61498,49,0,42 43,0,69,,61499,51,0,13 14,0,28,,61500,51,0,42 43,0,74,,61501,51,0,13 14,0,27,,61502,51,0,42 43,0,70,,61503,51,0,13 14,0,30,,61504,51,0,42 43,0,70,,61505,51,0,13 14,0,30,,61506,51,0,42 43,0,70,,61507,51,0,13 14,0,29,,61508,51,0,42 43,0,70,,61509,51,0,13 14,0,26,,61510,51,0,42 43,0,70,,61511,51,0,42 43,0,34,,61512,51,0,42 43,0,70,,61513,51,0,13 14,0,31,,61514,51,0,42 43,0,59,,61515,49,0,13 14 49,0,9,,61515,60,0,13 14,0,11,,61516,49,0,42 43,0,9,,61516,60,0,42 43,0,17,,61517,51,0,13 14 49,0,49,,61517,62,0,13 14,0,2,,61518,49,0,13 14 49,0,9,,61518,60,0,13 14,0,16,,61519,51,0,13 14,0,14,,61520,49,0,42 43,0,9,,61520,60,0,42 43,0,64,,61521,51,0,13 14,0,36,,61522,51,0,42 43,0,147,,61523,51,0,42 43,0,55,,61524,51,0,13 14,0,99,,61525,49,0,13 14,0,148,,61526,49,0,13 14,0
7500,'4682',2402,,61619,49,0,13 14,0
7500,'5078',654,,61556,49,0,13 14,0,99,,61557,49,0,42 43,0,101,,61558,49,0,42 43,0,99,,61559,51,0,42 43,0,98,,61560,51,0,42 43,0,100,,61561,51,0,42 43,0,70,,61562,51,0,13 14,0,30,,61563,51,0,42 43,0,71,,61564,51,0,13 14,0,30,,61565,51,0,42 43,0,70,,61566,51,0,13 14,0,30,,61567,51,0,42 43,0,70,,61568,51,0,13 14,0,30,,61569,51,0,42 43,0,100,,61570,51,0,42 43,0,101,,61571,51,0,42 43,0,102,,61572,51,0,42 43,0,102,,61573,51,0,42 43,0,144,,61574,51,0,42 43,0,56,,61575,51,0,13 14,0,169,,61576,49,0,13 14,0
7500,'5387',2402,,61618,49,0,13 14,0
8301,'4332',958,,61902,33,,,0,300,,61900,33,,,0,345,,61901,33,,,0,299,,61899,33,,,0
8301,'4661',721,,61907,33,,,0,93,,61908,33,,,0,208,,61909,33,,,0,181,,61910,33,,,0,155,,61911,33,,,0,252,,61912,33,,,0,211,,61913,33,,,0,199,,61914,33,,,0
8301,'4663',721,,61891,33,,,0,93,,61892,33,,,0,208,,61893,33,,,0,181,,61894,33,,,0,155,,61895,33,,,0,252,,61896,33,,,0,211,,61897,33,,,0,199,,61898,33,,,0
8301,'5078',957,,61905,33,,,0,300,,61906,33,,,0,345,,61904,33,,,0,299,,61903,33,,,0
