1700,'4661',816,,56430,27,,,0
1700,'4663',816,,56429,27,,,0
2600,'4332',655,,57276,35,,,0,71,,57277,35,,,0,30,,57278,35,,,0,58,,57279,35,,,0,17,,57280,35,,,0,19,,57281,35,,,0,58,,57282,35,,,0,18,,57283,35,,,0,17,,57284,35,,,0,58,,57285,35,,,0,17,,57286,35,,,0,18,,57287,35,,,0,17,,57288,35,,,0,58,,57289,35,,,0,18,,57290,35,,,0,17,,57275,35,,,0,59,,57291,35,,,0,19,,57292,35,,,0,17,,57293,35,,,0,17,,57294,35,,,0,57,,57295,35,,,0,17,,57296,35,,,0,17,,57297,35,,,0,57,,57298,35,,,0,18,,57299,35,,,0,16,,57300,35,,,0,16,,57301,35,,,0,58,,57302,35,,,0,17,,57303,35,,,0,17,,57304,35,,,0,57,,57305,35,,,0,16,,57306,35,,,0,16,,57307,35,,,0,14,,57308,35,,,0,55,,57309,35,,,0,16,,57310,35,,,0,16,,57311,35,,,0,16,,57312,35,,,0,55,,57313,35,,,0,17,,57314,35,,,0,17,,57315,35,,,0,60,,57316,35,,,0,19,,57317,35,,,0,20,,57318,35,,,0,59,,57319,35,,,0,20,,57320,35,,,0,19,,57321,35,,,0,19,,57322,35,,,0,59,,57323,35,,,0,20,,57324,35,,,0,65,,57325,35,,,0,29,,57326,35,,,0,70,,57327,35,,,0,30,,57328,35,,,0,69,,57329,35,,,0,30,,57330,35,,,0,70,,57331,35,,,0,101,,57332,35,,,0
2600,'4661',612,,57395,35,,,0,30,,57382,35,,,0,62,,57383,35,,,0,20,,57392,35,,,0,12,,57393,35,,,0,17,,57386,35,,,0,6,,57397,35,,,0,47,,57391,35,,,0,9,,57450,35,,,0,8,,57389,35,,,0,8,,57390,15,,,0,8,,57394,35,,,0,15,,57388,35,,,0,55,,57396,35,,,0,15,,57384,35,,,0,15,,57385,35,,,0,15,,57398,35,,,0,56,,57399,35,,,0,16,,57387,35,,,0,16,,57400,35,,,0,15,,57411,35,,,0,55,,57401,35,,,0,15,,57402,35,,,0,17,,57406,35,,,0,15,,57425,35,,,0,56,,57417,35,,,0,16,,57413,35,,,0,15,,57421,35,,,0,54,,57412,35,,,0,14,,57403,35,,,0,15,,57408,35,,,0,15,,57424,35,,,0,15,,57405,35,,,0,50,,57453,15,,,0,5,,57404,35,,,0,16,,57426,35,,,0,14,,57407,35,,,0,13,,57415,35,,,0,53,,57409,35,,,0,7,,57454,15,,,0,5,,57410,35,,,0,14,,57414,35,,,0,15,,57452,35,,,0,52,,57419,35,,,0,10,,57423,35,,,0,12,,57420,35,,,0,13,,57416,35,,,0,14,,57418,35,,,0,51,,57422,35,,,0,10,,57431,35,,,0,11,,57428,35,,,0,11,,57429,35,,,0,13,,57430,35,,,0,53,,57451,35,,,0,15,,57427,35,,,0,12,,57446,35,,,0,15,,57447,35,,,0,14,,57432,35,,,0,55,,57437,35,,,0,14,,57440,35,,,0,15,,57442,35,,,0,59,,57434,35,,,0,20,,57443,35,,,0,20,,57435,35,,,0,60,,57436,35,,,0,20,,57433,35,,,0,81,,57441,35,,,0,31,,57438,35,,,0,69,,57445,35,,,0,30,,57449,35,,,0,28,,57448,35,,,0,70,,57444,35,,,0,30,,57439,35,,,0
2600,'4663',612,,57211,35,,,0,30,,57198,35,,,0,62,,57199,35,,,0,20,,57208,35,,,0,12,,57209,35,,,0,17,,57202,35,,,0,6,,57213,35,,,0,47,,57207,35,,,0,9,,57268,35,,,0,8,,57205,35,,,0,8,,57206,15,,,0,8,,57210,35,,,0,15,,57204,35,,,0,55,,57212,35,,,0,15,,57200,35,,,0,15,,57201,35,,,0,15,,57214,35,,,0,56,,57215,35,,,0,16,,57203,35,,,0,16,,57216,35,,,0,15,,57227,35,,,0,55,,57217,35,,,0,15,,57218,35,,,0,17,,57222,35,,,0,15,,57241,35,,,0,56,,57233,35,,,0,16,,57229,35,,,0,15,,57237,35,,,0,54,,57228,35,,,0,14,,57219,35,,,0,15,,57224,35,,,0,15,,57240,35,,,0,15,,57221,35,,,0,50,,57271,15,,,0,5,,57220,35,,,0,16,,57242,35,,,0,14,,57223,35,,,0,13,,57231,35,,,0,53,,57225,35,,,0,7,,57272,15,,,0,5,,57226,35,,,0,14,,57230,35,,,0,15,,57270,35,,,0,52,,57235,35,,,0,10,,57239,35,,,0,12,,57236,35,,,0,13,,57232,35,,,0,14,,57234,35,,,0,51,,57238,35,,,0,10,,57247,35,,,0,11,,57244,35,,,0,11,,57245,35,,,0,13,,57246,35,,,0,53,,57269,35,,,0,15,,57243,35,,,0,12,,57264,35,,,0,15,,57265,35,,,0,14,,57248,35,,,0,55,,57253,35,,,0,14,,57256,35,,,0,15,,57259,35,,,0,59,,57250,35,,,0,20,,57260,35,,,0,20,,57251,35,,,0,60,,57252,35,,,0,20,,57249,35,,,0,18,,57263,35,,,0,63,,57257,35,,,0,31,,57254,35,,,0,69,,57262,35,,,0,30,,57267,35,,,0,28,,57266,35,,,0,70,,57261,35,,,0,30,,57255,35,,,0,100,,57258,35,,,0
2600,'5078',718,,57349,35,,,0,27,,57357,35,,,0,61,,57339,35,,,0,23,,57333,35,,,0,24,,57351,35,,,0,61,,57358,35,,,0,27,,57340,35,,,0,65,,57334,35,,,0,20,,57352,35,,,0,24,,57343,35,,,0,60,,57335,35,,,0,18,,57341,35,,,0,18,,57337,35,,,0,60,,57350,35,,,0,19,,57338,35,,,0,20,,57355,35,,,0,58,,57336,35,,,0,18,,57353,35,,,0,19,,57345,35,,,0,18,,57348,35,,,0,60,,57346,35,,,0,18,,57356,35,,,0,17,,57342,35,,,0,58,,57354,35,,,0,18,,57344,35,,,0,17,,57347,35,,,0,58,,57363,35,,,0,18,,57367,35,,,0,16,,57360,35,,,0,18,,57369,35,,,0,58,,57362,35,,,0,18,,57365,35,,,0,17,,57361,35,,,0,56,,57370,35,,,0,16,,57359,35,,,0,20,,57368,35,,,0,59,,57364,35,,,0,18,,57366,35,,,0,18,,57374,35,,,0,20,,57372,35,,,0,59,,57376,35,,,0,20,,57373,35,,,0,19,,57375,35,,,0,60,,57377,35,,,0,20,,57371,35,,,0,70,,57379,35,,,0,28,,57378,35,,,0,70,,57380,35,,,0,30,,57381,35,,,0
2600,'5387',2138,,57455,35,,,0
4000,'4332',732,,59451,30,,,0,172,,59452,30,,,0,100,,59442,30,,,0,102,,59445,30,,,0,100,,59447,30,,,0,101,,59453,30,,,0,101,,59443,30,,,0,101,,59444,30,,,0,100,,59448,30,,,0,100,,59454,30,,,0,97,,59446,30,,,0,98,,59450,30,,,0,100,,59449,30,,,0,54,,59455,30,,,0
4000,'4661',653,,59481,30,,,0,84,,59472,30,,,0,67,,59477,30,,,0,31,,59482,30,,,0,106,,59470,30,,,0,98,,59479,30,,,0,101,,59473,30,,,0,100,,59480,30,,,0,100,,59471,30,,,0,100,,59483,30,,,0,104,,59475,30,,,0,75,,59468,30,,,0,36,,59484,30,,,0,64,,59469,30,,,0,33,,59474,30,,,0,96,,59485,30,,,0,99,,59476,30,,,0,169,,59478,30,,,0,343,,59486,30,,,0
4000,'4663',653,,59436,30,,,0,84,,59427,30,,,0,67,,59432,30,,,0,31,,59437,30,,,0,106,,59425,30,,,0,98,,59434,30,,,0,101,,59428,30,,,0,100,,59435,30,,,0,100,,59426,30,,,0,100,,59438,30,,,0,104,,59430,30,,,0,75,,59423,30,,,0,36,,59439,30,,,0,64,,59424,30,,,0,33,,59429,30,,,0,96,,59440,30,,,0,99,,59431,30,,,0,169,,59433,30,,,0,343,,59441,30,,,0
4000,'5078',829,,59457,30,,,0,175,,59456,30,,,0,101,,59458,30,,,0,100,,59459,30,,,0,101,,59460,30,,,0,101,,59461,30,,,0,101,,59464,30,,,0,100,,59463,30,,,0,100,,59462,30,,,0,98,,59465,30,,,0,98,,59466,30,,,0,100,,59467,30,,,0
