3001,'4332',643,,58669,21,,,0,87,,58670,21,,,0,80,,58671,21,,,0,32,,58668,21,,,0,71,,58672,21,,,0,32,,58673,21,,,0,71,,58674,21,,,0,29,,58675,21,,,0,70,,58676,21,,,0,29,,58677,21,,,0,70,,58678,21,,,0,29,,58679,21,,,0,68,,58680,21,,,0,30,,58681,21,,,0,70,,58682,21,,,0,30,,58683,21,,,0,70,,58684,21,,,0,30,,58685,21,,,0,71,,58686,21,,,0,30,,58687,21,,,0,70,,58688,21,,,0,31,,58689,21,,,0,75,,58690,21,,,0,40,,58691,21,,,0,82,,58692,21,,,0,82,,58693,21,,,0,95,,58694,21,,,0,100,,58695,21,,,0,111,,58696,21,,,0,92,,58697,21,,,0
3001,'4663',615,,58636,21,,,0,31,,58637,21,,,0,73,,58638,21,,,0,27,,58639,21,,,0,70,,58640,21,,,0,33,,58641,21,,,0,68,,58642,21,,,0,29,,58643,21,,,0,69,,58644,21,,,0,31,,58645,21,,,0,70,,58646,21,,,0,30,,58647,21,,,0,72,,58648,21,,,0,30,,58649,21,,,0,70,,58650,21,,,0,32,,58651,21,,,0,70,,58652,21,,,0,30,,58653,21,,,0,73,,58654,21,,,0,32,,58655,21,,,0,72,,58656,21,,,0,73,,58657,21,,,0,34,,58658,21,,,0,68,,58659,21,,,0,28,,58660,21,,,0,77,,58661,21,,,0,39,,58662,21,,,0,79,,58663,21,,,0,94,,58664,21,,,0,99,,58665,21,,,0,108,,58666,21,,,0,91,,58667,21,,,0
3001,'5078',744,,58698,21,,,0,102,,58699,21,,,0,80,,58700,21,,,0,80,,58701,21,,,0,38,,58702,21,,,0,70,,58703,21,,,0,30,,58704,21,,,0,70,,58705,21,,,0,28,,58706,21,,,0,70,,58707,21,,,0,30,,58708,21,,,0,70,,58709,21,,,0,30,,58710,21,,,0,70,,58711,21,,,0,31,,58712,21,,,0,69,,58713,21,,,0,31,,58714,21,,,0,70,,58715,21,,,0,32,,58716,21,,,0,76,,58717,21,,,0,81,,58718,21,,,0,40,,58719,21,,,0,81,,58720,21,,,0,95,,58721,21,,,0,100,,58722,21,,,0,106,,58723,21,,,0,106,,58724,21,,,0
3001,'5372',615,,43541,21,,,0,31,,43542,21,,,0,73,,43543,21,,,0,27,,43544,21,,,0,70,,43545,21,,,0,33,,43546,21,,,0,68,,43547,21,,,0,29,,43548,21,,,0,69,,43549,21,,,0,31,,43550,21,,,0,70,,43551,21,,,0,30,,51691,21,,,0,72,,43553,21,,,0,30,,43554,21,,,0,70,,51692,21,,,0,32,,43556,21,,,0,70,,43557,21,,,0,30,,51693,21,,,0,73,,43559,21,,,0,32,,43560,21,,,0,72,,43561,21,,,0,73,,43562,21,,,0,34,,43563,21,,,0,68,,43564,21,,,0,28,,43565,21,,,0,77,,43566,21,,,0,39,,43567,21,,,0,79,,43568,21,,,0,94,,43569,21,,,0,99,,43570,21,,,0,108,,43571,21,,,0,91,,50198,21,,,0
3001,'5385',615,,58725,21,,,0,31,,58726,21,,,0,73,,58727,21,,,0,27,,58728,21,,,0,70,,58729,21,,,0,33,,58730,21,,,0,68,,58731,21,,,0,29,,58732,21,,,0,69,,58733,21,,,0,31,,58734,21,,,0,70,,58735,21,,,0,30,,58736,21,,,0,72,,58737,21,,,0,30,,58738,21,,,0,70,,58739,21,,,0,32,,58740,21,,,0,70,,58741,21,,,0,30,,58742,21,,,0,73,,58743,21,,,0,32,,58744,21,,,0,72,,58745,21,,,0,73,,58746,21,,,0,34,,58747,21,,,0,68,,58748,21,,,0,28,,58749,21,,,0,77,,58750,21,,,0,39,,58751,21,,,0,79,,58752,21,,,0,94,,58753,21,,,0,99,,58754,21,,,0,108,,58755,21,,,0,91,,58756,21,,,0
3101,'4332',704,,58915,17,,,0,46,,58916,17,,,0,76,,58917,17,,,0,31,,58918,17,,,0,72,,58919,17,,,0,72,,58920,17,,,0,29,,58921,17,,,0,70,,58922,17,,,0,29,,58923,17,,,0,30,,58924,17,,,0,69,,58925,17,,,0,28,,58926,17,,,0,70,,58927,17,,,0,30,,58928,17,,,0,70,,58929,17,,,0,30,,58930,17,,,0,70,,58931,17,,,0,31,,58932,17,,,0,70,,58933,17,,,0,30,,58934,17,,,0,71,,58935,17,,,0,30,,58936,17,,,0,80,,58937,17,,,0,82,,58938,17,,,0,80,,58939,17,,,0,47,,58940,17,,,0,100,,58941,17,,,0,101,,58942,17,,,0,110,,58943,17,,,0,97,,58944,17,0,27 49,0
3101,'4663',555,,58882,17,,,0,76,,58883,17,,,0,73,,58884,17,,,0,28,,58885,17,,,0,69,,58881,17,,,0,30,,58886,17,,,0,70,,58887,17,,,0,30,,58888,17,,,0,69,,58889,17,,,0,30,,58890,17,,,0,29,,58891,17,,,0,72,,58892,17,,,0,71,,58893,17,,,0,31,,58894,17,,,0,70,,58895,17,,,0,31,,58896,17,,,0,71,,58897,17,,,0,29,,58898,17,,,0,72,,58899,17,,,0,32,,58900,17,,,0,71,,58901,17,,,0,35,,58902,17,,,0,73,,58903,17,,,0,30,,58904,17,,,0,69,,58905,17,,,0,30,,58906,17,,,0,82,,58907,17,,,0,74,,58908,17,,,0,47,,58909,17,,,0,100,,58910,17,,,0,99,,58911,17,,,0,101,,58912,17,,,0,106,,58913,17,0,27 49,0
3101,'5078',714,,58946,17,,,0,102,,58947,17,,,0,91,,58948,17,,,0,39,,58949,17,,,0,78,,58945,17,,,0,35,,58950,17,,,0,70,,58951,17,,,0,30,,58952,17,,,0,68,,58953,17,,,0,30,,58954,17,,,0,70,,58955,17,,,0,30,,58956,17,,,0,70,,58957,17,,,0,30,,58958,17,,,0,70,,58959,17,,,0,30,,58960,17,,,0,70,,58961,17,,,0,31,,58962,17,,,0,71,,58963,17,,,0,72,,58964,17,,,0,40,,58965,17,,,0,81,,58966,17,,,0,81,,58967,17,,,0,47,,58968,17,,,0,98,,58969,17,,,0,100,,58970,17,,,0,106,,58971,17,,,0
3101,'5372',555,,58914,17,,,0,76,,43841,17,,,0,73,,43842,17,,,0,28,,43843,17,,,0,69,,43839,17,,,0,30,,43844,17,,,0,70,,43845,17,,,0,30,,43846,17,,,0,69,,43847,17,,,0,30,,43848,17,,,0,29,,43849,17,,,0,72,,43850,17,,,0,71,,43851,17,,,0,31,,43852,17,,,0,70,,51704,17,,,0,31,,43854,17,,,0,71,,43855,17,,,0,29,,51705,17,,,0,72,,43857,17,,,0,32,,51706,17,,,0,71,,43859,17,,,0,35,,43860,17,,,0,73,,51707,17,,,0,30,,43862,17,,,0,69,,43863,17,,,0,30,,43864,17,,,0,82,,43865,17,,,0,74,,43866,17,,,0,47,,43867,17,,,0,100,,43868,17,,,0,99,,43869,17,,,0,101,,43870,17,,,0,106,,43871,17,0,27 49,0
3101,'5385',555,,58973,17,,,0,76,,58974,17,,,0,73,,58975,17,,,0,28,,58976,17,,,0,69,,58972,17,,,0,30,,58977,17,,,0,70,,58978,17,,,0,30,,58979,17,,,0,69,,58980,17,,,0,30,,58981,17,,,0,29,,58982,17,,,0,72,,58983,17,,,0,71,,58984,17,,,0,31,,58985,17,,,0,70,,58986,17,,,0,31,,58987,17,,,0,71,,58988,17,,,0,29,,58989,17,,,0,72,,58990,17,,,0,32,,58991,17,,,0,71,,58992,17,,,0,35,,58993,17,,,0,73,,58994,17,,,0,30,,58995,17,,,0,69,,58996,17,,,0,30,,58997,17,,,0,82,,58998,17,,,0,74,,58999,17,,,0,47,,59000,17,,,0,100,,59001,17,,,0,99,,59002,17,,,0,101,,59003,17,,,0,106,,59004,17,0,27 49,0
