5300,'4663',1322,,59991,11,0,25 40,0,187,,59993,11,0,25 40,0,107,,59990,11,0,25 40,0,129,,59992,11,0,25 40,0,167,,59994,11,0,25 40,0,130,,59995,11,0,25 40,0
5300,'5372',1322,,50456,11,0,25 40,0,187,,50458,11,0,25 40,0,107,,50455,11,0,25 40,0,129,,51774,11,0,25 40,0,167,,50459,11,0,25 40,0,130,,50460,11,0,25 40,0
5300,'5377',1327,,50440,11,0,25 40,0,210,,50438,11,0,25 40,0,210,,50442,11,0,25 40,0,205,,50441,11,0,25 40,0
5300,'5383',1327,,60002,11,0,25 40,0,210,,59998,11,0,25 40,0,210,,59996,11,0,25 40,0,206,,59997,11,0,25 40,0
5300,'5384',1327,,60007,11,0,25 40,0,210,,60005,11,0,25 40,0,210,,60009,11,0,25 40,0,205,,60008,11,0,25 40,0
5300,'5385',1322,,60016,11,0,25 40,0,187,,60018,11,0,25 40,0,107,,60015,11,0,25 40,0,129,,60017,11,0,25 40,0,167,,60019,11,0,25 40,0,130,,60020,11,0,25 40,0
5301,'4663',811,,60023,33,,,0,115,,60021,33,,,0,199,,60022,33,,,0
5301,'5372',811,,50492,33,,,0,115,,45142,33,,,0,199,,50491,33,,,0
5301,'5377',800,,50480,33,,,0,200,,50477,33,,,0,213,,50478,33,,,0
5301,'5383',800,,60036,33,,,0,200,,60037,33,,,0,214,,60035,33,,,0
5301,'5384',800,,60041,33,,,0,200,,60038,33,,,0,213,,60039,33,,,0
5301,'5385',811,,60047,33,,,0,115,,60045,33,,,0,199,,60046,33,,,0
