3801,'4661',704,,44211,34,,,0,30,,44212,34,,,0,71,,44215,34,,,0,30,,44213,34,,,0,72,,44231,34,,,0,44,,44214,34,,,0,90,,44216,34,,,0,200,,44218,34,,,0,207,,44220,34,,,0,108,,44221,34,,,0,89,,44222,34,,,0,73,,44223,34,,,0,24,,44224,34,,,0,64,,44225,34,,,0,52,,44228,34,,,0
3801,'4663',704,,44232,34,,,0,30,,44233,34,,,0,71,,44236,34,,,0,30,,44234,34,,,0,72,,44252,34,,,0,44,,44235,34,,,0,90,,44237,34,,,0,98,,50235,34,,,0,102,,44239,34,,,0,103,,50236,34,,,0,104,,44241,34,,,0,108,,44242,34,,,0,89,,44243,34,,,0,73,,44244,34,,,0,24,,44245,34,,,0,64,,44246,34,,,0,24,,50238,34,,,0,28,,44249,34,,,0,76,,50237,34,,,0,100,,50239,34,,,0,103,,50240,34,,,0
3801,'5187',1139,,44217,34,,,0,205,,44219,34,,,0,486,,44227,34,,,0,104,,44226,34,,,0,100,,44229,34,,,0,103,,44230,34,,,0
3801,'5189',1139,,50241,34,,,0,205,,50242,34,,,0,486,,50244,34,,,0,104,,50243,34,,,0,100,,50245,34,,,0,103,,50246,34,,,0
4601,'4661',717,,44636,27,,,0,112,,44637,27,,,0,7,,44640,7,,,0,593,,44639,27,,,0,201,,44642,27,,,0,80,,44647,27,,,0,100,,44644,27,,,0,49,,44646,27,,,0
4601,'4663',717,,44648,27,,,0,112,,44649,27,,,0,7,,44652,7,,,0,115,,50308,27,,,0,93,,50310,27,,,0,385,,44651,27,,,0,171,,50309,27,,,0,30,,44654,27,,,0,80,,44659,27,,,0,35,,50311,27,,,0,65,,44656,27,,,0,49,,44658,27,,,0
4601,'5187',951,,44638,27,,,0,93,,44643,27,,,0,556,,44641,27,,,0,145,,44645,27,,,0
4601,'5189',951,,50312,27,,,0,93,,50314,27,,,0,556,,50313,27,,,0,145,,50315,27,,,0
5200,'4332',632,,50371,13,,,0,70,,44862,13,,,0,41,,44857,13,,,0,74,,50372,13,,,0,30,,44860,13,,,0,73,,44846,13,,,0,30,,44853,13,,,0,70,,50377,13,,,0,30,,44851,13,,,0,74,,44848,13,,,0,32,,44854,13,,,0,72,,50379,13,,,0,75,,44849,13,,,0,33,,44847,13,,,0,76,,44856,13,,,0,26,,50378,13,,,0,74,,44852,13,,,0,32,,44859,13,,,0,75,,44855,13,,,0,29,,50375,13,,,0,70,,44850,13,,,0,30,,44861,13,,,0,62,,50374,13,,,0,25,,44858,13,,,0,24,,50373,13,,,0,65,,44869,13,,,0,29,,44868,13,,,0,68,,44864,13,,,0,30,,50376,13,,,0,100,,44875,13,,,0,94,,50380,13,,,0,109,,44877,13,,,0
5200,'4661',500,,44768,13,,,0,30,,44777,13,,,0,70,,44771,13,,,0,20,,44782,13,,,0,19,,44769,13,,,0,63,,44790,13,,,0,28,,44776,13,,,0,24,,44805,13,,,0,50,,44770,13,,,0,15,,44798,13,,,0,10,,44781,13,,,0,30,,44772,13,,,0,73,,44789,13,,,0,25,,44775,13,,,0,70,,44773,13,,,0,75,,44774,13,,,0,30,,44791,13,,,0,71,,44778,13,,,0,30,,44779,13,,,0,76,,44780,13,,,0,34,,44788,13,,,0,73,,44783,13,,,0,31,,44784,13,,,0,72,,44800,13,,,0,31,,44785,13,,,0,70,,44787,13,,,0,29,,44786,13,,,0,70,,44792,13,,,0,33,,44801,13,,,0,70,,44793,13,,,0,35,,44794,13,,,0,70,,44795,13,,,0,29,,44802,13,,,0,67,,44796,13,,,0,32,,44797,13,,,0,96,,44803,13,,,0,99,,44799,13,,,0,104,,44806,13,,,0
5200,'4663',500,,44807,13,,,0,30,,44816,13,,,0,70,,44810,13,,,0,20,,44821,13,,,0,19,,44808,13,,,0,63,,44829,13,,,0,28,,44815,13,,,0,24,,44844,13,,,0,50,,44809,13,,,0,15,,44837,13,,,0,10,,44820,13,,,0,30,,44811,13,,,0,73,,44828,13,,,0,25,,44814,13,,,0,70,,44812,13,,,0,75,,44813,13,,,0,30,,44830,13,,,0,71,,44817,13,,,0,30,,44818,13,,,0,76,,44819,13,,,0,34,,44827,13,,,0,73,,44822,13,,,0,31,,44823,13,,,0,72,,44839,13,,,0,31,,44824,13,,,0,70,,44826,13,,,0,29,,44825,13,,,0,70,,44831,13,,,0,33,,44840,13,,,0,70,,44832,13,,,0,35,,44833,13,,,0,70,,44834,13,,,0,29,,44841,13,,,0,67,,44835,13,,,0,32,,50381,13,,,0,96,,44842,13,,,0,99,,50382,13,,,0,104,,44845,13,,,0
5200,'5078',702,,44899,13,,,0,32,,44881,13,,,0,80,,44884,13,,,0,31,,44898,13,,,0,72,,44892,13,,,0,31,,50385,13,,,0,71,,44883,13,,,0,31,,44894,13,,,0,71,,44888,13,,,0,30,,50384,13,,,0,73,,44882,13,,,0,30,,44897,13,,,0,71,,44890,13,,,0,78,,50383,13,,,0,29,,44886,13,,,0,74,,44896,13,,,0,35,,44889,13,,,0,73,,50387,13,,,0,29,,44885,13,,,0,70,,44895,13,,,0,29,,44891,13,,,0,70,,50386,13,,,0,29,,44887,13,,,0,69,,44901,13,,,0,39,,44900,13,,,0,100,,44902,13,,,0,98,,44904,13,,,0,108,,44903,13,,,0
5200,'5079',702,,44927,13,,,0,32,,44909,13,,,0,80,,44912,13,,,0,31,,44926,13,,,0,72,,44920,13,,,0,31,,44908,13,,,0,71,,44911,13,,,0,31,,44922,13,,,0,71,,44916,13,,,0,30,,44907,13,,,0,73,,44910,13,,,0,30,,44925,13,,,0,71,,44918,13,,,0,78,,44906,13,,,0,29,,44914,13,,,0,74,,44924,13,,,0,35,,44917,13,,,0,73,,50393,13,,,0,29,,44913,13,,,0,70,,44923,13,,,0,29,,44919,13,,,0,70,,50388,13,,,0,29,,44915,13,,,0,69,,44929,13,,,0,39,,50389,13,,,0,100,,50390,13,,,0,98,,50392,13,,,0,108,,50391,13,,,0
9501,'4332',633,,51166,21,0,15,0,78,,51167,21,0,15,0,20,,51168,21,0,15,0,19,,51169,21,0,15,0,60,,51170,21,0,15,0,15,,51171,21,0,15,0,15,,51165,21,0,15,0,15,,51172,21,0,15,0,57,,51173,21,0,15,0,15,,51174,21,0,15,0,16,,51175,21,0,15,0,15,,51176,21,0,15,0,56,,51177,21,0,15,0,15,,51178,21,0,15,0,16,,51179,21,0,15,0,55,,51180,21,0,15,0,16,,51181,21,0,15,0,15,,51182,21,0,15,0,15,,51183,21,0,15,0,57,,51184,21,0,15,0,15,,51185,21,0,15,0,15,,51186,21,0,15,0,14,,51187,21,0,15,0,53,,51188,21,0,15,0,12,,51189,21,0,15,0,12,,51190,21,0,15,0,12,,51191,21,0,15,0,12,,51192,21,0,15,0,52,,48186,21,0,15,0,12,,51193,21,0,15,0,12,,51194,21,0,15,0,12,,51195,21,0,15,0,13,,51196,21,0,15,0,53,,51197,21,0,15,0,12,,51198,21,0,15,0,12,,51199,21,0,15,0,12,,51200,21,0,15,0,13,,51201,21,0,15,0,52,,51202,21,0,15,0,12,,48197,21,0,15,0,11,,51203,21,0,15,0,12,,51204,21,0,15,0,12,,51205,21,0,15,0,51,,51206,21,0,15,0,11,,51207,21,0,15,0,12,,51208,21,0,15,0,12,,51209,21,0,15,0,12,,51210,21,0,15,0,52,,51211,21,0,15,0,12,,51212,21,0,15,0,12,,51213,21,0,15,0,12,,51214,21,0,15,0,12,,51215,21,0,15,0,52,,51216,21,0,15,0,12,,51217,21,0,15,0,12,,51218,21,0,15,0,14,,51219,21,0,15,0,15,,51220,21,0,15,0,55,,51221,21,0,15,0,14,,51222,21,0,15,0,15,,51223,21,0,15,0,15,,51224,21,0,15,0,54,,51225,21,0,15,0,15,,51226,21,0,15,0,14,,48222,21,0,15,0,15,,51227,21,0,15,0,55,,51228,21,0,15,0,15,,51229,21,0,15,0,20,,51230,21,0,15,0,60,,51231,21,0,15,0,20,,48228,21,0,15,0,20,,51232,21,0,15,0,66,,51233,21,0,15,0,28,,51234,21,0,15,0,70,,48232,21,0,15,0,30,,51235,21,0,15,0,68,,51236,21,0,15,0,30,,48235,21,0,15,0,70,,51237,21,0,15,0
9501,'4661',1342,,47982,21,0,15,0,163,,48020,21,0,15,0,54,,47975,21,0,15,0,167,,48025,21,0,15,0,20,,47965,21,0,15,0,63,,48056,21,0,15,0
9501,'4663',509,,51331,7,0,15,0,26,,51317,21,0,15,0,67,,51325,21,0,15,0,20,,51315,21,0,15,0,15,,51305,21,0,15,0,12,,51309,21,0,15,0,54,,51303,21,0,15,0,12,,51316,21,0,15,0,12,,51296,21,0,15,0,13,,51294,21,0,15,0,13,,51324,21,0,15,0,53,,51293,21,0,15,0,12,,51310,21,0,15,0,13,,51291,21,0,15,0,13,,51292,21,0,15,0,12,,51297,21,0,15,0,52,,51288,21,0,15,0,11,,51286,21,0,15,0,12,,51284,21,0,15,0,12,,51283,21,0,15,0,12,,51326,21,0,15,0,52,,51282,21,0,15,0,12,,51306,21,0,15,0,12,,51275,21,0,15,0,13,,51321,21,0,15,0,12,,51298,21,0,15,0,51,,51287,21,0,15,0,13,,51272,21,0,15,0,12,,51273,21,0,15,0,12,,51266,21,0,15,0,12,,51323,21,0,15,0,53,,51267,21,0,15,0,12,,51304,21,0,15,0,12,,51265,21,0,15,0,12,,51318,21,0,15,0,12,,51295,21,0,15,0,52,,51289,21,0,15,0,11,,51263,21,0,15,0,12,,51274,21,0,15,0,10,,48083,21,0,15,0,10,,51269,21,0,15,0,50,,51322,21,0,15,0,10,,51261,21,0,15,0,11,,51307,21,0,15,0,10,,51260,21,0,15,0,10,,51259,21,0,15,0,10,,51320,21,0,15,0,52,,48121,21,0,15,0,11,,51285,21,0,15,0,11,,51253,21,0,15,0,10,,51254,21,0,15,0,11,,51276,21,0,15,0,11,,48076,21,0,15,0,50,,51268,21,0,15,0,10,,51329,21,0,15,0,10,,51248,21,0,15,0,9,,51262,21,0,15,0,8,,51308,21,0,15,0,8,,51256,21,0,15,0,48,,51249,21,0,15,0,8,,51247,21,0,15,0,8,,51319,21,0,15,0,8,,48126,21,0,15,0,7,,51290,21,0,15,0,7,,51250,21,0,15,0,6,,48066,21,0,15,0,7,,51246,21,0,15,0,48,,51280,21,0,15,0,8,,48157,21,0,15,0,9,,51271,21,0,15,0,7,,51264,21,0,15,0,7,,51330,21,0,15,0,10,,51245,21,0,15,0,10,,51313,21,0,15,0,50,,51257,21,0,15,0,11,,51244,21,0,15,0,12,,51299,21,0,15,0,12,,51252,21,0,15,0,11,,51241,21,0,15,0,11,,51281,21,0,15,0,52,,51270,21,0,15,0,12,,51328,21,0,15,0,14,,51314,21,0,15,0,14,,51258,21,0,15,0,55,,51302,21,0,15,0,15,,51251,21,0,15,0,15,,51240,21,0,15,0,15,,51277,21,0,15,0,55,,51327,21,0,15,0,14,,51312,21,0,15,0,19,,51255,21,0,15,0,20,,51300,21,0,15,0,59,,51238,21,0,15,0,20,,51278,21,0,15,0,66,,51311,21,0,15,0,29,,51301,21,0,15,0,70,,51279,21,0,15,0,29,,51243,21,0,15,0,70,,48065,21,0,15,0,30,,51239,21,0,15,0,70,,51242,21,0,15,0
9501,'5078',717,,51332,21,0,15,0,30,,51333,21,0,15,0,59,,51334,21,0,15,0,20,,51335,21,0,15,0,20,,51336,21,0,15,0,55,,51337,21,0,15,0,15,,51338,21,0,15,0,16,,51339,21,0,15,0,15,,51340,21,0,15,0,57,,51341,21,0,15,0,15,,51342,21,0,15,0,15,,51343,21,0,15,0,16,,51348,21,0,15,0,55,,51344,21,0,15,0,15,,51345,21,0,15,0,15,,51346,21,0,15,0,15,,51349,21,0,15,0,56,,51350,21,0,15,0,16,,51347,21,0,15,0,15,,51351,21,0,15,0,15,,51352,21,0,15,0,55,,51353,21,0,15,0,15,,51354,21,0,15,0,15,,51355,21,0,15,0,15,,51356,21,0,15,0,56,,51357,21,0,15,0,15,,51358,21,0,15,0,15,,51359,21,0,15,0,15,,51360,21,0,15,0,55,,51361,21,0,15,0,15,,51362,21,0,15,0,15,,51363,21,0,15,0,15,,51364,21,0,15,0,56,,51365,21,0,15,0,13,,51366,21,0,15,0,12,,51367,21,0,15,0,11,,51368,21,0,15,0,13,,51369,21,0,15,0,52,,51370,21,0,15,0,12,,51371,21,0,15,0,12,,51372,21,0,15,0,12,,51373,21,0,15,0,12,,51374,21,0,15,0,52,,51375,21,0,15,0,14,,51376,21,0,15,0,15,,51377,21,0,15,0,14,,51378,21,0,15,0,55,,51379,21,0,15,0,14,,51380,21,0,15,0,15,,51381,21,0,15,0,15,,51382,21,0,15,0,55,,51383,21,0,15,0,15,,51384,21,0,15,0,15,,51385,21,0,15,0,12,,51386,21,0,15,0,55,,51387,21,0,15,0,15,,51388,21,0,15,0,15,,51389,21,0,15,0,15,,51390,21,0,15,0,55,,51391,21,0,15,0,15,,51393,21,0,15,0,20,,51392,21,0,15,0,20,,51394,21,0,15,0,58,,51395,21,0,15,0,20,,51396,21,0,15,0,72,,51397,21,0,15,0,30,,51398,21,0,15,0
9501,'5079',717,,51399,21,0,15,0,30,,51400,21,0,15,0,59,,51401,21,0,15,0,20,,51402,21,0,15,0,20,,51403,21,0,15,0,55,,51404,21,0,15,0,15,,51405,21,0,15,0,16,,51406,21,0,15,0,15,,51407,21,0,15,0,57,,51408,21,0,15,0,15,,51409,21,0,15,0,15,,51410,21,0,15,0,16,,51415,21,0,15,0,55,,51411,21,0,15,0,15,,51412,21,0,15,0,15,,51413,21,0,15,0,15,,51416,21,0,15,0,56,,51417,21,0,15,0,16,,51414,21,0,15,0,15,,51418,21,0,15,0,15,,51419,21,0,15,0,55,,51420,21,0,15,0,15,,51421,21,0,15,0,15,,51422,21,0,15,0,15,,51423,21,0,15,0,56,,51424,21,0,15,0,15,,51425,21,0,15,0,15,,51426,21,0,15,0,15,,51427,21,0,15,0,55,,51428,21,0,15,0,15,,51429,21,0,15,0,15,,51430,21,0,15,0,15,,51431,21,0,15,0,56,,51432,21,0,15,0,13,,51433,21,0,15,0,12,,51434,21,0,15,0,11,,51435,21,0,15,0,13,,51436,21,0,15,0,52,,51437,21,0,15,0,12,,51438,21,0,15,0,12,,51439,21,0,15,0,12,,51440,21,0,15,0,12,,51441,21,0,15,0,52,,51442,21,0,15,0,14,,51443,21,0,15,0,15,,51444,21,0,15,0,14,,51445,21,0,15,0,55,,51446,21,0,15,0,14,,51447,21,0,15,0,15,,51448,21,0,15,0,15,,51449,21,0,15,0,55,,51450,21,0,15,0,15,,51451,21,0,15,0,15,,51452,21,0,15,0,12,,51453,21,0,15,0,55,,51454,21,0,15,0,15,,51455,21,0,15,0,15,,51456,21,0,15,0,15,,51457,21,0,15,0,55,,51458,21,0,15,0,15,,51460,21,0,15,0,20,,51459,21,0,15,0,20,,51461,21,0,15,0,58,,51462,21,0,15,0,20,,51463,21,0,15,0,72,,51464,21,0,15,0,30,,51465,21,0,15,0
9501,'5187',509,,48055,7,0,15,0,26,,48041,21,0,15,0,67,,48049,21,0,15,0,20,,48039,21,0,15,0,15,,48029,21,0,15,0,12,,48033,21,0,15,0,54,,48027,21,0,15,0,12,,48040,21,0,15,0,12,,48018,21,0,15,0,13,,48016,21,0,15,0,13,,48048,21,0,15,0,53,,48015,21,0,15,0,12,,48034,21,0,15,0,13,,48013,21,0,15,0,13,,48014,21,0,15,0,12,,48019,21,0,15,0,52,,48010,21,0,15,0,11,,48008,21,0,15,0,12,,48006,21,0,15,0,12,,48005,21,0,15,0,12,,48050,21,0,15,0,52,,48004,21,0,15,0,12,,48030,21,0,15,0,12,,47997,21,0,15,0,13,,48045,21,0,15,0,12,,48021,21,0,15,0,51,,48009,21,0,15,0,13,,47994,21,0,15,0,12,,47995,21,0,15,0,12,,47988,21,0,15,0,12,,48047,21,0,15,0,53,,47989,21,0,15,0,12,,48028,21,0,15,0,12,,47987,21,0,15,0,12,,48042,21,0,15,0,12,,48017,21,0,15,0,52,,48011,21,0,15,0,11,,47985,21,0,15,0,12,,47996,21,0,15,0,20,,47991,21,0,15,0,50,,48046,21,0,15,0,10,,47983,21,0,15,0,11,,48031,21,0,15,0,10,,47981,21,0,15,0,10,,47980,21,0,15,0,10,,48044,21,0,15,0,63,,48007,21,0,15,0,11,,47973,21,0,15,0,10,,47974,21,0,15,0,11,,47998,21,0,15,0,61,,47990,21,0,15,0,10,,48053,21,0,15,0,10,,47968,21,0,15,0,9,,47984,21,0,15,0,8,,48032,21,0,15,0,8,,47977,21,0,15,0,48,,47969,21,0,15,0,8,,47967,21,0,15,0,8,,48043,21,0,15,0,15,,48012,21,0,15,0,7,,47970,21,0,15,0,13,,47966,21,0,15,0,48,,48002,21,0,15,0,17,,47993,21,0,15,0,7,,47986,21,0,15,0,7,,48054,21,0,15,0,10,,47964,21,0,15,0,10,,48037,21,0,15,0,50,,47978,21,0,15,0,11,,47963,21,0,15,0,12,,48022,21,0,15,0,12,,47972,21,0,15,0,11,,47962,21,0,15,0,11,,48003,21,0,15,0,52,,47992,21,0,15,0,12,,48052,21,0,15,0,14,,48038,21,0,15,0,14,,47979,21,0,15,0,55,,48026,21,0,15,0,15,,47971,21,0,15,0,15,,47961,21,0,15,0,15,,47999,21,0,15,0,55,,48051,21,0,15,0,14,,48036,21,0,15,0,19,,47976,21,0,15,0,20,,48023,21,0,15,0,59,,47960,21,0,15,0,20,,48000,21,0,15,0,66,,48035,21,0,15,0,29,,48024,21,0,15,0,70,,48001,21,0,15,0
9501,'5189',509,,51556,7,0,15,0,26,,51542,21,0,15,0,67,,51550,21,0,15,0,20,,51540,21,0,15,0,15,,51530,21,0,15,0,12,,51534,21,0,15,0,54,,51528,21,0,15,0,12,,51541,21,0,15,0,12,,51521,21,0,15,0,13,,51519,21,0,15,0,13,,51549,21,0,15,0,53,,51518,21,0,15,0,12,,51535,21,0,15,0,13,,51516,21,0,15,0,13,,51517,21,0,15,0,12,,51522,21,0,15,0,52,,51513,21,0,15,0,11,,51511,21,0,15,0,12,,51509,21,0,15,0,12,,51508,21,0,15,0,12,,51551,21,0,15,0,52,,51507,21,0,15,0,12,,51531,21,0,15,0,12,,51500,21,0,15,0,13,,51546,21,0,15,0,12,,51523,21,0,15,0,51,,51512,21,0,15,0,13,,51497,21,0,15,0,12,,51498,21,0,15,0,12,,51491,21,0,15,0,12,,51548,21,0,15,0,53,,51492,21,0,15,0,12,,51529,21,0,15,0,12,,51490,21,0,15,0,12,,51543,21,0,15,0,12,,51520,21,0,15,0,52,,51514,21,0,15,0,11,,51488,21,0,15,0,12,,51499,21,0,15,0,20,,51494,21,0,15,0,50,,51547,21,0,15,0,10,,51486,21,0,15,0,11,,51532,21,0,15,0,10,,51485,21,0,15,0,10,,51484,21,0,15,0,10,,51545,21,0,15,0,63,,51510,21,0,15,0,11,,51478,21,0,15,0,10,,51479,21,0,15,0,11,,51501,21,0,15,0,61,,51493,21,0,15,0,10,,51554,21,0,15,0,10,,51473,21,0,15,0,9,,51487,21,0,15,0,8,,51533,21,0,15,0,8,,51481,21,0,15,0,48,,51474,21,0,15,0,8,,51472,21,0,15,0,8,,51544,21,0,15,0,15,,51515,21,0,15,0,7,,51475,21,0,15,0,13,,51471,21,0,15,0,48,,51505,21,0,15,0,17,,51496,21,0,15,0,7,,51489,21,0,15,0,7,,51555,21,0,15,0,10,,51470,21,0,15,0,10,,51538,21,0,15,0,50,,51482,21,0,15,0,11,,51469,21,0,15,0,12,,51524,21,0,15,0,12,,51477,21,0,15,0,11,,51468,21,0,15,0,11,,51506,21,0,15,0,52,,51495,21,0,15,0,12,,51553,21,0,15,0,14,,51539,21,0,15,0,14,,51483,21,0,15,0,55,,51527,21,0,15,0,15,,51476,21,0,15,0,15,,51467,21,0,15,0,15,,51502,21,0,15,0,55,,51552,21,0,15,0,14,,51537,21,0,15,0,19,,51480,21,0,15,0,20,,51525,21,0,15,0,59,,51466,21,0,15,0,20,,51503,21,0,15,0,66,,51536,21,0,15,0,29,,51526,21,0,15,0,70,,51504,21,0,15,0
24005101,'4661',803,,48878,22,,,0,33,,48876,22,,,0,80,,48875,22,,,0,687,,48871,22,,,0,20,,48870,22,,,0,29,,48872,22,,,0,71,,48873,22,,,0,24,,48877,22,,,0,66,,48874,22,,,0
24005101,'4663',803,,48887,22,,,0,33,,48885,22,,,0,80,,48884,22,,,0,687,,48880,22,,,0,20,,48879,22,,,0,29,,48881,22,,,0,71,,48882,22,,,0,24,,48886,22,,,0,66,,48883,22,,,0
