1700,'4663',817,,56429,28,,,0
1700,'5372',817,,40938,28,,,0
1700,'5385',817,,56430,28,,,0
2600,'4663',613,,57211,36,,,0,30,,57198,36,,,0,62,,57199,36,,,0,20,,57208,36,,,0,12,,57209,36,,,0,16,,57202,36,,,0,47,,57213,36,,,0,7,,57207,36,,,0,9,,57268,36,,,0,8,,57205,36,,,0,8,,57206,16,,,0,8,,57210,36,,,0,14,,57204,36,,,0,55,,57212,36,,,0,16,,57200,36,,,0,15,,57201,36,,,0,15,,57214,36,,,0,56,,57215,36,,,0,16,,57203,36,,,0,16,,57216,36,,,0,14,,57227,36,,,0,55,,57217,36,,,0,15,,57218,36,,,0,17,,57222,36,,,0,15,,57241,36,,,0,56,,57233,36,,,0,16,,57229,36,,,0,15,,57237,36,,,0,54,,57228,36,,,0,14,,57219,36,,,0,15,,57224,36,,,0,15,,57240,36,,,0,56,,57221,36,,,0,10,,57271,16,,,0,5,,57220,36,,,0,16,,57242,36,,,0,14,,57223,36,,,0,13,,57231,36,,,0,53,,57225,36,,,0,7,,57272,16,,,0,5,,57226,36,,,0,14,,57230,36,,,0,15,,57270,36,,,0,52,,57235,36,,,0,10,,57239,36,,,0,11,,57236,36,,,0,13,,57232,36,,,0,14,,57234,36,,,0,51,,57238,36,,,0,10,,57247,36,,,0,11,,57244,36,,,0,11,,57245,36,,,0,13,,57246,36,,,0,53,,57269,36,,,0,15,,57243,36,,,0,12,,57264,36,,,0,15,,57265,36,,,0,15,,57248,36,,,0,55,,57253,36,,,0,14,,57256,36,,,0,15,,57259,36,,,0,59,,57250,36,,,0,20,,57260,36,,,0,20,,57251,36,,,0,60,,57252,36,,,0,20,,57249,36,,,0,18,,57263,36,,,0,63,,57257,36,,,0,31,,57254,36,,,0,68,,57262,36,,,0,30,,57267,36,,,0,28,,57266,36,,,0,70,,57261,36,,,0,30,,57255,36,,,0,100,,57258,36,,,0
2600,'5372',613,,41867,36,,,0,30,,41854,36,,,0,62,,41855,36,,,0,20,,41864,36,,,0,12,,41865,36,,,0,16,,41858,36,,,0,47,,41869,36,,,0,7,,41863,36,,,0,9,,41922,36,,,0,8,,41861,36,,,0,8,,41862,16,,,0,8,,50147,36,,,0,14,,41860,36,,,0,55,,41868,36,,,0,16,,41856,36,,,0,15,,41857,36,,,0,15,,41870,36,,,0,56,,41871,36,,,0,16,,41859,36,,,0,16,,41872,36,,,0,14,,41883,36,,,0,55,,41873,36,,,0,15,,41874,36,,,0,17,,41878,36,,,0,15,,50149,36,,,0,56,,41889,36,,,0,16,,41885,36,,,0,15,,41893,36,,,0,54,,41884,36,,,0,14,,41875,36,,,0,15,,41880,36,,,0,15,,41896,36,,,0,56,,41877,36,,,0,10,,41925,16,,,0,5,,51667,36,,,0,16,,41898,36,,,0,14,,41879,36,,,0,13,,41887,36,,,0,53,,41881,36,,,0,7,,41926,16,,,0,5,,41882,36,,,0,14,,41886,36,,,0,15,,41924,36,,,0,52,,41891,36,,,0,10,,41895,36,,,0,11,,50148,36,,,0,13,,41888,36,,,0,14,,41890,36,,,0,51,,41894,36,,,0,10,,41903,36,,,0,11,,41900,36,,,0,11,,41901,36,,,0,13,,41902,36,,,0,53,,41923,36,,,0,15,,41899,36,,,0,12,,41918,36,,,0,15,,41919,36,,,0,15,,41904,36,,,0,55,,41909,36,,,0,14,,41912,36,,,0,15,,41914,36,,,0,59,,41906,36,,,0,20,,41915,36,,,0,20,,41907,36,,,0,60,,50150,36,,,0,20,,41905,36,,,0,81,,41913,36,,,0,31,,50151,36,,,0,68,,41917,36,,,0,30,,41921,36,,,0,28,,41920,36,,,0,70,,41916,36,,,0,30,,41911,36,,,0
2600,'5373',2139,,57273,36,,,0
2600,'5377',719,,42078,36,,,0,27,,42086,36,,,0,61,,42068,36,,,0,23,,42062,36,,,0,24,,42080,36,,,0,61,,42087,36,,,0,27,,42069,36,,,0,65,,42063,36,,,0,20,,42081,36,,,0,24,,42072,36,,,0,60,,42064,36,,,0,18,,42070,36,,,0,18,,50137,36,,,0,60,,42079,36,,,0,19,,42067,36,,,0,20,,42084,36,,,0,58,,42065,36,,,0,18,,42082,36,,,0,19,,50139,36,,,0,18,,42077,36,,,0,60,,42075,36,,,0,18,,42085,36,,,0,17,,42071,36,,,0,58,,42083,36,,,0,18,,50138,36,,,0,17,,42076,36,,,0,58,,42092,36,,,0,18,,42096,36,,,0,16,,42089,36,,,0,18,,42098,36,,,0,58,,50140,36,,,0,18,,42094,36,,,0,17,,42090,36,,,0,56,,42099,36,,,0,16,,42088,36,,,0,20,,42097,36,,,0,59,,50141,36,,,0,18,,42095,36,,,0,18,,42103,36,,,0,20,,42101,36,,,0,59,,42105,36,,,0,20,,50142,36,,,0,19,,42104,36,,,0,60,,42106,36,,,0,20,,42100,36,,,0,70,,42108,36,,,0,28,,42107,36,,,0,70,,42109,36,,,0,30,,50143,36,,,0
2600,'5381',2139,,57274,36,,,0
2600,'5383',656,,57276,36,,,0,71,,57277,36,,,0,30,,57278,36,,,0,58,,57279,36,,,0,17,,57280,36,,,0,19,,57281,36,,,0,58,,57282,36,,,0,18,,57283,36,,,0,17,,57284,36,,,0,58,,57285,36,,,0,17,,57286,36,,,0,17,,57287,36,,,0,17,,57288,36,,,0,58,,57289,36,,,0,18,,57290,36,,,0,17,,57275,36,,,0,59,,57291,36,,,0,19,,57292,36,,,0,17,,57293,36,,,0,17,,57294,36,,,0,57,,57295,36,,,0,17,,57296,36,,,0,17,,57297,36,,,0,57,,57298,36,,,0,18,,57299,36,,,0,16,,57300,36,,,0,16,,57301,36,,,0,58,,57302,36,,,0,17,,57303,36,,,0,18,,57304,36,,,0,57,,57305,36,,,0,16,,57306,36,,,0,15,,57307,36,,,0,14,,57308,36,,,0,55,,57309,36,,,0,16,,57310,36,,,0,16,,57311,36,,,0,16,,57312,36,,,0,56,,57313,36,,,0,17,,57314,36,,,0,17,,57315,36,,,0,60,,57316,36,,,0,19,,57317,36,,,0,20,,57318,36,,,0,59,,57319,36,,,0,20,,57320,36,,,0,19,,57321,36,,,0,59,,57322,36,,,0,19,,57323,36,,,0,20,,57324,36,,,0,65,,57325,36,,,0,29,,57326,36,,,0,70,,57327,36,,,0,30,,57328,36,,,0,69,,57329,36,,,0,30,,57330,36,,,0,69,,57331,36,,,0,101,,57332,36,,,0
2600,'5384',719,,57349,36,,,0,27,,57357,36,,,0,61,,57339,36,,,0,23,,57333,36,,,0,24,,57351,36,,,0,61,,57358,36,,,0,27,,57340,36,,,0,65,,57334,36,,,0,20,,57352,36,,,0,24,,57343,36,,,0,60,,57335,36,,,0,18,,57341,36,,,0,18,,57337,36,,,0,60,,57350,36,,,0,19,,57338,36,,,0,20,,57355,36,,,0,58,,57336,36,,,0,18,,57353,36,,,0,19,,57345,36,,,0,18,,57348,36,,,0,60,,57346,36,,,0,18,,57356,36,,,0,17,,57342,36,,,0,58,,57354,36,,,0,18,,57344,36,,,0,17,,57347,36,,,0,58,,57363,36,,,0,18,,57367,36,,,0,16,,57360,36,,,0,18,,57369,36,,,0,58,,57362,36,,,0,18,,57365,36,,,0,17,,57361,36,,,0,56,,57370,36,,,0,16,,57359,36,,,0,20,,57368,36,,,0,59,,57364,36,,,0,18,,57366,36,,,0,18,,57374,36,,,0,20,,57372,36,,,0,59,,57376,36,,,0,20,,57373,36,,,0,19,,57375,36,,,0,60,,57377,36,,,0,20,,57371,36,,,0,70,,57379,36,,,0,28,,57378,36,,,0,70,,57380,36,,,0,30,,57381,36,,,0
2600,'5385',613,,57395,36,,,0,30,,57382,36,,,0,62,,57383,36,,,0,20,,57392,36,,,0,12,,57393,36,,,0,16,,57386,36,,,0,47,,57397,36,,,0,7,,57391,36,,,0,9,,57450,36,,,0,8,,57389,36,,,0,8,,57390,16,,,0,8,,57394,36,,,0,14,,57388,36,,,0,55,,57396,36,,,0,16,,57384,36,,,0,15,,57385,36,,,0,15,,57398,36,,,0,56,,57399,36,,,0,16,,57387,36,,,0,16,,57400,36,,,0,14,,57411,36,,,0,55,,57401,36,,,0,15,,57402,36,,,0,17,,57406,36,,,0,15,,57425,36,,,0,56,,57417,36,,,0,16,,57413,36,,,0,15,,57421,36,,,0,54,,57412,36,,,0,14,,57403,36,,,0,15,,57408,36,,,0,15,,57424,36,,,0,56,,57405,36,,,0,10,,57453,16,,,0,5,,57404,36,,,0,16,,57426,36,,,0,14,,57407,36,,,0,13,,57415,36,,,0,53,,57409,36,,,0,7,,57454,16,,,0,5,,57410,36,,,0,14,,57414,36,,,0,15,,57452,36,,,0,52,,57419,36,,,0,10,,57423,36,,,0,11,,57420,36,,,0,13,,57416,36,,,0,14,,57418,36,,,0,51,,57422,36,,,0,10,,57431,36,,,0,11,,57428,36,,,0,11,,57429,36,,,0,13,,57430,36,,,0,53,,57451,36,,,0,15,,57427,36,,,0,12,,57446,36,,,0,15,,57447,36,,,0,15,,57432,36,,,0,55,,57437,36,,,0,14,,57440,36,,,0,15,,57442,36,,,0,59,,57434,36,,,0,20,,57443,36,,,0,20,,57435,36,,,0,60,,57436,36,,,0,20,,57433,36,,,0,81,,57441,36,,,0,31,,57438,36,,,0,68,,57445,36,,,0,30,,57449,36,,,0,28,,57448,36,,,0,70,,57444,36,,,0,30,,57439,36,,,0
2600,'5387',2139,,57455,36,,,0
2600,'5388',2139,,57456,36,,,0
4000,'4663',653,,59436,31,,,0,85,,59427,31,,,0,67,,59432,31,,,0,31,,59437,31,,,0,106,,59425,31,,,0,98,,59434,31,,,0,101,,59428,31,,,0,100,,59435,31,,,0,100,,59426,31,,,0,100,,59438,31,,,0,104,,59430,31,,,0,75,,59423,31,,,0,36,,59439,31,,,0,64,,59424,31,,,0,33,,59429,31,,,0,96,,59440,31,,,0,99,,59431,31,,,0,169,,59433,31,,,0,383,,59441,31,,,0
4000,'5372',653,,44460,31,,,0,85,,44451,31,,,0,67,,44456,31,,,0,31,,44461,31,,,0,106,,44449,31,,,0,98,,44458,31,,,0,101,,44452,31,,,0,100,,44459,31,,,0,100,,44450,31,,,0,100,,44462,31,,,0,104,,44454,31,,,0,75,,44447,31,,,0,36,,44463,31,,,0,64,,44448,31,,,0,33,,44453,31,,,0,96,,44464,31,,,0,99,,44455,31,,,0,169,,44457,31,,,0,383,,44465,31,,,0
4000,'5377',829,,44500,31,,,0,176,,44499,31,,,0,101,,50280,31,,,0,100,,50281,31,,,0,101,,44503,31,,,0,101,,44504,31,,,0,101,,44507,31,,,0,100,,44506,31,,,0,100,,44505,31,,,0,98,,50282,31,,,0,98,,44509,31,,,0,99,,44510,31,,,0
4000,'5383',732,,59451,31,,,0,173,,59452,31,,,0,100,,59442,31,,,0,102,,59445,31,,,0,100,,59447,31,,,0,101,,59453,31,,,0,101,,59443,31,,,0,101,,59444,31,,,0,100,,59448,31,,,0,100,,59454,31,,,0,97,,59446,31,,,0,98,,59450,31,,,0,100,,59449,31,,,0,53,,59455,31,,,0
4000,'5384',829,,59457,31,,,0,176,,59456,31,,,0,101,,59458,31,,,0,100,,59459,31,,,0,101,,59460,31,,,0,101,,59461,31,,,0,101,,59464,31,,,0,100,,59463,31,,,0,100,,59462,31,,,0,98,,59465,31,,,0,98,,59466,31,,,0,99,,59467,31,,,0
4000,'5385',653,,59481,31,,,0,85,,59472,31,,,0,67,,59477,31,,,0,31,,59482,31,,,0,106,,59470,31,,,0,98,,59479,31,,,0,101,,59473,31,,,0,100,,59480,31,,,0,100,,59471,31,,,0,100,,59483,31,,,0,104,,59475,31,,,0,75,,59468,31,,,0,36,,59484,31,,,0,64,,59469,31,,,0,33,,59474,31,,,0,96,,59485,31,,,0,99,,59476,31,,,0,169,,59478,31,,,0,383,,59486,31,,,0
