2101,'4532',645,,68786,15,,,0,70,,68768,15,,,0,31,,68777,15,,,0,70,,68760,15,,,0,30,,68787,15,,,0,69,,68769,15,,,0,30,,68778,15,,,0,67,,68756,15,,,0,28,,68758,15,,,0,69,,68779,15,,,0,30,,68763,15,,,0,69,,68771,15,,,0,28,,68757,15,,,0,70,,68759,15,,,0,29,,68780,15,,,0,70,,68764,15,,,0,31,,68772,15,,,0,71,,68761,15,,,0,30,,68762,15,,,0,74,,68781,15,,,0,30,,68765,15,,,0,69,,68774,15,,,0,31,,68767,15,,,0,70,,68766,15,,,0,31,,68782,15,,,0,71,,68770,15,,,0,36,,68773,15,,,0,76,,68775,15,,,0,29,,68784,15,,,0,70,,68776,15,,,0,32,,68785,15,,,0,70,,68783,15,,,0,30,,68788,15,,,0,145,,68789,15,,,0
2101,'4623',554,,68685,15,,,0,67,,68692,15,,,0,24,,68684,15,,,0,60,,68680,15,,,0,17,,68686,19,,,0,18,,68683,19,,,0,60,,68688,19,,,0,21,,68681,19,,,0,20,,68694,19,,,0,69,,68700,19,,,0,29,,68691,19,,,0,69,,68682,19,,,0,29,,68687,19,,,0,69,,68695,19,,,0,30,,68698,19,,,0,72,,68690,19,,,0,30,,68699,19,,,0,70,,68689,19,,,0,30,,68696,19,,,0,70,,68697,19,,,0,32,,68693,19,,,0,60,,68701,19,,,0,20,,68703,19,,,0,20,,68708,15,,,0,62,,68705,19,,,0,20,,68702,19,,,0,22,,68707,19,,,0,59,,68709,19,,,0,18,,68706,15,,,0,20,,68704,19,,,0,60,,68710,19,,,0,20,,68713,19,,,0,31,,68712,15,,,0,71,,68711,15,,,0,30,,68714,15,,,0,70,,68715,15,,,0,31,,68716,15,,,0,70,,68719,15,,,0,31,,68718,15,,,0,70,,68717,15,,,0,30,,68720,15,,,0,146,,68721,15,,,0
2101,'4832',653,,68845,15,,,0,80,,68835,15,,,0,80,,68846,15,,,0,36,,68844,15,,,0,65,,68832,15,,,0,27,,68834,15,,,0,70,,68847,15,,,0,29,,68833,15,,,0,70,,68848,15,,,0,29,,68837,15,,,0,70,,68836,15,,,0,30,,68849,15,,,0,68,,68838,15,,,0,29,,68850,15,,,0,70,,68851,15,,,0,30,,68852,15,,,0,71,,68840,15,,,0,32,,68841,15,,,0,73,,68842,15,,,0,29,,68843,15,,,0,71,,68839,15,,,0,30,,68853,15,,,0,72,,68854,15,,,0,35,,68855,15,,,0,105,,68856,15,,,0,101,,68857,15,,,0,103,,68858,15,,,0,100,,68859,15,,,0,143,,68860,15,,,0
2101,'5222',554,,68795,15,,,0,67,,68802,15,,,0,24,,68794,15,,,0,60,,68790,15,,,0,17,,68796,19,,,0,18,,68793,19,,,0,60,,68798,19,,,0,21,,68791,19,,,0,20,,68804,19,,,0,69,,68810,19,,,0,29,,68801,19,,,0,69,,68792,19,,,0,29,,68797,19,,,0,69,,68805,19,,,0,30,,68808,19,,,0,72,,68800,19,,,0,30,,68809,19,,,0,70,,68799,19,,,0,30,,68806,19,,,0,70,,68807,19,,,0,32,,68803,19,,,0,60,,68811,19,,,0,20,,68813,19,,,0,20,,68818,15,,,0,62,,68815,19,,,0,20,,68812,19,,,0,22,,68817,19,,,0,59,,68819,19,,,0,18,,68816,15,,,0,20,,68814,19,,,0,60,,68820,19,,,0,20,,68823,19,,,0,31,,68822,15,,,0,71,,68821,15,,,0,30,,68824,15,,,0,70,,68825,15,,,0,31,,68826,15,,,0,70,,68829,15,,,0,31,,68828,15,,,0,70,,68827,15,,,0,30,,68830,15,,,0,146,,68831,15,,,0
2101,'5390',653,,68874,15,,,0,80,,68864,15,,,0,80,,68875,15,,,0,36,,68873,15,,,0,65,,68861,15,,,0,27,,68863,15,,,0,70,,68876,15,,,0,29,,68862,15,,,0,70,,68877,15,,,0,29,,68866,15,,,0,70,,68865,15,,,0,30,,68878,15,,,0,68,,68867,15,,,0,29,,68879,15,,,0,70,,68880,15,,,0,30,,68881,15,,,0,71,,68869,15,,,0,32,,68870,15,,,0,73,,68871,15,,,0,29,,68872,15,,,0,71,,68868,15,,,0,30,,68882,15,,,0,72,,68883,15,,,0,35,,68884,15,,,0,105,,68885,15,,,0,101,,68886,15,,,0,103,,68887,15,,,0,100,,68888,15,,,0,143,,68889,15,,,0
2201,'4532',724,,69115,27,,,0,79,,69126,27,,,0,28,,69111,27,,,0,69,,69105,27,,,0,30,,69114,27,,,0,70,,69127,27,,,0,28,,69110,27,,,0,29,,69109,27,,,0,71,,69112,27,,,0,28,,69107,27,,,0,68,,69131,27,,,0,30,,69108,27,,,0,68,,69113,27,,,0,30,,69106,27,,,0,70,,69119,27,,,0,31,,69130,27,,,0,69,,69121,27,,,0,32,,69117,27,,,0,71,,69120,27,,,0,34,,69122,27,,,0,71,,69118,27,,,0,71,,69116,27,,,0,30,,69124,27,,,0,72,,69123,27,,,0,28,,69129,27,,,0,28,,69125,27,,,0,72,,69132,27,,,0,71,,69128,27,,,0,48,,69133,27,0,5 49,0
2201,'4623',608,,69054,35,,,0,27,,69056,35,,,0,90,,69057,27,,,0,27,,69055,41,,,0,73,,69058,41,,,0,31,,69060,41,,,0,98,,69059,41,,,0,68,,69061,41,,,0,30,,69062,41,,,0,99,,69052,41,,,0,69,,69064,27,,,0,29,,69065,27,,,0,100,,69063,27,,,0,71,,69053,27,,,0,102,,69066,27,,,0,32,,69067,27,,,0,70,,69068,27,,,0,102,,69069,27,,,0,76,,69070,27,,,0,57,,69071,27,,,0,70,,69072,27,,,0,103,,69074,27,,,0,72,,69073,27,,,0,48,,69075,27,0,5 49,0
2201,'4832',753,,69166,27,,,0,80,,69167,27,,,0,69,,69159,27,,,0,27,,69160,27,,,0,30,,69169,27,,,0,69,,69168,27,,,0,29,,69158,27,,,0,70,,69162,27,,,0,30,,69163,27,,,0,70,,69161,27,,,0,28,,69165,27,,,0,69,,69164,27,,,0,30,,69171,27,,,0,70,,69172,27,,,0,31,,69170,27,,,0,70,,69174,27,,,0,75,,69173,27,,,0,30,,69176,27,,,0,70,,69175,27,,,0,30,,69177,27,,,0,72,,69178,27,,,0,30,,69179,27,,,0,91,,69180,27,0,5,0,102,,69181,27,0,5,0,110,,69182,27,0,5,0
2201,'5222',608,,69136,35,,,0,27,,69138,35,,,0,90,,69139,27,,,0,27,,69137,41,,,0,73,,69140,41,,,0,31,,69142,41,,,0,98,,69141,41,,,0,68,,69143,41,,,0,30,,69144,41,,,0,99,,69134,41,,,0,69,,69146,27,,,0,29,,69147,27,,,0,100,,69145,27,,,0,71,,69135,27,,,0,102,,69148,27,,,0,32,,69149,27,,,0,70,,69150,27,,,0,102,,69151,27,,,0,76,,69152,27,,,0,57,,69153,27,,,0,70,,69154,27,,,0,103,,69156,27,,,0,72,,69155,27,,,0,48,,69157,27,0,5 49,0
2201,'5390',753,,69191,27,,,0,80,,69192,27,,,0,69,,69184,27,,,0,27,,69185,27,,,0,30,,69194,27,,,0,69,,69193,27,,,0,29,,69183,27,,,0,70,,69187,27,,,0,30,,69188,27,,,0,70,,69186,27,,,0,28,,69190,27,,,0,69,,69189,27,,,0,30,,69196,27,,,0,70,,69197,27,,,0,31,,69195,27,,,0,70,,69199,27,,,0,75,,69198,27,,,0,30,,69201,27,,,0,70,,69200,27,,,0,30,,69202,27,,,0,72,,69203,27,,,0,30,,69204,27,,,0,91,,69205,27,0,5,0,102,,69206,27,0,5,0,110,,69207,27,0,5,0
2600,'4532',641,,69704,17,,,0,71,,69705,17,,,0,30,,69706,17,,,0,58,,69707,17,,,0,17,,69708,17,,,0,18,,69709,17,,,0,17,,69710,17,,,0,57,,69711,17,,,0,17,,69712,17,,,0,17,,69713,17,,,0,57,,69714,17,,,0,17,,69715,17,,,0,17,,69716,17,,,0,18,,69717,17,,,0,58,,69718,17,,,0,17,,69703,17,,,0,18,,69719,17,,,0,59,,69720,17,,,0,17,,69721,17,,,0,17,,69722,17,,,0,17,,69723,17,,,0,57,,69724,17,,,0,17,,69725,17,,,0,17,,69726,17,,,0,58,,69727,17,,,0,16,,69728,17,,,0,16,,69729,17,,,0,17,,69730,17,,,0,57,,69731,17,,,0,17,,69732,17,,,0,17,,69733,17,,,0,57,,69734,17,,,0,16,,69735,17,,,0,15,,69736,17,,,0,15,,69737,17,,,0,56,,69738,17,,,0,16,,69739,17,,,0,16,,69740,17,,,0,16,,69741,17,,,0,57,,69742,17,,,0,17,,69743,17,,,0,20,,69744,17,,,0,59,,69745,17,,,0,20,,69746,17,,,0,20,,69747,17,,,0,60,,69748,17,,,0,20,,69749,17,,,0,20,,69750,17,,,0,59,,69751,17,,,0,20,,69752,17,,,0,25,,69753,17,,,0,70,,69754,17,,,0,30,,69755,17,,,0,71,,69756,17,,,0,29,,69757,17,,,0,70,,69758,17,,,0,31,,69759,17,,,0,101,,69760,17,,,0
2600,'4623',558,,69639,17,,,0,69,,69635,17,,,0,22,,69634,17,,,0,54,,69626,17,,,0,15,,69628,17,,,0,15,,69645,17,,,0,15,,69622,17,,,0,54,,69624,17,,,0,15,,69623,17,,,0,15,,69621,17,,,0,16,,69630,17,,,0,56,,69615,17,,,0,16,,69619,17,,,0,14,,69638,17,,,0,16,,69613,17,,,0,55,,69616,17,,,0,15,,69604,17,,,0,15,,69609,17,,,0,14,,69627,17,,,0,55,,69620,17,,,0,15,,69599,17,,,0,15,,69644,17,,,0,15,,69601,17,,,0,55,,69600,17,,,0,15,,69603,17,,,0,15,,69598,17,,,0,15,,69632,17,,,0,55,,69610,17,,,0,15,,69597,17,,,0,15,,69643,17,,,0,15,,69592,17,,,0,55,,69596,17,,,0,14,,69606,17,,,0,15,,69588,17,,,0,15,,69629,17,,,0,55,,69612,17,,,0,16,,69586,17,,,0,14,,69587,17,,,0,16,,69637,17,,,0,53,,69595,17,,,0,17,,69585,17,,,0,14,,69607,17,,,0,14,,69583,17,,,0,54,,69633,17,,,0,12,,69618,17,,,0,15,,69584,17,,,0,15,,69582,17,,,0,13,,69642,17,,,0,54,,69591,17,,,0,14,,69581,17,,,0,15,,69608,17,,,0,15,,69580,17,,,0,54,,69625,17,,,0,15,,69614,17,,,0,20,,69641,17,,,0,60,,69593,17,,,0,21,,69602,17,,,0,20,,69579,17,,,0,60,,69611,17,,,0,20,,69640,17,,,0,22,,69594,17,,,0,72,,69605,17,,,0,29,,69636,17,,,0,71,,69589,17,,,0,29,,69631,17,,,0,71,,69617,17,,,0,30,,69590,17,,,0,100,,69578,17,,,0
2600,'4832',705,,69844,17,,,0,27,,69852,17,,,0,21,,69834,17,,,0,63,,69828,17,,,0,23,,69846,17,,,0,20,,69853,17,,,0,67,,69835,17,,,0,23,,69829,17,,,0,60,,69847,17,,,0,24,,69838,17,,,0,20,,69830,17,,,0,58,,69836,17,,,0,18,,69832,17,,,0,19,,69845,17,,,0,59,,69833,17,,,0,20,,69850,17,,,0,18,,69831,17,,,0,58,,69848,17,,,0,18,,69840,17,,,0,18,,69843,17,,,0,20,,69841,17,,,0,58,,69851,17,,,0,17,,69837,17,,,0,18,,69849,17,,,0,58,,69839,17,,,0,17,,69842,17,,,0,18,,69858,17,,,0,58,,69862,17,,,0,17,,69855,17,,,0,18,,69864,17,,,0,18,,69857,17,,,0,58,,69860,17,,,0,17,,69856,17,,,0,17,,69865,17,,,0,56,,69854,17,,,0,20,,69863,17,,,0,19,,69859,17,,,0,59,,69861,17,,,0,19,,69869,17,,,0,20,,69867,17,,,0,59,,69871,17,,,0,20,,69868,17,,,0,20,,69870,17,,,0,60,,69872,17,,,0,20,,69866,17,,,0,30,,69874,17,,,0,69,,69873,17,,,0,30,,69875,17,,,0,70,,69876,17,,,0
2600,'5222',558,,69821,17,,,0,69,,69817,17,,,0,22,,69816,17,,,0,54,,69808,17,,,0,15,,69810,17,,,0,15,,69827,17,,,0,15,,69804,17,,,0,54,,69806,17,,,0,15,,69805,17,,,0,15,,69803,17,,,0,16,,69812,17,,,0,56,,69797,17,,,0,16,,69801,17,,,0,14,,69820,17,,,0,16,,69795,17,,,0,55,,69798,17,,,0,15,,69786,17,,,0,15,,69791,17,,,0,14,,69809,17,,,0,55,,69802,17,,,0,15,,69781,17,,,0,15,,69826,17,,,0,15,,69783,17,,,0,55,,69782,17,,,0,15,,69785,17,,,0,15,,69780,17,,,0,15,,69814,17,,,0,55,,69792,17,,,0,15,,69779,17,,,0,15,,69825,17,,,0,15,,69774,17,,,0,55,,69778,17,,,0,14,,69788,17,,,0,15,,69770,17,,,0,15,,69811,17,,,0,55,,69794,17,,,0,16,,69768,17,,,0,14,,69769,17,,,0,16,,69819,17,,,0,53,,69777,17,,,0,17,,69767,17,,,0,14,,69789,17,,,0,14,,69765,17,,,0,54,,69815,17,,,0,12,,69800,17,,,0,15,,69766,17,,,0,15,,69764,17,,,0,13,,69824,17,,,0,54,,69773,17,,,0,14,,69763,17,,,0,15,,69790,17,,,0,15,,69762,17,,,0,54,,69807,17,,,0,15,,69796,17,,,0,20,,69823,17,,,0,60,,69775,17,,,0,21,,69784,17,,,0,20,,69761,17,,,0,60,,69793,17,,,0,20,,69822,17,,,0,22,,69776,17,,,0,72,,69787,17,,,0,29,,69818,17,,,0,71,,69771,17,,,0,29,,69813,17,,,0,71,,69799,17,,,0,30,,69772,17,,,0
2600,'5390',705,,69893,17,,,0,27,,69901,17,,,0,21,,69883,17,,,0,63,,69877,17,,,0,23,,69895,17,,,0,20,,69902,17,,,0,67,,69884,17,,,0,23,,69878,17,,,0,60,,69896,17,,,0,24,,69887,17,,,0,20,,69879,17,,,0,58,,69885,17,,,0,18,,69881,17,,,0,19,,69894,17,,,0,59,,69882,17,,,0,20,,69899,17,,,0,18,,69880,17,,,0,58,,69897,17,,,0,18,,69889,17,,,0,18,,69892,17,,,0,20,,69890,17,,,0,58,,69900,17,,,0,17,,69886,17,,,0,18,,69898,17,,,0,58,,69888,17,,,0,17,,69891,17,,,0,18,,69907,17,,,0,58,,69911,17,,,0,17,,69904,17,,,0,18,,69913,17,,,0,18,,69906,17,,,0,58,,69909,17,,,0,17,,69905,17,,,0,17,,69914,17,,,0,56,,69903,17,,,0,20,,69912,17,,,0,19,,69908,17,,,0,59,,69910,17,,,0,19,,69918,17,,,0,20,,69916,17,,,0,59,,69920,17,,,0,20,,69917,17,,,0,20,,69919,17,,,0,60,,69921,17,,,0,20,,69915,17,,,0,30,,69923,17,,,0,69,,69922,17,,,0,30,,69924,17,,,0,70,,69925,17,,,0
1002201,'4623',706,,77489,29,,,0,218,,77490,29,,,0,198,,77492,29,,,0,197,,77493,15,,,0,133,,77494,15,,,0,201,,77491,15,,,0,175,,77495,15,,,0,173,,77496,15,,,0
1002201,'5222',706,,77497,29,,,0,218,,77498,29,,,0,198,,77500,29,,,0,197,,77501,15,,,0,133,,77502,15,,,0,201,,77499,15,,,0,175,,77503,15,,,0,173,,77504,15,,,0
