2200,'4663',555,,56740,5,,,0,68,,56724,5,,,0,28,,56735,5,,,0,69,,56727,5,,,0,34,,56739,5,,,0,62,,56719,5,,,0,30,,56723,5,,,0,103,,56725,5,,,0,66,,56741,5,,,0,30,,56718,5,,,0,101,,56734,5,0,21 22,0,70,,56726,5,0,21 22,0,30,,56742,5,0,21 22,0,70,,56720,5,0,21 22,0,99,,56737,5,0,21 22,0,29,,56731,5,0,21 22,0,74,,56744,5,0,21 22,0,102,,56732,5,0,21 22,0,101,,56728,5,0,21 22,0,30,,56743,5,,,0,66,,56721,5,,,0,99,,56736,5,,,0,30,,56733,5,,,0,70,,56722,5,,,0,30,,56730,5,,,0,70,,56738,5,0,5,0,30,,56729,5,0,5,0
2200,'5372',555,,49994,5,,,0,68,,49978,5,,,0,28,,49989,5,,,0,69,,49981,5,,,0,34,,49993,5,,,0,62,,49973,5,,,0,30,,49977,5,,,0,103,,49979,5,,,0,66,,49995,5,,,0,30,,49972,5,,,0,101,,49988,5,0,21 22,0,70,,49980,5,0,21 22,0,30,,49996,5,0,21 22,0,70,,49974,5,0,21 22,0,99,,49991,5,0,21 22,0,29,,49985,5,0,21 22,0,74,,49998,5,0,21 22,0,102,,49986,5,0,21 22,0,101,,49982,5,0,21 22,0,30,,49997,5,,,0,66,,49975,5,,,0,99,,49990,5,,,0,30,,49987,5,,,0,70,,49976,5,,,0,30,,49984,5,,,0,70,,49992,5,0,5,0,30,,49983,5,0,5,0
2200,'5377',734,,49927,5,,,0,100,,49928,5,,,0,80,,49929,5,,,0,30,,49924,5,,,0,70,,49925,5,,,0,30,,49926,5,,,0,70,,49931,5,,,0,29,,49932,5,,,0,71,,49930,5,,,0,30,,49933,5,,,0,70,,49934,5,,,0,30,,49942,5,,,0,70,,49941,5,,,0,30,,49935,5,,,0,70,,49936,5,,,0,30,,49937,5,,,0,70,,49938,5,,,0,32,,49939,5,,,0,70,,49940,5,,,0,30,,49943,5,,,0,70,,49944,5,,,0,30,,49945,5,,,0,70,,49946,5,,,0
2200,'5383',644,,56765,5,,,0,80,,56751,5,,,0,80,,56755,5,,,0,40,,56768,5,,,0,70,,56752,5,,,0,30,,56746,5,,,0,71,,56753,5,,,0,31,,56767,5,,,0,70,,56750,5,,,0,30,,56749,5,,,0,71,,56754,5,,,0,30,,56747,5,,,0,70,,56772,5,,,0,30,,56748,5,,,0,70,,56761,5,,,0,30,,56757,5,,,0,70,,56760,5,,,0,30,,56771,5,,,0,69,,56762,5,,,0,31,,56756,5,,,0,70,,56764,5,,,0,33,,56763,5,,,0,70,,56759,5,,,0,29,,56758,5,,,0,70,,56773,5,,,0,30,,56774,5,,,0,67,,56770,5,,,0,28,,56766,5,,,0,70,,56769,5,0,5,0,30,,56775,5,0,5,0
2200,'5384',734,,56779,5,,,0,100,,56780,5,,,0,80,,56781,5,,,0,30,,56776,5,,,0,70,,56777,5,,,0,30,,56778,5,,,0,70,,56783,5,,,0,29,,56784,5,,,0,71,,56782,5,,,0,30,,56785,5,,,0,70,,56786,5,,,0,30,,56794,5,,,0,70,,56793,5,,,0,30,,56787,5,,,0,70,,56788,5,,,0,30,,56789,5,,,0,70,,56790,5,,,0,32,,56791,5,,,0,70,,56792,5,,,0,30,,56795,5,,,0,70,,56796,5,,,0,30,,56797,5,,,0,70,,56798,5,,,0
2200,'5385',555,,56823,5,,,0,68,,56807,5,,,0,28,,56818,5,,,0,69,,56810,5,,,0,34,,56822,5,,,0,62,,56802,5,,,0,30,,56806,5,,,0,103,,56808,5,,,0,66,,56824,5,,,0,30,,56801,5,,,0,101,,56817,5,0,21 22,0,70,,56809,5,0,21 22,0,30,,56825,5,0,21 22,0,70,,56803,5,0,21 22,0,99,,56820,5,0,21 22,0,29,,56814,5,0,21 22,0,74,,56827,5,0,21 22,0,102,,56815,5,0,21 22,0,101,,56811,5,0,21 22,0,30,,56826,5,,,0,66,,56804,5,,,0,99,,56819,5,,,0,30,,56816,5,,,0,70,,56805,5,,,0,30,,56813,5,,,0,70,,56821,5,0,5,0,30,,56812,5,0,5,0
2701,'4663',536,,57911,23,,,0,81,,57910,23,,,0,26,,57916,23,,,0,62,,57923,23,,,0,30,,57941,23,,,0,67,,57917,23,,,0,25,,57951,23,,,0,29,,57952,23,,,0,60,,57930,23,,,0,22,,57969,23,,,0,62,,57950,23,,,0,25,,57924,23,,,0,27,,57913,23,,,0,65,,57912,23,,,0,28,,57914,23,,,0,67,,57915,23,,,0,27,,57929,23,,,0,67,,57949,23,,,0,26,,57918,23,,,0,26,,57919,23,,,0,64,,57958,23,,,0,3,,57922,23,,,0,25,,57920,23,,,0,67,,57921,23,,,0,87,,57942,23,,,0,33,,57959,23,,,0,71,,57961,23,,,0,31,,57943,23,,,0,68,,57935,23,,,0,13,,57933,23,,,0,13,,57962,23,,,0,14,,57936,23,,,0,55,,57937,23,,,0,15,,57938,23,,,0,21,,57939,23,,,0,63,,57940,23,,,0,26,,57945,23,,,0,28,,57946,23,,,0,69,,57947,23,,,0,27,,57948,23,,,0,69,,57944,23,,,0,29,,57954,23,,,0,74,,57957,23,,,0,79,,57955,23,,,0,37,,57956,23,,,0,82,,57966,23,,,0,80,,57967,23,,,0
2701,'5372',536,,42696,23,,,0,81,,42695,23,,,0,26,,42701,23,,,0,62,,42708,23,,,0,30,,42725,23,,,0,67,,42702,23,,,0,25,,42734,23,,,0,29,,42735,23,,,0,60,,42715,23,,,0,22,,57976,23,,,0,62,,42733,23,,,0,25,,42709,23,,,0,27,,57970,23,,,0,65,,42697,23,,,0,28,,42699,23,,,0,67,,42700,23,,,0,27,,57974,23,,,0,67,,42732,23,,,0,26,,42703,23,,,0,26,,57971,23,,,0,67,,42707,23,,,0,25,,42705,23,,,0,67,,42706,23,,,0,31,,42745,23,,,0,56,,42726,23,,,0,33,,51681,23,,,0,71,,42742,23,,,0,31,,57975,23,,,0,68,,42720,23,,,0,13,,42718,23,,,0,27,,42721,23,,,0,55,,42722,23,,,0,15,,42723,23,,,0,21,,42724,23,,,0,89,,42729,23,,,0,28,,42730,23,,,0,96,,42731,23,,,0,69,,42728,23,,,0,103,,42739,23,,,0,79,,42737,23,,,0,37,,42738,23,,,0
2701,'5373',1833,,42864,23,,,0,168,,42861,23,,,0,123,,42862,23,,,0,125,,42863,23,,,0
2701,'5377',708,,42865,23,,,0,42,,42866,23,,,0,70,,42867,23,,,0,29,,42868,23,,,0,72,,42869,23,,,0,31,,42870,23,,,0,69,,42871,23,,,0,29,,42872,23,,,0,67,,42873,23,,,0,27,,42874,23,,,0,65,,42875,23,,,0,25,,42876,23,,,0,23,,42877,23,,,0,64,,42878,23,,,0,22,,42879,23,,,0,64,,42880,23,,,0,23,,42881,23,,,0,23,,42882,23,,,0,63,,42883,23,,,0,23,,42884,23,,,0,63,,42885,23,,,0,23,,42886,23,,,0,21,,42887,23,,,0,63,,42888,23,,,0,23,,42889,23,,,0,23,,42890,23,,,0,63,,42891,23,,,0,22,,42892,23,,,0,64,,42893,23,,,0,25,,42894,23,,,0,25,,42895,23,,,0,68,,42896,23,,,0,29,,42897,23,,,0,70,,42898,23,,,0,30,,42899,23,,,0,75,,42900,23,,,0,80,,42901,23,,,0,39,,42902,23,,,0
2701,'5381',1833,,42810,23,,,0,168,,42807,23,,,0,123,,42808,23,,,0,125,,42809,23,,,0
2701,'5383',639,,57977,23,,,0,77,,57978,23,,,0,31,,57979,23,,,0,70,,57980,23,,,0,30,,57981,23,,,0,67,,57982,23,,,0,28,,57983,23,,,0,67,,57984,23,,,0,26,,57985,23,,,0,67,,57986,23,,,0,22,,57987,23,,,0,23,,57988,23,,,0,63,,57989,23,,,0,22,,57990,23,,,0,23,,57993,23,,,0,63,,57992,23,,,0,23,,57994,23,,,0,63,,57991,23,,,0,23,,57995,23,,,0,23,,57996,23,,,0,60,,57997,23,,,0,20,,57998,23,,,0,21,,57999,23,,,0,60,,58000,23,,,0,21,,58001,23,,,0,20,,58002,23,,,0,59,,58003,23,,,0,20,,58004,23,,,0,19,,58005,23,,,0,61,,58006,23,,,0,20,,58007,23,,,0,20,,58008,23,,,0,60,,58009,23,,,0,20,,58010,23,,,0,26,,58011,23,,,0,66,,58012,23,,,0,29,,58013,23,,,0,70,,58014,23,,,0,28,,58015,23,,,0,70,,58016,23,,,0,30,,58017,23,,,0,71,,58018,23,,,0,31,,58019,23,,,0,70,,58020,23,,,0,30,,58021,23,,,0,68,,58022,23,,,0,28,,58023,23,,,0,70,,58024,23,,,0
2701,'5384',708,,58027,23,,,0,42,,58028,23,,,0,70,,58029,23,,,0,29,,58030,23,,,0,72,,58031,23,,,0,31,,58032,23,,,0,69,,58033,23,,,0,29,,58034,23,,,0,67,,58035,23,,,0,27,,58036,23,,,0,65,,58037,23,,,0,25,,58038,23,,,0,23,,58039,23,,,0,64,,58040,23,,,0,22,,58041,23,,,0,64,,58042,23,,,0,23,,58043,23,,,0,23,,58044,23,,,0,63,,58045,23,,,0,23,,58046,23,,,0,63,,58047,23,,,0,23,,58048,23,,,0,21,,58049,23,,,0,63,,58050,23,,,0,23,,58051,23,,,0,23,,58052,23,,,0,63,,58053,23,,,0,22,,58054,23,,,0,64,,58055,23,,,0,25,,58056,23,,,0,25,,58057,23,,,0,68,,58058,23,,,0,29,,58059,23,,,0,70,,58060,23,,,0,30,,58061,23,,,0,75,,58062,23,,,0,80,,58063,23,,,0,39,,58064,23,,,0
2701,'5385',536,,58067,23,,,0,81,,58066,23,,,0,26,,58072,23,,,0,62,,58079,23,,,0,30,,58096,23,,,0,67,,58073,23,,,0,25,,58105,23,,,0,29,,58106,23,,,0,60,,58086,23,,,0,22,,58117,23,,,0,62,,58104,23,,,0,25,,58080,23,,,0,27,,58069,23,,,0,65,,58068,23,,,0,28,,58070,23,,,0,67,,58071,23,,,0,27,,58085,23,,,0,67,,58103,23,,,0,26,,58074,23,,,0,26,,58075,23,,,0,67,,58078,23,,,0,25,,58076,23,,,0,67,,58077,23,,,0,31,,58116,23,,,0,56,,58097,23,,,0,33,,58111,23,,,0,71,,58113,23,,,0,31,,58098,23,,,0,68,,58091,23,,,0,13,,58089,23,,,0,27,,58092,23,,,0,55,,58093,23,,,0,15,,58094,23,,,0,21,,58095,23,,,0,89,,58100,23,,,0,28,,58101,23,,,0,96,,58102,23,,,0,69,,58099,23,,,0,103,,58110,23,,,0,79,,58108,23,,,0,37,,58109,23,,,0
2701,'5387',1833,,58121,23,,,0,168,,58118,23,,,0,123,,58119,23,,,0,125,,58120,23,,,0
2701,'5388',1833,,58125,23,,,0,168,,58122,23,,,0,123,,58123,23,,,0,125,,58124,23,,,0
2801,'4663',603,,58320,28,,,0,28,,58325,28,,,0,24,,58321,28,,,0,62,,58323,28,,,0,12,,58324,28,,,0,13,,58343,28,,,0,13,,58322,28,,,0,53,,58356,28,,,0,12,,58326,28,,,0,13,,58339,28,,,0,12,,58328,28,,,0,61,,58327,28,,,0,20,,58330,28,,,0,23,,58369,28,,,0,63,,58329,28,,,0,26,,58331,28,,,0,66,,58344,28,,,0,26,,58354,28,,,0,28,,58335,28,,,0,67,,58332,28,,,0,27,,58333,28,,,0,67,,58334,28,,,0,26,,58337,28,,,0,66,,58342,28,,,0,27,,58355,28,,,0,66,,58338,28,,,0,29,,58336,28,,,0,16,,58362,28,,,0,73,,58340,28,,,0,32,,58341,28,,,0,71,,58363,28,,,0,30,,58357,28,,,0,172,,58347,28,,,0,22,,58346,28,,,0,65,,58348,28,,,0,27,,58349,28,,,0,68,,58350,28,,,0,28,,58351,28,,,0,68,,58352,28,,,0,29,,58353,28,,,0,70,,58359,28,,,0,38,,58360,28,,,0,78,,58358,28,,,0,80,,58361,28,,,0,41,,58366,28,,,0
2801,'5372',603,,43168,28,,,0,28,,58371,28,,,0,24,,43169,28,,,0,62,,43171,28,,,0,12,,43172,28,,,0,13,,43190,28,,,0,13,,58370,28,,,0,53,,43203,28,,,0,12,,43174,28,,,0,13,,43187,28,,,0,12,,43176,28,,,0,61,,43175,28,,,0,20,,58372,28,,,0,23,,43213,28,,,0,63,,43177,28,,,0,26,,43179,28,,,0,66,,58375,28,,,0,26,,43201,28,,,0,28,,43183,28,,,0,67,,58373,28,,,0,27,,43181,28,,,0,67,,43182,28,,,0,26,,43185,28,,,0,66,,58374,28,,,0,27,,43202,28,,,0,66,,43186,28,,,0,29,,43184,28,,,0,16,,58376,28,,,0,73,,43188,28,,,0,103,,43210,28,,,0,30,,43204,28,,,0,172,,43194,28,,,0,22,,43193,28,,,0,65,,43195,28,,,0,27,,43196,28,,,0,68,,43197,28,,,0,28,,43198,28,,,0,68,,43199,28,,,0,29,,43200,28,,,0,70,,43206,28,,,0,38,,43207,28,,,0,78,,43205,28,,,0,80,,43208,28,,,0
2801,'5373',1654,,43314,28,,,0
2801,'5377',638,,43316,28,,,0,96,,43317,28,,,0,70,,43318,28,,,0,30,,43319,28,,,0,70,,43315,28,,,0,32,,43320,28,,,0,71,,43321,28,,,0,29,,43322,28,,,0,67,,43323,28,,,0,27,,43324,28,,,0,26,,43325,28,,,0,65,,43326,28,,,0,24,,43327,28,,,0,64,,43328,28,,,0,23,,43329,28,,,0,23,,43330,28,,,0,63,,43331,28,,,0,23,,43332,28,,,0,63,,43333,28,,,0,23,,43334,28,,,0,23,,43335,28,,,0,63,,43336,28,,,0,22,,43337,28,,,0,22,,43338,28,,,0,63,,43339,28,,,0,24,,43340,28,,,0,62,,43341,28,,,0,23,,43342,28,,,0,23,,43343,28,,,0,65,,43344,28,,,0,25,,43345,28,,,0,66,,43346,28,,,0,28,,43347,28,,,0,70,,43348,28,,,0,30,,43349,28,,,0,70,,43350,28,,,0,40,,43351,28,,,0,79,,43352,28,,,0,83,,43353,28,,,0
2801,'5381',1654,,43264,28,,,0
2801,'5383',659,,58379,28,,,0,73,,58380,28,,,0,71,,58381,28,,,0,29,,58382,28,,,0,68,,58383,28,,,0,28,,58384,28,,,0,27,,58385,28,,,0,67,,58386,28,,,0,27,,58378,28,,,0,64,,58387,28,,,0,22,,58388,28,,,0,23,,58389,28,,,0,63,,58390,28,,,0,23,,58391,28,,,0,63,,58393,28,,,0,22,,58392,28,,,0,23,,58394,28,,,0,64,,58395,28,,,0,22,,58396,28,,,0,62,,58399,28,,,0,20,,58400,28,,,0,21,,58397,28,,,0,60,,58398,28,,,0,21,,58401,28,,,0,20,,58402,28,,,0,60,,58403,28,,,0,19,,58404,28,,,0,19,,58405,28,,,0,61,,58406,28,,,0,20,,58407,28,,,0,20,,58408,28,,,0,60,,58409,28,,,0,20,,58410,28,,,0,23,,58411,28,,,0,66,,58412,28,,,0,28,,58413,28,,,0,69,,58414,28,,,0,30,,58415,28,,,0,68,,58416,28,,,0,29,,58417,28,,,0,72,,58418,28,,,0,31,,58419,28,,,0,70,,58420,28,,,0,31,,58421,28,,,0,68,,58422,28,,,0,28,,58423,28,,,0,69,,58424,28,,,0
2801,'5384',638,,58428,28,,,0,96,,58429,28,,,0,70,,58430,28,,,0,30,,58431,28,,,0,70,,58427,28,,,0,32,,58432,28,,,0,71,,58433,28,,,0,29,,58434,28,,,0,67,,58435,28,,,0,27,,58436,28,,,0,26,,58437,28,,,0,65,,58438,28,,,0,24,,58439,28,,,0,64,,58440,28,,,0,23,,58441,28,,,0,23,,58442,28,,,0,63,,58443,28,,,0,23,,58444,28,,,0,63,,58445,28,,,0,23,,58446,28,,,0,23,,58447,28,,,0,63,,58448,28,,,0,22,,58449,28,,,0,22,,58450,28,,,0,63,,58451,28,,,0,24,,58452,28,,,0,62,,58453,28,,,0,23,,58454,28,,,0,23,,58455,28,,,0,65,,58456,28,,,0,25,,58457,28,,,0,66,,58458,28,,,0,28,,58459,28,,,0,70,,58460,28,,,0,30,,58461,28,,,0,70,,58462,28,,,0,40,,58463,28,,,0,79,,58464,28,,,0,83,,58465,28,,,0
2801,'5385',603,,58466,28,,,0,28,,58471,28,,,0,24,,58467,28,,,0,62,,58469,28,,,0,12,,58470,28,,,0,13,,58488,28,,,0,13,,58468,28,,,0,53,,58501,28,,,0,12,,58472,28,,,0,13,,58485,28,,,0,12,,58474,28,,,0,61,,58473,28,,,0,20,,58476,28,,,0,23,,58511,28,,,0,63,,58475,28,,,0,26,,58477,28,,,0,66,,58489,28,,,0,26,,58499,28,,,0,28,,58481,28,,,0,67,,58478,28,,,0,27,,58479,28,,,0,67,,58480,28,,,0,26,,58483,28,,,0,66,,58487,28,,,0,27,,58500,28,,,0,66,,58484,28,,,0,29,,58482,28,,,0,16,,58507,28,,,0,73,,58486,28,,,0,103,,58508,28,,,0,30,,58502,28,,,0,172,,58492,28,,,0,22,,58491,28,,,0,65,,58493,28,,,0,27,,58494,28,,,0,68,,58495,28,,,0,28,,58496,28,,,0,68,,58497,28,,,0,29,,58498,28,,,0,70,,58504,28,,,0,38,,58505,28,,,0,78,,58503,28,,,0,80,,58506,28,,,0
2801,'5387',1654,,58512,28,,,0
2801,'5388',1654,,58513,28,,,0
1002200,'4663',920,,62901,5,,,0,195,,62898,5,0,21 22,0,230,,62899,5,0,21 22,0,205,,62897,5,0,21 22,0,101,,62902,5,0,21 22,0,198,,62900,5,0,21 22,0
1002200,'5372',920,,51569,5,,,0,195,,51566,5,0,21 22,0,230,,51567,5,0,21 22,0,205,,51565,5,0,21 22,0,101,,51570,5,0,21 22,0,198,,51568,5,0,21 22,0
1002200,'5385',920,,62907,5,,,0,195,,62904,5,0,21 22,0,230,,62905,5,0,21 22,0,205,,62903,5,0,21 22,0,101,,62908,5,0,21 22,0,198,,62906,5,0,21 22,0
