1400,'4332',639,,49099,23,,,0,61,,49100,23,,,0,19,,49083,23,,,0,17,,49098,23,,,0,16,,49077,23,,,0,55,,49082,23,,,0,15,,49081,23,,,0,15,,49097,23,,,0,15,,49095,23,,,0,55,,49080,23,,,0,15,,49076,23,,,0,15,,49096,23,,,0,15,,49075,23,,,0,55,,49085,23,,,0,15,,49087,23,,,0,15,,49101,23,,,0,15,,49103,23,,,0,55,,49088,23,,,0,16,,49079,23,,,0,15,,49102,23,,,0,16,,49078,23,,,0,55,,49084,23,,,0,15,,49091,23,,,0,15,,49104,23,,,0,15,,49089,23,,,0,55,,49105,23,,,0,15,,49090,23,,,0,15,,49092,23,,,0,15,,49106,23,,,0,55,,49094,23,,,0,15,,49086,23,,,0,16,,49093,23,,,0,15,,49117,23,,,0,55,,49115,23,,,0,15,,49118,23,,,0,15,,49112,23,,,0,15,,49111,23,,,0,55,,49108,23,,,0,15,,49119,23,,,0,14,,49113,23,,,0,15,,49114,23,,,0,55,,49121,23,,,0,15,,49116,23,,,0,15,,49109,23,,,0,15,,49110,23,,,0,54,,49120,23,,,0,15,,49107,23,,,0,14,,49125,23,,,0,15,,49122,23,,,0,55,,49123,23,,,0,15,,49124,23,,,0,17,,49126,23,,,0,20,,49128,23,,,0,60,,49129,23,,,0,21,,49130,23,,,0,60,,49131,23,,,0,20,,49127,23,,,0,20,,49135,23,,,0,60,,49134,23,,,0,21,,49133,23,,,0,27,,49132,23,,,0,70,,49136,23,,,0,30,,51622,23,,,0,71,,49138,23,,,0,30,,49139,23,,,0,69,,39812,23,,,0,30,,39813,23,,,0,70,,49140,23,,,0
1400,'4661',559,,49326,23,,,0,60,,49334,23,,,0,16,,49345,23,,,0,16,,49327,23,,,0,55,,49354,23,,,0,13,,49335,23,,,0,13,,49373,23,,,0,13,,49337,23,,,0,13,,49328,23,,,0,55,,49346,23,,,0,13,,49331,23,,,0,5,,39670,23,0,5,0,5,,49384,23,0,5,0,5,,49362,23,,,0,14,,49338,23,,,0,53,,49329,23,,,0,14,,49347,23,,,0,13,,49332,23,,,0,14,,49374,23,,,0,55,,49339,23,,,0,15,,49333,23,,,0,15,,49348,23,,,0,15,,49330,23,,,0,55,,49361,23,,,0,15,,49336,23,,,0,15,,49343,23,,,0,15,,49342,23,,,0,55,,49376,23,,,0,15,,49344,23,,,0,15,,49390,23,,,0,15,,49341,23,,,0,55,,49352,23,,,0,30,,49353,23,,,0,15,,49351,23,,,0,55,,39626,23,,,0,15,,49375,23,,,0,15,,39654,23,,,0,15,,49350,23,,,0,56,,49349,23,,,0,15,,49363,23,,,0,15,,49360,23,,,0,14,,49358,23,,,0,55,,49359,23,,,0,15,,49357,23,,,0,15,,49391,23,,,0,15,,49355,23,,,0,54,,49364,23,,,0,16,,49356,23,,,0,15,,49386,23,,,0,15,,49370,23,,,0,55,,49365,23,,,0,16,,49367,23,,,0,15,,49366,23,,,0,15,,49368,23,,,0,56,,49369,23,,,0,31,,49371,23,,,0,19,,49372,23,,,0,60,,49381,23,,,0,20,,49380,23,,,0,20,,49377,23,,,0,60,,49382,23,,,0,20,,49378,23,,,0,19,,49379,23,,,0,62,,49383,23,,,0,30,,49387,23,,,0,70,,49385,23,,,0,30,,49388,23,,,0,71,,49389,23,,,0
1400,'4663',559,,49141,23,,,0,60,,49149,23,,,0,16,,49160,23,,,0,16,,49142,23,,,0,55,,49169,23,,,0,13,,49150,23,,,0,13,,49188,23,,,0,13,,49152,23,,,0,13,,49143,23,,,0,55,,49161,23,,,0,13,,49146,23,,,0,5,,39744,23,0,5,0,5,,49199,23,0,5,0,5,,49177,23,,,0,14,,49153,23,,,0,53,,49144,23,,,0,14,,49162,23,,,0,13,,49147,23,,,0,14,,49189,23,,,0,55,,49154,23,,,0,15,,49148,23,,,0,15,,49163,23,,,0,15,,49145,23,,,0,55,,49176,23,,,0,15,,49151,23,,,0,15,,49158,23,,,0,15,,49157,23,,,0,55,,49191,23,,,0,15,,49159,23,,,0,15,,49205,23,,,0,15,,49156,23,,,0,55,,49167,23,,,0,15,,51623,23,,,0,15,,49168,23,,,0,15,,49166,23,,,0,55,,39695,23,,,0,15,,49190,23,,,0,15,,39724,23,,,0,15,,49165,23,,,0,56,,49164,23,,,0,15,,49178,23,,,0,15,,49175,23,,,0,14,,49173,23,,,0,55,,49174,23,,,0,15,,49172,23,,,0,15,,49210,23,,,0,15,,49170,23,,,0,54,,49179,23,,,0,16,,51624,23,,,0,15,,49201,23,,,0,15,,49185,23,,,0,55,,51626,23,,,0,16,,49182,23,,,0,15,,49181,23,,,0,15,,49183,23,,,0,56,,49184,23,,,0,15,,51625,23,,,0,16,,51627,23,,,0,19,,49187,23,,,0,60,,51629,23,,,0,20,,49195,23,,,0,20,,49192,23,,,0,60,,49197,23,,,0,20,,51628,23,,,0,19,,49194,23,,,0,62,,51630,23,,,0,30,,49202,23,,,0,70,,49200,23,,,0,30,,49203,23,,,0,71,,51631,23,,,0,30,,51632,23,,,0,70,,49209,23,,,0,30,,49206,23,,,0,70,,49208,23,,,0
1400,'5078',631,,49255,23,,,0,70,,49243,23,,,0,30,,49265,23,,,0,24,,49250,23,,,0,60,,49221,23,,,0,15,,49268,23,,,0,15,,49249,23,,,0,55,,49234,23,,,0,15,,49241,23,,,0,14,,49262,23,,,0,15,,49225,23,,,0,15,,49253,23,,,0,55,,49222,23,,,0,15,,49252,23,,,0,15,,49226,23,,,0,15,,49235,23,,,0,55,,49242,23,,,0,15,,49264,23,,,0,15,,49224,23,,,0,15,,49254,23,,,0,55,,49227,23,,,0,15,,49251,23,,,0,15,,49223,23,,,0,15,,49232,23,,,0,54,,49212,23,,,0,15,,49239,23,,,0,14,,49261,23,,,0,15,,49214,23,,,0,55,,49248,23,,,0,16,,49218,23,,,0,15,,49245,23,,,0,15,,49219,23,,,0,55,,49230,23,,,0,15,,49211,23,,,0,15,,49238,23,,,0,15,,49260,23,,,0,55,,49217,23,,,0,15,,49246,23,,,0,15,,49215,23,,,0,15,,49247,23,,,0,55,,49216,23,,,0,15,,49233,23,,,0,15,,49213,23,,,0,15,,49240,23,,,0,55,,49263,23,,,0,15,,49220,23,,,0,15,,49257,23,,,0,58,,49259,23,,,0,20,,49229,23,,,0,20,,49231,23,,,0,60,,49244,23,,,0,21,,49267,23,,,0,30,,49256,23,,,0,70,,49228,23,,,0,30,,49236,23,,,0,70,,49266,23,,,0,29,,49258,23,,,0,70,,49237,23,,,0
1400,'5079',631,,49313,23,,,0,70,,49301,23,,,0,30,,49322,23,,,0,24,,49308,23,,,0,60,,49279,23,,,0,15,,49325,23,,,0,15,,49307,23,,,0,55,,49292,23,,,0,15,,49299,23,,,0,14,,49320,23,,,0,15,,49283,23,,,0,15,,49311,23,,,0,55,,49280,23,,,0,15,,49310,23,,,0,15,,49284,23,,,0,15,,49293,23,,,0,55,,49300,23,,,0,15,,39927,23,,,0,15,,49282,23,,,0,15,,49312,23,,,0,55,,49285,23,,,0,15,,49309,23,,,0,15,,49281,23,,,0,15,,49290,23,,,0,54,,49270,23,,,0,15,,49297,23,,,0,14,,49319,23,,,0,15,,49272,23,,,0,55,,49306,23,,,0,16,,49276,23,,,0,15,,49303,23,,,0,15,,49277,23,,,0,55,,49288,23,,,0,15,,49269,23,,,0,15,,49296,23,,,0,15,,49318,23,,,0,55,,49275,23,,,0,15,,49304,23,,,0,15,,49273,23,,,0,15,,49305,23,,,0,55,,49274,23,,,0,15,,49291,23,,,0,15,,49271,23,,,0,15,,49298,23,,,0,55,,49321,23,,,0,15,,49278,23,,,0,15,,49315,23,,,0,58,,49317,23,,,0,20,,49287,23,,,0,20,,49289,23,,,0,60,,49302,23,,,0,21,,49324,23,,,0,30,,49314,23,,,0,70,,49286,23,,,0,30,,49294,23,,,0,70,,49323,23,,,0,29,,49316,23,,,0,70,,49295,23,,,0
1400,'5214',1319,,49340,23,,,0
1400,'5215',1921,,39815,23,,,0
1400,'5217',1319,,51633,23,,,0
1400,'5218',1921,,51634,23,,,0
1400,'5220',1921,,51635,23,,,0
