301,'4623',609,,63798,13,,,0,37,,63796,23,,,0,76,,63795,23,,,0,79,,63797,23,,,0,42,,63794,23,,,0,75,,63787,23,,,0,36,,63786,23,,,0,71,,63785,23,,,0,30,,63788,23,,,0,70,,63783,23,,,0,31,,63784,23,,,0,71,,63790,23,,,0,75,,63782,23,,,0,30,,63781,23,,,0,70,,63789,23,,,0,32,,63780,23,,,0,73,,63779,23,,,0,35,,63791,23,,,0,74,,63778,23,,,0,35,,63777,23,,,0,73,,63793,23,,,0,31,,63776,23,,,0,74,,63775,23,,,0,24,,63792,23,,,0,69,,63774,23,,,0,30,,63773,23,,,0,65,,63771,23,,,0,24,,63772,23,,,0,70,,63770,23,,,0
301,'4833',725,,63820,23,,,0,30,,63806,23,,,0,71,,63799,23,,,0,30,,63812,23,,,0,71,,63807,23,,,0,31,,63823,23,,,0,71,,63811,23,,,0,71,,63800,23,,,0,29,,63822,23,,,0,30,,63814,23,,,0,72,,63802,23,,,0,70,,63824,23,,,0,30,,63813,23,,,0,71,,63801,23,,,0,30,,63808,23,,,0,74,,63805,23,,,0,33,,63803,23,,,0,78,,63804,23,,,0,28,,63809,23,,,0,76,,63815,23,,,0,24,,63810,23,,,0,74,,63817,23,,,0,28,,63816,23,,,0,71,,63818,23,,,0,24,,63819,23,,,0,70,,63825,23,,,0,30,,63821,23,,,0,69,,63826,23,,,0
301,'5015',725,,63848,23,,,0,30,,63834,23,,,0,71,,63827,23,,,0,30,,63840,23,,,0,71,,63835,23,,,0,31,,63851,23,,,0,71,,63839,23,,,0,71,,63828,23,,,0,29,,63850,23,,,0,30,,63842,23,,,0,72,,63830,23,,,0,70,,63852,23,,,0,30,,63841,23,,,0,71,,63829,23,,,0,30,,63836,23,,,0,74,,63833,23,,,0,33,,63831,23,,,0,78,,63832,23,,,0,28,,63837,23,,,0,76,,63843,23,,,0,24,,63838,23,,,0,74,,63845,23,,,0,28,,63844,23,,,0,71,,63846,23,,,0,24,,63847,23,,,0,70,,63853,23,,,0,30,,63849,23,,,0,69,,63854,23,,,0
301,'5078',740,,53138,23,,,0,86,,53126,23,,,0,80,,53139,23,,,0,46,,53132,23,,,0,76,,53137,23,,,0,80,,53125,23,,,0,20,,53133,23,,,0,31,,53128,23,,,0,69,,53127,23,,,0,30,,53134,23,,,0,72,,53131,23,,,0,70,,53130,23,,,0,30,,53129,23,,,0,77,,53135,23,,,0,28,,53136,23,,,0,81,,53142,23,,,0,23,,53140,23,,,0,73,,53141,23,,,0,26,,53146,23,,,0,70,,53144,23,,,0,29,,53143,23,,,0,70,,53145,23,,,0,30,,53147,23,,,0,74,,53148,23,,,0
301,'5222',609,,63883,13,,,0,37,,63881,23,,,0,76,,63880,23,,,0,79,,63882,23,,,0,42,,63879,23,,,0,75,,63872,23,,,0,36,,63871,23,,,0,71,,63870,23,,,0,30,,63873,23,,,0,70,,63868,23,,,0,31,,63869,23,,,0,71,,63875,23,,,0,75,,63867,23,,,0,30,,63866,23,,,0,70,,63874,23,,,0,32,,63865,23,,,0,73,,63864,23,,,0,35,,63876,23,,,0,74,,63863,23,,,0,35,,63862,23,,,0,73,,63878,23,,,0,31,,63861,23,,,0,74,,63860,23,,,0,24,,63877,23,,,0,69,,63859,23,,,0,30,,63858,23,,,0,65,,63856,23,,,0,24,,63857,23,,,0,70,,63855,23,,,0
301,'5365',740,,63897,23,,,0,86,,63885,23,,,0,80,,63898,23,,,0,46,,63891,23,,,0,76,,63896,23,,,0,80,,63884,23,,,0,20,,63892,23,,,0,31,,63887,23,,,0,69,,63886,23,,,0,30,,63893,23,,,0,72,,63890,23,,,0,70,,63889,23,,,0,30,,63888,23,,,0,77,,63894,23,,,0,28,,63895,23,,,0,81,,63901,23,,,0,23,,63899,23,,,0,73,,63900,23,,,0,26,,63905,23,,,0,70,,63903,23,,,0,29,,63902,23,,,0,70,,63904,23,,,0,30,,63906,23,,,0,74,,63907,23,,,0
301,'5390',740,,63921,23,,,0,86,,63909,23,,,0,80,,63922,23,,,0,46,,63915,23,,,0,76,,63920,23,,,0,80,,63908,23,,,0,20,,63916,23,,,0,31,,63911,23,,,0,69,,63910,23,,,0,30,,63917,23,,,0,72,,63914,23,,,0,70,,63913,23,,,0,30,,63912,23,,,0,77,,63918,23,,,0,28,,63919,23,,,0,81,,63925,23,,,0,23,,63923,23,,,0,73,,63924,23,,,0,26,,63929,23,,,0,70,,63927,23,,,0,29,,63926,23,,,0,70,,63928,23,,,0,30,,63930,23,,,0,74,,63931,23,,,0
14000701,'4623',2143,,77681,11,,,0,71,,77682,11,,,0,31,,77684,11,,,0,67,,77683,11,,,0,37,,77685,11,,,0,67,,77686,11,,,0
14000701,'4833',2143,,77687,11,,,0,72,,77688,11,,,0,30,,77690,11,,,0,69,,77689,11,,,0,36,,77691,11,,,0,67,,77692,11,,,0
14000701,'5015',2143,,77693,11,,,0,72,,77694,11,,,0,30,,77696,11,,,0,69,,77695,11,,,0,36,,77697,11,,,0,67,,77698,11,,,0
14000701,'5078',2042,,63111,11,,,0,70,,63113,11,,,0,40,,63112,11,,,0,62,,63114,11,,,0,100,,63115,11,,,0,103,,63116,11,,,0
14000701,'5222',2143,,77699,11,,,0,71,,77700,11,,,0,31,,77702,11,,,0,67,,77701,11,,,0,37,,77703,11,,,0,67,,77704,11,,,0
14000701,'5365',2042,,77705,11,,,0,70,,77707,11,,,0,40,,77706,11,,,0,62,,77708,11,,,0,100,,77709,11,,,0,103,,77710,11,,,0
14000701,'5390',2042,,77711,11,,,0,70,,77713,11,,,0,40,,77712,11,,,0,62,,77714,11,,,0,100,,77715,11,,,0,103,,77716,11,,,0
