3001,'4332',647,,58669,24,,,0,87,,58670,24,,,0,80,,58671,24,,,0,33,,58668,24,,,0,71,,58672,24,,,0,32,,58673,24,,,0,72,,58674,24,,,0,29,,58675,24,,,0,70,,58676,24,,,0,29,,58677,24,,,0,70,,58678,24,,,0,29,,58679,24,,,0,68,,58680,24,,,0,30,,58681,24,,,0,70,,58682,24,,,0,30,,58683,24,,,0,70,,58684,24,,,0,30,,58685,24,,,0,71,,58686,24,,,0,30,,58687,24,,,0,70,,58688,24,,,0,31,,58689,24,,,0,75,,58690,24,,,0,80,,58691,24,,,0,41,,58692,24,,,0,81,,58693,24,,,0,95,,58694,24,,,0,100,,58695,24,,,0,111,,58696,24,,,0,92,,58697,24,,,0
3001,'4661',619,,58725,24,,,0,31,,58726,24,,,0,74,,58727,24,,,0,28,,58728,24,,,0,70,,58729,24,,,0,33,,58730,24,,,0,67,,58731,24,,,0,30,,58732,24,,,0,69,,58733,24,,,0,31,,58734,24,,,0,70,,58735,24,,,0,30,,58736,24,,,0,72,,58737,24,,,0,30,,58738,24,,,0,70,,58739,24,,,0,32,,58740,24,,,0,70,,58741,24,,,0,31,,58742,24,,,0,73,,58743,24,,,0,72,,58744,24,,,0,32,,58745,24,,,0,72,,58746,24,,,0,34,,58747,24,,,0,68,,58748,24,,,0,28,,58749,24,,,0,76,,58750,24,,,0,39,,58751,24,,,0,78,,58752,24,,,0,94,,58753,24,,,0,99,,58754,24,,,0,108,,58755,24,,,0,91,,58756,24,,,0
3001,'4663',619,,58636,24,,,0,31,,58637,24,,,0,74,,58638,24,,,0,28,,58639,24,,,0,70,,58640,24,,,0,33,,58641,24,,,0,67,,58642,24,,,0,30,,58643,24,,,0,69,,58644,24,,,0,31,,58645,24,,,0,70,,58646,24,,,0,30,,58647,24,,,0,72,,58648,24,,,0,30,,58649,24,,,0,70,,58650,24,,,0,32,,58651,24,,,0,70,,58652,24,,,0,31,,58653,24,,,0,73,,58654,24,,,0,72,,58655,24,,,0,32,,58656,24,,,0,72,,58657,24,,,0,34,,58658,24,,,0,68,,58659,24,,,0,28,,58660,24,,,0,76,,58661,24,,,0,39,,58662,24,,,0,78,,58663,24,,,0,94,,58664,24,,,0,99,,58665,24,,,0,108,,58666,24,,,0,91,,58667,24,,,0
3001,'5078',748,,58698,24,,,0,102,,58699,24,,,0,81,,58700,24,,,0,80,,58701,24,,,0,38,,58702,24,,,0,70,,58703,24,,,0,30,,58704,24,,,0,70,,58705,24,,,0,29,,58706,24,,,0,70,,58707,24,,,0,30,,58708,24,,,0,70,,58709,24,,,0,30,,58710,24,,,0,70,,58711,24,,,0,31,,58712,24,,,0,69,,58713,24,,,0,31,,58714,24,,,0,70,,58715,24,,,0,32,,58716,24,,,0,75,,58717,24,,,0,80,,58718,24,,,0,40,,58719,24,,,0,81,,58720,24,,,0,95,,58721,24,,,0,100,,58722,24,,,0,106,,58723,24,,,0,106,,58724,24,,,0
3101,'4332',708,,58915,20,,,0,46,,58916,20,,,0,77,,58917,20,,,0,71,,58918,20,,,0,32,,58919,20,,,0,72,,58920,20,,,0,30,,58921,20,,,0,70,,58922,20,,,0,29,,58923,20,,,0,70,,58924,20,,,0,29,,58925,20,,,0,68,,58926,20,,,0,30,,58927,20,,,0,70,,58928,20,,,0,30,,58929,20,,,0,70,,58930,20,,,0,30,,58931,20,,,0,71,,58932,20,,,0,30,,58933,20,,,0,70,,58934,20,,,0,31,,58935,20,,,0,70,,58936,20,,,0,40,,58937,20,,,0,81,,58938,20,,,0,80,,58939,20,,,0,46,,58940,20,,,0,100,,58941,20,,,0,101,,58942,20,,,0,150,,58943,20,,,0,57,,58944,20,0,27 49,0
3101,'4661',559,,58973,20,,,0,76,,58974,20,,,0,74,,58975,20,,,0,28,,58976,20,,,0,70,,58972,20,,,0,30,,58977,20,,,0,70,,58978,20,,,0,30,,58979,20,,,0,69,,58980,20,,,0,30,,58981,20,,,0,69,,58982,20,,,0,32,,58983,20,,,0,71,,58984,20,,,0,31,,58985,20,,,0,70,,58986,20,,,0,31,,58987,20,,,0,71,,58988,20,,,0,29,,58989,20,,,0,73,,58990,20,,,0,32,,58991,20,,,0,71,,58992,20,,,0,35,,58993,20,,,0,72,,58994,20,,,0,30,,58995,20,,,0,69,,58996,20,,,0,29,,58997,20,,,0,82,,58998,20,,,0,74,,58999,20,,,0,46,,59000,20,,,0,100,,59001,20,,,0,99,,59002,20,,,0,101,,59003,20,,,0,106,,59004,20,0,27 49,0
3101,'4663',559,,58882,20,,,0,76,,58883,20,,,0,74,,58884,20,,,0,28,,58885,20,,,0,70,,58881,20,,,0,30,,58886,20,,,0,70,,58887,20,,,0,30,,58888,20,,,0,69,,58889,20,,,0,30,,58890,20,,,0,69,,58891,20,,,0,32,,58892,20,,,0,71,,58893,20,,,0,31,,58894,20,,,0,70,,58895,20,,,0,31,,58896,20,,,0,71,,58897,20,,,0,29,,58898,20,,,0,73,,58899,20,,,0,32,,58900,20,,,0,71,,58901,20,,,0,35,,58902,20,,,0,72,,58903,20,,,0,30,,58904,20,,,0,69,,58905,20,,,0,29,,58906,20,,,0,82,,58907,20,,,0,74,,58908,20,,,0,46,,58909,20,,,0,100,,58910,20,,,0,99,,58911,20,,,0,101,,58912,20,,,0,106,,58913,20,0,27 49,0
3101,'5078',718,,58946,20,,,0,102,,58947,20,,,0,91,,58948,20,,,0,40,,58949,20,,,0,78,,58945,20,,,0,75,,58950,20,,,0,30,,58951,20,,,0,70,,58952,20,,,0,29,,58953,20,,,0,70,,58954,20,,,0,30,,58955,20,,,0,70,,58956,20,,,0,30,,58957,20,,,0,70,,58958,20,,,0,30,,58959,20,,,0,70,,58960,20,,,0,30,,58961,20,,,0,71,,58962,20,,,0,31,,58963,20,,,0,71,,58964,20,,,0,40,,58965,20,,,0,80,,58966,20,,,0,81,,58967,20,,,0,47,,58968,20,,,0,98,,58969,20,,,0,100,,58970,20,,,0,106,,58971,20,,,0
3201,'4661',722,,59114,29,,,0,83,,59115,29,,,0
3201,'4663',722,,59068,29,,,0,83,,59069,29,,,0
4700,'4661',702,,59616,45,,,0,23,,59615,45,,,0,26,,59614,45,,,0
4700,'4663',702,,59613,45,,,0,23,,59612,45,,,0,26,,59611,45,,,0
4800,'4661',700,,59628,49,,,0,26,,59627,49,,,0,30,,59626,49,,,0
4800,'4663',700,,59625,49,,,0,26,,59624,49,,,0,30,,59623,49,,,0
5300,'4661',735,,60010,43,,,0
5300,'4663',735,,59985,43,,,0
6100,'4661',603,,60837,69,,,0,43,,60835,69,,,0,56,,60838,69,,,0,22,,60839,69,,,0,26,,60841,69,,,0,59,,60845,69,,,0,18,,60852,69,,,0,28,,60854,69,,,0
6100,'4663',603,,60746,69,,,0,43,,60744,69,,,0,56,,60747,69,,,0,22,,60748,69,,,0,26,,60750,69,,,0,59,,60754,69,,,0,18,,60761,69,,,0,28,,60763,69,,,0
6500,'4661',627,,61036,54,,,0,104,,61038,54,,,0,28,,61039,54,,,0,81,,61037,54,,,0
6500,'4663',627,,61032,54,,,0,104,,61034,54,,,0,28,,61035,54,,,0,81,,61033,54,,,0
7001,'4332',936,,61163,12,,,0,103,,61164,12,,,0,102,,61165,12,,,0,101,,61166,12,,,0,101,,61167,12,,,0,102,,61168,12,,,0,100,,61169,12,,,0,98,,61170,12,,,0,97,,61171,12,,,0,96,,61172,12,,,0,100,,61173,12,,,0,100,,61176,12,,,0,98,,61174,12,,,0,199,,61175,12,,,0
7001,'4661',735,,61198,12,,,0,107,,61193,12,,,0,97,,61201,12,,,0,98,,61194,12,,,0,204,,61207,12,,,0,101,,61205,12,,,0,101,,61195,12,,,0,106,,61200,12,,,0,98,,61203,12,,,0,68,,61196,12,,,0,33,,61197,12,,,0,94,,61199,12,,,0,97,,61202,12,,,0,100,,61209,12,,,0,100,,61204,12,,,0,98,,61208,12,,,0,99,,61206,12,,,0
7001,'4663',735,,61150,12,,,0,107,,61144,12,,,0,97,,61153,12,,,0,98,,61145,12,,,0,104,,61146,12,,,0,100,,61159,12,,,0,101,,61157,12,,,0,101,,61147,12,,,0,106,,61152,12,,,0,98,,61155,12,,,0,68,,61148,12,,,0,33,,61149,12,,,0,94,,61151,12,,,0,97,,61154,12,,,0,100,,61161,12,,,0,100,,61156,12,,,0,98,,61160,12,,,0,99,,61158,12,,,0
7001,'4674',1141,,61162,12,,,0
7001,'4677',1141,,61210,12,,,0
7001,'5078',936,,61177,12,,,0,100,,61191,12,,,0,101,,61178,12,,,0,100,,61179,12,,,0,104,,61180,12,,,0,100,,61181,12,,,0,102,,61182,12,,,0,97,,61183,12,,,0,102,,61184,12,,,0,96,,61185,12,,,0,101,,61186,12,,,0,100,,61187,12,,,0,99,,61188,12,,,0,101,,61192,12,,,0,97,,61189,12,,,0,98,,61190,12,,,0
7101,'4661',639,,61222,32,,,0,71,,61221,32,,,0,91,,61220,32,,,0
7101,'4663',639,,61219,32,,,0,71,,61218,32,,,0,91,,61217,32,,,0
7201,'4332',648,,61424,53,,,0,104,,61394,53,,,0,100,,61395,53,,,0,73,,61396,53,,,0,33,,61397,53,,,0,70,,61398,53,,,0,72,,61399,53,,,0,31,,61400,53,,,0,71,,61401,53,,,0,30,,61402,53,,,0,70,,61393,53,,,0,30,,61403,53,,,0,69,,61404,53,,,0,31,,61405,53,,,0,74,,61406,53,,,0,31,,61407,53,,,0,68,,61408,53,,,0,32,,61409,53,,,0,68,,61410,53,,,0,27,,61411,53,,,0,27,,61412,53,,,0,70,,61413,53,,,0,28,,61414,53,,,0,70,,61415,53,,,0,28,,61416,53,,,0,70,,61417,53,,,0,31,,61418,53,,,0,68,,61419,53,,,0,30,,61420,53,,,0,100,,61421,53,,,0,97,,61422,53,,,0,97,,61423,53,,,0
7201,'4661',621,,61476,53,,,0,82,,61466,53,,,0,32,,61477,53,,,0,75,,61468,53,,,0,32,,61455,53,,,0,87,,61475,53,,,0,29,,61481,53,,,0,70,,61460,53,,,0,31,,61474,53,,,0,70,,61467,53,,,0,73,,61452,53,,,0,30,,61478,53,,,0,70,,61465,53,,,0,31,,61459,53,,,0,70,,61453,53,,,0,31,,61454,53,,,0,106,,61458,53,,,0,71,,61482,53,,,0,31,,61457,53,,,0,66,,61461,53,,,0,28,,61464,53,,,0,68,,61463,53,,,0,96,,61462,53,,,0,30,,61483,53,,,0,28,,61470,53,,,0,70,,61471,53,,,0,30,,61469,53,,,0,70,,61472,53,,,0,30,,61473,53,,,0,96,,61480,53,,,0,96,,61479,53,,,0,99,,61484,53,,,0
7201,'4663',621,,61381,53,,,0,82,,61371,53,,,0,32,,61382,53,,,0,75,,61373,53,,,0,32,,61357,53,,,0,60,,61359,53,,,0,27,,61380,53,,,0,29,,61386,53,,,0,70,,61364,53,,,0,31,,61379,53,,,0,70,,61372,53,,,0,73,,61354,53,,,0,30,,61383,53,,,0,70,,61370,53,,,0,31,,61363,53,,,0,70,,61355,53,,,0,31,,61356,53,,,0,75,,61358,53,,,0,31,,61362,53,,,0,71,,61387,53,,,0,31,,61361,53,,,0,66,,61365,53,,,0,28,,61369,53,,,0,68,,61367,53,,,0,29,,61368,53,,,0,67,,61366,53,,,0,30,,61388,53,,,0,28,,61375,53,,,0,70,,61376,53,,,0,30,,61374,53,,,0,70,,61377,53,,,0,30,,61378,53,,,0,96,,61385,53,,,0,96,,61384,53,,,0,99,,61389,53,,,0
7201,'4674',902,,61391,53,,,0,607,,61390,53,,,0,324,,61392,53,,,0
7201,'4677',902,,61485,53,,,0,604,,61486,53,,,0,327,,61487,53,,,0
7201,'5078',750,,61426,53,,,0,102,,61427,53,,,0,102,,61428,53,,,0,146,,61429,53,,,0,100,,61430,53,,,0,30,,61431,53,,,0,70,,61425,53,,,0,30,,61432,53,,,0,70,,61433,53,,,0,30,,61435,53,,,0,70,,61436,53,,,0,31,,61437,53,,,0,69,,61434,53,,,0,30,,61438,53,,,0,29,,61439,53,,,0,70,,61440,53,,,0,74,,61441,53,,,0,28,,61442,53,,,0,70,,61443,53,,,0,29,,61444,53,,,0,70,,61445,53,,,0,29,,61446,53,,,0,30,,61447,53,,,0,70,,61448,53,,,0,29,,61449,53,,,0,95,,61450,53,,,0,97,,61451,53,,,0
7501,'4332',818,,61662,48,,,0,102,,61663,48,,,0,114,,61664,50,,,0,72,,61687,29,,,0,32,,61665,50,,,0,68,,61684,29,,,0,33,,61666,50,,,0,70,,61667,50,,,0,31,,61668,50,,,0,70,,61669,50,,,0,30,,61670,50,,,0,73,,61671,50,,,0,30,,61672,50,,,0,70,,61673,50,,,0,30,,61674,50,,,0,70,,61675,50,,,0,30,,61676,50,,,0,67,,61685,29,,,0,29,,61677,50,,,0,65,,61686,29,,,0,29,,61678,50,,,0,98,,61679,50,,,0,100,,61680,50,,,0,100,,61681,50,,,0
7501,'4661',615,,61711,48,,,0,30,,61712,48,,,0,63,,61713,48,,,0,22,,61714,48,,,0,24,,61715,48,,,0,66,,61716,48,,,0,19,,61717,48,,,0,16,,61718,48,,,0,68,,61719,48,,,0,32,,61720,50,,,0,79,,61721,50,,,0,71,,61722,50,,,0,34,,61723,50,,,0,68,,61724,50,,,0,30,,61725,50,,,0,71,,61726,50,,,0,30,,61727,50,,,0,70,,61728,50,,,0,33,,61729,50,,,0,72,,61730,50,,,0,27,,61749,24,,,0,6,,61731,50,,,0,60,,61747,50,,,0,4,,61748,24,,,0,6,,61732,50,,,0,19,,61733,50,,,0,14,,61734,50,,,0,9,,61735,48,,,0,49,,61736,29,,,0,3,,61750,24,,,0,7,,61737,50,,,0,27,,61738,50,,,0,66,,61739,50,,,0,29,,61740,50,,,0,98,,61741,50,,,0,96,,61742,50,,,0,100,,61743,50,,,0,98,,61744,50,,,0
7501,'4663',615,,61620,48,,,0,30,,61621,48,,,0,63,,61622,48,,,0,22,,61623,48,,,0,24,,61624,48,,,0,66,,61625,48,,,0,19,,61626,48,,,0,16,,61627,48,,,0,68,,61628,48,,,0,32,,61629,50,,,0,79,,61630,50,,,0,71,,61631,50,,,0,34,,61632,50,,,0,68,,61633,50,,,0,30,,61634,50,,,0,71,,61635,50,,,0,30,,61636,50,,,0,70,,61637,50,,,0,33,,61638,50,,,0,72,,61639,50,,,0,27,,61658,24,,,0,6,,61640,50,,,0,60,,61656,50,,,0,4,,61657,24,,,0,6,,61641,50,,,0,19,,61642,50,,,0,14,,61643,50,,,0,9,,61644,48,,,0,49,,61645,29,,,0,3,,61659,24,,,0,7,,61646,50,,,0,27,,61647,50,,,0,66,,61648,50,,,0,29,,61649,50,,,0,98,,61650,50,,,0,96,,61651,50,,,0,100,,61652,50,,,0,98,,61653,50,,,0
7501,'5078',920,,61690,48,,,0,111,,61691,50,,,0,101,,61692,50,,,0,104,,61693,50,,,0,71,,61694,50,,,0,30,,61695,50,,,0,70,,61696,50,,,0,30,,61697,50,,,0,71,,61698,50,,,0,31,,61699,50,,,0,70,,61700,50,,,0,30,,61701,50,,,0,67,,61710,29,,,0,33,,61702,50,,,0,101,,61703,50,,,0,98,,61704,50,,,0,98,,61705,50,,,0,99,,61706,50,,,0,100,,61707,50,,,0
9500,'4332',619,,62145,18,0,15,0,32,,62146,18,0,15,0,62,,62147,18,0,15,0,15,,62148,18,0,15,0,15,,62149,18,0,15,0,15,,62150,18,0,15,0,56,,62151,18,0,15,0,16,,62152,18,0,15,0,15,,62153,18,0,15,0,14,,62154,18,0,15,0,54,,62155,18,0,15,0,15,,62156,18,0,15,0,15,,62157,18,0,15,0,15,,62158,18,0,15,0,54,,62159,18,0,15,0,15,,62160,18,0,15,0,14,,62161,18,0,15,0,15,,62162,18,0,15,0,55,,62163,18,0,15,0,15,,62164,18,0,15,0,14,,62165,18,0,15,0,13,,62166,18,0,15,0,52,,62167,18,0,15,0,11,,62168,18,0,15,0,12,,62169,18,0,15,0,12,,62170,18,0,15,0,12,,62171,18,0,15,0,52,,62172,18,0,15,0,11,,62173,18,0,15,0,12,,62174,18,0,15,0,12,,62175,18,0,15,0,13,,62176,18,0,15,0,52,,62177,18,0,15,0,11,,62178,18,0,15,0,12,,62179,18,0,15,0,11,,62180,18,0,15,0,11,,62181,18,0,15,0,52,,62182,18,0,15,0,13,,62183,18,0,15,0,12,,62184,18,0,15,0,12,,62185,18,0,15,0,13,,62186,18,0,15,0,52,,62187,18,0,15,0,12,,62188,18,0,15,0,13,,62189,18,0,15,0,12,,62190,18,0,15,0,12,,62191,18,0,15,0,53,,62192,18,0,15,0,12,,62193,18,0,15,0,12,,62194,18,0,15,0,12,,62195,18,0,15,0,13,,62196,18,0,15,0,52,,62197,18,0,15,0,13,,62198,18,0,15,0,16,,62199,18,0,15,0,15,,62200,18,0,15,0,56,,62201,18,0,15,0,15,,62202,18,0,15,0,15,,62203,18,0,15,0,15,,62204,18,0,15,0,55,,62205,18,0,15,0,15,,62206,18,0,15,0,16,,62207,18,0,15,0,15,,62208,18,0,15,0,55,,62209,18,0,15,0,15,,62210,18,0,15,0,20,,62211,18,0,15,0,60,,62212,18,0,15,0,20,,62213,18,0,15,0,20,,62214,18,0,15,0,71,,62215,18,0,15,0,30,,62216,18,0,15,0,70,,62217,18,0,15,0,30,,62218,18,0,15,0,69,,62219,18,0,15,0,30,,62220,18,0,15,0,70,,62221,18,0,15,0
9500,'4661',504,,62379,18,0,15,0,25,,62369,18,0,15,0,17,,62367,18,0,15,0,55,,62366,18,0,15,0,15,,62368,18,0,15,0,11,,62357,18,0,15,0,11,,62360,18,0,15,0,12,,62380,18,0,15,0,8,,62351,18,0,15,0,48,,62352,18,0,15,0,7,,62358,18,0,15,0,8,,62340,18,0,15,0,7,,62353,18,0,15,0,9,,62347,18,0,15,0,9,,62344,18,0,15,0,7,,62349,18,0,15,0,48,,62338,18,0,15,0,7,,62370,18,0,15,0,9,,62337,18,0,15,0,8,,62335,18,0,15,0,9,,62334,18,0,15,0,9,,62378,18,0,15,0,10,,62336,18,0,15,0,50,,62329,18,0,15,0,9,,62359,18,0,15,0,10,,62327,18,0,15,0,11,,62371,18,0,15,0,10,,62333,18,0,15,0,10,,62342,18,0,15,0,50,,62331,18,0,15,0,10,,62326,18,0,15,0,10,,62317,18,0,15,0,11,,62319,18,0,15,0,12,,62377,18,0,15,0,13,,62316,18,0,15,0,52,,62354,18,0,15,0,12,,62312,18,0,15,0,12,,62372,18,0,15,0,13,,62339,18,0,15,0,52,,62332,18,0,15,0,12,,62310,18,0,15,0,12,,62320,18,0,15,0,12,,62311,18,0,15,0,13,,62375,18,0,15,0,52,,62309,18,0,15,0,12,,62355,18,0,15,0,12,,62307,18,0,15,0,12,,62373,18,0,15,0,12,,62341,18,0,15,0,51,,62328,18,0,15,0,10,,62306,18,0,15,0,10,,62304,18,0,15,0,10,,62318,18,0,15,0,10,,62305,18,0,15,0,11,,62313,18,0,15,0,50,,62376,18,0,15,0,11,,62308,18,0,15,0,11,,62356,18,0,15,0,11,,62300,18,0,15,0,10,,62299,18,0,15,0,10,,62374,18,0,15,0,50,,62343,18,0,15,0,10,,62330,18,0,15,0,10,,62297,18,0,15,0,11,,62295,18,0,15,0,11,,62323,18,0,15,0,10,,62384,18,0,15,0,51,,62315,18,0,15,0,9,,62381,18,0,15,0,12,,62294,18,0,15,0,13,,62365,18,0,15,0,12,,62301,18,0,15,0,53,,62293,18,0,15,0,13,,62346,18,0,15,0,11,,62296,18,0,15,0,14,,62292,18,0,15,0,12,,62324,18,0,15,0,52,,62314,18,0,15,0,12,,62383,18,0,15,0,15,,62364,18,0,15,0,15,,62303,18,0,15,0,56,,62348,18,0,15,0,15,,62298,18,0,15,0,15,,62291,18,0,15,0,15,,62325,18,0,15,0,55,,62382,18,0,15,0,15,,62362,18,0,15,0,20,,62302,18,0,15,0,60,,62350,18,0,15,0,20,,62290,18,0,15,0,20,,62321,18,0,15,0,70,,62363,18,0,15,0,32,,62345,18,0,15,0,70,,62322,18,0,15,0,30,,62361,18,0,15,0
9500,'4663',504,,62139,18,0,15,0,25,,62129,18,0,15,0,17,,62127,18,0,15,0,55,,62126,18,0,15,0,15,,62128,18,0,15,0,11,,62117,18,0,15,0,11,,62120,18,0,15,0,12,,62140,18,0,15,0,8,,62111,18,0,15,0,48,,62112,18,0,15,0,7,,62118,18,0,15,0,8,,62100,18,0,15,0,7,,62113,18,0,15,0,9,,62107,18,0,15,0,9,,62104,18,0,15,0,7,,62109,18,0,15,0,48,,62098,18,0,15,0,7,,62130,18,0,15,0,9,,62097,18,0,15,0,8,,62095,18,0,15,0,9,,62094,18,0,15,0,9,,62138,18,0,15,0,10,,62096,18,0,15,0,50,,62089,18,0,15,0,9,,62119,18,0,15,0,10,,62087,18,0,15,0,11,,62131,18,0,15,0,10,,62093,18,0,15,0,10,,62102,18,0,15,0,50,,62091,18,0,15,0,10,,62086,18,0,15,0,10,,62077,18,0,15,0,11,,62079,18,0,15,0,12,,62137,18,0,15,0,13,,62076,18,0,15,0,52,,62114,18,0,15,0,12,,62072,18,0,15,0,12,,62132,18,0,15,0,13,,62099,18,0,15,0,52,,62092,18,0,15,0,12,,62070,18,0,15,0,12,,62080,18,0,15,0,12,,62071,18,0,15,0,13,,62135,18,0,15,0,52,,62069,18,0,15,0,12,,62115,18,0,15,0,12,,62067,18,0,15,0,12,,62133,18,0,15,0,12,,62101,18,0,15,0,51,,62088,18,0,15,0,10,,62066,18,0,15,0,10,,62064,18,0,15,0,10,,62078,18,0,15,0,10,,62065,18,0,15,0,11,,62073,18,0,15,0,50,,62136,18,0,15,0,11,,62068,18,0,15,0,11,,62116,18,0,15,0,11,,62060,18,0,15,0,10,,62059,18,0,15,0,10,,62134,18,0,15,0,50,,62103,18,0,15,0,10,,62090,18,0,15,0,10,,62057,18,0,15,0,11,,62055,18,0,15,0,11,,62083,18,0,15,0,10,,62144,18,0,15,0,51,,62075,18,0,15,0,9,,62141,18,0,15,0,12,,62054,18,0,15,0,13,,62125,18,0,15,0,12,,62061,18,0,15,0,53,,62053,18,0,15,0,13,,62106,18,0,15,0,11,,62056,18,0,15,0,14,,62051,18,0,15,0,12,,62084,18,0,15,0,52,,62074,18,0,15,0,12,,62143,18,0,15,0,15,,62124,18,0,15,0,15,,62063,18,0,15,0,56,,62108,18,0,15,0,15,,62058,18,0,15,0,15,,62049,18,0,15,0,15,,62085,18,0,15,0,55,,62142,18,0,15,0,15,,62122,18,0,15,0,20,,62062,18,0,15,0,60,,62110,18,0,15,0,20,,62047,18,0,15,0,20,,62081,18,0,15,0,70,,62123,18,0,15,0,32,,62105,18,0,15,0,70,,62082,18,0,15,0,30,,62121,18,0,15,0,70,,62052,18,0,15,0,30,,62048,18,0,15,0,70,,62050,18,0,15,0
9500,'5078',621,,62223,18,0,15,0,30,,62224,18,0,15,0,60,,62225,18,0,15,0,20,,62226,18,0,15,0,20,,62227,18,0,15,0,55,,62228,18,0,15,0,15,,62222,18,0,15,0,15,,62229,18,0,15,0,15,,62230,18,0,15,0,54,,62231,18,0,15,0,15,,62232,18,0,15,0,15,,62233,18,0,15,0,14,,62234,18,0,15,0,55,,62235,18,0,15,0,15,,62237,18,0,15,0,15,,62238,18,0,15,0,15,,62236,18,0,15,0,55,,62239,18,0,15,0,14,,62240,18,0,15,0,15,,62241,18,0,15,0,15,,62242,18,0,15,0,55,,62289,18,0,15,0,15,,62243,18,0,15,0,15,,62288,18,0,15,0,14,,62244,18,0,15,0,54,,62287,18,0,15,0,15,,62245,18,0,15,0,15,,62246,18,0,15,0,15,,62247,18,0,15,0,55,,62248,18,0,15,0,15,,62249,18,0,15,0,15,,62250,18,0,15,0,15,,62251,18,0,15,0,55,,62252,18,0,15,0,13,,62253,18,0,15,0,12,,62254,18,0,15,0,12,,62255,18,0,15,0,13,,62256,18,0,15,0,52,,62257,18,0,15,0,12,,62258,18,0,15,0,13,,62259,18,0,15,0,12,,62260,18,0,15,0,13,,62261,18,0,15,0,52,,62262,18,0,15,0,14,,62263,18,0,15,0,15,,62264,18,0,15,0,17,,62265,18,0,15,0,55,,62266,18,0,15,0,15,,62267,18,0,15,0,15,,62268,18,0,15,0,15,,62269,18,0,15,0,55,,62270,18,0,15,0,15,,62271,18,0,15,0,15,,62272,18,0,15,0,16,,62273,18,0,15,0,55,,62274,18,0,15,0,15,,62275,18,0,15,0,15,,62276,18,0,15,0,15,,62277,18,0,15,0,55,,62278,18,0,15,0,15,,62279,18,0,15,0,21,,62280,18,0,15,0,60,,62281,18,0,15,0,20,,62282,18,0,15,0,20,,62283,18,0,15,0,71,,62284,18,0,15,0,30,,62285,18,0,15,0,70,,62286,18,0,15,0
24007001,'4332',1135,,63211,11,,,0,201,,63212,11,,,0,204,,63213,11,,,0,194,,63214,11,,,0,196,,63215,11,,,0,199,,63216,11,,,0,392,,63217,10,0,27,0
24007001,'4661',1135,,63226,11,,,0,201,,63227,11,,,0,207,,63228,11,,,0,199,,63229,11,,,0,190,,63230,11,,,0,200,,63231,11,,,0,389,,63225,10,0,27,0
24007001,'4663',1135,,63205,11,,,0,201,,63206,11,,,0,207,,63207,11,,,0,199,,63208,11,,,0,190,,63209,11,,,0,200,,63210,11,,,0,389,,63204,10,0,27,0
24007001,'5078',1130,,63218,11,,,0,206,,63219,11,,,0,203,,63220,11,,,0,198,,63221,11,,,0,196,,63222,11,,,0,198,,63223,11,,,0,310,,63224,10,0,27,0
