1101,'4487',635,,18400,,,0,75,,18388,,,0,35,,18393,,,0,70,,18418,,,0,35,,18401,,,0,70,,18387,,,0,30,,18396,,,0,70,,18412,,,0,25,,18390,,,0,60,,18414,,,0,25,,18402,,,0,25,,18389,,,0,65,,18394,,,0,25,,18411,,,0,65,,18391,,,0,25,,18409,,,0,65,,18399,,,0,25,,18392,,,0,25,,18398,,,0,65,,18420,,,0,25,,18395,,,0,65,,18413,,,0,25,,18403,,,0,25,,18397,,,0,65,,18419,,,0,25,,18410,,,0,65,,18416,,,0,25,,18417,,,0,65,,18404,,,0,25,,18415,,,0,25,,18408,,,0,65,,18407,,,0,25,,18405,,,0,75,,18406,,,0,30,,18423,,,0,70,,18421,,,0,35,,18422,,,0,70,,18424,,,0,85,,18425,,,0
1101,'4743',635,,11470,,,0,75,,11458,,,0,35,,11463,,,0,70,,11488,,,0,35,,11471,,,0,70,,11457,,,0,30,,11466,,,0,70,,11482,,,0,25,,11460,,,0,60,,11484,,,0,25,,11472,,,0,25,,11459,,,0,65,,11464,,,0,25,,11481,,,0,65,,11461,,,0,25,,11479,,,0,65,,11469,,,0,25,,11462,,,0,25,,11468,,,0,65,,11490,,,0,25,,11465,,,0,65,,11483,,,0,25,,11473,,,0,25,,11467,,,0,65,,11489,,,0,25,,11480,,,0,65,,11486,,,0,25,,11487,,,0,65,,11474,,,0,25,,11485,,,0,25,,11478,,,0,65,,11477,,,0,25,,11475,,,0,75,,11476,,,0,30,,11493,,,0,70,,11491,,,0,35,,11492,,,0,70,,11494,,,0,85,,11495,,,0
1101,'4744',538,,18472,,,0,70,,18464,,,0,20,,18447,,,0,20,,18454,,,0,59,,18432,,,0,20,,18449,,,0,18,,18468,,,0,60,,18445,,,0,20,,18465,,,0,20,,18440,,,0,60,,18433,,,0,20,,18458,,,0,25,,18448,,,0,65,,18470,,,0,25,,18444,,,0,65,,18467,,,0,25,,18434,,,0,25,,18457,,,0,65,,18441,,,0,25,,18473,,,0,65,,18446,,,0,25,,18466,,,0,67,,18428,,,0,19,,18426,,,0,15,,18456,,,0,15,,18450,,,0,59,,18427,,,0,18,,18471,,,0,19,,18442,,,0,58,,18429,,,0,18,,18463,,,0,22,,18431,,,0,60,,18430,,,0,20,,18455,,,0,20,,18443,,,0,63,,18469,,,0,20,,18435,,,0,17,,18438,,,0,60,,18461,,,0,30,,18436,,,0,75,,18439,,,0,30,,18437,,,0,75,,18462,,,0,30,,18451,,,0,75,,18452,,,0,30,,18453,,,0,70,,18460,,,0,85,,18459,,,0
1101,'4745',655,,18474,,,0,85,,18479,,,0,85,,18476,,,0,85,,18475,,,0,35,,18477,,,0,70,,18478,,,0,30,,18480,,,0,70,,18481,,,0,28,,18482,,,0,70,,18483,,,0,30,,18485,,,0,67,,18487,,,0,30,,18486,,,0,70,,18484,,,0,30,,18488,,,0,70,,18489,,,0,30,,18490,,,0,70,,18491,,,0,30,,18493,,,0,70,,18492,,,0,30,,18495,,,0,70,,18494,,,0,30,,18497,,,0,75,,18496,,,0,85,,18498,,,0,40,,18499,,,0,85,,18500,,,0,85,,18501,,,0,40,,18502,,,0,80,,18503,,,0
1101,'4935',538,,2467,,,0,70,,2459,,,0,20,,2442,,,0,20,,2449,,,0,59,,2427,,,0,20,,2444,,,0,18,,2463,,,0,60,,2440,,,0,20,,2460,,,0,20,,2435,,,0,60,,2428,,,0,20,,2453,,,0,25,,2443,,,0,65,,2465,,,0,25,,2439,,,0,65,,2462,,,0,25,,2429,,,0,25,,2452,,,0,65,,2436,,,0,25,,2468,,,0,65,,2441,,,0,25,,2461,,,0,67,,2423,,,0,19,,2421,,,0,15,,2451,,,0,15,,2445,,,0,59,,2422,,,0,18,,2466,,,0,19,,2437,,,0,58,,2424,,,0,18,,2458,,,0,22,,2426,,,0,60,,2425,,,0,20,,2450,,,0,20,,2438,,,0,63,,2464,,,0,20,,2430,,,0,17,,2433,,,0,60,,2456,,,0,30,,2431,,,0,75,,2434,,,0,30,,11496,,,0,75,,2457,,,0,30,,2446,,,0,75,,2447,,,0,30,,11497,,,0,70,,2455,,,0,85,,2454,,,0
1101,'4941',538,,2515,,,0,70,,2507,,,0,20,,2490,,,0,20,,2497,,,0,59,,2475,,,0,20,,2492,,,0,18,,2511,,,0,60,,2488,,,0,20,,2508,,,0,20,,2483,,,0,60,,2476,,,0,20,,2501,,,0,25,,2491,,,0,65,,2513,,,0,25,,2487,,,0,65,,2510,,,0,25,,2477,,,0,25,,2500,,,0,65,,2484,,,0,25,,2516,,,0,65,,2489,,,0,25,,2509,,,0,67,,2471,,,0,19,,2469,,,0,15,,2499,,,0,15,,2493,,,0,59,,2470,,,0,18,,2514,,,0,19,,2485,,,0,58,,2472,,,0,18,,2506,,,0,22,,2474,,,0,60,,2473,,,0,20,,2498,,,0,20,,2486,,,0,63,,2512,,,0,20,,2478,,,0,17,,2481,,,0,60,,2504,,,0,30,,2479,,,0,75,,2482,,,0,30,,11498,,,0,75,,2505,,,0,30,,2494,,,0,75,,2495,,,0,30,,11499,,,0,70,,2503,,,0,85,,2502,,,0
1101,'4943',635,,2530,,,0,75,,2518,,,0,35,,2523,,,0,70,,2548,,,0,35,,2531,,,0,70,,2517,,,0,30,,2526,,,0,70,,2542,,,0,25,,2520,,,0,60,,2544,,,0,25,,2532,,,0,25,,2519,,,0,65,,2524,,,0,25,,2541,,,0,65,,2521,,,0,25,,2539,,,0,65,,2529,,,0,25,,2522,,,0,25,,2528,,,0,65,,2550,,,0,25,,2525,,,0,65,,2543,,,0,25,,2533,,,0,25,,2527,,,0,65,,2549,,,0,25,,2540,,,0,65,,2546,,,0,25,,2547,,,0,65,,2534,,,0,25,,2545,,,0,25,,11500,,,0,65,,2537,,,0,25,,2535,,,0,75,,2536,,,0,30,,2553,,,0,70,,2551,,,0,35,,2552,,,0,70,,2554,,,0,85,,2555,,,0
1101,'4945',655,,2556,,,0,85,,2561,,,0,85,,2558,,,0,85,,2557,,,0,35,,2559,,,0,70,,2560,,,0,30,,2562,,,0,70,,2563,,,0,28,,2564,,,0,70,,2565,,,0,30,,2567,,,0,67,,2569,,,0,30,,2568,,,0,70,,2566,,,0,30,,2570,,,0,70,,2571,,,0,30,,2572,,,0,70,,2573,,,0,30,,2575,,,0,70,,2574,,,0,30,,2577,,,0,70,,2576,,,0,30,,2579,,,0,75,,2578,,,0,85,,2580,,,0,40,,2581,,,0,85,,2582,,,0,85,,2583,,,0,40,,2584,,,0,80,,2585,,,0
1101,'4947',538,,18550,,,0,70,,18542,,,0,20,,18525,,,0,20,,18532,,,0,59,,18510,,,0,20,,18527,,,0,18,,18546,,,0,60,,18523,,,0,20,,18543,,,0,20,,18518,,,0,60,,18511,,,0,20,,18536,,,0,25,,18526,,,0,65,,18548,,,0,25,,18522,,,0,65,,18545,,,0,25,,18512,,,0,25,,18535,,,0,65,,18519,,,0,25,,18551,,,0,65,,18524,,,0,25,,18544,,,0,67,,18506,,,0,19,,18504,,,0,15,,18534,,,0,15,,18528,,,0,59,,18505,,,0,18,,18549,,,0,19,,18520,,,0,58,,18507,,,0,18,,18541,,,0,22,,18509,,,0,60,,18508,,,0,20,,18533,,,0,20,,18521,,,0,63,,18547,,,0,20,,18513,,,0,17,,18516,,,0,60,,18539,,,0,30,,18514,,,0,75,,18517,,,0,30,,18515,,,0,75,,18540,,,0,30,,18529,,,0,75,,18530,,,0,30,,18531,,,0,70,,18538,,,0,85,,18537,,,0
1101,'4952',538,,18598,,,0,70,,18590,,,0,20,,18573,,,0,20,,18580,,,0,59,,18558,,,0,20,,18575,,,0,18,,18594,,,0,60,,18571,,,0,20,,18591,,,0,20,,18566,,,0,60,,18559,,,0,20,,18584,,,0,25,,18574,,,0,65,,18596,,,0,25,,18570,,,0,65,,18593,,,0,25,,18560,,,0,25,,18583,,,0,65,,18567,,,0,25,,18599,,,0,65,,18572,,,0,25,,18592,,,0,67,,18554,,,0,19,,18552,,,0,15,,18582,,,0,15,,18576,,,0,59,,18553,,,0,18,,18597,,,0,19,,18568,,,0,58,,18555,,,0,18,,18589,,,0,22,,18557,,,0,60,,18556,,,0,20,,18581,,,0,20,,18569,,,0,63,,18595,,,0,20,,18561,,,0,17,,18564,,,0,60,,18587,,,0,30,,18562,,,0,75,,18565,,,0,30,,18563,,,0,75,,18588,,,0,30,,18577,,,0,75,,18578,,,0,30,,18579,,,0,70,,18586,,,0,85,,18585,,,0
1101,'4953',635,,18613,,,0,75,,18601,,,0,35,,18606,,,0,70,,18631,,,0,35,,18614,,,0,70,,18600,,,0,30,,18609,,,0,70,,18625,,,0,25,,18603,,,0,60,,18627,,,0,25,,18615,,,0,25,,18602,,,0,65,,18607,,,0,25,,18624,,,0,65,,18604,,,0,25,,18622,,,0,65,,18612,,,0,25,,18605,,,0,25,,18611,,,0,65,,18633,,,0,25,,18608,,,0,65,,18626,,,0,25,,18616,,,0,25,,18610,,,0,65,,18632,,,0,25,,18623,,,0,65,,18629,,,0,25,,18630,,,0,65,,18617,,,0,25,,18628,,,0,25,,18621,,,0,65,,18620,,,0,25,,18618,,,0,75,,18619,,,0,30,,18636,,,0,70,,18634,,,0,35,,18635,,,0,70,,18637,,,0,85,,18638,,,0
1101,'4954',655,,18639,,,0,85,,18644,,,0,85,,18641,,,0,85,,18640,,,0,35,,18642,,,0,70,,18643,,,0,30,,18645,,,0,70,,18646,,,0,28,,18647,,,0,70,,18648,,,0,30,,18650,,,0,67,,18652,,,0,30,,18651,,,0,70,,18649,,,0,30,,18653,,,0,70,,18654,,,0,30,,18655,,,0,70,,18656,,,0,30,,18658,,,0,70,,18657,,,0,30,,18660,,,0,70,,18659,,,0,30,,18662,,,0,75,,18661,,,0,85,,18663,,,0,40,,18664,,,0,85,,18665,,,0,85,,18666,,,0,40,,18667,,,0,80,,18668,,,0
