2400,'4487',710,,21818,,,0,122,,21816,,,0,105,,21814,,,0,112,,21815,,,0,100,,21817,,,0,98,,21823,,,0,98,,21820,,,0,100,,21819,,,0,100,,21822,,,0,97,,21821,,,0,104,,21824,,,0,112,,21825,,,0,164,,21826,,,0,125,,21827,,,0,168,,21828,,,0
2400,'4743',710,,11988,,,0,122,,11986,,,0,105,,11984,,,0,112,,11985,,,0,100,,11987,,,0,98,,11993,,,0,98,,11990,,,0,100,,11989,,,0,100,,11992,,,0,97,,11991,,,0,104,,11994,,,0,112,,11995,,,0,164,,11996,,,0,125,,11997,,,0,168,,11998,,,0
2400,'4744',629,,21830,,,0,74,,21834,,,0,37,,21835,,,0,102,,21831,,,0,110,,21829,,,0,100,,21839,,,0,101,,21836,,,0,99,,21832,,,0,100,,21833,,,0,100,,21837,,,0,88,,21838,,,0,81,,21840,,,0,92,,21841,,,0,97,,21842,,,0,102,,21843,,,0,110,,21844,,,0,123,,21845,,,0,170,,21846,,,0,131,,21847,,,0
2400,'4745',829,,21848,,,0,129,,21851,,,0,170,,21850,,,0,172,,21852,,,0,129,,21853,,,0,172,,21854,,,0,130,,21855,,,0,128,,21856,,,0,165,,21857,,,0,124,,21858,,,0,168,,21859,,,0
2400,'4935',629,,4442,,,0,74,,4446,,,0,37,,4447,,,0,102,,4443,,,0,110,,4441,,,0,100,,4451,,,0,101,,4448,,,0,99,,4444,,,0,100,,4445,,,0,100,,4449,,,0,88,,4450,,,0,81,,4452,,,0,92,,4453,,,0,97,,4454,,,0,102,,4455,,,0,110,,11999,,,0,123,,12000,,,0,170,,4458,,,0,131,,4459,,,0
2400,'4941',629,,4461,,,0,74,,4465,,,0,37,,4466,,,0,102,,4462,,,0,110,,4460,,,0,100,,4470,,,0,101,,4467,,,0,99,,4463,,,0,100,,4464,,,0,100,,4468,,,0,88,,4469,,,0,81,,4471,,,0,92,,4472,,,0,97,,4473,,,0,102,,4474,,,0,110,,12001,,,0,123,,12002,,,0,170,,4477,,,0,131,,4478,,,0
2400,'4943',710,,4483,,,0,122,,12003,,,0,105,,4479,,,0,112,,4480,,,0,100,,4482,,,0,98,,4488,,,0,98,,4485,,,0,100,,4484,,,0,100,,4487,,,0,97,,4486,,,0,104,,4489,,,0,112,,4490,,,0,164,,4491,,,0,125,,4492,,,0,168,,4493,,,0
2400,'4945',829,,4494,,,0,129,,4497,,,0,170,,4496,,,0,172,,4498,,,0,129,,4499,,,0,172,,4500,,,0,130,,4501,,,0,128,,4502,,,0,165,,4503,,,0,124,,4504,,,0,168,,4505,,,0
2400,'4947',629,,21861,,,0,74,,21865,,,0,37,,21866,,,0,102,,21862,,,0,110,,21860,,,0,100,,21870,,,0,101,,21867,,,0,99,,21863,,,0,100,,21864,,,0,100,,21868,,,0,88,,21869,,,0,81,,21871,,,0,92,,21872,,,0,97,,21873,,,0,102,,21874,,,0,110,,21875,,,0,123,,21876,,,0,170,,21877,,,0,131,,21878,,,0
2400,'4952',629,,21880,,,0,74,,21884,,,0,37,,21885,,,0,102,,21881,,,0,110,,21879,,,0,100,,21889,,,0,101,,21886,,,0,99,,21882,,,0,100,,21883,,,0,100,,21887,,,0,88,,21888,,,0,81,,21890,,,0,92,,21891,,,0,97,,21892,,,0,102,,21893,,,0,110,,21894,,,0,123,,21895,,,0,170,,21896,,,0,131,,21897,,,0
2400,'4953',710,,21902,,,0,122,,21900,,,0,105,,21898,,,0,112,,21899,,,0,100,,21901,,,0,98,,21907,,,0,98,,21904,,,0,100,,21903,,,0,100,,21906,,,0,97,,21905,,,0,104,,21908,,,0,112,,21909,,,0,164,,21910,,,0,125,,21911,,,0,168,,21912,,,0
2400,'4954',829,,21913,,,0,129,,21916,,,0,170,,21915,,,0,172,,21917,,,0,129,,21918,,,0,172,,21919,,,0,130,,21920,,,0,128,,21921,,,0,165,,21922,,,0,124,,21923,,,0,168,,21924,,,0
