3500,'4663',705,,59131,12,,,0,117,,59132,12,,,0,21,,59133,12,,,0,5,,59137,12,,,0,4,,59134,12,,,0,150,,59135,12,,,0,105,,59136,12,,,0,105,,59138,12,,,0,104,,59139,12,,,0,105,,59140,12,,,0,101,,59144,4,,,0,3,,59145,4,,,0,2,,59141,12,,,0,109,,59142,12,,,0,105,,59143,12,,,0
3500,'5372',705,,59146,12,,,0,117,,44138,12,,,0,21,,44139,12,,,0,5,,44143,12,,,0,4,,44140,12,,,0,150,,44141,12,,,0,105,,44142,12,,,0,105,,44144,12,,,0,104,,44145,12,,,0,105,,44146,12,,,0,101,,44150,4,,,0,3,,44151,4,,,0,2,,44147,12,,,0,109,,44148,12,,,0,105,,44149,12,,,0
3500,'5385',705,,59147,12,,,0,117,,59148,12,,,0,21,,59149,12,,,0,5,,59153,12,,,0,4,,59150,12,,,0,150,,59151,12,,,0,105,,59152,12,,,0,105,,59154,12,,,0,104,,59155,12,,,0,105,,59156,12,,,0,101,,59160,4,,,0,3,,59161,4,,,0,2,,59157,12,,,0,109,,59158,12,,,0,105,,59159,12,,,0
7201,'4332',636,,61424,43,,,0,103,,61394,43,,,0,99,,61395,43,,,0,73,,61396,43,,,0,31,,61397,43,,,0,70,,61398,43,,,0,31,,61399,43,,,0,70,,61400,43,,,0,31,,61401,43,,,0,70,,61402,43,,,0,30,,61393,43,,,0,70,,61403,43,,,0,30,,61404,43,,,0,71,,61405,43,,,0,34,,61406,43,,,0,71,,61407,43,,,0,29,,61408,43,,,0,71,,61409,43,,,0,29,,61410,43,,,0,66,,61411,43,,,0,27,,61412,43,,,0,70,,61413,43,,,0,29,,61414,43,,,0,70,,61415,43,,,0,29,,61416,43,,,0,70,,61417,43,,,0,31,,61418,43,,,0,69,,61419,43,,,0,30,,61420,43,,,0,101,,61421,43,,,0,97,,61422,43,,,0,98,,61423,43,,,0
7201,'4663',609,,61381,43,,,0,40,,61371,43,,,0,71,,61382,43,,,0,33,,61373,43,,,0,72,,61357,43,,,0,21,,61359,43,,,0,67,,61380,43,,,0,29,,61386,43,,,0,70,,61364,43,,,0,30,,61379,43,,,0,70,,61372,43,,,0,33,,61354,43,,,0,70,,61383,43,,,0,30,,61370,43,,,0,71,,61363,43,,,0,30,,61355,43,,,0,70,,61356,43,,,0,35,,61358,43,,,0,69,,61362,43,,,0,31,,61387,43,,,0,72,,61361,43,,,0,26,,61365,43,,,0,69,,61369,43,,,0,29,,61367,43,,,0,70,,61368,43,,,0,27,,61366,43,,,0,70,,61388,43,,,0,29,,61375,43,,,0,70,,61376,43,,,0,30,,61374,43,,,0,70,,61377,43,,,0,30,,61378,43,,,0,97,,61385,43,,,0,98,,61384,43,,,0,99,,61389,43,,,0
7201,'5078',738,,61426,43,,,0,100,,61427,43,,,0,100,,61428,43,,,0,106,,61429,43,,,0,100,,61430,43,,,0,70,,61431,43,,,0,30,,61425,43,,,0,69,,61432,43,,,0,30,,61433,43,,,0,70,,61435,43,,,0,30,,61436,43,,,0,71,,61437,43,,,0,30,,61434,43,,,0,70,,61438,43,,,0,29,,61439,43,,,0,70,,61440,43,,,0,34,,61441,43,,,0,68,,61442,43,,,0,31,,61443,43,,,0,70,,61444,43,,,0,30,,61445,43,,,0,69,,61446,43,,,0,30,,61447,43,,,0,70,,61448,43,,,0,30,,61449,43,,,0,95,,61450,43,,,0,98,,61451,43,,,0
7201,'5355',846,,61391,43,,,0,605,,61390,43,,,0,366,,61392,43,,,0
7201,'5372',609,,46746,43,,,0,40,,46736,43,,,0,71,,46747,43,,,0,33,,46738,43,,,0,72,,46725,43,,,0,88,,46745,43,,,0,29,,46751,43,,,0,70,,46730,43,,,0,30,,46744,43,,,0,70,,46737,43,,,0,33,,46722,43,,,0,70,,46748,43,,,0,30,,46735,43,,,0,71,,46729,43,,,0,30,,46723,43,,,0,70,,46724,43,,,0,104,,46728,43,,,0,31,,46752,43,,,0,72,,46727,43,,,0,26,,46731,43,,,0,69,,46734,43,,,0,29,,46733,43,,,0,97,,46732,43,,,0,70,,46753,43,,,0,29,,46740,43,,,0,70,,46741,43,,,0,30,,46739,43,,,0,70,,46742,43,,,0,30,,46743,43,,,0,97,,46750,43,,,0,98,,46749,43,,,0,99,,46754,43,,,0
7201,'5374',846,,46792,43,,,0,605,,46791,43,,,0,366,,46793,43,,,0
7201,'5375',846,,46794,43,,,0,602,,46795,43,,,0,369,,46796,43,,,0
7201,'5385',609,,61476,43,,,0,40,,61466,43,,,0,71,,61477,43,,,0,33,,61468,43,,,0,72,,61455,43,,,0,88,,61475,43,,,0,29,,61481,43,,,0,70,,61460,43,,,0,30,,61474,43,,,0,70,,61467,43,,,0,33,,61452,43,,,0,70,,61478,43,,,0,30,,61465,43,,,0,71,,61459,43,,,0,30,,61453,43,,,0,70,,61454,43,,,0,104,,61458,43,,,0,31,,61482,43,,,0,72,,61457,43,,,0,26,,61461,43,,,0,69,,61464,43,,,0,29,,61463,43,,,0,97,,61462,43,,,0,70,,61483,43,,,0,29,,61470,43,,,0,70,,61471,43,,,0,30,,61469,43,,,0,70,,61472,43,,,0,30,,61473,43,,,0,97,,61480,43,,,0,98,,61479,43,,,0,99,,61484,43,,,0
7201,'5386',846,,61485,43,,,0,602,,61486,43,,,0,369,,61487,43,,,0
7501,'4332',650,,61661,32,0,28 29 14,0,153,,61662,38,,,0,100,,61663,38,,,0,113,,61664,40,,,0,34,,61687,19,,,0,70,,61665,40,,,0,31,,61684,19,,,0,70,,61666,40,,,0,30,,61667,40,,,0,70,,61668,40,,,0,30,,61669,40,,,0,70,,61670,40,,,0,34,,61671,40,,,0,70,,61672,40,,,0,30,,61673,40,,,0,70,,61674,40,,,0,30,,61675,40,,,0,70,,61676,40,,,0,30,,61685,19,,,0,66,,61677,40,,,0,29,,61686,19,,,0,66,,61678,40,,,0,99,,61679,40,,,0,100,,61680,40,,,0,100,,61681,40,,,0,95,,61682,40,0,28 29 14,0,94,,61683,38,0,28 29 14,0
7501,'4663',601,,61620,38,,,0,30,,61621,38,,,0,23,,61622,38,,,0,59,,61623,38,,,0,24,,61624,38,,,0,66,,61625,38,,,0,19,,61626,38,,,0,16,,61627,38,,,0,68,,61628,38,,,0,32,,61629,40,,,0,79,,61630,40,,,0,30,,61631,40,,,0,74,,61632,40,,,0,28,,61633,40,,,0,70,,61634,40,,,0,31,,61635,40,,,0,70,,61636,40,,,0,30,,61637,40,,,0,72,,61638,40,,,0,32,,61639,40,,,0,69,,61658,14,,,0,3,,61640,40,,,0,19,,61656,40,,,0,8,,61657,14,,,0,3,,61641,40,,,0,59,,61642,40,,,0,14,,61643,40,,,0,9,,61644,38,,,0,10,,61645,19,,,0,6,,61659,14,,,0,4,,61646,40,,,0,67,,61647,40,,,0,27,,61648,40,,,0,69,,61649,40,,,0,99,,61650,40,,,0,97,,61651,40,,,0,100,,61652,40,,,0,98,,61653,40,,,0,94,,61654,40,0,28 29 14,0,93,,61655,38,0,28 29 14,0
7501,'5078',659,,61688,14,0,28 29 14,0,141,,61689,38,0,28 29 14,0,104,,61690,38,,,0,109,,61691,40,,,0,101,,61692,40,,,0,104,,61693,40,,,0,31,,61694,40,,,0,70,,61695,40,,,0,30,,61696,40,,,0,70,,61697,40,,,0,31,,61698,40,,,0,71,,61699,40,,,0,30,,61700,40,,,0,70,,61701,40,,,0,30,,61710,19,,,0,70,,61702,40,,,0,101,,61703,40,,,0,99,,61704,40,,,0,100,,61705,40,,,0,99,,61706,40,,,0,100,,61707,40,,,0,88,,61708,40,0,28 29 14,0,106,,61709,38,0,28 29 14,0
7501,'5372',601,,47038,38,,,0,30,,47039,38,,,0,23,,47040,38,,,0,59,,47041,38,,,0,24,,47042,38,,,0,66,,47043,38,,,0,19,,47044,38,,,0,16,,47045,38,,,0,68,,47046,38,,,0,32,,47047,40,,,0,79,,47048,40,,,0,30,,47049,40,,,0,74,,47050,40,,,0,28,,47051,40,,,0,70,,47052,40,,,0,31,,47053,40,,,0,70,,47054,40,,,0,30,,51861,40,,,0,72,,47056,40,,,0,32,,47057,40,,,0,69,,51864,14,,,0,3,,47058,40,,,0,19,,61660,40,,,0,8,,47075,14,,,0,3,,47059,40,,,0,59,,47060,40,,,0,14,,51862,40,,,0,9,,47062,38,,,0,10,,47063,19,,,0,6,,47077,14,,,0,4,,47064,40,,,0,67,,47065,40,,,0,27,,47066,40,,,0,69,,47067,40,,,0,99,,47068,40,,,0,97,,47069,40,,,0,100,,47070,40,,,0,98,,47071,40,,,0,94,,47072,40,0,28 29 14,0,93,,50779,38,0,28 29 14,0
7501,'5385',601,,61711,38,,,0,30,,61712,38,,,0,23,,61713,38,,,0,59,,61714,38,,,0,24,,61715,38,,,0,66,,61716,38,,,0,19,,61717,38,,,0,16,,61718,38,,,0,68,,61719,38,,,0,32,,61720,40,,,0,79,,61721,40,,,0,30,,61722,40,,,0,74,,61723,40,,,0,28,,61724,40,,,0,70,,61725,40,,,0,31,,61726,40,,,0,70,,61727,40,,,0,30,,61728,40,,,0,72,,61729,40,,,0,32,,61730,40,,,0,69,,61749,14,,,0,3,,61731,40,,,0,19,,61747,40,,,0,8,,61748,14,,,0,3,,61732,40,,,0,59,,61733,40,,,0,14,,61734,40,,,0,9,,61735,38,,,0,10,,61736,19,,,0,6,,61750,14,,,0,4,,61737,40,,,0,67,,61738,40,,,0,27,,61739,40,,,0,69,,61740,40,,,0,99,,61741,40,,,0,97,,61742,40,,,0,100,,61743,40,,,0,98,,61744,40,,,0,94,,61745,40,0,28 29 14,0,93,,61746,38,0,28 29 14,0
