4700,'4623',618,,72836,7,,,0,28,,72835,7,,,0,66,,72834,7,,,0
4700,'5222',618,,72839,7,,,0,28,,72838,7,,,0,66,,72837,7,,,0
4701,'4623',1709,,72842,41,,,0,27,,72840,41,,,0,69,,72841,41,,,0
4701,'5222',1709,,72845,41,,,0,27,,72843,41,,,0,69,,72844,41,,,0
5801,'4532',655,,73981,12,,,0,100,,73982,12,,,0,100,,73983,12,,,0,146,,73984,12,,,0,105,,73980,12,,,0,105,,73979,12,,,0,100,,73978,12,,,0,110,,73977,12,,,0,100,,73975,12,,,0,110,,73976,12,,,0,100,,73970,12,,,0,105,,73971,12,,,0,100,,73972,12,,,0,105,,73973,12,,,0,114,,73974,12,,,0,150,,73969,12,,,0
5801,'4623',622,,73938,12,,,0,31,,73939,12,,,0,78,,73940,12,,,0,80,,73941,12,,,0,96,,73951,12,,,0,43,,73942,12,,,0,86,,73943,12,,,0,85,,73932,12,,,0,85,,73944,12,,,0,45,,73933,12,,,0,86,,73945,12,,,0,87,,73934,12,,,0,83,,73935,12,,,0,43,,73936,12,,,0,91,,73946,12,,,0,89,,73937,12,,,0,85,,73947,12,,,0,85,,73948,12,,,0,146,,73950,12,,,0,110,,73949,12,,,0,149,,73952,12,,,0
5801,'4832',754,,74006,12,,,0,101,,74012,12,,,0,145,,74010,12,,,0,106,,74013,12,,,0,105,,74008,12,,,0,100,,74011,12,,,0,110,,74007,12,,,0,100,,74014,12,,,0,110,,74009,12,,,0,100,,74017,12,,,0,104,,74016,12,,,0,100,,74018,12,,,0,105,,74019,12,,,0,199,,74015,12,,,0
5801,'4833',655,,73965,12,,,0,100,,73966,12,,,0,100,,73967,12,,,0,146,,73968,12,,,0,105,,73964,12,,,0,105,,73963,12,,,0,100,,73962,12,,,0,110,,73961,12,,,0,100,,73959,12,,,0,110,,73960,12,,,0,100,,73954,12,,,0,105,,73955,12,,,0,100,,73956,12,,,0,105,,73957,12,,,0,114,,73958,12,,,0,150,,73953,12,,,0
5801,'5222',622,,73991,12,,,0,31,,73992,12,,,0,78,,73993,12,,,0,80,,73994,12,,,0,96,,74004,12,,,0,43,,73995,12,,,0,86,,73996,12,,,0,85,,73985,12,,,0,85,,73997,12,,,0,45,,73986,12,,,0,86,,73998,12,,,0,87,,73987,12,,,0,83,,73988,12,,,0,43,,73989,12,,,0,91,,73999,12,,,0,89,,73990,12,,,0,85,,74000,12,,,0,85,,74001,12,,,0,146,,74003,12,,,0,110,,74002,12,,,0,149,,74005,12,,,0
5801,'5390',754,,74020,12,,,0,101,,74026,12,,,0,145,,74024,12,,,0,106,,74027,12,,,0,105,,74022,12,,,0,100,,74025,12,,,0,110,,74021,12,,,0,100,,74028,12,,,0,110,,74023,12,,,0,100,,74031,12,,,0,104,,74030,12,,,0,100,,74032,12,,,0,105,,74033,12,,,0,199,,74029,12,,,0
