1101,'4487',655,,18400,,,0,76,,18388,,,0,75,,18393,,,0,30,,18418,,,0,77,,18401,,,0,30,,18387,,,0,70,,18396,,,0,31,,18412,,,0,65,,18390,,,0,20,,18414,,,0,25,,18402,,,0,65,,18389,,,0,26,,18394,,,0,65,,18411,,,0,25,,18391,,,0,65,,18409,,,0,25,,18399,,,0,25,,18392,,,0,65,,18398,,,0,25,,18420,,,0,65,,18395,,,0,25,,18413,,,0,25,,18403,,,0,65,,18397,,,0,25,,18419,,,0,64,,18410,,,0,25,,18416,,,0,25,,18417,,,0,64,,18404,,,0,25,,18415,,,0,65,,18408,,,0,25,,18407,,,0,65,,18405,,,0,35,,18406,,,0,70,,18423,,,0,29,,18421,,,0,73,,18422,,,0,29,,18424,,,0,85,,18425,,,0
1101,'4743',655,,11470,,,0,76,,11458,,,0,75,,11463,,,0,30,,11488,,,0,77,,11471,,,0,30,,11457,,,0,70,,11466,,,0,31,,11482,,,0,65,,11460,,,0,20,,11484,,,0,25,,11472,,,0,65,,11459,,,0,26,,11464,,,0,65,,11481,,,0,25,,11461,,,0,65,,11479,,,0,25,,11469,,,0,25,,11462,,,0,65,,11468,,,0,25,,11490,,,0,65,,11465,,,0,25,,11483,,,0,25,,11473,,,0,65,,11467,,,0,25,,11489,,,0,64,,11480,,,0,25,,11486,,,0,25,,11487,,,0,64,,11474,,,0,25,,11485,,,0,65,,11478,,,0,25,,11477,,,0,65,,11475,,,0,35,,11476,,,0,70,,11493,,,0,29,,11491,,,0,73,,11492,,,0,29,,11494,,,0,85,,11495,,,0
1101,'4744',559,,18472,,,0,70,,18464,,,0,21,,18447,,,0,62,,18454,,,0,20,,18432,,,0,21,,18449,,,0,59,,18468,,,0,20,,18445,,,0,20,,18465,,,0,59,,18440,,,0,20,,18433,,,0,19,,18458,,,0,65,,18448,,,0,26,,18470,,,0,65,,18444,,,0,25,,18467,,,0,25,,18434,,,0,65,,18457,,,0,25,,18441,,,0,65,,18473,,,0,26,,18446,,,0,66,,18466,,,0,27,,18428,,,0,19,,18426,,,0,56,,18456,,,0,18,,18450,,,0,16,,18427,,,0,18,,18471,,,0,59,,18442,,,0,17,,18429,,,0,18,,18463,,,0,61,,18431,,,0,20,,18430,,,0,18,,18455,,,0,60,,18443,,,0,22,,18469,,,0,20,,18435,,,0,57,,18438,,,0,20,,18461,,,0,28,,18436,,,0,75,,18439,,,0,70,,18437,,,0,34,,18462,,,0,70,,18451,,,0,35,,18452,,,0,70,,18453,,,0,28,,18460,,,0,85,,18459,,,0
1101,'4745',715,,18474,,,0,85,,18479,,,0,46,,18476,,,0,86,,18475,,,0,76,,18477,,,0,31,,18478,,,0,70,,18480,,,0,30,,18481,,,0,68,,18482,,,0,30,,18483,,,0,70,,18485,,,0,27,,18487,,,0,70,,18486,,,0,30,,18484,,,0,70,,18488,,,0,30,,18489,,,0,70,,18490,,,0,30,,18491,,,0,70,,18493,,,0,30,,18492,,,0,70,,18495,,,0,29,,18494,,,0,70,,18497,,,0,35,,18496,,,0,84,,18498,,,0,80,,18499,,,0,44,,18500,,,0,84,,18501,,,0,79,,18502,,,0,39,,18503,,,0
1101,'4935',559,,2467,,,0,70,,2459,,,0,21,,2442,,,0,62,,2449,,,0,20,,2427,,,0,21,,2444,,,0,59,,2463,,,0,20,,2440,,,0,20,,2460,,,0,59,,2435,,,0,20,,2428,,,0,19,,2453,,,0,65,,2443,,,0,26,,2465,,,0,65,,2439,,,0,25,,2462,,,0,25,,2429,,,0,65,,2452,,,0,25,,2436,,,0,65,,2468,,,0,26,,2441,,,0,66,,2461,,,0,27,,2423,,,0,19,,2421,,,0,56,,2451,,,0,18,,2445,,,0,16,,2422,,,0,18,,2466,,,0,59,,2437,,,0,17,,2424,,,0,18,,2458,,,0,61,,2426,,,0,20,,2425,,,0,18,,2450,,,0,60,,2438,,,0,22,,2464,,,0,20,,2430,,,0,57,,2433,,,0,20,,2456,,,0,28,,2431,,,0,75,,2434,,,0,70,,11496,,,0,34,,2457,,,0,70,,2446,,,0,35,,2447,,,0,70,,11497,,,0,28,,2455,,,0,85,,2454,,,0
1101,'4941',559,,2515,,,0,70,,2507,,,0,21,,2490,,,0,62,,2497,,,0,20,,2475,,,0,21,,2492,,,0,59,,2511,,,0,20,,2488,,,0,20,,2508,,,0,59,,2483,,,0,20,,2476,,,0,19,,2501,,,0,65,,2491,,,0,26,,2513,,,0,65,,2487,,,0,25,,2510,,,0,25,,2477,,,0,65,,2500,,,0,25,,2484,,,0,65,,2516,,,0,26,,2489,,,0,66,,2509,,,0,27,,2471,,,0,19,,2469,,,0,56,,2499,,,0,18,,2493,,,0,16,,2470,,,0,18,,2514,,,0,59,,2485,,,0,17,,2472,,,0,18,,2506,,,0,61,,2474,,,0,20,,2473,,,0,18,,2498,,,0,60,,2486,,,0,22,,2512,,,0,20,,2478,,,0,57,,2481,,,0,20,,2504,,,0,28,,2479,,,0,75,,2482,,,0,70,,11498,,,0,34,,2505,,,0,70,,2494,,,0,35,,2495,,,0,70,,11499,,,0,28,,2503,,,0,85,,2502,,,0
1101,'4943',655,,2530,,,0,76,,2518,,,0,75,,2523,,,0,30,,2548,,,0,77,,2531,,,0,30,,2517,,,0,70,,2526,,,0,31,,2542,,,0,65,,2520,,,0,20,,2544,,,0,25,,2532,,,0,65,,2519,,,0,26,,2524,,,0,65,,2541,,,0,25,,2521,,,0,65,,2539,,,0,25,,2529,,,0,25,,2522,,,0,65,,2528,,,0,25,,2550,,,0,65,,2525,,,0,25,,2543,,,0,25,,2533,,,0,65,,2527,,,0,25,,2549,,,0,64,,2540,,,0,25,,2546,,,0,25,,2547,,,0,64,,2534,,,0,25,,2545,,,0,65,,11500,,,0,25,,2537,,,0,65,,2535,,,0,35,,2536,,,0,70,,2553,,,0,29,,2551,,,0,73,,2552,,,0,29,,2554,,,0,85,,2555,,,0
1101,'4945',715,,2556,,,0,85,,2561,,,0,46,,2558,,,0,86,,2557,,,0,76,,2559,,,0,31,,2560,,,0,70,,2562,,,0,30,,2563,,,0,68,,2564,,,0,30,,2565,,,0,70,,2567,,,0,27,,2569,,,0,70,,2568,,,0,30,,2566,,,0,70,,2570,,,0,30,,2571,,,0,70,,2572,,,0,30,,2573,,,0,70,,2575,,,0,30,,2574,,,0,70,,2577,,,0,29,,2576,,,0,70,,2579,,,0,35,,2578,,,0,84,,2580,,,0,80,,2581,,,0,44,,2582,,,0,84,,2583,,,0,79,,2584,,,0,39,,2585,,,0
1101,'4947',559,,18550,,,0,70,,18542,,,0,21,,18525,,,0,62,,18532,,,0,20,,18510,,,0,21,,18527,,,0,59,,18546,,,0,20,,18523,,,0,20,,18543,,,0,59,,18518,,,0,20,,18511,,,0,19,,18536,,,0,65,,18526,,,0,26,,18548,,,0,65,,18522,,,0,25,,18545,,,0,25,,18512,,,0,65,,18535,,,0,25,,18519,,,0,65,,18551,,,0,26,,18524,,,0,66,,18544,,,0,27,,18506,,,0,19,,18504,,,0,56,,18534,,,0,18,,18528,,,0,16,,18505,,,0,18,,18549,,,0,59,,18520,,,0,17,,18507,,,0,18,,18541,,,0,61,,18509,,,0,20,,18508,,,0,18,,18533,,,0,60,,18521,,,0,22,,18547,,,0,20,,18513,,,0,57,,18516,,,0,20,,18539,,,0,28,,18514,,,0,75,,18517,,,0,70,,18515,,,0,34,,18540,,,0,70,,18529,,,0,35,,18530,,,0,70,,18531,,,0,28,,18538,,,0,85,,18537,,,0
1101,'4952',559,,18598,,,0,70,,18590,,,0,21,,18573,,,0,62,,18580,,,0,20,,18558,,,0,21,,18575,,,0,59,,18594,,,0,20,,18571,,,0,20,,18591,,,0,59,,18566,,,0,20,,18559,,,0,19,,18584,,,0,65,,18574,,,0,26,,18596,,,0,65,,18570,,,0,25,,18593,,,0,25,,18560,,,0,65,,18583,,,0,25,,18567,,,0,65,,18599,,,0,26,,18572,,,0,66,,18592,,,0,27,,18554,,,0,19,,18552,,,0,56,,18582,,,0,18,,18576,,,0,16,,18553,,,0,18,,18597,,,0,59,,18568,,,0,17,,18555,,,0,18,,18589,,,0,61,,18557,,,0,20,,18556,,,0,18,,18581,,,0,60,,18569,,,0,22,,18595,,,0,20,,18561,,,0,57,,18564,,,0,20,,18587,,,0,28,,18562,,,0,75,,18565,,,0,70,,18563,,,0,34,,18588,,,0,70,,18577,,,0,35,,18578,,,0,70,,18579,,,0,28,,18586,,,0,85,,18585,,,0
1101,'4953',655,,18613,,,0,76,,18601,,,0,75,,18606,,,0,30,,18631,,,0,77,,18614,,,0,30,,18600,,,0,70,,18609,,,0,31,,18625,,,0,65,,18603,,,0,20,,18627,,,0,25,,18615,,,0,65,,18602,,,0,26,,18607,,,0,65,,18624,,,0,25,,18604,,,0,65,,18622,,,0,25,,18612,,,0,25,,18605,,,0,65,,18611,,,0,25,,18633,,,0,65,,18608,,,0,25,,18626,,,0,25,,18616,,,0,65,,18610,,,0,25,,18632,,,0,64,,18623,,,0,25,,18629,,,0,25,,18630,,,0,64,,18617,,,0,25,,18628,,,0,65,,18621,,,0,25,,18620,,,0,65,,18618,,,0,35,,18619,,,0,70,,18636,,,0,29,,18634,,,0,73,,18635,,,0,29,,18637,,,0,85,,18638,,,0
1101,'4954',715,,18639,,,0,85,,18644,,,0,46,,18641,,,0,86,,18640,,,0,76,,18642,,,0,31,,18643,,,0,70,,18645,,,0,30,,18646,,,0,68,,18647,,,0,30,,18648,,,0,70,,18650,,,0,27,,18652,,,0,70,,18651,,,0,30,,18649,,,0,70,,18653,,,0,30,,18654,,,0,70,,18655,,,0,30,,18656,,,0,70,,18658,,,0,30,,18657,,,0,70,,18660,,,0,29,,18659,,,0,70,,18662,,,0,35,,18661,,,0,84,,18663,,,0,80,,18664,,,0,44,,18665,,,0,84,,18666,,,0,79,,18667,,,0,39,,18668,,,0
1401,'4487',608,,19476,,,0,30,,19475,,,0,66,,19441,,,0,21,,19444,,,0,17,,19477,,,0,15,,19478,,,0,55,,19443,,,0,14,,19437,,,0,15,,19479,,,0,15,,19436,,,0,55,,19445,,,0,14,,19442,,,0,15,,19481,,,0,14,,19480,,,0,54,,19446,,,0,14,,19435,,,0,14,,19485,,,0,15,,19434,,,0,55,,19452,,,0,15,,19453,,,0,15,,19486,,,0,14,,19438,,,0,55,,19483,,,0,15,,19448,,,0,15,,19449,,,0,15,,19484,,,0,55,,19447,,,0,14,,19450,,,0,15,,19451,,,0,15,,19482,,,0,55,,19454,,,0,15,,19462,,,0,15,,19440,,,0,15,,19439,,,0,55,,19460,,,0,15,,19468,,,0,15,,19464,,,0,15,,19465,,,0,55,,19467,,,0,15,,19461,,,0,16,,19456,,,0,15,,19466,,,0,55,,19463,,,0,15,,19469,,,0,15,,19457,,,0,15,,19470,,,0,56,,19459,,,0,15,,19458,,,0,15,,19474,,,0,15,,19471,,,0,55,,19472,,,0,15,,19455,,,0,19,,19473,,,0,60,,19490,,,0,20,,19488,,,0,20,,19487,,,0,60,,19489,,,0,20,,19491,,,0,20,,19495,,,0,60,,19494,,,0,20,,19493,,,0,28,,19492,,,0,71,,19496,,,0,31,,19497,,,0,71,,19498,,,0
1401,'4743',608,,11641,,,0,30,,11640,,,0,66,,11606,,,0,21,,11609,,,0,17,,11642,,,0,15,,11643,,,0,55,,11608,,,0,14,,11602,,,0,15,,11644,,,0,15,,11601,,,0,55,,11610,,,0,14,,11607,,,0,15,,11646,,,0,14,,11645,,,0,54,,11611,,,0,14,,11600,,,0,14,,11650,,,0,15,,11599,,,0,55,,11617,,,0,15,,11618,,,0,15,,11651,,,0,14,,11603,,,0,55,,11648,,,0,15,,11613,,,0,15,,11614,,,0,15,,11649,,,0,55,,11612,,,0,14,,11615,,,0,15,,11616,,,0,15,,11647,,,0,55,,11619,,,0,15,,11627,,,0,15,,11605,,,0,15,,11604,,,0,55,,11625,,,0,15,,11633,,,0,15,,11629,,,0,15,,11630,,,0,55,,11632,,,0,15,,11626,,,0,16,,11621,,,0,15,,11631,,,0,55,,11628,,,0,15,,11634,,,0,15,,11622,,,0,15,,11635,,,0,56,,11624,,,0,15,,11623,,,0,15,,11639,,,0,15,,11636,,,0,55,,11637,,,0,15,,11620,,,0,19,,11638,,,0,60,,11655,,,0,20,,11653,,,0,20,,11652,,,0,60,,11654,,,0,20,,11656,,,0,20,,11660,,,0,60,,11659,,,0,20,,11658,,,0,28,,11657,,,0,71,,11661,,,0,31,,11662,,,0,71,,11663,,,0
1401,'4744',554,,19499,,,0,65,,19505,,,0,21,,19517,,,0,15,,19500,,,0,53,,19525,,,0,12,,19506,,,0,13,,19543,,,0,12,,19515,,,0,14,,19501,,,0,55,,19526,,,0,14,,19507,,,0,13,,19560,,,0,13,,19561,,,0,54,,19516,,,0,13,,19508,,,0,13,,19527,,,0,13,,19502,,,0,53,,19541,,,0,13,,19510,,,0,13,,19503,,,0,13,,19504,,,0,13,,19556,,,0,54,,19557,,,0,14,,19513,,,0,14,,19511,,,0,13,,19524,,,0,53,,19512,,,0,13,,19542,,,0,14,,19509,,,0,13,,19514,,,0,13,,19559,,,0,53,,19558,,,0,12,,19520,,,0,13,,19576,,,0,12,,19523,,,0,11,,19584,,,0,51,,19521,,,0,8,,19589,,,0,4,,19522,,,0,10,,19577,,,0,5,,19540,,,0,6,,19578,0,5,0,6,,19519,,,0,6,,19585,0,5,0,7,,19586,,,0,51,,19518,,,0,5,,19579,,,0,4,,19581,0,5,0,9,,19534,,,0,9,,19582,0,5,0,9,,19546,,,0,6,,19545,0,5,0,9,,19533,,,0,47,,19583,0,5,0,11,,19570,,,0,4,,19532,0,5,0,6,,19588,0,5,0,5,,19535,,,0,5,,19587,0,5,0,5,,19531,0,5,0,6,,19536,,,0,8,,19528,0,5,0,48,,19537,,,0,7,,19530,0,5,0,8,,19538,,,0,9,,19529,0,5,0,7,,19539,,,0,8,,19580,0,5,0,8,,19548,,,0,7,,19562,0,5,0,47,,19547,,,0,8,,19544,0,5,0,5,,19553,,,0,15,,19554,,,0,15,,19575,,,0,54,,19555,,,0,15,,19549,,,0,15,,19551,,,0,15,,19552,,,0,55,,19550,,,0,17,,19563,,,0,20,,19569,,,0,20,,19568,,,0,59,,19564,,,0,20,,19567,,,0,20,,19566,,,0,63,,19565,,,0,32,,19572,,,0,72,,19574,,,0,28,,19573,,,0,70,,19571,,,0
1401,'4745',639,,19646,,,0,64,,19633,,,0,26,,19632,,,0,17,,19616,,,0,55,,19650,,,0,15,,19623,,,0,14,,19648,,,0,15,,19639,,,0,55,,19649,,,0,14,,19607,,,0,15,,19638,,,0,15,,19604,,,0,15,,19608,,,0,55,,19617,,,0,15,,19641,,,0,15,,19595,,,0,15,,19625,,,0,55,,19596,,,0,15,,19626,,,0,14,,19597,,,0,15,,19609,,,0,56,,19618,,,0,15,,19642,,,0,15,,19592,,,0,15,,19627,,,0,56,,19594,,,0,15,,19624,,,0,15,,19593,,,0,55,,19610,,,0,15,,19590,,,0,15,,19619,,,0,15,,19640,,,0,55,,19600,,,0,15,,19628,,,0,15,,19599,,,0,15,,19630,,,0,55,,19598,,,0,15,,19611,,,0,15,,19591,,,0,15,,19620,,,0,55,,19643,,,0,15,,19601,,,0,15,,19629,,,0,15,,19602,,,0,56,,19631,,,0,15,,19606,,,0,15,,19615,,,0,15,,19605,,,0,57,,19622,,,0,18,,19645,,,0,20,,19635,,,0,18,,19637,,,0,60,,19603,,,0,20,,19614,,,0,20,,19621,,,0,61,,19647,,,0,30,,19636,,,0,70,,19613,,,0,31,,19612,,,0,71,,19644,,,0,30,,19634,,,0
1401,'4935',554,,3045,,,0,65,,11665,,,0,21,,3063,,,0,15,,3046,,,0,53,,3070,,,0,12,,3052,,,0,13,,3088,,,0,12,,3061,,,0,14,,3047,,,0,55,,3071,,,0,14,,11666,,,0,13,,3105,,,0,13,,3106,,,0,54,,3062,,,0,13,,3054,,,0,13,,3072,,,0,13,,3048,,,0,53,,3086,,,0,13,,3056,,,0,13,,3049,,,0,13,,11664,,,0,13,,3101,,,0,54,,3102,,,0,14,,3059,,,0,14,,3057,,,0,13,,3069,,,0,53,,3058,,,0,13,,3087,,,0,14,,3055,,,0,13,,3060,,,0,13,,11673,,,0,53,,3103,,,0,12,,3066,,,0,13,,3121,,,0,12,,3068,,,0,11,,11679,,,0,59,,3134,,,0,4,,3067,,,0,10,,3122,,,0,5,,3085,,,0,6,,11675,0,5,0,6,,3065,,,0,6,,11680,0,5,0,7,,3131,,,0,51,,11667,,,0,5,,3124,,,0,4,,11677,0,5,0,9,,3079,,,0,9,,11678,0,5,0,9,,3091,,,0,6,,3090,0,5,0,9,,3078,,,0,47,,3128,0,5,0,11,,3115,,,0,4,,3077,0,5,0,6,,3133,0,5,0,5,,3080,,,0,5,,11681,0,5,0,5,,11671,0,5,0,6,,3081,,,0,8,,11668,0,5,0,48,,3082,,,0,7,,11670,0,5,0,8,,3083,,,0,9,,11669,0,5,0,7,,3084,,,0,8,,11676,0,5,0,8,,3093,,,0,7,,11674,0,5,0,47,,3092,,,0,8,,11672,0,5,0,5,,3098,,,0,15,,3099,,,0,15,,3120,,,0,54,,3100,,,0,15,,3094,,,0,15,,3096,,,0,15,,3097,,,0,55,,3095,,,0,17,,3108,,,0,20,,3114,,,0,20,,3113,,,0,59,,3109,,,0,20,,3112,,,0,20,,3111,,,0,63,,3110,,,0,32,,3117,,,0,72,,3119,,,0,28,,3118,,,0,70,,3116,,,0
1401,'4937',1405,,3135,,,0
1401,'4941',554,,3137,,,0,65,,11683,,,0,21,,3155,,,0,15,,3138,,,0,53,,3163,,,0,12,,3144,,,0,13,,3181,,,0,12,,3153,,,0,14,,3139,,,0,55,,3164,,,0,14,,11684,,,0,13,,3198,,,0,13,,3199,,,0,54,,3154,,,0,13,,3146,,,0,13,,3165,,,0,13,,3140,,,0,53,,3179,,,0,13,,3148,,,0,13,,3141,,,0,13,,11682,,,0,13,,3194,,,0,54,,3195,,,0,14,,3151,,,0,14,,3149,,,0,13,,3162,,,0,53,,3150,,,0,13,,3180,,,0,14,,3147,,,0,13,,3152,,,0,13,,11691,,,0,53,,3196,,,0,12,,3158,,,0,13,,3214,,,0,12,,3161,,,0,11,,11697,,,0,51,,3159,,,0,12,,3160,,,0,10,,3215,,,0,5,,3178,,,0,6,,11693,0,5,0,6,,3157,,,0,6,,11698,0,5,0,7,,3226,,,0,51,,11685,,,0,5,,3217,,,0,4,,11695,0,5,0,9,,3172,,,0,9,,11696,0,5,0,9,,3184,,,0,6,,3183,0,5,0,9,,3171,,,0,47,,3221,0,5,0,11,,3208,,,0,4,,3170,0,5,0,6,,3228,0,5,0,5,,3173,,,0,5,,11699,0,5,0,5,,11689,0,5,0,6,,3174,,,0,8,,11686,0,5,0,48,,3175,,,0,7,,11688,0,5,0,8,,3176,,,0,9,,11687,0,5,0,7,,3177,,,0,8,,11694,0,5,0,8,,3186,,,0,7,,11692,0,5,0,47,,3185,,,0,8,,11690,0,5,0,5,,3191,,,0,15,,3192,,,0,15,,3213,,,0,54,,3193,,,0,15,,3187,,,0,15,,3189,,,0,15,,3190,,,0,55,,3188,,,0,17,,3201,,,0,20,,3207,,,0,20,,3206,,,0,59,,3202,,,0,20,,3205,,,0,20,,3204,,,0,63,,3203,,,0,32,,3210,,,0,72,,3212,,,0,28,,3211,,,0,70,,3209,,,0,30,,3222,,,0,70,,3223,,,0
1401,'4943',608,,3271,,,0,30,,3270,,,0,66,,3236,,,0,21,,3239,,,0,17,,3272,,,0,15,,3273,,,0,55,,3238,,,0,14,,3232,,,0,15,,3274,,,0,15,,3231,,,0,55,,3240,,,0,14,,3237,,,0,15,,3276,,,0,14,,3275,,,0,54,,3241,,,0,14,,3230,,,0,14,,3280,,,0,15,,3229,,,0,55,,3247,,,0,15,,3248,,,0,15,,3281,,,0,14,,3233,,,0,55,,3278,,,0,15,,3243,,,0,15,,3244,,,0,15,,3279,,,0,55,,3242,,,0,14,,3245,,,0,15,,3246,,,0,15,,3277,,,0,55,,3249,,,0,15,,3257,,,0,15,,3235,,,0,15,,3234,,,0,55,,3255,,,0,15,,3263,,,0,15,,3259,,,0,15,,3260,,,0,55,,3262,,,0,15,,3256,,,0,16,,3251,,,0,15,,3261,,,0,55,,3258,,,0,15,,3264,,,0,15,,3252,,,0,15,,3265,,,0,56,,3254,,,0,15,,3253,,,0,15,,3269,,,0,15,,3266,,,0,55,,3267,,,0,15,,3250,,,0,19,,3268,,,0,60,,3285,,,0,20,,3283,,,0,20,,3282,,,0,60,,3284,,,0,20,,3286,,,0,20,,3290,,,0,60,,3289,,,0,20,,3288,,,0,28,,3287,,,0,71,,3291,,,0,31,,3292,,,0,71,,3293,,,0,30,,3294,,,0,70,,3295,,,0
1401,'4945',639,,3352,,,0,64,,3339,,,0,26,,3338,,,0,17,,3322,,,0,55,,3356,,,0,15,,3329,,,0,14,,3354,,,0,15,,3345,,,0,55,,3355,,,0,14,,3313,,,0,15,,3344,,,0,15,,3310,,,0,15,,3314,,,0,55,,3323,,,0,15,,3347,,,0,15,,3301,,,0,15,,3331,,,0,55,,3302,,,0,15,,3332,,,0,14,,3303,,,0,15,,3315,,,0,56,,3324,,,0,15,,3348,,,0,15,,3298,,,0,15,,3333,,,0,56,,3300,,,0,15,,3330,,,0,15,,3299,,,0,55,,3316,,,0,15,,3296,,,0,15,,3325,,,0,15,,3346,,,0,55,,3306,,,0,15,,3334,,,0,15,,3305,,,0,15,,3336,,,0,55,,3304,,,0,15,,3317,,,0,15,,3297,,,0,15,,3326,,,0,55,,3349,,,0,15,,3307,,,0,15,,3335,,,0,15,,3308,,,0,56,,3337,,,0,15,,3312,,,0,15,,3321,,,0,15,,3311,,,0,57,,3328,,,0,18,,3351,,,0,20,,3341,,,0,18,,3343,,,0,60,,3309,,,0,20,,3320,,,0,20,,3327,,,0,61,,3353,,,0,30,,3342,,,0,70,,3319,,,0,31,,3318,,,0,71,,3350,,,0,30,,3340,,,0
1401,'4947',554,,19651,,,0,65,,19657,,,0,21,,19669,,,0,15,,19652,,,0,53,,19676,,,0,12,,19658,,,0,13,,19694,,,0,12,,19667,,,0,14,,19653,,,0,55,,19677,,,0,14,,19659,,,0,13,,19711,,,0,13,,19712,,,0,54,,19668,,,0,13,,19660,,,0,13,,19678,,,0,13,,19654,,,0,53,,19692,,,0,13,,19662,,,0,13,,19655,,,0,13,,19656,,,0,13,,19707,,,0,54,,19708,,,0,14,,19665,,,0,14,,19663,,,0,13,,19675,,,0,53,,19664,,,0,13,,19693,,,0,14,,19661,,,0,13,,19666,,,0,13,,19710,,,0,53,,19709,,,0,12,,19672,,,0,13,,19727,,,0,12,,19674,,,0,11,,19735,,,0,59,,19740,,,0,4,,19673,,,0,10,,19728,,,0,5,,19691,,,0,6,,19729,0,5,0,6,,19671,,,0,6,,19736,0,5,0,7,,19737,,,0,51,,19670,,,0,5,,19730,,,0,4,,19732,0,5,0,9,,19685,,,0,9,,19733,0,5,0,9,,19697,,,0,6,,19696,0,5,0,9,,19684,,,0,47,,19734,0,5,0,11,,19721,,,0,4,,19683,0,5,0,6,,19739,0,5,0,5,,19686,,,0,5,,19738,0,5,0,5,,19682,0,5,0,6,,19687,,,0,8,,19679,0,5,0,48,,19688,,,0,7,,19681,0,5,0,8,,19689,,,0,9,,19680,0,5,0,7,,19690,,,0,8,,19731,0,5,0,8,,19699,,,0,7,,19713,0,5,0,47,,19698,,,0,8,,19695,0,5,0,5,,19704,,,0,15,,19705,,,0,15,,19726,,,0,54,,19706,,,0,15,,19700,,,0,15,,19702,,,0,15,,19703,,,0,55,,19701,,,0,17,,19714,,,0,20,,19720,,,0,20,,19719,,,0,59,,19715,,,0,20,,19718,,,0,20,,19717,,,0,63,,19716,,,0,32,,19723,,,0,72,,19725,,,0,28,,19724,,,0,70,,19722,,,0
1401,'4949',1405,,19741,,,0
1401,'4950',1405,,19742,,,0
1401,'4952',554,,19743,,,0,65,,19749,,,0,21,,19761,,,0,15,,19744,,,0,53,,19769,,,0,12,,19750,,,0,13,,19787,,,0,12,,19759,,,0,14,,19745,,,0,55,,19770,,,0,14,,19751,,,0,13,,19804,,,0,13,,19805,,,0,54,,19760,,,0,13,,19752,,,0,13,,19771,,,0,13,,19746,,,0,53,,19785,,,0,13,,19754,,,0,13,,19747,,,0,13,,19748,,,0,13,,19800,,,0,54,,19801,,,0,14,,19757,,,0,14,,19755,,,0,13,,19768,,,0,53,,19756,,,0,13,,19786,,,0,14,,19753,,,0,13,,19758,,,0,13,,19803,,,0,53,,19802,,,0,12,,19764,,,0,13,,19820,,,0,12,,19767,,,0,11,,19830,,,0,51,,19765,,,0,12,,19766,,,0,10,,19821,,,0,5,,19784,,,0,6,,19822,0,5,0,6,,19763,,,0,6,,19831,0,5,0,7,,19832,,,0,51,,19762,,,0,5,,19823,,,0,4,,19825,0,5,0,9,,19778,,,0,9,,19826,0,5,0,9,,19790,,,0,6,,19789,0,5,0,9,,19777,,,0,47,,19827,0,5,0,11,,19814,,,0,4,,19776,0,5,0,6,,19834,0,5,0,5,,19779,,,0,5,,19833,0,5,0,5,,19775,0,5,0,6,,19780,,,0,8,,19772,0,5,0,48,,19781,,,0,7,,19774,0,5,0,8,,19782,,,0,9,,19773,0,5,0,7,,19783,,,0,8,,19824,0,5,0,8,,19792,,,0,7,,19806,0,5,0,47,,19791,,,0,8,,19788,0,5,0,5,,19797,,,0,15,,19798,,,0,15,,19819,,,0,54,,19799,,,0,15,,19793,,,0,15,,19795,,,0,15,,19796,,,0,55,,19794,,,0,17,,19807,,,0,20,,19813,,,0,20,,19812,,,0,59,,19808,,,0,20,,19811,,,0,20,,19810,,,0,63,,19809,,,0,32,,19816,,,0,72,,19818,,,0,28,,19817,,,0,70,,19815,,,0,30,,19828,,,0,70,,19829,,,0
1401,'4953',608,,19877,,,0,30,,19876,,,0,66,,19842,,,0,21,,19845,,,0,17,,19878,,,0,15,,19879,,,0,55,,19844,,,0,14,,19838,,,0,15,,19880,,,0,15,,19837,,,0,55,,19846,,,0,14,,19843,,,0,15,,19882,,,0,14,,19881,,,0,54,,19847,,,0,14,,19836,,,0,14,,19886,,,0,15,,19835,,,0,55,,19853,,,0,15,,19854,,,0,15,,19887,,,0,14,,19839,,,0,55,,19884,,,0,15,,19849,,,0,15,,19850,,,0,15,,19885,,,0,55,,19848,,,0,14,,19851,,,0,15,,19852,,,0,15,,19883,,,0,55,,19855,,,0,15,,19863,,,0,15,,19841,,,0,15,,19840,,,0,55,,19861,,,0,15,,19869,,,0,15,,19865,,,0,15,,19866,,,0,55,,19868,,,0,15,,19862,,,0,16,,19857,,,0,15,,19867,,,0,55,,19864,,,0,15,,19870,,,0,15,,19858,,,0,15,,19871,,,0,56,,19860,,,0,15,,19859,,,0,15,,19875,,,0,15,,19872,,,0,55,,19873,,,0,15,,19856,,,0,19,,19874,,,0,60,,19891,,,0,20,,19889,,,0,20,,19888,,,0,60,,19890,,,0,20,,19892,,,0,20,,19896,,,0,60,,19895,,,0,20,,19894,,,0,28,,19893,,,0,71,,19897,,,0,31,,19898,,,0,71,,19899,,,0,30,,19900,,,0,70,,19901,,,0
1401,'4954',639,,19958,,,0,64,,19945,,,0,26,,19944,,,0,17,,19928,,,0,55,,19962,,,0,15,,19935,,,0,14,,19960,,,0,15,,19951,,,0,55,,19961,,,0,14,,19919,,,0,15,,19950,,,0,15,,19916,,,0,15,,19920,,,0,55,,19929,,,0,15,,19953,,,0,15,,19907,,,0,15,,19937,,,0,55,,19908,,,0,15,,19938,,,0,14,,19909,,,0,15,,19921,,,0,56,,19930,,,0,15,,19954,,,0,15,,19904,,,0,15,,19939,,,0,56,,19906,,,0,15,,19936,,,0,15,,19905,,,0,55,,19922,,,0,15,,19902,,,0,15,,19931,,,0,15,,19952,,,0,55,,19912,,,0,15,,19940,,,0,15,,19911,,,0,15,,19942,,,0,55,,19910,,,0,15,,19923,,,0,15,,19903,,,0,15,,19932,,,0,55,,19955,,,0,15,,19913,,,0,15,,19941,,,0,15,,19914,,,0,56,,19943,,,0,15,,19918,,,0,15,,19927,,,0,15,,19917,,,0,57,,19934,,,0,18,,19957,,,0,20,,19947,,,0,18,,19949,,,0,60,,19915,,,0,20,,19926,,,0,20,,19933,,,0,61,,19959,,,0,30,,19948,,,0,70,,19925,,,0,31,,19924,,,0,71,,19956,,,0,30,,19946,,,0
1501,'4487',651,,20474,,,0,64,,20488,,,0,20,,20473,,,0,15,,20449,,,0,54,,20469,,,0,15,,20470,,,0,14,,20448,,,0,15,,20487,,,0,55,,20471,,,0,15,,20447,,,0,15,,20472,,,0,15,,20464,,,0,53,,20445,,,0,14,,20446,,,0,14,,20486,,,0,15,,20465,,,0,15,,20444,,,0,55,,20467,,,0,15,,20468,,,0,15,,20441,,,0,15,,20443,,,0,55,,20485,,,0,14,,20466,,,0,15,,20442,,,0,15,,20463,,,0,55,,20462,,,0,15,,20440,,,0,15,,20439,,,0,15,,20484,,,0,56,,20461,,,0,14,,20438,,,0,16,,20459,,,0,15,,20460,,,0,55,,20437,,,0,15,,20453,,,0,15,,20493,,,0,15,,20482,,,0,55,,20454,,,0,15,,20455,,,0,15,,20457,,,0,15,,20434,,,0,55,,20436,,,0,15,,20483,,,0,14,,20456,,,0,15,,20435,,,0,55,,20458,,,0,15,,20481,,,0,15,,20452,,,0,15,,20450,,,0,55,,20491,,,0,17,,20478,,,0,20,,20451,,,0,60,,20476,,,0,20,,20477,,,0,20,,20475,,,0,60,,20479,,,0,20,,20480,,,0,20,,20492,,,0,60,,20490,,,0,23,,20489,,,0,71,,20494,,,0,31,,20495,,,0,71,,20496,,,0,30,,20497,,,0
1501,'4743',651,,11813,,,0,64,,11827,,,0,20,,11812,,,0,15,,11788,,,0,54,,11808,,,0,15,,11809,,,0,14,,11787,,,0,15,,11826,,,0,55,,11810,,,0,15,,11786,,,0,15,,11811,,,0,15,,11803,,,0,53,,11784,,,0,14,,11785,,,0,14,,11825,,,0,15,,11804,,,0,15,,11783,,,0,55,,11806,,,0,15,,11807,,,0,15,,11780,,,0,15,,11782,,,0,55,,11824,,,0,14,,11805,,,0,15,,11781,,,0,15,,11802,,,0,55,,11801,,,0,15,,11779,,,0,15,,11778,,,0,15,,11823,,,0,56,,11800,,,0,14,,11777,,,0,16,,11798,,,0,15,,11799,,,0,55,,11776,,,0,15,,11792,,,0,15,,11832,,,0,15,,11821,,,0,55,,11793,,,0,15,,11794,,,0,15,,11796,,,0,15,,11773,,,0,55,,11775,,,0,15,,11822,,,0,14,,11795,,,0,15,,11774,,,0,55,,11797,,,0,15,,11820,,,0,15,,11791,,,0,15,,11789,,,0,55,,11830,,,0,17,,11817,,,0,20,,11790,,,0,60,,11815,,,0,20,,11816,,,0,20,,11814,,,0,60,,11818,,,0,20,,11819,,,0,20,,11831,,,0,60,,11829,,,0,23,,11828,,,0,71,,11833,,,0,31,,11834,,,0,71,,11835,,,0,30,,11836,,,0
1501,'4744',552,,20521,,,0,67,,20516,,,0,17,,20515,,,0,20,,20526,,,0,56,,20511,,,0,14,,20522,,,0,15,,20523,,,0,15,,20519,,,0,57,,20510,,,0,17,,20499,,,0,16,,20512,,,0,56,,20525,,,0,15,,20517,,,0,15,,20502,,,0,15,,20524,,,0,55,,20527,,,0,15,,20513,,,0,16,,20514,,,0,15,,20501,,,0,55,,20518,,,0,14,,20498,,,0,15,,20520,,,0,15,,20504,,,0,55,,20529,,,0,15,,20528,,,0,15,,20500,,,0,15,,20530,,,0,55,,20532,,,0,15,,20531,,,0,13,,20503,,,0,15,,20533,,,0,55,,20534,,,0,14,,20505,,,0,13,,20535,,,0,12,,20506,,,0,11,,20536,,,0,51,,20507,,,0,12,,20537,,,0,12,,20508,,,0,13,,20538,,,0,12,,20509,,,0,53,,20543,,,0,11,,20561,,,0,11,,20551,,,0,11,,20570,,,0,12,,20544,,,0,10,,20549,,,0,50,,20559,,,0,11,,20569,,,0,12,,20546,,,0,12,,20539,,,0,11,,20540,,,0,52,,20558,,,0,10,,20545,,,0,15,,20547,,,0,15,,20541,,,0,56,,20550,,,0,15,,20542,,,0,16,,20557,,,0,15,,20554,,,0,55,,20548,,,0,14,,20552,,,0,19,,20553,,,0,20,,20555,,,0,61,,20556,,,0,20,,20560,,,0,64,,20566,,,0,31,,20564,,,0,74,,20563,,,0,31,,20562,,,0,70,,20565,,,0,32,,20567,,,0
1501,'4745',650,,20588,,,0,68,,20575,,,0,20,,20589,,,0,16,,20576,,,0,55,,20630,,,0,15,,20590,,,0,15,,20577,,,0,15,,20629,,,0,53,,20591,,,0,15,,20578,,,0,15,,20592,,,0,15,,20572,,,0,55,,20586,,,0,14,,20571,,,0,15,,20595,,,0,16,,20582,,,0,55,,20596,,,0,15,,20574,,,0,15,,20584,,,0,15,,20573,,,0,55,,20583,,,0,15,,20597,,,0,15,,20579,,,0,15,,20598,,,0,56,,20580,,,0,15,,20587,,,0,15,,20585,,,0,15,,20581,,,0,55,,20599,,,0,15,,20601,,,0,15,,20600,,,0,15,,20602,,,0,55,,20594,,,0,15,,20604,,,0,15,,20593,,,0,15,,20605,,,0,55,,20611,,,0,15,,20610,,,0,15,,20606,,,0,15,,20603,,,0,55,,20608,,,0,15,,20607,,,0,15,,20609,,,0,15,,20625,,,0,55,,20622,,,0,15,,20619,,,0,15,,20623,,,0,15,,20612,,,0,58,,20624,,,0,20,,20613,,,0,19,,20614,,,0,59,,20616,,,0,20,,20618,,,0,20,,20617,,,0,60,,20615,,,0,26,,20621,,,0,70,,20620,,,0,31,,20626,,,0,71,,20627,,,0,30,,20628,,,0
1501,'4935',552,,3656,,,0,67,,11837,,,0,17,,3650,,,0,20,,3661,,,0,56,,3646,,,0,14,,3657,,,0,15,,3658,,,0,15,,3654,,,0,57,,3645,,,0,17,,3634,,,0,16,,3647,,,0,56,,3660,,,0,15,,3652,,,0,15,,3637,,,0,15,,3659,,,0,55,,3662,,,0,15,,3648,,,0,16,,3649,,,0,15,,3636,,,0,55,,3653,,,0,14,,3633,,,0,15,,3655,,,0,15,,3639,,,0,55,,3664,,,0,15,,3663,,,0,15,,3635,,,0,15,,3665,,,0,55,,3667,,,0,15,,3666,,,0,13,,3638,,,0,15,,3668,,,0,55,,3669,,,0,14,,3640,,,0,13,,3670,,,0,12,,3641,,,0,11,,3671,,,0,51,,3642,,,0,12,,3672,,,0,12,,3643,,,0,13,,3673,,,0,12,,3644,,,0,53,,3678,,,0,11,,3696,,,0,11,,3686,,,0,11,,3705,,,0,12,,3679,,,0,10,,3684,,,0,50,,3694,,,0,11,,3704,,,0,12,,3681,,,0,12,,3674,,,0,11,,3675,,,0,52,,3693,,,0,10,,3680,,,0,15,,3682,,,0,15,,3676,,,0,56,,3685,,,0,15,,3677,,,0,16,,3692,,,0,15,,3689,,,0,55,,3683,,,0,14,,3687,,,0,19,,3688,,,0,20,,3690,,,0,61,,3691,,,0,20,,3695,,,0,64,,3701,,,0,31,,3699,,,0,74,,3698,,,0,31,,3697,,,0,70,,3700,,,0,32,,3702,,,0
1501,'4941',552,,3729,,,0,67,,11838,,,0,17,,3723,,,0,20,,3734,,,0,56,,3719,,,0,14,,3730,,,0,15,,3731,,,0,15,,3727,,,0,57,,3718,,,0,17,,3707,,,0,16,,3720,,,0,56,,3733,,,0,15,,3725,,,0,15,,3710,,,0,15,,3732,,,0,55,,3735,,,0,15,,3721,,,0,16,,3722,,,0,15,,3709,,,0,55,,3726,,,0,14,,3706,,,0,15,,3728,,,0,15,,3712,,,0,55,,3737,,,0,15,,3736,,,0,15,,3708,,,0,15,,3738,,,0,55,,3740,,,0,15,,3739,,,0,13,,3711,,,0,15,,3741,,,0,55,,3742,,,0,14,,3713,,,0,13,,3743,,,0,12,,3714,,,0,11,,3744,,,0,51,,3715,,,0,12,,3745,,,0,12,,3716,,,0,13,,3746,,,0,12,,3717,,,0,53,,3751,,,0,11,,3769,,,0,11,,3759,,,0,11,,3782,,,0,12,,3752,,,0,10,,3757,,,0,50,,3767,,,0,11,,3781,,,0,12,,3754,,,0,12,,3747,,,0,11,,3748,,,0,52,,3766,,,0,10,,3753,,,0,15,,3755,,,0,15,,3749,,,0,56,,3758,,,0,15,,3750,,,0,16,,3765,,,0,15,,3762,,,0,55,,3756,,,0,14,,3760,,,0,19,,3761,,,0,20,,3763,,,0,61,,3764,,,0,20,,3768,,,0,64,,3778,,,0,31,,3774,,,0,74,,3773,,,0,31,,3770,,,0,70,,3775,,,0,32,,3779,,,0,70,,3771,,,0,30,,3776,,,0,70,,3777,,,0,30,,11839,,,0
1501,'4943',651,,3823,,,0,64,,3837,,,0,20,,3822,,,0,15,,3798,,,0,54,,3818,,,0,15,,3819,,,0,14,,3797,,,0,15,,3836,,,0,55,,3820,,,0,15,,3796,,,0,15,,3821,,,0,15,,3813,,,0,53,,3794,,,0,14,,3795,,,0,14,,3835,,,0,15,,3814,,,0,15,,3793,,,0,55,,3816,,,0,15,,3817,,,0,15,,3790,,,0,15,,3792,,,0,55,,3834,,,0,14,,3815,,,0,15,,3791,,,0,15,,3812,,,0,55,,3811,,,0,15,,3789,,,0,15,,3788,,,0,15,,3833,,,0,56,,3810,,,0,14,,3787,,,0,16,,3808,,,0,15,,3809,,,0,55,,3786,,,0,15,,3802,,,0,15,,3842,,,0,15,,3831,,,0,55,,3803,,,0,15,,3804,,,0,15,,3806,,,0,15,,3783,,,0,55,,3785,,,0,15,,3832,,,0,14,,3805,,,0,15,,3784,,,0,55,,3807,,,0,15,,3830,,,0,15,,3801,,,0,15,,3799,,,0,55,,3840,,,0,17,,3827,,,0,20,,3800,,,0,60,,3825,,,0,20,,3826,,,0,20,,3824,,,0,60,,3828,,,0,20,,3829,,,0,20,,3841,,,0,60,,3839,,,0,23,,3838,,,0,71,,3843,,,0,31,,3844,,,0,71,,3845,,,0,30,,3846,,,0,70,,3847,,,0,30,,3848,,,0,72,,3849,,,0,30,,3850,,,0
1501,'4945',650,,3868,,,0,68,,3855,,,0,20,,3869,,,0,16,,3856,,,0,55,,3910,,,0,15,,3870,,,0,15,,3857,,,0,15,,3909,,,0,53,,3871,,,0,15,,3858,,,0,15,,3872,,,0,15,,3852,,,0,55,,3866,,,0,14,,3851,,,0,15,,3875,,,0,16,,3862,,,0,55,,3876,,,0,15,,3854,,,0,15,,3864,,,0,15,,3853,,,0,55,,3863,,,0,15,,3877,,,0,15,,3859,,,0,15,,3878,,,0,56,,3860,,,0,15,,3867,,,0,15,,3865,,,0,15,,3861,,,0,55,,3879,,,0,15,,3881,,,0,15,,3880,,,0,15,,3882,,,0,55,,3874,,,0,15,,3884,,,0,15,,3873,,,0,15,,3885,,,0,55,,3891,,,0,15,,3890,,,0,15,,3886,,,0,15,,3883,,,0,55,,3888,,,0,15,,3887,,,0,15,,3889,,,0,15,,3905,,,0,55,,3902,,,0,15,,3899,,,0,15,,3903,,,0,15,,3892,,,0,58,,3904,,,0,20,,3893,,,0,19,,3894,,,0,59,,3896,,,0,20,,3898,,,0,20,,3897,,,0,60,,3895,,,0,26,,3901,,,0,70,,3900,,,0,31,,3906,,,0,71,,3907,,,0,30,,3908,,,0
1501,'4947',552,,20654,,,0,67,,20649,,,0,17,,20648,,,0,20,,20659,,,0,56,,20644,,,0,14,,20655,,,0,15,,20656,,,0,15,,20652,,,0,57,,20643,,,0,17,,20632,,,0,16,,20645,,,0,56,,20658,,,0,15,,20650,,,0,15,,20635,,,0,15,,20657,,,0,55,,20660,,,0,15,,20646,,,0,16,,20647,,,0,15,,20634,,,0,55,,20651,,,0,14,,20631,,,0,15,,20653,,,0,15,,20637,,,0,55,,20662,,,0,15,,20661,,,0,15,,20633,,,0,15,,20663,,,0,55,,20665,,,0,15,,20664,,,0,13,,20636,,,0,15,,20666,,,0,55,,20667,,,0,14,,20638,,,0,13,,20668,,,0,12,,20639,,,0,11,,20669,,,0,51,,20640,,,0,12,,20670,,,0,12,,20641,,,0,13,,20671,,,0,12,,20642,,,0,53,,20676,,,0,11,,20694,,,0,11,,20684,,,0,11,,20703,,,0,12,,20677,,,0,10,,20682,,,0,50,,20692,,,0,11,,20702,,,0,12,,20679,,,0,12,,20672,,,0,11,,20673,,,0,52,,20691,,,0,10,,20678,,,0,15,,20680,,,0,15,,20674,,,0,56,,20683,,,0,15,,20675,,,0,16,,20690,,,0,15,,20687,,,0,55,,20681,,,0,14,,20685,,,0,19,,20686,,,0,20,,20688,,,0,61,,20689,,,0,20,,20693,,,0,64,,20699,,,0,31,,20697,,,0,74,,20696,,,0,31,,20695,,,0,70,,20698,,,0,32,,20700,,,0
1501,'4952',552,,20727,,,0,67,,20722,,,0,17,,20721,,,0,20,,20732,,,0,56,,20717,,,0,14,,20728,,,0,15,,20729,,,0,15,,20725,,,0,57,,20716,,,0,17,,20705,,,0,16,,20718,,,0,56,,20731,,,0,15,,20723,,,0,15,,20708,,,0,15,,20730,,,0,55,,20733,,,0,15,,20719,,,0,16,,20720,,,0,15,,20707,,,0,55,,20724,,,0,14,,20704,,,0,15,,20726,,,0,15,,20710,,,0,55,,20735,,,0,15,,20734,,,0,15,,20706,,,0,15,,20736,,,0,55,,20738,,,0,15,,20737,,,0,13,,20709,,,0,15,,20739,,,0,55,,20740,,,0,14,,20711,,,0,13,,20741,,,0,12,,20712,,,0,11,,20742,,,0,51,,20713,,,0,12,,20743,,,0,12,,20714,,,0,13,,20744,,,0,12,,20715,,,0,53,,20749,,,0,11,,20767,,,0,11,,20757,,,0,11,,20780,,,0,12,,20750,,,0,10,,20755,,,0,50,,20765,,,0,11,,20779,,,0,12,,20752,,,0,12,,20745,,,0,11,,20746,,,0,52,,20764,,,0,10,,20751,,,0,15,,20753,,,0,15,,20747,,,0,56,,20756,,,0,15,,20748,,,0,16,,20763,,,0,15,,20760,,,0,55,,20754,,,0,14,,20758,,,0,19,,20759,,,0,20,,20761,,,0,61,,20762,,,0,20,,20766,,,0,64,,20776,,,0,31,,20772,,,0,74,,20771,,,0,31,,20768,,,0,70,,20773,,,0,32,,20777,,,0,70,,20769,,,0,30,,20774,,,0,70,,20775,,,0,30,,20770,,,0
1501,'4953',651,,20821,,,0,64,,20835,,,0,20,,20820,,,0,15,,20796,,,0,54,,20816,,,0,15,,20817,,,0,14,,20795,,,0,15,,20834,,,0,55,,20818,,,0,15,,20794,,,0,15,,20819,,,0,15,,20811,,,0,53,,20792,,,0,14,,20793,,,0,14,,20833,,,0,15,,20812,,,0,15,,20791,,,0,55,,20814,,,0,15,,20815,,,0,15,,20788,,,0,15,,20790,,,0,55,,20832,,,0,14,,20813,,,0,15,,20789,,,0,15,,20810,,,0,55,,20809,,,0,15,,20787,,,0,15,,20786,,,0,15,,20831,,,0,56,,20808,,,0,14,,20785,,,0,16,,20806,,,0,15,,20807,,,0,55,,20784,,,0,15,,20800,,,0,15,,20840,,,0,15,,20829,,,0,55,,20801,,,0,15,,20802,,,0,15,,20804,,,0,15,,20781,,,0,55,,20783,,,0,15,,20830,,,0,14,,20803,,,0,15,,20782,,,0,55,,20805,,,0,15,,20828,,,0,15,,20799,,,0,15,,20797,,,0,55,,20838,,,0,17,,20825,,,0,20,,20798,,,0,60,,20823,,,0,20,,20824,,,0,20,,20822,,,0,60,,20826,,,0,20,,20827,,,0,20,,20839,,,0,60,,20837,,,0,23,,20836,,,0,71,,20841,,,0,31,,20842,,,0,71,,20843,,,0,30,,20844,,,0,70,,20845,,,0,30,,20846,,,0,72,,20847,,,0,30,,20848,,,0
1501,'4954',650,,20866,,,0,68,,20853,,,0,20,,20867,,,0,16,,20854,,,0,55,,20908,,,0,15,,20868,,,0,15,,20855,,,0,15,,20907,,,0,53,,20869,,,0,15,,20856,,,0,15,,20870,,,0,15,,20850,,,0,55,,20864,,,0,14,,20849,,,0,15,,20873,,,0,16,,20860,,,0,55,,20874,,,0,15,,20852,,,0,15,,20862,,,0,15,,20851,,,0,55,,20861,,,0,15,,20875,,,0,15,,20857,,,0,15,,20876,,,0,56,,20858,,,0,15,,20865,,,0,15,,20863,,,0,15,,20859,,,0,55,,20877,,,0,15,,20879,,,0,15,,20878,,,0,15,,20880,,,0,55,,20872,,,0,15,,20882,,,0,15,,20871,,,0,15,,20883,,,0,55,,20889,,,0,15,,20888,,,0,15,,20884,,,0,15,,20881,,,0,55,,20886,,,0,15,,20885,,,0,15,,20887,,,0,15,,20903,,,0,55,,20900,,,0,15,,20897,,,0,15,,20901,,,0,15,,20890,,,0,58,,20902,,,0,20,,20891,,,0,19,,20892,,,0,59,,20894,,,0,20,,20896,,,0,20,,20895,,,0,60,,20893,,,0,26,,20899,,,0,70,,20898,,,0,31,,20904,,,0,71,,20905,,,0,30,,20906,,,0
2200,'4487',649,,21458,,,0,80,,21443,,,0,80,,21447,,,0,40,,21460,,,0,71,,21444,,,0,30,,21438,,,0,71,,21445,,,0,31,,21459,,,0,71,,21442,,,0,30,,21441,,,0,71,,21446,,,0,30,,21439,,,0,69,,21464,,,0,30,,21440,,,0,70,,21453,,,0,30,,21448,,,0,70,,21452,,,0,30,,21463,,,0,69,,21454,,,0,31,,21449,,,0,70,,21456,,,0,33,,21455,,,0,70,,21451,,,0,29,,21450,,,0,69,,21465,,,0,30,,21466,,,0,67,,21462,,,0,28,,21457,,,0,70,,21461,0,5,0,30,,21467,0,5,0
2200,'4743',649,,11945,,,0,80,,11930,,,0,80,,11934,,,0,40,,11947,,,0,71,,11931,,,0,30,,11925,,,0,71,,11932,,,0,31,,11946,,,0,71,,11929,,,0,30,,11928,,,0,71,,11933,,,0,30,,11926,,,0,69,,11951,,,0,30,,11927,,,0,70,,11940,,,0,30,,11935,,,0,70,,11939,,,0,30,,11950,,,0,69,,11941,,,0,31,,11936,,,0,70,,11943,,,0,33,,11942,,,0,70,,11938,,,0,29,,11937,,,0,69,,11952,,,0,30,,11953,,,0,67,,11949,,,0,28,,11944,,,0,70,,11948,0,5,0,30,,11954,0,5,0
2200,'4744',600,,21492,,,0,29,,21476,,,0,28,,21487,,,0,70,,21479,,,0,73,,21491,,,0,23,,21471,,,0,30,,21475,,,0,103,,21477,,,0,66,,21493,,,0,30,,21470,,,0,100,,21486,0,21 22,0,70,,21478,0,21 22,0,30,,21494,0,21 22,0,70,,21472,0,21 22,0,101,,21489,0,21 22,0,29,,21483,0,21 22,0,74,,21496,0,21 22,0,102,,21484,0,21 22,0,100,,21480,0,21 22,0,30,,21495,,,0,65,,21473,,,0,99,,21488,,,0,30,,21485,,,0,69,,21474,,,0,30,,21482,,,0,70,,21490,0,5,0,30,,21481,0,5,0
2200,'4745',739,,21500,,,0,100,,21501,,,0,80,,21502,,,0,30,,21497,,,0,71,,21498,,,0,30,,21499,,,0,70,,21504,,,0,29,,21505,,,0,72,,21503,,,0,30,,21506,,,0,70,,21507,,,0,30,,21515,,,0,70,,21514,,,0,30,,21508,,,0,70,,21509,,,0,30,,21510,,,0,70,,21511,,,0,32,,21512,,,0,70,,21513,,,0,30,,21516,,,0,69,,21517,,,0,29,,21518,,,0,70,,21519,,,0
2200,'4935',600,,4249,,,0,29,,4233,,,0,28,,4244,,,0,70,,4236,,,0,73,,4248,,,0,23,,4228,,,0,30,,4232,,,0,103,,4234,,,0,66,,4250,,,0,30,,4227,,,0,100,,4243,0,21 22,0,70,,4235,0,21 22,0,30,,4251,0,21 22,0,70,,4229,0,21 22,0,101,,4246,0,21 22,0,29,,4240,0,21 22,0,74,,4253,0,21 22,0,102,,4241,0,21 22,0,100,,4237,0,21 22,0,30,,4252,,,0,65,,4230,,,0,99,,4245,,,0,30,,4242,,,0,69,,4231,,,0,30,,4239,,,0,70,,4247,0,5,0,30,,4238,0,5,0
2200,'4941',600,,4280,,,0,29,,4264,,,0,28,,4275,,,0,70,,4267,,,0,73,,4279,,,0,23,,4259,,,0,30,,4263,,,0,103,,4265,,,0,66,,4281,,,0,30,,4258,,,0,100,,4274,0,21 22,0,70,,4266,0,21 22,0,30,,4282,0,21 22,0,70,,4260,0,21 22,0,101,,4277,0,21 22,0,29,,4271,0,21 22,0,74,,4284,0,21 22,0,102,,4272,0,21 22,0,100,,4268,0,21 22,0,30,,4283,,,0,65,,4261,,,0,99,,4276,,,0,30,,4273,,,0,69,,4262,,,0,30,,4270,,,0,70,,4278,0,5,0,30,,4269,0,5,0
2200,'4943',649,,4305,,,0,80,,4290,,,0,80,,4294,,,0,40,,4307,,,0,71,,4291,,,0,30,,4285,,,0,71,,4292,,,0,31,,4306,,,0,71,,4289,,,0,30,,4288,,,0,71,,4293,,,0,30,,4286,,,0,69,,4311,,,0,30,,4287,,,0,70,,4300,,,0,30,,4295,,,0,70,,4299,,,0,30,,4310,,,0,69,,4301,,,0,31,,4296,,,0,70,,4303,,,0,33,,4302,,,0,70,,4298,,,0,29,,4297,,,0,69,,4312,,,0,30,,4313,,,0,67,,4309,,,0,28,,4304,,,0,70,,4308,0,5,0,30,,4314,0,5,0
2200,'4945',739,,4318,,,0,100,,4319,,,0,80,,4320,,,0,30,,4315,,,0,71,,4316,,,0,30,,4317,,,0,70,,4322,,,0,29,,4323,,,0,72,,4321,,,0,30,,4324,,,0,70,,4325,,,0,30,,4333,,,0,70,,4332,,,0,30,,4326,,,0,70,,4327,,,0,30,,4328,,,0,70,,4329,,,0,32,,4330,,,0,70,,4331,,,0,30,,4334,,,0,69,,4335,,,0,29,,4336,,,0,70,,4337,,,0
2200,'4947',600,,21544,,,0,29,,21528,,,0,28,,21539,,,0,70,,21531,,,0,73,,21543,,,0,23,,21523,,,0,30,,21527,,,0,103,,21529,,,0,66,,21545,,,0,30,,21522,,,0,100,,21538,0,21 22,0,70,,21530,0,21 22,0,30,,21546,0,21 22,0,70,,21524,0,21 22,0,101,,21541,0,21 22,0,29,,21535,0,21 22,0,74,,21548,0,21 22,0,102,,21536,0,21 22,0,100,,21532,0,21 22,0,30,,21547,,,0,65,,21525,,,0,99,,21540,,,0,30,,21537,,,0,69,,21526,,,0,30,,21534,,,0,70,,21542,0,5,0,30,,21533,0,5,0
2200,'4952',600,,21575,,,0,29,,21559,,,0,28,,21570,,,0,70,,21562,,,0,73,,21574,,,0,23,,21554,,,0,30,,21558,,,0,103,,21560,,,0,66,,21576,,,0,30,,21553,,,0,100,,21569,0,21 22,0,70,,21561,0,21 22,0,30,,21577,0,21 22,0,70,,21555,0,21 22,0,101,,21572,0,21 22,0,29,,21566,0,21 22,0,74,,21579,0,21 22,0,102,,21567,0,21 22,0,100,,21563,0,21 22,0,30,,21578,,,0,65,,21556,,,0,99,,21571,,,0,30,,21568,,,0,69,,21557,,,0,30,,21565,,,0,70,,21573,0,5,0,30,,21564,0,5,0
2200,'4953',649,,21600,,,0,80,,21585,,,0,80,,21589,,,0,40,,21602,,,0,71,,21586,,,0,30,,21580,,,0,71,,21587,,,0,31,,21601,,,0,71,,21584,,,0,30,,21583,,,0,71,,21588,,,0,30,,21581,,,0,69,,21606,,,0,30,,21582,,,0,70,,21595,,,0,30,,21590,,,0,70,,21594,,,0,30,,21605,,,0,69,,21596,,,0,31,,21591,,,0,70,,21598,,,0,33,,21597,,,0,70,,21593,,,0,29,,21592,,,0,69,,21607,,,0,30,,21608,,,0,67,,21604,,,0,28,,21599,,,0,70,,21603,0,5,0,30,,21609,0,5,0
2200,'4954',739,,21613,,,0,100,,21614,,,0,80,,21615,,,0,30,,21610,,,0,71,,21611,,,0,30,,21612,,,0,70,,21617,,,0,29,,21618,,,0,72,,21616,,,0,30,,21619,,,0,70,,21620,,,0,30,,21628,,,0,70,,21627,,,0,30,,21621,,,0,70,,21622,,,0,30,,21623,,,0,70,,21624,,,0,32,,21625,,,0,70,,21626,,,0,30,,21629,,,0,69,,21630,,,0,29,,21631,,,0,70,,21632,,,0
1002200,'4744',926,,31892,,,0,196,,31889,0,21 22,0,230,,31890,0,21 22,0,206,,31888,0,21 22,0,101,,31893,0,21 22,0,197,,31891,0,21 22,0
1002200,'4935',926,,10381,,,0,196,,10378,0,21 22,0,230,,10379,0,21 22,0,206,,10377,0,21 22,0,101,,10382,0,21 22,0,197,,10380,0,21 22,0
1002200,'4941',926,,10387,,,0,196,,10384,0,21 22,0,230,,10385,0,21 22,0,206,,10383,0,21 22,0,101,,10388,0,21 22,0,197,,10386,0,21 22,0
1002200,'4947',926,,31898,,,0,196,,31895,0,21 22,0,230,,31896,0,21 22,0,206,,31894,0,21 22,0,101,,31899,0,21 22,0,197,,31897,0,21 22,0
1002200,'4952',926,,31904,,,0,196,,31901,0,21 22,0,230,,31902,0,21 22,0,206,,31900,0,21 22,0,101,,31905,0,21 22,0,197,,31903,0,21 22,0
