300,'4663',609,,52984,10,,,0,31,,52983,10,,,0,76,,52982,10,,,0,38,,52981,10,,,0,79,,52980,10,,,0,74,,52979,10,,,0,29,,52972,10,,,0,70,,52973,10,,,0,29,,52971,10,,,0,69,,52970,10,,,0,30,,52976,10,,,0,74,,52968,10,,,0,31,,52969,10,,,0,69,,52975,10,,,0,30,,52967,10,,,0,74,,52966,10,,,0,34,,52974,10,,,0,75,,52965,10,,,0,34,,52964,10,,,0,73,,52977,10,,,0,78,,52963,10,,,0,31,,52962,10,,,0,71,,52978,10,,,0,29,,52961,10,,,0,72,,52960,10,,,0,23,,52958,10,,,0,68,,52957,10,,,0,28,,52956,10,,,0,88,,52959,10,0,5,0
300,'5372',609,,36808,10,,,0,31,,36807,10,,,0,76,,36806,10,,,0,38,,36805,10,,,0,79,,36804,10,,,0,74,,36803,10,,,0,29,,36796,10,,,0,70,,36797,10,,,0,29,,36795,10,,,0,69,,36794,10,,,0,30,,36800,10,,,0,74,,36792,10,,,0,31,,36793,10,,,0,69,,36799,10,,,0,30,,36791,10,,,0,74,,36790,10,,,0,34,,36798,10,,,0,75,,36789,10,,,0,34,,36788,10,,,0,73,,36801,10,,,0,78,,36787,10,,,0,31,,36786,10,,,0,71,,36802,10,,,0,29,,36785,10,,,0,72,,36784,10,,,0,23,,36782,10,,,0,68,,36781,10,,,0,28,,36780,10,,,0,88,,36783,10,0,5,0
300,'5377',701,,36881,10,,,0,43,,36869,10,,,0,81,,36882,10,,,0,82,,36876,10,,,0,37,,36880,10,,,0,78,,36867,10,,,0,20,,36877,10,,,0,69,,36872,10,,,0,31,,36868,10,,,0,67,,36873,10,,,0,32,,36871,10,,,0,67,,36870,10,,,0,33,,36874,10,,,0,75,,36875,10,,,0,29,,36878,10,,,0,79,,36879,10,,,0,28,,36886,10,,,0,71,,36883,10,,,0,30,,36884,10,,,0,68,,36885,10,,,0,34,,36888,10,,,0,68,,36887,10,,,0,32,,36889,10,,,0,73,,36890,10,,,0,86,,36891,10,0,5,0
300,'5383',647,,53008,10,,,0,68,,52992,10,,,0,30,,52986,10,,,0,67,,53000,10,,,0,33,,52993,10,,,0,66,,53010,10,,,0,33,,52999,10,,,0,67,,52985,10,,,0,26,,53007,10,,,0,72,,52998,10,,,0,28,,52989,10,,,0,71,,53011,10,,,0,29,,53001,10,,,0,72,,52988,10,,,0,28,,52995,10,,,0,75,,52987,10,,,0,28,,52994,10,,,0,81,,52990,10,,,0,32,,52996,10,,,0,77,,52991,10,,,0,26,,52997,10,,,0,75,,53003,10,,,0,71,,53004,10,,,0,30,,53002,10,,,0,27,,53005,10,,,0,69,,53006,10,,,0,72,,53012,10,,,0,29,,53009,10,,,0,87,,53013,10,0,5,0
300,'5384',701,,53028,10,,,0,43,,53016,10,,,0,81,,53029,10,,,0,82,,53023,10,,,0,37,,53027,10,,,0,78,,53014,10,,,0,20,,53024,10,,,0,69,,53019,10,,,0,31,,53015,10,,,0,67,,53020,10,,,0,32,,53018,10,,,0,67,,53017,10,,,0,33,,53021,10,,,0,75,,53022,10,,,0,29,,53025,10,,,0,79,,53026,10,,,0,28,,53033,10,,,0,71,,53030,10,,,0,30,,53031,10,,,0,68,,53032,10,,,0,34,,53035,10,,,0,68,,53034,10,,,0,32,,53036,10,,,0,73,,53037,10,,,0,86,,53038,10,0,5,0
300,'5385',609,,53067,10,,,0,31,,53066,10,,,0,76,,53065,10,,,0,38,,53064,10,,,0,79,,53063,10,,,0,74,,53062,10,,,0,29,,53055,10,,,0,70,,53056,10,,,0,29,,53054,10,,,0,69,,53053,10,,,0,30,,53059,10,,,0,74,,53051,10,,,0,31,,53052,10,,,0,69,,53058,10,,,0,30,,53050,10,,,0,74,,53049,10,,,0,34,,53057,10,,,0,75,,53048,10,,,0,34,,53047,10,,,0,73,,53060,10,,,0,78,,53046,10,,,0,31,,53045,10,,,0,71,,53061,10,,,0,29,,53044,10,,,0,72,,53043,10,,,0,23,,53041,10,,,0,68,,53040,10,,,0,28,,53039,10,,,0,88,,53042,10,0,5,0
700,'4663',607,,54314,22,0,5,0,28,,54312,22,0,5,0,17,,54325,22,0,5,0,54,,54308,22,0,5,0,16,,54319,22,0,5,0,13,,54298,22,0,5,0,17,,54329,22,0,5,0,55,,54305,22,0,5,0,20,,54315,22,0,5,0,18,,54299,22,0,5,0,58,,54303,22,0,5,0,26,,54317,22,0,5,0,26,,54337,22,0,5,0,70,,54334,22,0,5,0,30,,54335,22,0,5,0,70,,54311,22,0,5,0,30,,54338,22,0,5,0,70,,54333,22,0,5,0,30,,54332,22,0,5,0,71,,54336,22,0,5,0,30,,54310,22,0,5,0,70,,54321,22,0,5,0,20,,54300,22,0,5,0,59,,54313,22,0,5,0,14,,54339,22,0,5,0,6,,54306,22,0,5,0,20,,54331,22,0,5,0,56,,54301,22,0,5,0,18,,54320,22,0,5,0,18,,54309,22,0,5,0,19,,54302,22,0,5,0,59,,54316,22,0,5,0,18,,54307,22,0,5,0,16,,54322,22,0,5,0,58,,54304,22,0,5,0,16,,54328,22,0,5,0,31,,54324,22,0,5,0,70,,54326,22,0,5,0,33,,54318,22,0,5,0,69,,54327,22,0,5,0,30,,54330,22,0,5,0,70,,54323,22,0,5,0
700,'5372',607,,38410,22,0,5,0,28,,38408,22,0,5,0,17,,38421,22,0,5,0,54,,38404,22,0,5,0,16,,38415,22,0,5,0,13,,38394,22,0,5,0,17,,38425,22,0,5,0,55,,38401,22,0,5,0,20,,38411,22,0,5,0,18,,38395,22,0,5,0,58,,38399,22,0,5,0,26,,38413,22,0,5,0,26,,38433,22,0,5,0,70,,38430,22,0,5,0,30,,38431,22,0,5,0,70,,38407,22,0,5,0,30,,38434,22,0,5,0,70,,38429,22,0,5,0,30,,51619,22,0,5,0,71,,38432,22,0,5,0,30,,38406,22,0,5,0,70,,38417,22,0,5,0,20,,38396,22,0,5,0,59,,38409,22,0,5,0,14,,54340,22,0,5,0,6,,38402,22,0,5,0,20,,38427,22,0,5,0,56,,38397,22,0,5,0,18,,38416,22,0,5,0,18,,38405,22,0,5,0,19,,38398,22,0,5,0,59,,38412,22,0,5,0,18,,38403,22,0,5,0,16,,38418,22,0,5,0,58,,38400,22,0,5,0,16,,38424,22,0,5,0,31,,38420,22,0,5,0,70,,38422,22,0,5,0,33,,38414,22,0,5,0,69,,38423,22,0,5,0,30,,38426,22,0,5,0,70,,38419,22,0,5,0
700,'5377',721,,38523,22,0,5,0,35,,38525,22,0,5,0,84,,38511,22,0,5,0,77,,38524,22,0,5,0,42,,38526,22,0,5,0,70,,38507,22,0,5,0,30,,38512,22,0,5,0,70,,38514,22,0,5,0,29,,48982,22,0,5,0,71,,38513,22,0,5,0,30,,38510,22,0,5,0,70,,38508,22,0,5,0,30,,38515,22,0,5,0,70,,38516,22,0,5,0,30,,38517,22,0,5,0,70,,38518,22,0,5,0,30,,38520,22,0,5,0,70,,38519,22,0,5,0,30,,38522,22,0,5,0,70,,38521,22,0,5,0,30,,38527,22,0,5,0,68,,38530,22,0,5,0,30,,38529,22,0,5,0,70,,38528,22,0,5,0,30,,38532,22,0,5,0,71,,48983,22,0,5,0
700,'5383',655,,54362,22,0,5,0,85,,54369,22,0,5,0,80,,54352,22,0,5,0,29,,54363,22,0,5,0,79,,54344,22,0,5,0,30,,54364,22,0,5,0,70,,54347,22,0,5,0,31,,54355,22,0,5,0,70,,54341,22,0,5,0,71,,54342,22,0,5,0,30,,54365,22,0,5,0,70,,54348,22,0,5,0,30,,54356,22,0,5,0,28,,54343,22,0,5,0,72,,54345,22,0,5,0,70,,54366,22,0,5,0,30,,54349,22,0,5,0,71,,54357,22,0,5,0,30,,54346,22,0,5,0,70,,54351,22,0,5,0,31,,54367,22,0,5,0,70,,54350,22,0,5,0,28,,54359,22,0,5,0,29,,54354,22,0,5,0,68,,54353,22,0,5,0,30,,54368,22,0,5,0,70,,54358,22,0,5,0,28,,54360,22,0,5,0,70,,54361,22,0,5,0
700,'5384',721,,54386,22,0,5,0,35,,54388,22,0,5,0,84,,54374,22,0,5,0,77,,54387,22,0,5,0,42,,54389,22,0,5,0,70,,54370,22,0,5,0,30,,54375,22,0,5,0,70,,54377,22,0,5,0,29,,54372,22,0,5,0,71,,54376,22,0,5,0,30,,54373,22,0,5,0,70,,54371,22,0,5,0,30,,54378,22,0,5,0,70,,54379,22,0,5,0,30,,54380,22,0,5,0,70,,54381,22,0,5,0,30,,54383,22,0,5,0,70,,54382,22,0,5,0,30,,54385,22,0,5,0,70,,54384,22,0,5,0,30,,54390,22,0,5,0,68,,54393,22,0,5,0,30,,54392,22,0,5,0,70,,54391,22,0,5,0,30,,54395,22,0,5,0,71,,54394,22,0,5,0
700,'5385',607,,54412,22,0,5,0,28,,54410,22,0,5,0,17,,54423,22,0,5,0,54,,54406,22,0,5,0,16,,54417,22,0,5,0,13,,54396,22,0,5,0,17,,54427,22,0,5,0,55,,54403,22,0,5,0,20,,54413,22,0,5,0,18,,54397,22,0,5,0,58,,54401,22,0,5,0,26,,54415,22,0,5,0,26,,54435,22,0,5,0,70,,54432,22,0,5,0,30,,54433,22,0,5,0,70,,54409,22,0,5,0,30,,54436,22,0,5,0,70,,54431,22,0,5,0,30,,54430,22,0,5,0,71,,54434,22,0,5,0,30,,54408,22,0,5,0,70,,54419,22,0,5,0,20,,54398,22,0,5,0,59,,54411,22,0,5,0,14,,54437,22,0,5,0,6,,54404,22,0,5,0,20,,54429,22,0,5,0,56,,54399,22,0,5,0,18,,54418,22,0,5,0,18,,54407,22,0,5,0,19,,54400,22,0,5,0,59,,54414,22,0,5,0,18,,54405,22,0,5,0,16,,54420,22,0,5,0,58,,54402,22,0,5,0,16,,54426,22,0,5,0,31,,54422,22,0,5,0,70,,54424,22,0,5,0,33,,54416,22,0,5,0,69,,54425,22,0,5,0,30,,54428,22,0,5,0,70,,54421,22,0,5,0
14000700,'4663',2155,,63076,22,0,5,0,69,,63079,22,0,5,0,32,,63077,22,0,5,0,69,,63078,22,0,5,0,31,,63080,22,0,5,0,70,,63081,22,0,5,0
14000700,'5372',2155,,48747,22,0,5,0,69,,48750,22,0,5,0,32,,48748,22,0,5,0,69,,48749,22,0,5,0,31,,48751,22,0,5,0,70,,48752,22,0,5,0
14000700,'5377',2056,,48765,22,0,5,0,71,,51591,22,0,5,0,30,,48767,22,0,5,0,100,,48768,22,0,5,0,99,,48769,22,0,5,0
14000700,'5383',2154,,63082,22,0,5,0,74,,63083,22,0,5,0,29,,63084,22,0,5,0,69,,63085,22,0,5,0,30,,63086,22,0,5,0,72,,63087,22,0,5,0
14000700,'5384',2056,,63088,22,0,5,0,71,,63089,22,0,5,0,30,,63090,22,0,5,0,100,,63091,22,0,5,0,99,,63092,22,0,5,0
14000700,'5385',2155,,63093,22,0,5,0,69,,63096,22,0,5,0,32,,63094,22,0,5,0,69,,63095,22,0,5,0,31,,63097,22,0,5,0,70,,63098,22,0,5,0
