101,'4623',644,,63246,7,,,0,82,,63245,7,,,0,96,,63244,7,,,0,711,,63243,7,,,0,99,,63242,7,,,0
101,'5222',644,,63251,7,,,0,82,,63250,7,,,0,96,,63249,7,,,0,711,,63248,7,,,0,99,,63247,7,,,0
300,'4532',646,,63685,9,,,0,68,,63668,9,,,0,30,,63662,9,,,0,67,,63677,9,,,0,33,,63670,9,,,0,66,,63687,9,,,0,33,,63676,9,,,0,67,,63663,9,,,0,25,,63684,9,,,0,72,,63675,9,,,0,28,,63666,9,,,0,71,,63688,9,,,0,29,,63678,9,,,0,72,,63665,9,,,0,28,,63672,9,,,0,75,,63664,9,,,0,28,,63671,9,,,0,81,,63669,9,,,0,33,,63673,9,,,0,77,,63667,9,,,0,26,,63674,9,,,0,75,,63680,9,,,0,71,,63681,9,,,0,30,,63679,9,,,0,27,,63682,9,,,0,69,,63683,9,,,0,32,,63689,9,,,0,69,,63686,9,,,0,87,,63690,9,0,5,0
300,'4623',608,,63632,9,,,0,31,,63631,9,,,0,76,,63630,9,,,0,38,,63629,9,,,0,79,,63628,9,,,0,74,,63627,9,,,0,29,,63620,9,,,0,70,,63621,9,,,0,28,,63619,9,,,0,69,,63618,9,,,0,30,,63624,9,,,0,75,,63616,9,,,0,30,,63617,9,,,0,70,,63623,9,,,0,30,,63615,9,,,0,74,,63614,9,,,0,33,,63622,9,,,0,76,,63613,9,,,0,34,,63612,9,,,0,73,,63625,9,,,0,78,,63611,9,,,0,31,,63610,9,,,0,71,,63626,9,,,0,29,,63609,9,,,0,72,,63608,9,,,0,23,,63606,9,,,0,28,,63605,9,,,0,68,,63604,9,,,0,88,,63607,9,0,5,0
300,'4832',700,,63734,9,,,0,43,,63722,9,,,0,81,,63735,9,,,0,82,,63729,9,,,0,37,,63733,9,,,0,78,,63720,9,,,0,20,,63730,9,,,0,69,,63725,9,,,0,31,,63721,9,,,0,67,,63726,9,,,0,32,,63724,9,,,0,67,,63723,9,,,0,33,,63727,9,,,0,75,,63728,9,,,0,29,,63731,9,,,0,79,,63732,9,,,0,28,,63739,9,,,0,71,,63736,9,,,0,30,,63737,9,,,0,68,,63738,9,,,0,34,,63741,9,,,0,68,,63740,9,,,0,32,,63742,9,,,0,73,,63743,9,,,0,86,,63744,9,0,5,0
300,'4833',646,,63656,9,,,0,68,,63639,9,,,0,30,,63633,9,,,0,67,,63648,9,,,0,33,,63641,9,,,0,66,,63658,9,,,0,33,,63647,9,,,0,67,,63634,9,,,0,25,,63655,9,,,0,72,,63646,9,,,0,28,,63637,9,,,0,71,,63659,9,,,0,29,,63649,9,,,0,72,,63636,9,,,0,28,,63643,9,,,0,75,,63635,9,,,0,28,,63642,9,,,0,81,,63640,9,,,0,33,,63644,9,,,0,77,,63638,9,,,0,26,,63645,9,,,0,75,,63651,9,,,0,71,,63652,9,,,0,30,,63650,9,,,0,27,,63653,9,,,0,69,,63654,9,,,0,32,,63660,9,,,0,69,,63657,9,,,0,87,,63661,9,0,5,0
300,'5222',608,,63719,9,,,0,31,,63718,9,,,0,76,,63717,9,,,0,38,,63716,9,,,0,79,,63715,9,,,0,74,,63714,9,,,0,29,,63707,9,,,0,70,,63708,9,,,0,28,,63706,9,,,0,69,,63705,9,,,0,30,,63711,9,,,0,75,,63703,9,,,0,30,,63704,9,,,0,70,,63710,9,,,0,30,,63702,9,,,0,74,,63701,9,,,0,33,,63709,9,,,0,76,,63700,9,,,0,34,,63699,9,,,0,73,,63712,9,,,0,78,,63698,9,,,0,31,,63697,9,,,0,71,,63713,9,,,0,29,,63696,9,,,0,72,,63695,9,,,0,23,,63693,9,,,0,28,,63692,9,,,0,68,,63691,9,,,0,88,,63694,9,0,5,0
300,'5390',700,,63759,9,,,0,43,,63747,9,,,0,81,,63760,9,,,0,82,,63754,9,,,0,37,,63758,9,,,0,78,,63745,9,,,0,20,,63755,9,,,0,69,,63750,9,,,0,31,,63746,9,,,0,67,,63751,9,,,0,32,,63749,9,,,0,67,,63748,9,,,0,33,,63752,9,,,0,75,,63753,9,,,0,29,,63756,9,,,0,79,,63757,9,,,0,28,,63764,9,,,0,71,,63761,9,,,0,30,,63762,9,,,0,68,,63763,9,,,0,34,,63766,9,,,0,68,,63765,9,,,0,32,,63767,9,,,0,73,,63768,9,,,0,86,,63769,9,0,5,0
700,'4532',654,,65635,21,,,0,85,,65642,21,,,0,80,,65625,21,,,0,29,,65636,21,,,0,79,,65617,21,,,0,30,,65637,21,,,0,70,,65620,21,,,0,31,,65628,21,,,0,70,,65614,21,,,0,31,,65615,21,,,0,70,,65638,21,,,0,30,,65621,21,,,0,70,,65629,21,,,0,28,,65616,21,,,0,72,,65618,21,,,0,30,,65639,21,,,0,70,,65622,21,,,0,71,,65630,21,,,0,30,,65619,21,,,0,70,,65624,21,,,0,31,,65640,21,,,0,70,,65623,21,,,0,28,,65632,21,,,0,29,,65627,21,,,0,68,,65626,21,,,0,30,,65641,21,,,0,70,,65631,21,,,0,28,,65633,21,,,0,70,,65634,21,,,0
700,'4623',607,,65557,21,,,0,24,,65550,21,,,0,18,,65553,21,,,0,60,,65549,21,,,0,20,,65552,21,,,0,20,,65564,21,,,0,59,,65548,21,,,0,20,,65559,21,,,0,30,,65551,21,,,0,70,,65554,21,,,0,30,,65562,21,,,0,68,,65566,21,,,0,26,,65558,21,,,0,71,,65567,21,,,0,29,,65555,21,,,0,71,,65561,21,,,0,30,,65563,21,,,0,71,,65560,21,,,0,30,,65565,21,,,0,70,,65556,21,,,0,27,,65570,21,,,0,60,,65572,21,,,0,23,,65573,21,,,0,22,,65569,21,,,0,60,,65576,21,,,0,20,,65574,21,,,0,21,,65571,21,,,0,62,,65568,21,,,0,21,,65575,21,,,0,19,,65577,21,,,0,65,,65579,21,,,0,30,,65580,21,,,0,70,,65578,21,,,0,31,,65581,21,,,0,70,,65582,21,,,0,30,,65583,21,,,0,69,,65584,21,,,0
700,'4832',720,,65696,21,,,0,35,,65698,21,,,0,84,,65684,21,,,0,77,,65697,21,,,0,42,,65699,21,,,0,70,,65680,21,,,0,30,,65685,21,,,0,70,,65687,21,,,0,29,,65682,21,,,0,71,,65686,21,,,0,30,,65683,21,,,0,70,,65681,21,,,0,30,,65688,21,,,0,70,,65689,21,,,0,30,,65690,21,,,0,70,,65691,21,,,0,30,,65693,21,,,0,70,,65692,21,,,0,30,,65695,21,,,0,70,,65694,21,,,0,30,,65700,21,,,0,68,,65703,21,,,0,30,,65702,21,,,0,70,,65701,21,,,0,30,,65705,21,,,0,71,,65704,21,,,0
700,'4833',654,,65606,21,,,0,85,,65613,21,,,0,80,,65596,21,,,0,29,,65607,21,,,0,79,,65588,21,,,0,30,,65608,21,,,0,70,,65591,21,,,0,31,,65599,21,,,0,70,,65585,21,,,0,31,,65586,21,,,0,70,,65609,21,,,0,30,,65592,21,,,0,70,,65600,21,,,0,28,,65587,21,,,0,72,,65589,21,,,0,30,,65610,21,,,0,70,,65593,21,,,0,71,,65601,21,,,0,30,,65590,21,,,0,70,,65595,21,,,0,31,,65611,21,,,0,70,,65594,21,,,0,28,,65603,21,,,0,29,,65598,21,,,0,68,,65597,21,,,0,30,,65612,21,,,0,70,,65602,21,,,0,28,,65604,21,,,0,70,,65605,21,,,0
700,'5222',607,,65652,21,,,0,24,,65645,21,,,0,18,,65648,21,,,0,60,,65644,21,,,0,20,,65647,21,,,0,20,,65659,21,,,0,59,,65643,21,,,0,20,,65654,21,,,0,30,,65646,21,,,0,70,,65649,21,,,0,30,,65657,21,,,0,68,,65661,21,,,0,26,,65653,21,,,0,71,,65662,21,,,0,29,,65650,21,,,0,71,,65656,21,,,0,30,,65658,21,,,0,71,,65655,21,,,0,30,,65660,21,,,0,70,,65651,21,,,0,27,,65665,21,,,0,60,,65667,21,,,0,23,,65668,21,,,0,22,,65664,21,,,0,60,,65671,21,,,0,20,,65669,21,,,0,21,,65666,21,,,0,62,,65663,21,,,0,21,,65670,21,,,0,19,,65672,21,,,0,65,,65674,21,,,0,30,,65675,21,,,0,70,,65673,21,,,0,31,,65676,21,,,0,70,,65677,21,,,0,30,,65678,21,,,0,69,,65679,21,,,0
700,'5390',720,,65722,21,,,0,35,,65724,21,,,0,84,,65710,21,,,0,77,,65723,21,,,0,42,,65725,21,,,0,70,,65706,21,,,0,30,,65711,21,,,0,70,,65713,21,,,0,29,,65708,21,,,0,71,,65712,21,,,0,30,,65709,21,,,0,70,,65707,21,,,0,30,,65714,21,,,0,70,,65715,21,,,0,30,,65716,21,,,0,70,,65717,21,,,0,30,,65719,21,,,0,70,,65718,21,,,0,30,,65721,21,,,0,70,,65720,21,,,0,30,,65726,21,,,0,68,,65729,21,,,0,30,,65728,21,,,0,70,,65727,21,,,0,30,,65731,21,,,0,71,,65730,21,,,0
14000700,'4532',2152,,77659,21,0,5,0,74,,77660,21,0,5,0,30,,77661,21,0,5,0,69,,77662,21,0,5,0,30,,77663,21,0,5,0,72,,77664,21,0,5,0
14000700,'4623',2153,,77648,21,0,5,0,69,,77647,21,0,5,0,32,,77649,21,0,5,0,70,,77650,21,0,5,0,31,,77651,21,0,5,0,70,,77652,21,0,5,0
14000700,'4832',2055,,77671,21,0,5,0,71,,77672,21,0,5,0,30,,77673,21,0,5,0,100,,77674,21,0,5,0,99,,77675,21,0,5,0
14000700,'4833',2152,,77653,21,0,5,0,74,,77654,21,0,5,0,30,,77655,21,0,5,0,69,,77656,21,0,5,0,30,,77657,21,0,5,0,72,,77658,21,0,5,0
14000700,'5222',2153,,77666,21,0,5,0,69,,77665,21,0,5,0,32,,77667,21,0,5,0,70,,77668,21,0,5,0,31,,77669,21,0,5,0,70,,77670,21,0,5,0
14000700,'5390',2055,,77676,21,0,5,0,71,,77677,21,0,5,0,30,,77678,21,0,5,0,100,,77679,21,0,5,0,99,,77680,21,0,5,0
