5501,'4487',845,,13019,20,,,0,211,,13016,20,,,0,246,,13017,20,,,0,206,,13018,20,,,0,209,,13014,20,,,0,204,,13015,20,,,0
5501,'4737',642,,13023,20,,,0,170,,13022,20,,,0,204,,13020,20,,,0,136,,13021,20,,,0,200,,13025,20,,,0,105,,13024,20,,,0,196,,13026,20,,,0,193,,13027,20,,,0,193,,13028,20,,,0
5501,'4740',845,,13034,20,,,0,211,,13031,20,,,0,246,,13032,20,,,0,206,,13033,20,,,0,209,,13029,20,,,0,204,,13030,20,,,0
5501,'4744',642,,13038,20,,,0,170,,13037,20,,,0,204,,13035,20,,,0,136,,13036,20,,,0,200,,13040,20,,,0,105,,13039,20,,,0,196,,13041,20,,,0,193,,13042,20,,,0,193,,13043,20,,,0
5501,'4745',844,,13044,20,,,0,212,,13046,20,,,0,245,,13047,20,,,0,205,,13045,20,,,0,210,,13049,20,,,0,204,,13048,20,,,0
5501,'4947',642,,13053,20,,,0,170,,13052,20,,,0,204,,13050,20,,,0,136,,13051,20,,,0,200,,13055,20,,,0,105,,13054,20,,,0,196,,13056,20,,,0,193,,13057,20,,,0,193,,13058,20,,,0
5501,'4954',844,,13059,20,,,0,212,,13061,20,,,0,245,,13062,20,,,0,205,,13060,20,,,0,210,,13064,20,,,0,204,,13063,20,,,0
6401,'4737',642,,14466,14,,,0,579,,14465,14,,,0,501,,14469,14,0,34 35 36,0
6401,'4744',642,,14473,14,,,0,579,,14472,14,,,0,501,,14476,14,0,34 35 36,0
6401,'4947',642,,14480,14,,,0,579,,14479,14,,,0,501,,14483,14,0,34 35 36,0
