2401,'4332',653,,57024,17,,,0,106,,57023,17,,,0,144,,57025,17,,,0,100,,57021,17,,,0,101,,57018,17,,,0,98,,57019,17,,,0,55,,57020,17,,,0,100,,57027,17,,,0,98,,57022,17,,,0,103,,57026,17,,,0,144,,57028,17,,,0,128,,57029,17,,,0,124,,57030,17,,,0,170,,57031,17,,,0,131,,57032,17,,,0,162,,57033,17,,,0
2401,'4663',504,,57008,17,,,0,50,,57004,17,,,0,89,,56997,17,,,0,84,,57000,17,,,0,32,,57005,17,,,0,96,,57002,17,,,0,147,,56999,17,,,0,100,,56998,17,,,0,99,,57007,17,,,0,100,,57003,17,,,0,111,,57001,17,,,0,97,,57006,17,,,0,91,,57009,17,,,0,51,,57011,17,,,0,79,,57010,17,,,0,91,,57012,17,,,0,85,,57013,17,,,0,103,,57014,17,,,0,115,,57015,17,,,0,131,,57016,17,,,0,162,,57017,17,,,0
2401,'5078',759,,57034,17,,,0,170,,57035,17,,,0,171,,57036,17,,,0,127,,57037,17,,,0,131,,57038,17,,,0,172,,57039,17,,,0,170,,57040,17,,,0,129,,57041,17,,,0,130,,57042,17,,,0,165,,57043,17,,,0,130,,57044,17,,,0
2401,'5372',504,,41631,17,,,0,50,,41627,17,,,0,89,,41620,17,,,0,84,,41623,17,,,0,32,,41628,17,,,0,96,,41625,17,,,0,147,,41622,17,,,0,100,,41621,17,,,0,99,,41630,17,,,0,100,,41626,17,,,0,111,,41624,17,,,0,97,,41629,17,,,0,91,,41632,17,,,0,51,,41634,17,,,0,79,,41633,17,,,0,91,,41635,17,,,0,85,,41636,17,,,0,103,,41637,17,,,0,115,,41638,17,,,0,131,,41639,17,,,0,162,,41640,17,,,0
2401,'5385',504,,57056,17,,,0,50,,57052,17,,,0,89,,57045,17,,,0,84,,57048,17,,,0,32,,57053,17,,,0,96,,57050,17,,,0,147,,57047,17,,,0,100,,57046,17,,,0,99,,57055,17,,,0,100,,57051,17,,,0,111,,57049,17,,,0,97,,57054,17,,,0,91,,57057,17,,,0,51,,57059,17,,,0,79,,57058,17,,,0,91,,57060,17,,,0,85,,57061,17,,,0,103,,57062,17,,,0,115,,57063,17,,,0,131,,57064,17,,,0,162,,57065,17,,,0
2501,'4332',729,,57155,23,,,0,99,,57152,23,,,0,105,,57154,23,,,0,102,,57153,23,,,0,97,,57161,23,,,0,95,,57158,23,,,0,100,,57157,23,,,0,98,,57156,23,,,0,100,,57159,23,,,0,102,,57160,23,,,0,118,,57162,23,,,0,169,,57163,23,,,0,126,,57164,23,,,0,170,,57165,23,,,0,130,,57166,23,,,0
2501,'4663',623,,57137,23,,,0,80,,57140,23,,,0,36,,57134,23,0,6 7,0,79,,57133,23,,,0,114,,57143,23,,,0,100,,57139,23,,,0,99,,57136,23,,,0,100,,57135,23,,,0,100,,57138,23,,,0,106,,57142,23,,,0,93,,57141,23,,,0,100,,57144,23,,,0,80,,57145,23,,,0,45,,57146,23,,,0,86,,57147,23,,,0,95,,57148,23,,,0,103,,57149,23,,,0,171,,57150,23,,,0,130,,57151,23,,,0
2501,'5078',844,,57168,23,,,0,171,,57167,23,,,0,127,,57169,23,,,0,170,,57170,23,,,0,131,,57171,23,,,0,172,,57172,23,,,0,129,,57173,23,,,0,170,,57174,23,,,0,130,,57175,23,,,0,166,,57176,23,,,0,129,,57177,23,,,0
2501,'5372',623,,41782,23,,,0,80,,41785,23,,,0,36,,41779,23,0,6 7,0,79,,41778,23,,,0,114,,41788,23,,,0,100,,41784,23,,,0,99,,41781,23,,,0,100,,41780,23,,,0,100,,41783,23,,,0,106,,41787,23,,,0,93,,41786,23,,,0,180,,41789,23,,,0,45,,41790,23,,,0,86,,41791,23,,,0,95,,41792,23,,,0,103,,41793,23,,,0,171,,41794,23,,,0,130,,41795,23,,,0
2501,'5373',1630,,41831,23,,,0
2501,'5385',623,,57182,23,,,0,80,,57185,23,,,0,36,,57179,23,0,6 7,0,79,,57178,23,,,0,114,,57188,23,,,0,100,,57184,23,,,0,99,,57181,23,,,0,100,,57180,23,,,0,100,,57183,23,,,0,106,,57187,23,,,0,93,,57186,23,,,0,180,,57189,23,,,0,45,,57190,23,,,0,86,,57191,23,,,0,95,,57192,23,,,0,103,,57193,23,,,0,171,,57194,23,,,0,130,,57195,23,,,0
2501,'5387',1630,,57196,23,,,0
2501,'5388',1630,,57197,23,,,0
