200,'4663',546,,52725,4,,,0,80,,52717,4,,,0,20,,52712,4,,,0,70,,52726,4,,,0,31,,52720,4,,,0,70,,52711,4,,,0,31,,52724,4,,,0,71,,52721,4,,,0,15,,52709,4,0,5,0,70,,52710,4,,,0,38,,52713,4,,,0,80,,52714,4,,,0,80,,52723,4,,,0,40,,52716,4,,,0,80,,52715,4,,,0,80,,52722,4,,,0,37,,52718,4,,,0,76,,52719,4,,,0,37,,52727,4,,,0,76,,52728,4,,,0,73,,52731,4,0,5,0,17,,52730,4,,,0,34,,52729,4,,,0,80,,52734,4,,,0,90,,52732,4,,,0,80,,52733,4,,,0,20,,52736,4,0,5,0,22,,52738,4,,,0,60,,52735,4,0,5,0,20,,52737,4,,,0,78,,52739,4,,,0,40,,52740,4,,,0,80,,52741,4,,,0,80,,52742,4,,,0,30,,52743,4,0,5,0,68,,52744,4,0,5,0
200,'5372',546,,36499,4,,,0,80,,36491,4,,,0,20,,36486,4,,,0,70,,36500,4,,,0,31,,36494,4,,,0,70,,36485,4,,,0,31,,36498,4,,,0,71,,36495,4,,,0,15,,36483,4,0,5,0,70,,36484,4,,,0,38,,36487,4,,,0,80,,36488,4,,,0,80,,36497,4,,,0,40,,36490,4,,,0,80,,36489,4,,,0,80,,36496,4,,,0,37,,36492,4,,,0,76,,36493,4,,,0,37,,36501,4,,,0,76,,36502,4,,,0,73,,36505,4,0,5,0,17,,36504,4,,,0,34,,36503,4,,,0,80,,36508,4,,,0,90,,36506,4,,,0,80,,36507,4,,,0,20,,36510,4,0,5,0,22,,36512,4,,,0,60,,36509,4,0,5,0,20,,36511,4,,,0,78,,36513,4,,,0,40,,36514,4,,,0,80,,36515,4,,,0,80,,36516,4,,,0,30,,36517,4,0,5,0
200,'5377',652,,36606,4,,,0,160,,36605,4,,,0,120,,36604,4,,,0,100,,36585,4,,,0,80,,36603,4,,,0,40,,36591,4,,,0,80,,36589,4,,,0,80,,36584,4,,,0,40,,36586,4,,,0,80,,36597,4,,,0,80,,36592,4,,,0,40,,36587,4,,,0,80,,36590,4,,,0,80,,36588,4,,,0,35,,36598,4,,,0,80,,36594,4,,,0,75,,36593,4,0,5,0,20,,36599,4,,,0,20,,36596,4,0,5,0,60,,36595,4,,,0,40,,36601,4,,,0,80,,36602,4,,,0,80,,36600,4,,,0,40,,36607,4,,,0,80,,36608,4,,,0
200,'5383',557,,52764,4,,,0,152,,52767,4,,,0,118,,52765,4,,,0,80,,52753,4,,,0,45,,52766,4,,,0,80,,52751,4,,,0,80,,52745,4,,,0,40,,52752,4,,,0,80,,52746,4,,,0,80,,52759,4,,,0,41,,52747,4,,,0,80,,52750,4,,,0,80,,52749,4,,,0,40,,52748,4,,,0,80,,52762,4,,,0,79,,52763,4,,,0,35,,52761,4,,,0,80,,52755,4,,,0,75,,52756,4,,,0,20,,52754,4,0,5,0,35,,52758,4,,,0,60,,52760,4,0,5,0,20,,52757,4,,,0,65,,52772,4,0,5,0,20,,52773,4,,,0,80,,52770,4,,,0,40,,52769,4,,,0,80,,52771,4,,,0,80,,52768,4,,,0,35,,52774,4,0,5,0
200,'5384',652,,52797,4,,,0,160,,52796,4,,,0,120,,52795,4,,,0,100,,52776,4,,,0,80,,52794,4,,,0,40,,52782,4,,,0,80,,52780,4,,,0,80,,52775,4,,,0,40,,52777,4,,,0,80,,52788,4,,,0,80,,52783,4,,,0,40,,52778,4,,,0,80,,52781,4,,,0,80,,52779,4,,,0,35,,52789,4,,,0,80,,52785,4,,,0,75,,52784,4,0,5,0,20,,52790,4,,,0,20,,52787,4,0,5,0,60,,52786,4,,,0,40,,52792,4,,,0,80,,52793,4,,,0,80,,52791,4,,,0,40,,52798,4,,,0,80,,52799,4,,,0
200,'5385',546,,52816,4,,,0,80,,52808,4,,,0,20,,52803,4,,,0,70,,52817,4,,,0,31,,52811,4,,,0,70,,52802,4,,,0,31,,52815,4,,,0,71,,52812,4,,,0,15,,52800,4,0,5,0,70,,52801,4,,,0,38,,52804,4,,,0,80,,52805,4,,,0,80,,52814,4,,,0,40,,52807,4,,,0,80,,52806,4,,,0,80,,52813,4,,,0,37,,52809,4,,,0,76,,52810,4,,,0,37,,52818,4,,,0,76,,52819,4,,,0,73,,52822,4,0,5,0,17,,52821,4,,,0,34,,52820,4,,,0,80,,52825,4,,,0,90,,52823,4,,,0,80,,52824,4,,,0,20,,52827,4,0,5,0,22,,52829,4,,,0,60,,52826,4,0,5,0,20,,52828,4,,,0,78,,52830,4,,,0,40,,52831,4,,,0,80,,52832,4,,,0,80,,52833,4,,,0,30,,52834,4,0,5,0
201,'4663',1527,,52848,25,4,,0
201,'5373',1527,,36729,25,4,,0
201,'5377',2400,,36754,44,4,,0
201,'5381',1527,,36700,25,4,,0
201,'5383',2505,,52896,18,4,,0
201,'5384',2400,,52921,44,4,,0
201,'5387',1527,,52954,25,4,,0
201,'5388',1527,,52955,25,4,,0
500,'4663',606,,53704,4,,,0,95,,53697,4,,,0,31,,53699,4,,,0,70,,53696,4,,,0,31,,53698,4,,,0,70,,53701,4,,,0,46,,53700,4,,,0,73,,53709,4,,,0,80,,53706,4,,,0,40,,53702,4,,,0,80,,53703,4,,,0,80,,53705,4,,,0,40,,53710,4,,,0,80,,53707,4,,,0,35,,53708,4,,,0,76,,53712,4,,,0,77,,53711,4,,,0,34,,53713,4,,,0,91,,53714,4,,,0,77,,53715,4,,,0,45,,53717,4,,,0,85,,53716,4,,,0
500,'5372',606,,37668,4,,,0,95,,37661,4,,,0,31,,37663,4,,,0,70,,37660,4,,,0,31,,37662,4,,,0,70,,37665,4,,,0,46,,37664,4,,,0,73,,37673,4,,,0,80,,37670,4,,,0,40,,37666,4,,,0,80,,37667,4,,,0,80,,37669,4,,,0,40,,37674,4,,,0,80,,37671,4,,,0,35,,37672,4,,,0,76,,37676,4,,,0,77,,37675,4,,,0,34,,37677,4,,,0,91,,37678,4,,,0,77,,37679,4,,,0,45,,37681,4,,,0,85,,37680,4,,,0
500,'5377',732,,37736,4,,,0,120,,37735,4,,,0,160,,37734,4,,,0,40,,37729,4,,,0,80,,37723,4,,,0,80,,37724,4,,,0,40,,37737,4,,,0,80,,37730,4,,,0,80,,37727,4,,,0,40,,37725,4,,,0,80,,37726,4,,,0,80,,37738,4,,,0,40,,37731,4,,,0,75,,37728,4,,,0,80,,37732,4,,,0,40,,37733,4,,,0
500,'5383',632,,53729,4,,,0,116,,53725,4,,,0,99,,53728,4,,,0,80,,53719,4,,,0,85,,53726,4,,,0,40,,53720,4,,,0,80,,53735,4,,,0,80,,53727,4,,,0,40,,53718,4,,,0,81,,53724,4,,,0,80,,53721,4,,,0,40,,53731,4,,,0,80,,53722,4,,,0,80,,53723,4,,,0,39,,53732,4,,,0,75,,53733,4,,,0,80,,53734,4,,,0,40,,53730,4,,,0,90,,53736,4,,,0
500,'5384',732,,53750,4,,,0,120,,53749,4,,,0,160,,53748,4,,,0,40,,53743,4,,,0,80,,53737,4,,,0,80,,53738,4,,,0,40,,53751,4,,,0,80,,53744,4,,,0,80,,53741,4,,,0,40,,53739,4,,,0,80,,53740,4,,,0,80,,53752,4,,,0,40,,53745,4,,,0,75,,53742,4,,,0,80,,53746,4,,,0,40,,53747,4,,,0
500,'5385',606,,53761,4,,,0,95,,53754,4,,,0,31,,53756,4,,,0,70,,53753,4,,,0,31,,53755,4,,,0,70,,53758,4,,,0,46,,53757,4,,,0,73,,53766,4,,,0,80,,53763,4,,,0,40,,53759,4,,,0,80,,53760,4,,,0,80,,53762,4,,,0,40,,53767,4,,,0,80,,53764,4,,,0,35,,53765,4,,,0,76,,53769,4,,,0,77,,53768,4,,,0,34,,53770,4,,,0,91,,53771,4,,,0,77,,53772,4,,,0,45,,53774,4,,,0,85,,53773,4,,,0
