401,'4332',705,,53548,14,,,0,20,,53557,14,,,0,20,,53530,14,,,0,58,,53540,14,,,0,17,,53550,14,,,0,16,,53520,14,,,0,16,,53538,14,,,0,56,,53539,14,,,0,15,,53553,14,,,0,16,,53514,14,,,0,15,,53526,14,,,0,55,,53528,14,,,0,15,,53577,14,,,0,15,,53542,14,,,0,15,,53555,14,,,0,56,,53515,14,,,0,14,,53524,14,,,0,15,,53536,14,,,0,15,,53547,14,,,0,55,,53552,14,,,0,15,,53516,14,,,0,16,,53525,14,,,0,15,,53531,14,,,0,55,,53549,14,,,0,16,,53556,14,,,0,16,,53529,14,,,0,15,,53521,14,,,0,56,,53532,14,,,0,16,,53545,14,,,0,16,,53551,14,,,0,56,,53517,14,,,0,16,,53523,14,,,0,15,,53518,14,,,0,16,,53541,14,,,0,56,,53554,14,,,0,17,,53534,14,,,0,17,,53522,14,,,0,16,,53519,14,,,0,56,,53544,14,,,0,15,,53546,14,,,0,17,,53527,14,,,0,58,,53533,14,,,0,18,,53535,14,,,0,18,,53543,14,,,0,18,,53537,14,,,0,58,,53559,14,,,0,18,,53558,14,,,0,18,,53560,14,,,0,58,,53564,14,,,0,18,,53565,14,,,0,18,,53567,14,,,0,58,,53568,14,,,0,18,,53566,14,,,0,18,,53570,14,,,0,65,,53574,14,,,0,23,,53569,14,,,0,30,,53572,14,,,0,72,,53571,14,,,0,31,,53575,14,,,0,71,,53573,14,,,0,29,,53576,14,,,0,70,,53563,14,,,0,31,,53562,14,,,0,70,,53561,14,,,0
401,'4663',557,,53474,14,,,0,57,,53483,14,,,0,20,,53492,14,,,0,15,,53455,14,,,0,55,,53476,14,,,0,13,,53466,14,,,0,15,,53477,14,,,0,15,,53457,14,,,0,54,,53461,14,,,0,16,,53475,14,,,0,15,,53506,14,,,0,14,,53479,14,,,0,54,,53507,14,,,0,16,,53491,14,,,0,15,,53473,14,,,0,15,,53508,14,,,0,55,,53478,14,,,0,15,,53494,14,,,0,15,,53442,14,,,0,14,,53502,14,,,0,55,,53472,14,,,0,15,,53486,14,,,0,17,,53484,14,,,0,15,,53447,14,,,0,55,,53505,14,,,0,15,,53499,14,,,0,15,,53481,14,,,0,14,,53439,14,,,0,13,,53495,14,,,0,55,,53503,14,,,0,16,,53480,14,,,0,15,,53510,14,,,0,55,,53482,14,,,0,14,,53487,14,,,0,15,,53470,14,,,0,12,,53468,14,,,0,15,,53497,14,,,0,56,,53467,14,,,0,16,,53464,14,,,0,15,,53469,14,,,0,16,,53504,14,,,0,55,,53509,14,,,0,14,,53511,14,,,0,15,,53485,14,,,0,15,,53490,14,,,0,53,,53465,14,,,0,15,,53496,14,,,0,16,,53493,14,,,0,15,,53471,14,,,0,55,,53498,14,,,0,15,,53501,14,,,0,16,,53500,14,,,0,16,,53489,14,,,0,55,,53488,14,,,0,16,,53446,14,,,0,15,,53440,14,,,0,56,,53445,14,,,0,18,,53448,14,,,0,17,,53451,14,,,0,16,,53452,14,,,0,57,,53444,14,,,0,20,,53443,14,,,0,20,,53449,14,,,0,60,,53454,14,,,0,25,,53441,14,,,0,24,,53450,14,,,0,69,,53453,14,,,0,30,,53458,14,,,0,71,,53459,14,,,0,30,,53460,14,,,0,71,,53462,14,,,0,30,,53456,14,,,0,70,,53463,14,,,0
401,'5078',728,,53578,14,,,0,30,,53579,14,,,0,71,,53580,14,,,0,29,,53581,14,,,0,68,,53582,14,,,0,30,,53583,14,,,0,60,,53584,14,,,0,19,,53585,14,,,0,20,,53586,14,,,0,59,,53587,14,,,0,20,,53588,14,,,0,20,,53589,14,,,0,60,,53590,14,,,0,20,,53591,14,,,0,19,,53592,14,,,0,60,,53593,14,,,0,20,,53594,14,,,0,17,,53622,14,,,0,58,,53595,14,,,0,16,,53596,14,,,0,16,,53597,14,,,0,16,,53598,14,,,0,57,,53624,14,,,0,17,,53599,14,,,0,16,,53600,14,,,0,56,,53601,14,,,0,17,,53602,14,,,0,16,,53623,14,,,0,16,,53603,14,,,0,57,,53604,14,,,0,17,,53605,14,,,0,18,,53606,14,,,0,59,,53607,14,,,0,17,,53608,14,,,0,18,,53609,14,,,0,19,,53610,14,,,0,58,,53611,14,,,0,19,,53625,14,,,0,18,,53612,14,,,0,60,,53613,14,,,0,20,,53614,14,,,0,24,,53615,14,,,0,71,,53616,14,,,0,32,,53617,14,,,0,69,,53618,14,,,0,32,,53619,14,,,0,71,,53620,14,,,0,28,,53621,14,0,23 49,0
401,'5372',557,,37387,14,,,0,57,,37396,14,,,0,20,,37405,14,,,0,15,,37372,14,,,0,55,,37389,14,,,0,13,,37379,14,,,0,15,,37390,14,,,0,15,,37373,14,,,0,54,,37376,14,,,0,16,,37388,14,,,0,15,,37419,14,,,0,14,,37392,14,,,0,54,,37420,14,,,0,16,,37404,14,,,0,15,,37386,14,,,0,15,,37421,14,,,0,55,,37391,14,,,0,15,,37407,14,,,0,15,,37360,14,,,0,14,,37415,14,,,0,55,,37385,14,,,0,15,,37399,14,,,0,17,,37397,14,,,0,15,,37365,14,,,0,55,,37418,14,,,0,15,,37412,14,,,0,15,,37394,14,,,0,14,,37357,14,,,0,13,,37408,14,,,0,55,,37416,14,,,0,16,,37393,14,,,0,15,,37423,14,,,0,55,,37395,14,,,0,14,,37400,14,,,0,15,,37383,14,,,0,12,,37381,14,,,0,15,,37410,14,,,0,56,,37380,14,,,0,16,,37377,14,,,0,15,,37382,14,,,0,16,,37417,14,,,0,55,,37422,14,,,0,14,,37424,14,,,0,15,,37398,14,,,0,15,,37403,14,,,0,53,,37378,14,,,0,15,,37409,14,,,0,16,,37406,14,,,0,15,,37384,14,,,0,55,,37411,14,,,0,15,,37414,14,,,0,16,,37413,14,,,0,16,,37402,14,,,0,55,,37401,14,,,0,16,,37364,14,,,0,15,,37358,14,,,0,56,,37363,14,,,0,18,,37366,14,,,0,17,,37369,14,,,0,16,,37370,14,,,0,57,,37362,14,,,0,20,,37361,14,,,0,20,,37367,14,,,0,85,,37359,14,,,0,24,,37368,14,,,0,69,,37371,14,,,0,30,,37374,14,,,0,71,,37375,14,,,0
401,'5373',2209,,53512,14,,,0
401,'5385',557,,53656,14,,,0,57,,53665,14,,,0,20,,53674,14,,,0,15,,53641,14,,,0,55,,53658,14,,,0,13,,53648,14,,,0,15,,53659,14,,,0,15,,53642,14,,,0,54,,53645,14,,,0,16,,53657,14,,,0,15,,53688,14,,,0,14,,53661,14,,,0,54,,53689,14,,,0,16,,53673,14,,,0,15,,53655,14,,,0,15,,53690,14,,,0,55,,53660,14,,,0,15,,53676,14,,,0,15,,53629,14,,,0,14,,53684,14,,,0,55,,53654,14,,,0,15,,53668,14,,,0,17,,53666,14,,,0,15,,53634,14,,,0,55,,53687,14,,,0,15,,53681,14,,,0,15,,53663,14,,,0,14,,53626,14,,,0,13,,53677,14,,,0,55,,53685,14,,,0,16,,53662,14,,,0,15,,53692,14,,,0,55,,53664,14,,,0,14,,53669,14,,,0,15,,53652,14,,,0,12,,53650,14,,,0,15,,53679,14,,,0,56,,53649,14,,,0,16,,53646,14,,,0,15,,53651,14,,,0,16,,53686,14,,,0,55,,53691,14,,,0,14,,53693,14,,,0,15,,53667,14,,,0,15,,53672,14,,,0,53,,53647,14,,,0,15,,53678,14,,,0,16,,53675,14,,,0,15,,53653,14,,,0,55,,53680,14,,,0,15,,53683,14,,,0,16,,53682,14,,,0,16,,53671,14,,,0,55,,53670,14,,,0,16,,53633,14,,,0,15,,53627,14,,,0,56,,53632,14,,,0,18,,53635,14,,,0,17,,53638,14,,,0,16,,53639,14,,,0,57,,53631,14,,,0,20,,53630,14,,,0,20,,53636,14,,,0,85,,53628,14,,,0,24,,53637,14,,,0,69,,53640,14,,,0,30,,53643,14,,,0,71,,53644,14,,,0
401,'5387',2209,,53694,14,,,0
401,'5388',2209,,53695,14,,,0
901,'4663',1510,,54734,14,0,24 49,0,146,,54735,14,,,0,82,,54733,14,,,0
901,'5372',1510,,38903,14,0,24 49,0,146,,38904,14,,,0,82,,38902,14,,,0
901,'5385',1510,,54737,14,0,24 49,0,146,,54738,14,,,0,82,,54736,14,,,0
