3900,'4663',703,,59254,31,4,,0,37,,59255,31,4,,0,64,,59258,25,4,,0,12,,59261,31,4,,0,13,,59257,31,4,,0,15,,59256,31,4,,0,70,,59259,31,4,,0,36,,59260,31,4,,0,65,,59264,31,4,,0,30,,59262,31,4,,0,69,,59263,31,4,,0,31,,59265,31,4,,0,71,,59266,31,4,,0,31,,59268,31,4,,0,70,,59267,31,4,,0,31,,59269,31,4,,0,71,,59270,31,4,,0,33,,59272,31,4,,0,73,,59271,31,4,,0,77,,59273,31,4,,0,30,,59275,31,4,,0,71,,59274,31,4,,0,28,,59276,31,4,,0,28,,59277,31,4,,0,73,,59278,31,4,,0,78,,59282,31,4,,0,37,,59279,31,4,,0,82,,59280,31,4,,0,107,,59281,31,4,,0
3900,'5372',703,,50258,31,4,,0,37,,44254,31,4,,0,64,,44257,25,4,,0,12,,44260,31,4,,0,13,,44256,31,4,,0,15,,44255,31,4,,0,70,,44258,31,4,,0,36,,44259,31,4,,0,65,,44263,31,4,,0,30,,44261,31,4,,0,69,,44262,31,4,,0,31,,44264,31,4,,0,71,,44265,31,4,,0,31,,44267,31,4,,0,70,,44266,31,4,,0,31,,44268,31,4,,0,71,,44269,31,4,,0,33,,50259,31,4,,0,73,,44270,31,4,,0,77,,44272,31,4,,0,30,,44274,31,4,,0,71,,44273,31,4,,0,28,,44275,31,4,,0,28,,44276,31,4,,0,73,,44277,31,4,,0,78,,44281,31,4,,0,37,,44278,31,4,,0,82,,44279,31,4,,0,107,,44280,31,4,,0
3900,'5377',852,,50252,25,4,,0,103,,44324,25,4,,0,100,,44326,25,4,,0,100,,44328,25,4,,0,100,,50253,25,4,,0,100,,50254,25,4,,0,100,,44329,25,4,,0,100,,44330,25,4,,0,100,,44331,25,4,,0,100,,44333,25,4,,0,100,,44334,25,4,,0,99,,44335,25,4,,0
3900,'5383',725,,59284,25,4,,0,128,,59285,25,4,,0,101,,59289,25,4,,0,102,,59293,25,4,,0,100,,59283,25,4,,0,100,,59287,25,4,,0,100,,59290,25,4,,0,100,,59294,25,4,,0,100,,59286,25,4,,0,100,,59288,25,4,,0,100,,59291,25,4,,0,98,,59295,25,4,,0,99,,59292,25,4,,0
3900,'5384',852,,59297,25,4,,0,103,,59296,25,4,,0,100,,59298,25,4,,0,100,,59300,25,4,,0,100,,59299,25,4,,0,100,,59304,25,4,,0,100,,59301,25,4,,0,100,,59302,25,4,,0,100,,59303,25,4,,0,100,,59305,25,4,,0,100,,59306,25,4,,0,99,,59307,25,4,,0
3900,'5385',703,,59308,31,4,,0,37,,59309,31,4,,0,64,,59312,25,4,,0,12,,59315,31,4,,0,13,,59311,31,4,,0,15,,59310,31,4,,0,70,,59313,31,4,,0,36,,59314,31,4,,0,65,,59318,31,4,,0,30,,59316,31,4,,0,69,,59317,31,4,,0,31,,59319,31,4,,0,71,,59320,31,4,,0,31,,59322,31,4,,0,70,,59321,31,4,,0,31,,59323,31,4,,0,71,,59324,31,4,,0,33,,59326,31,4,,0,73,,59325,31,4,,0,77,,59327,31,4,,0,30,,59329,31,4,,0,71,,59328,31,4,,0,28,,59330,31,4,,0,28,,59331,31,4,,0,73,,59332,31,4,,0,78,,59336,31,4,,0,37,,59333,31,4,,0,82,,59334,31,4,,0,107,,59335,31,4,,0
3901,'4663',607,,59337,1,,,0,36,,59338,1,,,0,69,,59339,1,,,0,25,,59341,1,,,0,13,,59342,1,,,0,55,,59340,1,,,0,39,,59343,1,,,0,68,,59346,1,,,0,30,,59344,1,,,0,70,,59345,1,,,0,30,,59348,1,,,0,70,,59347,1,,,0,30,,59350,1,,,0,70,,59349,1,,,0,30,,59351,1,,,0,70,,59352,1,,,0,30,,59353,1,,,0,70,,59355,1,,,0,34,,59354,1,,,0,64,,59356,1,0,28 29 14,0,8,,59357,1,,,0,33,,59358,1,,,0,71,,59359,1,,,0,31,,59361,1,,,0,75,,59360,1,,,0,79,,59362,1,,,0,40,,59366,1,,,0,83,,59364,1,,,0,108,,59363,1,,,0,107,,59365,1,0,28 29 14,0
3901,'5372',607,,50272,1,,,0,36,,44349,1,,,0,69,,44350,1,,,0,25,,44352,1,,,0,13,,44353,1,,,0,55,,44351,1,,,0,39,,44354,1,,,0,68,,44357,1,,,0,30,,44355,1,,,0,70,,44356,1,,,0,30,,44359,1,,,0,70,,44358,1,,,0,30,,44361,1,,,0,70,,44360,1,,,0,30,,44362,1,,,0,70,,44363,1,,,0,30,,50273,1,,,0,70,,44366,1,,,0,34,,44365,1,,,0,64,,51721,1,0,28 29 14,0,8,,44368,1,,,0,33,,44369,1,,,0,71,,44370,1,,,0,31,,44372,1,,,0,75,,44371,1,,,0,79,,44373,1,,,0,40,,44377,1,,,0,83,,44375,1,,,0,108,,44374,1,,,0,107,,44376,1,0,28 29 14,0
3901,'5377',737,,50265,1,0,28 29 14,0,99,,44422,1,0,28 29 14,0,99,,44421,1,0,28 29 14,0,99,,44424,1,0,28 29 14,0,100,,50266,1,0,28 29 14,0,100,,50267,1,0,28 29 14,0,99,,44429,1,0,28 29 14,0,100,,44430,1,0,28 29 14,0,100,,44428,1,0,28 29 14,0,100,,44427,1,0,28 29 14,0,100,,44431,1,0,28 29 14,0,102,,44432,1,0,28 29 14,0,100,,44433,1,0,28 29 14,0
3901,'5383',736,,59369,1,0,28 29 14,0,99,,59372,1,0,28 29 14,0,100,,59377,1,0,28 29 14,0,99,,59367,1,0,28 29 14,0,99,,59370,1,0,28 29 14,0,100,,59373,1,0,28 29 14,0,100,,59378,1,0,28 29 14,0,100,,59368,1,0,28 29 14,0,100,,59371,1,0,28 29 14,0,100,,59374,1,0,28 29 14,0,102,,59379,1,0,28 29 14,0,100,,59375,1,0,28 29 14,0,100,,59376,1,0,28 29 14,0
3901,'5384',737,,59382,1,0,28 29 14,0,99,,59381,1,0,28 29 14,0,99,,59380,1,0,28 29 14,0,99,,59383,1,0,28 29 14,0,100,,59384,1,0,28 29 14,0,100,,59385,1,0,28 29 14,0,99,,59388,1,0,28 29 14,0,100,,59389,1,0,28 29 14,0,100,,59387,1,0,28 29 14,0,100,,59386,1,0,28 29 14,0,100,,59390,1,0,28 29 14,0,102,,59391,1,0,28 29 14,0,100,,59392,1,0,28 29 14,0
3901,'5385',607,,59393,1,,,0,36,,59394,1,,,0,69,,59395,1,,,0,25,,59397,1,,,0,13,,59398,1,,,0,55,,59396,1,,,0,39,,59399,1,,,0,68,,59402,1,,,0,30,,59400,1,,,0,70,,59401,1,,,0,30,,59404,1,,,0,70,,59403,1,,,0,30,,59406,1,,,0,70,,59405,1,,,0,30,,59407,1,,,0,70,,59408,1,,,0,30,,59409,1,,,0,70,,59411,1,,,0,34,,59410,1,,,0,64,,59412,1,0,28 29 14,0,8,,59413,1,,,0,33,,59414,1,,,0,71,,59415,1,,,0,31,,59417,1,,,0,75,,59416,1,,,0,79,,59418,1,,,0,40,,59422,1,,,0,83,,59420,1,,,0,108,,59419,1,,,0,107,,59421,1,0,28 29 14,0
