6101,'4487',622,,32454,56,,,0,97,,32455,57,,,0,38,,32456,57,,,0,101,,32457,57,,,0,84,,32458,57,,,0,91,,32459,57,,,0,71,,32460,57,,,0,49,,32461,57,,,0,72,,32462,57,,,0,32,,32463,57,,,0,84,,32464,57,,,0,77,,32465,57,,,0,36,,32466,57,,,0,75,,32467,57,,,0,26,,32468,57,,,0,76,,32469,57,,,0,78,,32470,57,,,0,33,,32471,57,,,0,74,,32472,57,,,0,36,,32473,57,,,0,76,,32474,57,,,0,76,,32475,57,,,0,41,,32476,57,,,0,83,,32477,57,,,0,97,,32478,57,,,0,85,,32479,57,,,0,99,,32480,57,,,0,41,,32481,57,,,0
6101,'4737',754,,32493,57,,,0,81,,32482,57,,,0,76,,32485,57,,,0,23,,32496,57,,,0,75,,32489,57,,,0,48,,32486,57,,,0,77,,32494,57,,,0,77,,32490,57,,,0,38,,32488,57,,,0,77,,32495,57,,,0,26,,32491,57,,,0,74,,32502,22,,,0,4,,32492,57,,,0,77,,32500,57,,,0,33,,32503,57,,,0,69,,32505,57,,,0,29,,32498,80,,,0,17,,32510,57,,,0,54,,32499,80,,,0,32,,32507,80,,,0,59,,32509,80,,,0,14,,32501,80,,,0,20,,32513,80,,,0,76,,32504,80,,,0,14,,32506,57,,,0,30,,32508,57,,,0,86,,32512,57,,,0,89,,32511,57,,,0,97,,32514,57,,,0,82,,32516,57,,,0,97,,32517,57,,,0,43,,32515,57,,,0,99,,32518,57,,,0
6101,'4744',754,,32530,57,,,0,81,,32519,57,,,0,76,,32522,57,,,0,23,,32533,57,,,0,75,,32526,57,,,0,48,,32523,57,,,0,77,,32531,57,,,0,77,,32527,57,,,0,38,,32525,57,,,0,77,,32532,57,,,0,26,,32528,57,,,0,78,,32529,57,,,0,77,,32537,57,,,0,30,,32540,22,,,0,3,,32539,57,,,0,69,,32542,57,,,0,29,,32535,80,,,0,17,,32547,57,,,0,54,,32536,80,,,0,32,,32544,80,,,0,59,,32546,80,,,0,14,,32538,80,,,0,20,,32550,80,,,0,76,,32541,80,,,0,14,,32543,57,,,0,30,,32545,57,,,0,86,,32549,57,,,0,89,,32548,57,,,0,97,,32551,57,,,0,82,,32553,57,,,0,97,,32554,57,,,0,43,,32552,57,,,0
6101,'4745',626,,32556,56,,,0,104,,32557,56,,,0,74,,32558,57,,,0,49,,32555,57,,,0,94,,32559,57,,,0,87,,32560,57,,,0,88,,32561,57,,,0,88,,32562,57,,,0,103,,32563,57,,,0,46,,32564,57,,,0,141,,32565,57,,,0,45,,32566,57,,,0,101,,32567,57,,,0,80,,32568,57,,,0,100,,32569,57,,,0,89,,32570,57,,,0,97,,32571,57,,,0,100,,32572,57,,,0,40,,32573,57,,,0,99,,32574,57,,,0,95,,32575,57,,,0
6101,'5066',754,,32587,57,,,0,81,,32576,57,,,0,76,,32579,57,,,0,23,,32590,57,,,0,75,,32583,57,,,0,48,,32580,57,,,0,77,,32588,57,,,0,77,,32584,57,,,0,38,,32582,57,,,0,77,,32589,57,,,0,26,,32585,57,,,0,78,,32586,57,,,0,77,,32594,57,,,0,30,,32597,22,,,0,3,,32596,57,,,0,69,,32599,57,,,0,29,,32592,80,,,0,17,,32604,57,,,0,54,,32593,80,,,0,32,,32601,80,,,0,59,,32603,80,,,0,14,,32595,80,,,0,20,,32607,80,,,0,76,,32598,80,,,0,14,,32600,57,,,0,30,,32602,57,,,0,86,,32606,57,,,0,89,,32605,57,,,0,97,,32608,57,,,0,82,,32610,57,,,0,97,,32611,57,,,0,43,,32609,57,,,0
6101,'5070',622,,32612,56,,,0,97,,32613,57,,,0,38,,32614,57,,,0,101,,32615,57,,,0,84,,32616,57,,,0,91,,32617,57,,,0,71,,32618,57,,,0,49,,32619,57,,,0,72,,32620,57,,,0,32,,32621,57,,,0,84,,32622,57,,,0,77,,32623,57,,,0,36,,32624,57,,,0,75,,32625,57,,,0,26,,32626,57,,,0,76,,32627,57,,,0,78,,32628,57,,,0,33,,32629,57,,,0,74,,32630,57,,,0,36,,32631,57,,,0,76,,32632,57,,,0,76,,32633,57,,,0,41,,32634,57,,,0,83,,32635,57,,,0,97,,32636,57,,,0,85,,32637,57,,,0,99,,32638,57,,,0,41,,32639,57,,,0,100,,32640,57,,,0
6101,'5072',626,,32642,56,,,0,104,,32643,56,,,0,74,,32644,57,,,0,49,,32641,57,,,0,94,,32645,57,,,0,87,,32646,57,,,0,88,,32647,57,,,0,88,,32648,57,,,0,103,,32649,57,,,0,46,,32650,57,,,0,141,,32651,57,,,0,45,,32652,57,,,0,101,,32653,57,,,0,80,,32654,57,,,0,100,,32655,57,,,0,89,,32656,57,,,0,97,,32657,57,,,0,100,,32658,57,,,0,40,,32659,57,,,0,99,,32660,57,,,0,95,,32661,57,,,0
6301,'4737',833,,32663,21,,,0,220,,32662,21,,,0,382,,32664,21,,,0,223,,32665,21,,,0
6301,'4744',833,,32667,21,,,0,220,,32666,21,,,0,382,,32668,21,,,0,223,,32669,21,,,0
6301,'5066',833,,32671,21,,,0,220,,32670,21,,,0,382,,32672,21,,,0,223,,32673,21,,,0
