7200,'4532',625,,75106,43,,,0,99,,75107,43,,,0,32,,75108,43,,,0,69,,75109,43,,,0,29,,75110,43,,,0,70,,75111,43,,,0,30,,75112,43,,,0,70,,75113,43,,,0,30,,75114,43,,,0,69,,75115,43,,,0,30,,75116,43,,,0,70,,75117,43,,,0,30,,75118,43,,,0,70,,75119,43,,,0,29,,75120,43,,,0,70,,75121,43,,,0,30,,75122,43,,,0,70,,75123,43,,,0,30,,75124,43,,,0,70,,75125,43,,,0,30,,75126,43,,,0,70,,75127,43,,,0,30,,75128,43,,,0,70,,75129,43,,,0,30,,75130,43,,,0,70,,75131,43,,,0,31,,75132,43,,,0,70,,75133,43,,,0,30,,75134,43,,,0,70,,75135,43,,,0,100,,75136,43,,,0,100,,75137,43,,,0,118,,75138,43,0,10 11 12,0
7200,'4623',615,,75063,43,,,0,29,,75057,43,,,0,79,,75046,43,,,0,29,,75062,43,,,0,70,,75069,43,,,0,30,,75050,43,,,0,71,,75064,43,,,0,29,,75058,43,,,0,70,,75042,43,,,0,31,,75065,43,,,0,69,,75054,43,,,0,31,,75048,43,,,0,68,,75040,43,,,0,30,,75041,43,,,0,69,,75047,43,,,0,30,,75039,43,,,0,70,,75070,43,,,0,30,,75043,43,,,0,70,,75051,43,,,0,31,,75045,43,,,0,70,,75044,43,,,0,29,,75049,43,,,0,71,,75052,43,,,0,30,,75071,43,,,0,73,,75059,43,,,0,28,,75053,43,,,0,71,,75056,43,,,0,29,,75055,43,,,0,70,,75061,43,,,0,32,,75067,43,,,0,70,,75060,43,,,0,100,,75066,43,,,0,99,,75068,43,,,0,116,,75072,43,0,10 11 12,0
7200,'4832',724,,75173,43,,,0,100,,75174,43,,,0,100,,75177,43,,,0,100,,75175,43,,,0,99,,75176,43,,,0,30,,75178,43,,,0,70,,75179,43,,,0,30,,75180,43,,,0,69,,75181,43,,,0,30,,75182,43,,,0,70,,75183,43,,,0,30,,75184,43,,,0,70,,75185,43,,,0,30,,75186,43,,,0,70,,75187,43,,,0,30,,75188,43,,,0,70,,75189,43,,,0,30,,75190,43,,,0,70,,75191,43,,,0,31,,75192,43,,,0,70,,75193,43,,,0,30,,75194,43,,,0,71,,75195,43,,,0,99,,75196,43,,,0,100,,75197,43,,,0,102,,75198,43,,,0,75,,75199,43,0,10 11 12,0
7200,'4833',625,,75073,43,,,0,99,,75074,43,,,0,32,,75075,43,,,0,69,,75076,43,,,0,29,,75077,43,,,0,70,,75078,43,,,0,30,,75079,43,,,0,70,,75080,43,,,0,30,,75081,43,,,0,69,,75082,43,,,0,30,,75083,43,,,0,70,,75084,43,,,0,30,,75085,43,,,0,70,,75086,43,,,0,29,,75087,43,,,0,70,,75088,43,,,0,30,,75089,43,,,0,70,,75090,43,,,0,30,,75091,43,,,0,70,,75092,43,,,0,30,,75093,43,,,0,70,,75094,43,,,0,30,,75095,43,,,0,70,,75096,43,,,0,30,,75097,43,,,0,70,,75098,43,,,0,31,,75099,43,,,0,70,,75100,43,,,0,30,,75101,43,,,0,70,,75102,43,,,0,100,,75103,43,,,0,100,,75104,43,,,0,118,,75105,43,0,10 11 12,0
7200,'5222',615,,75163,43,,,0,29,,75157,43,,,0,79,,75146,43,,,0,29,,75162,43,,,0,70,,75169,43,,,0,30,,75150,43,,,0,71,,75164,43,,,0,29,,75158,43,,,0,70,,75142,43,,,0,31,,75165,43,,,0,69,,75154,43,,,0,31,,75148,43,,,0,68,,75140,43,,,0,30,,75141,43,,,0,69,,75147,43,,,0,30,,75139,43,,,0,70,,75170,43,,,0,30,,75143,43,,,0,70,,75151,43,,,0,31,,75145,43,,,0,70,,75144,43,,,0,29,,75149,43,,,0,71,,75152,43,,,0,30,,75171,43,,,0,73,,75159,43,,,0,28,,75153,43,,,0,71,,75156,43,,,0,29,,75155,43,,,0,70,,75161,43,,,0,32,,75167,43,,,0,70,,75160,43,,,0,100,,75166,43,,,0,99,,75168,43,,,0,116,,75172,43,0,10 11 12,0
7200,'5390',724,,75200,43,,,0,100,,75201,43,,,0,100,,75204,43,,,0,100,,75202,43,,,0,99,,75203,43,,,0,30,,75205,43,,,0,70,,75206,43,,,0,30,,75207,43,,,0,69,,75208,43,,,0,30,,75209,43,,,0,70,,75210,43,,,0,30,,75211,43,,,0,70,,75212,43,,,0,30,,75213,43,,,0,70,,75214,43,,,0,30,,75215,43,,,0,70,,75216,43,,,0,30,,75217,43,,,0,70,,75218,43,,,0,31,,75219,43,,,0,70,,75220,43,,,0,30,,75221,43,,,0,71,,75222,43,,,0,99,,75223,43,,,0,100,,75224,43,,,0,102,,75225,43,,,0,75,,75226,43,0,10 11 12,0
8100,'4532',825,,75874,19,,,0,100,,75875,19,,,0,100,,75876,19,,,0,99,,75877,19,,,0,100,,75878,19,,,0,100,,75879,19,,,0,101,,75880,19,,,0,100,,75881,19,,,0,100,,75882,19,,,0,100,,75883,19,,,0,100,,75884,19,,,0,102,,75885,19,,,0,100,,75886,19,,,0,101,,75887,19,0,44 49,0
8100,'4623',614,,75845,19,,,0,189,,75846,19,,,0,123,,75847,19,,,0,97,,75848,19,,,0,100,,75849,19,,,0,100,,75850,19,,,0,100,,75851,19,,,0,100,,75852,19,,,0,100,,75853,19,,,0,100,,75854,19,,,0,100,,75855,19,,,0,87,,75856,19,,,0,115,,75857,19,,,0,100,,75858,19,,,0,107,,75859,19,0,44 49,0
8100,'4832',824,,75904,19,,,0,101,,75903,19,,,0,99,,75905,19,,,0,100,,75906,19,,,0,100,,75907,19,,,0,100,,75908,19,,,0,100,,75909,19,,,0,100,,75910,19,,,0,100,,75911,19,,,0,100,,75912,19,,,0,101,,75913,19,,,0,101,,75914,19,,,0,102,,75915,19,,,0,104,,75916,19,0,44 49,0
8100,'4833',825,,75860,19,,,0,100,,75861,19,,,0,100,,75862,19,,,0,99,,75863,19,,,0,100,,75864,19,,,0,100,,75865,19,,,0,101,,75866,19,,,0,100,,75867,19,,,0,100,,75868,19,,,0,100,,75869,19,,,0,100,,75870,19,,,0,102,,75871,19,,,0,100,,75872,19,,,0,101,,75873,19,0,44 49,0
8100,'5222',614,,75888,19,,,0,189,,75889,19,,,0,123,,75890,19,,,0,97,,75891,19,,,0,100,,75892,19,,,0,100,,75893,19,,,0,100,,75894,19,,,0,100,,75895,19,,,0,100,,75896,19,,,0,100,,75897,19,,,0,100,,75898,19,,,0,87,,75899,19,,,0,115,,75900,19,,,0,100,,75901,19,,,0,107,,75902,19,0,44 49,0
8100,'5390',824,,75918,19,,,0,101,,75917,19,,,0,99,,75919,19,,,0,100,,75920,19,,,0,100,,75921,19,,,0,100,,75922,19,,,0,100,,75923,19,,,0,100,,75924,19,,,0,100,,75925,19,,,0,100,,75926,19,,,0,101,,75927,19,,,0,101,,75928,19,,,0,102,,75929,19,,,0,104,,75930,19,0,44 49,0
