7101,'4623',558,,75035,5,,,0,71,,75034,5,,,0,85,,75033,5,,,0
7101,'5222',558,,75038,5,,,0,71,,75037,5,,,0,85,,75036,5,,,0
7201,'4532',602,,75325,5,,,0,100,,75295,5,,,0,100,,75296,5,,,0,33,,75297,5,,,0,70,,75298,5,,,0,30,,75299,5,,,0,71,,75300,5,,,0,29,,75301,5,,,0,71,,75302,5,,,0,30,,75303,5,,,0,70,,75294,5,,,0,30,,75304,5,,,0,69,,75305,5,,,0,31,,75306,5,,,0,74,,75307,5,,,0,31,,75308,5,,,0,69,,75309,5,,,0,31,,75310,5,,,0,69,,75311,5,,,0,26,,75312,5,,,0,69,,75313,5,,,0,30,,75314,5,,,0,70,,75315,5,,,0,30,,75316,5,,,0,70,,75317,5,,,0,30,,75318,5,,,0,70,,75319,5,,,0,30,,75320,5,,,0,70,,75321,5,,,0,100,,75322,5,,,0,100,,75323,5,,,0,100,,75324,5,,,0
7201,'4623',534,,75253,5,,,0,80,,75243,5,,,0,30,,75254,5,,,0,70,,75245,5,,,0,31,,75230,5,,,0,61,,75231,5,,,0,27,,75252,5,,,0,70,,75258,5,,,0,30,,75236,5,,,0,70,,75251,5,,,0,30,,75244,5,,,0,73,,75227,5,,,0,30,,75255,5,,,0,70,,75242,5,,,0,30,,75234,5,,,0,70,,75228,5,,,0,30,,75229,5,,,0,70,,75235,5,,,0,30,,75233,5,,,0,70,,75259,5,,,0,31,,75232,5,,,0,68,,75237,5,,,0,32,,75241,5,,,0,71,,75239,5,,,0,30,,75240,5,,,0,69,,75238,5,,,0,30,,75260,5,,,0,70,,75247,5,,,0,30,,75248,5,,,0,70,,75246,5,,,0,30,,75249,5,,,0,70,,75250,5,,,0,98,,75257,5,,,0,100,,75256,5,,,0,100,,75261,5,,,0
7201,'4832',702,,75362,5,,,0,100,,75363,5,,,0,100,,75364,5,,,0,103,,75365,5,,,0,100,,75367,5,,,0,30,,75368,5,,,0,70,,75361,5,,,0,30,,75366,5,,,0,70,,75369,5,,,0,30,,75371,5,,,0,70,,75372,5,,,0,30,,75373,5,,,0,70,,75370,5,,,0,30,,75374,5,,,0,70,,75375,5,,,0,30,,75376,5,,,0,75,,75377,5,,,0,28,,75378,5,,,0,72,,75379,5,,,0,30,,75380,5,,,0,70,,75382,5,,,0,30,,75381,5,,,0,70,,75383,5,,,0,30,,75384,5,,,0,70,,75385,5,,,0,95,,75386,5,,,0,100,,75387,5,,,0
7201,'5222',534,,75352,5,,,0,80,,75342,5,,,0,30,,75353,5,,,0,70,,75344,5,,,0,31,,75329,5,,,0,61,,75330,5,,,0,27,,75351,5,,,0,70,,75357,5,,,0,30,,75335,5,,,0,70,,75350,5,,,0,30,,75343,5,,,0,73,,75326,5,,,0,30,,75354,5,,,0,70,,75341,5,,,0,30,,75333,5,,,0,70,,75327,5,,,0,30,,75328,5,,,0,70,,75334,5,,,0,30,,75332,5,,,0,70,,75358,5,,,0,31,,75331,5,,,0,68,,75336,5,,,0,32,,75340,5,,,0,71,,75338,5,,,0,30,,75339,5,,,0,69,,75337,5,,,0,30,,75359,5,,,0,70,,75346,5,,,0,30,,75347,5,,,0,70,,75345,5,,,0,30,,75348,5,,,0,70,,75349,5,,,0,98,,75356,5,,,0,100,,75355,5,,,0,100,,75360,5,,,0
7201,'5390',702,,75389,5,,,0,100,,75390,5,,,0,100,,75391,5,,,0,103,,75392,5,,,0,100,,75394,5,,,0,30,,75395,5,,,0,70,,75388,5,,,0,30,,75393,5,,,0,70,,75396,5,,,0,30,,75398,5,,,0,70,,75399,5,,,0,30,,75400,5,,,0,70,,75397,5,,,0,30,,75401,5,,,0,70,,75402,5,,,0,30,,75403,5,,,0,75,,75404,5,,,0,28,,75405,5,,,0,72,,75406,5,,,0,30,,75407,5,,,0,70,,75409,5,,,0,30,,75408,5,,,0,70,,75410,5,,,0,30,,75411,5,,,0,70,,75412,5,,,0,95,,75413,5,,,0,100,,75414,5,,,0
8101,'4532',905,,75960,5,,,0,102,,75961,5,,,0,100,,75962,5,,,0,100,,75963,5,,,0,100,,75964,5,,,0,104,,75965,5,,,0,100,,75966,5,,,0,100,,75967,5,,,0,96,,75968,5,,,0,98,,75969,5,,,0,100,,75970,5,,,0,100,,75971,5,,,0,100,,75972,5,,,0
8101,'4623',655,,75932,5,,,0,251,,75934,5,,,0,103,,75935,5,,,0,97,,75936,5,,,0,100,,75937,5,,,0,100,,75938,5,,,0,100,,75939,5,,,0,100,,75940,5,,,0,100,,75941,5,,,0,99,,75942,5,,,0,100,,75943,5,,,0,100,,75944,5,,,0,101,,75945,5,,,0,99,,75946,5,,,0
8101,'4832',905,,75989,5,,,0,100,,75990,5,,,0,102,,75991,5,,,0,100,,75992,5,,,0,100,,75993,5,,,0,101,,75994,5,,,0,100,,75995,5,,,0,100,,75996,5,,,0,102,,75997,5,,,0,100,,75998,5,,,0,100,,75999,5,,,0,100,,76000,5,,,0,100,,76001,5,,,0
8101,'5222',655,,75974,5,,,0,251,,75976,5,,,0,103,,75977,5,,,0,97,,75978,5,,,0,100,,75979,5,,,0,100,,75980,5,,,0,100,,75981,5,,,0,100,,75982,5,,,0,100,,75983,5,,,0,99,,75984,5,,,0,100,,75985,5,,,0,100,,75986,5,,,0,101,,75987,5,,,0,99,,75988,5,,,0
8101,'5390',905,,76002,5,,,0,100,,76003,5,,,0,102,,76004,5,,,0,100,,76005,5,,,0,100,,76006,5,,,0,101,,76007,5,,,0,100,,76008,5,,,0,100,,76009,5,,,0,102,,76010,5,,,0,100,,76011,5,,,0,100,,76012,5,,,0,100,,76013,5,,,0,100,,76014,5,,,0
