2400,'4332',722,,56955,42,,,0,123,,56953,42,,,0,106,,56951,42,,,0,152,,56952,42,,,0,100,,56954,42,,,0,100,,56960,42,,,0,98,,56957,42,,,0,100,,56956,42,,,0,100,,56959,42,,,0,57,,56958,42,,,0,143,,56961,42,,,0,112,,56962,42,,,0,123,,56963,42,,,0,165,,56964,42,,,0,126,,56965,42,,,0
2400,'4663',642,,56933,42,,,0,74,,56937,42,,,0,40,,56938,42,,,0,102,,56934,42,,,0,149,,56932,42,,,0,101,,56942,42,,,0,101,,56939,42,,,0,100,,56935,42,,,0,101,,56936,42,,,0,100,,56940,42,,,0,49,,56941,42,,,0,81,,56943,42,,,0,91,,56944,42,,,0,95,,56945,42,,,0,100,,56946,42,,,0,110,,56947,42,,,0,121,,56948,42,,,0,170,,56949,42,,,0,130,,56950,42,,,0
2400,'5078',734,,56967,8,,,0,107,,56966,42,,,0,171,,56969,42,,,0,130,,56968,42,,,0,173,,56970,42,,,0,130,,56971,42,,,0,170,,56972,42,,,0,130,,56973,42,,,0,167,,56974,42,,,0,125,,56975,42,,,0,163,,56976,42,,,0,127,,56977,42,,,0
2400,'5372',642,,41544,42,,,0,74,,41548,42,,,0,40,,41549,42,,,0,102,,41545,42,,,0,149,,41543,42,,,0,101,,41553,42,,,0,101,,41550,42,,,0,100,,41546,42,,,0,101,,41547,42,,,0,100,,41551,42,,,0,49,,41552,42,,,0,81,,41554,42,,,0,91,,41555,42,,,0,95,,41556,42,,,0,100,,41557,42,,,0,110,,41558,42,,,0,121,,41559,42,,,0,170,,41560,42,,,0,130,,41561,42,,,0
2400,'5385',642,,56979,42,,,0,74,,56983,42,,,0,40,,56984,42,,,0,102,,56980,42,,,0,149,,56978,42,,,0,101,,56988,42,,,0,101,,56985,42,,,0,100,,56981,42,,,0,101,,56982,42,,,0,100,,56986,42,,,0,49,,56987,42,,,0,81,,56989,42,,,0,91,,56990,42,,,0,95,,56991,42,,,0,100,,56992,42,,,0,110,,56993,42,,,0,121,,56994,42,,,0,170,,56995,42,,,0,130,,56996,42,,,0
2500,'4332',805,,57092,49,,,0,110,,57090,49,,,0,116,,57094,49,,,0,102,,57088,49,,,0,100,,57086,49,,,0,99,,57087,49,,,0,100,,57089,49,,,0,100,,57093,49,,,0,99,,57091,49,,,0,100,,57095,49,,,0,102,,57096,49,,,0,123,,57097,49,,,0,161,,57098,49,,,0,127,,57099,49,,,0
2500,'4663',621,,57076,49,,,0,37,,57068,49,,,0,74,,57066,49,,,0,80,,57067,49,,,0,28,,57074,49,,,0,93,,57073,49,,,0,104,,57071,49,,,0,101,,57069,49,,,0,101,,57070,49,,,0,100,,57077,49,,,0,100,,57072,49,,,0,100,,57075,41,,,0,80,,57079,49,,,0,84,,57078,49,,,0,54,,57080,49,,,0,99,,57081,49,,,0,100,,57082,49,,,0,160,,57083,49,,,0,127,,57084,49,,,0
2500,'5078',756,,57103,49,,,0,171,,57101,49,,,0,130,,57102,49,,,0,170,,57104,49,,,0,173,,57105,49,,,0,130,,57106,49,,,0,170,,57107,49,,,0,127,,57108,49,,,0,130,,57109,49,,,0,159,,57110,49,,,0,127,,57111,49,,,0
2500,'5372',621,,41709,49,,,0,37,,41702,49,,,0,74,,41700,49,,,0,80,,41701,49,,,0,28,,41708,49,,,0,93,,41707,49,,,0,104,,41705,49,,,0,101,,41703,49,,,0,101,,41704,49,,,0,100,,41710,49,,,0,100,,41706,49,,,0,180,,41712,49,,,0,84,,41711,49,,,0,54,,41713,49,,,0,99,,41714,49,,,0,100,,41715,49,,,0,160,,41716,49,,,0,127,,41717,49,,,0
2500,'5373',1539,,41755,41,,,0
2500,'5385',621,,57121,49,,,0,37,,57114,49,,,0,74,,57112,49,,,0,80,,57113,49,,,0,28,,57120,49,,,0,93,,57119,49,,,0,104,,57117,49,,,0,101,,57115,49,,,0,101,,57116,49,,,0,100,,57122,49,,,0,100,,57118,49,,,0,180,,57124,49,,,0,84,,57123,49,,,0,54,,57125,49,,,0,99,,57126,49,,,0,100,,57127,49,,,0,160,,57128,49,,,0,127,,57129,49,,,0
2500,'5387',1539,,57131,41,,,0
2500,'5388',1539,,57132,41,,,0
