100,'4737',718,,5,21,,,0,83,,4,21,,,0,723,,3,23,,,0,88,,2,21,,,0,99,,1,21,,,0
100,'4744',718,,10,21,,,0,83,,9,21,,,0,723,,8,23,,,0,88,,7,21,,,0,99,,6,21,,,0
100,'4947',718,,15,21,,,0,83,,14,21,,,0,723,,13,23,,,0,88,,12,21,,,0,99,,11,21,,,0
200,'4487',620,,50,43,,,0,111,,53,43,,,0,124,,51,43,,,0,80,,39,43,,,0,88,,52,43,,,0,80,,37,43,,,0,40,,31,43,,,0,81,,38,43,,,0,80,,32,43,,,0,41,,45,43,,,0,81,,33,43,,,0,81,,36,43,,,0,40,,35,43,,,0,79,,34,43,,,0,79,,49,43,,,0,39,,48,43,,,0,74,,47,43,,,0,40,,41,43,,,0,75,,42,43,,,0,94,,44,43,,,0,80,,43,43,,,0,45,,59,43,,,0,80,,56,43,,,0,80,,55,43,,,0,37,,57,43,,,0,78,,54,43,,,0
200,'4737',615,,77,43,,,0,38,,69,43,,,0,60,,64,43,,,0,32,,78,43,,,0,72,,72,43,,,0,32,,63,43,,,0,71,,76,43,,,0,29,,73,43,,,0,86,,62,43,,,0,78,,65,43,,,0,42,,66,43,,,0,81,,75,43,,,0,80,,68,43,,,0,41,,67,43,,,0,80,,74,43,,,0,79,,70,43,,,0,35,,71,43,,,0,76,,79,43,,,0,77,,80,43,,,0,47,,82,43,,,0,72,,81,43,,,0,78,,86,43,,,0,49,,84,43,,,0,78,,85,43,,,0,82,,90,43,,,0,40,,89,43,,,0,78,,91,43,,,0,79,,92,43,,,0,39,,93,43,,,0,78,,94,43,,,0
200,'4740',620,,116,43,,,0,111,,119,43,,,0,124,,117,43,,,0,80,,105,43,,,0,88,,118,43,,,0,80,,103,43,,,0,40,,97,43,,,0,81,,104,43,,,0,80,,98,43,,,0,41,,111,43,,,0,81,,99,43,,,0,81,,102,43,,,0,40,,101,43,,,0,79,,100,43,,,0,79,,115,43,,,0,39,,114,43,,,0,74,,113,43,,,0,40,,107,43,,,0,75,,108,43,,,0,94,,110,43,,,0,80,,109,43,,,0,45,,125,43,,,0,80,,122,43,,,0,80,,121,43,,,0,37,,123,43,,,0,78,,120,43,,,0
200,'4744',615,,143,43,,,0,38,,135,43,,,0,60,,130,43,,,0,32,,144,43,,,0,72,,138,43,,,0,32,,129,43,,,0,71,,142,43,,,0,29,,139,43,,,0,86,,128,43,,,0,78,,131,43,,,0,42,,132,43,,,0,81,,141,43,,,0,80,,134,43,,,0,41,,133,43,,,0,80,,140,43,,,0,79,,136,43,,,0,35,,137,43,,,0,76,,145,43,,,0,77,,146,43,,,0,47,,148,43,,,0,72,,147,43,,,0,78,,152,43,,,0,49,,150,43,,,0,78,,151,43,,,0,82,,156,43,,,0,40,,155,43,,,0,78,,157,43,,,0,79,,158,43,,,0,39,,159,43,,,0,78,,160,43,,,0
200,'4745',716,,184,43,,,0,122,,183,43,,,0,162,,182,43,,,0,101,,163,43,,,0,41,,181,43,,,0,81,,169,43,,,0,80,,167,43,,,0,40,,162,43,,,0,82,,164,43,,,0,80,,175,43,,,0,40,,170,43,,,0,80,,165,43,,,0,79,,168,43,,,0,39,,166,43,,,0,74,,176,43,,,0,39,,172,43,,,0,94,,177,43,,,0,80,,173,43,,,0,80,,179,43,,,0,38,,180,43,,,0,80,,178,43,,,0,79,,185,43,,,0,39,,186,43,,,0
200,'4947',615,,203,43,,,0,38,,195,43,,,0,60,,190,43,,,0,32,,204,43,,,0,72,,198,43,,,0,32,,189,43,,,0,71,,202,43,,,0,29,,199,43,,,0,86,,188,43,,,0,78,,191,43,,,0,42,,192,43,,,0,81,,201,43,,,0,80,,194,43,,,0,41,,193,43,,,0,80,,200,43,,,0,79,,196,43,,,0,35,,197,43,,,0,76,,205,43,,,0,77,,206,43,,,0,47,,208,43,,,0,72,,207,43,,,0,78,,212,43,,,0,49,,210,43,,,0,78,,211,43,,,0,82,,216,43,,,0,40,,215,43,,,0,78,,217,43,,,0,79,,218,43,,,0,39,,219,43,,,0,78,,220,43,,,0
200,'4954',716,,244,43,,,0,122,,243,43,,,0,162,,242,43,,,0,101,,223,43,,,0,41,,241,43,,,0,81,,229,43,,,0,80,,227,43,,,0,40,,222,43,,,0,82,,224,43,,,0,80,,235,43,,,0,40,,230,43,,,0,80,,225,43,,,0,79,,228,43,,,0,39,,226,43,,,0,74,,236,43,,,0,39,,232,43,,,0,94,,237,43,,,0,80,,233,43,,,0,80,,239,43,,,0,38,,240,43,,,0,80,,238,43,,,0,79,,245,43,,,0,39,,246,43,,,0
