801,'4332',742,,54679,40,0,8 9,0,85,,54680,40,0,8 9,0,86,,54681,40,0,8 9,0,87,,54682,40,0,8 9,0,45,,54683,40,0,8 9,0,93,,54684,40,0,8 9,0,89,,54685,40,0,8 9,0,91,,54686,40,0,8 9,0,93,,54678,40,0,8 9,0,90,,54687,40,0,8 9,0,52,,54688,40,0,8 9,0,90,,54689,40,0,8 9,0,88,,54690,40,0,8 9,0,85,,54691,40,0,8 9,0,42,,54692,40,0,8 9,0
801,'4663',711,,54654,40,,,0,36,,54655,40,,,0,65,,54656,40,,,0,27,,54657,40,,,0,75,,54658,40,,,0,44,,54653,40,,,0,84,,54659,40,,,0,73,,54675,40,,,0,42,,54660,40,,,0,86,,54661,40,,,0,79,,54662,40,,,0,85,,54663,40,,,0,51,,54664,40,,,0,69,,54665,40,0,8 9,0,17,,54666,40,,,0,74,,54676,40,,,0,33,,54667,40,,,0,73,,54668,40,,,0,78,,54669,40,,,0,29,,54677,40,,,0,70,,54670,40,,,0,33,,54671,40,,,0,85,,54672,40,,,0,97,,54673,40,,,0,43,,54674,40,,,0
801,'5078',959,,54694,40,0,8 9,0,86,,54695,40,0,8 9,0,91,,54696,40,0,8 9,0,89,,54697,40,0,8 9,0,91,,54693,40,0,8 9,0,93,,54698,40,0,8 9,0,50,,54699,40,0,8 9,0,92,,54700,40,0,8 9,0,89,,54701,40,0,8 9,0,89,,54702,40,0,8 9,0,86,,54703,40,0,8 9,0
801,'5372',711,,38812,40,,,0,36,,49031,40,,,0,65,,38814,40,,,0,27,,38815,40,,,0,75,,38816,40,,,0,44,,49030,40,,,0,84,,38817,40,,,0,73,,38833,40,,,0,42,,49032,40,,,0,86,,38819,40,,,0,79,,38820,40,,,0,85,,49033,40,,,0,51,,38822,40,,,0,69,,38823,40,0,8 9,0,17,,38824,40,,,0,74,,38834,40,,,0,33,,38825,40,,,0,73,,38826,40,,,0,78,,38827,40,,,0,29,,38835,40,,,0,70,,38828,40,,,0,33,,38829,40,,,0,85,,38830,40,,,0,97,,38831,40,,,0,43,,38832,40,,,0
801,'5385',711,,54705,40,,,0,36,,54706,40,,,0,65,,54707,40,,,0,27,,54708,40,,,0,75,,54709,40,,,0,44,,54704,40,,,0,84,,54710,40,,,0,73,,54726,40,,,0,42,,54711,40,,,0,86,,54712,40,,,0,79,,54713,40,,,0,85,,54714,40,,,0,51,,54715,40,,,0,69,,54716,40,0,8 9,0,17,,54717,40,,,0,74,,54727,40,,,0,33,,54718,40,,,0,73,,54719,40,,,0,78,,54720,40,,,0,29,,54728,40,,,0,70,,54721,40,,,0,33,,54722,40,,,0,85,,54723,40,,,0,97,,54724,40,,,0,43,,54725,40,,,0
901,'4663',1715,,54735,29,,,0,40,,54733,29,,,0
901,'5372',1715,,38904,29,,,0,40,,38902,29,,,0
901,'5385',1715,,54738,29,,,0,40,,54736,29,,,0
2501,'4332',759,,57155,66,,,0,142,,57152,66,,,0,107,,57154,66,,,0,103,,57153,66,,,0,99,,57161,66,,,0,95,,57158,66,,,0,100,,57157,66,,,0,99,,57156,66,,,0,100,,57159,66,,,0,101,,57160,66,,,0,117,,57162,66,,,0,127,,57163,66,,,0,165,,57164,66,,,0,129,,57165,66,,,0,169,,57166,66,,,0
2501,'4663',658,,57137,66,,,0,81,,57140,66,,,0,120,,57133,66,,,0,150,,57143,66,,,0,101,,57139,66,,,0,101,,57136,66,,,0,100,,57135,66,,,0,101,,57138,66,,,0,119,,57142,66,,,0,94,,57141,66,,,0,91,,57144,66,,,0,36,,57145,66,,,0,83,,57146,66,,,0,82,,57147,66,,,0,92,,57148,66,,,0,103,,57149,66,,,0,130,,57150,66,,,0,168,,57151,66,,,0
2501,'5078',917,,57168,66,,,0,132,,57167,66,,,0,170,,57169,66,,,0,131,,57170,66,,,0,172,,57171,66,,,0,131,,57172,66,,,0,166,,57173,66,,,0,129,,57174,66,,,0,169,,57175,66,,,0,123,,57176,66,,,0,169,,57177,66,,,0
2501,'5372',658,,41782,66,,,0,81,,41785,66,,,0,120,,41778,66,,,0,150,,41788,66,,,0,101,,41784,66,,,0,101,,41781,66,,,0,100,,41780,66,,,0,101,,41783,66,,,0,119,,41787,66,,,0,94,,41786,66,,,0,127,,41789,66,,,0,83,,41790,66,,,0,82,,41791,66,,,0,92,,41792,66,,,0,103,,41793,66,,,0,130,,41794,66,,,0,168,,41795,66,,,0
2501,'5373',1716,,41831,66,,,0
2501,'5385',658,,57182,66,,,0,81,,57185,66,,,0,120,,57178,66,,,0,150,,57188,66,,,0,101,,57184,66,,,0,101,,57181,66,,,0,100,,57180,66,,,0,101,,57183,66,,,0,119,,57187,66,,,0,94,,57186,66,,,0,127,,57189,66,,,0,83,,57190,66,,,0,82,,57191,66,,,0,92,,57192,66,,,0,103,,57193,66,,,0,130,,57194,66,,,0,168,,57195,66,,,0
2501,'5387',1716,,57196,66,,,0
2501,'5388',1716,,57197,66,,,0
2600,'4332',639,,57276,14,,,0,71,,57277,14,,,0,30,,57278,14,,,0,18,,57279,14,,,0,57,,57280,14,,,0,17,,57281,14,,,0,17,,57282,14,,,0,57,,57283,14,,,0,17,,57284,14,,,0,17,,57285,14,,,0,17,,57286,14,,,0,57,,57287,14,,,0,17,,57288,14,,,0,18,,57289,14,,,0,58,,57290,14,,,0,17,,57275,14,,,0,18,,57291,14,,,0,59,,57292,14,,,0,17,,57293,14,,,0,17,,57294,14,,,0,17,,57295,14,,,0,57,,57296,14,,,0,17,,57297,14,,,0,17,,57298,14,,,0,58,,57299,14,,,0,16,,57300,14,,,0,16,,57301,14,,,0,17,,57302,14,,,0,57,,57303,14,,,0,17,,57304,14,,,0,17,,57305,14,,,0,17,,57306,14,,,0,56,,57307,14,,,0,15,,57308,14,,,0,15,,57309,14,,,0,56,,57310,14,,,0,16,,57311,14,,,0,16,,57312,14,,,0,16,,57313,14,,,0,57,,57314,14,,,0,17,,57315,14,,,0,20,,57316,14,,,0,59,,57317,14,,,0,20,,57318,14,,,0,20,,57319,14,,,0,60,,57320,14,,,0,20,,57321,14,,,0,20,,57322,14,,,0,60,,57323,14,,,0,20,,57324,14,,,0,25,,57325,14,,,0,70,,57326,14,,,0,30,,57327,14,,,0,71,,57328,14,,,0,30,,57329,14,,,0,70,,57330,14,,,0,30,,57331,14,,,0,101,,57332,14,,,0
2600,'4663',555,,57211,14,,,0,68,,57198,14,,,0,22,,57199,14,,,0,58,,57208,14,,,0,11,,57209,14,,,0,15,,57202,14,,,0,6,,57213,14,,,0,7,,57207,14,,,0,7,,57268,14,,,0,8,,57205,14,,,0,56,,57210,14,,,0,16,,57204,14,,,0,16,,57212,14,,,0,56,,57200,14,,,0,16,,57201,14,,,0,16,,57214,14,,,0,16,,57215,14,,,0,56,,57203,14,,,0,16,,57216,14,,,0,14,,57227,14,,,0,15,,57217,14,,,0,55,,57218,14,,,0,17,,57222,14,,,0,14,,57241,14,,,0,16,,57233,14,,,0,56,,57229,14,,,0,15,,57237,14,,,0,14,,57228,14,,,0,15,,57219,14,,,0,55,,57224,14,,,0,15,,57240,14,,,0,15,,57221,14,,,0,15,,57220,14,,,0,55,,57242,14,,,0,13,,57223,14,,,0,13,,57231,14,,,0,12,,57225,14,,,0,10,,57226,14,,,0,53,,57230,14,,,0,14,,57270,14,,,0,12,,57235,14,,,0,12,,57239,14,,,0,12,,57236,14,,,0,52,,57232,14,,,0,13,,57234,14,,,0,11,,57238,14,,,0,12,,57247,14,,,0,13,,57244,14,,,0,51,,57245,14,,,0,14,,57246,14,,,0,14,,57269,14,,,0,15,,57243,14,,,0,53,,57264,14,,,0,15,,57265,14,,,0,15,,57248,14,,,0,15,,57253,14,,,0,55,,57256,14,,,0,15,,57259,14,,,0,20,,57250,14,,,0,60,,57260,14,,,0,20,,57251,14,,,0,20,,57252,14,,,0,60,,57249,14,,,0,19,,57263,14,,,0,23,,57257,14,,,0,73,,57254,14,,,0,30,,57262,14,,,0,70,,57267,14,,,0,29,,57266,14,,,0,71,,57261,14,,,0,30,,57255,14,,,0,100,,57258,14,,,0
2600,'5078',703,,57349,14,,,0,27,,57357,14,,,0,21,,57339,14,,,0,63,,57333,14,,,0,23,,57351,14,,,0,20,,57358,14,,,0,67,,57340,14,,,0,22,,57334,14,,,0,60,,57352,14,,,0,24,,57343,14,,,0,20,,57335,14,,,0,58,,57341,14,,,0,18,,57337,14,,,0,19,,57350,14,,,0,59,,57338,14,,,0,20,,57355,14,,,0,18,,57336,14,,,0,58,,57353,14,,,0,18,,57345,14,,,0,18,,57348,14,,,0,20,,57346,14,,,0,58,,57356,14,,,0,17,,57342,14,,,0,18,,57354,14,,,0,58,,57344,14,,,0,17,,57347,14,,,0,18,,57363,14,,,0,58,,57367,14,,,0,17,,57360,14,,,0,18,,57369,14,,,0,18,,57362,14,,,0,58,,57365,14,,,0,17,,57361,14,,,0,17,,57370,14,,,0,56,,57359,14,,,0,20,,57368,14,,,0,19,,57364,14,,,0,60,,57366,14,,,0,19,,57374,14,,,0,20,,57372,14,,,0,19,,57376,14,,,0,60,,57373,14,,,0,20,,57375,14,,,0,20,,57377,14,,,0,60,,57371,14,,,0,30,,57379,14,,,0,69,,57378,14,,,0,30,,57380,14,,,0,70,,57381,14,,,0
2600,'5372',555,,41867,14,,,0,68,,41854,14,,,0,22,,41855,14,,,0,58,,41864,14,,,0,11,,41865,14,,,0,15,,41858,14,,,0,6,,41869,14,,,0,7,,41863,14,,,0,7,,41922,14,,,0,8,,41861,14,,,0,56,,50147,14,,,0,16,,41860,14,,,0,16,,41868,14,,,0,56,,41856,14,,,0,16,,41857,14,,,0,16,,41870,14,,,0,16,,41871,14,,,0,56,,41859,14,,,0,16,,41872,14,,,0,14,,41883,14,,,0,15,,41873,14,,,0,55,,41874,14,,,0,17,,41878,14,,,0,14,,50149,14,,,0,16,,41889,14,,,0,56,,41885,14,,,0,15,,41893,14,,,0,14,,41884,14,,,0,15,,41875,14,,,0,55,,41880,14,,,0,15,,41896,14,,,0,15,,41877,14,,,0,15,,51667,14,,,0,55,,41898,14,,,0,13,,41879,14,,,0,13,,41887,14,,,0,12,,41881,14,,,0,10,,41882,14,,,0,53,,41886,14,,,0,14,,41924,14,,,0,12,,41891,14,,,0,12,,41895,14,,,0,12,,50148,14,,,0,52,,41888,14,,,0,13,,41890,14,,,0,11,,41894,14,,,0,12,,41903,14,,,0,13,,41900,14,,,0,51,,41901,14,,,0,14,,41902,14,,,0,14,,41923,14,,,0,15,,41899,14,,,0,53,,41918,14,,,0,15,,41919,14,,,0,15,,41904,14,,,0,15,,41909,14,,,0,55,,41912,14,,,0,15,,41914,14,,,0,20,,41906,14,,,0,60,,41915,14,,,0,20,,41907,14,,,0,20,,50150,14,,,0,60,,41905,14,,,0,42,,41913,14,,,0,73,,50151,14,,,0,30,,41917,14,,,0,70,,41921,14,,,0,29,,41920,14,,,0,71,,41916,14,,,0,30,,41911,14,,,0
2600,'5373',2120,,57273,14,,,0
2600,'5385',555,,57395,14,,,0,68,,57382,14,,,0,22,,57383,14,,,0,58,,57392,14,,,0,11,,57393,14,,,0,15,,57386,14,,,0,6,,57397,14,,,0,7,,57391,14,,,0,7,,57450,14,,,0,8,,57389,14,,,0,56,,57394,14,,,0,16,,57388,14,,,0,16,,57396,14,,,0,56,,57384,14,,,0,16,,57385,14,,,0,16,,57398,14,,,0,16,,57399,14,,,0,56,,57387,14,,,0,16,,57400,14,,,0,14,,57411,14,,,0,15,,57401,14,,,0,55,,57402,14,,,0,17,,57406,14,,,0,14,,57425,14,,,0,16,,57417,14,,,0,56,,57413,14,,,0,15,,57421,14,,,0,14,,57412,14,,,0,15,,57403,14,,,0,55,,57408,14,,,0,15,,57424,14,,,0,15,,57405,14,,,0,15,,57404,14,,,0,55,,57426,14,,,0,13,,57407,14,,,0,13,,57415,14,,,0,12,,57409,14,,,0,10,,57410,14,,,0,53,,57414,14,,,0,14,,57452,14,,,0,12,,57419,14,,,0,12,,57423,14,,,0,12,,57420,14,,,0,52,,57416,14,,,0,13,,57418,14,,,0,11,,57422,14,,,0,12,,57431,14,,,0,13,,57428,14,,,0,51,,57429,14,,,0,14,,57430,14,,,0,14,,57451,14,,,0,15,,57427,14,,,0,53,,57446,14,,,0,15,,57447,14,,,0,15,,57432,14,,,0,15,,57437,14,,,0,55,,57440,14,,,0,15,,57442,14,,,0,20,,57434,14,,,0,60,,57443,14,,,0,20,,57435,14,,,0,20,,57436,14,,,0,60,,57433,14,,,0,42,,57441,14,,,0,73,,57438,14,,,0,30,,57445,14,,,0,70,,57449,14,,,0,29,,57448,14,,,0,71,,57444,14,,,0,30,,57439,14,,,0
2600,'5387',2120,,57455,14,,,0
2600,'5388',2120,,57456,14,,,0
