801,'4663',716,,54654,46,,,0,37,,54655,46,,,0,66,,54656,46,,,0,26,,54657,46,,,0,75,,54658,46,,,0,83,,54653,46,,,0,44,,54659,46,,,0,73,,54675,46,,,0,82,,54660,46,,,0,46,,54661,46,,,0,81,,54662,46,,,0,85,,54663,46,,,0,91,,54664,46,,,0,46,,54666,46,,,0,74,,54676,46,,,0,33,,54667,46,,,0,73,,54668,46,,,0,76,,54669,46,,,0,29,,54677,46,,,0,70,,54670,46,,,0,33,,54671,46,,,0,85,,54672,46,,,0,97,,54673,46,,,0,83,,54674,46,,,0
801,'5372',716,,38812,46,,,0,37,,49031,46,,,0,66,,38814,46,,,0,26,,38815,46,,,0,75,,38816,46,,,0,83,,49030,46,,,0,44,,38817,46,,,0,73,,38833,46,,,0,82,,49032,46,,,0,46,,38819,46,,,0,81,,38820,46,,,0,85,,49033,46,,,0,91,,38822,46,,,0,46,,38824,46,,,0,74,,38834,46,,,0,33,,38825,46,,,0,73,,38826,46,,,0,76,,38827,46,,,0,29,,38835,46,,,0,70,,38828,46,,,0,33,,38829,46,,,0,85,,38830,46,,,0,97,,38831,46,,,0,83,,38832,46,,,0
801,'5385',716,,54705,46,,,0,37,,54706,46,,,0,66,,54707,46,,,0,26,,54708,46,,,0,75,,54709,46,,,0,83,,54704,46,,,0,44,,54710,46,,,0,73,,54726,46,,,0,82,,54711,46,,,0,46,,54712,46,,,0,81,,54713,46,,,0,85,,54714,46,,,0,91,,54715,46,,,0,46,,54717,46,,,0,74,,54727,46,,,0,33,,54718,46,,,0,73,,54719,46,,,0,76,,54720,46,,,0,29,,54728,46,,,0,70,,54721,46,,,0,33,,54722,46,,,0,85,,54723,46,,,0,97,,54724,46,,,0,83,,54725,46,,,0
901,'4663',1720,,54735,35,,,0,80,,54733,35,,,0
901,'5372',1720,,38904,35,,,0,80,,38902,35,,,0
901,'5385',1720,,54738,35,,,0,80,,54736,35,,,0
2100,'4332',722,,56491,20,0,17,0,86,,56498,20,0,17,0,40,,56482,20,0,18 19,0,71,,56492,20,0,17,0,39,,56475,20,0,17,0,70,,56493,20,0,17,0,73,,56477,20,0,17,0,31,,56487,20,0,17,0,70,,56472,20,0,17,0,32,,56473,20,0,18 19,0,70,,56494,20,0,17,0,31,,56478,20,0,17,0,70,,56486,20,0,17,0,28,,56474,20,0,18 19,0,72,,56476,20,0,17,0,30,,56495,20,0,17,0,69,,56479,20,0,17,0,30,,56488,20,0,18 19,0,70,,56480,20,0,17,0,30,,56481,20,0,17,0,69,,56497,20,0,17,0,30,,56483,20,0,18 19,0,68,,56489,20,0,17,0,29,,56484,20,0,17,0,28,,56485,20,0,17,0,68,,56496,20,0,17,0,30,,56490,20,0,17,0
2100,'4663',634,,56450,20,0,50 51 52,0,70,,56435,20,0,50 51 52,0,18,,56452,20,0,50 51 52,0,16,,56437,20,0,50 51 52,0,17,,56454,20,0,50 51 52,0,53,,56433,20,0,50 51 52,0,17,,56448,20,0,50 51 52,0,15,,56436,20,0,50 51 52,0,60,,56463,20,0,50 51 52,0,18,,56434,20,0,50 51 52,0,18,,56444,20,0,50 51 52,0,65,,56455,20,0,50 51 52,0,26,,56470,20,0,50 51 52,0,30,,56468,20,0,50 51 52,0,70,,56467,20,0,18 19,0,31,,56446,20,0,50 51 52,0,71,,56471,20,0,50 51 52,0,30,,56465,20,0,50 51 52,0,71,,56466,20,0,50 51 52,0,71,,56469,20,0,50 51 52,0,30,,56445,20,0,50 51 52,0,71,,56449,20,0,50 51 52,0,21,,56440,20,0,50 51 52,0,19,,56456,20,0,50 51 52,0,60,,56438,20,0,50 51 52,0,20,,56451,20,0,50 51 52,0,17,,56441,20,0,18 19,0,18,,56453,20,0,50 51 52,0,58,,56439,20,0,50 51 52,0,18,,56443,20,0,50 51 52,0,19,,56447,20,0,17,0,55,,56442,20,0,17,0,16,,56460,20,0,17,0,32,,56457,20,0,17,0,69,,56462,20,0,17,0,29,,56464,20,0,17,0,73,,56458,20,0,17,0,29,,56459,20,0,17,0
2100,'5078',748,,56516,20,0,17,0,75,,56515,20,0,17,0,85,,56503,20,0,18 19,0,37,,56514,20,0,17,0,84,,56517,20,0,17,0,30,,56499,20,0,17,0,70,,56502,20,0,17,0,30,,56505,20,0,17,0,70,,56501,20,0,18 19,0,71,,56504,20,0,17,0,30,,56500,20,0,17,0,70,,56506,20,0,17,0,31,,56507,20,0,18 19,0,70,,56509,20,0,17,0,30,,56510,20,0,17,0,70,,56508,20,0,17,0,30,,56513,20,0,18 19,0,70,,56511,20,0,17,0,30,,56512,20,0,17,0,69,,56518,20,0,17,0,29,,56519,20,0,18 19,0,28,,56521,20,0,17,0,69,,56520,20,0,17,0,30,,56523,20,0,17,0,70,,56522,20,0,17,0
2100,'5372',634,,40959,20,0,50 51 52,0,70,,40944,20,0,50 51 52,0,18,,40961,20,0,50 51 52,0,16,,40946,20,0,50 51 52,0,17,,40963,20,0,50 51 52,0,53,,40942,20,0,50 51 52,0,17,,40957,20,0,50 51 52,0,15,,40945,20,0,50 51 52,0,60,,40972,20,0,50 51 52,0,18,,40943,20,0,50 51 52,0,18,,40953,20,0,50 51 52,0,65,,40964,20,0,50 51 52,0,26,,40979,20,0,50 51 52,0,30,,40977,20,0,50 51 52,0,70,,40976,20,0,18 19,0,31,,40955,20,0,50 51 52,0,71,,40980,20,0,50 51 52,0,30,,40974,20,0,50 51 52,0,71,,51661,20,0,50 51 52,0,71,,40978,20,0,50 51 52,0,30,,40954,20,0,50 51 52,0,71,,40958,20,0,50 51 52,0,21,,40949,20,0,50 51 52,0,19,,40965,20,0,50 51 52,0,60,,40947,20,0,50 51 52,0,20,,40960,20,0,50 51 52,0,17,,40950,20,0,18 19,0,18,,40962,20,0,50 51 52,0,58,,40948,20,0,50 51 52,0,18,,40952,20,0,50 51 52,0,19,,40956,20,0,17,0,55,,40951,20,0,17,0,16,,40969,20,0,17,0,32,,40966,20,0,17,0,69,,40971,20,0,17,0,29,,40973,20,0,17,0,73,,40967,20,0,17,0,29,,40968,20,0,17,0
2100,'5385',634,,56541,20,0,50 51 52,0,70,,56526,20,0,50 51 52,0,18,,56543,20,0,50 51 52,0,16,,56528,20,0,50 51 52,0,17,,56545,20,0,50 51 52,0,53,,56524,20,0,50 51 52,0,17,,56539,20,0,50 51 52,0,15,,56527,20,0,50 51 52,0,60,,56554,20,0,50 51 52,0,18,,56525,20,0,50 51 52,0,18,,56535,20,0,50 51 52,0,65,,56546,20,0,50 51 52,0,26,,56561,20,0,50 51 52,0,30,,56559,20,0,50 51 52,0,70,,56558,20,0,18 19,0,31,,56537,20,0,50 51 52,0,71,,56562,20,0,50 51 52,0,30,,56556,20,0,50 51 52,0,71,,56557,20,0,50 51 52,0,71,,56560,20,0,50 51 52,0,30,,56536,20,0,50 51 52,0,71,,56540,20,0,50 51 52,0,21,,56531,20,0,50 51 52,0,19,,56547,20,0,50 51 52,0,60,,56529,20,0,50 51 52,0,20,,56542,20,0,50 51 52,0,17,,56532,20,0,18 19,0,18,,56544,20,0,50 51 52,0,58,,56530,20,0,50 51 52,0,18,,56534,20,0,50 51 52,0,19,,56538,20,0,17,0,55,,56533,20,0,17,0,16,,56551,20,0,17,0,32,,56548,20,0,17,0,69,,56553,20,0,17,0,29,,56555,20,0,17,0,73,,56549,20,0,17,0,29,,56550,20,0,17,0
