4000,'4487',723,,11789,19,,,0,132,,11790,19,,,0,100,,11780,19,,,0,100,,11783,19,,,0,100,,11785,19,,,0,101,,11791,19,,,0,101,,11781,19,,,0,101,,11782,19,,,0,100,,11786,19,,,0,100,,11792,19,,,0,98,,11784,19,,,0,98,,11788,19,,,0,100,,11787,19,,,0,95,,11793,19,,,0
4000,'4737',644,,11807,19,,,0,84,,11798,19,,,0,24,,11803,19,,,0,68,,11808,19,,,0,111,,11796,19,,,0,98,,11805,19,,,0,100,,11799,19,,,0,100,,11806,19,,,0,100,,11797,19,,,0,99,,11809,19,,,0,104,,11801,19,,,0,76,,11794,19,,,0,36,,11810,19,,,0,64,,11795,19,,,0,33,,11800,19,,,0,97,,11811,19,,,0,99,,11802,19,,,0,170,,11804,19,,,0,344,,11812,19,,,0
4000,'4740',723,,11822,19,,,0,132,,11823,19,,,0,100,,11813,19,,,0,100,,11816,19,,,0,100,,11818,19,,,0,101,,11824,19,,,0,101,,11814,19,,,0,101,,11815,19,,,0,100,,11819,19,,,0,100,,11825,19,,,0,98,,11817,19,,,0,98,,11821,19,,,0,100,,11820,19,,,0,95,,11826,19,,,0
4000,'4744',644,,11840,19,,,0,84,,11831,19,,,0,24,,11836,19,,,0,68,,11841,19,,,0,111,,11829,19,,,0,98,,11838,19,,,0,100,,11832,19,,,0,100,,11839,19,,,0,100,,11830,19,,,0,99,,11842,19,,,0,104,,11834,19,,,0,76,,11827,19,,,0,36,,11843,19,,,0,64,,11828,19,,,0,33,,11833,19,,,0,97,,11844,19,,,0,99,,11835,19,,,0,170,,11837,19,,,0,344,,11845,19,,,0
4000,'4745',820,,11847,19,,,0,135,,11846,19,,,0,100,,11848,19,,,0,100,,11849,19,,,0,101,,11850,19,,,0,101,,11851,19,,,0,101,,11854,19,,,0,100,,11853,19,,,0,100,,11852,19,,,0,98,,11855,19,,,0,98,,11856,19,,,0,100,,11857,19,,,0
4000,'4947',644,,11871,19,,,0,84,,11862,19,,,0,24,,11867,19,,,0,68,,11872,19,,,0,111,,11860,19,,,0,98,,11869,19,,,0,100,,11863,19,,,0,100,,11870,19,,,0,100,,11861,19,,,0,99,,11873,19,,,0,104,,11865,19,,,0,76,,11858,19,,,0,36,,11874,19,,,0,64,,11859,19,,,0,33,,11864,19,,,0,97,,11875,19,,,0,99,,11866,19,,,0,170,,11868,19,,,0,344,,11876,19,,,0
4000,'4954',820,,11878,19,,,0,135,,11877,19,,,0,100,,11879,19,,,0,100,,11880,19,,,0,101,,11881,19,,,0,101,,11882,19,,,0,101,,11885,19,,,0,100,,11884,19,,,0,100,,11883,19,,,0,98,,11886,19,,,0,98,,11887,19,,,0,100,,11888,19,,,0
24005100,'4737',630,,18091,15,,,0,70,,18089,20,,,0,19,,18083,20,,,0,11,,18081,20,,,0,16,,18080,20,,,0,67,,18078,20,,,0,10,,18076,20,,,0,33,,18087,20,,,0,146,,18085,20,,,0,100,,18090,20,,,0,100,,18086,20,,,0,100,,18088,20,,,0,101,,18084,20,,,0,102,,18077,20,,,0,107,,18092,20,,,0,25,,18082,20,,,0,70,,18079,20,,,0
24005100,'4744',630,,18108,15,,,0,70,,18106,20,,,0,19,,18100,20,,,0,11,,18098,20,,,0,16,,18097,20,,,0,67,,18095,20,,,0,10,,18093,20,,,0,33,,18104,20,,,0,146,,18102,20,,,0,100,,18107,20,,,0,100,,18103,20,,,0,100,,18105,20,,,0,101,,18101,20,,,0,102,,18094,20,,,0,107,,18109,20,,,0,25,,18099,20,,,0,70,,18096,20,,,0
24005100,'4947',630,,18125,15,,,0,70,,18123,20,,,0,19,,18117,20,,,0,11,,18115,20,,,0,16,,18114,20,,,0,67,,18112,20,,,0,10,,18110,20,,,0,33,,18121,20,,,0,146,,18119,20,,,0,100,,18124,20,,,0,100,,18120,20,,,0,100,,18122,20,,,0,101,,18118,20,,,0,102,,18111,20,,,0,107,,18126,20,,,0,25,,18116,20,,,0,70,,18113,20,,,0
