2701,'4663',536,,57911,24,,,0,81,,57910,24,,,0,26,,57916,24,,,0,62,,57923,24,,,0,31,,57941,24,,,0,67,,57917,24,,,0,24,,57951,24,,,0,30,,57952,24,,,0,60,,57930,24,,,0,22,,57969,24,,,0,62,,57950,24,,,0,25,,57924,24,,,0,27,,57913,24,,,0,65,,57912,24,,,0,27,,57914,24,,,0,67,,57915,24,,,0,27,,57929,24,,,0,67,,57949,24,,,0,26,,57918,24,,,0,26,,57919,24,,,0,64,,57958,24,,,0,3,,57922,24,,,0,25,,57920,24,,,0,68,,57921,24,,,0,87,,57942,24,,,0,33,,57959,24,,,0,71,,57961,24,,,0,31,,57943,24,,,0,68,,57935,24,,,0,13,,57933,24,,,0,13,,57962,24,,,0,14,,57936,24,,,0,55,,57937,24,,,0,14,,57938,24,,,0,21,,57939,24,,,0,63,,57940,24,,,0,26,,57945,24,,,0,28,,57946,24,,,0,69,,57947,24,,,0,27,,57948,24,,,0,69,,57944,24,,,0,29,,57954,24,,,0,75,,57957,24,,,0,79,,57955,24,,,0,37,,57956,24,,,0,82,,57966,24,,,0,80,,57967,24,,,0
2701,'5372',536,,42696,24,,,0,81,,42695,24,,,0,26,,42701,24,,,0,62,,42708,24,,,0,31,,42725,24,,,0,67,,42702,24,,,0,24,,42734,24,,,0,30,,42735,24,,,0,60,,42715,24,,,0,22,,57976,24,,,0,62,,42733,24,,,0,25,,42709,24,,,0,27,,57970,24,,,0,65,,42697,24,,,0,27,,42699,24,,,0,67,,42700,24,,,0,27,,57974,24,,,0,67,,42732,24,,,0,26,,42703,24,,,0,26,,57971,24,,,0,67,,42707,24,,,0,25,,42705,24,,,0,68,,42706,24,,,0,31,,42745,24,,,0,56,,42726,24,,,0,33,,51681,24,,,0,71,,42742,24,,,0,31,,57975,24,,,0,68,,42720,24,,,0,13,,42718,24,,,0,27,,42721,24,,,0,55,,42722,24,,,0,14,,42723,24,,,0,21,,42724,24,,,0,89,,42729,24,,,0,28,,42730,24,,,0,96,,42731,24,,,0,69,,42728,24,,,0,104,,42739,24,,,0,79,,42737,24,,,0,37,,42738,24,,,0
2701,'5373',1834,,42864,24,,,0,167,,42861,24,,,0,123,,42862,24,,,0,125,,42863,24,,,0
2701,'5377',709,,42865,24,,,0,42,,42866,24,,,0,70,,42867,24,,,0,29,,42868,24,,,0,72,,42869,24,,,0,31,,42870,24,,,0,69,,42871,24,,,0,29,,42872,24,,,0,67,,42873,24,,,0,27,,42874,24,,,0,65,,42875,24,,,0,25,,42876,24,,,0,23,,42877,24,,,0,64,,42878,24,,,0,22,,42879,24,,,0,64,,42880,24,,,0,23,,42881,24,,,0,23,,42882,24,,,0,63,,42883,24,,,0,23,,42884,24,,,0,63,,42885,24,,,0,23,,42886,24,,,0,21,,42887,24,,,0,63,,42888,24,,,0,23,,42889,24,,,0,23,,42890,24,,,0,62,,42891,24,,,0,22,,42892,24,,,0,64,,42893,24,,,0,25,,42894,24,,,0,25,,42895,24,,,0,68,,42896,24,,,0,29,,42897,24,,,0,70,,42898,24,,,0,30,,42899,24,,,0,75,,42900,24,,,0,81,,42901,24,,,0,39,,42902,24,,,0
2701,'5381',1834,,42810,24,,,0,167,,42807,24,,,0,123,,42808,24,,,0,125,,42809,24,,,0
2701,'5383',639,,57977,24,,,0,77,,57978,24,,,0,31,,57979,24,,,0,71,,57980,24,,,0,30,,57981,24,,,0,67,,57982,24,,,0,28,,57983,24,,,0,67,,57984,24,,,0,26,,57985,24,,,0,67,,57986,24,,,0,22,,57987,24,,,0,23,,57988,24,,,0,63,,57989,24,,,0,22,,57990,24,,,0,23,,57993,24,,,0,62,,57992,24,,,0,23,,57994,24,,,0,63,,57991,24,,,0,23,,57995,24,,,0,23,,57996,24,,,0,60,,57997,24,,,0,21,,57998,24,,,0,21,,57999,24,,,0,60,,58000,24,,,0,21,,58001,24,,,0,20,,58002,24,,,0,59,,58003,24,,,0,20,,58004,24,,,0,19,,58005,24,,,0,61,,58006,24,,,0,20,,58007,24,,,0,20,,58008,24,,,0,60,,58009,24,,,0,20,,58010,24,,,0,26,,58011,24,,,0,66,,58012,24,,,0,29,,58013,24,,,0,70,,58014,24,,,0,28,,58015,24,,,0,70,,58016,24,,,0,30,,58017,24,,,0,71,,58018,24,,,0,31,,58019,24,,,0,70,,58020,24,,,0,30,,58021,24,,,0,68,,58022,24,,,0,28,,58023,24,,,0,70,,58024,24,,,0
2701,'5384',709,,58027,24,,,0,42,,58028,24,,,0,70,,58029,24,,,0,29,,58030,24,,,0,72,,58031,24,,,0,31,,58032,24,,,0,69,,58033,24,,,0,29,,58034,24,,,0,67,,58035,24,,,0,27,,58036,24,,,0,65,,58037,24,,,0,25,,58038,24,,,0,23,,58039,24,,,0,64,,58040,24,,,0,22,,58041,24,,,0,64,,58042,24,,,0,23,,58043,24,,,0,23,,58044,24,,,0,63,,58045,24,,,0,23,,58046,24,,,0,63,,58047,24,,,0,23,,58048,24,,,0,21,,58049,24,,,0,63,,58050,24,,,0,23,,58051,24,,,0,23,,58052,24,,,0,62,,58053,24,,,0,22,,58054,24,,,0,64,,58055,24,,,0,25,,58056,24,,,0,25,,58057,24,,,0,68,,58058,24,,,0,29,,58059,24,,,0,70,,58060,24,,,0,30,,58061,24,,,0,75,,58062,24,,,0,81,,58063,24,,,0,39,,58064,24,,,0
2701,'5385',536,,58067,24,,,0,81,,58066,24,,,0,26,,58072,24,,,0,62,,58079,24,,,0,31,,58096,24,,,0,67,,58073,24,,,0,24,,58105,24,,,0,30,,58106,24,,,0,60,,58086,24,,,0,22,,58117,24,,,0,62,,58104,24,,,0,25,,58080,24,,,0,27,,58069,24,,,0,65,,58068,24,,,0,27,,58070,24,,,0,67,,58071,24,,,0,27,,58085,24,,,0,67,,58103,24,,,0,26,,58074,24,,,0,26,,58075,24,,,0,67,,58078,24,,,0,25,,58076,24,,,0,68,,58077,24,,,0,31,,58116,24,,,0,56,,58097,24,,,0,33,,58111,24,,,0,71,,58113,24,,,0,31,,58098,24,,,0,68,,58091,24,,,0,13,,58089,24,,,0,27,,58092,24,,,0,55,,58093,24,,,0,14,,58094,24,,,0,21,,58095,24,,,0,89,,58100,24,,,0,28,,58101,24,,,0,96,,58102,24,,,0,69,,58099,24,,,0,104,,58110,24,,,0,79,,58108,24,,,0,37,,58109,24,,,0
2701,'5387',1834,,58121,24,,,0,167,,58118,24,,,0,123,,58119,24,,,0,125,,58120,24,,,0
2701,'5388',1834,,58125,24,,,0,167,,58122,24,,,0,123,,58123,24,,,0,125,,58124,24,,,0
2801,'4663',603,,58320,29,,,0,28,,58325,29,,,0,24,,58321,29,,,0,63,,58323,29,,,0,12,,58324,29,,,0,13,,58343,29,,,0,13,,58322,29,,,0,53,,58356,29,,,0,11,,58326,29,,,0,13,,58339,29,,,0,12,,58328,29,,,0,62,,58327,29,,,0,20,,58330,29,,,0,23,,58369,29,,,0,63,,58329,29,,,0,26,,58331,29,,,0,66,,58344,29,,,0,26,,58354,29,,,0,27,,58335,29,,,0,67,,58332,29,,,0,27,,58333,29,,,0,67,,58334,29,,,0,26,,58337,29,,,0,66,,58342,29,,,0,27,,58355,29,,,0,67,,58338,29,,,0,29,,58336,29,,,0,16,,58362,29,,,0,73,,58340,29,,,0,32,,58341,29,,,0,70,,58363,29,,,0,31,,58357,29,,,0,171,,58347,29,,,0,22,,58346,29,,,0,65,,58348,29,,,0,27,,58349,29,,,0,68,,58350,29,,,0,28,,58351,29,,,0,68,,58352,29,,,0,29,,58353,29,,,0,71,,58359,29,,,0,38,,58360,29,,,0,78,,58358,29,,,0,80,,58361,29,,,0,41,,58366,29,,,0
2801,'5372',603,,43168,29,,,0,28,,58371,29,,,0,24,,43169,29,,,0,63,,43171,29,,,0,12,,43172,29,,,0,13,,43190,29,,,0,13,,58370,29,,,0,53,,43203,29,,,0,11,,43174,29,,,0,13,,43187,29,,,0,12,,43176,29,,,0,62,,43175,29,,,0,20,,58372,29,,,0,23,,43213,29,,,0,63,,43177,29,,,0,26,,43179,29,,,0,66,,58375,29,,,0,26,,43201,29,,,0,27,,43183,29,,,0,67,,58373,29,,,0,27,,43181,29,,,0,67,,43182,29,,,0,26,,43185,29,,,0,66,,58374,29,,,0,27,,43202,29,,,0,67,,43186,29,,,0,29,,43184,29,,,0,16,,58376,29,,,0,73,,43188,29,,,0,102,,43210,29,,,0,31,,43204,29,,,0,171,,43194,29,,,0,22,,43193,29,,,0,65,,43195,29,,,0,27,,43196,29,,,0,68,,43197,29,,,0,28,,43198,29,,,0,68,,43199,29,,,0,29,,43200,29,,,0,71,,43206,29,,,0,38,,43207,29,,,0,78,,43205,29,,,0,80,,43208,29,,,0
2801,'5373',1655,,43314,29,,,0
2801,'5377',639,,43316,29,,,0,96,,43317,29,,,0,70,,43318,29,,,0,30,,43319,29,,,0,70,,43315,29,,,0,32,,43320,29,,,0,71,,43321,29,,,0,29,,43322,29,,,0,67,,43323,29,,,0,27,,43324,29,,,0,26,,43325,29,,,0,65,,43326,29,,,0,24,,43327,29,,,0,64,,43328,29,,,0,23,,43329,29,,,0,23,,43330,29,,,0,63,,43331,29,,,0,23,,43332,29,,,0,63,,43333,29,,,0,23,,43334,29,,,0,23,,43335,29,,,0,63,,43336,29,,,0,22,,43337,29,,,0,22,,43338,29,,,0,63,,43339,29,,,0,24,,43340,29,,,0,62,,43341,29,,,0,22,,43342,29,,,0,23,,43343,29,,,0,65,,43344,29,,,0,25,,43345,29,,,0,66,,43346,29,,,0,28,,43347,29,,,0,70,,43348,29,,,0,30,,43349,29,,,0,70,,43350,29,,,0,40,,43351,29,,,0,80,,43352,29,,,0,83,,43353,29,,,0
2801,'5381',1655,,43264,29,,,0
2801,'5383',659,,58379,29,,,0,73,,58380,29,,,0,71,,58381,29,,,0,30,,58382,29,,,0,68,,58383,29,,,0,28,,58384,29,,,0,27,,58385,29,,,0,67,,58386,29,,,0,27,,58378,29,,,0,64,,58387,29,,,0,22,,58388,29,,,0,23,,58389,29,,,0,63,,58390,29,,,0,23,,58391,29,,,0,62,,58393,29,,,0,22,,58392,29,,,0,23,,58394,29,,,0,64,,58395,29,,,0,22,,58396,29,,,0,62,,58399,29,,,0,21,,58400,29,,,0,21,,58397,29,,,0,60,,58398,29,,,0,21,,58401,29,,,0,20,,58402,29,,,0,60,,58403,29,,,0,19,,58404,29,,,0,19,,58405,29,,,0,61,,58406,29,,,0,20,,58407,29,,,0,20,,58408,29,,,0,60,,58409,29,,,0,20,,58410,29,,,0,23,,58411,29,,,0,66,,58412,29,,,0,28,,58413,29,,,0,69,,58414,29,,,0,30,,58415,29,,,0,68,,58416,29,,,0,29,,58417,29,,,0,71,,58418,29,,,0,32,,58419,29,,,0,70,,58420,29,,,0,31,,58421,29,,,0,68,,58422,29,,,0,28,,58423,29,,,0,69,,58424,29,,,0
2801,'5384',639,,58428,29,,,0,96,,58429,29,,,0,70,,58430,29,,,0,30,,58431,29,,,0,70,,58427,29,,,0,32,,58432,29,,,0,71,,58433,29,,,0,29,,58434,29,,,0,67,,58435,29,,,0,27,,58436,29,,,0,26,,58437,29,,,0,65,,58438,29,,,0,24,,58439,29,,,0,64,,58440,29,,,0,23,,58441,29,,,0,23,,58442,29,,,0,63,,58443,29,,,0,23,,58444,29,,,0,63,,58445,29,,,0,23,,58446,29,,,0,23,,58447,29,,,0,63,,58448,29,,,0,22,,58449,29,,,0,22,,58450,29,,,0,63,,58451,29,,,0,24,,58452,29,,,0,62,,58453,29,,,0,22,,58454,29,,,0,23,,58455,29,,,0,65,,58456,29,,,0,25,,58457,29,,,0,66,,58458,29,,,0,28,,58459,29,,,0,70,,58460,29,,,0,30,,58461,29,,,0,70,,58462,29,,,0,40,,58463,29,,,0,80,,58464,29,,,0,83,,58465,29,,,0
2801,'5385',603,,58466,29,,,0,28,,58471,29,,,0,24,,58467,29,,,0,63,,58469,29,,,0,12,,58470,29,,,0,13,,58488,29,,,0,13,,58468,29,,,0,53,,58501,29,,,0,11,,58472,29,,,0,13,,58485,29,,,0,12,,58474,29,,,0,62,,58473,29,,,0,20,,58476,29,,,0,23,,58511,29,,,0,63,,58475,29,,,0,26,,58477,29,,,0,66,,58489,29,,,0,26,,58499,29,,,0,27,,58481,29,,,0,67,,58478,29,,,0,27,,58479,29,,,0,67,,58480,29,,,0,26,,58483,29,,,0,66,,58487,29,,,0,27,,58500,29,,,0,67,,58484,29,,,0,29,,58482,29,,,0,16,,58507,29,,,0,73,,58486,29,,,0,102,,58508,29,,,0,31,,58502,29,,,0,171,,58492,29,,,0,22,,58491,29,,,0,65,,58493,29,,,0,27,,58494,29,,,0,68,,58495,29,,,0,28,,58496,29,,,0,68,,58497,29,,,0,29,,58498,29,,,0,71,,58504,29,,,0,38,,58505,29,,,0,78,,58503,29,,,0,80,,58506,29,,,0
2801,'5387',1655,,58512,29,,,0
2801,'5388',1655,,58513,29,,,0
