1200,'4623',638,,66782,19,4,,0,80,,66783,19,4,,0,27,,66784,19,4,,0,87,,66785,19,4,,0,70,,66800,19,4,,0,30,,66789,19,4,,0,86,,66786,19,4,,0,84,,66787,19,4,,0,46,,66790,19,4,,0,85,,66792,19,4,,0,84,,66791,19,4,,0,86,,66788,19,4,,0,47,,66793,19,4,,0,87,,66794,19,4,,0,99,,66795,19,4,,0,84,,66797,19,4,,0,84,,66796,19,4,,0,44,,66798,19,4,,0,91,,66799,19,4,,0
1200,'4833',931,,66802,19,4,,0,102,,66807,19,4,,0,102,,66809,19,4,,0,100,,66801,19,4,,0,100,,66803,19,4,,0,99,,66806,19,4,,0,100,,66810,19,4,,0,100,,66804,19,4,,0,103,,66805,19,4,,0,99,,66808,19,4,,0,99,,66811,19,4,,0
1200,'5015',931,,66813,19,4,,0,102,,66818,19,4,,0,102,,66820,19,4,,0,100,,66812,19,4,,0,100,,66814,19,4,,0,99,,66817,19,4,,0,100,,66821,19,4,,0,100,,66815,19,4,,0,103,,66816,19,4,,0,99,,66819,19,4,,0,99,,66822,19,4,,0
1200,'5078',931,,55239,19,4,,0,102,,55238,19,4,,0,101,,55241,19,4,,0,100,,55240,19,4,,0,100,,55242,19,4,,0,100,,55244,19,4,,0,99,,55245,19,4,,0,100,,55243,19,4,,0,103,,55246,19,4,,0,99,,55247,19,4,,0,100,,55248,19,4,,0
1200,'5222',638,,66823,19,4,,0,80,,66824,19,4,,0,27,,66825,19,4,,0,87,,66826,19,4,,0,70,,66841,19,4,,0,30,,66830,19,4,,0,86,,66827,19,4,,0,84,,66828,19,4,,0,46,,66831,19,4,,0,85,,66833,19,4,,0,84,,66832,19,4,,0,86,,66829,19,4,,0,47,,66834,19,4,,0,87,,66835,19,4,,0,99,,66836,19,4,,0,84,,66838,19,4,,0,84,,66837,19,4,,0,44,,66839,19,4,,0,91,,66840,19,4,,0
1200,'5365',931,,66843,19,4,,0,102,,66842,19,4,,0,101,,66845,19,4,,0,100,,66844,19,4,,0,100,,66846,19,4,,0,100,,66848,19,4,,0,99,,66849,19,4,,0,100,,66847,19,4,,0,103,,66850,19,4,,0,99,,66851,19,4,,0,100,,66852,19,4,,0
1200,'5390',931,,66854,19,4,,0,102,,66853,19,4,,0,101,,66856,19,4,,0,100,,66855,19,4,,0,100,,66857,19,4,,0,100,,66859,19,4,,0,99,,66860,19,4,,0,100,,66858,19,4,,0,103,,66861,19,4,,0,99,,66862,19,4,,0,100,,66863,19,4,,0
1201,'4623',648,,66865,1,,,0,80,,66864,1,,,0,30,,66866,1,,,0,70,,66881,1,,,0,30,,66871,1,,,0,85,,66872,1,,,0,87,,66873,1,,,0,83,,66867,1,,,0,45,,66869,1,,,0,85,,66868,1,,,0,85,,66874,1,,,0,87,,66870,1,,,0,85,,66876,1,,,0,58,,66875,1,,,0,87,,66879,1,,,0,85,,66877,1,,,0,85,,66878,1,,,0,93,,66880,1,,,0
1201,'4833',902,,66884,1,,,0,100,,66887,1,,,0,100,,66890,1,,,0,100,,66882,1,,,0,100,,66883,1,,,0,100,,66888,1,,,0,100,,66891,1,,,0,100,,66885,1,,,0,103,,66886,1,,,0,100,,66889,1,,,0,100,,66892,1,,,0
1201,'5015',902,,66895,1,,,0,100,,66898,1,,,0,100,,66901,1,,,0,100,,66893,1,,,0,100,,66894,1,,,0,100,,66899,1,,,0,100,,66902,1,,,0,100,,66896,1,,,0,103,,66897,1,,,0,100,,66900,1,,,0,100,,66903,1,,,0
1201,'5078',902,,55299,1,,,0,100,,55300,1,,,0,100,,55303,1,,,0,100,,55301,1,,,0,100,,55302,1,,,0,100,,55304,1,,,0,100,,55306,1,,,0,100,,55305,1,,,0,103,,55307,1,,,0,100,,55308,1,,,0,100,,55309,1,,,0
1201,'5222',648,,66905,1,,,0,80,,66904,1,,,0,30,,66906,1,,,0,70,,66921,1,,,0,30,,66911,1,,,0,85,,66912,1,,,0,87,,66913,1,,,0,83,,66907,1,,,0,45,,66909,1,,,0,85,,66908,1,,,0,85,,66914,1,,,0,87,,66910,1,,,0,85,,66916,1,,,0,58,,66915,1,,,0,87,,66919,1,,,0,85,,66917,1,,,0,85,,66918,1,,,0,93,,66920,1,,,0
1201,'5365',902,,66922,1,,,0,100,,66923,1,,,0,100,,66926,1,,,0,100,,66924,1,,,0,100,,66925,1,,,0,100,,66927,1,,,0,100,,66929,1,,,0,100,,66928,1,,,0,103,,66930,1,,,0,100,,66931,1,,,0,100,,66932,1,,,0
1201,'5390',902,,66933,1,,,0,100,,66934,1,,,0,100,,66937,1,,,0,100,,66935,1,,,0,100,,66936,1,,,0,100,,66938,1,,,0,100,,66940,1,,,0,100,,66939,1,,,0,103,,66941,1,,,0,100,,66942,1,,,0,100,,66943,1,,,0
