7100,'4661',1612,,61214,39,,,0,104,,61215,39,,,0,103,,61216,39,,,0
7100,'4663',1612,,61211,39,,,0,104,,61212,39,,,0,103,,61213,39,,,0
7200,'4332',634,,61260,58,,,0,100,,61261,58,,,0,71,,61262,58,,,0,30,,61263,58,,,0,69,,61264,58,,,0,30,,61265,58,,,0,70,,61266,58,,,0,30,,61267,58,,,0,70,,61268,58,,,0,30,,61269,58,,,0,70,,61270,58,,,0,30,,61271,58,,,0,70,,61272,58,,,0,30,,61273,58,,,0,69,,61274,58,,,0,30,,61275,58,,,0,70,,61276,58,,,0,30,,61277,58,,,0,70,,61278,58,,,0,30,,61279,58,,,0,70,,61280,58,,,0,30,,61281,58,,,0,70,,61282,58,,,0,30,,61283,58,,,0,70,,61284,58,,,0,30,,61285,58,,,0,71,,61286,58,,,0,30,,61287,58,,,0,70,,61288,58,,,0,30,,61289,58,,,0,100,,61290,58,,,0,100,,61291,58,,,0,117,,61292,58,0,10 11 12,0
7200,'4661',625,,61341,58,,,0,29,,61335,58,,,0,149,,61340,58,,,0,31,,61347,58,,,0,70,,61328,58,,,0,30,,61342,58,,,0,69,,61336,58,,,0,30,,61323,58,,,0,71,,61343,58,,,0,29,,61332,58,,,0,72,,61327,58,,,0,28,,61321,58,,,0,70,,61322,58,,,0,100,,61320,58,,,0,30,,61348,58,,,0,70,,61324,58,,,0,30,,61329,58,,,0,70,,61326,58,,,0,30,,61325,58,,,0,100,,61330,58,,,0,70,,61349,58,,,0,32,,61337,58,,,0,68,,61331,58,,,0,31,,61334,58,,,0,69,,61333,58,,,0,30,,61339,58,,,0,71,,61345,58,,,0,30,,61338,58,,,0,100,,61344,58,,,0,99,,61346,58,,,0,117,,61350,58,0,10 11 12,0
7200,'4663',625,,61247,58,,,0,29,,61241,58,,,0,80,,61230,58,,,0,69,,61246,58,,,0,31,,61253,58,,,0,70,,61234,58,,,0,30,,61248,58,,,0,69,,61242,58,,,0,30,,61226,58,,,0,71,,61249,58,,,0,29,,61238,58,,,0,72,,61232,58,,,0,28,,61224,58,,,0,70,,61225,58,,,0,30,,61231,58,,,0,70,,61223,58,,,0,30,,61254,58,,,0,70,,61227,58,,,0,30,,61235,58,,,0,70,,61229,58,,,0,30,,61228,58,,,0,69,,61233,58,,,0,31,,61236,58,,,0,70,,61255,58,,,0,32,,61243,58,,,0,68,,61237,58,,,0,31,,61240,58,,,0,69,,61239,58,,,0,30,,61245,58,,,0,71,,61251,58,,,0,30,,61244,58,,,0,100,,61250,58,,,0,99,,61252,58,,,0,117,,61256,58,0,10 11 12,0
7200,'4674',734,,61257,58,,,0,599,,61258,58,,,0,369,,61259,58,,,0
7200,'4677',734,,61351,58,,,0,599,,61352,58,,,0,369,,61353,58,,,0
7200,'5078',734,,61293,58,,,0,100,,61294,58,,,0,100,,61297,58,,,0,100,,61295,58,,,0,99,,61296,58,,,0,70,,61298,58,,,0,30,,61299,58,,,0,70,,61300,58,,,0,30,,61301,58,,,0,70,,61302,58,,,0,30,,61303,58,,,0,70,,61304,58,,,0,30,,61305,58,,,0,70,,61306,58,,,0,30,,61307,58,,,0,70,,61308,58,,,0,30,,61309,58,,,0,70,,61310,58,,,0,30,,61311,58,,,0,70,,61312,58,,,0,30,,61313,58,,,0,70,,61314,58,,,0,31,,61315,58,,,0,100,,61316,58,,,0,100,,61317,58,,,0,101,,61318,58,,,0,75,,61319,58,0,10 11 12,0
8100,'4332',834,,61767,34,,,0,100,,61768,34,,,0,100,,61769,34,,,0,100,,61770,34,,,0,100,,61771,34,,,0,100,,61772,34,,,0,100,,61773,34,,,0,100,,61774,34,,,0,100,,61775,34,,,0,100,,61776,34,,,0,100,,61777,34,,,0,101,,61778,34,,,0,100,,61779,34,,,0
8100,'4661',623,,61795,34,,,0,191,,61796,34,,,0,122,,61797,34,,,0,97,,61798,34,,,0,100,,61799,34,,,0,100,,61800,34,,,0,100,,61801,34,,,0,100,,61802,34,,,0,100,,61803,34,,,0,100,,61805,34,,,0,100,,61806,34,,,0,87,,61807,34,,,0,115,,61808,34,,,0,99,,61809,34,,,0
8100,'4663',623,,61751,34,,,0,191,,61752,34,,,0,122,,61753,34,,,0,97,,61754,34,,,0,100,,61755,34,,,0,100,,61756,34,,,0,100,,61757,34,,,0,100,,61758,34,,,0,100,,61759,34,,,0,100,,61761,34,,,0,100,,61762,34,,,0,87,,61763,34,,,0,115,,61764,34,,,0,99,,61765,34,,,0
8100,'5078',834,,61782,34,,,0,100,,61781,34,,,0,100,,61783,34,,,0,100,,61784,34,,,0,100,,61785,34,,,0,100,,61786,34,,,0,100,,61787,34,,,0,100,,61788,34,,,0,100,,61789,34,,,0,100,,61790,34,,,0,100,,61791,34,,,0,100,,61792,34,,,0,102,,61793,34,,,0
