1000601,'4487',654,,31749,,,0,149,,31750,,,0,99,,31751,,,0,49,,31752,,,0,88,,31753,,,0,87,,31754,,,0,87,,31755,,,0,88,,31756,,,0,42,,31757,,,0,82,,31758,,,0,82,,31759,,,0,42,,31760,,,0,93,,31761,,,0,101,,31762,,,0,109,,31763,,,0,103,,31764,,,0,94,,31765,,,0,99,,31766,,,0,110,,31767,,,0
1000601,'4743',654,,14191,,,0,149,,14192,,,0,99,,14193,,,0,49,,14194,,,0,88,,14195,,,0,87,,14196,,,0,87,,14197,,,0,88,,14198,,,0,42,,14199,,,0,82,,14200,,,0,82,,14201,,,0,42,,14202,,,0,93,,14203,,,0,101,,14204,,,0,109,,14205,,,0,103,,14206,,,0,94,,14207,,,0,99,,14208,,,0,110,,14209,,,0
1000601,'4744',601,,31784,,,0,47,,31779,,,0,72,,31773,,,0,29,,31787,,,0,74,,31774,,,0,35,,31788,,,0,79,,31786,,,0,86,,31789,,,0,86,,31775,,,0,48,,31781,,,0,90,,31785,,,0,86,,31769,,,0,80,,31768,,,0,39,,31782,,,0,84,,31776,,,0,76,,31770,,,0,44,,31772,,,0,90,,31771,,,0,105,,31790,,,0,107,,31777,,,0,95,,31780,,,0,100,,31783,,,0,101,,31778,,,0
1000601,'4745',702,,31798,,,0,50,,31804,,,0,97,,31792,,,0,106,,31796,,,0,101,,31791,,,0,94,,31806,,,0,100,,31793,,,0,100,,31794,,,0,100,,31800,,,0,101,,31797,,,0,101,,31795,,,0,149,,31799,,,0,110,,31801,,,0,93,,31803,,,0,51,,31802,,,0,148,,31805,,,0
1000601,'4935',601,,10312,,,0,47,,10307,,,0,72,,10301,,,0,29,,10315,,,0,74,,10302,,,0,35,,10316,,,0,79,,10314,,,0,86,,10317,,,0,86,,10303,,,0,48,,10309,,,0,90,,10313,,,0,86,,10297,,,0,80,,10296,,,0,39,,10310,,,0,84,,10304,,,0,76,,10298,,,0,44,,10300,,,0,90,,10299,,,0,105,,10318,,,0,107,,10305,,,0,95,,10308,,,0,100,,10311,,,0,101,,10306,,,0
1000601,'4941',601,,10335,,,0,47,,10330,,,0,72,,10324,,,0,29,,10338,,,0,74,,10325,,,0,35,,10339,,,0,79,,10337,,,0,86,,10340,,,0,86,,10326,,,0,48,,10332,,,0,90,,10336,,,0,86,,10320,,,0,80,,10319,,,0,39,,10333,,,0,84,,10327,,,0,76,,10321,,,0,44,,10323,,,0,90,,10322,,,0,105,,10341,,,0,107,,10328,,,0,95,,10331,,,0,100,,10334,,,0,101,,10329,,,0
1000601,'4943',654,,10342,,,0,149,,10343,,,0,99,,10344,,,0,49,,10345,,,0,88,,10346,,,0,87,,10347,,,0,87,,14210,,,0,88,,10349,,,0,42,,10350,,,0,82,,10351,,,0,82,,10352,,,0,42,,10353,,,0,93,,10354,,,0,101,,10355,,,0,109,,10356,,,0,103,,10357,,,0,94,,14211,,,0,99,,10359,,,0,110,,10360,,,0
1000601,'4945',702,,10368,,,0,50,,10374,,,0,97,,10362,,,0,106,,10366,,,0,101,,10361,,,0,94,,10376,,,0,100,,14212,,,0,100,,10364,,,0,100,,10370,,,0,101,,14214,,,0,101,,14213,,,0,149,,10369,,,0,110,,14215,,,0,93,,14216,,,0,51,,10372,,,0,148,,14217,,,0
1000601,'4947',601,,31823,,,0,47,,31818,,,0,72,,31812,,,0,29,,31826,,,0,74,,31813,,,0,35,,31827,,,0,79,,31825,,,0,86,,31828,,,0,86,,31814,,,0,48,,31820,,,0,90,,31824,,,0,86,,31808,,,0,80,,31807,,,0,39,,31821,,,0,84,,31815,,,0,76,,31809,,,0,44,,31811,,,0,90,,31810,,,0,105,,31829,,,0,107,,31816,,,0,95,,31819,,,0,100,,31822,,,0,101,,31817,,,0
1000601,'4952',601,,31846,,,0,47,,31841,,,0,72,,31835,,,0,29,,31849,,,0,74,,31836,,,0,35,,31850,,,0,79,,31848,,,0,86,,31851,,,0,86,,31837,,,0,48,,31843,,,0,90,,31847,,,0,86,,31831,,,0,80,,31830,,,0,39,,31844,,,0,84,,31838,,,0,76,,31832,,,0,44,,31834,,,0,90,,31833,,,0,105,,31852,,,0,107,,31839,,,0,95,,31842,,,0,100,,31845,,,0,101,,31840,,,0
1000601,'4953',654,,31853,,,0,149,,31854,,,0,99,,31855,,,0,49,,31856,,,0,88,,31857,,,0,87,,31858,,,0,87,,31859,,,0,88,,31860,,,0,42,,31861,,,0,82,,31862,,,0,82,,31863,,,0,42,,31864,,,0,93,,31865,,,0,101,,31866,,,0,109,,31867,,,0,103,,31868,,,0,94,,31869,,,0,99,,31870,,,0,110,,31871,,,0
1000601,'4954',702,,31879,,,0,50,,31885,,,0,97,,31873,,,0,106,,31877,,,0,101,,31872,,,0,94,,31887,,,0,100,,31874,,,0,100,,31875,,,0,100,,31881,,,0,101,,31878,,,0,101,,31876,,,0,149,,31880,,,0,110,,31882,,,0,93,,31884,,,0,51,,31883,,,0,148,,31886,,,0
