4801,'4663',1714,,51730,47,,,0,27,,51731,47,,,0,71,,51732,47,,,0
4801,'5214',1714,,50319,47,,,0,27,,44679,47,,,0,71,,44680,47,,,0
4801,'5217',1714,,51733,47,,,0,27,,51734,47,,,0,71,,51735,47,,,0
5201,'4332',655,,45021,25,,,0,71,,51757,25,,,0,30,,45029,25,,,0,71,,45012,25,,,0,30,,45019,25,,,0,70,,51759,25,,,0,30,,45016,25,,,0,71,,45013,25,,,0,30,,45020,25,,,0,70,,51760,25,,,0,30,,45017,25,,,0,71,,45014,25,,,0,75,,45023,25,,,0,30,,51762,25,,,0,75,,45018,25,,,0,35,,45028,25,,,0,75,,45022,25,,,0,30,,51761,25,,,0,70,,45015,25,,,0,30,,45026,25,,,0,65,,50397,25,,,0,25,,45025,25,,,0,64,,51756,25,,,0,25,,45027,25,,,0,30,,45024,25,,,0,69,,45037,25,,,0,32,,51758,25,,,0,70,,45036,25,,,0,30,,45033,25,,,0,65,,45035,25,0,38 3 39,0,30,,51763,25,,,0,103,,45043,25,,,0,100,,51764,25,,,0
5201,'4661',514,,44937,25,,,0,35,,44934,25,,,0,78,,44941,25,,,0,78,,44936,25,,,0,26,,44947,25,,,0,28,,44935,25,,,0,73,,44953,25,,,0,24,,44942,25,,,0,75,,44938,25,,,0,75,,44939,25,,,0,29,,44951,25,,,0,70,,44943,25,,,0,28,,44940,25,,,0,75,,44944,25,,,0,34,,44952,25,,,0,70,,44945,25,,,0,30,,44946,25,,,0,100,,44948,25,,,0,69,,44954,25,,,0,24,,44971,10,0,30 14,0,3,,44949,25,,,0,74,,44950,25,,,0,38,,44967,25,,,0,62,,44955,25,,,0,25,,44956,25,,,0,22,,44957,25,,,0,70,,44958,25,,,0,29,,44968,25,,,0,70,,44959,25,,,0,73,,44960,25,,,0,29,,44962,25,,,0,28,,44970,25,,,0,66,,44963,25,0,38 3 39,0,35,,44964,25,,,0,98,,44969,25,,,0,99,,44965,25,,,0
5201,'4663',514,,44976,25,,,0,35,,44973,25,,,0,78,,44980,25,,,0,78,,44975,25,,,0,26,,44986,25,,,0,28,,44974,25,,,0,73,,44992,25,,,0,24,,44981,25,,,0,75,,44977,25,,,0,75,,44978,25,,,0,29,,44990,25,,,0,70,,44982,25,,,0,28,,44979,25,,,0,75,,44983,25,,,0,34,,44991,25,,,0,70,,44984,25,,,0,30,,44985,25,,,0,70,,51765,25,,,0,25,,45010,10,0,30 14,0,5,,44987,25,,,0,59,,51770,25,0,38 3 39,0,10,,44993,25,,,0,27,,44988,25,,,0,74,,44989,25,,,0,38,,51766,25,,,0,62,,44994,25,,,0,25,,44995,25,,,0,22,,44996,25,,,0,70,,44997,25,,,0,29,,51767,25,,,0,70,,44998,25,,,0,73,,50404,25,,,0,29,,45001,25,,,0,28,,51769,25,,,0,66,,45002,25,0,38 3 39,0,35,,50405,25,,,0,98,,51768,25,,,0,99,,50406,25,,,0
5201,'5078',726,,45050,25,,,0,30,,45066,25,,,0,70,,45058,25,,,0,31,,50408,25,,,0,70,,45053,25,,,0,30,,45060,25,,,0,71,,45055,25,,,0,30,,50409,25,,,0,70,,45052,25,,,0,30,,45061,25,,,0,70,,45057,25,,,0,75,,50407,25,,,0,30,,45051,25,,,0,75,,45064,25,,,0,35,,45056,25,,,0,75,,50411,25,,,0,30,,45049,25,,,0,70,,45063,25,,,0,30,,45054,25,,,0,70,,50410,25,,,0,30,,45048,25,,,0,70,,45062,25,,,0,39,,45065,25,,,0,100,,45067,25,,,0,100,,45068,25,,,0,100,,45069,25,,,0,100,,45070,25,,,0
5201,'5079',726,,45077,25,,,0,30,,45093,25,,,0,70,,45085,25,,,0,31,,45073,25,,,0,70,,45080,25,,,0,30,,45087,25,,,0,71,,45082,25,,,0,30,,45074,25,,,0,70,,45079,25,,,0,30,,45088,25,,,0,70,,45084,25,,,0,75,,45072,25,,,0,30,,45078,25,,,0,75,,45091,25,,,0,35,,45083,25,,,0,75,,50417,25,,,0,30,,45076,25,,,0,70,,45090,25,,,0,30,,45081,25,,,0,70,,50412,25,,,0,30,,45075,25,,,0,70,,45089,25,,,0,39,,50413,25,,,0,100,,45094,25,,,0,100,,50414,25,,,0,100,,50415,25,,,0,100,,50416,25,,,0
5201,'5214',1412,,44966,25,,,0,89,,44972,25,0,38 3 39,0
5201,'5217',1412,,51771,25,,,0,89,,51772,25,0,38 3 39,0
