1100,'4663',551,,54907,5,,,0,70,,54890,5,,,0,21,,54919,5,,,0,16,,54896,5,,,0,58,,54916,5,,,0,17,,54899,5,,,0,15,,54879,5,,,0,55,,54905,5,,,0,19,,54882,5,,,0,18,,54900,5,,,0,61,,54920,5,,,0,25,,54895,5,,,0,26,,54917,5,,,0,65,,54880,5,,,0,25,,54908,5,,,0,65,,54898,5,,,0,24,,54922,5,,,0,25,,54897,5,,,0,65,,54913,5,,,0,25,,54881,5,,,0,67,,54909,5,,,0,24,,54894,5,,,0,18,,54875,5,,,0,56,,54921,5,,,0,17,,54892,5,,,0,17,,54874,5,,,0,57,,54915,5,,,0,22,,54883,5,,,0,19,,54885,5,,,0,59,,54906,5,,,0,19,,54891,5,,,0,18,,54878,5,,,0,17,,54923,5,,,0,58,,54893,5,,,0,18,,54884,5,,,0,18,,54918,5,,,0,55,,54877,5,,,0,18,,54876,5,,,0,19,,54901,5,,,0,65,,54888,5,,,0,31,,54889,5,,,0,75,,54911,5,,,0,30,,54886,5,,,0,75,,54887,5,,,0,31,,54902,5,,,0,74,,54910,5,,,0,30,,54904,5,,,0,71,,54903,5,,,0,83,,54912,5,,,0
1100,'5372',551,,39103,5,,,0,70,,39086,5,,,0,21,,39115,5,,,0,16,,39092,5,,,0,58,,39112,5,,,0,17,,39095,5,,,0,15,,39075,5,,,0,55,,39101,5,,,0,19,,39078,5,,,0,18,,39096,5,,,0,61,,39116,5,,,0,25,,49046,5,,,0,26,,39113,5,,,0,65,,39076,5,,,0,25,,39104,5,,,0,65,,39094,5,,,0,24,,39118,5,,,0,25,,39093,5,,,0,65,,39109,5,,,0,25,,39077,5,,,0,67,,39105,5,,,0,24,,39090,5,,,0,18,,39071,5,,,0,56,,39117,5,,,0,17,,39088,5,,,0,17,,39070,5,,,0,57,,39111,5,,,0,22,,39079,5,,,0,19,,39081,5,,,0,59,,39102,5,,,0,19,,39087,5,,,0,18,,39074,5,,,0,17,,39119,5,,,0,58,,39089,5,,,0,18,,39080,5,,,0,18,,39114,5,,,0,55,,39073,5,,,0,18,,39072,5,,,0,19,,39097,5,,,0,65,,39084,5,,,0,31,,39085,5,,,0,75,,39107,5,,,0,30,,39082,5,,,0,75,,39083,5,,,0,31,,39098,5,,,0,74,,39106,5,,,0,30,,39100,5,,,0,71,,39099,5,,,0,83,,39108,5,,,0
1100,'5377',723,,39209,5,,,0,80,,39208,5,,,0,40,,39211,5,,,0,70,,39210,5,,,0,30,,39213,5,,,0,75,,39212,5,,,0,35,,39217,5,,,0,71,,39215,5,,,0,30,,39214,5,,,0,70,,39216,5,,,0,30,,39220,5,,,0,70,,39221,5,,,0,30,,39219,5,,,0,70,,39218,5,,,0,30,,39224,5,,,0,70,,39223,5,,,0,30,,39222,5,,,0,70,,39226,5,,,0,29,,39227,5,,,0,70,,39225,5,,,0,30,,39228,5,,,0,70,,39229,5,,,0,30,,39231,5,,,0,85,,39230,5,,,0,85,,39232,5,,,0,85,,39233,5,,,0,40,,39234,5,,,0,85,,39235,5,,,0,85,,39236,5,,,0
1100,'5383',708,,54954,5,,,0,35,,54938,5,,,0,75,,54924,5,,,0,30,,54928,5,,,0,70,,54955,5,,,0,30,,54946,5,,,0,65,,54933,5,,,0,25,,54925,5,,,0,65,,54931,5,,,0,28,,54943,5,,,0,25,,54927,5,,,0,65,,54941,5,,,0,24,,54935,5,,,0,64,,54926,5,,,0,25,,54929,5,,,0,25,,54942,5,,,0,65,,54934,5,,,0,25,,54945,5,,,0,67,,54937,5,,,0,25,,54932,5,,,0,65,,54936,5,,,0,24,,54953,5,,,0,24,,54930,5,,,0,64,,54944,5,,,0,25,,54956,5,,,0,65,,54947,5,,,0,25,,54939,5,,,0,25,,54940,5,,,0,65,,54949,5,,,0,25,,54951,5,,,0,65,,54948,5,,,0,30,,54950,5,,,0,70,,54952,5,,,0,35,,54957,5,,,0,75,,54958,5,,,0,30,,54959,5,,,0,70,,54960,5,,,0,80,,54961,5,,,0
1100,'5384',723,,54963,5,,,0,80,,54962,5,,,0,40,,54965,5,,,0,70,,54964,5,,,0,30,,54967,5,,,0,75,,54966,5,,,0,35,,54971,5,,,0,71,,54969,5,,,0,30,,54968,5,,,0,70,,54970,5,,,0,30,,54974,5,,,0,70,,54975,5,,,0,30,,54973,5,,,0,70,,54972,5,,,0,30,,54978,5,,,0,70,,54977,5,,,0,30,,54976,5,,,0,70,,54980,5,,,0,29,,54981,5,,,0,70,,54979,5,,,0,30,,54982,5,,,0,70,,54983,5,,,0,30,,54985,5,,,0,85,,54984,5,,,0,85,,54986,5,,,0,85,,54987,5,,,0,40,,54988,5,,,0,85,,54989,5,,,0,85,,54990,5,,,0
1100,'5385',551,,55024,5,,,0,70,,55007,5,,,0,21,,55036,5,,,0,16,,55013,5,,,0,58,,55033,5,,,0,17,,55016,5,,,0,15,,54996,5,,,0,55,,55022,5,,,0,19,,54999,5,,,0,18,,55017,5,,,0,61,,55037,5,,,0,25,,55012,5,,,0,26,,55034,5,,,0,65,,54997,5,,,0,25,,55025,5,,,0,65,,55015,5,,,0,24,,55039,5,,,0,25,,55014,5,,,0,65,,55030,5,,,0,25,,54998,5,,,0,67,,55026,5,,,0,24,,55011,5,,,0,18,,54992,5,,,0,56,,55038,5,,,0,17,,55009,5,,,0,17,,54991,5,,,0,57,,55032,5,,,0,22,,55000,5,,,0,19,,55002,5,,,0,59,,55023,5,,,0,19,,55008,5,,,0,18,,54995,5,,,0,17,,55040,5,,,0,58,,55010,5,,,0,18,,55001,5,,,0,18,,55035,5,,,0,55,,54994,5,,,0,18,,54993,5,,,0,19,,55018,5,,,0,65,,55005,5,,,0,31,,55006,5,,,0,75,,55028,5,,,0,30,,55003,5,,,0,75,,55004,5,,,0,31,,55019,5,,,0,74,,55027,5,,,0,30,,55021,5,,,0,71,,55020,5,,,0,83,,55029,5,,,0
2400,'4663',612,,56933,4,,,0,32,,56937,4,,,0,75,,56938,4,,,0,102,,56934,4,,,0,113,,56932,4,,,0,100,,56942,4,,,0,101,,56939,4,,,0,99,,56935,4,,,0,100,,56936,4,,,0,98,,56940,4,,,0,86,,56941,4,,,0,41,,56943,4,,,0,94,,56944,4,,,0,99,,56945,4,,,0,103,,56946,4,,,0,150,,56947,4,,,0,124,,56948,4,,,0,172,,56949,4,,,0,131,,56950,4,,,0
2400,'5372',612,,41544,4,,,0,32,,41548,4,,,0,75,,41549,4,,,0,102,,41545,4,,,0,113,,41543,4,,,0,100,,41553,4,,,0,101,,41550,4,,,0,99,,41546,4,,,0,100,,41547,4,,,0,98,,41551,4,,,0,86,,41552,4,,,0,41,,41554,4,,,0,94,,41555,4,,,0,99,,41556,4,,,0,103,,41557,4,,,0,150,,41558,4,,,0,124,,41559,4,,,0,172,,41560,4,,,0,131,,41561,4,,,0
2400,'5377',814,,41596,4,,,0,127,,41599,4,,,0,169,,41598,4,,,0,132,,41600,4,,,0,169,,41601,4,,,0,132,,41602,4,,,0,170,,41603,4,,,0,129,,41604,4,,,0,167,,41605,4,,,0,125,,41606,4,,,0,168,,41607,4,,,0
2400,'5383',654,,56955,4,,,0,162,,56953,4,,,0,104,,56951,4,,,0,111,,56952,4,,,0,100,,56954,4,,,0,98,,56960,4,,,0,98,,56957,4,,,0,99,,56956,4,,,0,101,,56959,4,,,0,97,,56958,4,,,0,104,,56961,4,,,0,113,,56962,4,,,0,165,,56963,4,,,0,125,,56964,4,,,0,170,,56965,4,,,0
2400,'5384',814,,56966,4,,,0,127,,56969,4,,,0,169,,56968,4,,,0,132,,56970,4,,,0,169,,56971,4,,,0,132,,56972,4,,,0,170,,56973,4,,,0,129,,56974,4,,,0,167,,56975,4,,,0,125,,56976,4,,,0,168,,56977,4,,,0
2400,'5385',612,,56979,4,,,0,32,,56983,4,,,0,75,,56984,4,,,0,102,,56980,4,,,0,113,,56978,4,,,0,100,,56988,4,,,0,101,,56985,4,,,0,99,,56981,4,,,0,100,,56982,4,,,0,98,,56986,4,,,0,86,,56987,4,,,0,41,,56989,4,,,0,94,,56990,4,,,0,99,,56991,4,,,0,103,,56992,4,,,0,150,,56993,4,,,0,124,,56994,4,,,0,172,,56995,4,,,0,131,,56996,4,,,0
