2700,'4663',717,,57715,12,,,0,110,,57727,12,,,0,22,,57760,12,,,0,65,,57741,12,,,0,25,,57722,12,,,0,66,,57711,12,,,0,25,,57710,12,,,0,26,,57709,12,,,0,67,,57712,12,,,0,26,,57726,12,,,0,66,,57738,12,,,0,26,,57719,12,,,0,66,,57713,12,,,0,26,,57717,12,,,0,24,,57718,12,,,0,65,,57720,12,,,0,22,,57725,12,,,0,62,,57716,12,,,0,15,,57747,12,,,0,16,,57752,12,,,0,16,,57753,12,,,0,56,,57754,12,,,0,16,,57728,12,,,0,16,,57755,12,,,0,16,,57723,12,,,0,57,,57724,12,,,0,16,,57731,12,,,0,14,,57729,12,,,0,56,,57730,12,,,0,16,,57732,12,,,0,15,,57733,12,,,0,21,,57735,12,,,0,64,,57736,12,,,0,27,,57737,12,,,0,68,,57742,12,,,0,29,,57745,12,,,0,68,,57744,12,,,0,29,,57743,12,,,0,70,,57746,12,,,0,36,,57749,12,,,0,79,,57750,12,,,0,79,,57748,12,,,0,40,,57756,12,,,0,80,,57758,12,,,0,80,,57757,12,,,0,39,,57759,12,,,0
2700,'5372',717,,42467,12,,,0,110,,42479,12,,,0,22,,57766,12,,,0,65,,42491,12,,,0,25,,42474,12,,,0,66,,57761,12,,,0,25,,42462,12,,,0,26,,42461,12,,,0,67,,42464,12,,,0,26,,57764,12,,,0,66,,42488,12,,,0,26,,42471,12,,,0,66,,57762,12,,,0,26,,42469,12,,,0,24,,42470,12,,,0,65,,42472,12,,,0,22,,57763,12,,,0,62,,42468,12,,,0,15,,42495,12,,,0,16,,51679,12,,,0,16,,42500,12,,,0,56,,42501,12,,,0,16,,42480,12,,,0,16,,57765,12,,,0,16,,50188,12,,,0,57,,42476,12,,,0,16,,42482,12,,,0,70,,42481,12,,,0,16,,42483,12,,,0,15,,42484,12,,,0,21,,42486,12,,,0,91,,42487,12,,,0,68,,42492,12,,,0,97,,42494,12,,,0,29,,42493,12,,,0,106,,42497,12,,,0,79,,42498,12,,,0,79,,42496,12,,,0
2700,'5373',1744,,42613,12,,,0,172,,42614,12,,,0,124,,42615,12,,,0,167,,42616,12,,,0
2700,'5377',710,,42617,12,,,0,30,,42619,12,,,0,69,,42620,12,,,0,30,,42621,12,,,0,70,,42622,12,,,0,28,,42623,12,,,0,68,,42624,12,,,0,27,,42625,12,,,0,27,,42626,12,,,0,64,,42627,12,,,0,25,,42628,12,,,0,63,,42629,12,,,0,22,,42630,12,,,0,22,,42631,12,,,0,64,,42632,12,,,0,23,,42633,12,,,0,63,,42634,12,,,0,23,,42635,12,,,0,22,,42636,12,,,0,63,,42637,12,,,0,23,,42638,12,,,0,23,,42639,12,,,0,63,,42640,12,,,0,23,,42641,12,,,0,63,,42642,12,,,0,23,,42643,12,,,0,24,,42644,12,,,0,65,,42645,12,,,0,25,,42646,12,,,0,66,,42647,12,,,0,28,,42648,12,,,0,69,,42649,12,,,0,30,,42650,12,,,0,70,,42651,12,,,0,36,,42652,12,,,0,83,,42653,12,,,0,79,,42654,12,,,0,101,,42655,12,,,0
2700,'5381',1744,,42559,12,,,0,172,,42560,12,,,0,124,,42561,12,,,0,167,,42562,12,,,0
2700,'5383',637,,57768,12,,,0,71,,57769,12,,,0,27,,57770,12,,,0,70,,57771,12,,,0,27,,57772,12,,,0,27,,57773,12,,,0,66,,57774,12,,,0,26,,57775,12,,,0,66,,57776,12,,,0,22,,57777,12,,,0,62,,57778,12,,,0,23,,57779,12,,,0,22,,57780,12,,,0,62,,57781,12,,,0,21,,57782,12,,,0,23,,57783,12,,,0,63,,57784,12,,,0,23,,57785,12,,,0,63,,57786,12,,,0,19,,57787,12,,,0,21,,57788,12,,,0,60,,57789,12,,,0,22,,57790,12,,,0,21,,57791,12,,,0,60,,57792,12,,,0,20,,57793,12,,,0,21,,57794,12,,,0,59,,57795,12,,,0,21,,57796,12,,,0,20,,57797,12,,,0,60,,57798,12,,,0,20,,57799,12,,,0,21,,57800,12,,,0,66,,57801,12,,,0,27,,57802,12,,,0,69,,57803,12,,,0,30,,57804,12,,,0,69,,57805,12,,,0,30,,57806,12,,,0,70,,57807,12,,,0,34,,57808,12,,,0,71,,57809,12,,,0,30,,57810,12,,,0,71,,57811,12,,,0,30,,57812,12,,,0,68,,57813,12,,,0,30,,57814,12,,,0,70,,57815,12,,,0,30,,57816,12,,,0
2700,'5384',710,,57817,12,,,0,30,,57819,12,,,0,69,,57820,12,,,0,30,,57821,12,,,0,70,,57822,12,,,0,28,,57823,12,,,0,68,,57824,12,,,0,27,,57825,12,,,0,27,,57826,12,,,0,64,,57827,12,,,0,25,,57828,12,,,0,63,,57829,12,,,0,22,,57830,12,,,0,22,,57831,12,,,0,64,,57832,12,,,0,23,,57833,12,,,0,63,,57834,12,,,0,23,,57835,12,,,0,22,,57836,12,,,0,63,,57837,12,,,0,23,,57838,12,,,0,23,,57839,12,,,0,63,,57840,12,,,0,23,,57841,12,,,0,63,,57842,12,,,0,23,,57843,12,,,0,24,,57844,12,,,0,65,,57845,12,,,0,25,,57846,12,,,0,66,,57847,12,,,0,28,,57848,12,,,0,69,,57849,12,,,0,30,,57850,12,,,0,70,,57851,12,,,0,36,,57852,12,,,0,83,,57853,12,,,0,79,,57854,12,,,0,101,,57855,12,,,0
2700,'5385',717,,57864,12,,,0,110,,57876,12,,,0,22,,57901,12,,,0,65,,57888,12,,,0,25,,57871,12,,,0,66,,57860,12,,,0,25,,57859,12,,,0,26,,57858,12,,,0,67,,57861,12,,,0,26,,57875,12,,,0,66,,57885,12,,,0,26,,57868,12,,,0,66,,57862,12,,,0,26,,57866,12,,,0,24,,57867,12,,,0,65,,57869,12,,,0,22,,57874,12,,,0,62,,57865,12,,,0,15,,57892,12,,,0,16,,57896,12,,,0,16,,57897,12,,,0,56,,57898,12,,,0,16,,57877,12,,,0,16,,57899,12,,,0,16,,57872,12,,,0,57,,57873,12,,,0,16,,57879,12,,,0,70,,57878,12,,,0,16,,57880,12,,,0,15,,57881,12,,,0,21,,57883,12,,,0,91,,57884,12,,,0,68,,57889,12,,,0,97,,57891,12,,,0,29,,57890,12,,,0,106,,57894,12,,,0,79,,57895,12,,,0,79,,57893,12,,,0
2700,'5387',1744,,57902,12,,,0,172,,57903,12,,,0,124,,57904,12,,,0,167,,57905,12,,,0
2700,'5388',1744,,57906,12,,,0,172,,57907,12,,,0,124,,57908,12,,,0,167,,57909,12,,,0
2800,'4663',553,,58131,12,,,0,63,,58127,12,,,0,22,,58126,12,,,0,11,,58129,12,,,0,52,,58149,12,,,0,8,,58130,12,,,0,22,,58134,12,,,0,14,,58145,12,,,0,12,,58135,12,,,0,56,,58132,12,,,0,24,,58133,12,,,0,65,,58175,12,,,0,24,,58136,12,,,0,26,,58137,12,,,0,66,,58150,12,,,0,25,,58155,12,,,0,67,,58142,12,,,0,26,,58138,12,,,0,66,,58139,12,,,0,26,,58141,12,,,0,26,,58140,12,,,0,67,,58148,12,,,0,24,,58156,12,,,0,64,,58144,12,,,0,24,,58143,12,,,0,22,,58168,12,,,0,74,,58147,12,,,0,72,,58146,12,,,0,32,,58169,12,,,0,72,,58164,12,,,0,32,,58170,12,,,0,71,,58151,12,,,0,16,,58171,12,,,0,17,,58158,12,,,0,63,,58154,12,,,0,26,,58152,12,,,0,27,,58153,12,,,0,69,,58163,12,,,0,28,,58160,12,,,0,69,,58162,12,,,0,29,,58161,12,,,0,71,,58159,12,,,0,79,,58166,12,,,0,39,,58167,12,,,0,80,,58165,12,,,0,80,,58172,12,,,0,40,,58174,12,,,0,80,,58173,12,,,0
2800,'5372',553,,58177,12,,,0,63,,42944,12,,,0,22,,42943,12,,,0,11,,42946,12,,,0,52,,42965,12,,,0,8,,58176,12,,,0,22,,42951,12,,,0,14,,42962,12,,,0,12,,42952,12,,,0,56,,42949,12,,,0,24,,58178,12,,,0,65,,42988,12,,,0,24,,42953,12,,,0,26,,42954,12,,,0,66,,58181,12,,,0,25,,42971,12,,,0,67,,42959,12,,,0,26,,58179,12,,,0,66,,42956,12,,,0,26,,42958,12,,,0,26,,42957,12,,,0,67,,58180,12,,,0,24,,42972,12,,,0,64,,42961,12,,,0,24,,42960,12,,,0,22,,58182,12,,,0,74,,42963,12,,,0,104,,42985,12,,,0,72,,42980,12,,,0,32,,42986,12,,,0,71,,42967,12,,,0,16,,58183,12,,,0,17,,42974,12,,,0,63,,42970,12,,,0,26,,42968,12,,,0,27,,42969,12,,,0,69,,42979,12,,,0,28,,42976,12,,,0,69,,42978,12,,,0,29,,42977,12,,,0,71,,42975,12,,,0,79,,42982,12,,,0,39,,42983,12,,,0,80,,42981,12,,,0
2800,'5373',1601,,43089,12,,,0
2800,'5377',824,,43094,12,,,0,30,,43095,12,,,0,70,,43096,12,,,0,27,,43097,12,,,0,67,,43098,12,,,0,27,,43099,12,,,0,66,,43100,12,,,0,25,,43101,12,,,0,64,,43102,12,,,0,22,,43103,12,,,0,22,,43104,12,,,0,63,,43105,12,,,0,24,,43106,12,,,0,23,,43107,12,,,0,63,,43108,12,,,0,22,,43109,12,,,0,63,,43110,12,,,0,23,,43111,12,,,0,23,,43112,12,,,0,63,,43113,12,,,0,23,,43114,12,,,0,23,,43115,12,,,0,63,,43116,12,,,0,23,,43117,12,,,0,64,,43118,12,,,0,26,,43119,12,,,0,25,,43120,12,,,0,67,,43121,12,,,0,29,,43122,12,,,0,69,,43123,12,,,0,30,,43124,12,,,0,71,,43125,12,,,0,80,,43126,12,,,0,42,,43127,12,,,0,86,,43128,12,,,0
2800,'5381',1601,,43039,12,,,0
2800,'5383',751,,58188,12,,,0,69,,58189,12,,,0,25,,58190,12,,,0,67,,58191,12,,,0,26,,58192,12,,,0,67,,58184,12,,,0,23,,58193,12,,,0,22,,58194,12,,,0,62,,58195,12,,,0,23,,58196,12,,,0,22,,58197,12,,,0,62,,58198,12,,,0,21,,58199,12,,,0,63,,58200,12,,,0,24,,58201,12,,,0,22,,58202,12,,,0,62,,58203,12,,,0,20,,58204,12,,,0,20,,58205,12,,,0,61,,58206,12,,,0,22,,58207,12,,,0,20,,58208,12,,,0,60,,58209,12,,,0,21,,58210,12,,,0,19,,58211,12,,,0,61,,58212,12,,,0,20,,58213,12,,,0,20,,58214,12,,,0,60,,58215,12,,,0,20,,58216,12,,,0,23,,58217,12,,,0,67,,58218,12,,,0,28,,58219,12,,,0,70,,58220,12,,,0,30,,58221,12,,,0,69,,58222,12,,,0,30,,58223,12,,,0,71,,58224,12,,,0,35,,58225,12,,,0,70,,58226,12,,,0,30,,58227,12,,,0,70,,58228,12,,,0,30,,58229,12,,,0,68,,58230,12,,,0,30,,58231,12,,,0,70,,58232,12,,,0
2800,'5384',824,,58237,12,,,0,30,,58238,12,,,0,70,,58239,12,,,0,27,,58240,12,,,0,67,,58241,12,,,0,27,,58242,12,,,0,66,,58243,12,,,0,25,,58244,12,,,0,64,,58245,12,,,0,22,,58246,12,,,0,22,,58247,12,,,0,63,,58248,12,,,0,24,,58249,12,,,0,23,,58250,12,,,0,63,,58251,12,,,0,22,,58252,12,,,0,63,,58253,12,,,0,23,,58254,12,,,0,23,,58255,12,,,0,63,,58256,12,,,0,23,,58257,12,,,0,23,,58258,12,,,0,63,,58259,12,,,0,23,,58260,12,,,0,64,,58261,12,,,0,26,,58262,12,,,0,25,,58263,12,,,0,67,,58264,12,,,0,29,,58265,12,,,0,69,,58266,12,,,0,30,,58267,12,,,0,71,,58268,12,,,0,80,,58269,12,,,0,42,,58270,12,,,0,86,,58271,12,,,0
2800,'5385',553,,58277,12,,,0,63,,58273,12,,,0,22,,58272,12,,,0,11,,58275,12,,,0,52,,58294,12,,,0,8,,58276,12,,,0,22,,58280,12,,,0,14,,58291,12,,,0,12,,58281,12,,,0,56,,58278,12,,,0,24,,58279,12,,,0,65,,58317,12,,,0,24,,58282,12,,,0,26,,58283,12,,,0,66,,58295,12,,,0,25,,58300,12,,,0,67,,58288,12,,,0,26,,58284,12,,,0,66,,58285,12,,,0,26,,58287,12,,,0,26,,58286,12,,,0,67,,58293,12,,,0,24,,58301,12,,,0,64,,58290,12,,,0,24,,58289,12,,,0,22,,58313,12,,,0,74,,58292,12,,,0,104,,58314,12,,,0,72,,58309,12,,,0,32,,58315,12,,,0,71,,58296,12,,,0,16,,58316,12,,,0,17,,58303,12,,,0,63,,58299,12,,,0,26,,58297,12,,,0,27,,58298,12,,,0,69,,58308,12,,,0,28,,58305,12,,,0,69,,58307,12,,,0,29,,58306,12,,,0,71,,58304,12,,,0,79,,58311,12,,,0,39,,58312,12,,,0,80,,58310,12,,,0
2800,'5387',1601,,58318,12,,,0
2800,'5388',1601,,58319,12,,,0
