1100,'4663',554,,54907,11,,,0,70,,54890,11,,,0,21,,54919,11,,,0,57,,54896,11,,,0,18,,54916,11,,,0,17,,54899,11,,,0,15,,54879,11,,,0,55,,54905,11,,,0,18,,54882,11,,,0,18,,54900,11,,,0,61,,54920,11,,,0,26,,54895,11,,,0,25,,54917,11,,,0,65,,54880,11,,,0,25,,54908,11,,,0,65,,54898,11,,,0,24,,54922,11,,,0,25,,54897,11,,,0,65,,54913,11,,,0,25,,54881,11,,,0,67,,54909,11,,,0,24,,54894,11,,,0,18,,54875,11,,,0,57,,54921,11,,,0,17,,54892,11,,,0,18,,54874,11,,,0,57,,54915,11,,,0,21,,54883,11,,,0,19,,54885,11,,,0,59,,54906,11,,,0,19,,54891,11,,,0,18,,54878,11,,,0,57,,54923,11,,,0,18,,54893,11,,,0,17,,54884,11,,,0,18,,54918,11,,,0,55,,54877,11,,,0,18,,54876,11,,,0,19,,54901,11,,,0,66,,54888,11,,,0,30,,54889,11,,,0,75,,54911,11,,,0,30,,54886,11,,,0,75,,54887,11,,,0,31,,54902,11,,,0,74,,54910,11,,,0,30,,54904,11,,,0,71,,54903,11,,,0,83,,54912,11,,,0
1100,'5372',554,,39103,11,,,0,70,,39086,11,,,0,21,,39115,11,,,0,57,,39092,11,,,0,18,,39112,11,,,0,17,,39095,11,,,0,15,,39075,11,,,0,55,,39101,11,,,0,18,,39078,11,,,0,18,,39096,11,,,0,61,,39116,11,,,0,26,,49046,11,,,0,25,,39113,11,,,0,65,,39076,11,,,0,25,,39104,11,,,0,65,,39094,11,,,0,24,,39118,11,,,0,25,,39093,11,,,0,65,,39109,11,,,0,25,,39077,11,,,0,67,,39105,11,,,0,24,,39090,11,,,0,18,,39071,11,,,0,57,,39117,11,,,0,17,,39088,11,,,0,18,,39070,11,,,0,57,,39111,11,,,0,21,,39079,11,,,0,19,,39081,11,,,0,59,,39102,11,,,0,19,,39087,11,,,0,18,,39074,11,,,0,57,,39119,11,,,0,18,,39089,11,,,0,17,,39080,11,,,0,18,,39114,11,,,0,55,,39073,11,,,0,18,,39072,11,,,0,19,,39097,11,,,0,66,,39084,11,,,0,30,,39085,11,,,0,75,,39107,11,,,0,30,,39082,11,,,0,75,,39083,11,,,0,31,,39098,11,,,0,74,,39106,11,,,0,30,,39100,11,,,0,71,,39099,11,,,0,83,,39108,11,,,0
1100,'5377',726,,39209,11,,,0,80,,39208,11,,,0,40,,39211,11,,,0,70,,39210,11,,,0,31,,39213,11,,,0,75,,39212,11,,,0,35,,39217,11,,,0,70,,39215,11,,,0,30,,39214,11,,,0,70,,39216,11,,,0,30,,39220,11,,,0,70,,39221,11,,,0,30,,39219,11,,,0,70,,39218,11,,,0,30,,39224,11,,,0,70,,39223,11,,,0,30,,39222,11,,,0,70,,39226,11,,,0,30,,39227,11,,,0,70,,39225,11,,,0,29,,39228,11,,,0,70,,39229,11,,,0,30,,39231,11,,,0,85,,39230,11,,,0,85,,39232,11,,,0,85,,39233,11,,,0,40,,39234,11,,,0,85,,39235,11,,,0,85,,39236,11,,,0
1100,'5383',711,,54954,11,,,0,35,,54938,11,,,0,76,,54924,11,,,0,30,,54928,11,,,0,70,,54955,11,,,0,30,,54946,11,,,0,65,,54933,11,,,0,25,,54925,11,,,0,65,,54931,11,,,0,27,,54943,11,,,0,25,,54927,11,,,0,65,,54941,11,,,0,24,,54935,11,,,0,64,,54926,11,,,0,25,,54929,11,,,0,65,,54942,11,,,0,25,,54934,11,,,0,25,,54945,11,,,0,67,,54937,11,,,0,25,,54932,11,,,0,65,,54936,11,,,0,25,,54953,11,,,0,24,,54930,11,,,0,64,,54944,11,,,0,25,,54956,11,,,0,65,,54947,11,,,0,25,,54939,11,,,0,64,,54940,11,,,0,25,,54949,11,,,0,25,,54951,11,,,0,65,,54948,11,,,0,30,,54950,11,,,0,70,,54952,11,,,0,35,,54957,11,,,0,75,,54958,11,,,0,30,,54959,11,,,0,70,,54960,11,,,0,80,,54961,11,,,0
1100,'5384',726,,54963,11,,,0,80,,54962,11,,,0,40,,54965,11,,,0,70,,54964,11,,,0,31,,54967,11,,,0,75,,54966,11,,,0,35,,54971,11,,,0,70,,54969,11,,,0,30,,54968,11,,,0,70,,54970,11,,,0,30,,54974,11,,,0,70,,54975,11,,,0,30,,54973,11,,,0,70,,54972,11,,,0,30,,54978,11,,,0,70,,54977,11,,,0,30,,54976,11,,,0,70,,54980,11,,,0,30,,54981,11,,,0,70,,54979,11,,,0,29,,54982,11,,,0,70,,54983,11,,,0,30,,54985,11,,,0,85,,54984,11,,,0,85,,54986,11,,,0,85,,54987,11,,,0,40,,54988,11,,,0,85,,54989,11,,,0,85,,54990,11,,,0
1100,'5385',554,,55024,11,,,0,70,,55007,11,,,0,21,,55036,11,,,0,57,,55013,11,,,0,18,,55033,11,,,0,17,,55016,11,,,0,15,,54996,11,,,0,55,,55022,11,,,0,18,,54999,11,,,0,18,,55017,11,,,0,61,,55037,11,,,0,26,,55012,11,,,0,25,,55034,11,,,0,65,,54997,11,,,0,25,,55025,11,,,0,65,,55015,11,,,0,24,,55039,11,,,0,25,,55014,11,,,0,65,,55030,11,,,0,25,,54998,11,,,0,67,,55026,11,,,0,24,,55011,11,,,0,18,,54992,11,,,0,57,,55038,11,,,0,17,,55009,11,,,0,18,,54991,11,,,0,57,,55032,11,,,0,21,,55000,11,,,0,19,,55002,11,,,0,59,,55023,11,,,0,19,,55008,11,,,0,18,,54995,11,,,0,57,,55040,11,,,0,18,,55010,11,,,0,17,,55001,11,,,0,18,,55035,11,,,0,55,,54994,11,,,0,18,,54993,11,,,0,19,,55018,11,,,0,66,,55005,11,,,0,30,,55006,11,,,0,75,,55028,11,,,0,30,,55003,11,,,0,75,,55004,11,,,0,31,,55019,11,,,0,74,,55027,11,,,0,30,,55021,11,,,0,71,,55020,11,,,0,83,,55029,11,,,0
2400,'4663',616,,56933,10,,,0,32,,56937,10,,,0,75,,56938,10,,,0,101,,56934,10,,,0,114,,56932,10,,,0,100,,56942,10,,,0,100,,56939,10,,,0,99,,56935,10,,,0,100,,56936,10,,,0,99,,56940,10,,,0,86,,56941,10,,,0,81,,56943,10,,,0,54,,56944,10,,,0,98,,56945,10,,,0,104,,56946,10,,,0,150,,56947,10,,,0,123,,56948,10,,,0,172,,56949,10,,,0,131,,56950,10,,,0
2400,'5372',616,,41544,10,,,0,32,,41548,10,,,0,75,,41549,10,,,0,101,,41545,10,,,0,114,,41543,10,,,0,100,,41553,10,,,0,100,,41550,10,,,0,99,,41546,10,,,0,100,,41547,10,,,0,99,,41551,10,,,0,86,,41552,10,,,0,81,,41554,10,,,0,54,,41555,10,,,0,98,,41556,10,,,0,104,,41557,10,,,0,150,,41558,10,,,0,123,,41559,10,,,0,172,,41560,10,,,0,131,,41561,10,,,0
2400,'5377',817,,41596,10,,,0,128,,41599,10,,,0,169,,41598,10,,,0,132,,41600,10,,,0,168,,41601,10,,,0,132,,41602,10,,,0,171,,41603,10,,,0,129,,41604,10,,,0,166,,41605,10,,,0,125,,41606,10,,,0,168,,41607,10,,,0
2400,'5383',657,,56955,10,,,0,162,,56953,10,,,0,105,,56951,10,,,0,111,,56952,10,,,0,100,,56954,10,,,0,98,,56960,10,,,0,98,,56957,10,,,0,98,,56956,10,,,0,101,,56959,10,,,0,98,,56958,10,,,0,104,,56961,10,,,0,113,,56962,10,,,0,164,,56963,10,,,0,125,,56964,10,,,0,170,,56965,10,,,0
2400,'5384',817,,56966,10,,,0,128,,56969,10,,,0,169,,56968,10,,,0,132,,56970,10,,,0,168,,56971,10,,,0,132,,56972,10,,,0,171,,56973,10,,,0,129,,56974,10,,,0,166,,56975,10,,,0,125,,56976,10,,,0,168,,56977,10,,,0
2400,'5385',616,,56979,10,,,0,32,,56983,10,,,0,75,,56984,10,,,0,101,,56980,10,,,0,114,,56978,10,,,0,100,,56988,10,,,0,100,,56985,10,,,0,99,,56981,10,,,0,100,,56982,10,,,0,99,,56986,10,,,0,86,,56987,10,,,0,81,,56989,10,,,0,54,,56990,10,,,0,98,,56991,10,,,0,104,,56992,10,,,0,150,,56993,10,,,0,123,,56994,10,,,0,172,,56995,10,,,0,131,,56996,10,,,0
4001,'4663',609,,59501,23,,,0,96,,59495,23,,,0,28,,59503,23,,,0,96,,59489,23,,,0,96,,59499,23,,,0,100,,59490,23,,,0,100,,59498,23,,,0,102,,59491,23,,,0,101,,59500,23,,,0,102,,59492,23,,,0,109,,59502,23,,,0,75,,59487,23,,,0,34,,59494,23,,,0,73,,59488,23,,,0,33,,59505,23,,,0,83,,59493,23,,,0,97,,59504,23,,,0,96,,59496,23,,,0,124,,59497,23,,,0
4001,'5372',609,,44537,23,,,0,96,,44531,23,,,0,28,,44539,23,,,0,96,,44525,23,,,0,96,,44535,23,,,0,100,,44526,23,,,0,100,,44534,23,,,0,102,,44527,23,,,0,101,,44536,23,,,0,102,,44528,23,,,0,109,,44538,23,,,0,75,,44523,23,,,0,34,,44530,23,,,0,73,,44524,23,,,0,33,,44541,23,,,0,83,,44529,23,,,0,97,,44540,23,,,0,96,,44532,23,,,0,124,,44533,23,,,0
4001,'5377',739,,44577,23,,,0,172,,44576,23,,,0,101,,50291,23,,,0,100,,50292,23,,,0,102,,44581,23,,,0,100,,44580,23,,,0,101,,44585,23,,,0,100,,44583,23,,,0,100,,44584,23,,,0,99,,50293,23,,,0,97,,44587,23,,,0,99,,44586,23,,,0,99,,44588,23,,,0
4001,'5383',643,,59515,23,,,0,168,,59518,23,,,0,101,,59506,23,,,0,100,,59508,23,,,0,101,,59514,23,,,0,101,,59516,23,,,0,100,,59507,23,,,0,101,,59509,23,,,0,100,,59512,23,,,0,100,,59517,23,,,0,100,,59510,23,,,0,97,,59511,23,,,0,99,,59513,23,,,0,98,,59519,23,,,0,130,,59520,23,,,0
4001,'5384',739,,59522,23,,,0,172,,59521,23,,,0,101,,59523,23,,,0,100,,59524,23,,,0,102,,59526,23,,,0,100,,59525,23,,,0,101,,59530,23,,,0,100,,59528,23,,,0,100,,59529,23,,,0,99,,59527,23,,,0,97,,59532,23,,,0,99,,59531,23,,,0,99,,59533,23,,,0
4001,'5385',609,,59548,23,,,0,96,,59542,23,,,0,28,,59550,23,,,0,96,,59536,23,,,0,96,,59546,23,,,0,100,,59537,23,,,0,100,,59545,23,,,0,102,,59538,23,,,0,101,,59547,23,,,0,102,,59539,23,,,0,109,,59549,23,,,0,75,,59534,23,,,0,34,,59541,23,,,0,73,,59535,23,,,0,33,,59552,23,,,0,83,,59540,23,,,0,97,,59551,23,,,0,96,,59543,23,,,0,124,,59544,23,,,0
