701,'4663',620,,54458,23,,,0,30,,54459,23,,,0,65,,54464,23,,,0,15,,54445,23,,,0,17,,54463,23,,,0,58,,54439,23,,,0,17,,54446,23,,,0,10,,54478,23,,,0,8,,54453,23,,,0,16,,54442,23,,,0,57,,54462,23,,,0,14,,54438,23,,,0,17,,54469,23,,,0,70,,54476,23,,,0,30,,54449,23,,,0,68,,54473,23,,,0,30,,54471,23,,,0,70,,54475,23,,,0,32,,54474,23,,,0,70,,54451,23,,,0,30,,54477,23,,,0,69,,54472,23,,,0,32,,54470,23,,,0,72,,54450,23,,,0,21,,54468,23,,,0,18,,54447,23,,,0,58,,54440,23,,,0,20,,54465,23,,,0,19,,54448,23,,,0,57,,54452,23,,,0,19,,54441,23,,,0,16,,54456,23,,,0,14,,54444,23,,,0,58,,54467,23,,,0,19,,54443,23,,,0,17,,54455,23,,,0,70,,54457,23,,,0,29,,54466,23,,,0,70,,54461,23,,,0,29,,54460,23,,,0,70,,54454,23,,,0
701,'5372',620,,38579,23,,,0,30,,38580,23,,,0,65,,38585,23,,,0,15,,38566,23,,,0,17,,38584,23,,,0,58,,38560,23,,,0,17,,38567,23,,,0,10,,38599,23,,,0,8,,38574,23,,,0,16,,38563,23,,,0,57,,38583,23,,,0,14,,38559,23,,,0,17,,38590,23,,,0,70,,38597,23,,,0,30,,38570,23,,,0,68,,38594,23,,,0,30,,38592,23,,,0,70,,38596,23,,,0,32,,38595,23,,,0,70,,38572,23,,,0,30,,38598,23,,,0,69,,38593,23,,,0,32,,51621,23,,,0,72,,38571,23,,,0,21,,38589,23,,,0,18,,38568,23,,,0,58,,38561,23,,,0,20,,38586,23,,,0,19,,38569,23,,,0,57,,38573,23,,,0,19,,38562,23,,,0,16,,38577,23,,,0,14,,38565,23,,,0,58,,38588,23,,,0,19,,38564,23,,,0,17,,38576,23,,,0,70,,38578,23,,,0,29,,38587,23,,,0,70,,38582,23,,,0,29,,38581,23,,,0,70,,38575,23,,,0
701,'5377',719,,49005,23,,,0,40,,38671,23,,,0,80,,38683,23,,,0,76,,38684,23,,,0,25,,49002,23,,,0,69,,38672,23,,,0,31,,38685,23,,,0,69,,49003,23,,,0,31,,38688,23,,,0,69,,38674,23,,,0,31,,38675,23,,,0,70,,38687,23,,,0,28,,49006,23,,,0,70,,38689,23,,,0,30,,38690,23,,,0,69,,38677,23,,,0,31,,49004,23,,,0,73,,38680,23,,,0,32,,38679,23,,,0,69,,38676,23,,,0,30,,38681,23,,,0,69,,38691,23,,,0,32,,38692,23,,,0,74,,38693,23,,,0,34,,49007,23,,,0,69,,38694,23,,,0
701,'5383',710,,54506,23,,,0,30,,54490,23,,,0,73,,54499,23,,,0,31,,54483,23,,,0,70,,54507,23,,,0,29,,54491,23,,,0,73,,54500,23,,,0,27,,54479,23,,,0,70,,54481,23,,,0,29,,54501,23,,,0,71,,54487,23,,,0,29,,54494,23,,,0,68,,54480,23,,,0,31,,54482,23,,,0,70,,54502,23,,,0,30,,54486,23,,,0,69,,54495,23,,,0,31,,54484,23,,,0,70,,54485,23,,,0,33,,54503,23,,,0,70,,54488,23,,,0,29,,54497,23,,,0,71,,54489,23,,,0,29,,54492,23,,,0,69,,54504,23,,,0,30,,54493,23,,,0,75,,54498,23,,,0,36,,54496,23,,,0,68,,54505,23,,,0
701,'5384',719,,54520,23,,,0,40,,54509,23,,,0,80,,54521,23,,,0,76,,54522,23,,,0,25,,54508,23,,,0,69,,54510,23,,,0,31,,54523,23,,,0,69,,54511,23,,,0,31,,54526,23,,,0,69,,54512,23,,,0,31,,54513,23,,,0,70,,54525,23,,,0,28,,54524,23,,,0,70,,54527,23,,,0,30,,54528,23,,,0,69,,54515,23,,,0,31,,54516,23,,,0,73,,54518,23,,,0,32,,54517,23,,,0,69,,54514,23,,,0,30,,54519,23,,,0,69,,54529,23,,,0,32,,54530,23,,,0,74,,54531,23,,,0,34,,54533,23,,,0,69,,54532,23,,,0
701,'5385',620,,54554,23,,,0,30,,54555,23,,,0,65,,54560,23,,,0,15,,54541,23,,,0,17,,54559,23,,,0,58,,54535,23,,,0,17,,54542,23,,,0,10,,54574,23,,,0,8,,54549,23,,,0,16,,54538,23,,,0,57,,54558,23,,,0,14,,54534,23,,,0,17,,54565,23,,,0,70,,54572,23,,,0,30,,54545,23,,,0,68,,54569,23,,,0,30,,54567,23,,,0,70,,54571,23,,,0,32,,54570,23,,,0,70,,54547,23,,,0,30,,54573,23,,,0,69,,54568,23,,,0,32,,54566,23,,,0,72,,54546,23,,,0,21,,54564,23,,,0,18,,54543,23,,,0,58,,54536,23,,,0,20,,54561,23,,,0,19,,54544,23,,,0,57,,54548,23,,,0,19,,54537,23,,,0,16,,54552,23,,,0,14,,54540,23,,,0,58,,54563,23,,,0,19,,54539,23,,,0,17,,54551,23,,,0,70,,54553,23,,,0,29,,54562,23,,,0,70,,54557,23,,,0,29,,54556,23,,,0,70,,54550,23,,,0
14000701,'4663',2152,,63101,28,,,0,72,,63099,28,,,0,28,,63102,28,,,0,70,,63100,28,,,0,36,,63103,28,,,0,68,,63104,28,,,0
14000701,'5372',2152,,48777,28,,,0,72,,48775,28,,,0,28,,48778,28,,,0,70,,48776,28,,,0,36,,48779,28,,,0,68,,48780,28,,,0
14000701,'5377',2052,,51594,28,,,0,70,,48795,28,,,0,80,,51595,28,,,0,22,,48796,28,,,0,99,,48797,28,,,0,103,,48798,28,,,0
14000701,'5383',2153,,63105,28,,,0,72,,63106,28,,,0,30,,63108,28,,,0,69,,63107,28,,,0,35,,63109,28,,,0,67,,63110,28,,,0
14000701,'5384',2052,,63111,28,,,0,70,,63113,28,,,0,80,,63112,28,,,0,22,,63114,28,,,0,99,,63115,28,,,0,103,,63116,28,,,0
14000701,'5385',2152,,63119,28,,,0,72,,63117,28,,,0,28,,63120,28,,,0,70,,63118,28,,,0,36,,63121,28,,,0,68,,63122,28,,,0
