301,'4487',717,,18883,11,,,0,30,,18884,11,,,0,71,,18881,11,,,0,30,,18892,11,,,0,71,,18885,11,,,0,30,,18880,11,,,0,71,,18891,11,,,0,30,,18882,11,,,0,70,,18879,11,,,0,30,,18889,11,,,0,70,,18888,11,,,0,30,,18886,11,,,0,70,,18890,11,,,0,31,,18893,11,,,0,71,,18887,11,,,0,34,,18894,11,,,0,70,,18895,11,,,0,80,,18898,11,,,0,25,,18897,11,,,0,75,,18899,11,,,0,30,,18896,11,,,0,74,,18900,11,,,0,25,,18903,11,,,0,69,,18904,11,,,0,30,,18902,11,,,0,70,,18901,11,,,0,30,,18906,11,,,0,70,,18905,11,,,0
301,'4737',602,,18935,1,,,0,37,,18933,11,,,0,76,,18932,11,,,0,37,,18934,11,,,0,82,,18931,11,,,0,76,,18924,11,,,0,35,,18923,11,,,0,71,,18922,11,,,0,30,,18925,11,,,0,70,,18920,11,,,0,31,,18921,11,,,0,70,,18927,11,,,0,35,,18919,11,,,0,70,,18918,11,,,0,30,,18926,11,,,0,72,,18917,11,,,0,33,,18916,11,,,0,75,,18928,11,,,0,74,,18915,11,,,0,35,,18914,11,,,0,73,,18930,11,,,0,32,,18913,11,,,0,74,,18912,11,,,0,24,,18929,11,,,0,70,,18911,11,,,0,30,,18910,11,,,0,65,,18908,11,,,0,24,,18909,11,,,0,70,,18907,11,,,0
301,'4744',602,,18964,1,,,0,37,,18962,11,,,0,76,,18961,11,,,0,37,,18963,11,,,0,82,,18960,11,,,0,76,,18953,11,,,0,35,,18952,11,,,0,71,,18951,11,,,0,30,,18954,11,,,0,70,,18949,11,,,0,31,,18950,11,,,0,70,,18956,11,,,0,35,,18948,11,,,0,70,,18947,11,,,0,30,,18955,11,,,0,72,,18946,11,,,0,33,,18945,11,,,0,75,,18957,11,,,0,74,,18944,11,,,0,35,,18943,11,,,0,73,,18959,11,,,0,32,,18942,11,,,0,74,,18941,11,,,0,24,,18958,11,,,0,70,,18940,11,,,0,30,,18939,11,,,0,65,,18937,11,,,0,24,,18938,11,,,0,70,,18936,11,,,0
301,'4745',733,,18988,11,,,0,86,,18985,11,,,0,40,,18987,11,,,0,85,,18984,11,,,0,76,,18986,11,,,0,80,,18977,11,,,0,20,,18982,11,,,0,30,,18981,11,,,0,70,,18978,11,,,0,30,,18983,11,,,0,71,,18980,11,,,0,30,,18966,11,,,0,70,,18965,11,,,0,37,,18969,11,,,0,68,,18967,11,,,0,75,,18976,11,,,0,30,,18971,11,,,0,69,,18972,11,,,0,30,,18973,11,,,0,70,,18970,11,,,0,29,,18968,11,,,0,30,,18975,11,,,0,70,,18974,11,,,0,74,,18979,11,,,0
301,'5066',602,,19017,1,,,0,37,,19015,11,,,0,76,,19014,11,,,0,37,,19016,11,,,0,82,,19013,11,,,0,76,,19006,11,,,0,35,,19005,11,,,0,71,,19004,11,,,0,30,,19007,11,,,0,70,,19002,11,,,0,31,,19003,11,,,0,70,,19009,11,,,0,35,,19001,11,,,0,70,,19000,11,,,0,30,,19008,11,,,0,72,,18999,11,,,0,33,,18998,11,,,0,75,,19010,11,,,0,74,,18997,11,,,0,35,,18996,11,,,0,73,,19012,11,,,0,32,,18995,11,,,0,74,,18994,11,,,0,24,,19011,11,,,0,70,,18993,11,,,0,30,,18992,11,,,0,65,,18990,11,,,0,24,,18991,11,,,0,70,,18989,11,,,0
301,'5070',717,,19022,11,,,0,30,,19023,11,,,0,71,,19020,11,,,0,30,,19031,11,,,0,71,,19024,11,,,0,30,,19019,11,,,0,71,,19030,11,,,0,30,,19021,11,,,0,70,,19018,11,,,0,30,,19028,11,,,0,70,,19027,11,,,0,30,,19025,11,,,0,70,,19029,11,,,0,31,,19032,11,,,0,71,,19026,11,,,0,34,,19033,11,,,0,70,,19034,11,,,0,80,,19037,11,,,0,25,,19036,11,,,0,75,,19038,11,,,0,30,,19035,11,,,0,74,,19039,11,,,0,25,,19042,11,,,0,69,,19043,11,,,0,30,,19041,11,,,0,70,,19040,11,,,0,30,,19045,11,,,0,70,,19044,11,,,0
301,'5072',733,,19069,11,,,0,86,,19066,11,,,0,40,,19068,11,,,0,85,,19065,11,,,0,76,,19067,11,,,0,80,,19058,11,,,0,20,,19063,11,,,0,30,,19062,11,,,0,70,,19059,11,,,0,30,,19064,11,,,0,71,,19061,11,,,0,30,,19047,11,,,0,70,,19046,11,,,0,37,,19050,11,,,0,68,,19048,11,,,0,75,,19057,11,,,0,30,,19052,11,,,0,69,,19053,11,,,0,30,,19054,11,,,0,70,,19051,11,,,0,29,,19049,11,,,0,30,,19056,11,,,0,70,,19055,11,,,0,74,,19060,11,,,0
600,'4487',548,,20261,2,,,0,70,,20262,2,,,0,83,,20263,2,,,0,20,,20264,2,,,0,35,,20265,2,,,0,60,,20266,2,,,0,18,,20267,2,,,0,70,,20268,2,,,0,15,,20260,2,,,0,15,,20269,2,,,0,66,,20270,2,,,0,13,,20271,2,,,0,12,,20272,2,,,0,12,,20273,2,,,0,64,,20274,2,,,0,12,,20275,2,,,0,12,,20276,2,,,0,24,,20277,2,,,0,52,,20278,2,,,0,12,,20279,2,,,0,24,,20280,2,,,0,12,,20281,2,,,0,52,,20282,2,,,0,24,,20283,2,,,0,12,,20284,2,,,0,12,,20285,2,,,0,60,,20286,2,,,0,10,,20287,2,,,0,10,,20288,2,,,0,21,,20289,2,,,0,51,,20290,2,,,0,10,,20291,2,,,0,21,,20292,2,,,0,11,,20293,2,,,0,10,,20294,2,,,0,60,,20295,2,,,0,11,,20296,2,,,0,10,,20297,2,,,0,20,,20298,2,,,0,51,,20299,2,,,0,12,,20300,2,,,0,12,,20301,2,,,0,24,,20302,2,,,0,52,,20303,2,,,0,12,,20304,2,,,0,12,,20305,2,,,0,25,,20306,2,,,0,55,,20307,2,,,0,15,,20308,2,,,0,30,,20309,2,,,0,55,,20310,2,,,0,17,,20311,2,,,0,76,,20312,2,,,0,18,,20313,2,,,0,35,,20314,2,,,0,61,,20315,2,,,0,20,,20316,2,,,0,90,,20317,2,,,0,95,,20318,2,,,0
600,'4737',543,,20359,2,,,0,70,,20365,2,,,0,30,,20358,2,,,0,64,,20369,2,,,0,24,,20363,2,,,0,24,,20327,2,,,0,58,,20324,2,,,0,20,,20336,2,,,0,19,,20366,2,,,0,61,,20353,2,,,0,24,,20371,2,,,0,64,,20338,2,,,0,22,,20330,2,,,0,24,,20361,2,,,0,63,,20345,2,,,0,24,,20367,2,,,0,24,,20355,2,,,0,64,,20370,2,,,0,24,,20337,2,,,0,65,,20328,2,,,0,26,,20360,2,,,0,63,,20346,2,,,0,21,,20339,2,,,0,20,,20329,2,,,0,60,,20354,2,,,0,17,,20321,2,,,0,14,,20349,2,,,0,17,,20319,2,,,0,54,,20320,2,,,0,16,,20334,2,,,0,15,,20373,2,,,0,14,,20362,2,,,0,54,,20322,2,,,0,16,,20323,2,,,0,14,,20342,2,,,0,15,,20333,2,,,0,57,,20372,2,,,0,17,,20326,2,,,0,24,,20368,2,,,0,64,,20331,2,,,0,29,,20325,2,,,0,73,,20340,2,,,0,18,,20332,2,,,0,76,,20347,2,,,0,18,,20341,2,,,0,78,,20335,2,,,0,20,,20348,2,,,0,100,,20343,2,,,0,100,,20344,2,,,0,30,,20350,2,,,0,70,,20352,2,,,0,30,,20351,2,,,0,70,,20356,2,,,0,30,,20357,2,,,0
600,'4744',543,,20409,2,,,0,70,,20415,2,,,0,30,,20408,2,,,0,64,,20419,2,,,0,24,,20413,2,,,0,24,,20382,2,,,0,58,,20379,2,,,0,20,,20391,2,,,0,19,,20416,2,,,0,61,,20405,2,,,0,24,,20421,2,,,0,64,,20393,2,,,0,22,,20385,2,,,0,24,,20411,2,,,0,63,,20400,2,,,0,24,,20417,2,,,0,24,,20407,2,,,0,64,,20420,2,,,0,24,,20392,2,,,0,65,,20383,2,,,0,26,,20410,2,,,0,63,,20401,2,,,0,21,,20394,2,,,0,20,,20384,2,,,0,60,,20406,2,,,0,17,,20376,2,,,0,14,,20404,2,,,0,17,,20374,2,,,0,54,,20375,2,,,0,16,,20389,2,,,0,15,,20423,2,,,0,14,,20412,2,,,0,54,,20377,2,,,0,16,,20378,2,,,0,14,,20397,2,,,0,15,,20388,2,,,0,57,,20422,2,,,0,17,,20381,2,,,0,24,,20418,2,,,0,64,,20386,2,,,0,29,,20380,2,,,0,73,,20395,2,,,0,18,,20387,2,,,0,76,,20402,2,,,0,18,,20396,2,,,0,78,,20390,2,,,0,20,,20403,2,,,0,100,,20398,2,,,0,100,,20399,2,,,0
600,'4745',631,,20449,2,,,0,70,,20463,2,,,0,55,,20433,2,,,0,65,,20461,2,,,0,80,,20435,2,,,0,20,,20425,2,,,0,37,,20445,2,,,0,55,,20472,2,,,0,16,,20434,2,,,0,72,,20465,2,,,0,15,,20448,2,,,0,15,,20424,2,,,0,70,,20426,2,,,0,12,,20428,2,,,0,12,,20468,2,,,0,12,,20452,2,,,0,64,,20427,2,,,0,12,,20438,2,,,0,12,,20429,2,,,0,12,,20432,2,,,0,64,,20451,2,,,0,12,,20430,2,,,0,12,,20431,2,,,0,12,,20439,2,,,0,64,,20442,2,,,0,12,,20469,2,,,0,12,,20453,2,,,0,12,,20443,2,,,0,64,,20441,2,,,0,12,,20440,2,,,0,12,,20437,2,,,0,12,,20467,2,,,0,64,,20436,2,,,0,12,,20447,2,,,0,12,,20446,2,,,0,12,,20473,2,,,0,65,,20458,2,,,0,15,,20444,2,,,0,15,,20450,2,,,0,73,,20454,2,,,0,17,,20460,2,,,0,18,,20455,2,,,0,75,,20456,2,,,0,17,,20459,2,,,0,74,,20464,2,,,0,17,,20466,2,,,0,18,,20457,2,,,0,88,,20462,2,,,0,97,,20471,2,,,0,30,,20470,2,,,0
600,'5066',543,,20509,2,,,0,70,,20515,2,,,0,30,,20508,2,,,0,64,,20519,2,,,0,24,,20513,2,,,0,24,,20482,2,,,0,58,,20479,2,,,0,20,,20491,2,,,0,19,,20516,2,,,0,61,,20505,2,,,0,24,,20521,2,,,0,64,,20493,2,,,0,22,,20485,2,,,0,24,,20511,2,,,0,63,,20500,2,,,0,24,,20517,2,,,0,24,,20507,2,,,0,64,,20520,2,,,0,24,,20492,2,,,0,65,,20483,2,,,0,26,,20510,2,,,0,63,,20501,2,,,0,21,,20494,2,,,0,20,,20484,2,,,0,60,,20506,2,,,0,17,,20476,2,,,0,14,,20504,2,,,0,17,,20474,2,,,0,54,,20475,2,,,0,16,,20489,2,,,0,15,,20523,2,,,0,14,,20512,2,,,0,54,,20477,2,,,0,16,,20478,2,,,0,14,,20497,2,,,0,15,,20488,2,,,0,57,,20522,2,,,0,17,,20481,2,,,0,24,,20518,2,,,0,64,,20486,2,,,0,29,,20480,2,,,0,73,,20495,2,,,0,18,,20487,2,,,0,76,,20502,2,,,0,18,,20496,2,,,0,78,,20490,2,,,0,20,,20503,2,,,0,100,,20498,2,,,0,100,,20499,2,,,0
600,'5070',548,,20525,2,,,0,70,,20526,2,,,0,83,,20527,2,,,0,20,,20528,2,,,0,35,,20529,2,,,0,60,,20530,2,,,0,18,,20531,2,,,0,70,,20532,2,,,0,15,,20524,2,,,0,15,,20533,2,,,0,66,,20534,2,,,0,13,,20535,2,,,0,12,,20536,2,,,0,12,,20537,2,,,0,64,,20538,2,,,0,12,,20539,2,,,0,12,,20540,2,,,0,24,,20541,2,,,0,52,,20542,2,,,0,12,,20543,2,,,0,24,,20544,2,,,0,12,,20545,2,,,0,52,,20546,2,,,0,24,,20547,2,,,0,12,,20548,2,,,0,12,,20549,2,,,0,60,,20550,2,,,0,10,,20551,2,,,0,10,,20552,2,,,0,21,,20553,2,,,0,51,,20554,2,,,0,10,,20555,2,,,0,21,,20556,2,,,0,11,,20557,2,,,0,10,,20558,2,,,0,60,,20559,2,,,0,11,,20560,2,,,0,10,,20561,2,,,0,20,,20562,2,,,0,51,,20563,2,,,0,12,,20564,2,,,0,12,,20565,2,,,0,24,,20566,2,,,0,52,,20567,2,,,0,12,,20568,2,,,0,12,,20569,2,,,0,25,,20570,2,,,0,55,,20571,2,,,0,15,,20572,2,,,0,30,,20573,2,,,0,55,,20574,2,,,0,17,,20575,2,,,0,76,,20576,2,,,0,18,,20577,2,,,0,35,,20578,2,,,0,61,,20579,2,,,0,20,,20580,2,,,0,90,,20581,2,,,0,95,,20582,2,,,0,30,,20583,2,,,0,70,,20584,2,,,0,30,,20585,2,,,0,70,,20586,2,,,0,29,,20587,2,,,0
600,'5072',631,,20613,2,,,0,70,,20627,2,,,0,55,,20597,2,,,0,65,,20625,2,,,0,80,,20599,2,,,0,20,,20589,2,,,0,37,,20609,2,,,0,55,,20636,2,,,0,16,,20598,2,,,0,72,,20629,2,,,0,15,,20612,2,,,0,15,,20588,2,,,0,70,,20590,2,,,0,12,,20592,2,,,0,12,,20632,2,,,0,12,,20616,2,,,0,64,,20591,2,,,0,12,,20602,2,,,0,12,,20593,2,,,0,12,,20596,2,,,0,64,,20615,2,,,0,12,,20594,2,,,0,12,,20595,2,,,0,12,,20603,2,,,0,64,,20606,2,,,0,12,,20633,2,,,0,12,,20617,2,,,0,12,,20607,2,,,0,64,,20605,2,,,0,12,,20604,2,,,0,12,,20601,2,,,0,12,,20631,2,,,0,64,,20600,2,,,0,12,,20611,2,,,0,12,,20610,2,,,0,12,,20637,2,,,0,65,,20622,2,,,0,15,,20608,2,,,0,15,,20614,2,,,0,73,,20618,2,,,0,17,,20624,2,,,0,18,,20619,2,,,0,75,,20620,2,,,0,17,,20623,2,,,0,74,,20628,2,,,0,17,,20630,2,,,0,18,,20621,2,,,0,88,,20626,2,,,0,97,,20635,2,,,0,30,,20634,2,,,0
1100,'4487',729,,22090,29,,,0,76,,22074,29,,,0,36,,22060,29,,,0,71,,22064,29,,,0,30,,22091,29,,,0,70,,22082,29,,,0,26,,22069,29,,,0,65,,22061,29,,,0,26,,22067,29,,,0,29,,22079,29,,,0,65,,22063,29,,,0,25,,22077,29,,,0,65,,22071,29,,,0,24,,22062,29,,,0,65,,22065,29,,,0,26,,22078,29,,,0,25,,22070,29,,,0,65,,22081,29,,,0,27,,22073,29,,,0,65,,22068,29,,,0,23,,22072,29,,,0,24,,22089,29,,,0,63,,22066,29,,,0,24,,22080,29,,,0,64,,22092,29,,,0,25,,22083,29,,,0,25,,22075,29,,,0,64,,22076,29,,,0,24,,22085,29,,,0,65,,22087,29,,,0,24,,22084,29,,,0,70,,22086,29,,,0,30,,22088,29,,,0,74,,22093,29,,,0,35,,22094,29,,,0,69,,22095,29,,,0,30,,22096,29,,,0,79,,22097,29,,,0
1100,'4737',542,,22138,1,,,0,71,,22131,29,,,0,31,,22114,29,,,0,60,,22143,29,,,0,20,,22120,29,,,0,18,,22140,29,,,0,58,,22123,29,,,0,16,,22103,29,,,0,16,,22129,29,,,0,19,,22106,29,,,0,59,,22124,29,,,0,19,,22144,29,,,0,24,,22119,29,,,0,64,,22141,29,,,0,27,,22104,29,,,0,65,,22132,29,,,0,25,,22122,29,,,0,66,,22146,29,,,0,26,,22121,29,,,0,25,,22137,29,,,0,65,,22105,29,,,0,25,,22133,29,,,0,64,,22118,29,,,0,18,,22099,29,,,0,18,,22145,29,,,0,18,,22116,29,,,0,58,,22098,29,,,0,19,,22139,29,,,0,20,,22107,29,,,0,59,,22109,29,,,0,20,,22130,29,,,0,18,,22115,29,,,0,56,,22102,29,,,0,15,,22147,29,,,0,17,,22117,29,,,0,17,,22108,29,,,0,58,,22142,29,,,0,14,,22101,29,,,0,18,,22100,29,,,0,58,,22125,29,,,0,24,,22112,29,,,0,70,,22113,29,,,0,34,,22135,29,,,0,70,,22110,29,,,0,35,,22111,29,,,0,70,,22126,29,,,0,33,,22134,29,,,0,70,,22128,29,,,0,30,,22127,29,,,0,85,,22136,29,,,0
1100,'4744',542,,22188,1,,,0,71,,22181,29,,,0,31,,22164,29,,,0,60,,22193,29,,,0,20,,22170,29,,,0,18,,22190,29,,,0,58,,22173,29,,,0,16,,22153,29,,,0,16,,22179,29,,,0,19,,22156,29,,,0,59,,22174,29,,,0,19,,22194,29,,,0,24,,22169,29,,,0,64,,22191,29,,,0,27,,22154,29,,,0,65,,22182,29,,,0,25,,22172,29,,,0,66,,22196,29,,,0,26,,22171,29,,,0,25,,22187,29,,,0,65,,22155,29,,,0,25,,22183,29,,,0,64,,22168,29,,,0,18,,22149,29,,,0,18,,22195,29,,,0,18,,22166,29,,,0,58,,22148,29,,,0,19,,22189,29,,,0,20,,22157,29,,,0,59,,22159,29,,,0,20,,22180,29,,,0,18,,22165,29,,,0,56,,22152,29,,,0,15,,22197,29,,,0,17,,22167,29,,,0,17,,22158,29,,,0,58,,22192,29,,,0,14,,22151,29,,,0,18,,22150,29,,,0,58,,22175,29,,,0,24,,22162,29,,,0,70,,22163,29,,,0,34,,22185,29,,,0,70,,22160,29,,,0,35,,22161,29,,,0,70,,22176,29,,,0,33,,22184,29,,,0,70,,22178,29,,,0,30,,22177,29,,,0,85,,22186,29,,,0
1100,'4745',744,,22199,29,,,0,80,,22198,29,,,0,81,,22201,29,,,0,31,,22200,29,,,0,71,,22203,29,,,0,36,,22202,29,,,0,75,,22207,29,,,0,31,,22205,29,,,0,70,,22204,29,,,0,31,,22206,29,,,0,70,,22210,29,,,0,30,,22211,29,,,0,70,,22209,29,,,0,31,,22208,29,,,0,70,,22214,29,,,0,30,,22213,29,,,0,69,,22212,29,,,0,30,,22216,29,,,0,69,,22217,29,,,0,29,,22215,29,,,0,68,,22218,29,,,0,29,,22219,29,,,0,70,,22221,29,,,0,85,,22220,29,,,0,45,,22222,29,,,0,84,,22223,29,,,0,79,,22224,29,,,0,45,,22225,29,,,0,85,,22226,29,,,0
1100,'5066',542,,22267,1,,,0,71,,22260,29,,,0,31,,22243,29,,,0,60,,22272,29,,,0,20,,22249,29,,,0,18,,22269,29,,,0,58,,22252,29,,,0,16,,22232,29,,,0,16,,22258,29,,,0,19,,22235,29,,,0,59,,22253,29,,,0,19,,22273,29,,,0,24,,22248,29,,,0,64,,22270,29,,,0,27,,22233,29,,,0,65,,22261,29,,,0,25,,22251,29,,,0,66,,22275,29,,,0,26,,22250,29,,,0,25,,22266,29,,,0,65,,22234,29,,,0,25,,22262,29,,,0,64,,22247,29,,,0,18,,22228,29,,,0,18,,22274,29,,,0,18,,22245,29,,,0,58,,22227,29,,,0,19,,22268,29,,,0,20,,22236,29,,,0,59,,22238,29,,,0,20,,22259,29,,,0,18,,22244,29,,,0,56,,22231,29,,,0,15,,22276,29,,,0,17,,22246,29,,,0,17,,22237,29,,,0,58,,22271,29,,,0,14,,22230,29,,,0,18,,22229,29,,,0,58,,22254,29,,,0,24,,22241,29,,,0,70,,22242,29,,,0,34,,22264,29,,,0,70,,22239,29,,,0,35,,22240,29,,,0,70,,22255,29,,,0,33,,22263,29,,,0,70,,22257,29,,,0,30,,22256,29,,,0,85,,22265,29,,,0
1100,'5070',729,,22307,29,,,0,76,,22291,29,,,0,36,,22277,29,,,0,71,,22281,29,,,0,30,,22308,29,,,0,70,,22299,29,,,0,26,,22286,29,,,0,65,,22278,29,,,0,26,,22284,29,,,0,29,,22296,29,,,0,65,,22280,29,,,0,25,,22294,29,,,0,65,,22288,29,,,0,24,,22279,29,,,0,65,,22282,29,,,0,26,,22295,29,,,0,25,,22287,29,,,0,65,,22298,29,,,0,27,,22290,29,,,0,65,,22285,29,,,0,23,,22289,29,,,0,24,,22306,29,,,0,63,,22283,29,,,0,24,,22297,29,,,0,64,,22309,29,,,0,25,,22300,29,,,0,25,,22292,29,,,0,64,,22293,29,,,0,24,,22302,29,,,0,65,,22304,29,,,0,24,,22301,29,,,0,70,,22303,29,,,0,30,,22305,29,,,0,74,,22310,29,,,0,35,,22311,29,,,0,69,,22312,29,,,0,30,,22313,29,,,0,79,,22314,29,,,0
1100,'5072',744,,22316,29,,,0,80,,22315,29,,,0,81,,22318,29,,,0,31,,22317,29,,,0,71,,22320,29,,,0,36,,22319,29,,,0,75,,22324,29,,,0,31,,22322,29,,,0,70,,22321,29,,,0,31,,22323,29,,,0,70,,22327,29,,,0,30,,22328,29,,,0,70,,22326,29,,,0,31,,22325,29,,,0,70,,22331,29,,,0,30,,22330,29,,,0,69,,22329,29,,,0,30,,22333,29,,,0,69,,22334,29,,,0,29,,22332,29,,,0,68,,22335,29,,,0,29,,22336,29,,,0,70,,22338,29,,,0,85,,22337,29,,,0,45,,22339,29,,,0,84,,22340,29,,,0,79,,22341,29,,,0,45,,22342,29,,,0,85,,22343,29,,,0
1400,'4487',647,,22906,30,,,0,61,,22907,30,,,0,19,,22890,30,,,0,18,,22905,30,,,0,56,,22884,30,,,0,15,,22889,30,,,0,15,,22888,30,,,0,15,,22904,30,,,0,55,,22902,30,,,0,15,,22887,30,,,0,15,,22883,30,,,0,15,,22903,30,,,0,55,,22882,30,,,0,15,,22892,30,,,0,15,,22894,30,,,0,15,,22908,30,,,0,56,,22910,30,,,0,15,,22895,30,,,0,16,,22886,30,,,0,15,,22909,30,,,0,56,,22885,30,,,0,16,,22891,30,,,0,15,,22898,30,,,0,15,,22911,30,,,0,55,,22896,30,,,0,15,,22912,30,,,0,15,,22897,30,,,0,15,,22899,30,,,0,55,,22913,30,,,0,16,,22901,30,,,0,15,,22893,30,,,0,16,,22900,30,,,0,55,,22924,30,,,0,15,,22922,30,,,0,15,,22925,30,,,0,15,,22919,30,,,0,55,,22918,30,,,0,14,,22915,30,,,0,15,,22926,30,,,0,14,,22920,30,,,0,55,,22921,30,,,0,15,,22928,30,,,0,15,,22923,30,,,0,15,,22916,30,,,0,55,,22917,30,,,0,14,,22927,30,,,0,15,,22914,30,,,0,14,,22932,30,,,0,55,,22929,30,,,0,15,,22930,30,,,0,15,,22931,30,,,0,16,,22933,30,,,0,60,,22935,30,,,0,20,,22936,30,,,0,20,,22937,30,,,0,60,,22938,30,,,0,20,,22934,30,,,0,20,,22942,30,,,0,60,,22941,30,,,0,21,,22940,30,,,0,27,,22939,30,,,0,70,,22943,30,,,0,30,,22944,30,,,0,70,,22945,30,,,0
1400,'4737',608,,22946,30,,,0,20,,22954,30,,,0,17,,22966,30,,,0,56,,22947,30,,,0,14,,22976,30,,,0,7,,23009,1,,,0,6,,22955,30,,,0,9,,23008,30,,,0,6,,23032,1,,,0,6,,23002,30,,,0,6,,22984,1,,,0,46,,22958,30,,,0,8,,22998,1,,,0,5,,22948,30,,,0,8,,22999,1,,,0,5,,22967,30,,,0,7,,22957,1,,,0,3,,22951,30,,,0,5,,23030,30,,,0,5,,23017,30,,,0,6,,22985,30,,,0,47,,23018,1,,,0,6,,22959,30,,,0,6,,23001,1,,,0,6,,22949,30,,,0,7,,23019,1,,,0,6,,22968,30,,,0,11,,22952,30,,,0,13,,23003,30,,,0,52,,23000,30,,,0,13,,22960,30,,,0,13,,22953,30,,,0,13,,22969,30,,,0,13,,22950,30,,,0,53,,22983,30,,,0,13,,22956,30,,,0,14,,22964,30,,,0,13,,22963,30,,,0,53,,23007,30,,,0,13,,23006,30,,,0,13,,22965,30,,,0,13,,23025,30,,,0,13,,22962,30,,,0,53,,22974,30,,,0,13,,22961,30,,,0,13,,22987,30,,,0,13,,22975,30,,,0,54,,22973,30,,,0,12,,22970,30,,,0,14,,23004,30,,,0,11,,23005,30,,,0,14,,22972,30,,,0,58,,22971,30,,,0,8,,23033,30,,,0,8,,22986,30,,,0,10,,23035,30,4,,0,6,,23034,30,4,,0,56,,22980,30,,,0,15,,22981,30,,,0,15,,22979,30,,,0,16,,23031,30,,,0,55,,22977,30,,,0,15,,22989,30,,,0,16,,22978,30,,,0,17,,23021,30,,,0,55,,22995,30,,,0,14,,22990,30,,,0,15,,22992,30,,,0,16,,22991,30,,,0,54,,22993,30,,,0,15,,22994,30,,,0,15,,22988,30,,,0,15,,22996,30,,,0,57,,22997,30,,,0,20,,23014,30,,,0,20,,23013,30,,,0,60,,23010,30,,,0,20,,23015,30,,,0,20,,23011,30,,,0,59,,23012,30,,,0,21,,23016,30,,,0,30,,23022,30,,,0,70,,23020,30,,,0,30,,23023,30,,,0,70,,23024,30,,,0,30,,23027,30,,,0,70,,23029,30,,,0,30,,23026,30,,,0,70,,23028,30,,,0
1400,'4744',608,,23036,30,,,0,20,,23044,30,,,0,17,,23056,30,,,0,56,,23037,30,,,0,14,,23066,30,,,0,7,,23099,1,,,0,6,,23045,30,,,0,9,,23098,30,,,0,6,,23118,1,,,0,6,,23092,30,,,0,6,,23074,1,,,0,46,,23048,30,,,0,8,,23088,1,,,0,5,,23038,30,,,0,8,,23089,1,,,0,5,,23057,30,,,0,7,,23047,1,,,0,3,,23041,30,,,0,5,,23116,30,,,0,5,,23107,30,,,0,6,,23075,30,,,0,47,,23108,1,,,0,6,,23049,30,,,0,6,,23091,1,,,0,6,,23039,30,,,0,7,,23109,1,,,0,6,,23058,30,,,0,11,,23042,30,,,0,13,,23093,30,,,0,52,,23090,30,,,0,13,,23050,30,,,0,13,,23043,30,,,0,13,,23059,30,,,0,13,,23040,30,,,0,53,,23073,30,,,0,13,,23046,30,,,0,14,,23054,30,,,0,13,,23053,30,,,0,53,,23097,30,,,0,13,,23096,30,,,0,13,,23055,30,,,0,13,,23115,30,,,0,13,,23052,30,,,0,53,,23064,30,,,0,13,,23051,30,,,0,13,,23077,30,,,0,13,,23065,30,,,0,54,,23063,30,,,0,12,,23060,30,,,0,14,,23094,30,,,0,11,,23095,30,,,0,14,,23062,30,,,0,58,,23061,30,,,0,8,,23119,30,,,0,8,,23076,30,,,0,16,,23072,30,,,0,56,,23070,30,,,0,15,,23071,30,,,0,15,,23069,30,,,0,16,,23117,30,,,0,55,,23067,30,,,0,15,,23079,30,,,0,16,,23068,30,,,0,17,,23111,30,,,0,55,,23085,30,,,0,14,,23080,30,,,0,15,,23082,30,,,0,16,,23081,30,,,0,54,,23083,30,,,0,15,,23084,30,,,0,15,,23078,30,,,0,15,,23086,30,,,0,57,,23087,30,,,0,20,,23104,30,,,0,20,,23103,30,,,0,60,,23100,30,,,0,20,,23105,30,,,0,20,,23101,30,,,0,59,,23102,30,,,0,21,,23106,30,,,0,30,,23112,30,,,0,70,,23110,30,,,0,30,,23113,30,,,0,70,,23114,30,,,0
1400,'4745',639,,23164,30,,,0,70,,23152,30,,,0,30,,23174,30,,,0,64,,23159,30,,,0,20,,23130,30,,,0,15,,23177,30,,,0,15,,23158,30,,,0,55,,23143,30,,,0,15,,23150,30,,,0,15,,23171,30,,,0,15,,23134,30,,,0,55,,23162,30,,,0,15,,23131,30,,,0,15,,23161,30,,,0,15,,23135,30,,,0,55,,23144,30,,,0,15,,23151,30,,,0,15,,23173,30,,,0,15,,23133,30,,,0,56,,23163,30,,,0,15,,23136,30,,,0,15,,23160,30,,,0,15,,23132,30,,,0,55,,23141,30,,,0,14,,23121,30,,,0,15,,23148,30,,,0,15,,23170,30,,,0,55,,23123,30,,,0,15,,23157,30,,,0,15,,23127,30,,,0,15,,23154,30,,,0,55,,23128,30,,,0,15,,23139,30,,,0,15,,23120,30,,,0,15,,23147,30,,,0,55,,23169,30,,,0,15,,23126,30,,,0,15,,23155,30,,,0,15,,23124,30,,,0,55,,23156,30,,,0,15,,23125,30,,,0,15,,23142,30,,,0,15,,23122,30,,,0,54,,23149,30,,,0,15,,23172,30,,,0,15,,23129,30,,,0,15,,23166,30,,,0,58,,23168,30,,,0,20,,23138,30,,,0,20,,23140,30,,,0,60,,23153,30,,,0,21,,23176,30,,,0,70,,23165,30,,,0,29,,23137,30,,,0,70,,23145,30,,,0,30,,23175,30,,,0,29,,23167,30,,,0,69,,23146,30,,,0
1400,'4949',1257,,23178,30,,,0,281,,23180,30,4,,0,6,,23179,30,4,,0
1400,'5066',608,,23181,30,,,0,20,,23189,30,,,0,17,,23200,30,,,0,56,,23182,30,,,0,14,,23210,30,,,0,7,,23243,1,,,0,6,,23190,30,,,0,9,,23242,30,,,0,6,,23262,1,,,0,6,,23236,30,,,0,6,,23218,1,,,0,46,,23193,30,,,0,8,,23232,1,,,0,5,,23183,30,,,0,8,,23233,1,,,0,5,,23201,30,,,0,7,,23192,1,,,0,3,,23186,30,,,0,5,,23260,30,,,0,5,,23251,30,,,0,6,,23219,30,,,0,47,,23252,1,,,0,6,,23194,30,,,0,6,,23235,1,,,0,6,,23184,30,,,0,7,,23253,1,,,0,6,,23202,30,,,0,11,,23187,30,,,0,13,,23237,30,,,0,52,,23234,30,,,0,13,,23195,30,,,0,13,,23188,30,,,0,13,,23203,30,,,0,13,,23185,30,,,0,53,,23217,30,,,0,13,,23191,30,,,0,14,,23198,30,,,0,13,,23197,30,,,0,53,,23241,30,,,0,13,,23240,30,,,0,13,,23199,30,,,0,13,,23259,30,,,0,66,,23208,30,,,0,13,,23196,30,,,0,13,,23221,30,,,0,13,,23209,30,,,0,54,,23207,30,,,0,12,,23204,30,,,0,14,,23238,30,,,0,11,,23239,30,,,0,14,,23206,30,,,0,58,,23205,30,,,0,8,,23263,30,,,0,8,,23220,30,,,0,16,,23216,30,,,0,56,,23214,30,,,0,15,,23215,30,,,0,15,,23213,30,,,0,16,,23261,30,,,0,55,,23211,30,,,0,15,,23223,30,,,0,16,,23212,30,,,0,17,,23255,30,,,0,55,,23229,30,,,0,14,,23224,30,,,0,15,,23226,30,,,0,16,,23225,30,,,0,54,,23227,30,,,0,15,,23228,30,,,0,15,,23222,30,,,0,15,,23230,30,,,0,57,,23231,30,,,0,20,,23248,30,,,0,20,,23247,30,,,0,60,,23244,30,,,0,20,,23249,30,,,0,20,,23245,30,,,0,59,,23246,30,,,0,21,,23250,30,,,0,30,,23256,30,,,0,70,,23254,30,,,0,30,,23257,30,,,0,70,,23258,30,,,0
1400,'5068',1257,,23264,30,,,0
1400,'5070',647,,23289,30,,,0,61,,23290,30,,,0,19,,23273,30,,,0,18,,23288,30,,,0,56,,23267,30,,,0,15,,23272,30,,,0,15,,23271,30,,,0,15,,23287,30,,,0,55,,23285,30,,,0,15,,23270,30,,,0,15,,23266,30,,,0,15,,23286,30,,,0,55,,23265,30,,,0,15,,23275,30,,,0,15,,23277,30,,,0,15,,23291,30,,,0,56,,23293,30,,,0,15,,23278,30,,,0,16,,23269,30,,,0,15,,23292,30,,,0,56,,23268,30,,,0,16,,23274,30,,,0,15,,23281,30,,,0,15,,23294,30,,,0,55,,23279,30,,,0,15,,23295,30,,,0,15,,23280,30,,,0,15,,23282,30,,,0,55,,23296,30,,,0,16,,23284,30,,,0,15,,23276,30,,,0,16,,23283,30,,,0,55,,23307,30,,,0,15,,23305,30,,,0,15,,23308,30,,,0,15,,23302,30,,,0,55,,23301,30,,,0,14,,23298,30,,,0,15,,23309,30,,,0,14,,23303,30,,,0,55,,23304,30,,,0,15,,23311,30,,,0,15,,23306,30,,,0,15,,23299,30,,,0,55,,23300,30,,,0,14,,23310,30,,,0,15,,23297,30,,,0,14,,23315,30,,,0,55,,23312,30,,,0,15,,23313,30,,,0,15,,23314,30,,,0,16,,23316,30,,,0,60,,23318,30,,,0,20,,23319,30,,,0,20,,23320,30,,,0,60,,23321,30,,,0,20,,23317,30,,,0,20,,23325,30,,,0,60,,23324,30,,,0,21,,23323,30,,,0,27,,23322,30,,,0,70,,23326,30,,,0,30,,23327,30,,,0,70,,23328,30,,,0,30,,23329,30,,,0,69,,23330,30,,,0,29,,23331,30,,,0,70,,23332,30,,,0
1400,'5072',639,,23377,30,,,0,70,,23365,30,,,0,30,,23387,30,,,0,64,,23372,30,,,0,20,,23343,30,,,0,15,,23390,30,,,0,15,,23371,30,,,0,55,,23356,30,,,0,15,,23363,30,,,0,15,,23384,30,,,0,15,,23347,30,,,0,55,,23375,30,,,0,15,,23344,30,,,0,15,,23374,30,,,0,15,,23348,30,,,0,55,,23357,30,,,0,15,,23364,30,,,0,15,,23386,30,,,0,15,,23346,30,,,0,56,,23376,30,,,0,15,,23349,30,,,0,15,,23373,30,,,0,15,,23345,30,,,0,55,,23354,30,,,0,14,,23334,30,,,0,15,,23361,30,,,0,15,,23383,30,,,0,55,,23336,30,,,0,15,,23370,30,,,0,15,,23340,30,,,0,15,,23367,30,,,0,55,,23341,30,,,0,15,,23352,30,,,0,15,,23333,30,,,0,15,,23360,30,,,0,55,,23382,30,,,0,15,,23339,30,,,0,15,,23368,30,,,0,15,,23337,30,,,0,55,,23369,30,,,0,15,,23338,30,,,0,15,,23355,30,,,0,15,,23335,30,,,0,54,,23362,30,,,0,15,,23385,30,,,0,15,,23342,30,,,0,15,,23379,30,,,0,58,,23381,30,,,0,20,,23351,30,,,0,20,,23353,30,,,0,60,,23366,30,,,0,21,,23389,30,,,0,70,,23378,30,,,0,29,,23350,30,,,0,70,,23358,30,,,0,30,,23388,30,,,0,29,,23380,30,,,0,69,,23359,30,,,0
1500,'4487',632,,23976,19,,,0,25,,23963,19,,,0,61,,23961,19,,,0,19,,23962,19,,,0,16,,23938,19,,,0,55,,23974,19,,,0,15,,23956,19,,,0,16,,23935,19,,,0,14,,23960,19,,,0,55,,23959,19,,,0,15,,23937,19,,,0,15,,23975,19,,,0,15,,23957,19,,,0,55,,23936,19,,,0,15,,23958,19,,,0,15,,23955,19,,,0,16,,23930,19,,,0,55,,23934,19,,,0,15,,23973,19,,,0,16,,23954,19,,,0,16,,23933,19,,,0,56,,23953,19,,,0,15,,23952,19,,,0,15,,23932,19,,,0,15,,23931,19,,,0,55,,23972,19,,,0,15,,23951,19,,,0,15,,23929,19,,,0,16,,23949,19,,,0,55,,23950,19,,,0,15,,23927,19,,,0,15,,23928,19,,,0,15,,23971,19,,,0,55,,23948,19,,,0,15,,23926,19,,,0,15,,23947,19,,,0,15,,23946,19,,,0,55,,23924,19,,,0,15,,23925,19,,,0,15,,23970,19,,,0,14,,23945,19,,,0,55,,23920,19,,,0,15,,23941,19,,,0,15,,23943,19,,,0,15,,23922,19,,,0,55,,23923,19,,,0,15,,23969,19,,,0,14,,23942,19,,,0,15,,23921,19,,,0,55,,23940,19,,,0,15,,23944,19,,,0,15,,23939,19,,,0,18,,23966,19,,,0,60,,23967,19,,,0,20,,23968,19,,,0,20,,23965,19,,,0,60,,23964,19,,,0,20,,23978,19,,,0,20,,23977,19,,,0,60,,23979,19,,,0,23,,23980,19,,,0,70,,23981,19,,,0,30,,23982,19,,,0,70,,23983,19,,,0,30,,23984,19,,,0
1500,'4737',532,,23995,19,,,0,20,,24005,19,,,0,59,,23999,19,,,0,16,,24002,19,,,0,17,,23986,19,,,0,56,,24000,19,,,0,16,,23998,19,,,0,15,,24058,19,,,0,14,,24001,19,,,0,12,,23996,19,,,0,51,,24003,19,,,0,11,,23987,19,,,0,11,,24010,19,,,0,11,,23990,19,,,0,11,,24061,1,,,0,51,,23985,19,,,0,11,,24004,19,,,0,12,,24006,19,,,0,11,,24008,19,,,0,14,,24007,19,,,0,55,,24009,19,,,0,15,,23989,19,,,0,15,,23988,19,,,0,15,,23991,19,,,0,55,,24011,19,,,0,15,,24012,19,,,0,15,,24013,19,,,0,15,,23992,19,,,0,55,,24014,19,,,0,15,,24015,19,,,0,15,,24060,19,,,0,15,,24016,19,,,0,55,,23993,19,,,0,15,,24017,19,,,0,15,,23994,19,,,0,15,,24018,19,,,0,55,,24019,19,,,0,16,,24020,19,,,0,15,,24036,19,,,0,15,,24021,19,,,0,55,,24030,19,,,0,13,,24022,19,,,0,15,,24023,19,,,0,15,,24024,19,,,0,55,,24025,19,,,0,15,,24026,19,,,0,15,,24057,19,,,0,15,,24059,19,,,0,55,,24035,19,,,0,15,,24027,19,,,0,14,,24029,19,,,0,16,,24028,19,,,0,54,,24031,19,,,0,15,,24032,19,,,0,17,,24033,19,,,0,15,,24034,19,,,0,55,,24041,19,,,0,14,,24043,19,,,0,15,,24042,19,,,0,20,,24037,19,,,0,60,,24044,19,,,0,20,,24040,19,,,0,20,,24045,19,,,0,60,,24039,19,,,0,20,,24046,19,,,0,20,,24047,19,,,0,60,,24048,19,,,0,25,,24049,19,,,0,70,,24038,19,,,0,30,,24050,19,,,0,70,,24051,19,,,0,30,,24052,19,,,0,70,,24053,19,,,0,30,,24055,19,,,0,70,,24054,19,,,0,30,,24056,19,,,0
1500,'4744',532,,24072,19,,,0,20,,24082,19,,,0,59,,24076,19,,,0,16,,24079,19,,,0,17,,24063,19,,,0,56,,24077,19,,,0,16,,24075,19,,,0,15,,24131,19,,,0,14,,24078,19,,,0,12,,24073,19,,,0,51,,24080,19,,,0,11,,24064,19,,,0,11,,24087,19,,,0,11,,24067,19,,,0,11,,24134,1,,,0,51,,24062,19,,,0,11,,24081,19,,,0,12,,24083,19,,,0,11,,24085,19,,,0,14,,24084,19,,,0,55,,24086,19,,,0,15,,24066,19,,,0,15,,24065,19,,,0,15,,24068,19,,,0,55,,24088,19,,,0,15,,24089,19,,,0,15,,24090,19,,,0,15,,24069,19,,,0,55,,24091,19,,,0,15,,24092,19,,,0,15,,24133,19,,,0,15,,24093,19,,,0,55,,24070,19,,,0,15,,24094,19,,,0,15,,24071,19,,,0,15,,24095,19,,,0,55,,24096,19,,,0,16,,24097,19,,,0,15,,24113,19,,,0,15,,24098,19,,,0,55,,24107,19,,,0,13,,24099,19,,,0,15,,24100,19,,,0,15,,24101,19,,,0,55,,24102,19,,,0,15,,24103,19,,,0,15,,24130,19,,,0,15,,24132,19,,,0,55,,24112,19,,,0,15,,24104,19,,,0,14,,24106,19,,,0,16,,24105,19,,,0,54,,24108,19,,,0,15,,24109,19,,,0,17,,24110,19,,,0,15,,24111,19,,,0,55,,24118,19,,,0,14,,24120,19,,,0,15,,24119,19,,,0,20,,24114,19,,,0,60,,24121,19,,,0,20,,24117,19,,,0,20,,24122,19,,,0,60,,24116,19,,,0,20,,24123,19,,,0,20,,24124,19,,,0,60,,24125,19,,,0,25,,24126,19,,,0,70,,24115,19,,,0,30,,24127,19,,,0,70,,24128,19,,,0,30,,24129,19,,,0
1500,'4745',654,,24175,19,,,0,70,,24174,19,,,0,28,,24150,19,,,0,61,,24153,19,,,0,17,,24191,19,,,0,16,,24140,19,,,0,55,,24152,19,,,0,15,,24139,19,,,0,15,,24135,19,,,0,15,,24154,19,,,0,55,,24144,19,,,0,15,,24156,19,,,0,15,,24136,19,,,0,15,,24141,19,,,0,55,,24137,19,,,0,15,,24138,19,,,0,15,,24159,19,,,0,15,,24148,19,,,0,55,,24157,19,,,0,15,,24145,19,,,0,15,,24147,19,,,0,15,,24142,19,,,0,55,,24143,19,,,0,15,,24160,19,,,0,15,,24149,19,,,0,16,,24161,19,,,0,55,,24146,19,,,0,14,,24162,19,,,0,15,,24163,19,,,0,15,,24158,19,,,0,55,,24173,19,,,0,15,,24169,19,,,0,15,,24167,19,,,0,15,,24165,19,,,0,55,,24170,19,,,0,15,,24172,19,,,0,15,,24166,19,,,0,15,,24168,19,,,0,55,,24171,19,,,0,14,,24164,19,,,0,15,,24151,19,,,0,15,,24155,19,,,0,55,,24179,19,,,0,15,,24178,19,,,0,15,,24177,19,,,0,15,,24181,19,,,0,55,,24186,19,,,0,20,,24183,19,,,0,20,,24176,19,,,0,60,,24182,19,,,0,19,,24185,19,,,0,27,,24184,19,,,0,69,,24180,19,,,0,30,,24187,19,,,0,70,,24188,19,,,0,29,,24190,19,,,0,70,,24189,19,,,0
1500,'5066',532,,24202,19,,,0,20,,24212,19,,,0,59,,24206,19,,,0,16,,24209,19,,,0,17,,24193,19,,,0,56,,24207,19,,,0,16,,24205,19,,,0,15,,24261,19,,,0,14,,24208,19,,,0,12,,24203,19,,,0,51,,24210,19,,,0,11,,24194,19,,,0,11,,24217,19,,,0,11,,24197,19,,,0,11,,24264,1,,,0,51,,24192,19,,,0,11,,24211,19,,,0,12,,24213,19,,,0,11,,24215,19,,,0,14,,24214,19,,,0,55,,24216,19,,,0,15,,24196,19,,,0,15,,24195,19,,,0,15,,24198,19,,,0,55,,24218,19,,,0,15,,24219,19,,,0,15,,24220,19,,,0,15,,24199,19,,,0,55,,24221,19,,,0,15,,24222,19,,,0,15,,24263,19,,,0,15,,24223,19,,,0,55,,24200,19,,,0,15,,24224,19,,,0,15,,24201,19,,,0,15,,24225,19,,,0,55,,24226,19,,,0,16,,24227,19,,,0,15,,24243,19,,,0,15,,24228,19,,,0,55,,24237,19,,,0,13,,24229,19,,,0,15,,24230,19,,,0,15,,24231,19,,,0,55,,24232,19,,,0,15,,24233,19,,,0,15,,24260,19,,,0,15,,24262,19,,,0,55,,24242,19,,,0,15,,24234,19,,,0,14,,24236,19,,,0,16,,24235,19,,,0,54,,24238,19,,,0,15,,24239,19,,,0,17,,24240,19,,,0,15,,24241,19,,,0,55,,24248,19,,,0,14,,24250,19,,,0,15,,24249,19,,,0,20,,24244,19,,,0,60,,24251,19,,,0,20,,24247,19,,,0,20,,24252,19,,,0,60,,24246,19,,,0,20,,24253,19,,,0,20,,24254,19,,,0,60,,24255,19,,,0,25,,24256,19,,,0,70,,24245,19,,,0,30,,24257,19,,,0,70,,24258,19,,,0,30,,24259,19,,,0
1500,'5070',632,,24321,19,,,0,25,,24308,19,,,0,61,,24306,19,,,0,19,,24307,19,,,0,16,,24283,19,,,0,55,,24319,19,,,0,15,,24301,19,,,0,16,,24280,19,,,0,14,,24305,19,,,0,55,,24304,19,,,0,15,,24282,19,,,0,15,,24320,19,,,0,15,,24302,19,,,0,55,,24281,19,,,0,15,,24303,19,,,0,15,,24300,19,,,0,16,,24275,19,,,0,55,,24279,19,,,0,15,,24318,19,,,0,16,,24299,19,,,0,16,,24278,19,,,0,56,,24298,19,,,0,15,,24297,19,,,0,15,,24277,19,,,0,15,,24276,19,,,0,55,,24317,19,,,0,15,,24296,19,,,0,15,,24274,19,,,0,16,,24294,19,,,0,55,,24295,19,,,0,15,,24272,19,,,0,15,,24273,19,,,0,15,,24316,19,,,0,55,,24293,19,,,0,15,,24271,19,,,0,15,,24292,19,,,0,15,,24291,19,,,0,55,,24269,19,,,0,15,,24270,19,,,0,15,,24315,19,,,0,14,,24290,19,,,0,55,,24265,19,,,0,15,,24286,19,,,0,15,,24288,19,,,0,15,,24267,19,,,0,55,,24268,19,,,0,15,,24314,19,,,0,14,,24287,19,,,0,15,,24266,19,,,0,55,,24285,19,,,0,15,,24289,19,,,0,15,,24284,19,,,0,18,,24311,19,,,0,60,,24312,19,,,0,20,,24313,19,,,0,20,,24310,19,,,0,60,,24309,19,,,0,20,,24323,19,,,0,20,,24322,19,,,0,60,,24324,19,,,0,23,,24325,19,,,0,70,,24326,19,,,0,30,,24327,19,,,0,70,,24328,19,,,0,30,,24329,19,,,0,69,,24330,19,,,0,29,,24331,19,,,0,70,,24332,19,,,0,30,,24333,19,,,0
1500,'5072',654,,24374,19,,,0,70,,24373,19,,,0,28,,24349,19,,,0,61,,24352,19,,,0,17,,24390,19,,,0,16,,24339,19,,,0,55,,24351,19,,,0,15,,24338,19,,,0,15,,24334,19,,,0,15,,24353,19,,,0,55,,24343,19,,,0,15,,24355,19,,,0,15,,24335,19,,,0,15,,24340,19,,,0,55,,24336,19,,,0,15,,24337,19,,,0,15,,24358,19,,,0,15,,24347,19,,,0,55,,24356,19,,,0,15,,24344,19,,,0,15,,24346,19,,,0,15,,24341,19,,,0,55,,24342,19,,,0,15,,24359,19,,,0,15,,24348,19,,,0,16,,24360,19,,,0,55,,24345,19,,,0,14,,24361,19,,,0,15,,24362,19,,,0,15,,24357,19,,,0,55,,24372,19,,,0,15,,24368,19,,,0,15,,24366,19,,,0,15,,24364,19,,,0,55,,24369,19,,,0,15,,24371,19,,,0,15,,24365,19,,,0,15,,24367,19,,,0,55,,24370,19,,,0,14,,24363,19,,,0,15,,24350,19,,,0,15,,24354,19,,,0,55,,24378,19,,,0,15,,24377,19,,,0,15,,24376,19,,,0,15,,24380,19,,,0,55,,24385,19,,,0,20,,24382,19,,,0,20,,24375,19,,,0,60,,24381,19,,,0,19,,24384,19,,,0,27,,24383,19,,,0,69,,24379,19,,,0,30,,24386,19,,,0,70,,24387,19,,,0,29,,24389,19,,,0,70,,24388,19,,,0
2201,'4487',736,,25601,40,,,0,79,,25612,40,,,0,29,,25597,40,,,0,69,,25591,40,,,0,31,,25600,40,,,0,70,,25613,40,,,0,29,,25596,40,,,0,69,,25595,40,,,0,31,,25598,40,,,0,69,,25593,40,,,0,28,,25617,40,,,0,70,,25594,40,,,0,29,,25599,40,,,0,70,,25592,40,,,0,30,,25605,40,,,0,70,,25616,40,,,0,29,,25607,40,,,0,71,,25603,40,,,0,31,,25606,40,,,0,74,,25608,40,,,0,31,,25604,40,,,0,71,,25602,40,,,0,30,,25610,40,,,0,71,,25609,40,,,0,27,,25615,40,,,0,68,,25611,40,,,0,32,,25618,40,,,0,70,,25614,40,,,0
2201,'4737',619,,25637,47,,,0,29,,25627,47,,,0,90,,25621,40,,,0,67,,25626,53,,,0,32,,25638,53,,,0,71,,25628,53,,,0,100,,25622,53,,,0,30,,25625,53,,,0,70,,25639,53,,,0,98,,25642,53,,,0,30,,25620,40,,,0,69,,25629,40,,,0,100,,25630,40,,,0,32,,25643,40,,,0,102,,25631,40,,,0,71,,25640,40,,,0,30,,25632,40,,,0,97,,25623,40,,,0,76,,25633,40,,,0,98,,25634,40,,,0,31,,25624,40,,,0,101,,25641,40,,,0,71,,25636,40,,,0
2201,'4744',619,,25661,47,,,0,29,,25651,47,,,0,90,,25645,40,,,0,67,,25650,53,,,0,32,,25662,53,,,0,71,,25652,53,,,0,100,,25646,53,,,0,30,,25649,53,,,0,70,,25663,53,,,0,98,,25666,53,,,0,30,,25644,40,,,0,69,,25653,40,,,0,100,,25654,40,,,0,32,,25667,40,,,0,102,,25655,40,,,0,71,,25664,40,,,0,30,,25656,40,,,0,97,,25647,40,,,0,76,,25657,40,,,0,98,,25658,40,,,0,31,,25648,40,,,0,101,,25665,40,,,0,71,,25660,40,,,0
2201,'4745',805,,25676,40,,,0,40,,25677,40,,,0,69,,25668,40,,,0,28,,25669,40,,,0,70,,25679,40,,,0,30,,25678,40,,,0,69,,25670,40,,,0,30,,25672,40,,,0,70,,25673,40,,,0,30,,25671,40,,,0,68,,25675,40,,,0,30,,25674,40,,,0,70,,25681,40,,,0,30,,25682,40,,,0,70,,25680,40,,,0,30,,25684,40,,,0,74,,25683,40,,,0,30,,25686,40,,,0,70,,25685,40,,,0,30,,25687,40,,,0,72,,25688,40,,,0,30,,25689,40,,,0
2201,'5066',619,,25710,47,,,0,29,,25700,47,,,0,90,,25694,40,,,0,67,,25699,53,,,0,32,,25711,53,,,0,71,,25701,53,,,0,100,,25695,53,,,0,30,,25698,53,,,0,70,,25712,53,,,0,98,,25715,53,,,0,30,,25693,40,,,0,69,,25702,40,,,0,100,,25703,40,,,0,32,,25716,40,,,0,102,,25704,40,,,0,71,,25713,40,,,0,30,,25705,40,,,0,97,,25696,40,,,0,76,,25706,40,,,0,98,,25707,40,,,0,31,,25697,40,,,0,101,,25714,40,,,0,71,,25709,40,,,0
2201,'5070',736,,25727,40,,,0,79,,25738,40,,,0,29,,25723,40,,,0,69,,25717,40,,,0,31,,25726,40,,,0,70,,25739,40,,,0,29,,25722,40,,,0,69,,25721,40,,,0,31,,25724,40,,,0,69,,25719,40,,,0,28,,25743,40,,,0,70,,25720,40,,,0,29,,25725,40,,,0,70,,25718,40,,,0,30,,25731,40,,,0,70,,25742,40,,,0,29,,25733,40,,,0,71,,25729,40,,,0,31,,25732,40,,,0,74,,25734,40,,,0,31,,25730,40,,,0,71,,25728,40,,,0,30,,25736,40,,,0,71,,25735,40,,,0,27,,25741,40,,,0,68,,25737,40,,,0,32,,25744,40,,,0,70,,25740,40,,,0
2201,'5072',805,,25754,40,,,0,40,,25755,40,,,0,69,,25746,40,,,0,28,,25747,40,,,0,70,,25757,40,,,0,30,,25756,40,,,0,69,,25748,40,,,0,30,,25750,40,,,0,70,,25751,40,,,0,30,,25749,40,,,0,68,,25753,40,,,0,30,,25752,40,,,0,70,,25759,40,,,0,30,,25760,40,,,0,70,,25758,40,,,0,30,,25762,40,,,0,74,,25761,40,,,0,30,,25764,40,,,0,70,,25763,40,,,0,30,,25765,40,,,0,72,,25766,40,,,0,30,,25767,40,,,0
1000600,'4487',641,,35559,2,,,0,98,,35560,2,,,0,110,,35561,2,,,0,98,,35562,2,,,0,102,,35563,2,,,0,88,,35564,2,,,0,88,,35565,2,,,0,88,,35566,2,,,0,46,,35567,2,,,0,80,,35568,2,,,0,83,,35569,2,,,0,81,,35570,2,,,0,41,,35571,2,,,0,97,,35572,2,,,0,100,,35573,2,,,0,98,,35574,2,,,0,105,,35575,2,,,0,93,,35576,2,,,0,164,,35577,2,,,0,55,,35578,2,,,0
1000600,'4737',558,,35602,2,,,0,97,,35587,2,,,0,88,,35593,2,,,0,80,,35588,2,,,0,79,,35582,2,,,0,47,,35589,2,,,0,86,,35594,2,,,0,87,,35585,2,,,0,88,,35596,2,,,0,49,,35600,2,,,0,90,,35603,2,,,0,82,,35599,2,,,0,80,,35597,2,,,0,29,,35579,2,,,0,71,,35601,2,,,0,30,,35595,2,,,0,69,,35590,2,,,0,29,,35580,2,,,0,72,,35598,2,,,0,46,,35586,2,,,0,96,,35591,2,,,0,94,,35581,2,,,0,94,,35583,2,,,0,110,,35584,2,,,0,100,,35592,2,,,0
1000600,'4744',558,,35627,2,,,0,97,,35612,2,,,0,88,,35618,2,,,0,80,,35613,2,,,0,79,,35607,2,,,0,47,,35614,2,,,0,86,,35619,2,,,0,87,,35610,2,,,0,88,,35621,2,,,0,49,,35625,2,,,0,90,,35628,2,,,0,82,,35624,2,,,0,80,,35622,2,,,0,29,,35604,2,,,0,71,,35626,2,,,0,30,,35620,2,,,0,69,,35615,2,,,0,29,,35605,2,,,0,72,,35623,2,,,0,46,,35611,2,,,0,96,,35616,2,,,0,94,,35606,2,,,0,94,,35608,2,,,0,110,,35609,2,,,0,100,,35617,2,,,0
1000600,'4745',731,,35637,2,,,0,110,,35638,2,,,0,100,,35643,2,,,0,104,,35629,2,,,0,101,,35632,2,,,0,103,,35630,2,,,0,100,,35644,2,,,0,100,,35631,2,,,0,100,,35633,2,,,0,100,,35634,2,,,0,100,,35636,2,,,0,98,,35635,2,,,0,111,,35639,2,,,0,91,,35640,2,,,0,152,,35642,2,,,0,55,,35641,2,,,0
1000600,'5066',558,,35668,2,,,0,97,,35653,2,,,0,88,,35659,2,,,0,80,,35654,2,,,0,79,,35648,2,,,0,47,,35655,2,,,0,86,,35660,2,,,0,87,,35651,2,,,0,88,,35662,2,,,0,49,,35666,2,,,0,90,,35669,2,,,0,82,,35665,2,,,0,80,,35663,2,,,0,29,,35645,2,,,0,71,,35667,2,,,0,30,,35661,2,,,0,69,,35656,2,,,0,29,,35646,2,,,0,72,,35664,2,,,0,46,,35652,2,,,0,96,,35657,2,,,0,94,,35647,2,,,0,94,,35649,2,,,0,110,,35650,2,,,0,100,,35658,2,,,0
1000600,'5070',641,,35670,2,,,0,98,,35671,2,,,0,110,,35672,2,,,0,98,,35673,2,,,0,102,,35674,2,,,0,88,,35675,2,,,0,88,,35676,2,,,0,88,,35677,2,,,0,46,,35678,2,,,0,80,,35679,2,,,0,83,,35680,2,,,0,81,,35681,2,,,0,41,,35682,2,,,0,97,,35683,2,,,0,100,,35684,2,,,0,98,,35685,2,,,0,105,,35686,2,,,0,93,,35687,2,,,0,164,,35688,2,,,0,55,,35689,2,,,0
1000600,'5072',731,,35698,2,,,0,110,,35699,2,,,0,100,,35704,2,,,0,104,,35690,2,,,0,101,,35693,2,,,0,103,,35691,2,,,0,100,,35705,2,,,0,100,,35692,2,,,0,100,,35694,2,,,0,100,,35695,2,,,0,100,,35697,2,,,0,98,,35696,2,,,0,111,,35700,2,,,0,91,,35701,2,,,0,152,,35703,2,,,0,55,,35702,2,,,0
1002201,'4737',719,,35870,41,,,0,218,,35869,41,,,0,200,,35865,41,,,0,198,,35867,28,,,0,174,,35864,28,,,0,200,,35871,28,,,0,132,,35868,28,,,0,172,,35866,28,,,0
1002201,'4744',719,,35879,41,,,0,218,,35878,41,,,0,200,,35874,41,,,0,198,,35876,28,,,0,174,,35873,28,,,0,200,,35880,28,,,0,132,,35877,28,,,0,172,,35875,28,,,0
1002201,'5066',719,,35888,41,,,0,218,,35887,41,,,0,200,,35883,41,,,0,198,,35885,28,,,0,174,,35882,28,,,0,200,,35889,28,,,0,132,,35886,28,,,0,172,,35884,28,,,0
2000600,'4737',628,,36045,2,,,0,91,,36041,2,,,0,84,,36048,2,,,0,39,,36040,2,,,0,83,,36049,2,,,0,87,,36050,2,,,0,47,,36053,2,,,0,87,,36039,2,,,0,88,,36043,2,,,0,90,,36046,2,,,0,87,,36035,2,,,0,40,,36036,2,,,0,74,,36052,2,,,0,32,,36042,2,,,0,70,,36038,2,,,0,28,,36037,2,,,0,70,,36051,2,,,0,31,,36047,2,,,0,77,,36044,2,,,0,90,,36054,2,,,0
2000600,'4744',628,,36065,2,,,0,91,,36061,2,,,0,84,,36068,2,,,0,39,,36060,2,,,0,83,,36069,2,,,0,87,,36070,2,,,0,47,,36073,2,,,0,87,,36059,2,,,0,88,,36063,2,,,0,90,,36066,2,,,0,87,,36055,2,,,0,40,,36056,2,,,0,74,,36072,2,,,0,32,,36062,2,,,0,70,,36058,2,,,0,28,,36057,2,,,0,70,,36071,2,,,0,31,,36067,2,,,0,77,,36064,2,,,0,90,,36074,2,,,0
2000600,'5066',628,,36085,2,,,0,91,,36081,2,,,0,84,,36088,2,,,0,39,,36080,2,,,0,83,,36089,2,,,0,87,,36090,2,,,0,47,,36093,2,,,0,87,,36079,2,,,0,88,,36083,2,,,0,90,,36086,2,,,0,87,,36075,2,,,0,40,,36076,2,,,0,74,,36092,2,,,0,32,,36082,2,,,0,70,,36078,2,,,0,28,,36077,2,,,0,70,,36091,2,,,0,31,,36087,2,,,0,77,,36084,2,,,0,90,,36094,2,,,0
