5200,'4532',648,,73041,36,,,0,70,,73040,36,,,0,41,,73035,36,,,0,75,,73043,36,,,0,71,,73038,36,,,0,33,,73024,36,,,0,70,,73031,36,,,0,30,,73050,36,,,0,72,,73029,36,,,0,34,,73026,36,,,0,73,,73032,36,,,0,32,,73052,36,,,0,75,,73027,36,,,0,33,,73025,36,,,0,76,,73034,36,,,0,26,,73051,36,,,0,74,,73030,36,,,0,72,,73037,36,,,0,35,,73033,36,,,0,69,,73048,36,,,0,30,,73028,36,,,0,69,,73039,36,,,0,22,,73045,36,,,0,25,,73036,36,,,0,64,,73044,36,,,0,24,,73047,36,,,0,68,,73046,36,,,0,28,,73042,36,,,0,70,,73049,36,,,0,100,,73053,36,,,0,93,,73054,36,,,0,108,,73055,36,,,0
5200,'4623',514,,72979,36,,,0,31,,72988,36,,,0,74,,72968,36,,,0,18,,72956,36,,,0,63,,72980,36,,,0,21,,72961,36,,,0,29,,72989,36,,,0,74,,72969,36,,,0,27,,72957,36,,,0,68,,72981,36,,,0,31,,72962,36,,,0,67,,72990,36,,,0,30,,72963,36,,,0,75,,72970,36,,,0,33,,72958,36,,,0,71,,72982,36,,,0,29,,72964,36,,,0,78,,72971,36,,,0,74,,72959,36,,,0,33,,72983,36,,,0,70,,72965,36,,,0,34,,72972,36,,,0,73,,72973,36,,,0,30,,72960,36,,,0,67,,72984,36,,,0,28,,72966,36,,,0,73,,72974,36,,,0,29,,72975,36,,,0,75,,72985,36,,,0,28,,72967,36,,,0,69,,72977,36,,,0,29,,72976,36,,,0,71,,72986,36,,,0,94,,72978,36,,,0,100,,72987,36,,,0,100,,72991,36,,,0
5200,'4832',718,,73113,36,,,0,32,,73095,36,,,0,81,,73098,36,,,0,71,,73112,36,,,0,32,,73106,36,,,0,72,,73094,36,,,0,31,,73097,36,,,0,72,,73108,36,,,0,31,,73102,36,,,0,72,,73093,36,,,0,33,,73096,36,,,0,70,,73111,36,,,0,31,,73104,36,,,0,78,,73092,36,,,0,29,,73100,36,,,0,74,,73110,36,,,0,74,,73103,36,,,0,33,,73119,36,,,0,69,,73099,36,,,0,30,,73109,36,,,0,68,,73105,36,,,0,30,,73107,36,,,0,69,,73101,36,,,0,29,,73115,36,,,0,79,,73114,36,,,0,99,,73116,36,,,0,98,,73118,36,,,0,106,,73117,36,,,0
5200,'5222',514,,73079,36,,,0,31,,73088,36,,,0,74,,73068,36,,,0,18,,73056,36,,,0,63,,73080,36,,,0,21,,73061,36,,,0,29,,73089,36,,,0,74,,73069,36,,,0,27,,73057,36,,,0,68,,73081,36,,,0,31,,73062,36,,,0,67,,73090,36,,,0,30,,73063,36,,,0,75,,73070,36,,,0,33,,73058,36,,,0,71,,73082,36,,,0,29,,73064,36,,,0,78,,73071,36,,,0,74,,73059,36,,,0,33,,73083,36,,,0,70,,73065,36,,,0,34,,73072,36,,,0,73,,73073,36,,,0,30,,73060,36,,,0,67,,73084,36,,,0,28,,73066,36,,,0,73,,73074,36,,,0,29,,73075,36,,,0,75,,73085,36,,,0,28,,73067,36,,,0,69,,73077,36,,,0,29,,73076,36,,,0,71,,73086,36,,,0,94,,73078,36,,,0,100,,73087,36,,,0,100,,73091,36,,,0
5200,'5390',718,,73141,36,,,0,32,,73123,36,,,0,81,,73126,36,,,0,71,,73140,36,,,0,32,,73134,36,,,0,72,,73122,36,,,0,31,,73125,36,,,0,72,,73136,36,,,0,31,,73130,36,,,0,72,,73121,36,,,0,33,,73124,36,,,0,70,,73139,36,,,0,31,,73132,36,,,0,78,,73120,36,,,0,29,,73128,36,,,0,74,,73138,36,,,0,74,,73131,36,,,0,33,,73147,36,,,0,69,,73127,36,,,0,30,,73137,36,,,0,68,,73133,36,,,0,30,,73135,36,,,0,69,,73129,36,,,0,29,,73143,36,,,0,79,,73142,36,,,0,99,,73144,36,,,0,98,,73146,36,,,0,106,,73145,36,,,0
5401,'4532',738,,73509,18,,,0,201,,73506,18,,,0,211,,73507,18,,,0,205,,73508,18,,,0,251,,73505,18,,,0,209,,73504,18,,,0,224,,73503,18,,,0
5401,'4623',542,,73486,18,,,0,170,,73489,18,,,0,132,,73490,18,,,0,256,,73491,18,,,0,158,,73487,18,,,0,171,,73492,18,,,0,106,,73488,18,,,0,185,,73493,18,,,0,190,,73494,18,,,0,199,,73495,18,,,0
5401,'4832',738,,73522,18,,,0,201,,73523,18,,,0,211,,73520,18,,,0,205,,73521,18,,,0,250,,73524,18,,,0,210,,73526,18,,,0,224,,73525,18,,,0
5401,'5222',542,,73510,18,,,0,170,,73513,18,,,0,132,,73514,18,,,0,256,,73515,18,,,0,158,,73511,18,,,0,171,,73516,18,,,0,106,,73512,18,,,0,185,,73517,18,,,0,190,,73518,18,,,0,199,,73519,18,,,0
5401,'5390',738,,73529,18,,,0,201,,73530,18,,,0,211,,73527,18,,,0,205,,73528,18,,,0,250,,73531,18,,,0,210,,73533,18,,,0,224,,73532,18,,,0
5901,'4532',710,,74164,35,,,0,100,,74165,35,,,0,101,,74166,35,,,0,101,,74162,35,,,0,106,,74163,35,,,0,105,,74161,35,,,0,105,,74160,35,,,0,105,,74159,35,,,0,106,,74158,35,,,0,102,,74157,35,,,0,103,,74156,35,,,0,104,,74155,35,,,0,105,,74154,35,,,0,160,,74153,35,,,0
5901,'4623',710,,74129,35,,,0,31,,74122,35,,,0,104,,74123,35,,,0,103,,74124,35,,,0,101,,74125,35,,,0,97,,74130,35,,,0,103,,74131,35,,,0,104,,74132,35,,,0,105,,74133,35,,,0,144,,74126,35,,,0,40,,74127,35,,,0,83,,74134,35,,,0,82,,74135,35,,,0,41,,74128,35,,,0,103,,74136,35,,,0,104,,74138,35,,,0,154,,74137,35,,,0
5901,'4832',810,,74185,35,,,0,101,,74184,35,,,0,101,,74186,35,,,0,106,,74188,35,,,0,105,,74187,35,,,0,105,,74191,35,,,0,105,,74192,35,,,0,106,,74190,35,,,0,102,,74189,35,,,0,103,,74195,35,,,0,104,,74194,35,,,0,105,,74196,35,,,0,160,,74193,35,,,0
5901,'5222',710,,74174,35,,,0,31,,74167,35,,,0,104,,74168,35,,,0,103,,74169,35,,,0,101,,74170,35,,,0,97,,74175,35,,,0,103,,74176,35,,,0,104,,74177,35,,,0,105,,74178,35,,,0,144,,74171,35,,,0,40,,74172,35,,,0,83,,74179,35,,,0,82,,74180,35,,,0,41,,74173,35,,,0,103,,74181,35,,,0,104,,74183,35,,,0,154,,74182,35,,,0
5901,'5390',810,,74198,35,,,0,101,,74197,35,,,0,101,,74199,35,,,0,106,,74201,35,,,0,105,,74200,35,,,0,105,,74204,35,,,0,105,,74205,35,,,0,106,,74203,35,,,0,102,,74202,35,,,0,103,,74208,35,,,0,104,,74207,35,,,0,105,,74209,35,,,0,160,,74206,35,,,0
