6101,'4663',531,,60873,20,,,0,28,,60874,20,,,0,67,,60877,20,,,0,27,,60887,20,,,0,78,,60883,20,,,0,78,,60872,20,,,0,38,,60875,20,,,0,65,,60886,20,,,0,34,,60879,20,,,0,88,,60876,20,,,0,77,,60884,20,,,0,37,,60880,20,,,0,77,,60878,20,,,0,77,,60885,20,,,0,26,,60881,20,,,0,77,,60882,20,,,0,31,,60890,20,,,0,71,,60893,20,,,0,32,,60895,20,,,0,68,,60888,43,,,0,16,,60900,20,,,0,15,,60889,43,,,0,74,,60897,43,,,0,22,,60899,43,,,0,16,,60891,43,,,0,61,,60903,43,,,0,37,,60894,43,,,0,53,,60896,20,,,0,30,,60898,20,,,0,86,,60902,20,,,0,89,,60901,20,,,0,98,,60904,20,,,0,44,,60906,20,,,0,97,,60907,20,,,0,85,,60905,20,,,0,99,,60908,20,,,0
6101,'5372',531,,50753,20,,,0,28,,46155,20,,,0,67,,46158,20,,,0,27,,46168,20,,,0,78,,46164,20,,,0,78,,46153,20,,,0,38,,46156,20,,,0,65,,46167,20,,,0,34,,46160,20,,,0,88,,50754,20,,,0,77,,51819,20,,,0,37,,46161,20,,,0,77,,46159,20,,,0,77,,51820,20,,,0,26,,46162,20,,,0,77,,46163,20,,,0,31,,51823,20,,,0,71,,46173,20,,,0,32,,46176,20,,,0,68,,51821,43,,,0,16,,46181,20,,,0,15,,51822,43,,,0,74,,51827,43,,,0,22,,51828,43,,,0,16,,51824,43,,,0,61,,51830,43,,,0,37,,51825,43,,,0,53,,60909,20,,,0,30,,46179,20,,,0,86,,51829,20,,,0,89,,46182,20,,,0,98,,46185,20,,,0,44,,46187,20,,,0,97,,46188,20,,,0,85,,46186,20,,,0
6101,'5377',608,,46256,19,,,0,102,,46257,19,,,0,34,,46258,20,,,0,89,,46255,20,,,0,94,,46259,20,,,0,86,,46260,20,,,0,87,,46261,20,,,0,47,,46262,20,,,0,103,,50742,20,,,0,86,,46264,20,,,0,101,,50743,20,,,0,85,,46266,20,,,0,101,,46267,20,,,0,80,,46268,20,,,0,100,,46269,20,,,0,50,,46270,20,,,0,97,,46271,20,,,0,100,,46272,20,,,0,81,,50744,20,,,0,100,,46274,20,,,0,96,,50745,20,,,0
6101,'5383',603,,60910,19,,,0,56,,60911,20,,,0,78,,60912,20,,,0,101,,60913,20,,,0,83,,60914,20,,,0,89,,60915,20,,,0,31,,60916,20,,,0,87,,60917,20,,,0,72,,60918,20,,,0,32,,60919,20,,,0,84,,60920,20,,,0,38,,60921,20,,,0,76,,60922,20,,,0,76,,60923,20,,,0,26,,60924,20,,,0,76,,60925,20,,,0,38,,60926,20,,,0,73,,60927,20,,,0,34,,60928,20,,,0,76,,60929,20,,,0,76,,60930,20,,,0,36,,60931,20,,,0,81,,60932,20,,,0,83,,60933,20,,,0,98,,60934,20,,,0,46,,60935,20,,,0,99,,60936,20,,,0,83,,60937,20,,,0,100,,60938,20,,,0
6101,'5384',608,,60940,19,,,0,102,,60941,19,,,0,34,,60942,20,,,0,89,,60939,20,,,0,94,,60943,20,,,0,86,,60944,20,,,0,87,,60945,20,,,0,47,,60946,20,,,0,103,,60947,20,,,0,86,,60948,20,,,0,101,,60949,20,,,0,85,,60950,20,,,0,101,,60951,20,,,0,80,,60952,20,,,0,100,,60953,20,,,0,50,,60954,20,,,0,97,,60955,20,,,0,100,,60956,20,,,0,81,,60957,20,,,0,100,,60958,20,,,0,96,,60959,20,,,0
6101,'5385',531,,60961,20,,,0,28,,60962,20,,,0,67,,60965,20,,,0,27,,60975,20,,,0,78,,60971,20,,,0,78,,60960,20,,,0,38,,60963,20,,,0,65,,60974,20,,,0,34,,60967,20,,,0,88,,60964,20,,,0,77,,60972,20,,,0,37,,60968,20,,,0,77,,60966,20,,,0,77,,60973,20,,,0,26,,60969,20,,,0,77,,60970,20,,,0,31,,60978,20,,,0,71,,60980,20,,,0,32,,60983,20,,,0,68,,60976,43,,,0,16,,60988,20,,,0,15,,60977,43,,,0,74,,60985,43,,,0,22,,60987,43,,,0,16,,60979,43,,,0,61,,60991,43,,,0,37,,60982,43,,,0,53,,60984,20,,,0,30,,60986,20,,,0,86,,60990,20,,,0,89,,60989,20,,,0,98,,60992,20,,,0,44,,60994,20,,,0,97,,60995,20,,,0,85,,60993,20,,,0
6501,'4663',1656,,61041,38,,,0,68,,61040,38,,,0,32,,61043,38,,,0,69,,61042,38,,,0
6501,'5372',1756,,51848,38,,,0,69,,51847,38,,,0
6501,'5373',1656,,61045,38,,,0,68,,61044,38,,,0
6501,'5381',1656,,61047,38,,,0,68,,61046,38,,,0
6501,'5385',1756,,61049,38,,,0,69,,61048,38,,,0
6501,'5387',1656,,61051,38,,,0,68,,61050,38,,,0
6501,'5388',1656,,61053,38,,,0,68,,61052,38,,,0
