5200,'4663',512,,59709,33,,,0,31,,59718,33,,,0,71,,59712,33,,,0,20,,59723,33,,,0,20,,59710,33,,,0,63,,59731,33,,,0,29,,59717,33,,,0,65,,59746,33,,,0,10,,59711,33,,,0,16,,59739,33,,,0,10,,59722,33,,,0,70,,59713,33,,,0,31,,59730,33,,,0,66,,59716,33,,,0,30,,59714,33,,,0,75,,59715,33,,,0,31,,59732,33,,,0,71,,59719,33,,,0,30,,59720,33,,,0,76,,59721,33,,,0,74,,59729,33,,,0,34,,59724,33,,,0,71,,59725,33,,,0,34,,59741,33,,,0,71,,59726,33,,,0,31,,59728,33,,,0,68,,59727,33,,,0,29,,59733,33,,,0,71,,59742,33,,,0,30,,59734,33,,,0,74,,59735,33,,,0,29,,59736,33,,,0,69,,59743,33,,,0,26,,59737,33,,,0,72,,59738,33,,,0,96,,59744,33,,,0,98,,59740,33,,,0,103,,59747,33,,,0
5200,'5372',512,,44768,33,,,0,31,,44777,33,,,0,71,,44771,33,,,0,20,,44782,33,,,0,20,,44769,33,,,0,63,,44790,33,,,0,29,,44776,33,,,0,65,,44805,33,,,0,10,,44770,33,,,0,16,,44798,33,,,0,10,,44781,33,,,0,70,,44772,33,,,0,31,,44789,33,,,0,66,,44775,33,,,0,30,,44773,33,,,0,75,,44774,33,,,0,31,,44791,33,,,0,71,,44778,33,,,0,30,,44779,33,,,0,76,,44780,33,,,0,74,,44788,33,,,0,34,,44783,33,,,0,71,,44784,33,,,0,34,,51754,33,,,0,71,,44785,33,,,0,31,,44787,33,,,0,68,,44786,33,,,0,29,,44792,33,,,0,71,,44801,33,,,0,30,,44793,33,,,0,74,,44794,33,,,0,29,,44795,33,,,0,69,,44802,33,,,0,26,,44796,33,,,0,72,,44797,33,,,0,96,,44803,33,,,0,98,,44799,33,,,0,103,,44806,33,,,0
5200,'5377',715,,44899,33,,,0,32,,44881,33,,,0,81,,44884,33,,,0,31,,44898,33,,,0,72,,44892,33,,,0,72,,50385,33,,,0,31,,44883,33,,,0,72,,44894,33,,,0,31,,44888,33,,,0,72,,50384,33,,,0,33,,44882,33,,,0,70,,44897,33,,,0,31,,44890,33,,,0,78,,50383,33,,,0,30,,44886,33,,,0,74,,44896,33,,,0,34,,44889,33,,,0,73,,50387,33,,,0,68,,44885,33,,,0,30,,44895,33,,,0,28,,44891,33,,,0,70,,50386,33,,,0,29,,44887,33,,,0,69,,44901,33,,,0,79,,44900,33,,,0,99,,44902,33,,,0,98,,44904,33,,,0,106,,44903,33,,,0
5200,'5383',645,,59765,33,,,0,70,,59764,33,,,0,41,,59759,33,,,0,75,,59767,33,,,0,71,,59762,33,,,0,33,,59748,33,,,0,70,,59755,33,,,0,30,,59774,33,,,0,72,,59753,33,,,0,35,,59750,33,,,0,73,,59756,33,,,0,32,,59776,33,,,0,75,,59751,33,,,0,33,,59749,33,,,0,76,,59758,33,,,0,26,,59775,33,,,0,74,,59754,33,,,0,72,,59761,33,,,0,35,,59757,33,,,0,68,,59772,33,,,0,30,,59752,33,,,0,69,,59763,33,,,0,22,,59769,33,,,0,25,,59760,33,,,0,64,,59768,33,,,0,24,,59771,33,,,0,68,,59770,33,,,0,28,,59766,33,,,0,70,,59773,33,,,0,100,,59777,33,,,0,53,,59778,33,,,0,148,,59779,33,,,0
5200,'5384',715,,59801,33,,,0,32,,59783,33,,,0,81,,59786,33,,,0,31,,59800,33,,,0,72,,59794,33,,,0,72,,59782,33,,,0,31,,59785,33,,,0,72,,59796,33,,,0,31,,59790,33,,,0,72,,59781,33,,,0,33,,59784,33,,,0,70,,59799,33,,,0,31,,59792,33,,,0,78,,59780,33,,,0,30,,59788,33,,,0,74,,59798,33,,,0,34,,59791,33,,,0,73,,59807,33,,,0,68,,59787,33,,,0,30,,59797,33,,,0,28,,59793,33,,,0,70,,59795,33,,,0,29,,59789,33,,,0,69,,59803,33,,,0,79,,59802,33,,,0,99,,59804,33,,,0,98,,59806,33,,,0,106,,59805,33,,,0
5200,'5385',512,,59808,33,,,0,31,,59817,33,,,0,71,,59811,33,,,0,20,,59822,33,,,0,20,,59809,33,,,0,63,,59830,33,,,0,29,,59816,33,,,0,65,,59845,33,,,0,10,,59810,33,,,0,16,,59838,33,,,0,10,,59821,33,,,0,70,,59812,33,,,0,31,,59829,33,,,0,66,,59815,33,,,0,30,,59813,33,,,0,75,,59814,33,,,0,31,,59831,33,,,0,71,,59818,33,,,0,30,,59819,33,,,0,76,,59820,33,,,0,74,,59828,33,,,0,34,,59823,33,,,0,71,,59824,33,,,0,34,,59840,33,,,0,71,,59825,33,,,0,31,,59827,33,,,0,68,,59826,33,,,0,29,,59832,33,,,0,71,,59841,33,,,0,30,,59833,33,,,0,74,,59834,33,,,0,29,,59835,33,,,0,69,,59842,33,,,0,26,,59836,33,,,0,72,,59837,33,,,0,96,,59843,33,,,0,98,,59839,33,,,0,103,,59846,33,,,0
5901,'4663',707,,60554,32,,,0,29,,60562,32,,,0,103,,60555,32,,,0,104,,60556,32,,,0,101,,60557,32,,,0,97,,60558,32,,,0,103,,60559,32,,,0,102,,60560,32,,,0,107,,60561,32,,,0,99,,60553,32,,,0,85,,60569,32,,,0,84,,60563,32,,,0,82,,60564,32,,,0,41,,60568,32,,,0,104,,60565,32,,,0,104,,60566,32,,,0,154,,60567,32,,,0
5901,'5372',707,,45780,32,,,0,29,,45788,32,,,0,103,,45781,32,,,0,104,,45782,32,,,0,101,,45783,32,,,0,97,,45784,32,,,0,103,,45785,32,,,0,102,,45786,32,,,0,107,,45787,32,,,0,99,,60570,32,,,0,85,,45795,32,,,0,84,,45789,32,,,0,82,,45790,32,,,0,41,,45794,32,,,0,104,,45791,32,,,0,104,,45792,32,,,0,154,,45793,32,,,0
5901,'5377',807,,50657,32,,,0,101,,50656,32,,,0,101,,50658,32,,,0,106,,50660,32,,,0,105,,50659,32,,,0,105,,50663,32,,,0,105,,50664,32,,,0,106,,50662,32,,,0,102,,50661,32,,,0,103,,45838,32,,,0,104,,50665,32,,,0,105,,50666,32,,,0,160,,45836,32,,,0
5901,'5383',707,,60582,32,,,0,100,,60583,32,,,0,101,,60584,32,,,0,101,,60580,32,,,0,106,,60581,32,,,0,105,,60579,32,,,0,105,,60578,32,,,0,105,,60577,32,,,0,106,,60576,32,,,0,102,,60575,32,,,0,103,,60574,32,,,0,104,,60573,32,,,0,105,,60572,32,,,0,160,,60571,32,,,0
5901,'5384',807,,60586,32,,,0,101,,60585,32,,,0,101,,60587,32,,,0,106,,60589,32,,,0,105,,60588,32,,,0,105,,60592,32,,,0,105,,60593,32,,,0,106,,60591,32,,,0,102,,60590,32,,,0,103,,60596,32,,,0,104,,60595,32,,,0,105,,60597,32,,,0,160,,60594,32,,,0
5901,'5385',707,,60599,32,,,0,29,,60607,32,,,0,103,,60600,32,,,0,104,,60601,32,,,0,101,,60602,32,,,0,97,,60603,32,,,0,103,,60604,32,,,0,102,,60605,32,,,0,107,,60606,32,,,0,99,,60598,32,,,0,85,,60614,32,,,0,84,,60608,32,,,0,82,,60609,32,,,0,41,,60613,32,,,0,104,,60610,32,,,0,104,,60611,32,,,0,154,,60612,32,,,0
