6100,'4532',700,,74454,38,4,,0,100,,74455,38,4,,0,42,,74453,38,4,,0,99,,74456,38,4,,0,96,,74457,38,4,,0,82,,74458,38,4,,0,35,,74459,38,4,,0,88,,74460,38,4,,0,75,,74461,38,4,,0,35,,74462,38,4,,0,76,,74463,38,4,,0,76,,74464,38,4,,0,37,,74465,38,4,,0,77,,74466,38,4,,0,25,,74467,38,4,,0,78,,74468,38,4,,0,81,,74469,38,4,,0,32,,74470,38,4,,0,71,,74471,38,4,,0,30,,74472,38,4,,0,73,,74473,38,4,,0,43,,74474,38,4,,0,81,,74475,38,4,,0,80,,74476,38,4,,0,103,,74477,38,4,,0,32,,74478,38,4,,0,100,,74479,38,4,,0
6100,'4623',847,,74418,38,4,,0,74,,74404,38,4,,0,81,,74401,38,4,,0,24,,74419,38,4,,0,76,,74399,38,4,,0,48,,74408,38,4,,0,76,,74422,38,4,,0,76,,74407,38,4,,0,34,,74406,38,4,,0,79,,74423,38,4,,0,30,,74405,38,4,,0,80,,74403,38,4,,0,33,,74388,38,4,,0,82,,74390,38,4,,0,65,,74391,38,4,,0,39,,74393,38,4,,0,68,,74411,38,4,,0,27,,74396,38,4,,0,65,,74395,38,4,,0,31,,74394,38,4,,0,71,,74410,38,4,,0,30,,74409,38,4,,0,95,,74414,38,4,,0,81,,74413,38,4,,0,103,,74415,38,4,,0,32,,74412,38,4,,0,100,,74416,38,4,,0,72,,74417,38,4,,0
6100,'4832',703,,74518,38,4,,0,104,,74519,38,4,,0,43,,74520,38,4,,0,98,,74521,38,4,,0,83,,74522,38,4,,0,86,,74523,38,4,,0,97,,74524,38,4,,0,44,,74525,38,4,,0,101,,74526,38,4,,0,93,,74527,38,4,,0,103,,74528,38,4,,0,77,,74529,38,4,,0,102,,74530,38,4,,0,86,,74531,38,4,,0,102,,74532,38,4,,0,86,,74533,38,4,,0,45,,74534,38,4,,0,101,,74535,38,4,,0,92,,74536,38,4,,0,101,,74537,38,4,,0
6100,'4833',700,,74426,38,4,,0,100,,74427,38,4,,0,42,,74425,38,4,,0,99,,74428,38,4,,0,96,,74429,38,4,,0,82,,74430,38,4,,0,35,,74431,38,4,,0,88,,74432,38,4,,0,75,,74433,38,4,,0,35,,74434,38,4,,0,76,,74435,38,4,,0,76,,74436,38,4,,0,37,,74437,38,4,,0,77,,74438,38,4,,0,25,,74439,38,4,,0,78,,74440,38,4,,0,81,,74441,38,4,,0,32,,74442,38,4,,0,71,,74443,38,4,,0,30,,74444,38,4,,0,73,,74445,38,4,,0,43,,74446,38,4,,0,81,,74447,38,4,,0,80,,74448,38,4,,0,103,,74449,38,4,,0,32,,74450,38,4,,0,100,,74451,38,4,,0
6100,'5222',847,,74512,38,4,,0,74,,74498,38,4,,0,81,,74495,38,4,,0,24,,74513,38,4,,0,76,,74493,38,4,,0,48,,74502,38,4,,0,76,,74516,38,4,,0,76,,74501,38,4,,0,34,,74500,38,4,,0,79,,74517,38,4,,0,30,,74499,38,4,,0,80,,74497,38,4,,0,33,,74482,38,4,,0,82,,74484,38,4,,0,65,,74485,38,4,,0,39,,74487,38,4,,0,68,,74505,38,4,,0,27,,74490,38,4,,0,65,,74489,38,4,,0,31,,74488,38,4,,0,71,,74504,38,4,,0,30,,74503,38,4,,0,95,,74508,38,4,,0,81,,74507,38,4,,0,103,,74509,38,4,,0,32,,74506,38,4,,0,100,,74510,38,4,,0,72,,74511,38,4,,0
6100,'5390',703,,74539,38,4,,0,104,,74540,38,4,,0,43,,74541,38,4,,0,98,,74542,38,4,,0,83,,74543,38,4,,0,86,,74544,38,4,,0,97,,74545,38,4,,0,44,,74546,38,4,,0,101,,74547,38,4,,0,93,,74548,38,4,,0,103,,74549,38,4,,0,77,,74550,38,4,,0,102,,74551,38,4,,0,86,,74552,38,4,,0,102,,74553,38,4,,0,86,,74554,38,4,,0,45,,74555,38,4,,0,101,,74556,38,4,,0,92,,74557,38,4,,0,101,,74558,38,4,,0
6101,'4532',645,,74625,1,,,0,78,,74626,1,,,0,100,,74627,1,,,0,83,,74628,1,,,0,49,,74629,1,,,0,71,,74630,1,,,0,86,,74631,1,,,0,32,,74632,1,,,0,72,,74633,1,,,0,43,,74634,1,,,0,78,,74635,1,,,0,76,,74636,1,,,0,36,,74637,1,,,0,66,,74638,1,,,0,36,,74639,1,,,0,77,,74640,1,,,0,74,,74641,1,,,0,34,,74642,1,,,0,76,,74643,1,,,0,36,,74644,1,,,0,76,,74645,1,,,0,81,,74646,1,,,0,43,,74647,1,,,0,98,,74648,1,,,0,87,,74649,1,,,0,99,,74650,1,,,0,84,,74651,1,,,0,101,,74652,1,,,0
6101,'4623',517,,74592,1,,,0,28,,74574,1,,,0,67,,74571,1,,,0,26,,74572,1,,,0,77,,74591,1,,,0,37,,74577,1,,,0,79,,74570,1,,,0,26,,74594,1,,,0,74,,74573,1,,,0,89,,74575,1,,,0,36,,74590,1,,,0,76,,74579,1,,,0,77,,74576,1,,,0,37,,74593,1,,,0,66,,74580,1,,,0,36,,74578,1,,,0,71,,74561,1,,,0,30,,74560,1,,,0,73,,74562,1,,,0,82,,74567,1,,,0,240,,74584,1,,,0,70,,74565,1,,,0,86,,74582,1,,,0,49,,74583,1,,,0,98,,74586,1,,,0,86,,74585,1,,,0,97,,74587,1,,,0,86,,74588,1,,,0,99,,74589,1,,,0
6101,'4832',730,,74691,1,,,0,89,,74689,1,,,0,93,,74692,1,,,0,46,,74693,1,,,0,87,,74694,1,,,0,86,,74695,1,,,0,102,,74696,1,,,0,86,,74697,1,,,0,101,,74698,1,,,0,85,,74699,1,,,0,100,,74700,1,,,0,41,,74701,1,,,0,100,,74702,1,,,0,90,,74703,1,,,0,97,,74704,1,,,0,100,,74705,1,,,0,82,,74706,1,,,0,100,,74707,1,,,0,96,,74708,1,,,0
6101,'4833',645,,74597,1,,,0,78,,74598,1,,,0,100,,74599,1,,,0,83,,74600,1,,,0,49,,74601,1,,,0,71,,74602,1,,,0,86,,74603,1,,,0,32,,74604,1,,,0,72,,74605,1,,,0,43,,74606,1,,,0,78,,74607,1,,,0,76,,74608,1,,,0,36,,74609,1,,,0,66,,74610,1,,,0,36,,74611,1,,,0,77,,74612,1,,,0,74,,74613,1,,,0,34,,74614,1,,,0,76,,74615,1,,,0,36,,74616,1,,,0,76,,74617,1,,,0,81,,74618,1,,,0,43,,74619,1,,,0,98,,74620,1,,,0,87,,74621,1,,,0,99,,74622,1,,,0,84,,74623,1,,,0
6101,'5222',517,,74684,1,,,0,28,,74667,1,,,0,67,,74664,1,,,0,26,,74665,1,,,0,77,,74683,1,,,0,37,,74670,1,,,0,79,,74663,1,,,0,26,,74686,1,,,0,74,,74666,1,,,0,89,,74668,1,,,0,36,,74682,1,,,0,76,,74672,1,,,0,77,,74669,1,,,0,37,,74685,1,,,0,66,,74673,1,,,0,36,,74671,1,,,0,71,,74654,1,,,0,30,,74653,1,,,0,73,,74655,1,,,0,82,,74660,1,,,0,240,,74677,1,,,0,70,,74658,1,,,0,86,,74675,1,,,0,49,,74676,1,,,0,98,,74679,1,,,0,86,,74678,1,,,0,97,,74680,1,,,0,86,,74681,1,,,0
6101,'5390',730,,74712,1,,,0,89,,74710,1,,,0,93,,74713,1,,,0,46,,74714,1,,,0,87,,74715,1,,,0,86,,74716,1,,,0,102,,74717,1,,,0,86,,74718,1,,,0,101,,74719,1,,,0,85,,74720,1,,,0,100,,74721,1,,,0,41,,74722,1,,,0,100,,74723,1,,,0,90,,74724,1,,,0,97,,74725,1,,,0,100,,74726,1,,,0,82,,74727,1,,,0,100,,74728,1,,,0,96,,74729,1,,,0
6400,'4623',748,,74743,63,4,,0,507,,74739,94,4,,0,580,,74741,79,4,,0
6400,'5222',748,,74750,63,4,,0,507,,74746,94,4,,0,580,,74748,79,4,,0
6401,'4623',635,,74757,1,,,0,577,,74758,1,,,0,500,,74753,1,0,34 35 36,0
6401,'5222',635,,74764,1,,,0,577,,74765,1,,,0,500,,74760,1,0,34 35 36,0
9500,'4532',555,,76445,1,0,15,0,72,,76446,1,0,15,0,23,,76447,1,0,15,0,55,,76448,1,0,15,0,15,,76449,1,0,15,0,15,,76450,1,0,15,0,15,,76451,1,0,15,0,55,,76452,1,0,15,0,15,,76453,1,0,15,0,14,,76454,1,0,15,0,13,,76455,1,0,15,0,55,,76456,1,0,15,0,15,,76457,1,0,15,0,15,,76458,1,0,15,0,14,,76459,1,0,15,0,54,,76460,1,0,15,0,13,,76461,1,0,15,0,15,,76462,1,0,15,0,14,,76463,1,0,15,0,15,,76464,1,0,15,0,54,,76465,1,0,15,0,13,,76466,1,0,15,0,12,,76467,1,0,15,0,11,,76468,1,0,15,0,12,,76469,1,0,15,0,52,,76470,1,0,15,0,12,,76471,1,0,15,0,12,,76472,1,0,15,0,11,,76473,1,0,15,0,12,,76474,1,0,15,0,52,,76475,1,0,15,0,12,,76476,1,0,15,0,12,,76477,1,0,15,0,11,,76478,1,0,15,0,12,,76479,1,0,15,0,51,,76480,1,0,15,0,11,,76481,1,0,15,0,12,,76482,1,0,15,0,13,,76483,1,0,15,0,12,,76484,1,0,15,0,52,,76485,1,0,15,0,13,,76486,1,0,15,0,13,,76487,1,0,15,0,12,,76488,1,0,15,0,13,,76489,1,0,15,0,52,,76490,1,0,15,0,12,,76491,1,0,15,0,13,,76492,1,0,15,0,12,,76493,1,0,15,0,53,,76494,1,0,15,0,12,,76495,1,0,15,0,13,,76496,1,0,15,0,12,,76497,1,0,15,0,13,,76498,1,0,15,0,56,,76499,1,0,15,0,15,,76500,1,0,15,0,17,,76501,1,0,15,0,15,,76502,1,0,15,0,56,,76503,1,0,15,0,15,,76504,1,0,15,0,15,,76505,1,0,15,0,15,,76506,1,0,15,0,57,,76507,1,0,15,0,15,,76508,1,0,15,0,15,,76509,1,0,15,0,14,,76510,1,0,15,0,60,,76511,1,0,15,0,21,,76512,1,0,15,0,20,,76513,1,0,15,0,60,,76514,1,0,15,0,31,,76515,1,0,15,0,72,,76516,1,0,15,0,32,,76517,1,0,15,0,70,,76518,1,0,15,0,30,,76519,1,0,15,0,70,,76520,1,0,15,0,30,,76521,1,0,15,0
9500,'4623',443,,76368,1,0,15,0,64,,76346,1,0,15,0,16,,76345,1,0,15,0,15,,76319,1,0,15,0,14,,76366,1,0,15,0,50,,76327,1,0,15,0,11,,76326,1,0,15,0,10,,76353,1,0,15,0,7,,76322,1,0,15,0,7,,76324,1,0,15,0,7,,76350,1,0,15,0,7,,76281,1,0,15,0,6,,76329,1,0,15,0,47,,76283,1,0,15,0,8,,76325,1,0,15,0,7,,76284,1,0,15,0,8,,76308,1,0,15,0,7,,76367,1,0,15,0,8,,76280,1,0,15,0,8,,76307,1,0,15,0,50,,76323,1,0,15,0,11,,76370,1,0,15,0,11,,76297,1,0,15,0,10,,76305,1,0,15,0,11,,76348,1,0,15,0,11,,76343,1,0,15,0,50,,76286,1,0,15,0,10,,76301,1,0,15,0,10,,76282,1,0,15,0,10,,76306,1,0,15,0,11,,76364,1,0,15,0,10,,76310,1,0,15,0,52,,76363,1,0,15,0,12,,76293,1,0,15,0,12,,76313,1,0,15,0,12,,76349,1,0,15,0,12,,76338,1,0,15,0,52,,76289,1,0,15,0,12,,76300,1,0,15,0,12,,76309,1,0,15,0,11,,76357,1,0,15,0,12,,76316,1,0,15,0,52,,76360,1,0,15,0,12,,76292,1,0,15,0,13,,76312,1,0,15,0,12,,76347,1,0,15,0,12,,76342,1,0,15,0,53,,76287,1,0,15,0,12,,76299,1,0,15,0,10,,76273,1,0,15,0,10,,76304,1,0,15,0,10,,76356,1,0,15,0,50,,76277,1,0,15,0,10,,76318,1,0,15,0,10,,76358,1,0,15,0,10,,76294,1,0,15,0,9,,76311,1,0,15,0,11,,76274,1,0,15,0,50,,76340,1,0,15,0,10,,76341,1,0,15,0,10,,76288,1,0,15,0,10,,76298,1,0,15,0,11,,76276,1,0,15,0,11,,76303,1,0,15,0,51,,76352,1,0,15,0,11,,76279,1,0,15,0,11,,76291,1,0,15,0,11,,76359,1,0,15,0,10,,76295,1,0,15,0,12,,76302,1,0,15,0,52,,76290,1,0,15,0,13,,76337,1,0,15,0,13,,76335,1,0,15,0,13,,76285,1,0,15,0,54,,76275,1,0,15,0,14,,76355,1,0,15,0,13,,76278,1,0,15,0,12,,76361,1,0,15,0,12,,76296,1,0,15,0,55,,76320,1,0,15,0,15,,76339,1,0,15,0,16,,76331,1,0,15,0,15,,76317,1,0,15,0,55,,76351,1,0,15,0,15,,76314,1,0,15,0,15,,76369,1,0,15,0,15,,76321,1,0,15,0,60,,76336,1,0,15,0,21,,76333,1,0,15,0,21,,76354,1,0,15,0,60,,76315,1,0,15,0,30,,76328,1,0,15,0,73,,76330,1,0,15,0,32,,76362,1,0,15,0,70,,76344,1,0,15,0,30,,76334,1,0,15,0,71,,76332,1,0,15,0,30,,76365,1,0,15,0
9500,'4832',558,,76617,1,0,15,0,70,,76619,1,0,15,0,20,,76620,1,0,15,0,60,,76621,1,0,15,0,20,,76622,1,0,15,0,15,,76623,1,0,15,0,14,,76618,1,0,15,0,55,,76624,1,0,15,0,14,,76625,1,0,15,0,14,,76626,1,0,15,0,15,,76627,1,0,15,0,55,,76628,1,0,15,0,13,,76629,1,0,15,0,15,,76630,1,0,15,0,15,,76632,1,0,15,0,54,,76633,1,0,15,0,14,,76631,1,0,15,0,15,,76634,1,0,15,0,14,,76635,1,0,15,0,55,,76636,1,0,15,0,16,,76637,1,0,15,0,15,,76684,1,0,15,0,15,,76638,1,0,15,0,54,,76683,1,0,15,0,14,,76639,1,0,15,0,14,,76682,1,0,15,0,15,,76640,1,0,15,0,55,,76641,1,0,15,0,15,,76642,1,0,15,0,15,,76643,1,0,15,0,14,,76644,1,0,15,0,55,,76645,1,0,15,0,15,,76646,1,0,15,0,15,,76647,1,0,15,0,13,,76648,1,0,15,0,12,,76649,1,0,15,0,54,,76650,1,0,15,0,13,,76651,1,0,15,0,11,,76652,1,0,15,0,12,,76653,1,0,15,0,53,,76654,1,0,15,0,12,,76655,1,0,15,0,13,,76656,1,0,15,0,12,,76657,1,0,15,0,14,,76658,1,0,15,0,55,,76659,1,0,15,0,18,,76660,1,0,15,0,15,,76661,1,0,15,0,15,,76662,1,0,15,0,56,,76663,1,0,15,0,15,,76664,1,0,15,0,15,,76665,1,0,15,0,15,,76666,1,0,15,0,55,,76667,1,0,15,0,17,,76668,1,0,15,0,16,,76669,1,0,15,0,15,,76670,1,0,15,0,55,,76671,1,0,15,0,15,,76672,1,0,15,0,15,,76674,1,0,15,0,15,,76675,1,0,15,0,61,,76673,1,0,15,0,20,,76676,1,0,15,0,20,,76677,1,0,15,0,60,,76678,1,0,15,0,32,,76679,1,0,15,0,71,,76680,1,0,15,0,30,,76681,1,0,15,0
9500,'4833',555,,76371,1,0,15,0,72,,76372,1,0,15,0,23,,76373,1,0,15,0,55,,76374,1,0,15,0,15,,76375,1,0,15,0,15,,76376,1,0,15,0,15,,76377,1,0,15,0,55,,76378,1,0,15,0,15,,76379,1,0,15,0,14,,76380,1,0,15,0,13,,76381,1,0,15,0,55,,76382,1,0,15,0,15,,76383,1,0,15,0,15,,76384,1,0,15,0,14,,76385,1,0,15,0,54,,76386,1,0,15,0,13,,76387,1,0,15,0,15,,76388,1,0,15,0,14,,76389,1,0,15,0,15,,76390,1,0,15,0,54,,76391,1,0,15,0,13,,76392,1,0,15,0,12,,76393,1,0,15,0,11,,76394,1,0,15,0,12,,76395,1,0,15,0,52,,76396,1,0,15,0,12,,76397,1,0,15,0,12,,76398,1,0,15,0,11,,76399,1,0,15,0,12,,76400,1,0,15,0,52,,76401,1,0,15,0,12,,76402,1,0,15,0,12,,76403,1,0,15,0,11,,76404,1,0,15,0,12,,76405,1,0,15,0,51,,76406,1,0,15,0,11,,76407,1,0,15,0,12,,76408,1,0,15,0,13,,76409,1,0,15,0,12,,76410,1,0,15,0,52,,76411,1,0,15,0,13,,76412,1,0,15,0,13,,76413,1,0,15,0,12,,76414,1,0,15,0,13,,76415,1,0,15,0,52,,76416,1,0,15,0,12,,76417,1,0,15,0,13,,76418,1,0,15,0,12,,76419,1,0,15,0,53,,76420,1,0,15,0,12,,76421,1,0,15,0,13,,76422,1,0,15,0,12,,76423,1,0,15,0,13,,76424,1,0,15,0,56,,76425,1,0,15,0,15,,76426,1,0,15,0,17,,76427,1,0,15,0,15,,76428,1,0,15,0,56,,76429,1,0,15,0,15,,76430,1,0,15,0,15,,76431,1,0,15,0,15,,76432,1,0,15,0,57,,76433,1,0,15,0,15,,76434,1,0,15,0,15,,76435,1,0,15,0,14,,76436,1,0,15,0,60,,76437,1,0,15,0,21,,76438,1,0,15,0,20,,76439,1,0,15,0,60,,76440,1,0,15,0,31,,76441,1,0,15,0,72,,76442,1,0,15,0,32,,76443,1,0,15,0,70,,76444,1,0,15,0
9500,'5222',443,,76614,1,0,15,0,64,,76593,1,0,15,0,16,,76592,1,0,15,0,15,,76568,1,0,15,0,14,,76612,1,0,15,0,50,,76576,1,0,15,0,11,,76575,1,0,15,0,10,,76600,1,0,15,0,7,,76571,1,0,15,0,7,,76573,1,0,15,0,7,,76597,1,0,15,0,7,,76530,1,0,15,0,6,,76578,1,0,15,0,47,,76532,1,0,15,0,8,,76574,1,0,15,0,7,,76533,1,0,15,0,8,,76557,1,0,15,0,7,,76613,1,0,15,0,8,,76529,1,0,15,0,8,,76556,1,0,15,0,50,,76572,1,0,15,0,11,,76616,1,0,15,0,11,,76546,1,0,15,0,10,,76554,1,0,15,0,11,,76595,1,0,15,0,11,,76590,1,0,15,0,50,,76535,1,0,15,0,10,,76550,1,0,15,0,10,,76531,1,0,15,0,10,,76555,1,0,15,0,11,,76611,1,0,15,0,10,,76559,1,0,15,0,52,,76610,1,0,15,0,12,,76542,1,0,15,0,12,,76562,1,0,15,0,12,,76596,1,0,15,0,12,,76585,1,0,15,0,52,,76538,1,0,15,0,12,,76549,1,0,15,0,12,,76558,1,0,15,0,11,,76604,1,0,15,0,12,,76565,1,0,15,0,52,,76607,1,0,15,0,12,,76541,1,0,15,0,13,,76561,1,0,15,0,12,,76594,1,0,15,0,12,,76589,1,0,15,0,53,,76536,1,0,15,0,12,,76548,1,0,15,0,10,,76522,1,0,15,0,10,,76553,1,0,15,0,10,,76603,1,0,15,0,50,,76526,1,0,15,0,10,,76567,1,0,15,0,10,,76605,1,0,15,0,10,,76543,1,0,15,0,9,,76560,1,0,15,0,11,,76523,1,0,15,0,50,,76587,1,0,15,0,10,,76588,1,0,15,0,10,,76537,1,0,15,0,10,,76547,1,0,15,0,11,,76525,1,0,15,0,11,,76552,1,0,15,0,51,,76599,1,0,15,0,11,,76528,1,0,15,0,11,,76540,1,0,15,0,11,,76606,1,0,15,0,10,,76544,1,0,15,0,12,,76551,1,0,15,0,52,,76539,1,0,15,0,13,,76584,1,0,15,0,13,,76582,1,0,15,0,13,,76534,1,0,15,0,54,,76524,1,0,15,0,14,,76602,1,0,15,0,13,,76527,1,0,15,0,12,,76608,1,0,15,0,12,,76545,1,0,15,0,55,,76569,1,0,15,0,15,,76586,1,0,15,0,16,,76580,1,0,15,0,15,,76566,1,0,15,0,55,,76598,1,0,15,0,15,,76563,1,0,15,0,15,,76615,1,0,15,0,15,,76570,1,0,15,0,60,,76583,1,0,15,0,21,,76581,1,0,15,0,21,,76601,1,0,15,0,60,,76564,1,0,15,0,30,,76577,1,0,15,0,73,,76579,1,0,15,0,32,,76609,1,0,15,0,70,,76591,1,0,15,0
9500,'5390',558,,76685,1,0,15,0,70,,76687,1,0,15,0,20,,76688,1,0,15,0,60,,76689,1,0,15,0,20,,76690,1,0,15,0,15,,76691,1,0,15,0,14,,76686,1,0,15,0,55,,76692,1,0,15,0,14,,76693,1,0,15,0,14,,76694,1,0,15,0,15,,76695,1,0,15,0,55,,76696,1,0,15,0,13,,76697,1,0,15,0,15,,76698,1,0,15,0,15,,76700,1,0,15,0,54,,76701,1,0,15,0,14,,76699,1,0,15,0,15,,76702,1,0,15,0,14,,76703,1,0,15,0,55,,76704,1,0,15,0,16,,76705,1,0,15,0,15,,76752,1,0,15,0,15,,76706,1,0,15,0,54,,76751,1,0,15,0,14,,76707,1,0,15,0,14,,76750,1,0,15,0,15,,76708,1,0,15,0,55,,76709,1,0,15,0,15,,76710,1,0,15,0,15,,76711,1,0,15,0,14,,76712,1,0,15,0,55,,76713,1,0,15,0,15,,76714,1,0,15,0,15,,76715,1,0,15,0,13,,76716,1,0,15,0,12,,76717,1,0,15,0,54,,76718,1,0,15,0,13,,76719,1,0,15,0,11,,76720,1,0,15,0,12,,76721,1,0,15,0,53,,76722,1,0,15,0,12,,76723,1,0,15,0,13,,76724,1,0,15,0,12,,76725,1,0,15,0,14,,76726,1,0,15,0,55,,76727,1,0,15,0,18,,76728,1,0,15,0,15,,76729,1,0,15,0,15,,76730,1,0,15,0,56,,76731,1,0,15,0,15,,76732,1,0,15,0,15,,76733,1,0,15,0,15,,76734,1,0,15,0,55,,76735,1,0,15,0,17,,76736,1,0,15,0,16,,76737,1,0,15,0,15,,76738,1,0,15,0,55,,76739,1,0,15,0,15,,76740,1,0,15,0,15,,76742,1,0,15,0,15,,76743,1,0,15,0,61,,76741,1,0,15,0,20,,76744,1,0,15,0,20,,76745,1,0,15,0,60,,76746,1,0,15,0,32,,76747,1,0,15,0,71,,76748,1,0,15,0,30,,76749,1,0,15,0
