4800,'4737',622,,30340,14,,,0,20,,30339,14,,,0,66,,30338,14,,,0
4800,'4744',622,,30343,14,,,0,20,,30342,14,,,0,66,,30341,14,,,0
4800,'5066',622,,30346,14,,,0,20,,30345,14,,,0,66,,30344,14,,,0
5200,'4487',643,,30493,29,,,0,70,,30492,29,,,0,41,,30487,29,,,0,74,,30494,29,,,0,31,,30489,29,,,0,73,,30476,29,,,0,70,,30483,29,,,0,30,,30502,29,,,0,72,,30481,29,,,0,35,,30478,29,,,0,73,,30484,29,,,0,32,,30504,29,,,0,75,,30479,29,,,0,33,,30477,29,,,0,76,,30486,29,,,0,26,,30503,29,,,0,74,,30482,29,,,0,72,,30488,29,,,0,35,,30485,29,,,0,68,,30500,29,,,0,30,,30480,29,,,0,69,,30491,29,,,0,22,,30497,29,,,0,25,,30490,29,,,0,64,,30495,29,,,0,24,,30499,29,,,0,68,,30498,29,,,0,28,,30496,29,,,0,70,,30501,29,,,0,100,,30505,29,,,0,54,,30506,29,,,0,148,,30507,29,,,0
5200,'4737',509,,30508,29,,,0,31,,30517,29,,,0,71,,30511,29,,,0,20,,30522,29,,,0,20,,30509,29,,,0,65,,30530,29,,,0,27,,30516,29,,,0,65,,30545,29,,,0,10,,30510,29,,,0,16,,30538,29,,,0,10,,30521,29,,,0,70,,30512,29,,,0,31,,30529,29,,,0,66,,30515,29,,,0,30,,30513,29,,,0,75,,30514,29,,,0,31,,30531,29,,,0,71,,30518,29,,,0,30,,30519,29,,,0,76,,30520,29,,,0,34,,30528,29,,,0,74,,30523,29,,,0,71,,30524,29,,,0,34,,30540,29,,,0,71,,30525,29,,,0,31,,30527,29,,,0,68,,30526,29,,,0,29,,30532,29,,,0,71,,30541,29,,,0,30,,30533,29,,,0,74,,30534,29,,,0,29,,30535,29,,,0,69,,30542,29,,,0,26,,30536,29,,,0,72,,30537,29,,,0,96,,30543,29,,,0,98,,30539,29,,,0,103,,30546,29,,,0
5200,'4744',509,,30547,29,,,0,31,,30556,29,,,0,71,,30550,29,,,0,20,,30561,29,,,0,20,,30548,29,,,0,65,,30569,29,,,0,27,,30555,29,,,0,65,,30584,29,,,0,10,,30549,29,,,0,16,,30577,29,,,0,10,,30560,29,,,0,70,,30551,29,,,0,31,,30568,29,,,0,66,,30554,29,,,0,30,,30552,29,,,0,75,,30553,29,,,0,31,,30570,29,,,0,71,,30557,29,,,0,30,,30558,29,,,0,76,,30559,29,,,0,34,,30567,29,,,0,74,,30562,29,,,0,71,,30563,29,,,0,34,,30579,29,,,0,71,,30564,29,,,0,31,,30566,29,,,0,68,,30565,29,,,0,29,,30571,29,,,0,71,,30580,29,,,0,30,,30572,29,,,0,74,,30573,29,,,0,29,,30574,29,,,0,69,,30581,29,,,0,26,,30575,29,,,0,72,,30576,29,,,0,96,,30582,29,,,0,98,,30578,29,,,0,103,,30585,29,,,0
5200,'4745',713,,30608,29,,,0,32,,30590,29,,,0,80,,30593,29,,,0,31,,30607,29,,,0,72,,30601,29,,,0,72,,30588,29,,,0,31,,30592,29,,,0,72,,30603,29,,,0,31,,30597,29,,,0,72,,30587,29,,,0,33,,30591,29,,,0,70,,30606,29,,,0,31,,30599,29,,,0,78,,30586,29,,,0,30,,30595,29,,,0,74,,30605,29,,,0,34,,30598,29,,,0,73,,30589,29,,,0,28,,30594,29,,,0,70,,30604,29,,,0,28,,30600,29,,,0,70,,30602,29,,,0,29,,30596,29,,,0,69,,30610,29,,,0,79,,30609,29,,,0,99,,30611,29,,,0,58,,30613,29,,,0,147,,30612,29,,,0
5200,'5066',509,,30614,29,,,0,31,,30623,29,,,0,71,,30617,29,,,0,20,,30628,29,,,0,20,,30615,29,,,0,65,,30636,29,,,0,27,,30622,29,,,0,65,,30651,29,,,0,10,,30616,29,,,0,16,,30644,29,,,0,10,,30627,29,,,0,70,,30618,29,,,0,31,,30635,29,,,0,66,,30621,29,,,0,30,,30619,29,,,0,75,,30620,29,,,0,31,,30637,29,,,0,71,,30624,29,,,0,30,,30625,29,,,0,76,,30626,29,,,0,34,,30634,29,,,0,74,,30629,29,,,0,71,,30630,29,,,0,34,,30646,29,,,0,71,,30631,29,,,0,31,,30633,29,,,0,68,,30632,29,,,0,29,,30638,29,,,0,71,,30647,29,,,0,30,,30639,29,,,0,74,,30640,29,,,0,29,,30641,29,,,0,69,,30648,29,,,0,26,,30642,29,,,0,72,,30643,29,,,0,96,,30649,29,,,0,98,,30645,29,,,0,103,,30652,29,,,0
5200,'5070',643,,30670,29,,,0,70,,30669,29,,,0,41,,30664,29,,,0,74,,30671,29,,,0,31,,30666,29,,,0,73,,30653,29,,,0,70,,30660,29,,,0,30,,30679,29,,,0,72,,30658,29,,,0,35,,30655,29,,,0,73,,30661,29,,,0,32,,30681,29,,,0,75,,30656,29,,,0,33,,30654,29,,,0,76,,30663,29,,,0,26,,30680,29,,,0,74,,30659,29,,,0,72,,30665,29,,,0,35,,30662,29,,,0,68,,30677,29,,,0,30,,30657,29,,,0,69,,30668,29,,,0,22,,30674,29,,,0,25,,30667,29,,,0,64,,30672,29,,,0,24,,30676,29,,,0,68,,30675,29,,,0,28,,30673,29,,,0,70,,30678,29,,,0,100,,30682,29,,,0,54,,30683,29,,,0,148,,30684,29,,,0
5200,'5072',713,,30707,29,,,0,32,,30689,29,,,0,80,,30692,29,,,0,31,,30706,29,,,0,72,,30700,29,,,0,72,,30687,29,,,0,31,,30691,29,,,0,72,,30702,29,,,0,31,,30696,29,,,0,72,,30686,29,,,0,33,,30690,29,,,0,70,,30705,29,,,0,31,,30698,29,,,0,78,,30685,29,,,0,30,,30694,29,,,0,74,,30704,29,,,0,34,,30697,29,,,0,73,,30688,29,,,0,28,,30693,29,,,0,70,,30703,29,,,0,28,,30699,29,,,0,70,,30701,29,,,0,29,,30695,29,,,0,69,,30709,29,,,0,79,,30708,29,,,0,99,,30710,29,,,0,58,,30712,29,,,0,147,,30711,29,,,0
