6100,'4332',638,,60786,14,0,30 14,0,99,,60787,14,0,30 14,0,82,,60785,14,0,30 14,0,98,,60788,14,0,30 14,0,95,,60789,14,0,30 14,0,42,,60790,14,0,30 14,0,75,,60791,14,0,30 14,0,87,,60792,14,0,30 14,0,35,,60793,14,0,30 14,0,75,,60794,14,0,30 14,0,76,,60795,14,0,30 14,0,37,,60796,14,0,30 14,0,77,,60797,14,0,30 14,0,37,,60798,14,0,30 14,0,66,,60799,14,0,30 14,0,38,,60800,14,0,30 14,0,81,,60801,14,0,30 14,0,72,,60802,14,0,30 14,0,31,,60803,14,0,30 14,0,71,,60804,14,0,30 14,0,33,,60805,14,0,30 14,0,83,,60806,14,0,30 14,0,81,,60807,14,0,30 14,0,41,,60808,14,0,30 14,0,103,,60809,14,0,30 14,0,73,,60810,14,0,30 14,0,100,,60811,14,0,30 14,0,78,,60812,14,0,30,0,100,,60813,14,0,30,0
6100,'4661',527,,60837,32,,,0,75,,60835,32,,,0,13,,60838,32,,,0,20,,60839,32,,,0,20,,60841,32,,,0,59,,60845,32,,,0,19,,60852,32,,,0,68,,60854,32,,,0,20,,60847,14,0,30 14,0,80,,60836,14,0,30 14,0,36,,60840,14,0,30 14,0,64,,60851,14,0,30 14,0,36,,60843,14,0,30 14,0,88,,60842,14,0,30 14,0,76,,60849,14,0,30 14,0,35,,60844,14,0,30 14,0,74,,60846,14,0,30 14,0,39,,60853,14,0,30 14,0,70,,60848,14,0,30 14,0,39,,60850,14,0,30 14,0,72,,60855,14,0,30 14,0,83,,60856,14,0,30 14,0,26,,60858,14,0,30 14,0,79,,60862,14,0,30 14,0,30,,60857,14,0,30 14,0,93,,60861,14,0,30 14,0,72,,60863,14,0,30 14,0,31,,60859,14,0,30 14,0,70,,60860,14,0,30 14,0,95,,60864,14,0,30 14,0,41,,60865,14,0,30 14,0,104,,60866,14,0,30 14,0,73,,60867,14,0,30 14,0,100,,60868,14,0,30 14,0,75,,60869,14,0,30 14,0
6100,'4663',527,,60746,32,,,0,75,,60744,32,,,0,13,,60747,32,,,0,20,,60748,32,,,0,20,,60750,32,,,0,59,,60754,32,,,0,19,,60761,32,,,0,68,,60763,32,,,0,20,,60756,14,0,30 14,0,80,,60745,14,0,30 14,0,36,,60749,14,0,30 14,0,64,,60760,14,0,30 14,0,36,,60752,14,0,30 14,0,88,,60751,14,0,30 14,0,76,,60758,14,0,30 14,0,35,,60753,14,0,30 14,0,74,,60755,14,0,30 14,0,39,,60762,14,0,30 14,0,70,,60757,14,0,30 14,0,27,,60781,14,0,30 14,0,12,,60759,14,0,30 14,0,72,,60764,14,0,30 14,0,83,,60765,14,0,30 14,0,26,,60768,14,0,30 14,0,79,,60772,14,0,30 14,0,30,,60767,14,0,30 14,0,65,,60766,14,0,30 14,0,28,,60771,14,0,30 14,0,72,,60773,14,0,30 14,0,31,,60769,14,0,30 14,0,70,,60770,14,0,30 14,0,95,,60774,14,0,30 14,0,41,,60775,14,0,30 14,0,104,,60777,14,0,30 14,0,73,,60778,14,0,30 14,0,100,,60779,14,0,30 14,0,75,,60780,14,0,30 14,0,100,,60776,14,0,30,0
6100,'4682',1813,,60871,14,0,30 14,0
6100,'5078',642,,60814,14,0,30 14,0,104,,60815,14,0,30 14,0,83,,60816,14,0,30 14,0,96,,60817,14,0,30 14,0,82,,60818,14,0,30 14,0,46,,60819,14,0,30 14,0,97,,60820,14,0,30 14,0,82,,60821,14,0,30 14,0,101,,60822,14,0,30 14,0,94,,60823,14,0,30 14,0,103,,60824,14,0,30 14,0,79,,60825,14,0,30 14,0,102,,60826,14,0,30 14,0,46,,60827,14,0,30 14,0,143,,60828,14,0,30 14,0,46,,60829,14,0,30 14,0,86,,60830,14,0,30 14,0,101,,60831,14,0,30 14,0,93,,60832,14,0,30 14,0,101,,60833,14,0,30 14,0,75,,60834,14,0,30,0
6100,'5387',1813,,60870,14,0,30 14,0
6400,'4661',857,,61013,13,0,32 33,0,296,,61014,28,,,0,372,,61015,28,0,32 33,0,207,,61016,13,,,0
6400,'4663',857,,61006,13,0,32 33,0,296,,61007,28,,,0,372,,61008,28,0,32 33,0,207,,61009,13,,,0
6500,'4661',545,,61036,23,,,0,94,,61038,23,,,0,62,,61039,23,,,0,43,,61037,23,,,0
6500,'4663',545,,61032,23,,,0,94,,61034,23,,,0,62,,61035,23,,,0,43,,61033,23,,,0
