6000,'4663',646,,60621,13,,,0,73,,60616,13,,,0,31,,60624,13,,,0,106,,60618,13,,,0,101,,60617,13,,,0,101,,60619,13,,,0,97,,60620,13,,,0,103,,60622,13,,,0,142,,60623,13,,,0,43,,60628,14,,,0,67,,60625,13,,,0,103,,60615,13,,,0,40,,60632,13,,,0,82,,60626,13,,,0,82,,60627,13,,,0,41,,60631,13,,,0,143,,60629,13,,,0,104,,60630,13,,,0,114,,60633,13,,,0
6000,'5372',646,,45859,13,,,0,73,,45854,13,,,0,31,,45862,13,,,0,106,,45856,13,,,0,101,,45855,13,,,0,101,,45857,13,,,0,97,,45858,13,,,0,103,,45860,13,,,0,142,,45861,13,,,0,110,,45863,13,,,0,31,,45871,14,,,0,72,,60634,13,,,0,40,,45869,13,,,0,82,,45864,13,,,0,82,,45865,13,,,0,41,,45868,13,,,0,143,,45866,13,,,0,104,,45867,13,,,0,114,,45870,13,,,0
6000,'5377',820,,50670,13,,,0,101,,50671,13,,,0,101,,50673,13,,,0,106,,50672,13,,,0,105,,50677,13,,,0,105,,50676,13,,,0,105,,50675,13,,,0,105,,50674,13,,,0,102,,50679,13,,,0,103,,45916,13,,,0,104,,50680,13,,,0,145,,50678,13,,,0,120,,45913,13,,,0
6000,'5383',719,,60647,13,,,0,100,,60648,13,,,0,101,,60646,13,,,0,101,,60645,13,,,0,106,,60644,13,,,0,105,,60643,13,,,0,105,,60642,13,,,0,106,,60641,13,,,0,106,,60639,13,,,0,102,,60640,13,,,0,103,,60635,13,,,0,104,,60636,13,,,0,145,,60637,13,,,0,120,,60638,13,,,0
6000,'5384',820,,60649,13,,,0,101,,60650,13,,,0,101,,60652,13,,,0,106,,60651,13,,,0,105,,60656,13,,,0,105,,60655,13,,,0,105,,60654,13,,,0,105,,60653,13,,,0,102,,60659,13,,,0,103,,60660,13,,,0,104,,60661,13,,,0,145,,60658,13,,,0,120,,60657,13,,,0
6000,'5385',646,,60668,13,,,0,73,,60663,13,,,0,31,,60671,13,,,0,106,,60665,13,,,0,101,,60664,13,,,0,101,,60666,13,,,0,97,,60667,13,,,0,103,,60669,13,,,0,142,,60670,13,,,0,110,,60672,13,,,0,31,,60680,14,,,0,72,,60662,13,,,0,40,,60678,13,,,0,82,,60673,13,,,0,82,,60674,13,,,0,41,,60677,13,,,0,143,,60675,13,,,0,104,,60676,13,,,0,114,,60679,13,,,0
6001,'4663',726,,60685,26,0,28 37 14,0,79,,60683,26,0,28 37 14,0,33,,60684,26,0,28 37 14,0,79,,60682,26,0,28 37 14,0,92,,60681,26,0,28 37 14,0,101,,60686,26,0,28 37 14,0,101,,60687,26,0,28 37 14,0,103,,60688,26,0,28 37 14,0,111,,60689,26,0,28 37 14,0,97,,60690,26,0,28 37 14,0,91,,60691,26,0,28 37 14,0,44,,60692,26,0,28 37 14,0,81,,60697,26,0,28 37 14,0,85,,60694,26,0,28 37 14,0,99,,60693,26,0,28 37 14,0,99,,60695,26,0,28 37 14,0,110,,60696,26,0,28 37 14,0,107,,60698,26,0,28 37 14,0
6001,'5372',726,,45935,26,0,28 37 14,0,79,,45933,26,0,28 37 14,0,33,,45934,26,0,28 37 14,0,79,,45932,26,0,28 37 14,0,92,,45931,26,0,28 37 14,0,101,,45936,26,0,28 37 14,0,101,,45937,26,0,28 37 14,0,103,,45938,26,0,28 37 14,0,111,,45939,26,0,28 37 14,0,97,,45940,26,0,28 37 14,0,91,,45941,26,0,28 37 14,0,44,,45942,26,0,28 37 14,0,81,,45947,26,0,28 37 14,0,85,,45944,26,0,28 37 14,0,99,,45943,26,0,28 37 14,0,99,,45945,26,0,28 37 14,0,110,,45946,26,0,28 37 14,0,107,,45948,26,0,28 37 14,0
6001,'5377',836,,50694,26,0,28 37 14,0,101,,45983,26,0,28 37 14,0,101,,50695,26,0,28 37 14,0,105,,50693,26,0,28 37 14,0,105,,50698,26,0,28 37 14,0,105,,50699,26,0,28 37 14,0,106,,50697,26,0,28 37 14,0,145,,50696,26,0,28 37 14,0,105,,50700,26,0,28 37 14,0,104,,50701,26,0,28 37 14,0,105,,45989,26,0,28 37 14,0,104,,45993,26,0,28 37 14,0,106,,50702,26,0,28 37 14,0
6001,'5383',736,,60710,26,0,28 37 14,0,101,,60711,26,0,28 37 14,0,100,,60712,26,0,28 37 14,0,101,,60709,26,0,28 37 14,0,105,,60708,26,0,28 37 14,0,105,,60707,26,0,28 37 14,0,106,,60706,26,0,28 37 14,0,105,,60705,26,0,28 37 14,0,144,,60704,26,0,28 37 14,0,105,,60703,26,0,28 37 14,0,105,,60702,26,0,28 37 14,0,105,,60701,26,0,28 37 14,0,104,,60700,26,0,28 37 14,0,107,,60699,26,0,28 37 14,0
6001,'5384',836,,60714,26,0,28 37 14,0,101,,60715,26,0,28 37 14,0,101,,60716,26,0,28 37 14,0,105,,60713,26,0,28 37 14,0,105,,60719,26,0,28 37 14,0,105,,60720,26,0,28 37 14,0,106,,60718,26,0,28 37 14,0,145,,60717,26,0,28 37 14,0,105,,60722,26,0,28 37 14,0,104,,60723,26,0,28 37 14,0,105,,60721,26,0,28 37 14,0,104,,60725,26,0,28 37 14,0,106,,60724,26,0,28 37 14,0
6001,'5385',726,,60730,26,0,28 37 14,0,79,,60728,26,0,28 37 14,0,33,,60729,26,0,28 37 14,0,79,,60727,26,0,28 37 14,0,92,,60726,26,0,28 37 14,0,101,,60731,26,0,28 37 14,0,101,,60732,26,0,28 37 14,0,103,,60733,26,0,28 37 14,0,111,,60734,26,0,28 37 14,0,97,,60735,26,0,28 37 14,0,91,,60736,26,0,28 37 14,0,44,,60737,26,0,28 37 14,0,81,,60742,26,0,28 37 14,0,85,,60739,26,0,28 37 14,0,99,,60738,26,0,28 37 14,0,99,,60740,26,0,28 37 14,0,110,,60741,26,0,28 37 14,0,107,,60743,26,0,28 37 14,0
