700,'4663',602,,54314,10,0,5,0,27,,54312,10,0,5,0,17,,54325,10,0,5,0,54,,54308,10,0,5,0,14,,54319,10,0,5,0,13,,54298,10,0,5,0,17,,54329,10,0,5,0,15,,54305,10,0,5,0,60,,54315,10,0,5,0,18,,54299,10,0,5,0,18,,54303,10,0,5,0,66,,54317,10,0,5,0,26,,54337,10,0,5,0,70,,54334,10,0,5,0,30,,54335,10,0,5,0,70,,54311,10,0,5,0,30,,54338,10,0,5,0,70,,54333,10,0,5,0,30,,54332,10,0,5,0,71,,54336,10,0,5,0,30,,54310,10,0,5,0,69,,54321,10,0,5,0,19,,54300,10,0,5,0,19,,54313,10,0,5,0,54,,54339,10,0,5,0,6,,54306,10,0,5,0,20,,54331,10,0,5,0,17,,54301,10,0,5,0,58,,54320,10,0,5,0,18,,54309,10,0,5,0,19,,54302,10,0,5,0,59,,54316,10,0,5,0,19,,54307,10,0,5,0,16,,54322,10,0,5,0,18,,54304,10,0,5,0,56,,54328,10,0,5,0,31,,54324,10,0,5,0,70,,54326,10,0,5,0,33,,54318,10,0,5,0,69,,54327,10,0,5,0,30,,54330,10,0,5,0,72,,54323,10,0,5,0
700,'5372',602,,38410,10,0,5,0,27,,38408,10,0,5,0,17,,38421,10,0,5,0,54,,38404,10,0,5,0,14,,38415,10,0,5,0,13,,38394,10,0,5,0,17,,38425,10,0,5,0,15,,38401,10,0,5,0,60,,38411,10,0,5,0,18,,38395,10,0,5,0,18,,38399,10,0,5,0,66,,38413,10,0,5,0,26,,38433,10,0,5,0,70,,38430,10,0,5,0,30,,38431,10,0,5,0,70,,38407,10,0,5,0,30,,38434,10,0,5,0,70,,38429,10,0,5,0,30,,51619,10,0,5,0,71,,38432,10,0,5,0,30,,38406,10,0,5,0,69,,38417,10,0,5,0,19,,38396,10,0,5,0,19,,38409,10,0,5,0,54,,54340,10,0,5,0,6,,38402,10,0,5,0,20,,38427,10,0,5,0,17,,38397,10,0,5,0,58,,38416,10,0,5,0,18,,38405,10,0,5,0,19,,38398,10,0,5,0,59,,38412,10,0,5,0,19,,38403,10,0,5,0,16,,38418,10,0,5,0,18,,38400,10,0,5,0,56,,38424,10,0,5,0,31,,38420,10,0,5,0,70,,38422,10,0,5,0,33,,38414,10,0,5,0,69,,38423,10,0,5,0,30,,38426,10,0,5,0,72,,38419,10,0,5,0
700,'5377',715,,38523,10,0,5,0,35,,38525,10,0,5,0,84,,38511,10,0,5,0,77,,38524,10,0,5,0,40,,38526,10,0,5,0,70,,38507,10,0,5,0,30,,38512,10,0,5,0,70,,38514,10,0,5,0,29,,48982,10,0,5,0,71,,38513,10,0,5,0,30,,38510,10,0,5,0,70,,38508,10,0,5,0,30,,38515,10,0,5,0,70,,38516,10,0,5,0,30,,38517,10,0,5,0,70,,38518,10,0,5,0,30,,38520,10,0,5,0,70,,38519,10,0,5,0,30,,38522,10,0,5,0,70,,38521,10,0,5,0,30,,38527,10,0,5,0,70,,38530,10,0,5,0,30,,38529,10,0,5,0,70,,38528,10,0,5,0,30,,38532,10,0,5,0,71,,48983,10,0,5,0
700,'5383',649,,54362,10,0,5,0,85,,54369,10,0,5,0,80,,54352,10,0,5,0,29,,54363,10,0,5,0,79,,54344,10,0,5,0,29,,54364,10,0,5,0,70,,54347,10,0,5,0,31,,54355,10,0,5,0,69,,54341,10,0,5,0,31,,54342,10,0,5,0,70,,54365,10,0,5,0,30,,54348,10,0,5,0,70,,54356,10,0,5,0,28,,54343,10,0,5,0,72,,54345,10,0,5,0,30,,54366,10,0,5,0,70,,54349,10,0,5,0,31,,54357,10,0,5,0,70,,54346,10,0,5,0,30,,54351,10,0,5,0,71,,54367,10,0,5,0,30,,54350,10,0,5,0,69,,54359,10,0,5,0,29,,54354,10,0,5,0,68,,54353,10,0,5,0,31,,54368,10,0,5,0,70,,54358,10,0,5,0,28,,54360,10,0,5,0,70,,54361,10,0,5,0
700,'5384',715,,54386,10,0,5,0,35,,54388,10,0,5,0,84,,54374,10,0,5,0,77,,54387,10,0,5,0,40,,54389,10,0,5,0,70,,54370,10,0,5,0,30,,54375,10,0,5,0,70,,54377,10,0,5,0,29,,54372,10,0,5,0,71,,54376,10,0,5,0,30,,54373,10,0,5,0,70,,54371,10,0,5,0,30,,54378,10,0,5,0,70,,54379,10,0,5,0,30,,54380,10,0,5,0,70,,54381,10,0,5,0,30,,54383,10,0,5,0,70,,54382,10,0,5,0,30,,54385,10,0,5,0,70,,54384,10,0,5,0,30,,54390,10,0,5,0,70,,54393,10,0,5,0,30,,54392,10,0,5,0,70,,54391,10,0,5,0,30,,54395,10,0,5,0,71,,54394,10,0,5,0
700,'5385',602,,54412,10,0,5,0,27,,54410,10,0,5,0,17,,54423,10,0,5,0,54,,54406,10,0,5,0,14,,54417,10,0,5,0,13,,54396,10,0,5,0,17,,54427,10,0,5,0,15,,54403,10,0,5,0,60,,54413,10,0,5,0,18,,54397,10,0,5,0,18,,54401,10,0,5,0,66,,54415,10,0,5,0,26,,54435,10,0,5,0,70,,54432,10,0,5,0,30,,54433,10,0,5,0,70,,54409,10,0,5,0,30,,54436,10,0,5,0,70,,54431,10,0,5,0,30,,54430,10,0,5,0,71,,54434,10,0,5,0,30,,54408,10,0,5,0,69,,54419,10,0,5,0,19,,54398,10,0,5,0,19,,54411,10,0,5,0,54,,54437,10,0,5,0,6,,54404,10,0,5,0,20,,54429,10,0,5,0,17,,54399,10,0,5,0,58,,54418,10,0,5,0,18,,54407,10,0,5,0,19,,54400,10,0,5,0,59,,54414,10,0,5,0,19,,54405,10,0,5,0,16,,54420,10,0,5,0,18,,54402,10,0,5,0,56,,54426,10,0,5,0,31,,54422,10,0,5,0,70,,54424,10,0,5,0,33,,54416,10,0,5,0,69,,54425,10,0,5,0,30,,54428,10,0,5,0,72,,54421,10,0,5,0
14000700,'4663',2148,,63076,10,0,5,0,70,,63079,10,0,5,0,32,,63077,10,0,5,0,69,,63078,10,0,5,0,31,,63080,10,0,5,0,70,,63081,10,0,5,0
14000700,'5372',2148,,48747,10,0,5,0,70,,48750,10,0,5,0,32,,48748,10,0,5,0,69,,48749,10,0,5,0,31,,48751,10,0,5,0,70,,48752,10,0,5,0
14000700,'5377',2050,,48765,10,0,5,0,71,,51591,10,0,5,0,30,,48767,10,0,5,0,100,,48768,10,0,5,0,99,,48769,10,0,5,0
14000700,'5383',2147,,63082,10,0,5,0,74,,63083,10,0,5,0,30,,63084,10,0,5,0,69,,63085,10,0,5,0,30,,63086,10,0,5,0,72,,63087,10,0,5,0
14000700,'5384',2050,,63088,10,0,5,0,71,,63089,10,0,5,0,30,,63090,10,0,5,0,100,,63091,10,0,5,0,99,,63092,10,0,5,0
14000700,'5385',2148,,63093,10,0,5,0,70,,63096,10,0,5,0,32,,63094,10,0,5,0,69,,63095,10,0,5,0,31,,63097,10,0,5,0,70,,63098,10,0,5,0
