2700,'4332',645,,57768,23,,,0,71,,57769,23,,,0,27,,57770,23,,,0,70,,57771,23,,,0,27,,57772,23,,,0,67,,57773,23,,,0,26,,57774,23,,,0,26,,57775,23,,,0,66,,57776,23,,,0,22,,57777,23,,,0,62,,57778,23,,,0,23,,57779,23,,,0,22,,57780,23,,,0,63,,57781,23,,,0,22,,57782,23,,,0,63,,57783,23,,,0,23,,57784,23,,,0,23,,57785,23,,,0,63,,57786,23,,,0,19,,57787,23,,,0,21,,57788,23,,,0,60,,57789,23,,,0,22,,57790,23,,,0,21,,57791,23,,,0,60,,57792,23,,,0,20,,57793,23,,,0,21,,57794,23,,,0,59,,57795,23,,,0,21,,57796,23,,,0,20,,57797,23,,,0,60,,57798,23,,,0,20,,57799,23,,,0,20,,57800,23,,,0,66,,57801,23,,,0,26,,57802,23,,,0,69,,57803,23,,,0,30,,57804,23,,,0,69,,57805,23,,,0,30,,57806,23,,,0,70,,57807,23,,,0,34,,57808,23,,,0,71,,57809,23,,,0,30,,57810,23,,,0,71,,57811,23,,,0,30,,57812,23,,,0,68,,57813,23,,,0,30,,57814,23,,,0,70,,57815,23,,,0,29,,57816,23,,,0
2700,'4661',725,,57864,23,,,0,112,,57876,23,,,0,22,,57901,23,,,0,63,,57888,23,,,0,25,,57871,23,,,0,67,,57860,23,,,0,25,,57859,23,,,0,66,,57858,23,,,0,27,,57861,23,,,0,26,,57875,23,,,0,67,,57885,23,,,0,26,,57868,23,,,0,66,,57862,23,,,0,26,,57866,23,,,0,64,,57867,23,,,0,25,,57869,23,,,0,22,,57874,23,,,0,62,,57865,23,,,0,16,,57892,23,,,0,16,,57896,23,,,0,56,,57897,23,,,0,16,,57898,23,,,0,16,,57877,23,,,0,16,,57899,23,,,0,57,,57872,23,,,0,16,,57873,23,,,0,15,,57879,23,,,0,70,,57878,23,,,0,16,,57880,23,,,0,15,,57881,23,,,0,61,,57883,23,,,0,49,,57884,23,,,0,68,,57889,23,,,0,97,,57891,23,,,0,29,,57890,23,,,0,106,,57894,23,,,0,79,,57895,23,,,0,79,,57893,23,,,0
2700,'4663',725,,57715,23,,,0,112,,57727,23,,,0,22,,57760,23,,,0,63,,57741,23,,,0,25,,57722,23,,,0,67,,57711,23,,,0,25,,57710,23,,,0,66,,57709,23,,,0,27,,57712,23,,,0,26,,57726,23,,,0,67,,57738,23,,,0,26,,57719,23,,,0,66,,57713,23,,,0,26,,57717,23,,,0,64,,57718,23,,,0,25,,57720,23,,,0,22,,57725,23,,,0,62,,57716,23,,,0,16,,57747,23,,,0,16,,57752,23,,,0,56,,57753,23,,,0,16,,57754,23,,,0,16,,57728,23,,,0,16,,57755,23,,,0,57,,57723,23,,,0,16,,57724,23,,,0,15,,57731,23,,,0,14,,57729,23,,,0,56,,57730,23,,,0,16,,57732,23,,,0,15,,57733,23,,,0,61,,57735,23,,,0,23,,57736,23,,,0,26,,57737,23,,,0,68,,57742,23,,,0,29,,57745,23,,,0,68,,57744,23,,,0,29,,57743,23,,,0,70,,57746,23,,,0,36,,57749,23,,,0,79,,57750,23,,,0,79,,57748,23,,,0,40,,57756,23,,,0,80,,57758,23,,,0,80,,57757,23,,,0,39,,57759,23,,,0
2700,'4682',1754,,57906,23,,,0,171,,57907,23,,,0,123,,57908,23,,,0,167,,57909,23,,,0
2700,'5078',718,,57817,23,,,0,30,,57819,23,,,0,69,,57820,23,,,0,30,,57821,23,,,0,70,,57822,23,,,0,28,,57823,23,,,0,68,,57824,23,,,0,27,,57825,23,,,0,67,,57826,23,,,0,24,,57827,23,,,0,25,,57828,23,,,0,63,,57829,23,,,0,24,,57830,23,,,0,62,,57831,23,,,0,24,,57832,23,,,0,23,,57833,23,,,0,63,,57834,23,,,0,23,,57835,23,,,0,62,,57836,23,,,0,23,,57837,23,,,0,23,,57838,23,,,0,63,,57839,23,,,0,23,,57840,23,,,0,23,,57841,23,,,0,63,,57842,23,,,0,23,,57843,23,,,0,64,,57844,23,,,0,24,,57845,23,,,0,25,,57846,23,,,0,65,,57847,23,,,0,28,,57848,23,,,0,69,,57849,23,,,0,30,,57850,23,,,0,70,,57851,23,,,0,36,,57852,23,,,0,83,,57853,23,,,0,79,,57854,23,,,0,101,,57855,23,,,0
2700,'5387',1754,,57902,23,,,0,171,,57903,23,,,0,123,,57904,23,,,0,167,,57905,23,,,0
2800,'4332',759,,58188,23,,,0,69,,58189,23,,,0,25,,58190,23,,,0,67,,58191,23,,,0,26,,58192,23,,,0,67,,58184,23,,,0,23,,58193,23,,,0,22,,58194,23,,,0,62,,58195,23,,,0,23,,58196,23,,,0,63,,58197,23,,,0,22,,58198,23,,,0,22,,58199,23,,,0,63,,58200,23,,,0,24,,58201,23,,,0,22,,58202,23,,,0,62,,58203,23,,,0,20,,58204,23,,,0,60,,58205,23,,,0,21,,58206,23,,,0,22,,58207,23,,,0,60,,58208,23,,,0,20,,58209,23,,,0,21,,58210,23,,,0,59,,58211,23,,,0,21,,58212,23,,,0,20,,58213,23,,,0,60,,58214,23,,,0,20,,58215,23,,,0,19,,58216,23,,,0,63,,58217,23,,,0,26,,58218,23,,,0,68,,58219,23,,,0,30,,58220,23,,,0,70,,58221,23,,,0,29,,58222,23,,,0,70,,58223,23,,,0,31,,58224,23,,,0,75,,58225,23,,,0,30,,58226,23,,,0,70,,58227,23,,,0,30,,58228,23,,,0,70,,58229,23,,,0,28,,58230,23,,,0,70,,58231,23,,,0,29,,58232,23,,,0
2800,'4661',600,,58277,23,,,0,24,,58273,23,,,0,22,,58272,23,,,0,11,,58275,23,,,0,52,,58294,23,,,0,8,,58276,23,,,0,22,,58280,23,,,0,14,,58291,23,,,0,53,,58281,23,,,0,17,,58278,23,,,0,24,,58279,23,,,0,63,,58317,23,,,0,24,,58282,23,,,0,67,,58283,23,,,0,26,,58295,23,,,0,25,,58300,23,,,0,67,,58288,23,,,0,26,,58284,23,,,0,66,,58285,23,,,0,27,,58287,23,,,0,66,,58286,23,,,0,27,,58293,23,,,0,24,,58301,23,,,0,64,,58290,23,,,0,24,,58289,23,,,0,62,,58313,23,,,0,35,,58292,23,,,0,104,,58314,23,,,0,72,,58309,23,,,0,31,,58315,23,,,0,71,,58296,23,,,0,16,,58316,23,,,0,17,,58303,23,,,0,62,,58299,23,,,0,25,,58297,23,,,0,67,,58298,23,,,0,29,,58308,23,,,0,68,,58305,23,,,0,29,,58307,23,,,0,69,,58306,23,,,0,31,,58304,23,,,0,79,,58311,23,,,0,39,,58312,23,,,0,80,,58310,23,,,0
2800,'4663',600,,58131,23,,,0,24,,58127,23,,,0,22,,58126,23,,,0,11,,58129,23,,,0,52,,58149,23,,,0,8,,58130,23,,,0,22,,58134,23,,,0,14,,58145,23,,,0,53,,58135,23,,,0,17,,58132,23,,,0,24,,58133,23,,,0,63,,58175,23,,,0,24,,58136,23,,,0,67,,58137,23,,,0,26,,58150,23,,,0,25,,58155,23,,,0,67,,58142,23,,,0,26,,58138,23,,,0,66,,58139,23,,,0,27,,58141,23,,,0,66,,58140,23,,,0,27,,58148,23,,,0,24,,58156,23,,,0,64,,58144,23,,,0,24,,58143,23,,,0,62,,58168,23,,,0,35,,58147,23,,,0,72,,58146,23,,,0,32,,58169,23,,,0,72,,58164,23,,,0,31,,58170,23,,,0,71,,58151,23,,,0,16,,58171,23,,,0,17,,58158,23,,,0,62,,58154,23,,,0,25,,58152,23,,,0,67,,58153,23,,,0,29,,58163,23,,,0,68,,58160,23,,,0,29,,58162,23,,,0,69,,58161,23,,,0,31,,58159,23,,,0,79,,58166,23,,,0,39,,58167,23,,,0,80,,58165,23,,,0,80,,58172,23,,,0,40,,58174,23,,,0,80,,58173,23,,,0
2800,'4682',1612,,58319,23,,,0
2800,'5078',832,,58237,23,,,0,70,,58238,23,,,0,30,,58239,23,,,0,27,,58240,23,,,0,67,,58241,23,,,0,27,,58242,23,,,0,66,,58243,23,,,0,25,,58244,23,,,0,64,,58245,23,,,0,23,,58246,23,,,0,23,,58247,23,,,0,63,,58248,23,,,0,24,,58249,23,,,0,63,,58250,23,,,0,23,,58251,23,,,0,22,,58252,23,,,0,63,,58253,23,,,0,23,,58254,23,,,0,23,,58255,23,,,0,63,,58256,23,,,0,23,,58257,23,,,0,63,,58258,23,,,0,23,,58259,23,,,0,23,,58260,23,,,0,64,,58261,23,,,0,25,,58262,23,,,0,65,,58263,23,,,0,26,,58264,23,,,0,69,,58265,23,,,0,29,,58266,23,,,0,70,,58267,23,,,0,31,,58268,23,,,0,80,,58269,23,,,0,42,,58270,23,,,0,86,,58271,23,,,0
2800,'5387',1612,,58318,23,,,0
