7101,'4661',608,,61222,18,,,0,30,,61221,18,,,0,86,,61220,18,,,0
7101,'4663',608,,61219,18,,,0,30,,61218,18,,,0,86,,61217,18,,,0
8301,'4332',933,,61902,3,,,0,300,,61900,3,,,0,305,,61901,3,,,0,300,,61899,3,,,0
8301,'4661',657,,61907,3,,,0,90,,61908,3,,,0,210,,61909,3,,,0,181,,61910,3,,,0,195,,61911,3,,,0,210,,61912,3,,,0,214,,61913,3,,,0,200,,61914,3,,,0
8301,'4663',657,,61891,3,,,0,90,,61892,3,,,0,210,,61893,3,,,0,181,,61894,3,,,0,195,,61895,3,,,0,210,,61896,3,,,0,214,,61897,3,,,0,200,,61898,3,,,0
8301,'5078',932,,61905,3,,,0,300,,61906,3,,,0,305,,61904,3,,,0,300,,61903,3,,,0
8500,'4332',838,,61925,3,,,0,300,,61926,3,,,0,305,,61923,3,,,0,300,,61924,3,,,0
8500,'4661',633,,61931,3,,,0,97,,61932,3,,,0,200,,61933,3,,,0,200,,61934,3,,,0,200,,61935,3,,,0,200,,61936,3,,,0,200,,61937,3,,,0,200,,61938,3,,,0
8500,'4663',633,,61915,3,,,0,97,,61916,3,,,0,200,,61917,3,,,0,200,,61918,3,,,0,200,,61919,3,,,0,200,,61920,3,,,0,200,,61921,3,,,0,200,,61922,3,,,0
8500,'5078',838,,61929,3,,,0,300,,61930,3,,,0,305,,61927,3,,,0,300,,61928,3,,,0
8701,'4661',622,,61959,3,,,0,197,,61960,3,,,0,201,,61961,3,,,0,199,,61962,3,,,0,199,,61963,3,,,0,203,,61964,3,,,0
8701,'4663',622,,61953,3,,,0,197,,61954,3,,,0,201,,61955,3,,,0,199,,61956,3,,,0,199,,61957,3,,,0,203,,61958,3,,,0
8801,'4332',747,,62022,3,,,0,99,,62023,3,,,0,99,,62024,3,,,0,100,,62025,3,,,0,98,,62016,3,,,0,100,,62017,3,,,0,100,,62018,3,,,0,100,,62019,3,,,0,102,,62020,3,,,0,100,,62021,3,,,0,98,,62013,3,,,0,100,,62014,3,,,0,102,,62015,3,,,0,100,,62012,3,,,0
8801,'4661',712,,62040,3,,,0,200,,62041,3,,,0,200,,62042,3,,,0,199,,62043,3,,,0,200,,62044,3,,,0,206,,62045,3,,,0,103,,62046,3,,,0
8801,'4663',712,,62005,3,,,0,200,,62006,3,,,0,200,,62007,3,,,0,199,,62008,3,,,0,200,,62009,3,,,0,206,,62010,3,,,0,103,,62011,3,,,0
8801,'5078',748,,62034,3,,,0,94,,62035,3,,,0,100,,62036,3,,,0,100,,62037,3,,,0,100,,62038,3,,,0,100,,62039,3,,,0,99,,62029,3,,,0,100,,62030,3,,,0,101,,62031,3,,,0,101,,62032,3,,,0,102,,62033,3,,,0,99,,62027,3,,,0,100,,62028,3,,,0,98,,62026,3,,,0
1008801,'4661',644,,62983,3,,,0,106,,62984,3,,,0,96,,62985,3,,,0,100,,62986,3,,,0,100,,62982,3,,,0,99,,62987,3,,,0,100,,62988,3,,,0,100,,62989,3,,,0,100,,62990,3,,,0,100,,62991,3,,,0,100,,62992,3,,,0,108,,62993,3,,,0,99,,62994,3,,,0,71,,62995,3,,,0,101,,62996,3,,,0
1008801,'4663',644,,62968,3,,,0,106,,62969,3,,,0,96,,62970,3,,,0,100,,62971,3,,,0,100,,62967,3,,,0,99,,62972,3,,,0,100,,62973,3,,,0,100,,62974,3,,,0,100,,62975,3,,,0,100,,62976,3,,,0,100,,62977,3,,,0,108,,62978,3,,,0,99,,62979,3,,,0,71,,62980,3,,,0,101,,62981,3,,,0
