800,'4487',734,,3301,23,,,0,85,,3302,23,,,0,86,,3303,23,,,0,47,,3304,23,,,0,90,,3305,23,,,0,87,,3300,23,,,0,90,,3306,23,,,0,91,,3307,23,,,0,91,,3308,23,,,0,53,,3309,23,,,0,90,,3310,23,,,0,91,,3311,23,,,0,88,,3312,23,,,0,84,,3313,23,,,0,45,,3314,23,,,0
800,'4737',647,,3316,34,,,0,90,,3317,34,,,0,73,,3318,34,,,0,20,,3319,34,,,0,20,,3320,34,,,0,87,,3321,34,,,0,75,,3322,34,,,0,41,,3315,34,,,0,84,,3323,34,,,0,77,,3338,34,,,0,44,,3324,34,,,0,84,,3325,34,,,0,84,,3326,34,,,0,102,,3328,34,,,0,83,,3329,34,,,0,46,,3330,34,,,0,69,,3339,34,,,0,33,,3331,34,,,0,72,,3332,34,,,0,69,,3333,34,,,0,29,,3340,34,,,0,94,,3334,34,,,0,83,,3335,34,,,0,96,,3336,34,,,0,42,,3337,34,,,0
800,'4740',734,,3342,23,,,0,85,,3343,23,,,0,86,,3344,23,,,0,47,,3345,23,,,0,90,,3346,23,,,0,87,,3341,23,,,0,90,,3347,23,,,0,91,,3348,23,,,0,91,,3349,23,,,0,53,,3350,23,,,0,90,,3351,23,,,0,91,,3352,23,,,0,88,,3353,23,,,0,84,,3354,23,,,0,45,,3355,23,,,0
800,'4744',647,,3357,34,,,0,90,,3358,34,,,0,73,,3359,34,,,0,20,,3360,34,,,0,20,,3361,34,,,0,87,,3362,34,,,0,75,,3363,34,,,0,41,,3356,34,,,0,84,,3364,34,,,0,77,,3379,34,,,0,44,,3365,34,,,0,84,,3366,34,,,0,84,,3367,34,,,0,102,,3369,34,,,0,83,,3370,34,,,0,46,,3371,34,,,0,69,,3380,34,,,0,33,,3372,34,,,0,72,,3373,34,,,0,69,,3374,34,,,0,29,,3381,34,,,0,94,,3375,34,,,0,83,,3376,34,,,0,96,,3377,34,,,0,42,,3378,34,,,0
800,'4745',904,,3383,23,,,0,47,,3384,23,,,0,90,,3385,23,,,0,86,,3386,23,,,0,91,,3387,23,,,0,92,,3382,23,,,0,90,,3388,23,,,0,52,,3389,23,,,0,91,,3390,23,,,0,91,,3391,23,,,0,88,,3392,23,,,0
800,'4947',647,,3394,34,,,0,90,,3395,34,,,0,73,,3396,34,,,0,20,,3397,34,,,0,20,,3398,34,,,0,87,,3399,34,,,0,75,,3400,34,,,0,41,,3393,34,,,0,84,,3401,34,,,0,77,,3416,34,,,0,44,,3402,34,,,0,84,,3403,34,,,0,84,,3404,34,,,0,102,,3406,34,,,0,83,,3407,34,,,0,46,,3408,34,,,0,69,,3417,34,,,0,33,,3409,34,,,0,72,,3410,34,,,0,69,,3411,34,,,0,29,,3418,34,,,0,94,,3412,34,,,0,83,,3413,34,,,0,96,,3414,34,,,0,42,,3415,34,,,0
800,'4954',904,,3420,23,,,0,47,,3421,23,,,0,90,,3422,23,,,0,86,,3423,23,,,0,91,,3424,23,,,0,92,,3419,23,,,0,90,,3425,23,,,0,52,,3426,23,,,0,91,,3427,23,,,0,91,,3428,23,,,0,88,,3429,23,,,0
1401,'4487',601,,5202,14,,,0,30,,5201,14,,,0,26,,5167,14,,,0,61,,5170,14,,,0,17,,5203,14,,,0,15,,5204,14,,,0,55,,5169,14,,,0,14,,5163,14,,,0,15,,5205,14,,,0,15,,5162,14,,,0,55,,5171,14,,,0,14,,5168,14,,,0,15,,5207,14,,,0,14,,5206,14,,,0,54,,5172,14,,,0,14,,5161,14,,,0,14,,5211,14,,,0,15,,5160,14,,,0,15,,5178,14,,,0,55,,5179,14,,,0,15,,5212,14,,,0,14,,5164,14,,,0,15,,5209,14,,,0,55,,5174,14,,,0,15,,5175,14,,,0,14,,5210,14,,,0,15,,5173,14,,,0,54,,5176,14,,,0,15,,5177,14,,,0,15,,5208,14,,,0,15,,5180,14,,,0,55,,5188,14,,,0,15,,5166,14,,,0,15,,5165,14,,,0,15,,5186,14,,,0,55,,5194,14,,,0,15,,5190,14,,,0,15,,5191,14,,,0,15,,5193,14,,,0,55,,5187,14,,,0,16,,5182,14,,,0,15,,5192,14,,,0,15,,5189,14,,,0,55,,5195,14,,,0,15,,5183,14,,,0,15,,5196,14,,,0,16,,5185,14,,,0,55,,5184,14,,,0,15,,5200,14,,,0,16,,5197,14,,,0,15,,5198,14,,,0,55,,5181,14,,,0,19,,5199,14,,,0,20,,5216,14,,,0,60,,5214,14,,,0,20,,5213,14,,,0,20,,5215,14,,,0,60,,5217,14,,,0,20,,5221,14,,,0,20,,5220,14,,,0,60,,5219,14,,,0,28,,5218,14,,,0,71,,5222,14,,,0,32,,5223,14,,,0,71,,5224,14,,,0
1401,'4737',547,,5225,14,,,0,65,,5231,14,,,0,21,,5243,14,,,0,15,,5226,14,,,0,53,,5251,14,,,0,12,,5232,14,,,0,12,,5269,14,,,0,12,,5241,14,,,0,14,,5227,14,,,0,54,,5252,14,,,0,14,,5233,14,,,0,14,,5286,14,,,0,13,,5287,14,,,0,54,,5242,14,,,0,13,,5234,14,,,0,13,,5253,14,,,0,13,,5228,14,,,0,13,,5267,14,,,0,53,,5236,14,,,0,13,,5229,14,,,0,13,,5230,14,,,0,13,,5282,14,,,0,14,,5283,14,,,0,54,,5239,14,,,0,14,,5237,14,,,0,13,,5250,14,,,0,13,,5238,14,,,0,53,,5268,14,,,0,14,,5235,14,,,0,13,,5240,14,,,0,13,,5285,14,,,0,13,,5284,14,,,0,52,,5246,14,,,0,13,,5302,14,,,0,12,,5249,14,,,0,11,,5312,14,,,0,11,,5247,14,,,0,52,,5248,14,,,0,10,,5303,14,,,0,4,,5266,14,,,0,6,,5304,14,0,5,0,5,,5245,14,,,0,6,,5313,14,0,5,0,7,,5314,14,,,0,10,,5244,14,,,0,45,,5305,14,,,0,6,,5307,14,0,5,0,8,,5260,14,,,0,10,,5308,14,0,5,0,8,,5272,14,,,0,7,,5271,14,0,5,0,8,,5259,14,,,0,8,,5309,14,0,5,0,50,,5296,14,,,0,5,,5258,14,0,5,0,6,,5316,14,0,5,0,5,,5261,14,,,0,5,,5315,14,0,5,0,5,,5257,14,0,5,0,6,,5262,14,,,0,8,,5254,14,0,5,0,8,,5263,14,,,0,48,,5256,14,0,5,0,8,,5264,14,,,0,9,,5255,14,0,5,0,7,,5265,14,,,0,8,,5306,14,0,5,0,8,,5274,14,,,0,7,,5288,14,0,5,0,7,,5273,14,,,0,48,,5270,14,0,5,0,5,,5279,14,,,0,15,,5280,14,,,0,15,,5301,14,,,0,15,,5281,14,,,0,55,,5275,14,,,0,15,,5277,14,,,0,15,,5278,14,,,0,15,,5276,14,,,0,57,,5289,14,,,0,20,,5295,14,,,0,20,,5294,14,,,0,59,,5290,14,,,0,20,,5293,14,,,0,20,,5292,14,,,0,63,,5291,14,,,0,32,,5298,14,,,0,72,,5300,14,,,0,29,,5299,14,,,0,70,,5297,14,,,0,30,,5310,14,,,0,70,,5311,14,,,0
1401,'4740',601,,5359,14,,,0,30,,5358,14,,,0,26,,5324,14,,,0,61,,5327,14,,,0,17,,5360,14,,,0,15,,5361,14,,,0,55,,5326,14,,,0,14,,5320,14,,,0,15,,5362,14,,,0,15,,5319,14,,,0,55,,5328,14,,,0,14,,5325,14,,,0,15,,5364,14,,,0,14,,5363,14,,,0,54,,5329,14,,,0,14,,5318,14,,,0,14,,5368,14,,,0,15,,5317,14,,,0,15,,5335,14,,,0,55,,5336,14,,,0,15,,5369,14,,,0,14,,5321,14,,,0,15,,5366,14,,,0,55,,5331,14,,,0,15,,5332,14,,,0,14,,5367,14,,,0,15,,5330,14,,,0,54,,5333,14,,,0,15,,5334,14,,,0,15,,5365,14,,,0,15,,5337,14,,,0,55,,5345,14,,,0,15,,5323,14,,,0,15,,5322,14,,,0,15,,5343,14,,,0,55,,5351,14,,,0,15,,5347,14,,,0,15,,5348,14,,,0,15,,5350,14,,,0,55,,5344,14,,,0,16,,5339,14,,,0,15,,5349,14,,,0,15,,5346,14,,,0,55,,5352,14,,,0,15,,5340,14,,,0,15,,5353,14,,,0,16,,5342,14,,,0,55,,5341,14,,,0,15,,5357,14,,,0,16,,5354,14,,,0,15,,5355,14,,,0,55,,5338,14,,,0,19,,5356,14,,,0,20,,5373,14,,,0,60,,5371,14,,,0,20,,5370,14,,,0,20,,5372,14,,,0,60,,5374,14,,,0,20,,5378,14,,,0,20,,5377,14,,,0,60,,5376,14,,,0,28,,5375,14,,,0,71,,5379,14,,,0,32,,5380,14,,,0,71,,5381,14,,,0,30,,5382,14,,,0,70,,5383,14,,,0
1401,'4744',547,,5384,14,,,0,65,,5390,14,,,0,21,,5402,14,,,0,15,,5385,14,,,0,53,,5410,14,,,0,12,,5391,14,,,0,12,,5428,14,,,0,12,,5400,14,,,0,14,,5386,14,,,0,54,,5411,14,,,0,14,,5392,14,,,0,14,,5445,14,,,0,13,,5446,14,,,0,54,,5401,14,,,0,13,,5393,14,,,0,13,,5412,14,,,0,13,,5387,14,,,0,13,,5426,14,,,0,53,,5395,14,,,0,13,,5388,14,,,0,13,,5389,14,,,0,13,,5441,14,,,0,14,,5442,14,,,0,54,,5398,14,,,0,14,,5396,14,,,0,13,,5409,14,,,0,13,,5397,14,,,0,53,,5427,14,,,0,14,,5394,14,,,0,13,,5399,14,,,0,13,,5444,14,,,0,13,,5443,14,,,0,52,,5405,14,,,0,13,,5461,14,,,0,12,,5408,14,,,0,11,,5469,14,,,0,11,,5406,14,,,0,48,,5474,14,,,0,4,,5407,14,,,0,10,,5462,14,,,0,4,,5425,14,,,0,6,,5463,14,0,5,0,5,,5404,14,,,0,6,,5470,14,0,5,0,7,,5471,14,,,0,10,,5403,14,,,0,45,,5464,14,,,0,6,,5466,14,0,5,0,8,,5419,14,,,0,10,,5467,14,0,5,0,8,,5431,14,,,0,7,,5430,14,0,5,0,8,,5418,14,,,0,8,,5468,14,0,5,0,50,,5455,14,,,0,5,,5417,14,0,5,0,6,,5473,14,0,5,0,5,,5420,14,,,0,5,,5472,14,0,5,0,5,,5416,14,0,5,0,6,,5421,14,,,0,8,,5413,14,0,5,0,8,,5422,14,,,0,48,,5415,14,0,5,0,8,,5423,14,,,0,9,,5414,14,0,5,0,7,,5424,14,,,0,8,,5465,14,0,5,0,8,,5433,14,,,0,7,,5447,14,0,5,0,7,,5432,14,,,0,48,,5429,14,0,5,0,5,,5438,14,,,0,15,,5439,14,,,0,15,,5460,14,,,0,15,,5440,14,,,0,55,,5434,14,,,0,15,,5436,14,,,0,15,,5437,14,,,0,15,,5435,14,,,0,57,,5448,14,,,0,20,,5454,14,,,0,20,,5453,14,,,0,59,,5449,14,,,0,20,,5452,14,,,0,20,,5451,14,,,0,63,,5450,14,,,0,32,,5457,14,,,0,72,,5459,14,,,0,29,,5458,14,,,0,70,,5456,14,,,0
1401,'4745',632,,5531,14,,,0,24,,5518,14,,,0,66,,5517,14,,,0,17,,5501,14,,,0,15,,5535,14,,,0,55,,5508,14,,,0,14,,5533,14,,,0,15,,5524,14,,,0,15,,5534,14,,,0,54,,5492,14,,,0,15,,5523,14,,,0,15,,5489,14,,,0,15,,5493,14,,,0,55,,5502,14,,,0,15,,5526,14,,,0,15,,5480,14,,,0,15,,5510,14,,,0,55,,5481,14,,,0,15,,5511,14,,,0,14,,5482,14,,,0,15,,5494,14,,,0,56,,5503,14,,,0,15,,5527,14,,,0,15,,5477,14,,,0,15,,5512,14,,,0,56,,5479,14,,,0,15,,5509,14,,,0,15,,5478,14,,,0,15,,5495,14,,,0,55,,5475,14,,,0,15,,5504,14,,,0,15,,5525,14,,,0,15,,5485,14,,,0,55,,5513,14,,,0,15,,5484,14,,,0,15,,5515,14,,,0,15,,5483,14,,,0,55,,5496,14,,,0,15,,5476,14,,,0,15,,5505,14,,,0,15,,5528,14,,,0,55,,5486,14,,,0,15,,5514,14,,,0,15,,5487,14,,,0,16,,5516,14,,,0,55,,5491,14,,,0,15,,5500,14,,,0,15,,5490,14,,,0,17,,5507,14,,,0,58,,5530,14,,,0,20,,5520,14,,,0,18,,5522,14,,,0,60,,5488,14,,,0,20,,5499,14,,,0,20,,5506,14,,,0,61,,5532,14,,,0,30,,5521,14,,,0,70,,5498,14,,,0,31,,5497,14,,,0,72,,5529,14,,,0,30,,5519,14,,,0
1401,'4947',547,,5536,14,,,0,65,,5542,14,,,0,21,,5554,14,,,0,15,,5537,14,,,0,53,,5561,14,,,0,12,,5543,14,,,0,12,,5579,14,,,0,12,,5552,14,,,0,14,,5538,14,,,0,54,,5562,14,,,0,14,,5544,14,,,0,14,,5596,14,,,0,13,,5597,14,,,0,54,,5553,14,,,0,13,,5545,14,,,0,13,,5563,14,,,0,13,,5539,14,,,0,13,,5577,14,,,0,53,,5547,14,,,0,13,,5540,14,,,0,13,,5541,14,,,0,13,,5592,14,,,0,14,,5593,14,,,0,54,,5550,14,,,0,14,,5548,14,,,0,13,,5560,14,,,0,13,,5549,14,,,0,53,,5578,14,,,0,14,,5546,14,,,0,13,,5551,14,,,0,13,,5595,14,,,0,13,,5594,14,,,0,52,,5557,14,,,0,13,,5612,14,,,0,12,,5559,14,,,0,11,,5620,14,,,0,59,,5625,14,,,0,4,,5558,14,,,0,10,,5613,14,,,0,4,,5576,14,,,0,6,,5614,14,0,5,0,5,,5556,14,,,0,6,,5621,14,0,5,0,7,,5622,14,,,0,10,,5555,14,,,0,45,,5615,14,,,0,6,,5617,14,0,5,0,8,,5570,14,,,0,10,,5618,14,0,5,0,8,,5582,14,,,0,7,,5581,14,0,5,0,8,,5569,14,,,0,8,,5619,14,0,5,0,50,,5606,14,,,0,5,,5568,14,0,5,0,6,,5624,14,0,5,0,5,,5571,14,,,0,5,,5623,14,0,5,0,5,,5567,14,0,5,0,6,,5572,14,,,0,8,,5564,14,0,5,0,8,,5573,14,,,0,48,,5566,14,0,5,0,8,,5574,14,,,0,9,,5565,14,0,5,0,7,,5575,14,,,0,8,,5616,14,0,5,0,8,,5584,14,,,0,7,,5598,14,0,5,0,7,,5583,14,,,0,48,,5580,14,0,5,0,5,,5589,14,,,0,15,,5590,14,,,0,15,,5611,14,,,0,15,,5591,14,,,0,55,,5585,14,,,0,15,,5587,14,,,0,15,,5588,14,,,0,15,,5586,14,,,0,57,,5599,14,,,0,20,,5605,14,,,0,20,,5604,14,,,0,59,,5600,14,,,0,20,,5603,14,,,0,20,,5602,14,,,0,63,,5601,14,,,0,32,,5608,14,,,0,72,,5610,14,,,0,29,,5609,14,,,0,70,,5607,14,,,0
1401,'4949',1357,,5626,14,,,0
1401,'4950',1357,,5627,14,,,0
1401,'4954',632,,5684,14,,,0,24,,5671,14,,,0,66,,5670,14,,,0,17,,5654,14,,,0,15,,5688,14,,,0,55,,5661,14,,,0,14,,5686,14,,,0,15,,5677,14,,,0,15,,5687,14,,,0,54,,5645,14,,,0,15,,5676,14,,,0,15,,5642,14,,,0,15,,5646,14,,,0,55,,5655,14,,,0,15,,5679,14,,,0,15,,5633,14,,,0,15,,5663,14,,,0,55,,5634,14,,,0,15,,5664,14,,,0,14,,5635,14,,,0,15,,5647,14,,,0,56,,5656,14,,,0,15,,5680,14,,,0,15,,5630,14,,,0,15,,5665,14,,,0,56,,5632,14,,,0,15,,5662,14,,,0,15,,5631,14,,,0,15,,5648,14,,,0,55,,5628,14,,,0,15,,5657,14,,,0,15,,5678,14,,,0,15,,5638,14,,,0,55,,5666,14,,,0,15,,5637,14,,,0,15,,5668,14,,,0,15,,5636,14,,,0,55,,5649,14,,,0,15,,5629,14,,,0,15,,5658,14,,,0,15,,5681,14,,,0,55,,5639,14,,,0,15,,5667,14,,,0,15,,5640,14,,,0,16,,5669,14,,,0,55,,5644,14,,,0,15,,5653,14,,,0,15,,5643,14,,,0,17,,5660,14,,,0,58,,5683,14,,,0,20,,5673,14,,,0,18,,5675,14,,,0,60,,5641,14,,,0,20,,5652,14,,,0,20,,5659,14,,,0,61,,5685,14,,,0,30,,5674,14,,,0,70,,5651,14,,,0,31,,5650,14,,,0,72,,5682,14,,,0,30,,5672,14,,,0
