600,'4332',549,,37961,4,,,0,70,,37962,4,,,0,84,,37963,4,,,0,20,,37964,4,,,0,35,,37965,4,,,0,60,,37966,4,,,0,18,,37967,4,,,0,70,,37968,4,,,0,15,,37960,4,,,0,15,,37969,4,,,0,66,,37970,4,,,0,13,,37971,4,,,0,12,,37972,4,,,0,12,,37973,4,,,0,64,,37974,4,,,0,12,,37975,4,,,0,12,,37976,4,,,0,24,,37977,4,,,0,52,,37978,4,,,0,12,,37979,4,,,0,24,,37980,4,,,0,12,,37981,4,,,0,53,,37982,4,,,0,24,,37983,4,,,0,12,,37984,4,,,0,12,,37985,4,,,0,60,,37986,4,,,0,10,,37987,4,,,0,10,,37988,4,,,0,21,,37989,4,,,0,51,,37998,4,,,0,10,,37990,4,,,0,20,,37991,4,,,0,11,,37999,4,,,0,10,,37992,4,,,0,60,,37993,4,,,0,11,,38000,4,,,0,10,,37994,4,,,0,20,,37995,4,,,0,51,,37996,4,,,0,12,,38001,4,,,0,12,,37997,4,,,0,24,,38002,4,,,0,52,,38003,4,,,0,12,,38004,4,,,0,12,,38005,4,,,0,25,,38007,4,,,0,55,,38008,4,,,0,15,,38009,4,,,0,30,,38010,4,,,0,55,,38011,4,,,0,17,,38006,4,,,0,76,,38012,4,,,0,18,,38013,4,,,0,35,,38014,4,,,0,61,,38015,4,,,0,20,,38016,4,,,0,90,,38017,4,,,0,95,,38018,4,,,0,30,,38019,4,,,0,69,,38020,4,,,0,30,,38021,4,,,0,70,,38022,4,,,0,29,,38023,4,,,0
600,'4661',544,,37890,4,,,0,70,,37896,4,,,0,31,,37889,4,,,0,64,,37900,4,,,0,24,,37894,4,,,0,24,,37863,4,,,0,58,,37860,4,,,0,20,,37872,4,,,0,19,,37897,4,,,0,61,,37886,4,,,0,24,,37902,4,,,0,64,,37874,4,,,0,22,,37866,4,,,0,24,,37892,4,,,0,63,,37881,4,,,0,24,,37898,4,,,0,64,,37888,4,,,0,49,,37873,4,,,0,65,,37864,4,,,0,26,,37891,4,,,0,63,,37882,4,,,0,21,,37875,4,,,0,20,,37865,4,,,0,60,,37887,4,,,0,16,,37857,4,,,0,14,,37885,4,,,0,17,,48969,4,,,0,54,,37856,4,,,0,16,,37870,4,,,0,15,,37904,4,,,0,14,,37893,4,,,0,54,,48970,4,,,0,16,,37859,4,,,0,14,,37878,4,,,0,15,,37869,4,,,0,57,,37903,4,,,0,17,,37862,4,,,0,24,,37899,4,,,0,64,,37867,4,,,0,29,,37861,4,,,0,73,,37876,4,,,0,18,,37868,4,,,0,76,,37883,4,,,0,18,,37877,4,,,0,78,,37871,4,,,0,20,,37884,4,,,0,100,,37879,4,,,0,99,,37880,4,,,0
600,'4663',544,,37945,4,,,0,70,,37951,4,,,0,31,,37944,4,,,0,64,,37955,4,,,0,24,,37949,4,,,0,24,,37913,4,,,0,58,,37910,4,,,0,20,,37922,4,,,0,19,,37952,4,,,0,61,,37939,4,,,0,24,,37957,4,,,0,64,,37924,4,,,0,22,,37916,4,,,0,24,,37947,4,,,0,63,,37931,4,,,0,24,,37953,4,,,0,64,,37941,4,,,0,25,,51614,4,,,0,24,,37923,4,,,0,65,,37914,4,,,0,26,,37946,4,,,0,63,,37932,4,,,0,21,,37925,4,,,0,20,,37915,4,,,0,60,,37940,4,,,0,16,,37907,4,,,0,14,,37935,4,,,0,17,,48967,4,,,0,54,,37906,4,,,0,16,,37920,4,,,0,15,,37959,4,,,0,14,,37948,4,,,0,54,,48968,4,,,0,16,,37909,4,,,0,14,,37928,4,,,0,15,,37919,4,,,0,57,,37958,4,,,0,17,,37912,4,,,0,24,,37954,4,,,0,64,,37917,4,,,0,29,,37911,4,,,0,73,,37926,4,,,0,18,,37918,4,,,0,76,,37933,4,,,0,18,,37927,4,,,0,78,,37921,4,,,0,20,,37934,4,,,0,100,,37929,4,,,0,99,,37930,4,,,0,30,,37936,4,,,0,70,,37938,4,,,0,30,,37937,4,,,0,70,,37942,4,,,0,30,,37943,4,,,0
600,'5078',633,,38050,4,,,0,70,,38063,4,,,0,55,,38033,4,,,0,65,,38061,4,,,0,80,,38035,4,,,0,20,,38025,4,,,0,77,,38045,4,,,0,15,,38072,4,,,0,16,,38034,4,,,0,72,,38065,4,,,0,15,,38049,4,,,0,15,,38024,4,,,0,70,,38026,4,,,0,12,,38028,4,,,0,12,,38068,4,,,0,12,,38052,4,,,0,64,,38027,4,,,0,12,,38038,4,,,0,12,,38029,4,,,0,12,,38032,4,,,0,64,,38051,4,,,0,12,,38030,4,,,0,12,,38031,4,,,0,12,,38039,4,,,0,64,,38042,4,,,0,12,,38069,4,,,0,12,,38053,4,,,0,12,,38043,4,,,0,64,,38041,4,,,0,12,,38040,4,,,0,12,,38037,4,,,0,12,,38067,4,,,0,64,,38036,4,,,0,12,,38047,4,,,0,12,,38046,4,,,0,12,,38073,4,,,0,65,,38058,4,,,0,15,,38044,4,,,0,15,,38048,4,,,0,73,,38054,4,,,0,17,,38060,4,,,0,18,,38055,4,,,0,75,,38056,4,,,0,17,,38059,4,,,0,74,,38064,4,,,0,17,,38066,4,,,0,18,,38057,4,,,0,88,,38062,4,,,0,97,,38071,4,,,0,80,,38070,4,,,0
600,'5079',633,,38100,4,,,0,70,,38113,4,,,0,55,,38083,4,,,0,65,,38111,4,,,0,80,,38085,4,,,0,20,,38075,4,,,0,77,,38095,4,,,0,15,,38122,4,,,0,16,,38084,4,,,0,72,,38115,4,,,0,15,,38099,4,,,0,15,,38074,4,,,0,70,,38076,4,,,0,12,,38078,4,,,0,12,,38118,4,,,0,12,,38102,4,,,0,64,,38077,4,,,0,12,,38088,4,,,0,12,,38079,4,,,0,12,,38082,4,,,0,64,,38101,4,,,0,12,,38080,4,,,0,12,,38081,4,,,0,12,,38089,4,,,0,64,,38092,4,,,0,12,,38119,4,,,0,12,,38103,4,,,0,12,,38093,4,,,0,64,,38091,4,,,0,12,,38090,4,,,0,12,,38087,4,,,0,12,,38117,4,,,0,64,,38086,4,,,0,12,,38097,4,,,0,12,,38096,4,,,0,12,,38123,4,,,0,65,,38108,4,,,0,15,,38094,4,,,0,15,,38098,4,,,0,73,,38104,4,,,0,17,,38110,4,,,0,18,,38105,4,,,0,75,,38106,4,,,0,17,,38109,4,,,0,74,,38114,4,,,0,17,,38116,4,,,0,18,,38107,4,,,0,88,,38112,4,,,0,97,,38121,4,,,0,80,,38120,4,,,0
600,'5214',1225,,37901,4,,,0
600,'5217',1225,,51615,4,,,0
1000600,'4332',642,,48421,4,,,0,99,,48422,4,,,0,110,,48423,4,,,0,98,,48424,4,,,0,102,,48425,4,,,0,88,,48426,4,,,0,89,,48427,4,,,0,88,,48428,4,,,0,86,,48429,4,,,0,40,,48430,4,,,0,82,,48431,4,,,0,81,,48432,4,,,0,41,,48434,4,,,0,97,,48433,4,,,0,100,,48435,4,,,0,98,,48436,4,,,0,105,,48437,4,,,0,93,,48438,4,,,0,164,,48439,4,,,0,55,,48440,4,,,0
1000600,'4661',559,,48394,4,,,0,98,,48379,4,,,0,88,,48385,4,,,0,80,,48380,4,,,0,79,,48374,4,,,0,47,,48381,4,,,0,86,,48386,4,,,0,87,,48377,4,,,0,89,,48388,4,,,0,89,,48392,4,,,0,132,,48391,4,,,0,80,,48389,4,,,0,28,,48371,4,,,0,71,,48393,4,,,0,30,,48387,4,,,0,69,,48382,4,,,0,29,,48372,4,,,0,72,,48390,4,,,0,46,,48378,4,,,0,96,,48383,4,,,0,94,,48373,4,,,0,94,,48375,4,,,0,110,,48376,4,,,0,99,,48384,4,,,0
1000600,'4663',559,,48419,4,,,0,98,,48404,4,,,0,88,,48410,4,,,0,80,,48405,4,,,0,79,,48399,4,,,0,47,,48406,4,,,0,86,,48411,4,,,0,87,,48402,4,,,0,89,,48413,4,,,0,89,,48417,4,,,0,50,,52678,4,,,0,82,,48416,4,,,0,80,,48414,4,,,0,28,,48396,4,,,0,71,,48418,4,,,0,30,,48412,4,,,0,69,,48407,4,,,0,29,,48397,4,,,0,72,,48415,4,,,0,46,,48403,4,,,0,96,,48408,4,,,0,94,,48398,4,,,0,94,,48400,4,,,0,110,,48401,4,,,0,99,,48409,4,,,0
1000600,'5078',733,,48449,4,,,0,110,,48450,4,,,0,100,,48455,4,,,0,104,,48441,4,,,0,101,,48444,4,,,0,103,,48442,4,,,0,100,,48456,4,,,0,100,,48443,4,,,0,100,,48445,4,,,0,100,,48446,4,,,0,100,,48448,4,,,0,98,,48447,4,,,0,151,,48451,4,,,0,51,,48452,4,,,0,152,,48454,4,,,0,55,,48453,4,,,0
1000600,'5079',733,,48465,4,,,0,110,,48466,4,,,0,100,,48471,4,,,0,104,,48457,4,,,0,101,,48460,4,,,0,103,,48458,4,,,0,100,,48472,4,,,0,100,,48459,4,,,0,100,,48461,4,,,0,100,,48462,4,,,0,100,,48464,4,,,0,98,,48463,4,,,0,151,,48467,4,,,0,51,,48468,4,,,0,152,,48470,4,,,0,55,,48469,4,,,0
1000600,'5214',1352,,48395,4,,,0
1000600,'5217',1352,,52679,4,,,0
2000600,'4661',630,,48679,4,,,0,89,,48675,4,,,0,86,,48682,4,,,0,39,,48674,4,,,0,83,,48683,4,,,0,87,,48684,4,,,0,87,,48687,4,,,0,47,,48673,4,,,0,89,,48677,4,,,0,90,,48680,4,,,0,87,,48669,4,,,0,113,,48686,4,,,0,32,,48676,4,,,0,70,,48672,4,,,0,28,,48671,4,,,0,70,,48685,4,,,0,31,,48681,4,,,0,77,,48678,4,,,0,90,,48688,4,,,0
2000600,'4663',630,,48699,4,,,0,89,,48695,4,,,0,86,,48702,4,,,0,39,,48694,4,,,0,83,,48703,4,,,0,87,,48704,4,,,0,87,,48707,4,,,0,47,,48693,4,,,0,89,,48697,4,,,0,90,,48700,4,,,0,87,,48689,4,,,0,40,,52683,4,,,0,73,,48706,4,,,0,32,,48696,4,,,0,70,,48692,4,,,0,28,,48691,4,,,0,70,,48705,4,,,0,31,,48701,4,,,0,77,,48698,4,,,0,90,,48708,4,,,0
2000600,'5214',1454,,51588,4,,,0
2000600,'5217',1454,,52684,4,,,0
