1400,'4332',636,,49099,16,,,0,21,,49100,16,,,0,59,,49083,16,,,0,17,,49098,16,,,0,16,,49077,16,,,0,55,,49082,16,,,0,15,,49081,16,,,0,15,,49097,16,,,0,15,,49095,16,,,0,55,,49080,16,,,0,14,,49076,16,,,0,15,,49096,16,,,0,15,,49075,16,,,0,55,,49085,16,,,0,15,,49087,16,,,0,15,,49101,16,,,0,15,,49103,16,,,0,55,,49088,16,,,0,16,,49079,16,,,0,15,,49102,16,,,0,16,,49078,16,,,0,55,,49084,16,,,0,15,,49091,16,,,0,15,,49104,16,,,0,15,,49089,16,,,0,55,,49105,16,,,0,15,,49090,16,,,0,15,,49092,16,,,0,15,,49106,16,,,0,55,,49094,16,,,0,15,,49086,16,,,0,16,,49093,16,,,0,15,,49117,16,,,0,55,,49115,16,,,0,15,,49118,16,,,0,15,,49112,16,,,0,15,,49111,16,,,0,55,,49108,16,,,0,15,,49119,16,,,0,14,,49113,16,,,0,15,,49114,16,,,0,55,,49121,16,,,0,15,,49116,16,,,0,15,,49109,16,,,0,15,,49110,16,,,0,54,,49120,16,,,0,15,,49107,16,,,0,14,,49125,16,,,0,15,,49122,16,,,0,55,,49123,16,,,0,15,,49124,16,,,0,17,,49126,16,,,0,21,,49128,16,,,0,60,,49129,16,,,0,21,,49130,16,,,0,20,,49131,16,,,0,60,,49127,16,,,0,20,,49135,16,,,0,20,,49134,16,,,0,61,,49133,16,,,0,27,,49132,16,,,0,70,,49136,16,,,0,30,,51622,16,,,0,71,,49138,16,,,0,30,,49139,16,,,0,69,,39812,16,,,0,30,,39813,16,,,0,70,,49140,16,,,0
1400,'4661',556,,49326,16,,,0,60,,49334,16,,,0,16,,49345,16,,,0,16,,49327,16,,,0,55,,49354,16,,,0,12,,49335,16,,,0,12,,49373,16,,,0,13,,49337,16,,,0,13,,49328,16,,,0,54,,49346,16,,,0,13,,49331,16,,,0,5,,39670,16,0,5,0,5,,49384,16,0,5,0,5,,49362,16,,,0,14,,49338,16,,,0,54,,49329,16,,,0,15,,49347,16,,,0,13,,49332,16,,,0,15,,49374,16,,,0,55,,49339,16,,,0,15,,49333,16,,,0,15,,49348,16,,,0,15,,49330,16,,,0,55,,49361,16,,,0,15,,49336,16,,,0,15,,49343,16,,,0,15,,49342,16,,,0,55,,49376,16,,,0,15,,49344,16,,,0,15,,49390,16,,,0,15,,49341,16,,,0,55,,49352,16,,,0,29,,49353,16,,,0,15,,49351,16,,,0,55,,39626,16,,,0,15,,49375,16,,,0,15,,39654,16,,,0,15,,49350,16,,,0,55,,49349,16,,,0,15,,49363,16,,,0,15,,49360,16,,,0,14,,49358,16,,,0,56,,49359,16,,,0,15,,49357,16,,,0,15,,49391,16,,,0,15,,49355,16,,,0,14,,49364,16,,,0,56,,49356,16,,,0,15,,49386,16,,,0,15,,49370,16,,,0,56,,49365,16,,,0,16,,49367,16,,,0,15,,49366,16,,,0,15,,49368,16,,,0,56,,49369,16,,,0,31,,49371,16,,,0,19,,49372,16,,,0,60,,49381,16,,,0,20,,49380,16,,,0,20,,49377,16,,,0,60,,49382,16,,,0,20,,49378,16,,,0,19,,49379,16,,,0,62,,49383,16,,,0,30,,49387,16,,,0,70,,49385,16,,,0,30,,49388,16,,,0,71,,49389,16,,,0
1400,'4663',556,,49141,16,,,0,60,,49149,16,,,0,16,,49160,16,,,0,16,,49142,16,,,0,55,,49169,16,,,0,12,,49150,16,,,0,12,,49188,16,,,0,13,,49152,16,,,0,13,,49143,16,,,0,54,,49161,16,,,0,13,,49146,16,,,0,5,,39744,16,0,5,0,5,,49199,16,0,5,0,5,,49177,16,,,0,14,,49153,16,,,0,54,,49144,16,,,0,15,,49162,16,,,0,13,,49147,16,,,0,15,,49189,16,,,0,55,,49154,16,,,0,15,,49148,16,,,0,15,,49163,16,,,0,15,,49145,16,,,0,55,,49176,16,,,0,15,,49151,16,,,0,15,,49158,16,,,0,15,,49157,16,,,0,55,,49191,16,,,0,15,,49159,16,,,0,15,,49205,16,,,0,15,,49156,16,,,0,55,,49167,16,,,0,14,,51623,16,,,0,15,,49168,16,,,0,15,,49166,16,,,0,55,,39695,16,,,0,15,,49190,16,,,0,15,,39724,16,,,0,15,,49165,16,,,0,55,,49164,16,,,0,15,,49178,16,,,0,15,,49175,16,,,0,14,,49173,16,,,0,56,,49174,16,,,0,15,,49172,16,,,0,15,,49210,16,,,0,15,,49170,16,,,0,14,,49179,16,,,0,56,,51624,16,,,0,15,,49201,16,,,0,15,,49185,16,,,0,56,,51626,16,,,0,16,,49182,16,,,0,15,,49181,16,,,0,15,,49183,16,,,0,56,,49184,16,,,0,15,,51625,16,,,0,16,,51627,16,,,0,19,,49187,16,,,0,60,,51629,16,,,0,20,,49195,16,,,0,20,,49192,16,,,0,60,,49197,16,,,0,20,,51628,16,,,0,19,,49194,16,,,0,62,,51630,16,,,0,30,,49202,16,,,0,70,,49200,16,,,0,30,,49203,16,,,0,71,,51631,16,,,0,30,,51632,16,,,0,70,,49209,16,,,0,30,,49206,16,,,0,70,,49208,16,,,0
1400,'5078',628,,49255,16,,,0,30,,49243,16,,,0,69,,49265,16,,,0,24,,49250,16,,,0,60,,49221,16,,,0,15,,49268,16,,,0,15,,49249,16,,,0,15,,49234,16,,,0,55,,49241,16,,,0,14,,49262,16,,,0,15,,49225,16,,,0,15,,49253,16,,,0,55,,49222,16,,,0,15,,49252,16,,,0,15,,49226,16,,,0,15,,49235,16,,,0,55,,49242,16,,,0,15,,49264,16,,,0,15,,49224,16,,,0,15,,49254,16,,,0,55,,49227,16,,,0,15,,49251,16,,,0,15,,49223,16,,,0,15,,49232,16,,,0,54,,49212,16,,,0,15,,49239,16,,,0,14,,49261,16,,,0,15,,49214,16,,,0,55,,49248,16,,,0,16,,49218,16,,,0,15,,49245,16,,,0,15,,49219,16,,,0,55,,49230,16,,,0,15,,49211,16,,,0,15,,49238,16,,,0,16,,49260,16,,,0,55,,49217,16,,,0,15,,49246,16,,,0,15,,49215,16,,,0,15,,49247,16,,,0,55,,49216,16,,,0,15,,49233,16,,,0,15,,49213,16,,,0,15,,49240,16,,,0,55,,49263,16,,,0,15,,49220,16,,,0,15,,49257,16,,,0,18,,49259,16,,,0,60,,49229,16,,,0,20,,49231,16,,,0,20,,49244,16,,,0,61,,49267,16,,,0,30,,49256,16,,,0,70,,49228,16,,,0,30,,49236,16,,,0,70,,49266,16,,,0,29,,49258,16,,,0,70,,49237,16,,,0
1400,'5079',628,,49313,16,,,0,30,,49301,16,,,0,69,,49322,16,,,0,24,,49308,16,,,0,60,,49279,16,,,0,15,,49325,16,,,0,15,,49307,16,,,0,15,,49292,16,,,0,55,,49299,16,,,0,14,,49320,16,,,0,15,,49283,16,,,0,15,,49311,16,,,0,55,,49280,16,,,0,15,,49310,16,,,0,15,,49284,16,,,0,15,,49293,16,,,0,55,,49300,16,,,0,15,,39927,16,,,0,15,,49282,16,,,0,15,,49312,16,,,0,55,,49285,16,,,0,15,,49309,16,,,0,15,,49281,16,,,0,15,,49290,16,,,0,54,,49270,16,,,0,15,,49297,16,,,0,14,,49319,16,,,0,15,,49272,16,,,0,55,,49306,16,,,0,16,,49276,16,,,0,15,,49303,16,,,0,15,,49277,16,,,0,55,,49288,16,,,0,15,,49269,16,,,0,15,,49296,16,,,0,16,,49318,16,,,0,55,,49275,16,,,0,15,,49304,16,,,0,15,,49273,16,,,0,15,,49305,16,,,0,55,,49274,16,,,0,15,,49291,16,,,0,15,,49271,16,,,0,15,,49298,16,,,0,55,,49321,16,,,0,15,,49278,16,,,0,15,,49315,16,,,0,18,,49317,16,,,0,60,,49287,16,,,0,20,,49289,16,,,0,20,,49302,16,,,0,61,,49324,16,,,0,30,,49314,16,,,0,70,,49286,16,,,0,30,,49294,16,,,0,70,,49323,16,,,0,29,,49316,16,,,0,70,,49295,16,,,0
1400,'5214',1315,,49340,16,,,0
1400,'5215',1918,,39815,16,,,0
1400,'5217',1315,,51633,16,,,0
1400,'5218',1918,,51634,16,,,0
1400,'5220',1918,,51635,16,,,0
