1100,'4487',747,,18133,,,0,76,,18117,,,0,36,,18103,,,0,71,,18107,,,0,70,,18134,,,0,32,,18125,,,0,26,,18112,,,0,65,,18104,,,0,26,,18110,,,0,69,,18122,,,0,25,,18106,,,0,65,,18120,,,0,25,,18114,,,0,25,,18105,,,0,66,,18108,,,0,26,,18121,,,0,65,,18113,,,0,25,,18124,,,0,67,,18116,,,0,25,,18111,,,0,23,,18115,,,0,63,,18132,,,0,23,,18109,,,0,63,,18123,,,0,24,,18135,,,0,25,,18126,,,0,65,,18118,,,0,24,,18119,,,0,63,,18128,,,0,25,,18130,,,0,24,,18127,,,0,70,,18129,,,0,30,,18131,,,0,73,,18136,,,0,75,,18137,,,0,29,,18138,,,0,70,,18139,,,0,38,,18140,,,0
1100,'4743',747,,11445,,,0,76,,11429,,,0,36,,11415,,,0,71,,11419,,,0,70,,11446,,,0,32,,11437,,,0,26,,11424,,,0,65,,11416,,,0,26,,11422,,,0,69,,11434,,,0,25,,11418,,,0,65,,11432,,,0,25,,11426,,,0,25,,11417,,,0,66,,11420,,,0,26,,11433,,,0,65,,11425,,,0,25,,11436,,,0,67,,11428,,,0,25,,11423,,,0,23,,11427,,,0,63,,11444,,,0,23,,11421,,,0,63,,11435,,,0,24,,11447,,,0,25,,11438,,,0,65,,11430,,,0,24,,11431,,,0,63,,11440,,,0,25,,11442,,,0,24,,11439,,,0,70,,11441,,,0,30,,11443,,,0,73,,11448,,,0,75,,11449,,,0,29,,11450,,,0,70,,11451,,,0,38,,11452,,,0
1100,'4744',558,,18181,,,0,72,,18174,,,0,73,,18157,,,0,20,,18186,,,0,21,,18163,,,0,58,,18183,,,0,20,,18166,,,0,18,,18146,,,0,16,,18172,,,0,57,,18149,,,0,17,,18167,,,0,19,,18187,,,0,64,,18162,,,0,24,,18184,,,0,68,,18147,,,0,25,,18175,,,0,25,,18165,,,0,66,,18189,,,0,26,,18164,,,0,65,,18180,,,0,26,,18148,,,0,65,,18176,,,0,24,,18161,,,0,19,,18142,,,0,59,,18188,,,0,18,,18159,,,0,18,,18141,,,0,18,,18182,,,0,60,,18150,,,0,20,,18152,,,0,20,,18173,,,0,58,,18158,,,0,13,,18145,,,0,15,,18190,,,0,57,,18160,,,0,17,,18151,,,0,18,,18185,,,0,14,,18144,,,0,56,,18143,,,0,18,,18168,,,0,24,,18155,,,0,70,,18156,,,0,34,,18178,,,0,70,,18153,,,0,35,,18154,,,0,69,,18169,,,0,32,,18177,,,0,70,,18171,,,0,30,,18170,,,0,84,,18179,,,0
1100,'4745',801,,18192,,,0,40,,18191,,,0,81,,18194,,,0,33,,18193,,,0,71,,18196,,,0,76,,18195,,,0,35,,18200,,,0,71,,18198,,,0,30,,18197,,,0,72,,18199,,,0,30,,18203,,,0,70,,18204,,,0,30,,18202,,,0,71,,18201,,,0,30,,18207,,,0,70,,18206,,,0,29,,18205,,,0,70,,18209,,,0,29,,18210,,,0,68,,18208,,,0,28,,18211,,,0,69,,18212,,,0,30,,18214,,,0,85,,18213,,,0,85,,18215,,,0,44,,18216,,,0,77,,18217,,,0,85,,18218,,,0,45,,18219,,,0
1100,'4935',558,,2294,,,0,72,,2287,,,0,73,,2270,,,0,20,,2299,,,0,21,,2276,,,0,58,,2296,,,0,20,,2279,,,0,18,,2259,,,0,16,,2285,,,0,57,,2262,,,0,17,,2280,,,0,19,,2300,,,0,64,,2275,,,0,24,,2297,,,0,68,,2260,,,0,25,,2288,,,0,25,,2278,,,0,66,,2302,,,0,26,,2277,,,0,65,,2293,,,0,26,,2261,,,0,65,,2289,,,0,24,,2274,,,0,19,,2255,,,0,59,,2301,,,0,18,,2272,,,0,18,,2254,,,0,18,,2295,,,0,60,,2263,,,0,20,,2265,,,0,20,,2286,,,0,58,,2271,,,0,13,,2258,,,0,15,,2303,,,0,57,,2273,,,0,17,,2264,,,0,18,,2298,,,0,14,,2257,,,0,56,,2256,,,0,18,,2281,,,0,24,,2268,,,0,70,,2269,,,0,34,,2291,,,0,70,,2266,,,0,35,,2267,,,0,69,,11453,,,0,32,,2290,,,0,70,,2284,,,0,30,,2283,,,0,84,,11454,,,0
1100,'4941',558,,2344,,,0,72,,2337,,,0,73,,2320,,,0,20,,2349,,,0,21,,2326,,,0,58,,2346,,,0,20,,2329,,,0,18,,2309,,,0,16,,2335,,,0,57,,2312,,,0,17,,2330,,,0,19,,2350,,,0,64,,2325,,,0,24,,2347,,,0,68,,2310,,,0,25,,2338,,,0,25,,2328,,,0,66,,2352,,,0,26,,2327,,,0,65,,2343,,,0,26,,2311,,,0,65,,2339,,,0,24,,2324,,,0,19,,2305,,,0,59,,2351,,,0,18,,2322,,,0,18,,2304,,,0,18,,2345,,,0,60,,2313,,,0,20,,2315,,,0,20,,2336,,,0,58,,2321,,,0,13,,2308,,,0,15,,2353,,,0,57,,2323,,,0,17,,2314,,,0,18,,2348,,,0,14,,2307,,,0,56,,2306,,,0,18,,2331,,,0,24,,2318,,,0,70,,2319,,,0,34,,2341,,,0,70,,2316,,,0,35,,2317,,,0,69,,11455,,,0,32,,2340,,,0,70,,2334,,,0,30,,2333,,,0,84,,11456,,,0
1100,'4943',747,,2384,,,0,76,,2368,,,0,36,,2354,,,0,71,,2358,,,0,70,,2385,,,0,32,,2376,,,0,26,,2363,,,0,65,,2355,,,0,26,,2361,,,0,69,,2373,,,0,25,,2357,,,0,65,,2371,,,0,25,,2365,,,0,25,,2356,,,0,66,,2359,,,0,26,,2372,,,0,65,,2364,,,0,25,,2375,,,0,67,,2367,,,0,25,,2362,,,0,23,,2366,,,0,63,,2383,,,0,23,,2360,,,0,63,,2374,,,0,24,,2386,,,0,25,,2377,,,0,65,,2369,,,0,24,,2370,,,0,63,,2379,,,0,25,,2381,,,0,24,,2378,,,0,70,,2380,,,0,30,,2382,,,0,73,,2387,,,0,75,,2388,,,0,29,,2389,,,0,70,,2390,,,0,38,,2391,,,0
1100,'4945',801,,2393,,,0,40,,2392,,,0,81,,2395,,,0,33,,2394,,,0,71,,2397,,,0,76,,2396,,,0,35,,2401,,,0,71,,2399,,,0,30,,2398,,,0,72,,2400,,,0,30,,2404,,,0,70,,2405,,,0,30,,2403,,,0,71,,2402,,,0,30,,2408,,,0,70,,2407,,,0,29,,2406,,,0,70,,2410,,,0,29,,2411,,,0,68,,2409,,,0,28,,2412,,,0,69,,2413,,,0,30,,2415,,,0,85,,2414,,,0,85,,2416,,,0,44,,2417,,,0,77,,2418,,,0,85,,2419,,,0,45,,2420,,,0
1100,'4947',558,,18260,,,0,72,,18253,,,0,73,,18236,,,0,20,,18265,,,0,21,,18242,,,0,58,,18262,,,0,20,,18245,,,0,18,,18225,,,0,16,,18251,,,0,57,,18228,,,0,17,,18246,,,0,19,,18266,,,0,64,,18241,,,0,24,,18263,,,0,68,,18226,,,0,25,,18254,,,0,25,,18244,,,0,66,,18268,,,0,26,,18243,,,0,65,,18259,,,0,26,,18227,,,0,65,,18255,,,0,24,,18240,,,0,19,,18221,,,0,59,,18267,,,0,18,,18238,,,0,18,,18220,,,0,18,,18261,,,0,60,,18229,,,0,20,,18231,,,0,20,,18252,,,0,58,,18237,,,0,13,,18224,,,0,15,,18269,,,0,57,,18239,,,0,17,,18230,,,0,18,,18264,,,0,14,,18223,,,0,56,,18222,,,0,18,,18247,,,0,24,,18234,,,0,70,,18235,,,0,34,,18257,,,0,70,,18232,,,0,35,,18233,,,0,69,,18248,,,0,32,,18256,,,0,70,,18250,,,0,30,,18249,,,0,84,,18258,,,0
1100,'4952',558,,18310,,,0,72,,18303,,,0,73,,18286,,,0,20,,18315,,,0,21,,18292,,,0,58,,18312,,,0,20,,18295,,,0,18,,18275,,,0,16,,18301,,,0,57,,18278,,,0,17,,18296,,,0,19,,18316,,,0,64,,18291,,,0,24,,18313,,,0,68,,18276,,,0,25,,18304,,,0,25,,18294,,,0,66,,18318,,,0,26,,18293,,,0,65,,18309,,,0,26,,18277,,,0,65,,18305,,,0,24,,18290,,,0,19,,18271,,,0,59,,18317,,,0,18,,18288,,,0,18,,18270,,,0,18,,18311,,,0,60,,18279,,,0,20,,18281,,,0,20,,18302,,,0,58,,18287,,,0,13,,18274,,,0,15,,18319,,,0,57,,18289,,,0,17,,18280,,,0,18,,18314,,,0,14,,18273,,,0,56,,18272,,,0,18,,18297,,,0,24,,18284,,,0,70,,18285,,,0,34,,18307,,,0,70,,18282,,,0,35,,18283,,,0,69,,18298,,,0,32,,18306,,,0,70,,18300,,,0,30,,18299,,,0,84,,18308,,,0
1100,'4953',747,,18350,,,0,76,,18334,,,0,36,,18320,,,0,71,,18324,,,0,70,,18351,,,0,32,,18342,,,0,26,,18329,,,0,65,,18321,,,0,26,,18327,,,0,69,,18339,,,0,25,,18323,,,0,65,,18337,,,0,25,,18331,,,0,25,,18322,,,0,66,,18325,,,0,26,,18338,,,0,65,,18330,,,0,25,,18341,,,0,67,,18333,,,0,25,,18328,,,0,23,,18332,,,0,63,,18349,,,0,23,,18326,,,0,63,,18340,,,0,24,,18352,,,0,25,,18343,,,0,65,,18335,,,0,24,,18336,,,0,63,,18345,,,0,25,,18347,,,0,24,,18344,,,0,70,,18346,,,0,30,,18348,,,0,73,,18353,,,0,75,,18354,,,0,29,,18355,,,0,70,,18356,,,0,38,,18357,,,0
1100,'4954',801,,18359,,,0,40,,18358,,,0,81,,18361,,,0,33,,18360,,,0,71,,18363,,,0,76,,18362,,,0,35,,18367,,,0,71,,18365,,,0,30,,18364,,,0,72,,18366,,,0,30,,18370,,,0,70,,18371,,,0,30,,18369,,,0,71,,18368,,,0,30,,18374,,,0,70,,18373,,,0,29,,18372,,,0,70,,18376,,,0,29,,18377,,,0,68,,18375,,,0,28,,18378,,,0,69,,18379,,,0,30,,18381,,,0,85,,18380,,,0,85,,18382,,,0,44,,18383,,,0,77,,18384,,,0,85,,18385,,,0,45,,18386,,,0
