2200,'4487',648,,25415,11,,,0,80,,25400,11,,,0,80,,25404,11,,,0,40,,25417,11,,,0,70,,25401,11,,,0,30,,25395,11,,,0,71,,25402,11,,,0,31,,25416,11,,,0,71,,25399,11,,,0,30,,25398,11,,,0,71,,25403,11,,,0,30,,25396,11,,,0,69,,25421,11,,,0,30,,25397,11,,,0,70,,25410,11,,,0,30,,25405,11,,,0,70,,25409,11,,,0,30,,25420,11,,,0,69,,25411,11,,,0,31,,25406,11,,,0,70,,25413,11,,,0,33,,25412,11,,,0,70,,25408,11,,,0,29,,25407,11,,,0,70,,25422,11,,,0,30,,25423,11,,,0,67,,25419,11,,,0,28,,25414,11,,,0,69,,25418,11,0,5,0,30,,25424,11,0,5,0
2200,'4737',558,,25449,11,,,0,69,,25433,11,,,0,28,,25444,11,,,0,70,,25436,11,,,0,33,,25448,11,,,0,63,,25428,11,,,0,30,,25432,11,,,0,103,,25434,11,,,0,66,,25450,11,,,0,30,,25427,11,,,0,100,,25443,11,0,21 22,0,70,,25435,11,0,21 22,0,30,,25451,11,0,21 22,0,70,,25429,11,0,21 22,0,101,,25446,11,0,21 22,0,29,,25440,11,0,21 22,0,74,,25453,11,0,21 22,0,102,,25441,11,0,21 22,0,100,,25437,11,0,21 22,0,30,,25452,11,,,0,65,,25430,11,,,0,99,,25445,11,,,0,30,,25442,11,,,0,70,,25431,11,,,0,30,,25439,11,,,0,70,,25447,11,0,5,0,29,,25438,11,0,5,0
2200,'4744',558,,25478,11,,,0,69,,25462,11,,,0,28,,25473,11,,,0,70,,25465,11,,,0,33,,25477,11,,,0,63,,25457,11,,,0,30,,25461,11,,,0,103,,25463,11,,,0,66,,25479,11,,,0,30,,25456,11,,,0,100,,25472,11,0,21 22,0,70,,25464,11,0,21 22,0,30,,25480,11,0,21 22,0,70,,25458,11,0,21 22,0,101,,25475,11,0,21 22,0,29,,25469,11,0,21 22,0,74,,25482,11,0,21 22,0,102,,25470,11,0,21 22,0,100,,25466,11,0,21 22,0,30,,25481,11,,,0,65,,25459,11,,,0,99,,25474,11,,,0,30,,25471,11,,,0,70,,25460,11,,,0,30,,25468,11,,,0,70,,25476,11,0,5,0,29,,25467,11,0,5,0
2200,'4745',737,,25486,11,,,0,101,,25487,11,,,0,80,,25488,11,,,0,30,,25483,11,,,0,70,,25484,11,,,0,30,,25485,11,,,0,70,,25490,11,,,0,29,,25491,11,,,0,72,,25489,11,,,0,30,,25492,11,,,0,70,,25493,11,,,0,30,,25501,11,,,0,70,,25500,11,,,0,30,,25494,11,,,0,70,,25495,11,,,0,30,,25496,11,,,0,70,,25497,11,,,0,32,,25498,11,,,0,70,,25499,11,,,0,30,,25502,11,,,0,69,,25503,11,,,0,30,,25504,11,,,0,70,,25505,11,,,0
2200,'5066',558,,25531,11,,,0,69,,25515,11,,,0,28,,25526,11,,,0,70,,25518,11,,,0,33,,25530,11,,,0,63,,25510,11,,,0,30,,25514,11,,,0,103,,25516,11,,,0,66,,25532,11,,,0,30,,25509,11,,,0,100,,25525,11,0,21 22,0,70,,25517,11,0,21 22,0,30,,25533,11,0,21 22,0,70,,25511,11,0,21 22,0,101,,25528,11,0,21 22,0,29,,25522,11,0,21 22,0,74,,25535,11,0,21 22,0,102,,25523,11,0,21 22,0,100,,25519,11,0,21 22,0,30,,25534,11,,,0,65,,25512,11,,,0,99,,25527,11,,,0,30,,25524,11,,,0,70,,25513,11,,,0,30,,25521,11,,,0,70,,25529,11,0,5,0,29,,25520,11,0,5,0
2200,'5070',648,,25557,11,,,0,80,,25542,11,,,0,80,,25546,11,,,0,40,,25559,11,,,0,70,,25543,11,,,0,30,,25537,11,,,0,71,,25544,11,,,0,31,,25558,11,,,0,71,,25541,11,,,0,30,,25540,11,,,0,71,,25545,11,,,0,30,,25538,11,,,0,69,,25563,11,,,0,30,,25539,11,,,0,70,,25552,11,,,0,30,,25547,11,,,0,70,,25551,11,,,0,30,,25562,11,,,0,69,,25553,11,,,0,31,,25548,11,,,0,70,,25555,11,,,0,33,,25554,11,,,0,70,,25550,11,,,0,29,,25549,11,,,0,70,,25564,11,,,0,30,,25565,11,,,0,67,,25561,11,,,0,28,,25556,11,,,0,69,,25560,11,0,5,0,30,,25566,11,0,5,0
2200,'5072',737,,25570,11,,,0,101,,25571,11,,,0,80,,25572,11,,,0,30,,25567,11,,,0,70,,25568,11,,,0,30,,25569,11,,,0,70,,25574,11,,,0,29,,25575,11,,,0,72,,25573,11,,,0,30,,25576,11,,,0,70,,25577,11,,,0,30,,25585,11,,,0,70,,25584,11,,,0,30,,25578,11,,,0,70,,25579,11,,,0,30,,25580,11,,,0,70,,25581,11,,,0,32,,25582,11,,,0,70,,25583,11,,,0,30,,25586,11,,,0,69,,25587,11,,,0,30,,25588,11,,,0,70,,25589,11,,,0
1002200,'4737',924,,35849,11,,,0,196,,35846,11,0,21 22,0,230,,35847,11,0,21 22,0,206,,35845,11,0,21 22,0,101,,35850,11,0,21 22,0,197,,35848,11,0,21 22,0
1002200,'4744',924,,35855,11,,,0,196,,35852,11,0,21 22,0,230,,35853,11,0,21 22,0,206,,35851,11,0,21 22,0,101,,35856,11,0,21 22,0,197,,35854,11,0,21 22,0
1002200,'5066',924,,35861,11,,,0,196,,35858,11,0,21 22,0,230,,35859,11,0,21 22,0,206,,35857,11,0,21 22,0,101,,35862,11,0,21 22,0,197,,35860,11,0,21 22,0
