100,'4737',719,,5,23,,,0,83,,4,23,,,0,723,,3,25,,,0,88,,2,23,,,0,99,,1,23,,,0
100,'4744',719,,10,23,,,0,83,,9,23,,,0,723,,8,25,,,0,88,,7,23,,,0,99,,6,23,,,0
100,'4947',719,,15,23,,,0,83,,14,23,,,0,723,,13,25,,,0,88,,12,23,,,0,99,,11,23,,,0
200,'4487',621,,50,45,,,0,111,,53,45,,,0,124,,51,45,,,0,80,,39,45,,,0,88,,52,45,,,0,80,,37,45,,,0,40,,31,45,,,0,81,,38,45,,,0,80,,32,45,,,0,41,,45,45,,,0,81,,33,45,,,0,81,,36,45,,,0,40,,35,45,,,0,79,,34,45,,,0,79,,49,45,,,0,39,,48,45,,,0,74,,47,45,,,0,40,,41,45,,,0,75,,42,45,,,0,94,,44,45,,,0,80,,43,45,,,0,45,,59,45,,,0,80,,56,45,,,0,80,,55,45,,,0,37,,57,45,,,0,78,,54,45,,,0
200,'4737',616,,77,45,,,0,38,,69,45,,,0,60,,64,45,,,0,32,,78,45,,,0,73,,72,45,,,0,31,,63,45,,,0,71,,76,45,,,0,30,,73,45,,,0,86,,62,45,,,0,78,,65,45,,,0,41,,66,45,,,0,81,,75,45,,,0,80,,68,45,,,0,41,,67,45,,,0,81,,74,45,,,0,79,,70,45,,,0,34,,71,45,,,0,77,,79,45,,,0,76,,80,45,,,0,47,,82,45,,,0,72,,81,45,,,0,78,,86,45,,,0,49,,84,45,,,0,78,,85,45,,,0,82,,90,45,,,0,40,,89,45,,,0,78,,91,45,,,0,79,,92,45,,,0,39,,93,45,,,0,78,,94,45,,,0
200,'4740',621,,116,45,,,0,111,,119,45,,,0,124,,117,45,,,0,80,,105,45,,,0,88,,118,45,,,0,80,,103,45,,,0,40,,97,45,,,0,81,,104,45,,,0,80,,98,45,,,0,41,,111,45,,,0,81,,99,45,,,0,81,,102,45,,,0,40,,101,45,,,0,79,,100,45,,,0,79,,115,45,,,0,39,,114,45,,,0,74,,113,45,,,0,40,,107,45,,,0,75,,108,45,,,0,94,,110,45,,,0,80,,109,45,,,0,45,,125,45,,,0,80,,122,45,,,0,80,,121,45,,,0,37,,123,45,,,0,78,,120,45,,,0
200,'4744',616,,143,45,,,0,38,,135,45,,,0,60,,130,45,,,0,32,,144,45,,,0,73,,138,45,,,0,31,,129,45,,,0,71,,142,45,,,0,30,,139,45,,,0,86,,128,45,,,0,78,,131,45,,,0,41,,132,45,,,0,81,,141,45,,,0,80,,134,45,,,0,41,,133,45,,,0,81,,140,45,,,0,79,,136,45,,,0,34,,137,45,,,0,77,,145,45,,,0,76,,146,45,,,0,47,,148,45,,,0,72,,147,45,,,0,78,,152,45,,,0,49,,150,45,,,0,78,,151,45,,,0,82,,156,45,,,0,40,,155,45,,,0,78,,157,45,,,0,79,,158,45,,,0,39,,159,45,,,0,78,,160,45,,,0
200,'4745',717,,184,45,,,0,122,,183,45,,,0,162,,182,45,,,0,101,,163,45,,,0,41,,181,45,,,0,81,,169,45,,,0,80,,167,45,,,0,40,,162,45,,,0,82,,164,45,,,0,80,,175,45,,,0,40,,170,45,,,0,80,,165,45,,,0,79,,168,45,,,0,39,,166,45,,,0,74,,176,45,,,0,39,,172,45,,,0,94,,177,45,,,0,80,,173,45,,,0,80,,179,45,,,0,38,,180,45,,,0,80,,178,45,,,0,79,,185,45,,,0,39,,186,45,,,0
200,'4947',616,,203,45,,,0,38,,195,45,,,0,60,,190,45,,,0,32,,204,45,,,0,73,,198,45,,,0,31,,189,45,,,0,71,,202,45,,,0,30,,199,45,,,0,86,,188,45,,,0,78,,191,45,,,0,41,,192,45,,,0,81,,201,45,,,0,80,,194,45,,,0,41,,193,45,,,0,81,,200,45,,,0,79,,196,45,,,0,34,,197,45,,,0,77,,205,45,,,0,76,,206,45,,,0,47,,208,45,,,0,72,,207,45,,,0,78,,212,45,,,0,49,,210,45,,,0,78,,211,45,,,0,82,,216,45,,,0,40,,215,45,,,0,78,,217,45,,,0,79,,218,45,,,0,39,,219,45,,,0,78,,220,45,,,0
200,'4954',717,,244,45,,,0,122,,243,45,,,0,162,,242,45,,,0,101,,223,45,,,0,41,,241,45,,,0,81,,229,45,,,0,80,,227,45,,,0,40,,222,45,,,0,82,,224,45,,,0,80,,235,45,,,0,40,,230,45,,,0,80,,225,45,,,0,79,,228,45,,,0,39,,226,45,,,0,74,,236,45,,,0,39,,232,45,,,0,94,,237,45,,,0,80,,233,45,,,0,80,,239,45,,,0,38,,240,45,,,0,80,,238,45,,,0,79,,245,45,,,0,39,,246,45,,,0
