2500,'4663',609,,57076,33,,,0,35,,57068,33,,,0,73,,57066,33,,,0,38,,57067,33,,,0,68,,57074,33,,,0,95,,57073,33,,,0,104,,57071,33,,,0,100,,57069,33,,,0,100,,57070,33,,,0,99,,57077,33,,,0,100,,57072,33,,,0,99,,57075,25,,,0,39,,57079,33,,,0,84,,57078,33,,,0,97,,57080,33,,,0,102,,57081,33,,,0,100,,57082,33,,,0,160,,57083,33,,,0,127,,57084,33,,,0,171,,57085,33,0,5,0
2500,'5372',609,,41709,33,,,0,35,,41702,33,,,0,73,,41700,33,,,0,38,,41701,33,,,0,68,,41708,33,,,0,95,,41707,33,,,0,104,,41705,33,,,0,100,,41703,33,,,0,100,,41704,33,,,0,99,,41710,33,,,0,100,,41706,33,,,0,138,,41712,33,,,0,84,,41711,33,,,0,97,,41713,33,,,0,102,,41714,33,,,0,100,,41715,33,,,0,160,,41716,33,,,0,127,,41717,33,,,0,171,,41718,33,0,5,0
2500,'5373',1520,,41755,25,,,0
2500,'5377',743,,41758,33,,,0,169,,41756,33,,,0,129,,41757,33,,,0,170,,41759,33,,,0,133,,41760,33,,,0,169,,41761,33,,,0,132,,41762,33,,,0,168,,41763,33,,,0,130,,41764,33,,,0,160,,41765,33,,,0,128,,41766,33,,,0
2500,'5381',1520,,50127,25,,,0
2500,'5383',753,,57092,33,,,0,149,,57090,33,,,0,114,,57094,33,,,0,101,,57088,33,,,0,100,,57086,33,,,0,98,,57087,33,,,0,100,,57089,33,,,0,99,,57093,33,,,0,100,,57091,33,,,0,101,,57095,33,,,0,102,,57096,33,,,0,124,,57097,33,,,0,161,,57098,33,,,0,128,,57099,33,,,0,170,,57100,33,0,5,0
2500,'5384',743,,57103,33,,,0,169,,57101,33,,,0,129,,57102,33,,,0,170,,57104,33,,,0,133,,57105,33,,,0,169,,57106,33,,,0,132,,57107,33,,,0,168,,57108,33,,,0,130,,57109,33,,,0,160,,57110,33,,,0,128,,57111,33,,,0
2500,'5385',609,,57121,33,,,0,35,,57114,33,,,0,73,,57112,33,,,0,38,,57113,33,,,0,68,,57120,33,,,0,95,,57119,33,,,0,104,,57117,33,,,0,100,,57115,33,,,0,100,,57116,33,,,0,99,,57122,33,,,0,100,,57118,33,,,0,138,,57124,33,,,0,84,,57123,33,,,0,97,,57125,33,,,0,102,,57126,33,,,0,100,,57127,33,,,0,160,,57128,33,,,0,127,,57129,33,,,0,171,,57130,33,0,5,0
2500,'5387',1520,,57131,25,,,0
2500,'5388',1520,,57132,25,,,0
