6101,'4332',614,,60910,39,,,0,97,,60911,40,,,0,38,,60912,40,,,0,101,,60913,40,,,0,83,,60914,40,,,0,90,,60915,40,,,0,31,,60916,40,,,0,89,,60917,40,,,0,72,,60918,40,,,0,32,,60919,40,,,0,84,,60920,40,,,0,77,,60921,40,,,0,36,,60922,40,,,0,75,,60923,40,,,0,26,,60924,40,,,0,76,,60925,40,,,0,38,,60926,40,,,0,73,,60927,40,,,0,74,,60928,40,,,0,36,,60929,40,,,0,76,,60930,40,,,0,36,,60931,40,,,0,81,,60932,40,,,0,83,,60933,40,,,0,97,,60934,40,,,0,86,,60935,40,,,0,99,,60936,40,,,0,43,,60937,40,,,0,100,,60938,40,,,0
6101,'4661',543,,60961,40,,,0,68,,60962,40,,,0,28,,60965,40,,,0,67,,60975,40,,,0,38,,60971,40,,,0,80,,60960,40,,,0,77,,60963,40,,,0,24,,60974,40,,,0,34,,60967,40,,,0,88,,60964,40,,,0,77,,60972,40,,,0,77,,60968,40,,,0,38,,60966,40,,,0,77,,60973,40,,,0,26,,60969,40,,,0,78,,60970,40,,,0,36,,60978,40,,,0,71,,60981,5,,,0,1,,60980,40,,,0,31,,60983,40,,,0,69,,60976,63,,,0,17,,60988,40,,,0,14,,60977,63,,,0,73,,60985,63,,,0,19,,60987,63,,,0,54,,60979,63,,,0,20,,60991,63,,,0,76,,60982,63,,,0,13,,60984,40,,,0,30,,60986,40,,,0,86,,60990,40,,,0,89,,60989,40,,,0,97,,60992,40,,,0,84,,60994,40,,,0,57,,60995,40,,,0,84,,60993,40,,,0
6101,'4663',543,,60873,40,,,0,68,,60874,40,,,0,28,,60877,40,,,0,67,,60887,40,,,0,38,,60883,40,,,0,80,,60872,40,,,0,77,,60875,40,,,0,24,,60886,40,,,0,34,,60879,40,,,0,88,,60876,40,,,0,77,,60884,40,,,0,77,,60880,40,,,0,38,,60878,40,,,0,77,,60885,40,,,0,26,,60881,40,,,0,74,,60892,5,,,0,4,,60882,40,,,0,36,,60890,40,,,0,72,,60893,40,,,0,31,,60895,40,,,0,69,,60888,63,,,0,17,,60900,40,,,0,14,,60889,63,,,0,73,,60897,63,,,0,19,,60899,63,,,0,54,,60891,63,,,0,20,,60903,63,,,0,76,,60894,63,,,0,13,,60896,40,,,0,30,,60898,40,,,0,86,,60902,40,,,0,89,,60901,40,,,0,97,,60904,40,,,0,84,,60906,40,,,0,57,,60907,40,,,0,84,,60905,40,,,0,99,,60908,40,,,0
6101,'5078',619,,60940,39,,,0,103,,60941,39,,,0,34,,60942,40,,,0,89,,60939,40,,,0,94,,60943,40,,,0,86,,60944,40,,,0,88,,60945,40,,,0,87,,60946,40,,,0,103,,60947,40,,,0,46,,60948,40,,,0,101,,60949,40,,,0,85,,60950,40,,,0,101,,60951,40,,,0,80,,60952,40,,,0,100,,60953,40,,,0,89,,60954,40,,,0,97,,60955,40,,,0,100,,60956,40,,,0,41,,60957,40,,,0,100,,60958,40,,,0,96,,60959,40,,,0
6401,'4661',755,,61027,92,,,0,203,,61028,47,,,0,380,,61026,92,,,0,279,,61029,33,,,0
6401,'4663',755,,61020,92,,,0,203,,61021,47,,,0,380,,61019,92,,,0,279,,61022,33,,,0
6501,'4661',1811,,61049,58,,,0,28,,61048,58,,,0
6501,'4663',1718,,61041,58,,,0,25,,61040,58,,,0,68,,61043,58,,,0,28,,61042,58,,,0
6501,'4682',1718,,61053,58,,,0,25,,61052,58,,,0
6501,'5387',1718,,61051,58,,,0,25,,61050,58,,,0
