5501,'4487',847,,31250,24,,,0,211,,31247,24,,,0,246,,31248,24,,,0,206,,31249,24,,,0,209,,31245,24,,,0,204,,31246,24,,,0
5501,'4737',644,,31254,24,,,0,170,,31253,24,,,0,204,,31251,24,,,0,136,,31252,24,,,0,200,,31256,24,,,0,105,,31255,24,,,0,196,,31257,24,,,0,193,,31258,24,,,0,193,,31259,24,,,0
5501,'4744',644,,31263,24,,,0,170,,31262,24,,,0,204,,31260,24,,,0,136,,31261,24,,,0,200,,31265,24,,,0,105,,31264,24,,,0,196,,31266,24,,,0,193,,31267,24,,,0,193,,31268,24,,,0
5501,'4745',846,,31269,24,,,0,212,,31271,24,,,0,245,,31272,24,,,0,205,,31270,24,,,0,210,,31274,24,,,0,204,,31273,24,,,0
5501,'5066',644,,31278,24,,,0,170,,31277,24,,,0,204,,31275,24,,,0,136,,31276,24,,,0,200,,31280,24,,,0,105,,31279,24,,,0,196,,31281,24,,,0,193,,31282,24,,,0,193,,31283,24,,,0
5501,'5070',847,,31289,24,,,0,211,,31286,24,,,0,246,,31287,24,,,0,206,,31288,24,,,0,209,,31284,24,,,0,204,,31285,24,,,0
5501,'5072',846,,31290,24,,,0,212,,31292,24,,,0,245,,31293,24,,,0,205,,31291,24,,,0,210,,31295,24,,,0,204,,31294,24,,,0
6401,'4737',644,,32697,18,,,0,579,,32696,18,,,0,501,,32700,18,0,34 35 36,0
6401,'4744',644,,32704,18,,,0,579,,32703,18,,,0,501,,32707,18,0,34 35 36,0
6401,'5066',644,,32711,18,,,0,579,,32710,18,,,0,501,,32714,18,0,34 35 36,0
