100,'4737',715,,5,16,,,0,43,,4,16,,,0,763,,3,18,,,0,88,,2,16,,,0,99,,1,16,,,0
100,'4744',715,,10,16,,,0,43,,9,16,,,0,763,,8,18,,,0,88,,7,16,,,0,99,,6,16,,,0
100,'4947',715,,15,16,,,0,43,,14,16,,,0,763,,13,18,,,0,88,,12,16,,,0,99,,11,16,,,0
201,'4487',636,,267,6,,,0,118,,268,6,,,0,162,,262,6,,,0,39,,255,6,,,0,96,,265,6,,,0,78,,256,6,,,0,80,,248,6,,,0,38,,251,6,,,0,78,,250,6,,,0,81,,260,6,,,0,40,,252,6,,,0,82,,249,6,,,0,81,,253,6,,,0,36,,261,6,,,0,81,,264,6,,,0,81,,263,6,,,0,37,,266,6,,,0,76,,257,6,,,0,80,,258,6,,,0,45,,259,6,,,0,81,,272,6,,,0,81,,269,6,,,0,44,,270,6,,,0,81,,271,6,,,0,76,,273,6,,,0
201,'4737',553,,283,6,,,0,60,,275,6,,,0,28,,293,6,,,0,68,,287,6,,,0,29,,276,6,,,0,68,,292,6,,,0,31,,281,6,,,0,73,,277,6,,,0,33,,290,6,,,0,77,,282,6,,,0,39,,278,6,,,0,79,,280,6,,,0,80,,279,6,,,0,39,,289,6,,,0,80,,285,6,,,0,92,,286,6,,,0,71,,284,6,,,0,37,,295,6,,,0,77,,296,6,,,0,37,,294,6,,,0,78,,297,6,,,0,89,,298,6,,,0,25,,300,6,,,0,82,,299,6,,,0,83,,301,6,,,0,41,,302,6,,,0,79,,303,6,,,0,81,,304,6,,,0,41,,306,6,,,0,82,,305,6,,,0,72,,307,6,,,0
201,'4740',636,,329,6,,,0,118,,330,6,,,0,162,,324,6,,,0,39,,317,6,,,0,96,,327,6,,,0,78,,318,6,,,0,80,,310,6,,,0,38,,313,6,,,0,78,,312,6,,,0,81,,322,6,,,0,40,,314,6,,,0,82,,311,6,,,0,81,,315,6,,,0,36,,323,6,,,0,81,,326,6,,,0,81,,325,6,,,0,37,,328,6,,,0,76,,319,6,,,0,80,,320,6,,,0,45,,321,6,,,0,81,,334,6,,,0,81,,331,6,,,0,44,,332,6,,,0,81,,333,6,,,0,76,,335,6,,,0
201,'4744',553,,345,6,,,0,60,,337,6,,,0,28,,355,6,,,0,68,,349,6,,,0,29,,338,6,,,0,68,,354,6,,,0,31,,343,6,,,0,73,,339,6,,,0,33,,352,6,,,0,77,,344,6,,,0,39,,340,6,,,0,79,,342,6,,,0,80,,341,6,,,0,39,,351,6,,,0,80,,347,6,,,0,92,,348,6,,,0,71,,346,6,,,0,37,,357,6,,,0,77,,358,6,,,0,37,,356,6,,,0,78,,359,6,,,0,89,,360,6,,,0,25,,362,6,,,0,82,,361,6,,,0,83,,363,6,,,0,41,,364,6,,,0,79,,365,6,,,0,81,,366,6,,,0,41,,368,6,,,0,82,,367,6,,,0,72,,369,6,,,0
201,'4745',621,,384,6,,,0,119,,391,6,,,0,118,,385,6,,,0,175,,392,6,,,0,100,,371,6,,,0,79,,382,6,,,0,39,,378,6,,,0,79,,377,6,,,0,81,,373,6,,,0,40,,374,6,,,0,80,,383,6,,,0,81,,379,6,,,0,36,,375,6,,,0,80,,376,6,,,0,81,,380,6,,,0,37,,389,6,,,0,82,,381,6,,,0,80,,388,6,,,0,41,,387,6,,,0,80,,390,6,,,0,81,,386,6,,,0,42,,393,6,,,0,82,,394,6,,,0
201,'4947',553,,403,6,,,0,60,,395,6,,,0,28,,413,6,,,0,68,,407,6,,,0,29,,396,6,,,0,68,,412,6,,,0,31,,401,6,,,0,73,,397,6,,,0,33,,410,6,,,0,77,,402,6,,,0,39,,398,6,,,0,79,,400,6,,,0,80,,399,6,,,0,39,,409,6,,,0,80,,405,6,,,0,92,,406,6,,,0,71,,404,6,,,0,37,,415,6,,,0,77,,416,6,,,0,37,,414,6,,,0,78,,417,6,,,0,89,,418,6,,,0,25,,420,6,,,0,82,,419,6,,,0,83,,421,6,,,0,41,,422,6,,,0,79,,423,6,,,0,81,,424,6,,,0,41,,426,6,,,0,82,,425,6,,,0,72,,427,6,,,0
201,'4954',621,,442,6,,,0,119,,449,6,,,0,118,,443,6,,,0,175,,450,6,,,0,100,,429,6,,,0,79,,440,6,,,0,39,,436,6,,,0,79,,435,6,,,0,81,,431,6,,,0,40,,432,6,,,0,80,,441,6,,,0,81,,437,6,,,0,36,,433,6,,,0,80,,434,6,,,0,81,,438,6,,,0,37,,447,6,,,0,82,,439,6,,,0,80,,446,6,,,0,41,,445,6,,,0,80,,448,6,,,0,81,,444,6,,,0,42,,451,6,,,0,82,,452,6,,,0
