5200,'4623',525,,72979,52,4,,0,31,,72988,52,4,,0,75,,72968,52,4,,0,18,,72956,52,4,,0,65,,72980,52,4,,0,21,,72961,52,4,,0,71,,72989,52,4,,0,33,,72969,52,4,,0,67,,72957,52,4,,0,28,,72981,52,4,,0,70,,72962,52,4,,0,27,,72990,52,4,,0,70,,72963,52,4,,0,35,,72970,52,4,,0,73,,72958,52,4,,0,31,,72982,52,4,,0,70,,72964,52,4,,0,38,,72971,52,4,,0,74,,72959,52,4,,0,33,,72983,52,4,,0,70,,72965,52,4,,0,75,,72972,52,4,,0,33,,72973,52,4,,0,69,,72960,52,4,,0,26,,72984,52,4,,0,28,,72966,52,4,,0,72,,72974,52,4,,0,29,,72975,52,4,,0,75,,72985,52,4,,0,68,,72967,52,4,,0,28,,72977,52,4,,0,29,,72976,52,4,,0,71,,72986,52,4,,0,94,,72978,52,4,,0,99,,72987,52,4,,0,99,,72991,52,4,,0
5200,'4833',659,,73009,52,4,,0,70,,73008,52,4,,0,81,,73003,52,4,,0,35,,73011,52,4,,0,72,,73006,52,4,,0,33,,72992,52,4,,0,70,,72999,52,4,,0,30,,73018,52,4,,0,72,,72997,52,4,,0,35,,72994,52,4,,0,74,,73000,52,4,,0,72,,73020,52,4,,0,35,,72995,52,4,,0,73,,72993,52,4,,0,36,,73002,52,4,,0,66,,73019,52,4,,0,34,,72998,52,4,,0,72,,73005,52,4,,0,35,,73001,52,4,,0,68,,73016,52,4,,0,30,,72996,52,4,,0,68,,73007,52,4,,0,22,,73013,52,4,,0,64,,73004,52,4,,0,24,,73012,52,4,,0,24,,73015,52,4,,0,68,,73014,52,4,,0,28,,73010,52,4,,0,70,,73017,52,4,,0,100,,73021,52,4,,0,93,,73022,52,4,,0,108,,73023,52,4,,0
5200,'5015',659,,73041,52,4,,0,70,,73040,52,4,,0,81,,73035,52,4,,0,35,,73043,52,4,,0,72,,73038,52,4,,0,33,,73024,52,4,,0,70,,73031,52,4,,0,30,,73050,52,4,,0,72,,73029,52,4,,0,35,,73026,52,4,,0,74,,73032,52,4,,0,72,,73052,52,4,,0,35,,73027,52,4,,0,73,,73025,52,4,,0,36,,73034,52,4,,0,66,,73051,52,4,,0,34,,73030,52,4,,0,72,,73037,52,4,,0,35,,73033,52,4,,0,68,,73048,52,4,,0,30,,73028,52,4,,0,68,,73039,52,4,,0,22,,73045,52,4,,0,64,,73036,52,4,,0,24,,73044,52,4,,0,24,,73047,52,4,,0,68,,73046,52,4,,0,28,,73042,52,4,,0,70,,73049,52,4,,0,100,,73053,52,4,,0,93,,73054,52,4,,0,108,,73055,52,4,,0
5200,'5078',729,,59801,52,4,,0,72,,59783,52,4,,0,41,,59786,52,4,,0,72,,59800,52,4,,0,32,,59794,52,4,,0,72,,59782,52,4,,0,32,,59785,52,4,,0,72,,59796,52,4,,0,31,,59790,52,4,,0,72,,59781,52,4,,0,33,,59784,52,4,,0,70,,59799,52,4,,0,31,,59792,52,4,,0,78,,59780,52,4,,0,70,,59788,52,4,,0,34,,59798,52,4,,0,73,,59791,52,4,,0,33,,59807,52,4,,0,68,,59787,52,4,,0,30,,59797,52,4,,0,68,,59793,52,4,,0,30,,59795,52,4,,0,68,,59789,52,4,,0,29,,59803,52,4,,0,79,,59802,52,4,,0,99,,59804,52,4,,0,98,,59806,52,4,,0,106,,59805,52,4,,0
5200,'5222',525,,73079,52,4,,0,31,,73088,52,4,,0,75,,73068,52,4,,0,18,,73056,52,4,,0,65,,73080,52,4,,0,21,,73061,52,4,,0,71,,73089,52,4,,0,33,,73069,52,4,,0,67,,73057,52,4,,0,28,,73081,52,4,,0,70,,73062,52,4,,0,27,,73090,52,4,,0,70,,73063,52,4,,0,35,,73070,52,4,,0,73,,73058,52,4,,0,31,,73082,52,4,,0,70,,73064,52,4,,0,38,,73071,52,4,,0,74,,73059,52,4,,0,33,,73083,52,4,,0,70,,73065,52,4,,0,75,,73072,52,4,,0,33,,73073,52,4,,0,69,,73060,52,4,,0,26,,73084,52,4,,0,28,,73066,52,4,,0,72,,73074,52,4,,0,29,,73075,52,4,,0,75,,73085,52,4,,0,68,,73067,52,4,,0,28,,73077,52,4,,0,29,,73076,52,4,,0,71,,73086,52,4,,0,94,,73078,52,4,,0,99,,73087,52,4,,0,99,,73091,52,4,,0
5200,'5365',729,,73113,52,4,,0,72,,73095,52,4,,0,41,,73098,52,4,,0,72,,73112,52,4,,0,32,,73106,52,4,,0,72,,73094,52,4,,0,32,,73097,52,4,,0,72,,73108,52,4,,0,31,,73102,52,4,,0,72,,73093,52,4,,0,33,,73096,52,4,,0,70,,73111,52,4,,0,31,,73104,52,4,,0,78,,73092,52,4,,0,70,,73100,52,4,,0,34,,73110,52,4,,0,73,,73103,52,4,,0,33,,73119,52,4,,0,68,,73099,52,4,,0,30,,73109,52,4,,0,68,,73105,52,4,,0,30,,73107,52,4,,0,68,,73101,52,4,,0,29,,73115,52,4,,0,79,,73114,52,4,,0,99,,73116,52,4,,0,98,,73118,52,4,,0,106,,73117,52,4,,0
5200,'5390',729,,73141,52,4,,0,72,,73123,52,4,,0,41,,73126,52,4,,0,72,,73140,52,4,,0,32,,73134,52,4,,0,72,,73122,52,4,,0,32,,73125,52,4,,0,72,,73136,52,4,,0,31,,73130,52,4,,0,72,,73121,52,4,,0,33,,73124,52,4,,0,70,,73139,52,4,,0,31,,73132,52,4,,0,78,,73120,52,4,,0,70,,73128,52,4,,0,34,,73138,52,4,,0,73,,73131,52,4,,0,33,,73147,52,4,,0,68,,73127,52,4,,0,30,,73137,52,4,,0,68,,73133,52,4,,0,30,,73135,52,4,,0,68,,73129,52,4,,0,29,,73143,52,4,,0,79,,73142,52,4,,0,99,,73144,52,4,,0,98,,73146,52,4,,0,106,,73145,52,4,,0
5201,'4623',459,,73154,1,,,0,75,,73163,1,,,0,75,,73174,1,,,0,38,,73155,1,,,0,68,,73148,1,,,0,25,,73164,1,,,0,72,,73149,1,,,0,24,,73175,1,,,0,75,,73158,1,,,0,35,,73165,1,,,0,70,,73150,1,,,0,30,,73177,1,,,0,67,,73157,1,,,0,35,,73167,1,,,0,74,,73151,1,,,0,30,,73176,1,,,0,70,,73156,1,,,0,30,,73166,1,,,0,69,,73168,1,,,0,29,,73152,1,,,0,66,,73178,1,,,0,33,,73159,1,,,0,78,,73169,1,,,0,25,,73170,1,,,0,65,,73153,1,,,0,23,,73179,1,,,0,70,,73160,1,,,0,30,,73172,1,,,0,70,,73171,1,,,0,33,,73180,1,,,0,69,,73161,1,,,0,28,,73173,1,,,0,68,,73162,1,0,38 3 39 49,0,34,,73181,1,,,0,98,,73182,1,,,0,100,,73183,1,,,0
5201,'4833',640,,73193,1,,,0,70,,73203,1,,,0,30,,73201,1,,,0,70,,73184,1,,,0,30,,73191,1,,,0,70,,73210,1,,,0,30,,73188,1,,,0,70,,73185,1,,,0,30,,73192,1,,,0,70,,73211,1,,,0,30,,73189,1,,,0,70,,73186,1,,,0,35,,73195,1,,,0,70,,73213,1,,,0,35,,73190,1,,,0,75,,73200,1,,,0,75,,73194,1,,,0,30,,73212,1,,,0,70,,73187,1,,,0,30,,73198,1,,,0,25,,73206,1,,,0,65,,73197,1,,,0,25,,73202,1,,,0,65,,73199,1,,,0,30,,73196,1,,,0,70,,73209,1,,,0,32,,73204,1,,,0,70,,73208,1,,,0,30,,73205,1,,,0,65,,73207,1,0,38 3 39 49,0,30,,73214,1,,,0,103,,73215,1,,,0,100,,73216,1,,,0
5201,'5015',640,,73226,1,,,0,70,,73236,1,,,0,30,,73234,1,,,0,70,,73217,1,,,0,30,,73224,1,,,0,70,,73243,1,,,0,30,,73221,1,,,0,70,,73218,1,,,0,30,,73225,1,,,0,70,,73244,1,,,0,30,,73222,1,,,0,70,,73219,1,,,0,35,,73228,1,,,0,70,,73246,1,,,0,35,,73223,1,,,0,75,,73233,1,,,0,75,,73227,1,,,0,30,,73245,1,,,0,70,,73220,1,,,0,30,,73231,1,,,0,25,,73239,1,,,0,65,,73230,1,,,0,25,,73235,1,,,0,65,,73232,1,,,0,30,,73229,1,,,0,70,,73242,1,,,0,32,,73237,1,,,0,70,,73241,1,,,0,30,,73238,1,,,0,65,,73240,1,0,38 3 39 49,0,30,,73247,1,,,0,103,,73248,1,,,0,100,,73249,1,,,0
5201,'5078',710,,59924,1,,,0,30,,59940,1,,,0,70,,59932,1,,,0,30,,59920,1,,,0,70,,59927,1,,,0,30,,59934,1,,,0,70,,59929,1,,,0,30,,59921,1,,,0,70,,59926,1,,,0,30,,59935,1,,,0,70,,59931,1,,,0,35,,59919,1,,,0,70,,59925,1,,,0,35,,59938,1,,,0,75,,59930,1,,,0,75,,59945,1,,,0,30,,59923,1,,,0,70,,59937,1,,,0,30,,59928,1,,,0,70,,59933,1,,,0,30,,59922,1,,,0,70,,59936,1,,,0,40,,59939,1,,,0,100,,59941,1,,,0,100,,59942,1,,,0,100,,59943,1,,,0,100,,59944,1,,,0
5201,'5222',459,,73256,1,,,0,75,,73265,1,,,0,75,,73276,1,,,0,38,,73257,1,,,0,68,,73250,1,,,0,25,,73266,1,,,0,72,,73251,1,,,0,24,,73277,1,,,0,75,,73260,1,,,0,35,,73267,1,,,0,70,,73252,1,,,0,30,,73279,1,,,0,67,,73259,1,,,0,35,,73269,1,,,0,74,,73253,1,,,0,30,,73278,1,,,0,70,,73258,1,,,0,30,,73268,1,,,0,69,,73270,1,,,0,29,,73254,1,,,0,66,,73280,1,,,0,33,,73261,1,,,0,78,,73271,1,,,0,25,,73272,1,,,0,65,,73255,1,,,0,23,,73281,1,,,0,70,,73262,1,,,0,30,,73274,1,,,0,70,,73273,1,,,0,33,,73282,1,,,0,69,,73263,1,,,0,28,,73275,1,,,0,68,,73264,1,0,38 3 39 49,0,34,,73283,1,,,0,98,,73284,1,,,0,100,,73285,1,,,0
5201,'5365',710,,73291,1,,,0,30,,73307,1,,,0,70,,73299,1,,,0,30,,73287,1,,,0,70,,73294,1,,,0,30,,73301,1,,,0,70,,73296,1,,,0,30,,73288,1,,,0,70,,73293,1,,,0,30,,73302,1,,,0,70,,73298,1,,,0,35,,73286,1,,,0,70,,73292,1,,,0,35,,73305,1,,,0,75,,73297,1,,,0,75,,73312,1,,,0,30,,73290,1,,,0,70,,73304,1,,,0,30,,73295,1,,,0,70,,73300,1,,,0,30,,73289,1,,,0,70,,73303,1,,,0,40,,73306,1,,,0,100,,73308,1,,,0,100,,73309,1,,,0,100,,73310,1,,,0,100,,73311,1,,,0
5201,'5390',710,,73318,1,,,0,30,,73334,1,,,0,70,,73326,1,,,0,30,,73314,1,,,0,70,,73321,1,,,0,30,,73328,1,,,0,70,,73323,1,,,0,30,,73315,1,,,0,70,,73320,1,,,0,30,,73329,1,,,0,70,,73325,1,,,0,35,,73313,1,,,0,70,,73319,1,,,0,35,,73332,1,,,0,75,,73324,1,,,0,75,,73339,1,,,0,30,,73317,1,,,0,70,,73331,1,,,0,30,,73322,1,,,0,70,,73327,1,,,0,30,,73316,1,,,0,70,,73330,1,,,0,40,,73333,1,,,0,100,,73335,1,,,0,100,,73336,1,,,0,100,,73337,1,,,0,100,,73338,1,,,0
