3200,'4487',805,,25311,,,0,100,,25314,,,0,100,,25318,,,0,100,,25309,,,0,100,,25312,,,0,101,,25315,,,0,100,,25319,,,0,100,,25310,,,0,100,,25313,,,0,99,,25316,,,0,100,,25320,,,0,100,,25317,,,0,100,,25321,,,0,100,,25307,,,0,100,,25308,,,0
3200,'4743',805,,13333,,,0,100,,13336,,,0,100,,13340,,,0,100,,13331,,,0,100,,13334,,,0,101,,13337,,,0,100,,13341,,,0,100,,13332,,,0,100,,13335,,,0,99,,13338,,,0,100,,13342,,,0,100,,13339,,,0,100,,13343,,,0,100,,13329,,,0,100,,13330,,,0
3200,'4744',644,,25322,,,0,81,,25323,,,0,80,,25324,,,0,111,,25325,,,0,99,,25326,,,0,105,,25327,,,0,105,,25328,,,0,105,,25329,,,0,105,,25330,,,0,112,,25331,,,0,104,,25332,,,0,73,,25337,,,0,31,,25333,,,0,150,,25334,,,0,100,,25335,,,0,100,,25336,,,0,100,,25338,,,0
3200,'4745',805,,25339,,,0,100,,25340,,,0,100,,25341,,,0,100,,25343,,,0,100,,25344,,,0,101,,25342,,,0,100,,25348,,,0,100,,25347,,,0,100,,25345,,,0,99,,25346,,,0,100,,25350,,,0,100,,25349,,,0
3200,'4935',644,,6487,,,0,81,,6488,,,0,80,,6489,,,0,111,,6490,,,0,99,,6491,,,0,105,,6492,,,0,105,,6493,,,0,105,,6494,,,0,105,,6495,,,0,112,,6496,,,0,104,,6497,,,0,73,,6502,,,0,31,,6498,,,0,150,,6499,,,0,100,,6500,,,0,100,,6501,,,0,100,,6503,,,0
3200,'4941',644,,6504,,,0,81,,6505,,,0,80,,6506,,,0,111,,6507,,,0,99,,6508,,,0,105,,6509,,,0,105,,6510,,,0,105,,6511,,,0,105,,6512,,,0,112,,6513,,,0,104,,6514,,,0,73,,6519,,,0,31,,6515,,,0,150,,6516,,,0,100,,6517,,,0,100,,6518,,,0,100,,6520,,,0
3200,'4943',805,,6525,,,0,100,,6528,,,0,100,,6532,,,0,100,,6523,,,0,100,,6526,,,0,101,,6529,,,0,100,,6533,,,0,100,,6524,,,0,100,,6527,,,0,99,,6530,,,0,100,,6534,,,0,100,,6531,,,0,100,,6535,,,0,100,,6521,,,0,100,,6522,,,0
3200,'4945',805,,6536,,,0,100,,6537,,,0,100,,6538,,,0,100,,6540,,,0,100,,6541,,,0,101,,6539,,,0,100,,6545,,,0,100,,6544,,,0,100,,6542,,,0,99,,6543,,,0,100,,6547,,,0,100,,6546,,,0
3200,'4947',644,,25351,,,0,81,,25352,,,0,80,,25353,,,0,111,,25354,,,0,99,,25355,,,0,105,,25356,,,0,105,,25357,,,0,105,,25358,,,0,105,,25359,,,0,112,,25360,,,0,104,,25361,,,0,73,,25366,,,0,31,,25362,,,0,150,,25363,,,0,100,,25364,,,0,100,,25365,,,0,100,,25367,,,0
3200,'4952',644,,25368,,,0,81,,25369,,,0,80,,25370,,,0,111,,25371,,,0,99,,25372,,,0,105,,25373,,,0,105,,25374,,,0,105,,25375,,,0,105,,25376,,,0,112,,25377,,,0,104,,25378,,,0,73,,25383,,,0,31,,25379,,,0,150,,25380,,,0,100,,25381,,,0,100,,25382,,,0,100,,25384,,,0
3200,'4953',805,,25389,,,0,100,,25392,,,0,100,,25396,,,0,100,,25387,,,0,100,,25390,,,0,101,,25393,,,0,100,,25397,,,0,100,,25388,,,0,100,,25391,,,0,99,,25394,,,0,100,,25398,,,0,100,,25395,,,0,100,,25399,,,0,100,,25385,,,0,100,,25386,,,0
3200,'4954',805,,25400,,,0,100,,25401,,,0,100,,25402,,,0,100,,25404,,,0,100,,25405,,,0,101,,25403,,,0,100,,25409,,,0,100,,25408,,,0,100,,25406,,,0,99,,25407,,,0,100,,25411,,,0,100,,25410,,,0
