8301,'4663',700,,61891,7,,,0,50,,61892,7,,,0,250,,61893,7,,,0,141,,61894,7,,,0,195,,61895,7,,,0,210,,61896,7,,,0,254,,61897,7,,,0,200,,61898,7,,,0
8301,'5372',700,,47362,7,,,0,50,,47363,7,,,0,250,,47364,7,,,0,141,,47365,7,,,0,195,,47366,7,,,0,210,,47367,7,,,0,254,,47368,7,,,0,200,,47369,7,,,0
8301,'5377',935,,47384,7,,,0,300,,47385,7,,,0,305,,47383,7,,,0,300,,47382,7,,,0
8301,'5383',936,,61902,7,,,0,300,,61900,7,,,0,305,,61901,7,,,0,300,,61899,7,,,0
8301,'5384',935,,61905,7,,,0,300,,61906,7,,,0,305,,61904,7,,,0,300,,61903,7,,,0
8301,'5385',700,,61907,7,,,0,50,,61908,7,,,0,250,,61909,7,,,0,141,,61910,7,,,0,195,,61911,7,,,0,210,,61912,7,,,0,254,,61913,7,,,0,200,,61914,7,,,0
8500,'4663',636,,61915,7,,,0,97,,61916,7,,,0,200,,61917,7,,,0,200,,61918,7,,,0,200,,61919,7,,,0,200,,61920,7,,,0,200,,61921,7,,,0,200,,61922,7,,,0
8500,'5372',636,,47390,7,,,0,97,,47391,7,,,0,200,,47392,7,,,0,200,,47393,7,,,0,200,,47394,7,,,0,200,,47395,7,,,0,200,,47396,7,,,0,200,,47397,7,,,0
8500,'5377',841,,47412,7,,,0,300,,47413,7,,,0,306,,47410,7,,,0,299,,47411,7,,,0
8500,'5383',841,,61925,7,,,0,300,,61926,7,,,0,306,,61923,7,,,0,299,,61924,7,,,0
8500,'5384',841,,61929,7,,,0,300,,61930,7,,,0,306,,61927,7,,,0,299,,61928,7,,,0
8500,'5385',636,,61931,7,,,0,97,,61932,7,,,0,200,,61933,7,,,0,200,,61934,7,,,0,200,,61935,7,,,0,200,,61936,7,,,0,200,,61937,7,,,0,200,,61938,7,,,0
