100,'4737',717,,18236,19,,,0,83,,18235,19,,,0,723,,18234,21,,,0,88,,18233,19,,,0,99,,18232,19,,,0
100,'4744',717,,18241,19,,,0,83,,18240,19,,,0,723,,18239,21,,,0,88,,18238,19,,,0,99,,18237,19,,,0
100,'5066',717,,18246,19,,,0,83,,18245,19,,,0,723,,18244,21,,,0,88,,18243,19,,,0,99,,18242,19,,,0
201,'4487',637,,18498,9,0,46 37,0,119,,18499,9,0,46 37,0,161,,18493,9,0,46 37,0,39,,18486,9,0,46 37,0,97,,18496,9,0,46 37,0,78,,18487,9,0,46 37,0,80,,18479,9,0,46 37,0,38,,18482,9,0,46 37,0,78,,18481,9,0,46 37,0,81,,18491,9,0,46 37,0,40,,18483,9,0,46 37,0,81,,18480,9,0,46 37,0,81,,18484,9,0,46 37,0,36,,18492,9,0,46 37,0,81,,18495,9,0,46 37,0,81,,18494,9,0,46 37,0,38,,18497,9,0,46 37,0,76,,18488,9,0,46 37,0,80,,18489,9,0,46 37,0,45,,18490,9,0,46 37,0,81,,18503,9,0,46 37,0,81,,18500,9,0,46 37,0,43,,18501,9,0,46 37,0,81,,18502,9,0,46 37,0,76,,18504,9,0,46 37,0
201,'4737',554,,18514,9,0,46 37,0,60,,18506,9,0,46 37,0,29,,18524,9,0,46 37,0,67,,18518,9,0,46 37,0,29,,18507,9,0,46 37,0,69,,18523,9,0,46 37,0,31,,18512,9,0,46 37,0,72,,18508,9,0,46 37,0,33,,18521,9,0,46 37,0,78,,18513,9,0,46 37,0,79,,18509,9,0,46 37,0,39,,18511,9,0,46 37,0,80,,18510,9,0,46 37,0,39,,18520,9,0,46 37,0,80,,18516,9,0,46 37,0,92,,18517,9,0,46 37,0,71,,18515,9,0,46 37,0,37,,18526,9,0,46 37,0,77,,18527,9,0,46 37,0,37,,18525,9,0,46 37,0,77,,18528,9,0,46 37,0,89,,18529,9,0,46 37,0,25,,18531,9,0,46 37,0,83,,18530,9,0,46 37,0,83,,18532,9,0,46 37,0,41,,18533,9,0,46 37,0,78,,18534,9,0,46 37,0,81,,18535,9,0,46 37,0,41,,18537,9,0,46 37,0,82,,18536,9,0,46 37,0,72,,18538,9,0,46 37,0
201,'4744',554,,18548,9,0,46 37,0,60,,18540,9,0,46 37,0,29,,18558,9,0,46 37,0,67,,18552,9,0,46 37,0,29,,18541,9,0,46 37,0,69,,18557,9,0,46 37,0,31,,18546,9,0,46 37,0,72,,18542,9,0,46 37,0,33,,18555,9,0,46 37,0,78,,18547,9,0,46 37,0,79,,18543,9,0,46 37,0,39,,18545,9,0,46 37,0,80,,18544,9,0,46 37,0,39,,18554,9,0,46 37,0,80,,18550,9,0,46 37,0,92,,18551,9,0,46 37,0,71,,18549,9,0,46 37,0,37,,18560,9,0,46 37,0,77,,18561,9,0,46 37,0,37,,18559,9,0,46 37,0,77,,18562,9,0,46 37,0,89,,18563,9,0,46 37,0,25,,18565,9,0,46 37,0,83,,18564,9,0,46 37,0,83,,18566,9,0,46 37,0,41,,18567,9,0,46 37,0,78,,18568,9,0,46 37,0,81,,18569,9,0,46 37,0,41,,18571,9,0,46 37,0,82,,18570,9,0,46 37,0,72,,18572,9,0,46 37,0
201,'4745',623,,18587,9,0,46 37,0,119,,18594,9,0,46 37,0,117,,18588,9,0,46 37,0,175,,18595,9,0,46 37,0,100,,18574,9,0,46 37,0,79,,18585,9,0,46 37,0,39,,18581,9,0,46 37,0,79,,18580,9,0,46 37,0,81,,18576,9,0,46 37,0,40,,18577,9,0,46 37,0,80,,18586,9,0,46 37,0,81,,18582,9,0,46 37,0,36,,18578,9,0,46 37,0,81,,18579,9,0,46 37,0,81,,18583,9,0,46 37,0,37,,18592,9,0,46 37,0,81,,18584,9,0,46 37,0,80,,18591,9,0,46 37,0,41,,18590,9,0,46 37,0,80,,18593,9,0,46 37,0,81,,18589,9,0,46 37,0,42,,18596,9,0,46 37,0,82,,18597,9,0,46 37,0
201,'5066',554,,18606,9,0,46 37,0,60,,18598,9,0,46 37,0,29,,18616,9,0,46 37,0,67,,18610,9,0,46 37,0,29,,18599,9,0,46 37,0,69,,18615,9,0,46 37,0,31,,18604,9,0,46 37,0,72,,18600,9,0,46 37,0,33,,18613,9,0,46 37,0,78,,18605,9,0,46 37,0,79,,18601,9,0,46 37,0,39,,18603,9,0,46 37,0,80,,18602,9,0,46 37,0,39,,18612,9,0,46 37,0,80,,18608,9,0,46 37,0,92,,18609,9,0,46 37,0,71,,18607,9,0,46 37,0,37,,18618,9,0,46 37,0,77,,18619,9,0,46 37,0,37,,18617,9,0,46 37,0,77,,18620,9,0,46 37,0,89,,18621,9,0,46 37,0,25,,18623,9,0,46 37,0,83,,18622,9,0,46 37,0,83,,18624,9,0,46 37,0,41,,18625,9,0,46 37,0,78,,18626,9,0,46 37,0,81,,18627,9,0,46 37,0,41,,18629,9,0,46 37,0,82,,18628,9,0,46 37,0,72,,18630,9,0,46 37,0
201,'5070',637,,18651,9,0,46 37,0,119,,18652,9,0,46 37,0,161,,18646,9,0,46 37,0,39,,18639,9,0,46 37,0,97,,18649,9,0,46 37,0,78,,18640,9,0,46 37,0,80,,18632,9,0,46 37,0,38,,18635,9,0,46 37,0,78,,18634,9,0,46 37,0,81,,18644,9,0,46 37,0,40,,18636,9,0,46 37,0,81,,18633,9,0,46 37,0,81,,18637,9,0,46 37,0,36,,18645,9,0,46 37,0,81,,18648,9,0,46 37,0,81,,18647,9,0,46 37,0,38,,18650,9,0,46 37,0,76,,18641,9,0,46 37,0,80,,18642,9,0,46 37,0,45,,18643,9,0,46 37,0,81,,18656,9,0,46 37,0,81,,18653,9,0,46 37,0,43,,18654,9,0,46 37,0,81,,18655,9,0,46 37,0,76,,18657,9,0,46 37,0
201,'5072',623,,18673,9,0,46 37,0,119,,18680,9,0,46 37,0,117,,18674,9,0,46 37,0,175,,18681,9,0,46 37,0,100,,18660,9,0,46 37,0,79,,18671,9,0,46 37,0,39,,18667,9,0,46 37,0,79,,18666,9,0,46 37,0,81,,18662,9,0,46 37,0,40,,18663,9,0,46 37,0,80,,18672,9,0,46 37,0,81,,18668,9,0,46 37,0,36,,18664,9,0,46 37,0,81,,18665,9,0,46 37,0,81,,18669,9,0,46 37,0,37,,18678,9,0,46 37,0,81,,18670,9,0,46 37,0,80,,18677,9,0,46 37,0,41,,18676,9,0,46 37,0,80,,18679,9,0,46 37,0,81,,18675,9,0,46 37,0,42,,18682,9,0,46 37,0,82,,18683,9,0,46 37,0
