5501,'4487',849,,31250,28,,,0,251,,31247,28,,,0,206,,31248,28,,,0,206,,31249,28,,,0,209,,31245,28,,,0,204,,31246,28,,,0
5501,'4737',646,,31254,28,,,0,170,,31253,28,,,0,204,,31251,28,,,0,136,,31252,28,,,0,200,,31256,28,,,0,145,,31255,28,,,0,156,,31257,28,,,0,193,,31258,28,,,0,193,,31259,28,,,0
5501,'4744',646,,31263,28,,,0,170,,31262,28,,,0,204,,31260,28,,,0,136,,31261,28,,,0,200,,31265,28,,,0,145,,31264,28,,,0,156,,31266,28,,,0,193,,31267,28,,,0,193,,31268,28,,,0
5501,'4745',848,,31269,28,,,0,252,,31271,28,,,0,205,,31272,28,,,0,205,,31270,28,,,0,210,,31274,28,,,0,204,,31273,28,,,0
5501,'5066',646,,31278,28,,,0,170,,31277,28,,,0,204,,31275,28,,,0,136,,31276,28,,,0,200,,31280,28,,,0,145,,31279,28,,,0,156,,31281,28,,,0,193,,31282,28,,,0,193,,31283,28,,,0
5501,'5070',849,,31289,28,,,0,251,,31286,28,,,0,206,,31287,28,,,0,206,,31288,28,,,0,209,,31284,28,,,0,204,,31285,28,,,0
5501,'5072',848,,31290,28,,,0,252,,31292,28,,,0,205,,31293,28,,,0,205,,31291,28,,,0,210,,31295,28,,,0,204,,31294,28,,,0
6401,'4737',646,,32697,22,,,0,579,,32696,22,,,0,501,,32700,22,0,34 35 36,0
6401,'4744',646,,32704,22,,,0,579,,32703,22,,,0,501,,32707,22,0,34 35 36,0
6401,'5066',646,,32711,22,,,0,579,,32710,22,,,0,501,,32714,22,0,34 35 36,0
