301,'4487',720,,14926,,,0,30,,14927,,,0,71,,14924,,,0,30,,14935,,,0,71,,14928,,,0,30,,14923,,,0,71,,14934,,,0,30,,14925,,,0,70,,14922,,,0,30,,14932,,,0,70,,14931,,,0,31,,14929,,,0,70,,14933,,,0,31,,14936,,,0,71,,14930,,,0,74,,14937,,,0,30,,14938,,,0,80,,14941,,,0,24,,14940,,,0,75,,14942,,,0,30,,14939,,,0,74,,14943,,,0,25,,14946,,,0,69,,14947,,,0,30,,14945,,,0,70,,14944,,,0,30,,14949,,,0,70,,14948,,,0
301,'4743',720,,10890,,,0,30,,10891,,,0,71,,10888,,,0,30,,10899,,,0,71,,10892,,,0,30,,10887,,,0,71,,10898,,,0,30,,10889,,,0,70,,10886,,,0,30,,10896,,,0,70,,10895,,,0,31,,10893,,,0,70,,10897,,,0,31,,10900,,,0,71,,10894,,,0,74,,10901,,,0,30,,10902,,,0,80,,10905,,,0,24,,10904,,,0,75,,10906,,,0,30,,10903,,,0,74,,10907,,,0,25,,10910,,,0,69,,10911,,,0,30,,10909,,,0,70,,10908,,,0,30,,10913,,,0,70,,10912,,,0
301,'4744',605,,14978,,,0,37,,14976,,,0,76,,14975,,,0,37,,14977,,,0,82,,14974,,,0,76,,14967,,,0,35,,14966,,,0,71,,14965,,,0,30,,14968,,,0,70,,14963,,,0,31,,14964,,,0,71,,14970,,,0,35,,14962,,,0,70,,14961,,,0,30,,14969,,,0,72,,14960,,,0,73,,14959,,,0,35,,14971,,,0,74,,14958,,,0,35,,14957,,,0,73,,14973,,,0,31,,14956,,,0,74,,14955,,,0,24,,14972,,,0,70,,14954,,,0,30,,14953,,,0,65,,14951,,,0,24,,14952,,,0,70,,14950,,,0
301,'4745',736,,15002,,,0,86,,14999,,,0,80,,15001,,,0,45,,14998,,,0,76,,15000,,,0,80,,14991,,,0,20,,14996,,,0,30,,14995,,,0,70,,14992,,,0,30,,14997,,,0,71,,14994,,,0,30,,14980,,,0,70,,14979,,,0,77,,14983,,,0,28,,14981,,,0,75,,14990,,,0,30,,14985,,,0,69,,14986,,,0,30,,14987,,,0,70,,14984,,,0,29,,14982,,,0,70,,14989,,,0,30,,14988,,,0,74,,14993,,,0
301,'4935',605,,407,,,0,37,,405,,,0,76,,404,,,0,37,,406,,,0,82,,403,,,0,76,,396,,,0,35,,395,,,0,71,,394,,,0,30,,397,,,0,70,,392,,,0,31,,393,,,0,71,,399,,,0,35,,391,,,0,70,,390,,,0,30,,398,,,0,72,,389,,,0,73,,388,,,0,35,,400,,,0,74,,387,,,0,35,,386,,,0,73,,402,,,0,31,,385,,,0,74,,384,,,0,24,,401,,,0,70,,383,,,0,30,,382,,,0,65,,380,,,0,24,,381,,,0,70,,379,,,0
301,'4941',605,,436,,,0,37,,434,,,0,76,,433,,,0,37,,435,,,0,82,,432,,,0,76,,425,,,0,35,,424,,,0,71,,423,,,0,30,,426,,,0,70,,421,,,0,31,,422,,,0,71,,428,,,0,35,,420,,,0,70,,419,,,0,30,,427,,,0,72,,418,,,0,73,,417,,,0,35,,429,,,0,74,,416,,,0,35,,415,,,0,73,,431,,,0,31,,414,,,0,74,,413,,,0,24,,430,,,0,70,,412,,,0,30,,411,,,0,65,,409,,,0,24,,410,,,0,70,,408,,,0
301,'4943',720,,441,,,0,30,,442,,,0,71,,439,,,0,30,,450,,,0,71,,443,,,0,30,,438,,,0,71,,449,,,0,30,,440,,,0,70,,437,,,0,30,,447,,,0,70,,446,,,0,31,,444,,,0,70,,448,,,0,31,,451,,,0,71,,445,,,0,74,,452,,,0,30,,453,,,0,80,,456,,,0,24,,455,,,0,75,,457,,,0,30,,454,,,0,74,,458,,,0,25,,461,,,0,69,,462,,,0,30,,460,,,0,70,,459,,,0,30,,464,,,0,70,,463,,,0
301,'4945',736,,488,,,0,86,,485,,,0,80,,487,,,0,45,,484,,,0,76,,486,,,0,80,,477,,,0,20,,482,,,0,30,,481,,,0,70,,478,,,0,30,,483,,,0,71,,480,,,0,30,,466,,,0,70,,465,,,0,77,,469,,,0,28,,467,,,0,75,,476,,,0,30,,471,,,0,69,,472,,,0,30,,473,,,0,70,,470,,,0,29,,468,,,0,70,,475,,,0,30,,474,,,0,74,,479,,,0
301,'4947',605,,15031,,,0,37,,15029,,,0,76,,15028,,,0,37,,15030,,,0,82,,15027,,,0,76,,15020,,,0,35,,15019,,,0,71,,15018,,,0,30,,15021,,,0,70,,15016,,,0,31,,15017,,,0,71,,15023,,,0,35,,15015,,,0,70,,15014,,,0,30,,15022,,,0,72,,15013,,,0,73,,15012,,,0,35,,15024,,,0,74,,15011,,,0,35,,15010,,,0,73,,15026,,,0,31,,15009,,,0,74,,15008,,,0,24,,15025,,,0,70,,15007,,,0,30,,15006,,,0,65,,15004,,,0,24,,15005,,,0,70,,15003,,,0
301,'4952',605,,15060,,,0,37,,15058,,,0,76,,15057,,,0,37,,15059,,,0,82,,15056,,,0,76,,15049,,,0,35,,15048,,,0,71,,15047,,,0,30,,15050,,,0,70,,15045,,,0,31,,15046,,,0,71,,15052,,,0,35,,15044,,,0,70,,15043,,,0,30,,15051,,,0,72,,15042,,,0,73,,15041,,,0,35,,15053,,,0,74,,15040,,,0,35,,15039,,,0,73,,15055,,,0,31,,15038,,,0,74,,15037,,,0,24,,15054,,,0,70,,15036,,,0,30,,15035,,,0,65,,15033,,,0,24,,15034,,,0,70,,15032,,,0
301,'4953',720,,15065,,,0,30,,15066,,,0,71,,15063,,,0,30,,15074,,,0,71,,15067,,,0,30,,15062,,,0,71,,15073,,,0,30,,15064,,,0,70,,15061,,,0,30,,15071,,,0,70,,15070,,,0,31,,15068,,,0,70,,15072,,,0,31,,15075,,,0,71,,15069,,,0,74,,15076,,,0,30,,15077,,,0,80,,15080,,,0,24,,15079,,,0,75,,15081,,,0,30,,15078,,,0,74,,15082,,,0,25,,15085,,,0,69,,15086,,,0,30,,15084,,,0,70,,15083,,,0,30,,15088,,,0,70,,15087,,,0
301,'4954',736,,15112,,,0,86,,15109,,,0,80,,15111,,,0,45,,15108,,,0,76,,15110,,,0,80,,15101,,,0,20,,15106,,,0,30,,15105,,,0,70,,15102,,,0,30,,15107,,,0,71,,15104,,,0,30,,15090,,,0,70,,15089,,,0,77,,15093,,,0,28,,15091,,,0,75,,15100,,,0,30,,15095,,,0,69,,15096,,,0,30,,15097,,,0,70,,15094,,,0,29,,15092,,,0,70,,15099,,,0,30,,15098,,,0,74,,15103,,,0
