800,'4663',628,,54576,14,,,0,87,,54577,14,,,0,29,,54578,14,,,0,59,,54579,14,,,0,22,,54580,14,,,0,89,,54581,14,,,0,35,,54582,14,,,0,82,,54575,14,,,0,83,,54583,14,,,0,35,,54598,14,,,0,84,,54584,14,,,0,85,,54585,14,,,0,83,,54586,14,,,0,47,,54587,14,0,16,0,54,,54588,14,,,0,42,,54589,14,,,0,84,,54590,14,,,0,72,,54599,14,,,0,34,,54591,14,,,0,72,,54592,14,,,0,33,,54593,14,,,0,71,,54600,14,,,0,95,,54594,14,,,0,43,,54595,14,,,0,96,,54596,14,,,0,83,,54597,14,,,0
800,'5372',628,,49022,14,,,0,87,,38724,14,,,0,29,,38725,14,,,0,59,,38726,14,,,0,22,,49023,14,,,0,89,,38728,14,,,0,35,,38729,14,,,0,82,,49021,14,,,0,83,,38730,14,,,0,35,,38745,14,,,0,84,,49024,14,,,0,85,,38732,14,,,0,83,,38733,14,,,0,47,,49025,14,0,16,0,54,,38735,14,,,0,42,,38736,14,,,0,84,,38737,14,,,0,72,,38746,14,,,0,34,,38738,14,,,0,72,,38739,14,,,0,33,,38740,14,,,0,71,,38747,14,,,0,95,,38741,14,,,0,43,,38742,14,,,0,96,,38743,14,,,0,83,,38744,14,,,0
800,'5377',846,,38790,3,,,0,86,,38791,3,,,0,90,,38792,3,,,0,85,,38793,3,,,0,50,,38794,3,,,0,90,,38789,3,,,0,90,,38795,3,,,0,92,,38796,3,,,0,90,,38797,3,,,0,93,,38798,3,,,0,88,,38799,3,,,0
800,'5383',716,,54607,3,,,0,85,,54608,3,,,0,45,,54609,3,,,0,86,,54602,3,,,0,90,,54603,3,,,0,85,,54601,3,,,0,50,,54604,3,,,0,90,,54605,3,,,0,90,,54606,3,,,0,92,,54610,3,,,0,90,,54611,3,,,0,93,,54612,3,,,0,88,,54613,3,,,0,47,,54614,3,,,0,85,,54615,3,,,0
800,'5384',846,,54617,3,,,0,86,,54618,3,,,0,90,,54619,3,,,0,85,,54620,3,,,0,50,,54621,3,,,0,90,,54616,3,,,0,90,,54622,3,,,0,92,,54623,3,,,0,90,,54624,3,,,0,93,,54625,3,,,0,88,,54626,3,,,0
800,'5385',628,,54628,14,,,0,87,,54629,14,,,0,29,,54630,14,,,0,59,,54631,14,,,0,22,,54632,14,,,0,89,,54633,14,,,0,35,,54634,14,,,0,82,,54627,14,,,0,83,,54635,14,,,0,35,,54650,14,,,0,84,,54636,14,,,0,85,,54637,14,,,0,83,,54638,14,,,0,47,,54639,14,0,16,0,54,,54640,14,,,0,42,,54641,14,,,0,84,,54642,14,,,0,72,,54651,14,,,0,34,,54643,14,,,0,72,,54644,14,,,0,33,,54645,14,,,0,71,,54652,14,,,0,95,,54646,14,,,0,43,,54647,14,,,0,96,,54648,14,,,0,83,,54649,14,,,0
900,'4663',727,,54729,21,,,0,82,,54730,21,,,0
900,'5372',727,,38898,21,,,0,82,,38899,21,,,0
900,'5385',727,,54731,21,,,0,82,,54732,21,,,0
1100,'4663',550,,54907,3,,,0,70,,54890,3,,,0,21,,54919,3,,,0,16,,54896,3,,,0,58,,54916,3,,,0,17,,54899,3,,,0,15,,54879,3,,,0,55,,54905,3,,,0,18,,54882,3,,,0,18,,54900,3,,,0,21,,54920,3,,,0,66,,54895,3,,,0,25,,54917,3,,,0,65,,54880,3,,,0,25,,54908,3,,,0,65,,54898,3,,,0,24,,54922,3,,,0,25,,54897,3,,,0,65,,54913,3,,,0,25,,54881,3,,,0,67,,54909,3,,,0,24,,54894,3,,,0,18,,54875,3,,,0,57,,54921,3,,,0,17,,54892,3,,,0,17,,54874,3,,,0,57,,54915,3,,,0,22,,54883,3,,,0,19,,54885,3,,,0,59,,54906,3,,,0,19,,54891,3,,,0,18,,54878,3,,,0,17,,54923,3,,,0,58,,54893,3,,,0,17,,54884,3,,,0,18,,54918,3,,,0,55,,54877,3,,,0,18,,54876,3,,,0,19,,54901,3,,,0,66,,54888,3,,,0,31,,54889,3,,,0,75,,54911,3,,,0,30,,54886,3,,,0,75,,54887,3,,,0,31,,54902,3,,,0,74,,54910,3,,,0,30,,54904,3,,,0,71,,54903,3,,,0,84,,54912,3,,,0
1100,'5372',550,,39103,3,,,0,70,,39086,3,,,0,21,,39115,3,,,0,16,,39092,3,,,0,58,,39112,3,,,0,17,,39095,3,,,0,15,,39075,3,,,0,55,,39101,3,,,0,18,,39078,3,,,0,18,,39096,3,,,0,21,,39116,3,,,0,66,,49046,3,,,0,25,,39113,3,,,0,65,,39076,3,,,0,25,,39104,3,,,0,65,,39094,3,,,0,24,,39118,3,,,0,25,,39093,3,,,0,65,,39109,3,,,0,25,,39077,3,,,0,67,,39105,3,,,0,24,,39090,3,,,0,18,,39071,3,,,0,57,,39117,3,,,0,17,,39088,3,,,0,17,,39070,3,,,0,57,,39111,3,,,0,22,,39079,3,,,0,19,,39081,3,,,0,59,,39102,3,,,0,19,,39087,3,,,0,18,,39074,3,,,0,17,,39119,3,,,0,58,,39089,3,,,0,17,,39080,3,,,0,18,,39114,3,,,0,55,,39073,3,,,0,18,,39072,3,,,0,19,,39097,3,,,0,66,,39084,3,,,0,31,,39085,3,,,0,75,,39107,3,,,0,30,,39082,3,,,0,75,,39083,3,,,0,31,,39098,3,,,0,74,,39106,3,,,0,30,,39100,3,,,0,71,,39099,3,,,0,84,,39108,3,,,0
1100,'5377',722,,39209,3,,,0,80,,39208,3,,,0,40,,39211,3,,,0,70,,39210,3,,,0,30,,39213,3,,,0,75,,39212,3,,,0,35,,39217,3,,,0,70,,39215,3,,,0,30,,39214,3,,,0,70,,39216,3,,,0,30,,39220,3,,,0,70,,39221,3,,,0,30,,39219,3,,,0,70,,39218,3,,,0,30,,39224,3,,,0,70,,39223,3,,,0,30,,39222,3,,,0,70,,39226,3,,,0,30,,39227,3,,,0,70,,39225,3,,,0,30,,39228,3,,,0,70,,39229,3,,,0,30,,39231,3,,,0,85,,39230,3,,,0,85,,39232,3,,,0,85,,39233,3,,,0,40,,39234,3,,,0,85,,39235,3,,,0,85,,39236,3,,,0
1100,'5383',707,,54954,3,,,0,35,,54938,3,,,0,75,,54924,3,,,0,30,,54928,3,,,0,70,,54955,3,,,0,30,,54946,3,,,0,65,,54933,3,,,0,25,,54925,3,,,0,65,,54931,3,,,0,27,,54943,3,,,0,25,,54927,3,,,0,65,,54941,3,,,0,24,,54935,3,,,0,64,,54926,3,,,0,25,,54929,3,,,0,25,,54942,3,,,0,65,,54934,3,,,0,25,,54945,3,,,0,67,,54937,3,,,0,25,,54932,3,,,0,65,,54936,3,,,0,25,,54953,3,,,0,24,,54930,3,,,0,64,,54944,3,,,0,25,,54956,3,,,0,65,,54947,3,,,0,25,,54939,3,,,0,25,,54940,3,,,0,65,,54949,3,,,0,25,,54951,3,,,0,65,,54948,3,,,0,30,,54950,3,,,0,70,,54952,3,,,0,35,,54957,3,,,0,75,,54958,3,,,0,30,,54959,3,,,0,70,,54960,3,,,0,80,,54961,3,,,0
1100,'5384',722,,54963,3,,,0,80,,54962,3,,,0,40,,54965,3,,,0,70,,54964,3,,,0,30,,54967,3,,,0,75,,54966,3,,,0,35,,54971,3,,,0,70,,54969,3,,,0,30,,54968,3,,,0,70,,54970,3,,,0,30,,54974,3,,,0,70,,54975,3,,,0,30,,54973,3,,,0,70,,54972,3,,,0,30,,54978,3,,,0,70,,54977,3,,,0,30,,54976,3,,,0,70,,54980,3,,,0,30,,54981,3,,,0,70,,54979,3,,,0,30,,54982,3,,,0,70,,54983,3,,,0,30,,54985,3,,,0,85,,54984,3,,,0,85,,54986,3,,,0,85,,54987,3,,,0,40,,54988,3,,,0,85,,54989,3,,,0,85,,54990,3,,,0
1100,'5385',550,,55024,3,,,0,70,,55007,3,,,0,21,,55036,3,,,0,16,,55013,3,,,0,58,,55033,3,,,0,17,,55016,3,,,0,15,,54996,3,,,0,55,,55022,3,,,0,18,,54999,3,,,0,18,,55017,3,,,0,21,,55037,3,,,0,66,,55012,3,,,0,25,,55034,3,,,0,65,,54997,3,,,0,25,,55025,3,,,0,65,,55015,3,,,0,24,,55039,3,,,0,25,,55014,3,,,0,65,,55030,3,,,0,25,,54998,3,,,0,67,,55026,3,,,0,24,,55011,3,,,0,18,,54992,3,,,0,57,,55038,3,,,0,17,,55009,3,,,0,17,,54991,3,,,0,57,,55032,3,,,0,22,,55000,3,,,0,19,,55002,3,,,0,59,,55023,3,,,0,19,,55008,3,,,0,18,,54995,3,,,0,17,,55040,3,,,0,58,,55010,3,,,0,17,,55001,3,,,0,18,,55035,3,,,0,55,,54994,3,,,0,18,,54993,3,,,0,19,,55018,3,,,0,66,,55005,3,,,0,31,,55006,3,,,0,75,,55028,3,,,0,30,,55003,3,,,0,75,,55004,3,,,0,31,,55019,3,,,0,74,,55027,3,,,0,30,,55021,3,,,0,71,,55020,3,,,0,84,,55029,3,,,0
2400,'4663',611,,56933,2,,,0,32,,56937,2,,,0,75,,56938,2,,,0,101,,56934,2,,,0,114,,56932,2,,,0,100,,56942,2,,,0,100,,56939,2,,,0,99,,56935,2,,,0,100,,56936,2,,,0,98,,56940,2,,,0,86,,56941,2,,,0,41,,56943,2,,,0,94,,56944,2,,,0,99,,56945,2,,,0,104,,56946,2,,,0,150,,56947,2,,,0,124,,56948,2,,,0,172,,56949,2,,,0,131,,56950,2,,,0
2400,'5372',611,,41544,2,,,0,32,,41548,2,,,0,75,,41549,2,,,0,101,,41545,2,,,0,114,,41543,2,,,0,100,,41553,2,,,0,100,,41550,2,,,0,99,,41546,2,,,0,100,,41547,2,,,0,98,,41551,2,,,0,86,,41552,2,,,0,41,,41554,2,,,0,94,,41555,2,,,0,99,,41556,2,,,0,104,,41557,2,,,0,150,,41558,2,,,0,124,,41559,2,,,0,172,,41560,2,,,0,131,,41561,2,,,0
2400,'5377',813,,41596,2,,,0,127,,41599,2,,,0,169,,41598,2,,,0,132,,41600,2,,,0,168,,41601,2,,,0,132,,41602,2,,,0,171,,41603,2,,,0,129,,41604,2,,,0,167,,41605,2,,,0,125,,41606,2,,,0,168,,41607,2,,,0
2400,'5383',653,,56955,2,,,0,162,,56953,2,,,0,104,,56951,2,,,0,111,,56952,2,,,0,100,,56954,2,,,0,98,,56960,2,,,0,98,,56957,2,,,0,98,,56956,2,,,0,101,,56959,2,,,0,98,,56958,2,,,0,104,,56961,2,,,0,113,,56962,2,,,0,165,,56963,2,,,0,125,,56964,2,,,0,170,,56965,2,,,0
2400,'5384',813,,56966,2,,,0,127,,56969,2,,,0,169,,56968,2,,,0,132,,56970,2,,,0,168,,56971,2,,,0,132,,56972,2,,,0,171,,56973,2,,,0,129,,56974,2,,,0,167,,56975,2,,,0,125,,56976,2,,,0,168,,56977,2,,,0
2400,'5385',611,,56979,2,,,0,32,,56983,2,,,0,75,,56984,2,,,0,101,,56980,2,,,0,114,,56978,2,,,0,100,,56988,2,,,0,100,,56985,2,,,0,99,,56981,2,,,0,100,,56982,2,,,0,98,,56986,2,,,0,86,,56987,2,,,0,41,,56989,2,,,0,94,,56990,2,,,0,99,,56991,2,,,0,104,,56992,2,,,0,150,,56993,2,,,0,124,,56994,2,,,0,172,,56995,2,,,0,131,,56996,2,,,0
2500,'4663',550,,57076,2,,,0,74,,57068,2,,,0,29,,57066,2,,,0,77,,57067,2,,,0,70,,57074,2,,,0,55,,57073,2,,,0,104,,57071,2,,,0,141,,57069,2,,,0,100,,57070,2,,,0,58,,57077,2,,,0,100,,57072,2,,,0,176,,57079,2,,,0,84,,57078,2,,,0,100,,57080,2,,,0,103,,57081,2,,,0,101,,57082,2,,,0,121,,57083,2,,,0,167,,57084,2,,,0,134,,57085,2,0,5,0
2500,'5372',550,,41709,2,,,0,74,,41702,2,,,0,29,,41700,2,,,0,77,,41701,2,,,0,70,,41708,2,,,0,55,,41707,2,,,0,104,,41705,2,,,0,141,,41703,2,,,0,100,,41704,2,,,0,58,,41710,2,,,0,100,,41706,2,,,0,176,,41712,2,,,0,84,,41711,2,,,0,100,,41713,2,,,0,103,,41714,2,,,0,101,,41715,2,,,0,121,,41716,2,,,0,167,,41717,2,,,0,134,,41718,2,0,5,0
2500,'5377',725,,41758,2,,,0,127,,41756,2,,,0,168,,41757,2,,,0,130,,41759,2,,,0,172,,41760,2,,,0,129,,41761,2,,,0,173,,41762,2,,,0,129,,41763,2,,,0,171,,41764,2,,,0,122,,41765,2,,,0,168,,41766,2,,,0
2500,'5383',734,,57092,2,,,0,109,,57090,2,,,0,112,,57094,2,,,0,101,,57088,2,,,0,99,,57086,2,,,0,98,,57087,2,,,0,100,,57089,2,,,0,99,,57093,2,,,0,100,,57091,2,,,0,101,,57095,2,,,0,103,,57096,2,,,0,165,,57097,2,,,0,121,,57098,2,,,0,170,,57099,2,,,0,130,,57100,2,0,5,0
2500,'5384',725,,57103,2,,,0,127,,57101,2,,,0,168,,57102,2,,,0,130,,57104,2,,,0,172,,57105,2,,,0,129,,57106,2,,,0,173,,57107,2,,,0,129,,57108,2,,,0,171,,57109,2,,,0,122,,57110,2,,,0,168,,57111,2,,,0
2500,'5385',550,,57121,2,,,0,74,,57114,2,,,0,29,,57112,2,,,0,77,,57113,2,,,0,70,,57120,2,,,0,55,,57119,2,,,0,104,,57117,2,,,0,141,,57115,2,,,0,100,,57116,2,,,0,58,,57122,2,,,0,100,,57118,2,,,0,176,,57124,2,,,0,84,,57123,2,,,0,100,,57125,2,,,0,103,,57126,2,,,0,101,,57127,2,,,0,121,,57128,2,,,0,167,,57129,2,,,0,134,,57130,2,0,5,0
2601,'4663',613,,57476,27,,,0,23,,57477,27,,,0,18,,57478,27,,,0,54,,57475,27,,,0,15,,57484,27,,,0,16,,57495,27,,,0,16,,57490,27,,,0,52,,57506,27,,,0,19,,57486,27,,,0,15,,57491,27,,,0,10,,57488,27,,,0,55,,57494,27,,,0,14,,57485,27,,,0,14,,57493,27,,,0,15,,57501,27,,,0,55,,57487,27,,,0,15,,57489,27,,,0,15,,57496,27,,,0,15,,57505,27,,,0,55,,57481,27,,,0,15,,57479,27,,,0,15,,57482,27,,,0,15,,57492,27,,,0,55,,57497,27,,,0,15,,57502,27,,,0,15,,57498,27,,,0,15,,57499,27,,,0,55,,57503,27,,,0,16,,57504,27,,,0,15,,57500,27,,,0,14,,57483,27,,,0,52,,57524,27,,,0,13,,57480,27,,,0,13,,57520,27,,,0,14,,57518,27,,,0,15,,57511,27,,,0,54,,57510,27,,,0,15,,57512,27,,,0,15,,57509,27,,,0,15,,57507,27,,,0,55,,57519,27,,,0,13,,57514,27,,,0,15,,57525,27,,,0,14,,57523,27,,,0,55,,57517,27,,,0,13,,57515,27,,,0,15,,57522,27,,,0,13,,57516,27,,,0,54,,57508,27,,,0,15,,57470,27,,,0,15,,57469,27,,,0,15,,57471,27,,,0,55,,57474,27,,,0,15,,57472,27,,,0,15,,57513,27,,,0,15,,57521,27,,,0,60,,57468,27,,,0,20,,57473,27,,,0,20,,57466,27,,,0,57,,57462,27,,,0,20,,57458,27,,,0,20,,57467,27,,,0,69,,57457,27,,,0,31,,57460,27,,,0,70,,57461,27,,,0,30,,57464,27,,,0,68,,57465,27,,,0,31,,57459,27,,,0,70,,57463,27,,,0
2601,'5372',613,,42177,27,,,0,23,,42178,27,,,0,18,,42179,27,,,0,54,,42176,27,,,0,15,,42185,27,,,0,16,,42196,27,,,0,16,,42191,27,,,0,52,,42207,27,,,0,19,,42187,27,,,0,15,,42192,27,,,0,10,,51675,27,,,0,55,,42195,27,,,0,14,,42186,27,,,0,14,,42194,27,,,0,15,,42202,27,,,0,55,,50182,27,,,0,15,,42190,27,,,0,15,,42197,27,,,0,15,,42206,27,,,0,55,,42182,27,,,0,15,,51674,27,,,0,15,,42183,27,,,0,15,,42193,27,,,0,55,,50183,27,,,0,15,,42203,27,,,0,15,,42199,27,,,0,15,,50184,27,,,0,55,,42204,27,,,0,16,,42205,27,,,0,15,,42201,27,,,0,14,,42184,27,,,0,52,,42225,27,,,0,13,,42181,27,,,0,13,,42221,27,,,0,14,,42219,27,,,0,15,,42212,27,,,0,54,,42211,27,,,0,15,,42213,27,,,0,15,,42210,27,,,0,15,,42208,27,,,0,55,,50186,27,,,0,13,,42215,27,,,0,15,,42226,27,,,0,14,,42224,27,,,0,55,,42218,27,,,0,13,,50185,27,,,0,15,,42223,27,,,0,13,,42217,27,,,0,54,,42209,27,,,0,15,,50180,27,,,0,15,,42170,27,,,0,15,,42172,27,,,0,55,,42175,27,,,0,15,,50181,27,,,0,15,,42214,27,,,0,15,,42222,27,,,0,60,,50179,27,,,0,20,,42174,27,,,0,77,,42165,27,,,0,20,,42161,27,,,0,20,,50178,27,,,0,69,,42160,27,,,0,31,,42163,27,,,0,70,,42164,27,,,0,30,,42166,27,,,0,68,,42167,27,,,0,31,,50177,27,,,0
2601,'5373',2047,,57526,27,,,0
2601,'5377',658,,42380,27,,,0,62,,42367,27,,,0,23,,42357,27,,,0,62,,42376,27,,,0,20,,42381,27,,,0,26,,42366,27,,,0,62,,42359,27,,,0,20,,42377,27,,,0,23,,42370,27,,,0,59,,42360,27,,,0,18,,42364,27,,,0,18,,50165,27,,,0,58,,42378,27,,,0,18,,42362,27,,,0,19,,42383,27,,,0,58,,42361,27,,,0,18,,42365,27,,,0,18,,50166,27,,,0,18,,42374,27,,,0,59,,42371,27,,,0,18,,42384,27,,,0,18,,42368,27,,,0,58,,42379,27,,,0,18,,50167,27,,,0,18,,42375,27,,,0,58,,42373,27,,,0,18,,42382,27,,,0,17,,42369,27,,,0,18,,42393,27,,,0,58,,50168,27,,,0,18,,42392,27,,,0,17,,42386,27,,,0,57,,42395,27,,,0,17,,42385,27,,,0,20,,42391,27,,,0,60,,50169,27,,,0,20,,42390,27,,,0,20,,42394,27,,,0,60,,42387,27,,,0,19,,42397,27,,,0,19,,50171,27,,,0,60,,42399,27,,,0,20,,42402,27,,,0,20,,42398,27,,,0,59,,42396,27,,,0,20,,50170,27,,,0,22,,42401,27,,,0,70,,42404,27,,,0,29,,50172,27,,,0,70,,42406,27,,,0,30,,42407,27,,,0
2601,'5381',2047,,57527,27,,,0
2601,'5383',638,,57529,27,,,0,70,,57530,27,,,0,26,,57531,27,,,0,17,,57532,27,,,0,57,,57533,27,,,0,17,,57534,27,,,0,18,,57535,27,,,0,59,,57536,27,,,0,18,,57537,27,,,0,17,,57538,27,,,0,17,,57539,27,,,0,57,,57540,27,,,0,17,,57541,27,,,0,17,,57542,27,,,0,57,,57543,27,,,0,19,,57544,27,,,0,17,,57545,27,,,0,18,,57528,27,,,0,57,,57546,27,,,0,17,,57547,27,,,0,17,,57548,27,,,0,57,,57549,27,,,0,17,,57550,27,,,0,16,,57551,27,,,0,17,,57552,27,,,0,57,,57553,27,,,0,17,,57554,27,,,0,17,,57555,27,,,0,57,,57556,27,,,0,16,,57557,27,,,0,16,,57558,27,,,0,16,,57559,27,,,0,55,,57560,27,,,0,17,,57561,27,,,0,17,,57562,27,,,0,17,,57563,27,,,0,56,,57564,27,,,0,17,,57565,27,,,0,18,,57566,27,,,0,60,,57567,27,,,0,20,,57568,27,,,0,19,,57569,27,,,0,60,,57570,27,,,0,20,,57571,27,,,0,20,,57572,27,,,0,58,,57573,27,,,0,20,,57574,27,,,0,19,,57575,27,,,0,60,,57576,27,,,0,19,,57577,27,,,0,20,,57578,27,,,0,60,,57579,27,,,0,20,,57580,27,,,0,21,,57581,27,,,0,70,,57582,27,,,0,30,,57583,27,,,0,69,,57584,27,,,0,30,,57585,27,,,0,72,,57586,27,,,0
2601,'5384',658,,57610,27,,,0,62,,57597,27,,,0,23,,57587,27,,,0,62,,57606,27,,,0,20,,57611,27,,,0,26,,57596,27,,,0,62,,57589,27,,,0,20,,57607,27,,,0,23,,57600,27,,,0,59,,57590,27,,,0,18,,57594,27,,,0,18,,57588,27,,,0,58,,57608,27,,,0,18,,57592,27,,,0,19,,57613,27,,,0,58,,57591,27,,,0,18,,57595,27,,,0,18,,57593,27,,,0,18,,57604,27,,,0,59,,57601,27,,,0,18,,57614,27,,,0,18,,57598,27,,,0,58,,57609,27,,,0,18,,57602,27,,,0,18,,57605,27,,,0,58,,57603,27,,,0,18,,57612,27,,,0,17,,57599,27,,,0,18,,57623,27,,,0,58,,57618,27,,,0,18,,57622,27,,,0,17,,57616,27,,,0,57,,57625,27,,,0,17,,57615,27,,,0,20,,57621,27,,,0,60,,57619,27,,,0,20,,57620,27,,,0,20,,57624,27,,,0,60,,57617,27,,,0,19,,57627,27,,,0,19,,57633,27,,,0,60,,57629,27,,,0,20,,57632,27,,,0,20,,57628,27,,,0,59,,57626,27,,,0,20,,57630,27,,,0,22,,57631,27,,,0,70,,57634,27,,,0,29,,57635,27,,,0,70,,57636,27,,,0,30,,57637,27,,,0
2601,'5385',613,,57655,27,,,0,23,,57656,27,,,0,18,,57657,27,,,0,54,,57654,27,,,0,15,,57663,27,,,0,16,,57674,27,,,0,16,,57669,27,,,0,52,,57685,27,,,0,19,,57665,27,,,0,15,,57670,27,,,0,10,,57667,27,,,0,55,,57673,27,,,0,14,,57664,27,,,0,14,,57672,27,,,0,15,,57680,27,,,0,55,,57666,27,,,0,15,,57668,27,,,0,15,,57675,27,,,0,15,,57684,27,,,0,55,,57660,27,,,0,15,,57658,27,,,0,15,,57661,27,,,0,15,,57671,27,,,0,55,,57676,27,,,0,15,,57681,27,,,0,15,,57677,27,,,0,15,,57678,27,,,0,55,,57682,27,,,0,16,,57683,27,,,0,15,,57679,27,,,0,14,,57662,27,,,0,52,,57703,27,,,0,13,,57659,27,,,0,13,,57699,27,,,0,14,,57697,27,,,0,15,,57690,27,,,0,54,,57689,27,,,0,15,,57691,27,,,0,15,,57688,27,,,0,15,,57686,27,,,0,55,,57698,27,,,0,13,,57693,27,,,0,15,,57704,27,,,0,14,,57702,27,,,0,55,,57696,27,,,0,13,,57694,27,,,0,15,,57701,27,,,0,13,,57695,27,,,0,54,,57687,27,,,0,15,,57649,27,,,0,15,,57648,27,,,0,15,,57650,27,,,0,55,,57653,27,,,0,15,,57651,27,,,0,15,,57692,27,,,0,15,,57700,27,,,0,60,,57647,27,,,0,20,,57652,27,,,0,77,,57643,27,,,0,20,,57639,27,,,0,20,,57646,27,,,0,69,,57638,27,,,0,31,,57641,27,,,0,70,,57642,27,,,0,30,,57644,27,,,0,68,,57645,27,,,0,31,,57640,27,,,0
2601,'5387',2047,,57705,27,,,0
2601,'5388',2047,,57706,27,,,0
