4700,'4663',616,,59613,6,,,0,20,,59612,6,,,0,23,,59611,6,,,0
4700,'5372',616,,44662,6,,,0,20,,44661,6,,,0,23,,50317,6,,,0
4700,'5385',616,,59616,6,,,0,20,,59615,6,,,0,23,,59614,6,,,0
4701,'4663',1706,,59617,40,,,0,30,,59618,40,,,0,70,,59619,40,,,0
4701,'5372',1706,,51727,40,,,0,30,,51728,40,,,0,70,,51729,40,,,0
4701,'5385',1706,,59620,40,,,0,30,,59621,40,,,0,70,,59622,40,,,0
5801,'4663',621,,60412,11,,,0,30,,60426,11,,,0,78,,60413,11,,,0,79,,60414,11,,,0,25,,60420,12,,,0,72,,60415,11,,,0,43,,60416,11,,,0,87,,60417,11,,,0,85,,60418,11,,,0,85,,60419,11,,,0,45,,60422,11,,,0,86,,60421,11,,,0,86,,60423,11,,,0,19,,60433,11,,,0,65,,60424,11,,,0,16,,60435,11,,,0,27,,60425,11,,,0,91,,60427,11,,,0,88,,60428,11,,,0,85,,60429,11,,,0,46,,60430,11,,,0,186,,60431,11,,,0,110,,60432,11,,,0,149,,60436,11,,,0
5801,'5372',621,,45611,11,,,0,30,,45625,11,,,0,78,,45612,11,,,0,79,,45613,11,,,0,25,,45619,12,,,0,72,,45614,11,,,0,43,,45615,11,,,0,87,,45616,11,,,0,85,,45617,11,,,0,85,,45618,11,,,0,45,,45621,11,,,0,86,,45620,11,,,0,86,,45622,11,,,0,19,,45632,11,,,0,65,,45623,11,,,0,16,,45634,11,,,0,27,,45624,11,,,0,91,,45626,11,,,0,88,,45627,11,,,0,85,,45628,11,,,0,46,,45629,11,,,0,186,,45630,11,,,0,110,,45631,11,,,0,149,,45635,11,,,0
5801,'5377',753,,45677,11,,,0,101,,45683,11,,,0,105,,50619,11,,,0,146,,45684,11,,,0,105,,50618,11,,,0,100,,45682,11,,,0,110,,45678,11,,,0,100,,45685,11,,,0,110,,45680,11,,,0,100,,50620,11,,,0,104,,45687,11,,,0,100,,45689,11,,,0,105,,50621,11,,,0,199,,45686,11,,,0
5801,'5383',654,,60449,11,,,0,100,,60450,11,,,0,100,,60451,11,,,0,146,,60452,11,,,0,105,,60448,11,,,0,105,,60447,11,,,0,100,,60446,11,,,0,110,,60445,11,,,0,100,,60443,11,,,0,110,,60444,11,,,0,100,,60438,11,,,0,105,,60439,11,,,0,100,,60440,11,,,0,105,,60441,11,,,0,114,,60442,11,,,0,150,,60437,11,,,0
5801,'5384',753,,60453,11,,,0,101,,60459,11,,,0,105,,60457,11,,,0,146,,60460,11,,,0,105,,60455,11,,,0,100,,60458,11,,,0,110,,60454,11,,,0,100,,60461,11,,,0,110,,60456,11,,,0,100,,60464,11,,,0,104,,60463,11,,,0,100,,60465,11,,,0,105,,60466,11,,,0,199,,60462,11,,,0
5801,'5385',621,,60467,11,,,0,30,,60481,11,,,0,78,,60468,11,,,0,79,,60469,11,,,0,25,,60475,12,,,0,72,,60470,11,,,0,43,,60471,11,,,0,87,,60472,11,,,0,85,,60473,11,,,0,85,,60474,11,,,0,45,,60477,11,,,0,86,,60476,11,,,0,86,,60478,11,,,0,19,,60488,11,,,0,65,,60479,11,,,0,16,,60490,11,,,0,27,,60480,11,,,0,91,,60482,11,,,0,88,,60483,11,,,0,85,,60484,11,,,0,46,,60485,11,,,0,186,,60486,11,,,0,110,,60487,11,,,0,149,,60491,11,,,0
