100,'4663',706,,52693,3,,,0,42,,52692,3,,,0,763,,52691,5,,,0,48,,52690,3,,,0,99,,52689,3,,,0
100,'5372',706,,36467,3,,,0,42,,36466,3,,,0,763,,36465,5,,,0,48,,36464,3,,,0,99,,36463,3,,,0
100,'5385',706,,52698,3,,,0,42,,52697,3,,,0,763,,52696,5,,,0,48,,52695,3,,,0,99,,52694,3,,,0
701,'4332',659,,54506,4,,,0,70,,54490,4,,,0,72,,54499,4,,,0,31,,54483,4,,,0,70,,54507,4,,,0,29,,54491,4,,,0,71,,54500,4,,,0,27,,54479,4,,,0,30,,54481,4,,,0,69,,54501,4,,,0,31,,54487,4,,,0,69,,54494,4,,,0,28,,54480,4,,,0,70,,54482,4,,,0,30,,54502,4,,,0,70,,54486,4,,,0,30,,54495,4,,,0,71,,54484,4,,,0,30,,54485,4,,,0,73,,54503,4,,,0,70,,54488,4,,,0,29,,54497,4,,,0,71,,54489,4,,,0,30,,54492,4,,,0,29,,54504,4,,,0,70,,54493,4,,,0,76,,54498,4,,,0,36,,54496,4,,,0,68,,54505,4,,,0
701,'4663',609,,54458,4,,,0,29,,54459,4,,,0,64,,54464,4,,,0,15,,54445,4,,,0,16,,54463,4,,,0,15,,54439,4,,,0,57,,54446,4,,,0,10,,54478,4,,,0,8,,54453,4,,,0,16,,54442,4,,,0,17,,54462,4,,,0,55,,54438,4,,,0,18,,54469,4,,,0,30,,54476,4,,,0,70,,54449,4,,,0,27,,54473,4,,,0,70,,54471,4,,,0,30,,54475,4,,,0,72,,54474,4,,,0,30,,54451,4,,,0,70,,54477,4,,,0,29,,54472,4,,,0,70,,54470,4,,,0,32,,54450,4,,,0,62,,54468,4,,,0,19,,54447,4,,,0,18,,54440,4,,,0,60,,54465,4,,,0,19,,54448,4,,,0,17,,54452,4,,,0,60,,54441,4,,,0,16,,54456,4,,,0,14,,54444,4,,,0,59,,54467,4,,,0,19,,54443,4,,,0,18,,54455,4,,,0,70,,54457,4,,,0,30,,54466,4,,,0,70,,54461,4,,,0,30,,54460,4,,,0,70,,54454,4,,,0
701,'5078',707,,54520,4,,,0,40,,54509,4,,,0,80,,54521,4,,,0,76,,54522,4,,,0,25,,54508,4,,,0,29,,54510,4,,,0,71,,54523,4,,,0,29,,54511,4,,,0,70,,54526,4,,,0,29,,54512,4,,,0,71,,54513,4,,,0,30,,54525,4,,,0,68,,54524,4,,,0,30,,54527,4,,,0,70,,54528,4,,,0,29,,54515,4,,,0,71,,54516,4,,,0,32,,54518,4,,,0,72,,54517,4,,,0,29,,54514,4,,,0,71,,54519,4,,,0,29,,54529,4,,,0,72,,54530,4,,,0,75,,54531,4,,,0,34,,54533,4,,,0,69,,54532,4,,,0
701,'5372',609,,38579,4,,,0,29,,38580,4,,,0,64,,38585,4,,,0,15,,38566,4,,,0,16,,38584,4,,,0,15,,38560,4,,,0,57,,38567,4,,,0,10,,38599,4,,,0,8,,38574,4,,,0,16,,38563,4,,,0,17,,38583,4,,,0,55,,38559,4,,,0,18,,38590,4,,,0,30,,38597,4,,,0,70,,38570,4,,,0,27,,38594,4,,,0,70,,38592,4,,,0,30,,38596,4,,,0,72,,38595,4,,,0,30,,38572,4,,,0,70,,38598,4,,,0,29,,38593,4,,,0,70,,51621,4,,,0,32,,38571,4,,,0,62,,38589,4,,,0,19,,38568,4,,,0,18,,38561,4,,,0,60,,38586,4,,,0,19,,38569,4,,,0,17,,38573,4,,,0,60,,38562,4,,,0,16,,38577,4,,,0,14,,38565,4,,,0,59,,38588,4,,,0,19,,38564,4,,,0,18,,38576,4,,,0,70,,38578,4,,,0,30,,38587,4,,,0,70,,38582,4,,,0,30,,38581,4,,,0,70,,38575,4,,,0
701,'5385',609,,54554,4,,,0,29,,54555,4,,,0,64,,54560,4,,,0,15,,54541,4,,,0,16,,54559,4,,,0,15,,54535,4,,,0,57,,54542,4,,,0,10,,54574,4,,,0,8,,54549,4,,,0,16,,54538,4,,,0,17,,54558,4,,,0,55,,54534,4,,,0,18,,54565,4,,,0,30,,54572,4,,,0,70,,54545,4,,,0,27,,54569,4,,,0,70,,54567,4,,,0,30,,54571,4,,,0,72,,54570,4,,,0,30,,54547,4,,,0,70,,54573,4,,,0,29,,54568,4,,,0,70,,54566,4,,,0,32,,54546,4,,,0,62,,54564,4,,,0,19,,54543,4,,,0,18,,54536,4,,,0,60,,54561,4,,,0,19,,54544,4,,,0,17,,54548,4,,,0,60,,54537,4,,,0,16,,54552,4,,,0,14,,54540,4,,,0,59,,54563,4,,,0,19,,54539,4,,,0,18,,54551,4,,,0,70,,54553,4,,,0,30,,54562,4,,,0,70,,54557,4,,,0,30,,54556,4,,,0,70,,54550,4,,,0
14000701,'4332',2138,,63105,4,,,0,72,,63106,4,,,0,30,,63108,4,,,0,70,,63107,4,,,0,36,,63109,4,,,0,67,,63110,4,,,0
14000701,'4663',2137,,63101,4,,,0,72,,63099,4,,,0,29,,63102,4,,,0,70,,63100,4,,,0,37,,63103,4,,,0,68,,63104,4,,,0
14000701,'5078',2038,,63111,4,,,0,70,,63113,4,,,0,40,,63112,4,,,0,62,,63114,4,,,0,100,,63115,4,,,0,103,,63116,4,,,0
14000701,'5372',2137,,48777,4,,,0,72,,48775,4,,,0,29,,48778,4,,,0,70,,48776,4,,,0,37,,48779,4,,,0,68,,48780,4,,,0
14000701,'5385',2137,,63119,4,,,0,72,,63117,4,,,0,29,,63120,4,,,0,70,,63118,4,,,0,37,,63121,4,,,0,68,,63122,4,,,0
