6400,'4744',617,,28717,4,,0,86,,28718,,,0,212,,28719,4,,0,296,,28720,,,0,333,,28721,4,,0,207,,28722,,,0,99,,28723,4,,0
6400,'4935',617,,8523,4,,0,86,,8524,,,0,212,,8525,4,,0,296,,8526,,,0,333,,8527,4,,0,207,,8528,,,0,99,,8529,4,,0
6400,'4941',617,,8530,4,,0,86,,8531,,,0,212,,8532,4,,0,296,,8533,,,0,333,,8534,4,,0,207,,8535,,,0,99,,8536,4,,0
6400,'4947',617,,28724,4,,0,86,,28725,,,0,212,,28726,4,,0,296,,28727,,,0,333,,28728,4,,0,207,,28729,,,0,99,,28730,4,,0
6400,'4952',617,,28731,4,,0,86,,28732,,,0,212,,28733,4,,0,296,,28734,,,0,333,,28735,4,,0,207,,28736,,,0,99,,28737,4,,0
6401,'4744',617,,28738,0,34 35 36,0,94,,28740,,,0,204,,28741,,,0,336,,28739,,,0,293,,28742,,,0,208,,28743,0,34 35 36,0,98,,28744,0,34 35 36,0
6401,'4935',617,,8537,0,34 35 36,0,94,,8539,,,0,204,,8540,,,0,336,,8538,,,0,293,,8541,,,0,208,,8542,0,34 35 36,0,98,,8543,0,34 35 36,0
6401,'4941',617,,8544,0,34 35 36,0,94,,8546,,,0,204,,8547,,,0,336,,8545,,,0,293,,8548,,,0,208,,8549,0,34 35 36,0,98,,8550,0,34 35 36,0
6401,'4947',617,,28745,0,34 35 36,0,94,,28747,,,0,204,,28748,,,0,336,,28746,,,0,293,,28749,,,0,208,,28750,0,34 35 36,0,98,,28751,0,34 35 36,0
6401,'4952',617,,28752,0,34 35 36,0,94,,28754,,,0,204,,28755,,,0,336,,28753,,,0,293,,28756,,,0,208,,28757,0,34 35 36,0,98,,28758,0,34 35 36,0
