4801,'4661',1716,,59635,49,,,0,27,,59636,49,,,0,71,,59637,49,,,0
4801,'4663',1716,,59629,49,,,0,27,,59630,49,,,0,71,,59631,49,,,0
5201,'4332',657,,59895,27,,,0,71,,59905,27,,,0,30,,59903,27,,,0,71,,59886,27,,,0,30,,59893,27,,,0,70,,59912,27,,,0,30,,59890,27,,,0,71,,59887,27,,,0,70,,59894,27,,,0,30,,59913,27,,,0,70,,59891,27,,,0,31,,59888,27,,,0,75,,59897,27,,,0,30,,59915,27,,,0,75,,59892,27,,,0,35,,59902,27,,,0,75,,59896,27,,,0,30,,59914,27,,,0,70,,59889,27,,,0,30,,59900,27,,,0,65,,59908,27,,,0,25,,59899,27,,,0,64,,59904,27,,,0,25,,59901,27,,,0,70,,59898,27,,,0,29,,59911,27,,,0,72,,59906,27,,,0,30,,59910,27,,,0,70,,59907,27,,,0,25,,59909,27,0,38 3 39 49,0,30,,59916,27,,,0,103,,59917,27,,,0,99,,59918,27,,,0
5201,'4661',515,,59949,27,,,0,36,,59946,27,,,0,78,,59953,27,,,0,78,,59948,27,,,0,26,,59959,27,,,0,68,,59947,27,,,0,33,,59965,27,,,0,24,,59954,27,,,0,75,,59950,27,,,0,75,,59951,27,,,0,29,,59963,27,,,0,70,,59955,27,,,0,28,,59952,27,,,0,75,,59956,27,,,0,34,,59964,27,,,0,70,,59957,27,,,0,30,,59958,27,,,0,70,,59978,27,,,0,30,,59960,27,,,0,59,,59984,27,0,38 3 39 49,0,10,,59966,27,,,0,25,,59983,12,0,30 14,0,3,,59961,27,,,0,73,,59962,27,,,0,38,,59979,27,,,0,62,,59967,27,,,0,25,,59968,27,,,0,62,,59969,27,,,0,30,,59970,27,,,0,69,,59980,27,,,0,30,,59971,27,,,0,73,,59972,27,,,0,29,,59974,27,,,0,68,,59982,27,,,0,26,,59975,27,0,38 3 39 49,0,75,,59976,27,,,0,57,,59981,27,,,0,99,,59977,27,,,0
5201,'4663',515,,59850,27,,,0,36,,59847,27,,,0,78,,59854,27,,,0,78,,59849,27,,,0,26,,59860,27,,,0,68,,59848,27,,,0,33,,59866,27,,,0,24,,59855,27,,,0,75,,59851,27,,,0,75,,59852,27,,,0,29,,59864,27,,,0,70,,59856,27,,,0,28,,59853,27,,,0,75,,59857,27,,,0,34,,59865,27,,,0,70,,59858,27,,,0,30,,59859,27,,,0,70,,59879,27,,,0,25,,59884,12,0,30 14,0,5,,59861,27,,,0,59,,59885,27,0,38 3 39 49,0,10,,59867,27,,,0,28,,59862,27,,,0,73,,59863,27,,,0,38,,59880,27,,,0,62,,59868,27,,,0,25,,59869,27,,,0,62,,59870,27,,,0,30,,59871,27,,,0,69,,59881,27,,,0,30,,59872,27,,,0,73,,59873,27,,,0,29,,59875,27,,,0,68,,59883,27,,,0,26,,59876,27,0,38 3 39 49,0,75,,59877,27,,,0,57,,59882,27,,,0,99,,59878,27,,,0
5201,'5078',728,,59924,27,,,0,30,,59940,27,,,0,70,,59932,27,,,0,31,,59920,27,,,0,70,,59927,27,,,0,30,,59934,27,,,0,71,,59929,27,,,0,70,,59921,27,,,0,30,,59926,27,,,0,70,,59935,27,,,0,30,,59931,27,,,0,75,,59919,27,,,0,30,,59925,27,,,0,75,,59938,27,,,0,35,,59930,27,,,0,75,,59945,27,,,0,30,,59923,27,,,0,70,,59937,27,,,0,30,,59928,27,,,0,70,,59933,27,,,0,30,,59922,27,,,0,70,,59936,27,,,0,39,,59939,27,,,0,100,,59941,27,,,0,100,,59942,27,,,0,100,,59943,27,,,0,99,,59944,27,,,0
5500,'4332',814,,60139,25,,,0,201,,60135,25,,,0,213,,60136,25,,,0,204,,60137,25,,,0,211,,60138,25,,,0,209,,60134,25,,,0,264,,60133,25,,,0
5500,'4661',619,,60147,25,,,0,132,,60149,25,,,0,173,,60148,25,,,0,214,,60150,25,,,0,198,,60151,25,,,0,174,,60152,25,,,0,106,,60153,25,,,0,142,,60154,25,,,0,189,,60155,25,,,0,198,,60156,25,,,0
5500,'4663',619,,60123,25,,,0,132,,60125,25,,,0,173,,60124,25,,,0,214,,60126,25,,,0,198,,60127,25,,,0,174,,60128,25,,,0,106,,60129,25,,,0,142,,60130,25,,,0,189,,60131,25,,,0,198,,60132,25,,,0
5500,'5078',813,,60140,25,,,0,201,,60143,25,,,0,214,,60142,25,,,0,205,,60141,25,,,0,210,,60145,25,,,0,208,,60146,25,,,0,264,,60144,25,,,0
6400,'4661',736,,61012,51,,,0,507,,61014,82,,,0,580,,61016,67,,,0
6400,'4663',736,,61005,51,,,0,507,,61007,82,,,0,580,,61009,67,,,0
