24005100,'4744',645,,32365,4,,0,70,,32363,4,,0,23,,32357,4,,0,13,,32355,4,,0,61,,32354,4,,0,27,,32352,4,,0,9,,32350,4,,0,70,,32361,4,,0,102,,32359,4,,0,100,,32364,4,,0,100,,32360,4,,0,100,,32362,4,,0,101,,32358,4,,0,102,,32351,4,,0,107,,32366,4,,0,25,,32356,4,,0,70,,32353,4,,0
24005100,'4935',645,,10690,4,,0,70,,10688,4,,0,23,,10682,4,,0,13,,10680,4,,0,61,,10679,4,,0,27,,10677,4,,0,9,,10675,4,,0,70,,10686,4,,0,102,,10684,4,,0,100,,10689,4,,0,100,,10685,4,,0,100,,10687,4,,0,101,,10683,4,,0,102,,10676,4,,0,107,,10691,4,,0,25,,10681,4,,0,70,,10678,4,,0
24005100,'4941',645,,10707,4,,0,70,,10705,4,,0,23,,10699,4,,0,13,,10697,4,,0,61,,10696,4,,0,27,,10694,4,,0,9,,10692,4,,0,70,,10703,4,,0,102,,10701,4,,0,100,,10706,4,,0,100,,10702,4,,0,100,,10704,4,,0,101,,10700,4,,0,102,,10693,4,,0,107,,10708,4,,0,25,,10698,4,,0,70,,10695,4,,0
24005100,'4947',645,,32382,4,,0,70,,32380,4,,0,23,,32374,4,,0,13,,32372,4,,0,61,,32371,4,,0,27,,32369,4,,0,9,,32367,4,,0,70,,32378,4,,0,102,,32376,4,,0,100,,32381,4,,0,100,,32377,4,,0,100,,32379,4,,0,101,,32375,4,,0,102,,32368,4,,0,107,,32383,4,,0,25,,32373,4,,0,70,,32370,4,,0
24005100,'4952',645,,32399,4,,0,70,,32397,4,,0,23,,32391,4,,0,13,,32389,4,,0,61,,32388,4,,0,27,,32386,4,,0,9,,32384,4,,0,70,,32395,4,,0,102,,32393,4,,0,100,,32398,4,,0,100,,32394,4,,0,100,,32396,4,,0,101,,32392,4,,0,102,,32385,4,,0,107,,32400,4,,0,25,,32390,4,,0,70,,32387,4,,0
24005101,'4744',729,,32415,,,0,71,,32410,,,0,42,,32407,,,0,93,,32416,,,0,97,,32412,,,0,100,,32418,,,0,100,,32413,,,0,100,,32417,,,0,101,,32414,,,0,68,,32401,0,30 14,0,13,,32403,,,0,21,,32402,,,0,70,,32404,,,0,33,,32405,,,0,69,,32411,,,0,30,,32406,,,0,103,,32408,,,0,100,,32409,,,0
24005101,'4935',729,,10723,,,0,71,,10718,,,0,42,,10715,,,0,93,,10724,,,0,97,,10720,,,0,100,,10726,,,0,100,,10721,,,0,100,,10725,,,0,101,,10722,,,0,68,,10709,0,30 14,0,13,,10711,,,0,21,,10710,,,0,70,,10712,,,0,33,,10713,,,0,69,,10719,,,0,30,,10714,,,0,103,,10716,,,0,100,,10717,,,0
24005101,'4941',729,,10741,,,0,71,,10736,,,0,42,,10733,,,0,93,,10742,,,0,97,,10738,,,0,100,,10744,,,0,100,,10739,,,0,100,,10743,,,0,101,,10740,,,0,68,,10727,0,30 14,0,13,,10729,,,0,21,,10728,,,0,70,,10730,,,0,33,,10731,,,0,69,,10737,,,0,30,,10732,,,0,103,,10734,,,0,100,,10735,,,0
24005101,'4947',729,,32433,,,0,71,,32428,,,0,42,,32425,,,0,93,,32434,,,0,97,,32430,,,0,100,,32436,,,0,100,,32431,,,0,100,,32435,,,0,101,,32432,,,0,68,,32419,0,30 14,0,13,,32421,,,0,21,,32420,,,0,70,,32422,,,0,33,,32423,,,0,69,,32429,,,0,30,,32424,,,0,103,,32426,,,0,100,,32427,,,0
24005101,'4952',729,,32451,,,0,71,,32446,,,0,42,,32443,,,0,93,,32452,,,0,97,,32448,,,0,100,,32454,,,0,100,,32449,,,0,100,,32453,,,0,101,,32450,,,0,68,,32437,0,30 14,0,13,,32439,,,0,21,,32438,,,0,70,,32440,,,0,33,,32441,,,0,69,,32447,,,0,30,,32442,,,0,103,,32444,,,0,100,,32445,,,0
