7200,'4487',621,,33009,40,,,0,99,,33010,40,,,0,32,,33011,40,,,0,69,,33012,40,,,0,29,,33013,40,,,0,70,,33014,40,,,0,30,,33015,40,,,0,70,,33016,40,,,0,30,,33017,40,,,0,68,,33018,40,,,0,30,,33019,40,,,0,70,,33020,40,,,0,30,,33021,40,,,0,70,,33022,40,,,0,29,,33023,40,,,0,70,,33024,40,,,0,30,,33025,40,,,0,70,,33026,40,,,0,30,,33027,40,,,0,70,,33028,40,,,0,30,,33029,40,,,0,70,,33030,40,,,0,30,,33031,40,,,0,70,,33032,40,,,0,30,,33033,40,,,0,70,,33034,40,,,0,31,,33035,40,,,0,71,,33036,40,,,0,30,,33037,40,,,0,70,,33038,40,,,0,100,,33039,40,,,0,100,,33040,40,,,0,118,,33041,40,0,10 11 12,0
7200,'4737',611,,33066,40,,,0,29,,33060,40,,,0,79,,33049,40,,,0,28,,33065,40,,,0,70,,33072,40,,,0,30,,33053,40,,,0,71,,33067,40,,,0,29,,33061,40,,,0,70,,33045,40,,,0,30,,33068,40,,,0,70,,33057,40,,,0,29,,33051,40,,,0,70,,33043,40,,,0,30,,33044,40,,,0,69,,33050,40,,,0,30,,33042,40,,,0,70,,33073,40,,,0,30,,33046,40,,,0,70,,33054,40,,,0,31,,33048,40,,,0,70,,33047,40,,,0,29,,33052,40,,,0,71,,33055,40,,,0,30,,33074,40,,,0,73,,33062,40,,,0,28,,33056,40,,,0,70,,33059,40,,,0,30,,33058,40,,,0,70,,33064,40,,,0,33,,33070,40,,,0,70,,33063,40,,,0,98,,33069,40,,,0,101,,33071,40,,,0,116,,33075,40,0,10 11 12,0
7200,'4744',611,,33100,40,,,0,29,,33094,40,,,0,79,,33083,40,,,0,28,,33099,40,,,0,70,,33106,40,,,0,30,,33087,40,,,0,71,,33101,40,,,0,29,,33095,40,,,0,70,,33079,40,,,0,30,,33102,40,,,0,70,,33091,40,,,0,29,,33085,40,,,0,70,,33077,40,,,0,30,,33078,40,,,0,69,,33084,40,,,0,30,,33076,40,,,0,70,,33107,40,,,0,30,,33080,40,,,0,70,,33088,40,,,0,31,,33082,40,,,0,70,,33081,40,,,0,29,,33086,40,,,0,71,,33089,40,,,0,30,,33108,40,,,0,73,,33096,40,,,0,28,,33090,40,,,0,70,,33093,40,,,0,30,,33092,40,,,0,70,,33098,40,,,0,33,,33104,40,,,0,70,,33097,40,,,0,98,,33103,40,,,0,101,,33105,40,,,0,116,,33109,40,0,10 11 12,0
7200,'4745',720,,33111,40,,,0,100,,33112,40,,,0,100,,33113,40,,,0,99,,33114,40,,,0,99,,33110,40,,,0,30,,33115,40,,,0,70,,33116,40,,,0,30,,33117,40,,,0,69,,33118,40,,,0,30,,33119,40,,,0,70,,33120,40,,,0,30,,33121,40,,,0,70,,33122,40,,,0,30,,33123,40,,,0,70,,33124,40,,,0,30,,33125,40,,,0,70,,33126,40,,,0,31,,33127,40,,,0,70,,33128,40,,,0,31,,33129,40,,,0,70,,33130,40,,,0,30,,33131,40,,,0,71,,33132,40,,,0,99,,33133,40,,,0,100,,33134,40,,,0,102,,33135,40,,,0,35,,33136,40,0,10 11 12,0
7200,'4951',719,,33137,40,,,0,596,,33138,40,,,0,330,,33139,40,,,0
7200,'5066',611,,33161,40,,,0,29,,33155,40,,,0,107,,33160,40,,,0,70,,33167,40,,,0,30,,33148,40,,,0,71,,33162,40,,,0,29,,33156,40,,,0,70,,33143,40,,,0,30,,33163,40,,,0,70,,33152,40,,,0,29,,33147,40,,,0,70,,33141,40,,,0,30,,33142,40,,,0,99,,33140,40,,,0,70,,33168,40,,,0,30,,33144,40,,,0,70,,33149,40,,,0,31,,33146,40,,,0,70,,33145,40,,,0,100,,33150,40,,,0,30,,33169,40,,,0,73,,33157,40,,,0,28,,33151,40,,,0,70,,33154,40,,,0,30,,33153,40,,,0,70,,33159,40,,,0,33,,33165,40,,,0,70,,33158,40,,,0,98,,33164,40,,,0,101,,33166,40,,,0,116,,33170,40,0,10 11 12,0
7200,'5067',719,,33171,40,,,0,596,,33172,40,,,0,330,,33173,40,,,0
7200,'5070',621,,33174,40,,,0,99,,33175,40,,,0,32,,33176,40,,,0,69,,33177,40,,,0,29,,33178,40,,,0,70,,33179,40,,,0,30,,33180,40,,,0,70,,33181,40,,,0,30,,33182,40,,,0,68,,33183,40,,,0,30,,33184,40,,,0,70,,33185,40,,,0,30,,33186,40,,,0,70,,33187,40,,,0,29,,33188,40,,,0,70,,33189,40,,,0,30,,33190,40,,,0,70,,33191,40,,,0,30,,33192,40,,,0,70,,33193,40,,,0,30,,33194,40,,,0,70,,33195,40,,,0,30,,33196,40,,,0,70,,33197,40,,,0,30,,33198,40,,,0,70,,33199,40,,,0,31,,33200,40,,,0,71,,33201,40,,,0,30,,33202,40,,,0,70,,33203,40,,,0,100,,33204,40,,,0,100,,33205,40,,,0,118,,33206,40,0,10 11 12,0
7200,'5072',720,,33208,40,,,0,100,,33209,40,,,0,100,,33210,40,,,0,99,,33211,40,,,0,99,,33207,40,,,0,30,,33212,40,,,0,70,,33213,40,,,0,30,,33214,40,,,0,69,,33215,40,,,0,30,,33216,40,,,0,70,,33217,40,,,0,30,,33218,40,,,0,70,,33219,40,,,0,30,,33220,40,,,0,70,,33221,40,,,0,30,,33222,40,,,0,70,,33223,40,,,0,31,,33224,40,,,0,70,,33225,40,,,0,31,,33226,40,,,0,70,,33227,40,,,0,30,,33228,40,,,0,71,,33229,40,,,0,99,,33230,40,,,0,100,,33231,40,,,0,102,,33232,40,,,0,35,,33233,40,0,10 11 12,0
8700,'4737',727,,34206,25,,,0,201,,34205,25,,,0,200,,34207,25,,,0,205,,34211,18,,,0,195,,34209,25,,,0,202,,34210,25,,,0
8700,'4744',727,,34213,25,,,0,201,,34212,25,,,0,200,,34214,25,,,0,205,,34218,18,,,0,195,,34216,25,,,0,202,,34217,25,,,0
8700,'5066',727,,34220,25,,,0,201,,34219,25,,,0,200,,34221,25,,,0,205,,34225,18,,,0,195,,34223,25,,,0,202,,34224,25,,,0
