5201,'4623',511,,73154,19,,,0,35,,73163,19,,,0,78,,73174,19,,,0,78,,73155,19,,,0,28,,73148,19,,,0,26,,73164,19,,,0,73,,73149,19,,,0,24,,73175,19,,,0,74,,73158,19,,,0,75,,73165,19,,,0,30,,73150,19,,,0,70,,73177,19,,,0,27,,73157,19,,,0,76,,73167,19,,,0,34,,73151,19,,,0,70,,73176,19,,,0,30,,73156,19,,,0,70,,73166,19,,,0,29,,73168,19,,,0,70,,73152,19,,,0,26,,73178,19,,,0,74,,73159,19,,,0,38,,73169,19,,,0,63,,73170,19,,,0,25,,73153,19,,,0,22,,73179,19,,,0,70,,73160,19,,,0,29,,73172,19,,,0,70,,73171,19,,,0,33,,73180,19,,,0,69,,73161,19,,,0,28,,73173,19,,,0,67,,73162,19,0,38 3 39 49,0,34,,73181,19,,,0,98,,73182,19,,,0,99,,73183,19,,,0
5201,'4833',652,,73193,19,,,0,71,,73203,19,,,0,30,,73201,19,,,0,71,,73184,19,,,0,30,,73191,19,,,0,70,,73210,19,,,0,30,,73188,19,,,0,71,,73185,19,,,0,30,,73192,19,,,0,70,,73211,19,,,0,30,,73189,19,,,0,71,,73186,19,,,0,75,,73195,19,,,0,30,,73213,19,,,0,75,,73190,19,,,0,35,,73200,19,,,0,75,,73194,19,,,0,30,,73212,19,,,0,70,,73187,19,,,0,30,,73198,19,,,0,65,,73206,19,,,0,25,,73197,19,,,0,64,,73202,19,,,0,25,,73199,19,,,0,30,,73196,19,,,0,69,,73209,19,,,0,32,,73204,19,,,0,70,,73208,19,,,0,30,,73205,19,,,0,65,,73207,19,0,38 3 39 49,0,30,,73214,19,,,0,103,,73215,19,,,0,100,,73216,19,,,0
5201,'5015',652,,73226,19,,,0,71,,73236,19,,,0,30,,73234,19,,,0,71,,73217,19,,,0,30,,73224,19,,,0,70,,73243,19,,,0,30,,73221,19,,,0,71,,73218,19,,,0,30,,73225,19,,,0,70,,73244,19,,,0,30,,73222,19,,,0,71,,73219,19,,,0,75,,73228,19,,,0,30,,73246,19,,,0,75,,73223,19,,,0,35,,73233,19,,,0,75,,73227,19,,,0,30,,73245,19,,,0,70,,73220,19,,,0,30,,73231,19,,,0,65,,73239,19,,,0,25,,73230,19,,,0,64,,73235,19,,,0,25,,73232,19,,,0,30,,73229,19,,,0,69,,73242,19,,,0,32,,73237,19,,,0,70,,73241,19,,,0,30,,73238,19,,,0,65,,73240,19,0,38 3 39 49,0,30,,73247,19,,,0,103,,73248,19,,,0,100,,73249,19,,,0
5201,'5078',723,,59924,19,,,0,30,,59940,19,,,0,70,,59932,19,,,0,31,,59920,19,,,0,70,,59927,19,,,0,30,,59934,19,,,0,71,,59929,19,,,0,30,,59921,19,,,0,70,,59926,19,,,0,30,,59935,19,,,0,70,,59931,19,,,0,75,,59919,19,,,0,30,,59925,19,,,0,75,,59938,19,,,0,35,,59930,19,,,0,75,,59945,19,,,0,30,,59923,19,,,0,70,,59937,19,,,0,30,,59928,19,,,0,70,,59933,19,,,0,30,,59922,19,,,0,70,,59936,19,,,0,39,,59939,19,,,0,100,,59941,19,,,0,100,,59942,19,,,0,100,,59943,19,,,0,100,,59944,19,,,0
5201,'5222',511,,73256,19,,,0,35,,73265,19,,,0,78,,73276,19,,,0,78,,73257,19,,,0,28,,73250,19,,,0,26,,73266,19,,,0,73,,73251,19,,,0,24,,73277,19,,,0,74,,73260,19,,,0,75,,73267,19,,,0,30,,73252,19,,,0,70,,73279,19,,,0,27,,73259,19,,,0,76,,73269,19,,,0,34,,73253,19,,,0,70,,73278,19,,,0,30,,73258,19,,,0,70,,73268,19,,,0,29,,73270,19,,,0,70,,73254,19,,,0,26,,73280,19,,,0,74,,73261,19,,,0,38,,73271,19,,,0,63,,73272,19,,,0,25,,73255,19,,,0,22,,73281,19,,,0,70,,73262,19,,,0,29,,73274,19,,,0,70,,73273,19,,,0,33,,73282,19,,,0,69,,73263,19,,,0,28,,73275,19,,,0,67,,73264,19,0,38 3 39 49,0,34,,73283,19,,,0,98,,73284,19,,,0,99,,73285,19,,,0
5201,'5365',723,,73291,19,,,0,30,,73307,19,,,0,70,,73299,19,,,0,31,,73287,19,,,0,70,,73294,19,,,0,30,,73301,19,,,0,71,,73296,19,,,0,30,,73288,19,,,0,70,,73293,19,,,0,30,,73302,19,,,0,70,,73298,19,,,0,75,,73286,19,,,0,30,,73292,19,,,0,75,,73305,19,,,0,35,,73297,19,,,0,75,,73312,19,,,0,30,,73290,19,,,0,70,,73304,19,,,0,30,,73295,19,,,0,70,,73300,19,,,0,30,,73289,19,,,0,70,,73303,19,,,0,39,,73306,19,,,0,100,,73308,19,,,0,100,,73309,19,,,0,100,,73310,19,,,0,100,,73311,19,,,0
5201,'5390',723,,73318,19,,,0,30,,73334,19,,,0,70,,73326,19,,,0,31,,73314,19,,,0,70,,73321,19,,,0,30,,73328,19,,,0,71,,73323,19,,,0,30,,73315,19,,,0,70,,73320,19,,,0,30,,73329,19,,,0,70,,73325,19,,,0,75,,73313,19,,,0,30,,73319,19,,,0,75,,73332,19,,,0,35,,73324,19,,,0,75,,73339,19,,,0,30,,73317,19,,,0,70,,73331,19,,,0,30,,73322,19,,,0,70,,73327,19,,,0,30,,73316,19,,,0,70,,73330,19,,,0,39,,73333,19,,,0,100,,73335,19,,,0,100,,73336,19,,,0,100,,73337,19,,,0,100,,73338,19,,,0
5900,'4623',634,,74034,4,,,0,100,,74035,4,,,0,80,,74049,4,,,0,112,,74050,4,,,0,92,,74036,4,,,0,101,,74037,4,,,0,102,,74038,4,,,0,103,,74039,4,,,0,111,,74040,4,,,0,99,,74043,4,,,0,88,,74042,4,,,0,84,,74044,4,,,0,42,,74041,4,,,0,83,,74045,4,,,0,99,,74046,4,,,0,99,,74047,4,,,0,110,,74048,4,,,0
5900,'4833',743,,74064,4,,,0,101,,74063,4,,,0,101,,74062,4,,,0,101,,74061,4,,,0,105,,74060,4,,,0,106,,74059,4,,,0,146,,74058,4,,,0,105,,74057,4,,,0,104,,74056,4,,,0,105,,74052,4,,,0,105,,74053,4,,,0,104,,74054,4,,,0,103,,74055,4,,,0,107,,74051,4,,,0
5900,'5015',743,,74078,4,,,0,101,,74077,4,,,0,101,,74076,4,,,0,101,,74075,4,,,0,105,,74074,4,,,0,106,,74073,4,,,0,146,,74072,4,,,0,105,,74071,4,,,0,104,,74070,4,,,0,105,,74066,4,,,0,105,,74067,4,,,0,104,,74068,4,,,0,103,,74069,4,,,0,107,,74065,4,,,0
5900,'5078',743,,60523,4,,,0,100,,60524,4,,,0,101,,60525,4,,,0,101,,60527,4,,,0,106,,60526,4,,,0,105,,60531,4,,,0,145,,60529,4,,,0,107,,60530,4,,,0,105,,60528,4,,,0,105,,60533,4,,,0,103,,60534,4,,,0,105,,60532,4,,,0,103,,60535,4,,,0
5900,'5222',634,,74079,4,,,0,100,,74080,4,,,0,80,,74094,4,,,0,112,,74095,4,,,0,92,,74081,4,,,0,101,,74082,4,,,0,102,,74083,4,,,0,103,,74084,4,,,0,111,,74085,4,,,0,99,,74088,4,,,0,88,,74087,4,,,0,84,,74089,4,,,0,42,,74086,4,,,0,83,,74090,4,,,0,99,,74091,4,,,0,99,,74092,4,,,0,110,,74093,4,,,0
5900,'5365',743,,74096,4,,,0,100,,74097,4,,,0,101,,74098,4,,,0,101,,74100,4,,,0,106,,74099,4,,,0,105,,74104,4,,,0,145,,74102,4,,,0,107,,74103,4,,,0,105,,74101,4,,,0,105,,74106,4,,,0,103,,74107,4,,,0,105,,74105,4,,,0,103,,74108,4,,,0
5900,'5390',743,,74109,4,,,0,100,,74110,4,,,0,101,,74111,4,,,0,101,,74113,4,,,0,106,,74112,4,,,0,105,,74117,4,,,0,145,,74115,4,,,0,107,,74116,4,,,0,105,,74114,4,,,0,105,,74119,4,,,0,103,,74120,4,,,0,105,,74118,4,,,0,103,,74121,4,,,0
