7100,'4623',1614,,75027,42,,,0,104,,75028,42,,,0,103,,75029,42,,,0
7100,'5222',1614,,75030,42,,,0,104,,75031,42,,,0,103,,75032,42,,,0
7200,'4532',636,,75106,61,,,0,100,,75107,61,,,0,70,,75108,61,,,0,30,,75109,61,,,0,70,,75110,61,,,0,30,,75111,61,,,0,70,,75112,61,,,0,30,,75113,61,,,0,70,,75114,61,,,0,30,,75115,61,,,0,70,,75116,61,,,0,30,,75117,61,,,0,70,,75118,61,,,0,30,,75119,61,,,0,69,,75120,61,,,0,30,,75121,61,,,0,70,,75122,61,,,0,30,,75123,61,,,0,70,,75124,61,,,0,30,,75125,61,,,0,70,,75126,61,,,0,30,,75127,61,,,0,70,,75128,61,,,0,30,,75129,61,,,0,70,,75130,61,,,0,30,,75131,61,,,0,71,,75132,61,,,0,30,,75133,61,,,0,70,,75134,61,,,0,30,,75135,61,,,0,100,,75136,61,,,0,100,,75137,61,,,0
7200,'4623',626,,75063,61,,,0,30,,75057,61,,,0,80,,75046,61,,,0,69,,75062,61,,,0,31,,75069,61,,,0,70,,75050,61,,,0,30,,75064,61,,,0,69,,75058,61,,,0,30,,75042,61,,,0,71,,75065,61,,,0,29,,75054,61,,,0,72,,75048,61,,,0,28,,75040,61,,,0,70,,75041,61,,,0,30,,75047,61,,,0,70,,75039,61,,,0,30,,75070,61,,,0,70,,75043,61,,,0,30,,75051,61,,,0,70,,75045,61,,,0,30,,75044,61,,,0,70,,75049,61,,,0,30,,75052,61,,,0,70,,75071,61,,,0,32,,75059,61,,,0,68,,75053,61,,,0,31,,75056,61,,,0,69,,75055,61,,,0,30,,75061,61,,,0,71,,75067,61,,,0,30,,75060,61,,,0,100,,75066,61,,,0,99,,75068,61,,,0
7200,'4832',736,,75173,61,,,0,100,,75174,61,,,0,100,,75177,61,,,0,100,,75175,61,,,0,99,,75176,61,,,0,70,,75178,61,,,0,30,,75179,61,,,0,70,,75180,61,,,0,30,,75181,61,,,0,70,,75182,61,,,0,30,,75183,61,,,0,70,,75184,61,,,0,30,,75185,61,,,0,70,,75186,61,,,0,30,,75187,61,,,0,70,,75188,61,,,0,30,,75189,61,,,0,70,,75190,61,,,0,30,,75191,61,,,0,70,,75192,61,,,0,30,,75193,61,,,0,70,,75194,61,,,0,31,,75195,61,,,0,100,,75196,61,,,0,100,,75197,61,,,0,100,,75198,61,,,0
7200,'4833',636,,75073,61,,,0,100,,75074,61,,,0,70,,75075,61,,,0,30,,75076,61,,,0,70,,75077,61,,,0,30,,75078,61,,,0,70,,75079,61,,,0,30,,75080,61,,,0,70,,75081,61,,,0,30,,75082,61,,,0,70,,75083,61,,,0,30,,75084,61,,,0,70,,75085,61,,,0,30,,75086,61,,,0,69,,75087,61,,,0,30,,75088,61,,,0,70,,75089,61,,,0,30,,75090,61,,,0,70,,75091,61,,,0,30,,75092,61,,,0,70,,75093,61,,,0,30,,75094,61,,,0,70,,75095,61,,,0,30,,75096,61,,,0,70,,75097,61,,,0,30,,75098,61,,,0,71,,75099,61,,,0,30,,75100,61,,,0,70,,75101,61,,,0,30,,75102,61,,,0,100,,75103,61,,,0,100,,75104,61,,,0
7200,'5222',626,,75163,61,,,0,30,,75157,61,,,0,80,,75146,61,,,0,69,,75162,61,,,0,31,,75169,61,,,0,70,,75150,61,,,0,30,,75164,61,,,0,69,,75158,61,,,0,30,,75142,61,,,0,71,,75165,61,,,0,29,,75154,61,,,0,72,,75148,61,,,0,28,,75140,61,,,0,70,,75141,61,,,0,30,,75147,61,,,0,70,,75139,61,,,0,30,,75170,61,,,0,70,,75143,61,,,0,30,,75151,61,,,0,70,,75145,61,,,0,30,,75144,61,,,0,70,,75149,61,,,0,30,,75152,61,,,0,70,,75171,61,,,0,32,,75159,61,,,0,68,,75153,61,,,0,31,,75156,61,,,0,69,,75155,61,,,0,30,,75161,61,,,0,71,,75167,61,,,0,30,,75160,61,,,0,100,,75166,61,,,0,99,,75168,61,,,0
7200,'5390',736,,75200,61,,,0,100,,75201,61,,,0,100,,75204,61,,,0,100,,75202,61,,,0,99,,75203,61,,,0,70,,75205,61,,,0,30,,75206,61,,,0,70,,75207,61,,,0,30,,75208,61,,,0,70,,75209,61,,,0,30,,75210,61,,,0,70,,75211,61,,,0,30,,75212,61,,,0,70,,75213,61,,,0,30,,75214,61,,,0,70,,75215,61,,,0,30,,75216,61,,,0,70,,75217,61,,,0,30,,75218,61,,,0,70,,75219,61,,,0,30,,75220,61,,,0,70,,75221,61,,,0,31,,75222,61,,,0,100,,75223,61,,,0,100,,75224,61,,,0,100,,75225,61,,,0
8100,'4532',836,,75874,37,,,0,100,,75875,37,,,0,100,,75876,37,,,0,100,,75877,37,,,0,100,,75878,37,,,0,100,,75879,37,,,0,100,,75880,37,,,0,100,,75881,37,,,0,100,,75882,37,,,0,100,,75883,37,,,0,100,,75884,37,,,0,100,,75885,37,,,0,100,,75886,37,,,0
8100,'4623',625,,75845,37,,,0,192,,75846,37,,,0,121,,75847,37,,,0,97,,75848,37,,,0,100,,75849,37,,,0,100,,75850,37,,,0,100,,75851,37,,,0,100,,75852,37,,,0,100,,75853,37,,,0,100,,75854,37,,,0,100,,75855,37,,,0,87,,75856,37,,,0,115,,75857,37,,,0,99,,75858,37,,,0
8100,'4832',836,,75904,37,,,0,100,,75903,37,,,0,100,,75905,37,,,0,100,,75906,37,,,0,100,,75907,37,,,0,100,,75908,37,,,0,100,,75909,37,,,0,100,,75910,37,,,0,100,,75911,37,,,0,100,,75912,37,,,0,100,,75913,37,,,0,100,,75914,37,,,0,102,,75915,37,,,0
8100,'4833',836,,75860,37,,,0,100,,75861,37,,,0,100,,75862,37,,,0,100,,75863,37,,,0,100,,75864,37,,,0,100,,75865,37,,,0,100,,75866,37,,,0,100,,75867,37,,,0,100,,75868,37,,,0,100,,75869,37,,,0,100,,75870,37,,,0,100,,75871,37,,,0,100,,75872,37,,,0
8100,'5222',625,,75888,37,,,0,192,,75889,37,,,0,121,,75890,37,,,0,97,,75891,37,,,0,100,,75892,37,,,0,100,,75893,37,,,0,100,,75894,37,,,0,100,,75895,37,,,0,100,,75896,37,,,0,100,,75897,37,,,0,100,,75898,37,,,0,87,,75899,37,,,0,115,,75900,37,,,0,99,,75901,37,,,0
8100,'5390',836,,75918,37,,,0,100,,75917,37,,,0,100,,75919,37,,,0,100,,75920,37,,,0,100,,75921,37,,,0,100,,75922,37,,,0,100,,75923,37,,,0,100,,75924,37,,,0,100,,75925,37,,,0,100,,75926,37,,,0,100,,75927,37,,,0,100,,75928,37,,,0,102,,75929,37,,,0
