300,'4487',707,,14731,,,0,30,,14734,,,0,69,,14729,,,0,30,,14739,,,0,70,,14733,,,0,30,,14728,,,0,70,,14740,,,0,30,,14730,,,0,70,,14727,,,0,30,,14732,,,0,70,,14737,,,0,30,,14735,,,0,70,,14738,,,0,30,,14743,,,0,70,,14736,,,0,35,,14742,,,0,70,,14741,,,0,40,,14744,,,0,65,,14748,,,0,35,,14746,,,0,70,,14745,,,0,35,,14747,,,0,65,,14749,,,0,30,,14752,,,0,70,,14753,,,0,30,,14750,,,0,70,,14751,,,0,30,,14754,,,0
300,'4743',707,,10861,,,0,30,,10864,,,0,69,,10859,,,0,30,,10869,,,0,70,,10863,,,0,30,,10858,,,0,70,,10870,,,0,30,,10860,,,0,70,,10857,,,0,30,,10862,,,0,70,,10867,,,0,30,,10865,,,0,70,,10868,,,0,30,,10873,,,0,70,,10866,,,0,35,,10872,,,0,70,,10871,,,0,40,,10874,,,0,65,,10878,,,0,35,,10876,,,0,70,,10875,,,0,35,,10877,,,0,65,,10879,,,0,30,,10882,,,0,70,,10883,,,0,30,,10880,,,0,70,,10881,,,0,30,,10884,,,0
300,'4744',628,,14784,,,0,74,,14783,,,0,37,,14782,,,0,81,,14781,,,0,37,,14780,,,0,75,,14779,,,0,70,,14772,,,0,30,,14773,,,0,70,,14771,,,0,30,,14770,,,0,70,,14776,,,0,35,,14768,,,0,70,,14769,,,0,30,,14775,,,0,71,,14767,,,0,33,,14766,,,0,75,,14774,,,0,35,,14765,,,0,74,,14764,,,0,33,,14777,,,0,73,,14763,,,0,74,,14762,,,0,26,,14778,,,0,70,,14761,,,0,30,,14760,,,0,25,,14758,,,0,65,,14757,,,0,30,,14756,,,0
300,'4745',722,,14809,,,0,84,,14806,,,0,40,,14808,,,0,85,,14804,,,0,75,,14807,,,0,40,,14796,,,0,60,,14803,,,0,30,,14802,,,0,70,,14795,,,0,30,,14805,,,0,70,,14800,,,0,30,,14786,,,0,70,,14785,,,0,37,,14797,,,0,68,,14787,,,0,35,,14798,,,0,70,,14792,,,0,30,,14789,,,0,70,,14788,,,0,30,,14791,,,0,70,,14793,,,0,30,,14790,,,0,70,,14794,,,0,35,,14799,,,0
300,'4935',628,,295,,,0,74,,294,,,0,37,,293,,,0,81,,292,,,0,37,,291,,,0,75,,290,,,0,70,,283,,,0,30,,284,,,0,70,,282,,,0,30,,281,,,0,70,,287,,,0,35,,279,,,0,70,,280,,,0,30,,286,,,0,71,,278,,,0,33,,277,,,0,75,,285,,,0,35,,276,,,0,74,,275,,,0,33,,288,,,0,73,,274,,,0,74,,273,,,0,26,,289,,,0,70,,272,,,0,30,,271,,,0,25,,269,,,0,65,,268,,,0,30,,267,,,0
300,'4941',628,,324,,,0,74,,323,,,0,37,,322,,,0,81,,321,,,0,37,,320,,,0,75,,319,,,0,70,,312,,,0,30,,313,,,0,70,,311,,,0,30,,310,,,0,70,,316,,,0,35,,308,,,0,70,,309,,,0,30,,315,,,0,71,,307,,,0,33,,306,,,0,75,,314,,,0,35,,305,,,0,74,,304,,,0,33,,317,,,0,73,,303,,,0,74,,302,,,0,26,,318,,,0,70,,301,,,0,30,,300,,,0,25,,298,,,0,65,,297,,,0,30,,296,,,0
300,'4943',707,,329,,,0,30,,332,,,0,69,,327,,,0,30,,337,,,0,70,,331,,,0,30,,326,,,0,70,,338,,,0,30,,328,,,0,70,,325,,,0,30,,330,,,0,70,,335,,,0,30,,333,,,0,70,,336,,,0,30,,341,,,0,70,,334,,,0,35,,340,,,0,70,,339,,,0,40,,342,,,0,65,,346,,,0,35,,344,,,0,70,,343,,,0,35,,345,,,0,65,,347,,,0,30,,350,,,0,70,,351,,,0,30,,348,,,0,70,,349,,,0,30,,352,,,0
300,'4945',722,,378,,,0,84,,375,,,0,40,,377,,,0,85,,373,,,0,75,,376,,,0,40,,365,,,0,60,,372,,,0,30,,371,,,0,70,,364,,,0,30,,374,,,0,70,,369,,,0,30,,355,,,0,70,,354,,,0,37,,366,,,0,68,,356,,,0,35,,367,,,0,70,,361,,,0,30,,358,,,0,70,,357,,,0,30,,360,,,0,70,,362,,,0,30,,359,,,0,70,,363,,,0,35,,368,,,0
300,'4947',628,,14838,,,0,74,,14837,,,0,37,,14836,,,0,81,,14835,,,0,37,,14834,,,0,75,,14833,,,0,70,,14826,,,0,30,,14827,,,0,70,,14825,,,0,30,,14824,,,0,70,,14830,,,0,35,,14822,,,0,70,,14823,,,0,30,,14829,,,0,71,,14821,,,0,33,,14820,,,0,75,,14828,,,0,35,,14819,,,0,74,,14818,,,0,33,,14831,,,0,73,,14817,,,0,74,,14816,,,0,26,,14832,,,0,70,,14815,,,0,30,,14814,,,0,25,,14812,,,0,65,,14811,,,0,30,,14810,,,0
300,'4952',628,,14867,,,0,74,,14866,,,0,37,,14865,,,0,81,,14864,,,0,37,,14863,,,0,75,,14862,,,0,70,,14855,,,0,30,,14856,,,0,70,,14854,,,0,30,,14853,,,0,70,,14859,,,0,35,,14851,,,0,70,,14852,,,0,30,,14858,,,0,71,,14850,,,0,33,,14849,,,0,75,,14857,,,0,35,,14848,,,0,74,,14847,,,0,33,,14860,,,0,73,,14846,,,0,74,,14845,,,0,26,,14861,,,0,70,,14844,,,0,30,,14843,,,0,25,,14841,,,0,65,,14840,,,0,30,,14839,,,0
300,'4953',707,,14872,,,0,30,,14875,,,0,69,,14870,,,0,30,,14880,,,0,70,,14874,,,0,30,,14869,,,0,70,,14881,,,0,30,,14871,,,0,70,,14868,,,0,30,,14873,,,0,70,,14878,,,0,30,,14876,,,0,70,,14879,,,0,30,,14884,,,0,70,,14877,,,0,35,,14883,,,0,70,,14882,,,0,40,,14885,,,0,65,,14889,,,0,35,,14887,,,0,70,,14886,,,0,35,,14888,,,0,65,,14890,,,0,30,,14893,,,0,70,,14894,,,0,30,,14891,,,0,70,,14892,,,0,30,,14895,,,0
300,'4954',722,,14921,,,0,84,,14918,,,0,40,,14920,,,0,85,,14916,,,0,75,,14919,,,0,40,,14908,,,0,60,,14915,,,0,30,,14914,,,0,70,,14907,,,0,30,,14917,,,0,70,,14912,,,0,30,,14898,,,0,70,,14897,,,0,37,,14909,,,0,68,,14899,,,0,35,,14910,,,0,70,,14904,,,0,30,,14901,,,0,70,,14900,,,0,30,,14903,,,0,70,,14905,,,0,30,,14902,,,0,70,,14906,,,0,35,,14911,,,0
