1700,'4663',815,,56429,25,,,0
1700,'5372',815,,40938,25,,,0
1700,'5385',815,,56430,25,,,0
2600,'4332',655,,57276,33,,,0,71,,57277,33,,,0,30,,57278,33,,,0,58,,57279,33,,,0,17,,57280,33,,,0,18,,57281,33,,,0,58,,57282,33,,,0,18,,57283,33,,,0,17,,57284,33,,,0,58,,57285,33,,,0,17,,57286,33,,,0,17,,57287,33,,,0,17,,57288,33,,,0,58,,57289,33,,,0,18,,57290,33,,,0,17,,57275,33,,,0,59,,57291,33,,,0,19,,57292,33,,,0,17,,57293,33,,,0,17,,57294,33,,,0,57,,57295,33,,,0,17,,57296,33,,,0,17,,57297,33,,,0,57,,57298,33,,,0,18,,57299,33,,,0,16,,57300,33,,,0,16,,57301,33,,,0,58,,57302,33,,,0,17,,57303,33,,,0,18,,57304,33,,,0,57,,57305,33,,,0,16,,57306,33,,,0,15,,57307,33,,,0,14,,57308,33,,,0,55,,57309,33,,,0,16,,57310,33,,,0,16,,57311,33,,,0,16,,57312,33,,,0,56,,57313,33,,,0,17,,57314,33,,,0,17,,57315,33,,,0,60,,57316,33,,,0,19,,57317,33,,,0,20,,57318,33,,,0,59,,57319,33,,,0,20,,57320,33,,,0,19,,57321,33,,,0,20,,57322,33,,,0,59,,57323,33,,,0,20,,57324,33,,,0,65,,57325,33,,,0,29,,57326,33,,,0,70,,57327,33,,,0,30,,57328,33,,,0,69,,57329,33,,,0,30,,57330,33,,,0,69,,57331,33,,,0,101,,57332,33,,,0
2600,'4663',612,,57211,33,,,0,30,,57198,33,,,0,62,,57199,33,,,0,19,,57208,33,,,0,12,,57209,33,,,0,16,,57202,33,,,0,7,,57213,33,,,0,47,,57207,33,,,0,9,,57268,33,,,0,8,,57205,33,,,0,8,,57206,13,,,0,8,,57210,33,,,0,14,,57204,33,,,0,55,,57212,33,,,0,16,,57200,33,,,0,15,,57201,33,,,0,15,,57214,33,,,0,56,,57215,33,,,0,16,,57203,33,,,0,16,,57216,33,,,0,14,,57227,33,,,0,55,,57217,33,,,0,15,,57218,33,,,0,17,,57222,33,,,0,15,,57241,33,,,0,56,,57233,33,,,0,16,,57229,33,,,0,15,,57237,33,,,0,14,,57228,33,,,0,54,,57219,33,,,0,15,,57224,33,,,0,15,,57240,33,,,0,16,,57221,33,,,0,50,,57271,13,,,0,5,,57220,33,,,0,16,,57242,33,,,0,14,,57223,33,,,0,13,,57231,33,,,0,53,,57225,33,,,0,7,,57272,13,,,0,5,,57226,33,,,0,14,,57230,33,,,0,15,,57270,33,,,0,52,,57235,33,,,0,10,,57239,33,,,0,11,,57236,33,,,0,13,,57232,33,,,0,14,,57234,33,,,0,51,,57238,33,,,0,10,,57247,33,,,0,11,,57244,33,,,0,11,,57245,33,,,0,13,,57246,33,,,0,13,,57269,33,,,0,55,,57243,33,,,0,12,,57264,33,,,0,15,,57265,33,,,0,15,,57248,33,,,0,55,,57253,33,,,0,14,,57256,33,,,0,15,,57259,33,,,0,19,,57250,33,,,0,60,,57260,33,,,0,20,,57251,33,,,0,20,,57252,33,,,0,60,,57249,33,,,0,19,,57263,33,,,0,63,,57257,33,,,0,31,,57254,33,,,0,68,,57262,33,,,0,30,,57267,33,,,0,28,,57266,33,,,0,70,,57261,33,,,0,30,,57255,33,,,0,100,,57258,33,,,0
2600,'5078',718,,57349,33,,,0,27,,57357,33,,,0,61,,57339,33,,,0,23,,57333,33,,,0,24,,57351,33,,,0,61,,57358,33,,,0,27,,57340,33,,,0,64,,57334,33,,,0,20,,57352,33,,,0,24,,57343,33,,,0,60,,57335,33,,,0,18,,57341,33,,,0,18,,57337,33,,,0,60,,57350,33,,,0,19,,57338,33,,,0,20,,57355,33,,,0,58,,57336,33,,,0,18,,57353,33,,,0,19,,57345,33,,,0,18,,57348,33,,,0,60,,57346,33,,,0,18,,57356,33,,,0,17,,57342,33,,,0,58,,57354,33,,,0,18,,57344,33,,,0,17,,57347,33,,,0,58,,57363,33,,,0,18,,57367,33,,,0,16,,57360,33,,,0,18,,57369,33,,,0,58,,57362,33,,,0,18,,57365,33,,,0,17,,57361,33,,,0,56,,57370,33,,,0,16,,57359,33,,,0,20,,57368,33,,,0,19,,57364,33,,,0,58,,57366,33,,,0,19,,57374,33,,,0,20,,57372,33,,,0,59,,57376,33,,,0,20,,57373,33,,,0,19,,57375,33,,,0,60,,57377,33,,,0,20,,57371,33,,,0,70,,57379,33,,,0,28,,57378,33,,,0,70,,57380,33,,,0,30,,57381,33,,,0
2600,'5372',612,,41867,33,,,0,30,,41854,33,,,0,62,,41855,33,,,0,19,,41864,33,,,0,12,,41865,33,,,0,16,,41858,33,,,0,7,,41869,33,,,0,47,,41863,33,,,0,9,,41922,33,,,0,8,,41861,33,,,0,8,,41862,13,,,0,8,,50147,33,,,0,14,,41860,33,,,0,55,,41868,33,,,0,16,,41856,33,,,0,15,,41857,33,,,0,15,,41870,33,,,0,56,,41871,33,,,0,16,,41859,33,,,0,16,,41872,33,,,0,14,,41883,33,,,0,55,,41873,33,,,0,15,,41874,33,,,0,17,,41878,33,,,0,15,,50149,33,,,0,56,,41889,33,,,0,16,,41885,33,,,0,15,,41893,33,,,0,14,,41884,33,,,0,54,,41875,33,,,0,15,,41880,33,,,0,15,,41896,33,,,0,16,,41877,33,,,0,50,,41925,13,,,0,5,,51667,33,,,0,16,,41898,33,,,0,14,,41879,33,,,0,13,,41887,33,,,0,53,,41881,33,,,0,7,,41926,13,,,0,5,,41882,33,,,0,14,,41886,33,,,0,15,,41924,33,,,0,52,,41891,33,,,0,10,,41895,33,,,0,11,,50148,33,,,0,13,,41888,33,,,0,14,,41890,33,,,0,51,,41894,33,,,0,10,,41903,33,,,0,11,,41900,33,,,0,11,,41901,33,,,0,13,,41902,33,,,0,13,,41923,33,,,0,55,,41899,33,,,0,12,,41918,33,,,0,15,,41919,33,,,0,15,,41904,33,,,0,55,,41909,33,,,0,14,,41912,33,,,0,15,,41914,33,,,0,19,,41906,33,,,0,60,,41915,33,,,0,20,,41907,33,,,0,20,,50150,33,,,0,60,,41905,33,,,0,82,,41913,33,,,0,31,,50151,33,,,0,68,,41917,33,,,0,30,,41921,33,,,0,28,,41920,33,,,0,70,,41916,33,,,0,30,,41911,33,,,0
2600,'5373',2138,,57273,33,,,0
2600,'5385',612,,57395,33,,,0,30,,57382,33,,,0,62,,57383,33,,,0,19,,57392,33,,,0,12,,57393,33,,,0,16,,57386,33,,,0,7,,57397,33,,,0,47,,57391,33,,,0,9,,57450,33,,,0,8,,57389,33,,,0,8,,57390,13,,,0,8,,57394,33,,,0,14,,57388,33,,,0,55,,57396,33,,,0,16,,57384,33,,,0,15,,57385,33,,,0,15,,57398,33,,,0,56,,57399,33,,,0,16,,57387,33,,,0,16,,57400,33,,,0,14,,57411,33,,,0,55,,57401,33,,,0,15,,57402,33,,,0,17,,57406,33,,,0,15,,57425,33,,,0,56,,57417,33,,,0,16,,57413,33,,,0,15,,57421,33,,,0,14,,57412,33,,,0,54,,57403,33,,,0,15,,57408,33,,,0,15,,57424,33,,,0,16,,57405,33,,,0,50,,57453,13,,,0,5,,57404,33,,,0,16,,57426,33,,,0,14,,57407,33,,,0,13,,57415,33,,,0,53,,57409,33,,,0,7,,57454,13,,,0,5,,57410,33,,,0,14,,57414,33,,,0,15,,57452,33,,,0,52,,57419,33,,,0,10,,57423,33,,,0,11,,57420,33,,,0,13,,57416,33,,,0,14,,57418,33,,,0,51,,57422,33,,,0,10,,57431,33,,,0,11,,57428,33,,,0,11,,57429,33,,,0,13,,57430,33,,,0,13,,57451,33,,,0,55,,57427,33,,,0,12,,57446,33,,,0,15,,57447,33,,,0,15,,57432,33,,,0,55,,57437,33,,,0,14,,57440,33,,,0,15,,57442,33,,,0,19,,57434,33,,,0,60,,57443,33,,,0,20,,57435,33,,,0,20,,57436,33,,,0,60,,57433,33,,,0,82,,57441,33,,,0,31,,57438,33,,,0,68,,57445,33,,,0,30,,57449,33,,,0,28,,57448,33,,,0,70,,57444,33,,,0,30,,57439,33,,,0
2600,'5387',2138,,57455,33,,,0
2600,'5388',2138,,57456,33,,,0
4000,'4332',731,,59451,28,,,0,173,,59452,28,,,0,100,,59442,28,,,0,101,,59445,28,,,0,100,,59447,28,,,0,101,,59453,28,,,0,101,,59443,28,,,0,101,,59444,28,,,0,100,,59448,28,,,0,100,,59454,28,,,0,98,,59446,28,,,0,98,,59450,28,,,0,100,,59449,28,,,0,53,,59455,28,,,0
4000,'4663',652,,59436,28,,,0,85,,59427,28,,,0,66,,59432,28,,,0,31,,59437,28,,,0,107,,59425,28,,,0,98,,59434,28,,,0,100,,59428,28,,,0,100,,59435,28,,,0,100,,59426,28,,,0,100,,59438,28,,,0,104,,59430,28,,,0,75,,59423,28,,,0,36,,59439,28,,,0,64,,59424,28,,,0,33,,59429,28,,,0,97,,59440,28,,,0,99,,59431,28,,,0,169,,59433,28,,,0,343,,59441,28,,,0
4000,'5078',828,,59457,28,,,0,176,,59456,28,,,0,101,,59458,28,,,0,100,,59459,28,,,0,101,,59460,28,,,0,101,,59461,28,,,0,101,,59464,28,,,0,100,,59463,28,,,0,100,,59462,28,,,0,98,,59465,28,,,0,98,,59466,28,,,0,99,,59467,28,,,0
4000,'5372',652,,44460,28,,,0,85,,44451,28,,,0,66,,44456,28,,,0,31,,44461,28,,,0,107,,44449,28,,,0,98,,44458,28,,,0,100,,44452,28,,,0,100,,44459,28,,,0,100,,44450,28,,,0,100,,44462,28,,,0,104,,44454,28,,,0,75,,44447,28,,,0,36,,44463,28,,,0,64,,44448,28,,,0,33,,44453,28,,,0,97,,44464,28,,,0,99,,44455,28,,,0,169,,44457,28,,,0,343,,44465,28,,,0
4000,'5385',652,,59481,28,,,0,85,,59472,28,,,0,66,,59477,28,,,0,31,,59482,28,,,0,107,,59470,28,,,0,98,,59479,28,,,0,100,,59473,28,,,0,100,,59480,28,,,0,100,,59471,28,,,0,100,,59483,28,,,0,104,,59475,28,,,0,75,,59468,28,,,0,36,,59484,28,,,0,64,,59469,28,,,0,33,,59474,28,,,0,97,,59485,28,,,0,99,,59476,28,,,0,169,,59478,28,,,0,343,,59486,28,,,0
