2401,'4332',713,,57024,40,,,0,108,,57023,40,,,0,105,,57025,40,,,0,100,,57021,40,,,0,103,,57018,40,,,0,98,,57019,40,,,0,95,,57020,40,,,0,101,,57027,40,,,0,98,,57022,40,,,0,102,,57026,40,,,0,104,,57028,40,,,0,127,,57029,40,,,0,164,,57030,40,,,0,130,,57031,40,,,0,170,,57032,40,,,0,118,,57033,40,,,0
2401,'4661',523,,57056,40,,,0,93,,57052,40,,,0,90,,57045,40,,,0,45,,57048,40,,,0,74,,57053,40,,,0,97,,57050,40,,,0,105,,57047,40,,,0,100,,57046,40,,,0,101,,57055,40,,,0,100,,57051,40,,,0,112,,57049,40,,,0,103,,57054,40,,,0,91,,57057,40,,,0,87,,57059,40,,,0,35,,57058,40,,,0,89,,57060,40,,,0,85,,57061,40,,,0,102,,57062,40,,,0,115,,57063,40,,,0,168,,57064,40,,,0,120,,57065,40,,,0
2401,'4663',523,,57008,40,,,0,93,,57004,40,,,0,90,,56997,40,,,0,45,,57000,40,,,0,74,,57005,40,,,0,97,,57002,40,,,0,105,,56999,40,,,0,100,,56998,40,,,0,101,,57007,40,,,0,100,,57003,40,,,0,112,,57001,40,,,0,103,,57006,40,,,0,91,,57009,40,,,0,87,,57011,40,,,0,35,,57010,40,,,0,89,,57012,40,,,0,85,,57013,40,,,0,102,,57014,40,,,0,115,,57015,40,,,0,168,,57016,40,,,0,120,,57017,40,,,0
2401,'5078',820,,57034,40,,,0,130,,57035,40,,,0,174,,57036,40,,,0,127,,57037,40,,,0,172,,57038,40,,,0,132,,57039,40,,,0,169,,57040,40,,,0,128,,57041,40,,,0,169,,57042,40,,,0,125,,57043,40,,,0,168,,57044,40,,,0
2501,'4332',753,,57155,57,,,0,101,,57152,57,,,0,146,,57154,57,,,0,103,,57153,57,,,0,99,,57161,57,,,0,55,,57158,57,,,0,100,,57157,57,,,0,99,,57156,57,,,0,100,,57159,57,,,0,101,,57160,57,,,0,158,,57162,57,,,0,127,,57163,57,,,0,165,,57164,57,,,0,129,,57165,57,,,0,169,,57166,57,,,0
2501,'4661',650,,57182,57,,,0,81,,57185,57,,,0,81,,57179,57,0,6 7,0,39,,57178,57,,,0,150,,57188,57,,,0,101,,57184,57,,,0,101,,57181,57,,,0,100,,57180,57,,,0,100,,57183,57,,,0,115,,57187,57,,,0,94,,57186,57,,,0,132,,57189,57,,,0,83,,57190,57,,,0,83,,57191,57,,,0,92,,57192,57,,,0,103,,57193,57,,,0,130,,57194,57,,,0,169,,57195,57,,,0
2501,'4663',650,,57137,57,,,0,81,,57140,57,,,0,81,,57134,57,0,6 7,0,39,,57133,57,,,0,150,,57143,57,,,0,101,,57139,57,,,0,101,,57136,57,,,0,100,,57135,57,,,0,100,,57138,57,,,0,115,,57142,57,,,0,94,,57141,57,,,0,95,,57144,57,,,0,37,,57145,57,,,0,83,,57146,57,,,0,83,,57147,57,,,0,92,,57148,57,,,0,103,,57149,57,,,0,130,,57150,57,,,0,169,,57151,57,,,0
2501,'4682',1707,,57197,57,,,0
2501,'5078',909,,57168,57,,,0,132,,57167,57,,,0,170,,57169,57,,,0,131,,57170,57,,,0,172,,57171,57,,,0,131,,57172,57,,,0,167,,57173,57,,,0,129,,57174,57,,,0,169,,57175,57,,,0,124,,57176,57,,,0,169,,57177,57,,,0
2501,'5387',1707,,57196,57,,,0
4000,'4332',715,,59451,9,,,0,131,,59452,9,,,0,100,,59442,9,,,0,100,,59445,9,,,0,100,,59447,9,,,0,100,,59453,9,,,0,101,,59443,9,,,0,100,,59444,9,,,0,100,,59448,9,,,0,100,,59454,9,,,0,99,,59446,9,,,0,99,,59450,9,,,0,100,,59449,9,,,0,95,,59455,9,,,0
4000,'4661',636,,59481,9,,,0,84,,59472,9,,,0,21,,59477,9,,,0,67,,59482,9,,,0,113,,59470,9,,,0,99,,59479,9,,,0,100,,59473,9,,,0,99,,59480,9,,,0,100,,59471,9,,,0,97,,59483,9,,,0,100,,59475,9,,,0,38,,59468,9,,,0,74,,59484,9,,,0,29,,59469,9,,,0,74,,59474,9,,,0,98,,59485,9,,,0,99,,59476,9,,,0,130,,59478,9,,,0,385,,59486,9,,,0
4000,'4663',636,,59436,9,,,0,84,,59427,9,,,0,21,,59432,9,,,0,67,,59437,9,,,0,113,,59425,9,,,0,99,,59434,9,,,0,100,,59428,9,,,0,99,,59435,9,,,0,100,,59426,9,,,0,97,,59438,9,,,0,100,,59430,9,,,0,38,,59423,9,,,0,74,,59439,9,,,0,29,,59424,9,,,0,74,,59429,9,,,0,98,,59440,9,,,0,99,,59431,9,,,0,130,,59433,9,,,0,385,,59441,9,,,0
4000,'5078',811,,59457,9,,,0,135,,59456,9,,,0,100,,59458,9,,,0,100,,59459,9,,,0,100,,59460,9,,,0,101,,59461,9,,,0,100,,59464,9,,,0,100,,59463,9,,,0,100,,59462,9,,,0,99,,59465,9,,,0,99,,59466,9,,,0,100,,59467,9,,,0
4601,'4661',700,,59599,9,,,0,107,,59600,9,,,0,126,,59601,9,,,0,93,,59606,9,,,0,381,,59602,9,,,0,121,,59604,9,,,0,31,,59605,9,,,0,79,,59610,9,,,0,85,,59608,9,,,0,28,,59607,9,,,0,89,,59609,9,,,0
4601,'4663',700,,59587,9,,,0,107,,59588,9,,,0,126,,59589,9,,,0,93,,59594,9,,,0,381,,59590,9,,,0,121,,59592,9,,,0,31,,59593,9,,,0,79,,59598,9,,,0,85,,59596,9,,,0,28,,59595,9,,,0,89,,59597,9,,,0
