6000,'4487',726,,28079,,,0,100,,28080,,,0,102,,28078,,,0,101,,28077,,,0,107,,28076,,,0,105,,28075,,,0,105,,28074,,,0,106,,28073,,,0,106,,28071,,,0,142,,28072,,,0,102,,28067,,,0,103,,28068,,,0,105,,28069,,,0,120,,28070,,,0
6000,'4743',726,,13643,,,0,100,,13644,,,0,102,,13642,,,0,101,,13641,,,0,107,,13640,,,0,105,,13639,,,0,105,,13638,,,0,106,,13637,,,0,106,,13635,,,0,142,,13636,,,0,102,,13631,,,0,103,,13632,,,0,105,,13633,,,0,120,,13634,,,0
6000,'4744',654,,28087,,,0,73,,28082,,,0,31,,28090,,,0,146,,28084,,,0,101,,28083,,,0,101,,28085,,,0,98,,28086,,,0,103,,28088,,,0,102,,28089,,,0,111,,28091,,,0,31,,28099,,,0,71,,28081,,,0,80,,28097,,,0,41,,28092,,,0,82,,28093,,,0,80,,28096,,,0,103,,28094,,,0,104,,28095,,,0,113,,28098,,,0
6000,'4745',827,,28100,,,0,102,,28101,,,0,101,,28103,,,0,107,,28102,,,0,105,,28107,,,0,105,,28106,,,0,105,,28105,,,0,104,,28104,,,0,102,,28110,,,0,142,,28111,,,0,104,,28112,,,0,105,,28109,,,0,120,,28108,,,0
6000,'4935',654,,8145,,,0,73,,8140,,,0,31,,8148,,,0,146,,8142,,,0,101,,8141,,,0,101,,8143,,,0,98,,8144,,,0,103,,8146,,,0,102,,8147,,,0,111,,8149,,,0,31,,8157,,,0,71,,8139,,,0,80,,8155,,,0,41,,8150,,,0,82,,8151,,,0,80,,8154,,,0,103,,8152,,,0,104,,8153,,,0,113,,8156,,,0
6000,'4941',654,,8164,,,0,73,,8159,,,0,31,,8167,,,0,146,,8161,,,0,101,,8160,,,0,101,,8162,,,0,98,,8163,,,0,103,,8165,,,0,102,,8166,,,0,44,,8171,,,0,67,,8168,,,0,102,,8158,,,0,80,,8175,,,0,41,,8169,,,0,82,,8170,,,0,80,,8174,,,0,103,,8172,,,0,104,,8173,,,0,113,,8176,,,0
6000,'4943',726,,8189,,,0,100,,8190,,,0,102,,8188,,,0,101,,8187,,,0,107,,8186,,,0,105,,8185,,,0,105,,8184,,,0,106,,8183,,,0,106,,8181,,,0,142,,8182,,,0,102,,8177,,,0,103,,8178,,,0,105,,8179,,,0,120,,8180,,,0
6000,'4945',827,,8191,,,0,102,,8192,,,0,101,,8194,,,0,107,,8193,,,0,105,,8198,,,0,105,,8197,,,0,105,,8196,,,0,104,,8195,,,0,102,,8201,,,0,142,,8202,,,0,104,,8203,,,0,105,,8200,,,0,120,,8199,,,0
6000,'4947',654,,28119,,,0,73,,28114,,,0,31,,28122,,,0,146,,28116,,,0,101,,28115,,,0,101,,28117,,,0,98,,28118,,,0,103,,28120,,,0,102,,28121,,,0,111,,28123,,,0,31,,28131,,,0,71,,28113,,,0,80,,28129,,,0,41,,28124,,,0,82,,28125,,,0,80,,28128,,,0,103,,28126,,,0,104,,28127,,,0,113,,28130,,,0
6000,'4952',654,,28138,,,0,73,,28133,,,0,31,,28141,,,0,146,,28135,,,0,101,,28134,,,0,101,,28136,,,0,98,,28137,,,0,103,,28139,,,0,102,,28140,,,0,44,,28145,,,0,67,,28142,,,0,102,,28132,,,0,80,,28149,,,0,41,,28143,,,0,82,,28144,,,0,80,,28148,,,0,103,,28146,,,0,104,,28147,,,0,113,,28150,,,0
6000,'4953',726,,28163,,,0,100,,28164,,,0,102,,28162,,,0,101,,28161,,,0,107,,28160,,,0,105,,28159,,,0,105,,28158,,,0,106,,28157,,,0,106,,28155,,,0,142,,28156,,,0,102,,28151,,,0,103,,28152,,,0,105,,28153,,,0,120,,28154,,,0
6000,'4954',827,,28165,,,0,102,,28166,,,0,101,,28168,,,0,107,,28167,,,0,105,,28172,,,0,105,,28171,,,0,105,,28170,,,0,104,,28169,,,0,102,,28175,,,0,142,,28176,,,0,104,,28177,,,0,105,,28174,,,0,120,,28173,,,0
