1401,'4858',613,,3045,,,0,26,,3051,,,0,63,,3063,,,0,16,,3046,,,0,13,,3070,,,0,12,,3052,,,0,14,,3088,,,0,53,,3061,,,0,14,,3047,,,0,15,,3071,,,0,14,,3053,,,0,53,,3105,,,0,13,,3106,,,0,12,,3062,,,0,13,,3054,,,0,13,,3072,,,0,53,,3048,,,0,13,,3086,,,0,14,,3056,,,0,13,,3049,,,0,53,,3050,,,0,13,,3101,,,0,14,,3102,,,0,14,,3059,,,0,15,,3057,,,0,53,,3069,,,0,14,,3058,,,0,13,,3087,,,0,14,,3055,,,0,54,,3060,,,0,13,,3104,,,0,13,,3103,,,0,12,,3066,,,0,13,,3121,,,0,52,,3068,,,0,12,,3129,,,0,21,,3134,,,0,3,,3067,,,0,12,,3122,,,0,45,,3085,,,0,13,,3065,,,0,13,,3131,,,0,12,,3064,,,0,5,,3124,,,0,13,,3079,,,0,57,,3091,,,0,15,,3078,,,0,18,,3115,,,0,55,,3080,,,0,16,,3081,,,0,15,,3082,,,0,15,,3083,,,0,54,,3084,,,0,14,,3093,,,0,14,,3092,,,0,11,,3098,,,0,15,,3099,,,0,54,,3120,,,0,13,,3100,,,0,15,,3094,,,0,15,,3096,,,0,55,,3097,,,0,15,,3095,,,0,17,,3108,,,0,59,,3114,,,0,20,,3113,,,0,19,,3109,,,0,60,,3112,,,0,20,,3111,,,0,23,,3110,,,0,71,,3117,,,0,31,,3119,,,0,67,,3118,,,0,30,,3116,,,0
1401,'4860',1434,,3135,,,0
1401,'4865',1434,,3136,,,0
1401,'4867',613,,3137,,,0,26,,3143,,,0,63,,3155,,,0,16,,3138,,,0,13,,3163,,,0,12,,3144,,,0,14,,3181,,,0,53,,3153,,,0,14,,3139,,,0,15,,3164,,,0,14,,3145,,,0,53,,3198,,,0,13,,3199,,,0,12,,3154,,,0,13,,3146,,,0,13,,3165,,,0,53,,3140,,,0,13,,3179,,,0,14,,3148,,,0,13,,3141,,,0,53,,3142,,,0,13,,3194,,,0,14,,3195,,,0,14,,3151,,,0,15,,3149,,,0,53,,3162,,,0,14,,3150,,,0,13,,3180,,,0,14,,3147,,,0,54,,3152,,,0,13,,3197,,,0,13,,3196,,,0,12,,3158,,,0,13,,3214,,,0,52,,3161,,,0,12,,3224,,,0,12,,3159,,,0,12,,3160,,,0,12,,3215,,,0,45,,3178,,,0,13,,3157,,,0,13,,3226,,,0,12,,3156,,,0,5,,3217,,,0,13,,3172,,,0,57,,3184,,,0,15,,3171,,,0,18,,3208,,,0,55,,3173,,,0,16,,3174,,,0,15,,3175,,,0,15,,3176,,,0,54,,3177,,,0,14,,3186,,,0,14,,3185,,,0,11,,3191,,,0,15,,3192,,,0,54,,3213,,,0,13,,3193,,,0,15,,3187,,,0,15,,3189,,,0,55,,3190,,,0,15,,3188,,,0,17,,3201,,,0,59,,3207,,,0,20,,3206,,,0,19,,3202,,,0,60,,3205,,,0,20,,3204,,,0,23,,3203,,,0,71,,3210,,,0,31,,3212,,,0,67,,3211,,,0,30,,3209,,,0,70,,3222,,,0,30,,3223,,,0
1401,'4868',627,,3271,,,0,30,,3270,,,0,66,,3236,,,0,21,,3239,,,0,57,,3272,,,0,15,,3273,,,0,15,,3238,,,0,15,,3232,,,0,55,,3274,,,0,15,,3231,,,0,16,,3240,,,0,15,,3237,,,0,55,,3276,,,0,14,,3275,,,0,14,,3241,,,0,16,,3230,,,0,54,,3280,,,0,15,,3229,,,0,15,,3247,,,0,16,,3248,,,0,55,,3281,,,0,14,,3233,,,0,15,,3278,,,0,15,,3243,,,0,55,,3244,,,0,15,,3279,,,0,15,,3242,,,0,14,,3245,,,0,56,,3246,,,0,15,,3277,,,0,15,,3249,,,0,15,,3257,,,0,55,,3235,,,0,15,,3234,,,0,15,,3255,,,0,15,,3263,,,0,55,,3259,,,0,15,,3260,,,0,15,,3262,,,0,15,,3256,,,0,55,,3251,,,0,15,,3261,,,0,15,,3258,,,0,15,,3264,,,0,55,,3252,,,0,15,,3265,,,0,15,,3254,,,0,15,,3253,,,0,55,,3269,,,0,14,,3266,,,0,15,,3267,,,0,15,,3250,,,0,59,,3268,,,0,20,,3285,,,0,20,,3283,,,0,60,,3282,,,0,20,,3284,,,0,20,,3286,,,0,59,,3290,,,0,20,,3289,,,0,20,,3288,,,0,68,,3287,,,0,29,,3291,,,0,70,,3292,,,0,31,,3293,,,0,70,,3294,,,0,30,,3295,,,0
1401,'4869',657,,3352,,,0,65,,3339,,,0,26,,3338,,,0,57,,3322,,,0,15,,3356,,,0,15,,3329,,,0,15,,3354,,,0,55,,3345,,,0,16,,3355,,,0,14,,3313,,,0,15,,3344,,,0,55,,3310,,,0,16,,3314,,,0,15,,3323,,,0,15,,3347,,,0,56,,3301,,,0,15,,3331,,,0,15,,3302,,,0,15,,3332,,,0,54,,3303,,,0,15,,3315,,,0,17,,3324,,,0,15,,3348,,,0,56,,3298,,,0,15,,3333,,,0,16,,3300,,,0,15,,3330,,,0,55,,3299,,,0,15,,3316,,,0,15,,3296,,,0,15,,3325,,,0,55,,3346,,,0,15,,3306,,,0,15,,3334,,,0,15,,3305,,,0,54,,3336,,,0,15,,3304,,,0,15,,3317,,,0,15,,3297,,,0,55,,3326,,,0,15,,3349,,,0,15,,3307,,,0,15,,3335,,,0,55,,3308,,,0,15,,3337,,,0,15,,3312,,,0,15,,3321,,,0,55,,3311,,,0,16,,3328,,,0,17,,3351,,,0,60,,3341,,,0,18,,3343,,,0,20,,3309,,,0,60,,3320,,,0,20,,3327,,,0,21,,3353,,,0,70,,3342,,,0,29,,3319,,,0,70,,3318,,,0,31,,3350,,,0,69,,3340,,,0
2501,'4858',817,,4643,4,,0
2501,'4867',817,,4663,4,,0
4601,'4858',703,,7114,,,0,108,,7115,,,0,125,,7116,,,0,93,,7121,,,0,382,,7117,,,0,125,,7119,,,0,70,,7120,,,0,40,,7125,,,0,81,,7123,,,0,27,,7122,,,0,89,,7124,,,0
4601,'4867',703,,7126,,,0,108,,7127,,,0,125,,7128,,,0,93,,7133,,,0,382,,7129,,,0,125,,7131,,,0,70,,7132,,,0,40,,7137,,,0,81,,7135,,,0,27,,7134,,,0,89,,7136,,,0
