3001,'4532',641,,71623,18,,,0,87,,71624,18,,,0,80,,71625,18,,,0,32,,71622,18,,,0,71,,71626,18,,,0,32,,71627,18,,,0,71,,71628,18,,,0,29,,71629,18,,,0,70,,71630,18,,,0,29,,71631,18,,,0,70,,71632,18,,,0,29,,71633,18,,,0,68,,71634,18,,,0,30,,71635,18,,,0,70,,71636,18,,,0,30,,71637,18,,,0,70,,71638,18,,,0,30,,71639,18,,,0,71,,71640,18,,,0,30,,71641,18,,,0,70,,71642,18,,,0,31,,71643,18,,,0,75,,71644,18,,,0,40,,71645,18,,,0,82,,71646,18,,,0,82,,71647,18,,,0,95,,71648,18,,,0,100,,71649,18,,,0,111,,71650,18,,,0,93,,71651,18,,,0
3001,'4623',613,,71560,18,,,0,31,,71561,18,,,0,73,,71562,18,,,0,27,,71563,18,,,0,70,,71564,18,,,0,33,,71565,18,,,0,68,,71566,18,,,0,29,,71567,18,,,0,69,,71568,18,,,0,31,,71569,18,,,0,70,,71570,18,,,0,30,,71571,18,,,0,72,,71572,18,,,0,30,,71573,18,,,0,70,,71574,18,,,0,32,,71575,18,,,0,70,,71576,18,,,0,30,,71577,18,,,0,73,,71578,18,,,0,32,,71579,18,,,0,72,,71580,18,,,0,33,,71581,18,,,0,74,,71582,18,,,0,68,,71583,18,,,0,28,,71584,18,,,0,77,,71585,18,,,0,39,,71586,18,,,0,79,,71587,18,,,0,94,,71588,18,,,0,99,,71589,18,,,0,108,,71590,18,,,0,92,,71591,18,,,0
3001,'4832',742,,71684,18,,,0,102,,71685,18,,,0,80,,71686,18,,,0,80,,71687,18,,,0,38,,71688,18,,,0,70,,71689,18,,,0,30,,71690,18,,,0,70,,71691,18,,,0,28,,71692,18,,,0,70,,71693,18,,,0,30,,71694,18,,,0,70,,71695,18,,,0,30,,71696,18,,,0,70,,71697,18,,,0,31,,71698,18,,,0,69,,71699,18,,,0,31,,71700,18,,,0,70,,71701,18,,,0,32,,71702,18,,,0,76,,71703,18,,,0,81,,71704,18,,,0,40,,71705,18,,,0,81,,71706,18,,,0,95,,71707,18,,,0,100,,71708,18,,,0,107,,71709,18,,,0,106,,71710,18,,,0
3001,'5222',613,,71652,18,,,0,31,,71653,18,,,0,73,,71654,18,,,0,27,,71655,18,,,0,70,,71656,18,,,0,33,,71657,18,,,0,68,,71658,18,,,0,29,,71659,18,,,0,69,,71660,18,,,0,31,,71661,18,,,0,70,,71662,18,,,0,30,,71663,18,,,0,72,,71664,18,,,0,30,,71665,18,,,0,70,,71666,18,,,0,32,,71667,18,,,0,70,,71668,18,,,0,30,,71669,18,,,0,73,,71670,18,,,0,32,,71671,18,,,0,72,,71672,18,,,0,33,,71673,18,,,0,74,,71674,18,,,0,68,,71675,18,,,0,28,,71676,18,,,0,77,,71677,18,,,0,39,,71678,18,,,0,79,,71679,18,,,0,94,,71680,18,,,0,99,,71681,18,,,0,108,,71682,18,,,0,92,,71683,18,,,0
3001,'5390',742,,71711,18,,,0,102,,71712,18,,,0,80,,71713,18,,,0,80,,71714,18,,,0,38,,71715,18,,,0,70,,71716,18,,,0,30,,71717,18,,,0,70,,71718,18,,,0,28,,71719,18,,,0,70,,71720,18,,,0,30,,71721,18,,,0,70,,71722,18,,,0,30,,71723,18,,,0,70,,71724,18,,,0,31,,71725,18,,,0,69,,71726,18,,,0,31,,71727,18,,,0,70,,71728,18,,,0,32,,71729,18,,,0,76,,71730,18,,,0,81,,71731,18,,,0,40,,71732,18,,,0,81,,71733,18,,,0,95,,71734,18,,,0,100,,71735,18,,,0,107,,71736,18,,,0,106,,71737,18,,,0
3101,'4532',703,,71981,14,,,0,46,,71982,14,,,0,76,,71983,14,,,0,31,,71984,14,,,0,71,,71985,14,,,0,32,,71986,14,,,0,69,,71987,14,,,0,30,,71988,14,,,0,69,,71989,14,,,0,30,,71990,14,,,0,69,,71991,14,,,0,28,,71992,14,,,0,70,,71993,14,,,0,30,,71994,14,,,0,70,,71995,14,,,0,30,,71996,14,,,0,70,,71997,14,,,0,31,,71998,14,,,0,70,,71999,14,,,0,30,,72000,14,,,0,71,,72001,14,,,0,30,,72002,14,,,0,80,,72003,14,,,0,83,,72004,14,,,0,40,,72005,14,,,0,87,,72006,14,,,0,100,,72007,14,,,0,101,,72008,14,,,0,110,,72009,14,,,0,97,,72010,14,0,27 49,0
3101,'4623',554,,71919,14,,,0,76,,71920,14,,,0,72,,71921,14,,,0,28,,71922,14,,,0,70,,71918,14,,,0,29,,71923,14,,,0,71,,71924,14,,,0,29,,71925,14,,,0,29,,71926,14,,,0,70,,71927,14,,,0,29,,71928,14,,,0,72,,71929,14,,,0,71,,71930,14,,,0,31,,71931,14,,,0,70,,71932,14,,,0,31,,71933,14,,,0,71,,71934,14,,,0,29,,71935,14,,,0,72,,71936,14,,,0,33,,71937,14,,,0,71,,71938,14,,,0,35,,71939,14,,,0,72,,71940,14,,,0,30,,71941,14,,,0,70,,71942,14,,,0,30,,71943,14,,,0,82,,71944,14,,,0,74,,71945,14,,,0,47,,71946,14,,,0,100,,71947,14,,,0,99,,71948,14,,,0,101,,71949,14,,,0,106,,71950,14,0,27 49,0
3101,'4832',713,,72045,14,,,0,101,,72046,14,,,0,91,,72047,14,,,0,39,,72048,14,,,0,78,,72044,14,,,0,35,,72049,14,,,0,70,,72050,14,,,0,30,,72051,14,,,0,68,,72052,14,,,0,30,,72053,14,,,0,70,,72054,14,,,0,30,,72055,14,,,0,70,,72056,14,,,0,30,,72057,14,,,0,70,,72058,14,,,0,30,,72059,14,,,0,70,,72060,14,,,0,31,,72061,14,,,0,71,,72062,14,,,0,73,,72063,14,,,0,40,,72064,14,,,0,81,,72065,14,,,0,81,,72066,14,,,0,47,,72067,14,,,0,98,,72068,14,,,0,100,,72069,14,,,0,106,,72070,14,,,0
3101,'5222',554,,72012,14,,,0,76,,72013,14,,,0,72,,72014,14,,,0,28,,72015,14,,,0,70,,72011,14,,,0,29,,72016,14,,,0,71,,72017,14,,,0,29,,72018,14,,,0,29,,72019,14,,,0,70,,72020,14,,,0,29,,72021,14,,,0,72,,72022,14,,,0,71,,72023,14,,,0,31,,72024,14,,,0,70,,72025,14,,,0,31,,72026,14,,,0,71,,72027,14,,,0,29,,72028,14,,,0,72,,72029,14,,,0,33,,72030,14,,,0,71,,72031,14,,,0,35,,72032,14,,,0,72,,72033,14,,,0,30,,72034,14,,,0,70,,72035,14,,,0,30,,72036,14,,,0,82,,72037,14,,,0,74,,72038,14,,,0,47,,72039,14,,,0,100,,72040,14,,,0,99,,72041,14,,,0,101,,72042,14,,,0,106,,72043,14,0,27 49,0
3101,'5390',713,,72072,14,,,0,101,,72073,14,,,0,91,,72074,14,,,0,39,,72075,14,,,0,78,,72071,14,,,0,35,,72076,14,,,0,70,,72077,14,,,0,30,,72078,14,,,0,68,,72079,14,,,0,30,,72080,14,,,0,70,,72081,14,,,0,30,,72082,14,,,0,70,,72083,14,,,0,30,,72084,14,,,0,70,,72085,14,,,0,30,,72086,14,,,0,70,,72087,14,,,0,31,,72088,14,,,0,71,,72089,14,,,0,73,,72090,14,,,0,40,,72091,14,,,0,81,,72092,14,,,0,81,,72093,14,,,0,47,,72094,14,,,0,98,,72095,14,,,0,100,,72096,14,,,0,106,,72097,14,,,0
