901,'4661',1728,,54738,45,,,0,79,,54736,45,,,0
901,'4663',1728,,54735,45,,,0,79,,54733,45,,,0
2100,'4661',641,,56541,30,0,50 51 52,0,70,,56526,30,0,50 51 52,0,18,,56543,30,0,50 51 52,0,17,,56528,30,0,50 51 52,0,59,,56545,30,0,50 51 52,0,15,,56524,30,0,50 51 52,0,15,,56539,30,0,50 51 52,0,14,,56527,30,0,50 51 52,0,58,,56554,30,0,50 51 52,0,18,,56525,30,0,50 51 52,0,18,,56535,30,0,50 51 52,0,65,,56546,30,0,50 51 52,0,26,,56561,30,0,50 51 52,0,70,,56559,30,0,50 51 52,0,102,,56537,30,0,50 51 52,0,31,,56562,30,0,50 51 52,0,70,,56556,30,0,50 51 52,0,31,,56557,30,0,50 51 52,0,71,,56560,30,0,50 51 52,0,31,,56536,30,0,50 51 52,0,71,,56540,30,0,50 51 52,0,22,,56531,30,0,50 51 52,0,19,,56547,30,0,50 51 52,0,60,,56529,30,0,50 51 52,0,20,,56542,30,0,50 51 52,0,75,,56544,30,0,50 51 52,0,17,,56530,30,0,50 51 52,0,17,,56534,30,0,50 51 52,0
2100,'4663',641,,56450,30,0,50 51 52,0,70,,56435,30,0,50 51 52,0,18,,56452,30,0,50 51 52,0,17,,56437,30,0,50 51 52,0,59,,56454,30,0,50 51 52,0,15,,56433,30,0,50 51 52,0,15,,56448,30,0,50 51 52,0,14,,56436,30,0,50 51 52,0,58,,56463,30,0,50 51 52,0,18,,56434,30,0,50 51 52,0,18,,56444,30,0,50 51 52,0,65,,56455,30,0,50 51 52,0,26,,56470,30,0,50 51 52,0,70,,56468,30,0,50 51 52,0,102,,56446,30,0,50 51 52,0,31,,56471,30,0,50 51 52,0,70,,56465,30,0,50 51 52,0,31,,56466,30,0,50 51 52,0,71,,56469,30,0,50 51 52,0,31,,56445,30,0,50 51 52,0,71,,56449,30,0,50 51 52,0,22,,56440,30,0,50 51 52,0,19,,56456,30,0,50 51 52,0,60,,56438,30,0,50 51 52,0,20,,56451,30,0,50 51 52,0,75,,56453,30,0,50 51 52,0,17,,56439,30,0,50 51 52,0,17,,56443,30,0,50 51 52,0
3800,'4661',639,,59187,38,,,0,78,,59188,38,,,0,18,,59189,38,,,0,15,,59192,38,,,0,63,,59190,38,,,0,28,,59191,38,,,0,73,,59207,38,,,0,27,,59193,38,,,0,99,,59194,38,,,0,101,,59195,38,,,0,103,,59196,38,,,0,101,,59197,38,,,0,99,,59198,38,,,0,81,,59208,38,,,0,32,,59199,38,,,0,70,,59200,38,,,0,73,,59201,38,,,0,28,,59202,38,,,0,31,,59203,38,,,0,80,,59205,38,,,0,102,,59204,38,,,0,102,,59206,38,,,0
3800,'4663',639,,59162,38,,,0,78,,59163,38,,,0,18,,59164,38,,,0,15,,59167,38,,,0,63,,59165,38,,,0,28,,59166,38,,,0,73,,59182,38,,,0,27,,59168,38,,,0,99,,59169,38,,,0,101,,59170,38,,,0,103,,59171,38,,,0,101,,59172,38,,,0,99,,59173,38,,,0,81,,59183,38,,,0,32,,59174,38,,,0,70,,59175,38,,,0,73,,59176,38,,,0,28,,59177,38,,,0,31,,59178,38,,,0,80,,59180,38,,,0,102,,59179,38,,,0,102,,59181,38,,,0
3900,'4661',637,,59308,2,,,0,76,,59309,2,,,0,32,,59315,2,,,0,13,,59311,2,,,0,54,,59310,2,,,0,31,,59313,2,,,0,77,,59314,2,,,0,26,,59318,2,,,0,70,,59316,2,,,0,29,,59317,2,,,0,70,,59319,2,,,0,31,,59320,2,,,0,71,,59322,2,,,0,30,,59321,2,,,0,71,,59323,2,,,0,30,,59324,2,,,0,73,,59326,2,,,0,31,,59325,2,,,0,77,,59327,2,,,0,72,,59329,2,,,0,31,,59328,2,,,0,70,,59330,2,,,0,29,,59331,2,,,0,73,,59332,2,,,0,39,,59336,2,,,0,77,,59333,2,,,0,83,,59334,2,,,0,107,,59335,2,,,0
3900,'4663',637,,59254,2,,,0,76,,59255,2,,,0,32,,59261,2,,,0,13,,59257,2,,,0,54,,59256,2,,,0,31,,59259,2,,,0,77,,59260,2,,,0,26,,59264,2,,,0,70,,59262,2,,,0,29,,59263,2,,,0,70,,59265,2,,,0,31,,59266,2,,,0,71,,59268,2,,,0,30,,59267,2,,,0,71,,59269,2,,,0,30,,59270,2,,,0,73,,59272,2,,,0,31,,59271,2,,,0,77,,59273,2,,,0,72,,59275,2,,,0,31,,59274,2,,,0,70,,59276,2,,,0,29,,59277,2,,,0,73,,59278,2,,,0,39,,59282,2,,,0,77,,59279,2,,,0,83,,59280,2,,,0,107,,59281,2,,,0
8301,'4332',1018,,61902,58,,,0,300,,61900,58,,,0,305,,61901,58,,,0,298,,61899,58,,,0
8301,'4661',741,,61907,58,,,0,93,,61908,58,,,0,208,,61909,58,,,0,181,,61910,58,,,0,195,,61911,58,,,0,213,,61912,58,,,0,210,,61913,58,,,0,198,,61914,58,,,0
8301,'4663',741,,61891,58,,,0,93,,61892,58,,,0,208,,61893,58,,,0,181,,61894,58,,,0,195,,61895,58,,,0,213,,61896,58,,,0,210,,61897,58,,,0,198,,61898,58,,,0
8301,'5078',1016,,61905,58,,,0,300,,61906,58,,,0,304,,61904,58,,,0,299,,61903,58,,,0
