5301,'4487',803,,27061,,,0,201,,27062,,,0,214,,27060,,,0,210,,27057,,,0,210,,27058,,,0,210,,27059,,,0,201,,27056,,,0
5301,'4743',803,,13511,,,0,201,,13512,,,0,214,,13510,,,0,210,,13507,,,0,210,,13508,,,0,210,,13509,,,0,201,,13506,,,0
5301,'4744',816,,27065,,,0,114,,27063,,,0,200,,27064,,,0,122,,27068,,,0,173,,27067,,,0,193,,27069,,,0,100,,27066,,,0,130,,27070,,,0,167,,27071,,,0,129,,27072,,,0
5301,'4745',803,,27076,,,0,201,,27073,,,0,213,,27074,,,0,211,,27077,,,0,209,,27075,,,0,210,,27078,,,0,202,,27079,,,0
5301,'4935',816,,7548,,,0,114,,7546,,,0,200,,7547,,,0,122,,7551,,,0,173,,7550,,,0,193,,7552,,,0,100,,7549,,,0,130,,7553,,,0,167,,7554,,,0,129,,7555,,,0
5301,'4941',816,,7558,,,0,114,,7556,,,0,200,,7557,,,0,122,,7561,,,0,173,,7560,,,0,193,,7562,,,0,100,,7559,,,0,130,,7563,,,0,167,,7564,,,0,129,,7565,,,0
5301,'4943',803,,7571,,,0,201,,7572,,,0,214,,7570,,,0,210,,7567,,,0,210,,7568,,,0,210,,7569,,,0,201,,7566,,,0
5301,'4945',803,,7576,,,0,201,,7573,,,0,213,,7574,,,0,211,,7577,,,0,209,,7575,,,0,210,,7578,,,0,202,,7579,,,0
5301,'4947',816,,27082,,,0,114,,27080,,,0,200,,27081,,,0,122,,27085,,,0,173,,27084,,,0,193,,27086,,,0,100,,27083,,,0,130,,27087,,,0,167,,27088,,,0,129,,27089,,,0
5301,'4952',816,,27092,,,0,114,,27090,,,0,200,,27091,,,0,122,,27095,,,0,173,,27094,,,0,193,,27096,,,0,100,,27093,,,0,130,,27097,,,0,167,,27098,,,0,129,,27099,,,0
5301,'4953',803,,27105,,,0,201,,27106,,,0,214,,27104,,,0,210,,27101,,,0,210,,27102,,,0,210,,27103,,,0,201,,27100,,,0
5301,'4954',803,,27110,,,0,201,,27107,,,0,213,,27108,,,0,211,,27111,,,0,209,,27109,,,0,210,,27112,,,0,202,,27113,,,0
